0.100000	0.000000	2366718.916205
0.110000	0.000000	2759980.643508
0.120000	0.000000	1255802.563560
0.130000	0.000000	1695335.917127
0.140000	0.000000	688108.172696
0.150000	0.000000	272199.815190
0.160000	0.000000	231302.007738
0.170000	0.000000	206414.694291
0.180000	0.000000	231115.391590
0.190000	0.000000	227678.190737
0.200000	0.000000	195861.890336
0.210000	0.000000	203497.100713
0.220000	0.000000	178334.372087
0.230000	0.000000	209172.705594
0.240000	0.000000	226989.149261
0.250000	0.000000	178886.556618
0.260000	0.000000	248890.217039
0.270000	0.000000	122400.596253
0.280000	0.000000	196546.667208
0.290000	0.000000	125455.161079
0.300000	0.000000	135513.292233
0.310000	0.000000	101866.940148
0.320000	0.000000	93732.437437
0.330000	0.000000	103832.031101
0.340000	0.000000	92676.648614
0.350000	0.000000	79090.565711
0.360000	0.000000	110121.942855
0.370000	0.000000	122768.991995
0.380000	0.000000	69656.319886
0.390000	0.000000	76784.340511
0.400000	0.000000	63942.860304
0.410000	0.000000	57293.280316
0.420000	0.000000	61473.915088
0.430000	0.000000	60907.002220
0.440000	0.000000	49453.810649
0.450000	0.000000	51683.684284
0.460000	0.000000	44950.351897
0.470000	0.000000	44786.344205
0.480000	0.000000	41125.212605
0.490000	0.000000	68714.090814
0.500000	0.000000	55301.374891
0.510000	0.000000	34967.482614
0.520000	0.000000	37138.162426
0.530000	0.000000	37371.842840
0.540000	0.000000	32287.409568
0.550000	0.000000	33786.521150
0.560000	0.000000	43027.834958
0.570000	0.000000	46864.731282
0.580000	0.000000	32504.264981
0.590000	0.000000	32389.403897
0.600000	0.000000	26216.680184
0.610000	0.000000	27969.050358
0.620000	0.000000	33708.986128
0.630000	0.000000	28297.898140
0.640000	0.000000	25374.682393
0.650000	0.000000	300897.062397
0.660000	0.000000	175564.591413
0.670000	0.000000	36299.640769
0.680000	0.000000	27740.180213
0.690000	0.000000	86485.486926
0.700000	0.000000	110129.844609
0.710000	0.000000	274214.150325
0.720000	0.000000	582439.136931
0.730000	0.000000	95022.469625
0.740000	0.000000	305535.287338
0.750000	0.000000	54286.178526
0.760000	0.000000	232770.707763
0.770000	0.000000	484840.148339
0.780000	0.000000	184751.960099
0.790000	0.000000	169549.129415
0.800000	0.000000	253663.095750
0.810000	0.000000	209932.876920
0.820000	0.000000	521856.311169
0.830000	0.000000	324249.594561
0.840000	0.000000	201618.586090
0.850000	0.000000	280366.930065
0.860000	0.000000	412736.888618
0.870000	0.000000	403645.233241
0.880000	0.000000	153202.673365
0.890000	0.000000	179553.841754
0.900000	0.000000	247769.170462
0.910000	0.000000	360012.782523
0.920000	0.000000	200776.543003
0.930000	0.000000	85396.057656
0.940000	0.000000	92330.344723
0.950000	0.000000	130249.679352
0.960000	0.000000	175385.841174
0.970000	0.000000	73713.267973
0.980000	0.000000	52978.342162
0.990000	0.000000	83417.972231
1.000000	0.000000	119236.762714
1.010000	0.000000	183603.057781
1.020000	0.000000	127030.748552
1.030000	0.000000	25096.152406
1.040000	0.000000	29521.291903
1.050000	0.000000	32180.959038
1.060000	0.000000	28847.626495
1.070000	0.000000	65705.810714
1.080000	0.000000	56421.863090
1.090000	0.000000	58551.705886
1.100000	0.000000	41860.344179
1.110000	0.000000	34785.328227
1.120000	0.000000	31973.936177
1.130000	0.000000	17376.422116
1.140000	0.000000	43809.456385
1.150000	0.000000	30511.463515
1.160000	0.000000	43068.740269
1.170000	0.000000	43694.698539
1.180000	0.000000	29625.291189
1.190000	0.000000	19883.392218
1.200000	0.000000	19927.946587
1.210000	0.000000	22213.602817
1.220000	0.000000	16048.809158
1.230000	0.000000	12573.014104
1.240000	0.000000	13161.467465
1.250000	0.000000	16133.235791
1.260000	0.000000	10234.646131
1.270000	0.000000	24392.818708
1.280000	0.000000	8224.651800
1.290000	0.000000	7610.118646
1.300000	0.000000	9908.075911
1.310000	0.000000	11194.172841
1.320000	0.000000	8303.241483
1.330000	0.000000	8286.430118
1.340000	0.000000	9766.530502
1.350000	0.000000	8162.428142
1.360000	0.000000	7032.643672
1.370000	0.000000	6881.558216
1.380000	0.000000	5046.835109
1.390000	0.000000	5041.139189
1.400000	0.000000	5564.187793
1.410000	0.000000	4422.680498
1.420000	0.000000	4743.686546
1.430000	0.000000	4610.062582
1.440000	0.000000	5308.939340
1.450000	0.000000	3738.082422
1.460000	0.000000	3776.268919
1.470000	0.000000	3446.291992
1.480000	0.000000	3579.159161
1.490000	0.000000	3409.648726
1.500000	0.000000	3179.091020
1.510000	0.000000	3102.483173
1.520000	0.000000	3124.588588
1.530000	0.000000	3052.090940
1.540000	0.000000	2889.947017
1.550000	0.000000	2784.272136
1.560000	0.000000	2727.019733
1.570000	0.000000	2732.383681
1.580000	0.000000	2628.673747
1.590000	0.000000	2565.751501
1.600000	0.000000	2617.000500
1.610000	0.000000	2560.036745
1.620000	0.000000	2416.295189
1.630000	0.000000	2351.546732
1.640000	0.000000	2304.075428
1.650000	0.000000	2324.928546
1.660000	0.000000	2243.346287
1.670000	0.000000	2171.046289
1.680000	0.000000	2128.591005
1.690000	0.000000	2084.232876
1.700000	0.000000	2041.695457
1.710000	0.000000	2001.876349
1.720000	0.000000	1958.719887
1.730000	0.000000	1920.792948
1.740000	0.000000	1883.707220
1.750000	0.000000	1853.671557
1.760000	0.000000	1806.696711
1.770000	0.000000	1770.039908
1.780000	0.000000	1732.302871
1.790000	0.000000	1698.781138
1.800000	0.000000	1670.099647
1.810000	0.000000	1634.202314
1.820000	0.000000	1601.972770
1.830000	0.000000	1571.061350
1.840000	0.000000	1540.318916
1.850000	0.000000	1509.749355
1.860000	0.000000	1479.336136
1.870000	0.000000	1450.508121
1.880000	0.000000	1423.671477
1.890000	0.000000	1397.284977
1.900000	0.000000	1371.244036
1.910000	0.000000	1345.185275
1.920000	0.000000	1319.270645
1.930000	0.000000	1293.756621
1.940000	0.000000	1269.091432
1.950000	0.000000	1243.956374
1.960000	0.000000	1219.934677
1.970000	0.000000	1195.967160
1.980000	0.000000	1172.140425
1.990000	0.000000	1148.615457
2.000000	0.000000	1125.736436
2.010000	0.000000	1103.468782
2.020000	0.000000	1081.677314
2.030000	0.000000	1060.758919
2.040000	0.000000	1040.539744
2.050000	0.000000	1020.624335
2.060000	0.000000	1001.870914
2.070000	0.000000	984.636645
2.080000	0.000000	966.950499
2.090000	0.000000	949.563430
2.100000	0.000000	932.420056
2.110000	0.000000	915.825081
2.120000	0.000000	1015.634082
2.130000	0.000000	942.912052
2.140000	0.000000	920.555890
2.150000	0.000000	997.204430
2.160000	0.000000	882.960575
2.170000	0.000000	816.837843
2.180000	0.000000	800.991970
2.190000	0.000000	785.207597
2.200000	0.000000	769.465377
2.210000	0.000000	753.913826
2.220000	0.000000	738.695874
2.230000	0.000000	723.840999
2.240000	0.000000	709.692075
2.250000	0.000000	696.795051
2.260000	0.000000	685.270565
2.270000	0.000000	675.687714
2.280000	0.000000	662.722934
2.290000	0.000000	651.738693
2.300000	0.000000	656.955247
2.310000	0.000000	630.392040
2.320000	0.000000	615.621699
2.330000	0.000000	604.873342
2.340000	0.000000	594.285409
2.350000	0.000000	583.718289
2.360000	0.000000	573.154653
2.370000	0.000000	562.593569
2.380000	0.000000	552.036504
2.390000	0.000000	541.509293
2.400000	0.000000	531.036048
2.410000	0.000000	520.576723
2.420000	0.000000	510.133484
2.430000	0.000000	499.791644
2.440000	0.000000	489.733328
2.450000	0.000000	479.853315
2.460000	0.000000	476.330511
2.470000	0.000000	464.759712
2.480000	0.000000	456.118077
2.490000	0.000000	448.335828
2.500000	0.000000	440.680210
2.510000	0.000000	445.441603
2.520000	0.000000	434.270660
2.530000	0.000000	418.257874
2.540000	0.000000	411.168628
2.550000	0.000000	404.100426
2.560000	0.000000	397.078819
2.570000	0.000000	390.588088
2.580000	0.000000	384.820808
2.590000	0.000000	376.439880
2.600000	0.000000	369.073437
2.610000	0.000000	361.921998
2.620000	0.000000	354.585055
2.630000	0.000000	348.581765
2.640000	0.000000	346.329929
2.650000	0.000000	335.374429
2.660000	0.000000	328.013204
2.670000	0.000000	322.098203
2.680000	0.000000	316.321387
2.690000	0.000000	311.220664
2.700000	0.000000	307.400370
2.710000	0.000000	302.308971
2.720000	0.000000	296.250220
2.730000	0.000000	292.731109
2.740000	0.000000	299.005772
2.750000	0.000000	323.486847
2.760000	0.000000	296.824061
2.770000	0.000000	305.619957
2.780000	0.000000	362.904287
2.790000	0.000000	265.088936
2.800000	0.000000	257.451190
2.810000	0.000000	252.735257
2.820000	0.000000	248.133859
2.830000	0.000000	243.495415
2.840000	0.000000	238.860001
2.850000	0.000000	234.253471
2.860000	0.000000	229.869456
2.870000	0.000000	225.936875
2.880000	0.000000	221.942674
2.890000	0.000000	217.681360
2.900000	0.000000	213.752452
2.910000	0.000000	209.935513
2.920000	0.000000	206.515208
2.930000	0.000000	203.242261
2.940000	0.000000	199.908656
2.950000	0.000000	196.832521
2.960000	0.000000	194.053136
2.970000	0.000000	189.959856
2.980000	0.000000	186.800142
2.990000	0.000000	183.628072
3.000000	0.000000	180.582434
3.010000	0.000000	177.387043
3.020000	0.000000	174.191640
3.030000	0.000000	172.771654
3.040000	0.000000	170.659012
3.050000	0.000000	166.148489
3.060000	0.000000	161.878133
3.070000	0.000000	160.590545
3.080000	0.000000	162.973726
3.090000	0.000000	218.766113
3.100000	0.000000	547.358389
3.110000	0.000000	231.669754
3.120000	0.000000	371.458502
3.130000	0.000000	740.659667
3.140000	0.000000	210.614451
3.150000	0.000000	137.480428
3.160000	0.000000	135.080352
3.170000	0.000000	133.026546
3.180000	0.000000	131.097723
3.190000	0.000000	128.924653
3.200000	0.000000	128.771119
3.210000	0.000000	127.081667
3.220000	0.000000	122.831212
3.230000	0.000000	120.487914
3.240000	0.000000	118.387625
3.250000	0.000000	116.390203
3.260000	0.000000	115.204581
3.270000	0.000000	117.751415
3.280000	0.000000	111.114850
3.290000	0.000000	108.571697
3.300000	0.000000	106.669401
3.310000	0.000000	105.922515
3.320000	0.000000	104.908973
3.330000	0.000000	101.424447
3.340000	0.000000	99.001499
3.350000	0.000000	98.192441
3.360000	0.000000	96.387070
3.370000	0.000000	93.960630
3.380000	0.000000	92.177715
3.390000	0.000000	90.710881
3.400000	0.000000	89.295559
3.410000	0.000000	87.967644
3.420000	0.000000	86.617141
3.430000	0.000000	85.999903
3.440000	0.000000	85.542514
3.450000	0.000000	82.666402
3.460000	0.000000	81.200910
3.470000	0.000000	89.717166
3.480000	0.000000	80.895065
3.490000	0.000000	80.713794
3.500000	0.000000	85.300734
3.510000	0.000000	78.454874
3.520000	0.000000	73.087614
3.530000	0.000000	71.584261
3.540000	0.000000	70.374754
3.550000	0.000000	69.319828
3.560000	0.000000	68.195700
3.570000	0.000000	67.045121
3.580000	0.000000	66.684860
3.590000	0.000000	65.853229
3.600000	0.000000	67.450982
3.610000	0.000000	91.825441
3.620000	0.000000	68.330357
3.630000	0.000000	60.452472
3.640000	0.000000	59.561833
3.650000	0.000000	58.288154
3.660000	0.000000	57.324698
3.670000	0.000000	57.756046
3.680000	0.000000	76.756343
3.690000	0.000000	67.360455
3.700000	0.000000	53.652448
3.710000	0.000000	52.709103
3.720000	0.000000	51.830811
3.730000	0.000000	51.034487
3.740000	0.000000	50.283400
3.750000	0.000000	49.479224
3.760000	0.000000	48.569180
3.770000	0.000000	48.653300
3.780000	0.000000	57.232400
3.790000	0.000000	51.992144
3.800000	0.000000	47.090467
3.810000	0.000000	45.712772
3.820000	0.000000	43.908477
3.830000	0.000000	43.424677
3.840000	0.000000	47.571653
3.850000	0.000000	88.501038
3.860000	0.000000	111.789619
3.870000	0.000000	90.673780
3.880000	0.000000	70.556109
3.890000	0.000000	93.827397
3.900000	0.000000	99.140436
3.910000	0.000000	37.587263
3.920000	0.000000	36.998375
3.930000	0.000000	36.500092
3.940000	0.000000	35.731970
3.950000	0.000000	35.203473
3.960000	0.000000	38.412531
3.970000	0.000000	34.242763
3.980000	0.000000	33.495136
3.990000	0.000000	32.955542
4.000000	0.000000	33.809217
4.010000	0.000000	32.451913
4.020000	0.000000	31.388665
4.030000	0.000000	31.447324
4.040000	0.000000	31.196921
4.050000	0.000000	30.528175
4.060000	0.000000	29.903163
4.070000	0.000000	29.153447
4.080000	0.000000	28.486792
4.090000	0.000000	27.755689
4.100000	0.000000	27.344545
4.110000	0.000000	26.932555
4.120000	0.000000	27.039533
4.130000	0.000000	26.112708
4.140000	0.000000	25.742392
4.150000	0.000000	25.290119
4.160000	0.000000	24.866912
4.170000	0.000000	24.461950
4.180000	0.000000	24.083136
4.190000	0.000000	23.716713
4.200000	0.000000	23.351168
4.210000	0.000000	22.986355
4.220000	0.000000	22.622418
4.230000	0.000000	22.368275
4.240000	0.000000	22.134855
4.250000	0.000000	21.605885
4.260000	0.000000	21.186614
4.270000	0.000000	20.852311
4.280000	0.000000	20.465779
4.290000	0.000000	20.098918
4.300000	0.000000	19.741833
4.310000	0.000000	19.413452
4.320000	0.000000	19.075019
4.330000	0.000000	18.971795
4.340000	0.000000	18.535782
4.350000	0.000000	18.149176
4.360000	0.000000	17.857092
4.370000	0.000000	17.561041
4.380000	0.000000	17.267602
4.390000	0.000000	16.990940
4.400000	0.000000	16.717218
4.410000	0.000000	16.456699
4.420000	0.000000	16.224016
4.430000	0.000000	16.015430
4.440000	0.000000	15.723171
4.450000	0.000000	15.483665
4.460000	0.000000	15.355890
4.470000	0.000000	15.094740
4.480000	0.000000	15.389701
4.490000	0.000000	14.662335
4.500000	0.000000	20.138865
4.510000	0.000000	17.231983
4.520000	0.000000	14.326581
4.530000	0.000000	13.673016
4.540000	0.000000	13.406386
4.550000	0.000000	13.092138
4.560000	0.000000	12.875903
4.570000	0.000000	13.986338
4.580000	0.000000	15.304139
4.590000	0.000000	12.233892
4.600000	0.000000	12.035897
4.610000	0.000000	11.845634
4.620000	0.000000	11.671449
4.630000	0.000000	11.457702
4.640000	0.000000	11.276374
4.650000	0.000000	11.139726
4.660000	0.000000	10.946132
4.670000	0.000000	10.776172
4.680000	0.000000	10.722711
4.690000	0.000000	10.678124
4.700000	0.000000	10.803558
4.710000	0.000000	11.438232
4.720000	0.000000	11.706158
4.730000	0.000000	11.073222
4.740000	0.000000	10.295089
4.750000	0.000000	9.790331
4.760000	0.000000	9.580146
4.770000	0.000000	9.159885
4.780000	0.000000	9.008539
4.790000	0.000000	8.860103
4.800000	0.000000	8.707627
4.810000	0.000000	8.645601
4.820000	0.000000	10.411649
4.830000	0.000000	8.934304
4.840000	0.000000	8.213992
4.850000	0.000000	8.166392
4.860000	0.000000	7.962503
4.870000	0.000000	7.745464
4.880000	0.000000	7.624639
4.890000	0.000000	7.513822
4.900000	0.000000	7.403933
4.910000	0.000000	7.294188
4.920000	0.000000	7.281711
4.930000	0.000000	7.396504
4.940000	0.000000	6.966731
4.950000	0.000000	6.857876
4.960000	0.000000	6.749375
4.970000	0.000000	6.635241
4.980000	0.000000	6.692448
4.990000	0.000000	6.444575
5.000000	0.000000	6.313350
5.010000	0.000000	6.208739
5.020000	0.000000	6.175886
5.030000	0.000000	6.045484
5.040000	0.000000	5.942173
5.050000	0.000000	5.857460
5.060000	0.000000	5.735845
5.070000	0.000000	5.634145
5.080000	0.000000	5.540805
5.090000	0.000000	5.431336
5.100000	0.000000	5.345829
5.110000	0.000000	5.256351
5.120000	0.000000	5.176969
5.130000	0.000000	5.110669
5.140000	0.000000	5.036778
5.150000	0.000000	4.969598
5.160000	0.000000	4.896118
5.170000	0.000000	4.817355
5.180000	0.000000	4.743414
5.190000	0.000000	4.670840
5.200000	0.000000	4.597383
5.210000	0.000000	4.522243
5.220000	0.000000	4.448554
5.230000	0.000000	4.376664
5.240000	0.000000	4.304499
5.250000	0.000000	4.233780
5.260000	0.000000	4.165098
5.270000	0.000000	4.097453
5.280000	0.000000	4.029875
5.290000	0.000000	3.963424
5.300000	0.000000	3.895804
5.310000	0.000000	3.828884
5.320000	0.000000	3.763553
5.330000	0.000000	3.700032
5.340000	0.000000	3.640543
5.350000	0.000000	3.582518
5.360000	0.000000	3.528300
5.370000	0.000000	3.475228
5.380000	0.000000	3.422685
5.390000	0.000000	3.372090
5.400000	0.000000	3.323039
5.410000	0.000000	3.274619
5.420000	0.000000	3.226954
5.430000	0.000000	3.179341
5.440000	0.000000	3.131833
5.450000	0.000000	3.086777
5.460000	0.000000	3.048783
5.470000	0.000000	2.993151
5.480000	0.000000	2.936098
5.490000	0.000000	2.949028
5.500000	0.000000	2.879829
5.510000	0.000000	2.806804
5.520000	0.000000	2.754082
5.530000	0.000000	2.737639
5.540000	0.000000	2.689953
5.550000	0.000000	2.622426
5.560000	0.000000	2.576454
5.570000	0.000000	2.560673
5.580000	0.000000	2.529652
5.590000	0.000000	2.445800
5.600000	0.000000	2.416771
5.610000	0.000000	2.412965
5.620000	0.000000	2.369332
5.630000	0.000000	2.393725
5.640000	0.000000	2.312922
5.650000	0.000000	2.254041
5.660000	0.000000	2.213036
5.670000	0.000000	2.197453
5.680000	0.000000	2.145152
5.690000	0.000000	2.100627
5.700000	0.000000	2.066624
5.710000	0.000000	2.034234
5.720000	0.000000	2.001842
5.730000	0.000000	1.969766
5.740000	0.000000	1.938190
5.750000	0.000000	1.911464
5.760000	0.000000	1.888660
5.770000	0.000000	1.853000
5.780000	0.000000	1.820035
5.790000	0.000000	1.788215
5.800000	0.000000	1.760143
5.810000	0.000000	1.726894
5.820000	0.000000	1.697611
5.830000	0.000000	1.668600
5.840000	0.000000	1.641400
5.850000	0.000000	1.617053
5.860000	0.000000	1.595220
5.870000	0.000000	1.571286
5.880000	0.000000	1.551249
5.890000	0.000000	1.527658
5.900000	0.000000	1.502212
5.910000	0.000000	1.481967
5.920000	0.000000	1.459653
5.930000	0.000000	1.436959
5.940000	0.000000	1.416091
5.950000	0.000000	1.397750
5.960000	0.000000	1.372964
5.970000	0.000000	1.348244
5.980000	0.000000	1.331549
5.990000	0.000000	1.311453
6.000000	0.000000	1.286682
6.010000	0.000000	1.264978
6.020000	0.000000	1.248461
6.030000	0.000000	1.229673
6.040000	0.000000	1.205889
6.050000	0.000000	1.184377
6.060000	0.000000	1.167846
6.070000	0.000000	1.148793
6.080000	0.000000	1.125870
6.090000	0.000000	1.107039
6.100000	0.000000	1.091650
6.110000	0.000000	1.078202
6.120000	0.000000	1.062277
6.130000	0.000000	1.045780
6.140000	0.000000	1.028036
6.150000	0.000000	1.012151
6.160000	0.000000	0.996448
6.170000	0.000000	0.982426
6.180000	0.000000	0.967071
6.190000	0.000000	0.952289
6.200000	0.000000	0.937839
6.210000	0.000000	0.923246
6.220000	0.000000	0.908866
6.230000	0.000000	0.894552
6.240000	0.000000	0.880464
6.250000	0.000000	0.867025
6.260000	0.000000	0.853671
6.270000	0.000000	0.840277
6.280000	0.000000	0.826993
6.290000	0.000000	0.813127
6.300000	0.000000	0.799355
6.310000	0.000000	0.785816
6.320000	0.000000	0.774162
6.330000	0.000000	0.762772
6.340000	0.000000	0.748510
6.350000	0.000000	0.736471
6.360000	0.000000	0.725613
6.370000	0.000000	0.715147
6.380000	0.000000	0.704839
6.390000	0.000000	0.695559
6.400000	0.000000	0.692989
6.410000	0.000000	0.872659
6.420000	0.000000	1.302616
6.430000	0.000000	1.384566
6.440000	0.000000	0.772486
6.450000	0.000000	1.020334
6.460000	0.000000	1.512258
6.470000	0.000000	1.335118
6.480000	0.000000	0.757328
6.490000	0.000000	2.733591
6.500000	0.000000	2.670887
6.510000	0.000000	1.152556
6.520000	0.000000	0.742346
6.530000	0.000000	1.228936
6.540000	0.000000	1.245642
6.550000	0.000000	0.830802
6.560000	0.000000	0.601248
6.570000	0.000000	0.839445
6.580000	0.000000	1.001227
6.590000	0.000000	0.680388
6.600000	0.000000	0.610728
6.610000	0.000000	0.682897
6.620000	0.000000	0.629724
6.630000	0.000000	0.512209
6.640000	0.000000	0.524667
6.650000	0.000000	0.564709
6.660000	0.000000	0.501386
6.670000	0.000000	0.492535
6.680000	0.000000	0.459505
6.690000	0.000000	0.449390
6.700000	0.000000	0.457441
6.710000	0.000000	0.439172
6.720000	0.000000	0.417892
6.730000	0.000000	0.409061
6.740000	0.000000	0.402794
6.750000	0.000000	0.396659
6.760000	0.000000	0.390595
6.770000	0.000000	0.384478
6.780000	0.000000	0.378399
6.790000	0.000000	0.372319
6.800000	0.000000	0.366249
6.810000	0.000000	0.360075
6.820000	0.000000	0.354032
6.830000	0.000000	0.348249
6.840000	0.000000	0.342868
6.850000	0.000000	0.337555
6.860000	0.000000	0.332304
6.870000	0.000000	0.327395
6.880000	0.000000	0.322666
6.890000	0.000000	0.317961
6.900000	0.000000	0.314185
6.910000	0.000000	0.309759
6.920000	0.000000	0.304034
6.930000	0.000000	0.299553
6.940000	0.000000	0.294869
6.950000	0.000000	0.290699
6.960000	0.000000	0.286035
6.970000	0.000000	0.281671
6.980000	0.000000	0.277161
6.990000	0.000000	0.272847
7.000000	0.000000	0.268772
7.010000	0.000000	0.264698
7.020000	0.000000	0.260784
7.030000	0.000000	0.256619
7.040000	0.000000	0.252498
7.050000	0.000000	0.248757
7.060000	0.000000	0.244767
7.070000	0.000000	0.240605
7.080000	0.000000	0.236626
7.090000	0.000000	0.232776
7.100000	0.000000	0.229273
7.110000	0.000000	0.225867
7.120000	0.000000	0.222283
7.130000	0.000000	0.218962
7.140000	0.000000	0.215826
7.150000	0.000000	0.212503
7.160000	0.000000	0.209409
7.170000	0.000000	0.206719
7.180000	0.000000	0.203770
7.190000	0.000000	0.211512
7.200000	0.000000	0.201575
7.210000	0.000000	0.194031
7.220000	0.000000	0.191115
7.230000	0.000000	0.188206
7.240000	0.000000	0.185347
7.250000	0.000000	0.182912
7.260000	0.000000	0.183020
7.270000	0.000000	0.183358
7.280000	0.000000	0.174840
7.290000	0.000000	0.171853
7.300000	0.000000	0.168958
7.310000	0.000000	0.166250
7.320000	0.000000	0.163346
7.330000	0.000000	0.160790
7.340000	0.000000	0.160073
7.350000	0.000000	0.159784
7.360000	0.000000	0.155166
7.370000	0.000000	0.151450
7.380000	0.000000	0.148832
7.390000	0.000000	0.146574
7.400000	0.000000	0.144448
7.410000	0.000000	0.142723
7.420000	0.000000	0.142276
7.430000	0.000000	0.141539
7.440000	0.000000	0.137727
7.450000	0.000000	0.134726
7.460000	0.000000	0.132549
7.470000	0.000000	0.130005
7.480000	0.000000	0.128132
7.490000	0.000000	0.129435
7.500000	0.000000	0.125639
7.510000	0.000000	0.127934
7.520000	0.000000	0.124326
7.530000	0.000000	0.121178
7.540000	0.000000	0.119768
7.550000	0.000000	0.117085
7.560000	0.000000	0.113787
7.570000	0.000000	0.111635
7.580000	0.000000	0.110137
7.590000	0.000000	0.108265
7.600000	0.000000	0.106271
7.610000	0.000000	0.104714
7.620000	0.000000	0.103817
7.630000	0.000000	0.103087
7.640000	0.000000	0.099931
7.650000	0.000000	0.098242
7.660000	0.000000	0.096773
7.670000	0.000000	0.095363
7.680000	0.000000	0.093996
7.690000	0.000000	0.092570
7.700000	0.000000	0.091153
7.710000	0.000000	0.089769
7.720000	0.000000	0.089301
7.730000	0.000000	0.087846
7.740000	0.000000	0.085874
7.750000	0.000000	0.084650
7.760000	0.000000	0.083650
7.770000	0.000000	0.083284
7.780000	0.000000	0.084055
7.790000	0.000000	0.084692
7.800000	0.000000	0.081511
7.810000	0.000000	0.077622
7.820000	0.000000	0.076770
7.830000	0.000000	0.075540
7.840000	0.000000	0.073521
7.850000	0.000000	0.072528
7.860000	0.000000	0.071263
7.870000	0.000000	0.070165
7.880000	0.000000	0.069059
7.890000	0.000000	0.067967
7.900000	0.000000	0.066920
7.910000	0.000000	0.065922
7.920000	0.000000	0.064974
7.930000	0.000000	0.064032
7.940000	0.000000	0.063093
7.950000	0.000000	0.062157
7.960000	0.000000	0.061244
7.970000	0.000000	0.060456
7.980000	0.000000	0.059343
7.990000	0.000000	0.058395
8.000000	0.000000	0.057514
8.010000	0.000000	0.056650
8.020000	0.000000	0.055822
8.030000	0.000000	0.055004
8.040000	0.000000	0.054188
8.050000	0.000000	0.053372
8.060000	0.000000	0.052556
8.070000	0.000000	0.051740
8.080000	0.000000	0.050926
8.090000	0.000000	0.050146
8.100000	0.000000	0.049369
8.110000	0.000000	0.048539
8.120000	0.000000	0.047826
8.130000	0.000000	0.047118
8.140000	0.000000	0.046410
8.150000	0.000000	0.045697
8.160000	0.000000	0.045401
8.170000	0.000000	0.044298
8.180000	0.000000	0.043700
8.190000	0.000000	0.043027
8.200000	0.000000	0.042383
8.210000	0.000000	0.041806
8.220000	0.000000	0.041152
8.230000	0.000000	0.040490
8.240000	0.000000	0.039863
8.250000	0.000000	0.039253
8.260000	0.000000	0.038664
8.270000	0.000000	0.038088
8.280000	0.000000	0.037536
8.290000	0.000000	0.037001
8.300000	0.000000	0.036440
8.310000	0.000000	0.035895
8.320000	0.000000	0.035337
8.330000	0.000000	0.034766
8.340000	0.000000	0.034378
8.350000	0.000000	0.033700
8.360000	0.000000	0.033165
8.370000	0.000000	0.032644
8.380000	0.000000	0.032157
8.390000	0.000000	0.031704
8.400000	0.000000	0.031231
8.410000	0.000000	0.030742
8.420000	0.000000	0.030319
8.430000	0.000000	0.029890
8.440000	0.000000	0.029361
8.450000	0.000000	0.028940
8.460000	0.000000	0.028520
8.470000	0.000000	0.028100
8.480000	0.000000	0.027685
8.490000	0.000000	0.027244
8.500000	0.000000	0.026816
8.510000	0.000000	0.026425
8.520000	0.000000	0.026026
8.530000	0.000000	0.025616
8.540000	0.000000	0.025239
8.550000	0.000000	0.024873
8.560000	0.000000	0.024507
8.570000	0.000000	0.024142
8.580000	0.000000	0.023778
8.590000	0.000000	0.023416
8.600000	0.000000	0.023056
8.610000	0.000000	0.022693
8.620000	0.000000	0.022323
8.630000	0.000000	0.021985
8.640000	0.000000	0.021664
8.650000	0.000000	0.021348
8.660000	0.000000	0.021014
8.670000	0.000000	0.020691
8.680000	0.000000	0.020376
8.690000	0.000000	0.020064
8.700000	0.000000	0.019764
8.710000	0.000000	0.019486
8.720000	0.000000	0.019199
8.730000	0.000000	0.018914
8.740000	0.000000	0.018632
8.750000	0.000000	0.018350
8.760000	0.000000	0.018069
8.770000	0.000000	0.017789
8.780000	0.000000	0.017514
8.790000	0.000000	0.017253
8.800000	0.000000	0.017004
8.810000	0.000000	0.016759
8.820000	0.000000	0.016517
8.830000	0.000000	0.016256
8.840000	0.000000	0.016008
8.850000	0.000000	0.015763
8.860000	0.000000	0.015519
8.870000	0.000000	0.015274
8.880000	0.000000	0.015036
8.890000	0.000000	0.014810
8.900000	0.000000	0.014594
8.910000	0.000000	0.014381
8.920000	0.000000	0.014169
8.930000	0.000000	0.013957
8.940000	0.000000	0.013746
8.950000	0.000000	0.013533
8.960000	0.000000	0.013325
8.970000	0.000000	0.013131
8.980000	0.000000	0.012943
8.990000	0.000000	0.012752
9.000000	0.000000	0.012553
9.010000	0.000000	0.012365
9.020000	0.000000	0.012176
9.030000	0.000000	0.011988
9.040000	0.000000	0.011802
9.050000	0.000000	0.011623
9.060000	0.000000	0.011455
9.070000	0.000000	0.011290
9.080000	0.000000	0.011126
9.090000	0.000000	0.010963
9.100000	0.000000	0.010799
9.110000	0.000000	0.010635
9.120000	0.000000	0.010472
9.130000	0.000000	0.010308
9.140000	0.000000	0.010147
9.150000	0.000000	0.009996
9.160000	0.000000	0.009846
9.170000	0.000000	0.009697
9.180000	0.000000	0.009555
9.190000	0.000000	0.009413
9.200000	0.000000	0.009271
9.210000	0.000000	0.009129
9.220000	0.000000	0.008988
9.230000	0.000000	0.008854
9.240000	0.000000	0.008726
9.250000	0.000000	0.008600
9.260000	0.000000	0.008474
9.270000	0.000000	0.008348
9.280000	0.000000	0.008222
9.290000	0.000000	0.008096
9.300000	0.000000	0.007970
9.310000	0.000000	0.007846
9.320000	0.000000	0.007730
9.330000	0.000000	0.007616
9.340000	0.000000	0.007503
9.350000	0.000000	0.007394
9.360000	0.000000	0.007284
9.370000	0.000000	0.007175
9.380000	0.000000	0.007065
9.390000	0.000000	0.006956
9.400000	0.000000	0.006849
9.410000	0.000000	0.006747
9.420000	0.000000	0.006648
9.430000	0.000000	0.006551
9.440000	0.000000	0.006456
9.450000	0.000000	0.006361
9.460000	0.000000	0.006265
9.470000	0.000000	0.006170
9.480000	0.000000	0.006076
9.490000	0.000000	0.005981
9.500000	0.000000	0.005889
9.510000	0.000000	0.005804
9.520000	0.000000	0.005719
9.530000	0.000000	0.005635
9.540000	0.000000	0.005551
9.550000	0.000000	0.005466
9.560000	0.000000	0.005382
9.570000	0.000000	0.005298
9.580000	0.000000	0.005218
9.590000	0.000000	0.005142
9.600000	0.000000	0.005069
9.610000	0.000000	0.004996
9.620000	0.000000	0.004922
9.630000	0.000000	0.004849
9.640000	0.000000	0.004776
9.650000	0.000000	0.004702
9.660000	0.000000	0.004630
9.670000	0.000000	0.004557
9.680000	0.000000	0.004490
9.690000	0.000000	0.004425
9.700000	0.000000	0.004361
9.710000	0.000000	0.004297
9.720000	0.000000	0.004233
9.730000	0.000000	0.004170
9.740000	0.000000	0.004106
9.750000	0.000000	0.004043
9.760000	0.000000	0.003981
9.770000	0.000000	0.003924
9.780000	0.000000	0.003867
9.790000	0.000000	0.003811
9.800000	0.000000	0.003754
9.810000	0.000000	0.003698
9.820000	0.000000	0.003641
9.830000	0.000000	0.003584
9.840000	0.000000	0.003526
9.850000	0.000000	0.003473
9.860000	0.000000	0.003424
9.870000	0.000000	0.003375
9.880000	0.000000	0.003326
9.890000	0.000000	0.003277
9.900000	0.000000	0.003227
9.910000	0.000000	0.003178
9.920000	0.000000	0.003130
9.930000	0.000000	0.003083
9.940000	0.000000	0.003039
9.950000	0.000000	0.002994
9.960000	0.000000	0.002951
9.970000	0.000000	0.002908
9.980000	0.000000	0.002865
9.990000	0.000000	0.002823
10.000000	0.000000	0.002779
10.010000	0.000000	0.002735
10.020000	0.000000	0.002692
10.030000	0.000000	0.002652
10.040000	0.000000	0.002614
10.050000	0.000000	0.002576
10.060000	0.000000	0.002538
10.070000	0.000000	0.002501
10.080000	0.000000	0.002463
10.090000	0.000000	0.002425
10.100000	0.000000	0.002388
10.110000	0.000000	0.002351
10.120000	0.000000	0.002317
10.130000	0.000000	0.002283
10.140000	0.000000	0.002251
10.150000	0.000000	0.002218
10.160000	0.000000	0.002185
10.170000	0.000000	0.002151
10.180000	0.000000	0.002117
10.190000	0.000000	0.002086
10.200000	0.000000	0.002056
10.210000	0.000000	0.002026
10.220000	0.000000	0.001996
10.230000	0.000000	0.001967
10.240000	0.000000	0.001939
10.250000	0.000000	0.001910
10.260000	0.000000	0.001882
10.270000	0.000000	0.001853
10.280000	0.000000	0.001825
10.290000	0.000000	0.001797
10.300000	0.000000	0.001770
10.310000	0.000000	0.001744
10.320000	0.000000	0.001719
10.330000	0.000000	0.001694
10.340000	0.000000	0.001667
10.350000	0.000000	0.001641
10.360000	0.000000	0.001616
10.370000	0.000000	0.001591
10.380000	0.000000	0.001568
10.390000	0.000000	0.001545
10.400000	0.000000	0.001522
10.410000	0.000000	0.001501
10.420000	0.000000	0.001479
10.430000	0.000000	0.001457
10.440000	0.000000	0.001435
10.450000	0.000000	0.001413
10.460000	0.000000	0.001393
10.470000	0.000000	0.001373
10.480000	0.000000	0.001353
10.490000	0.000000	0.001333
10.500000	0.000000	0.001314
10.510000	0.000000	0.001294
10.520000	0.000000	0.001274
10.530000	0.000000	0.001255
10.540000	0.000000	0.001236
10.550000	0.000000	0.001217
10.560000	0.000000	0.001198
10.570000	0.000000	0.001181
10.580000	0.000000	0.001164
10.590000	0.000000	0.001147
10.600000	0.000000	0.001130
10.610000	0.000000	0.001113
10.620000	0.000000	0.001096
10.630000	0.000000	0.001079
10.640000	0.000000	0.001063
10.650000	0.000000	0.001047
10.660000	0.000000	0.001032
10.670000	0.000000	0.001017
10.680000	0.000000	0.001001
10.690000	0.000000	0.000986
10.700000	0.000000	0.000972
10.710000	0.000000	0.000957
10.720000	0.000000	0.000943
10.730000	0.000000	0.000930
10.740000	0.000000	0.000917
10.750000	0.000000	0.000903
10.760000	0.000000	0.000890
10.770000	0.000000	0.000877
10.780000	0.000000	0.000864
10.790000	0.000000	0.000852
10.800000	0.000000	0.000839
10.810000	0.000000	0.000826
10.820000	0.000000	0.000813
10.830000	0.000000	0.000801
10.840000	0.000000	0.000789
10.850000	0.000000	0.000777
10.860000	0.000000	0.000766
10.870000	0.000000	0.000754
10.880000	0.000000	0.000743
10.890000	0.000000	0.000732
10.900000	0.000000	0.000721
10.910000	0.000000	0.000710
10.920000	0.000000	0.000699
10.930000	0.000000	0.000689
10.940000	0.000000	0.000679
10.950000	0.000000	0.000669
10.960000	0.000000	0.000659
10.970000	0.000000	0.000650
10.980000	0.000000	0.000640
10.990000	0.000000	0.000631
11.000000	0.000000	0.000622
11.010000	0.000000	0.000613
11.020000	0.000000	0.000604
11.030000	0.000000	0.000595
11.040000	0.000000	0.000587
11.050000	0.000000	0.000578
11.060000	0.000000	0.000569
11.070000	0.000000	0.000561
11.080000	0.000000	0.000552
11.090000	0.000000	0.000544
11.100000	0.000000	0.000535
11.110000	0.000000	0.000527
11.120000	0.000000	0.000520
11.130000	0.000000	0.000512
11.140000	0.000000	0.000505
11.150000	0.000000	0.000497
11.160000	0.000000	0.000489
11.170000	0.000000	0.000482
11.180000	0.000000	0.000474
11.190000	0.000000	0.000467
11.200000	0.000000	0.000460
11.210000	0.000000	0.000454
11.220000	0.000000	0.000447
11.230000	0.000000	0.000441
11.240000	0.000000	0.000434
11.250000	0.000000	0.000428
11.260000	0.000000	0.000422
11.270000	0.000000	0.000416
11.280000	0.000000	0.000410
11.290000	0.000000	0.000404
11.300000	0.000000	0.000398
11.310000	0.000000	0.000393
11.320000	0.000000	0.000387
11.330000	0.000000	0.000381
11.340000	0.000000	0.000375
11.350000	0.000000	0.000369
11.360000	0.000000	0.000363
11.370000	0.000000	0.000358
11.380000	0.000000	0.000353
11.390000	0.000000	0.000348
11.400000	0.000000	0.000342
11.410000	0.000000	0.000337
11.420000	0.000000	0.000332
11.430000	0.000000	0.000327
11.440000	0.000000	0.000322
11.450000	0.000000	0.000318
11.460000	0.000000	0.000313
11.470000	0.000000	0.000308
11.480000	0.000000	0.000304
11.490000	0.000000	0.000299
11.500000	0.000000	0.000295
11.510000	0.000000	0.000291
11.520000	0.000000	0.000286
11.530000	0.000000	0.000282
11.540000	0.000000	0.000278
11.550000	0.000000	0.000274
11.560000	0.000000	0.000270
11.570000	0.000000	0.000266
11.580000	0.000000	0.000263
11.590000	0.000000	0.000259
11.600000	0.000000	0.000255
11.610000	0.000000	0.000251
11.620000	0.000000	0.000247
11.630000	0.000000	0.000243
11.640000	0.000000	0.000240
11.650000	0.000000	0.000236
11.660000	0.000000	0.000233
11.670000	0.000000	0.000229
11.680000	0.000000	0.000226
11.690000	0.000000	0.000222
11.700000	0.000000	0.000219
11.710000	0.000000	0.000216
11.720000	0.000000	0.000213
11.730000	0.000000	0.000209
11.740000	0.000000	0.000206
11.750000	0.000000	0.000203
11.760000	0.000000	0.000200
11.770000	0.000000	0.000197
11.780000	0.000000	0.000195
11.790000	0.000000	0.000192
11.800000	0.000000	0.000189
11.810000	0.000000	0.000187
11.820000	0.000000	0.000184
11.830000	0.000000	0.000181
11.840000	0.000000	0.000179
11.850000	0.000000	0.000176
11.860000	0.000000	0.000173
11.870000	0.000000	0.000171
11.880000	0.000000	0.000168
11.890000	0.000000	0.000166
11.900000	0.000000	0.000163
11.910000	0.000000	0.000160
11.920000	0.000000	0.000158
11.930000	0.000000	0.000156
11.940000	0.000000	0.000154
11.950000	0.000000	0.000151
11.960000	0.000000	0.000149
11.970000	0.000000	0.000147
11.980000	0.000000	0.000145
11.990000	0.000000	0.000142
12.000000	0.000000	0.000140
12.010000	0.000000	0.000138
12.020000	0.000000	0.000136
12.030000	0.000000	0.000134
12.040000	0.000000	0.000132
12.050000	0.000000	0.000130
12.060000	0.000000	0.000129
12.070000	0.000000	0.000127
12.080000	0.000000	0.000125
12.090000	0.000000	0.000123
12.100000	0.000000	0.000121
12.110000	0.000000	0.000120
12.120000	0.000000	0.000118
12.130000	0.000000	0.000116
12.140000	0.000000	0.000114
12.150000	0.000000	0.000113
12.160000	0.000000	0.000111
12.170000	0.000000	0.000109
12.180000	0.000000	0.000108
12.190000	0.000000	0.000106
12.200000	0.000000	0.000104
12.210000	0.000000	0.000103
12.220000	0.000000	0.000101
12.230000	0.000000	0.000100
12.240000	0.000000	0.000098
12.250000	0.000000	0.000097
12.260000	0.000000	0.000095
12.270000	0.000000	0.000094
12.280000	0.000000	0.000093
12.290000	0.000000	0.000091
12.300000	0.000000	0.000090
12.310000	0.000000	0.000089
12.320000	0.000000	0.000087
12.330000	0.000000	0.000086
12.340000	0.000000	0.000085
12.350000	0.000000	0.000084
12.360000	0.000000	0.000083
12.370000	0.000000	0.000081
12.380000	0.000000	0.000080
12.390000	0.000000	0.000079
12.400000	0.000000	0.000078
12.410000	0.000000	0.000077
12.420000	0.000000	0.000076
12.430000	0.000000	0.000074
12.440000	0.000000	0.000073
12.450000	0.000000	0.000072
12.460000	0.000000	0.000071
12.470000	0.000000	0.000070
12.480000	0.000000	0.000069
12.490000	0.000000	0.000068
12.500000	0.000000	0.000067
12.510000	0.000000	0.000066
12.520000	0.000000	0.000065
12.530000	0.000000	0.000064
12.540000	0.000000	0.000063
12.550000	0.000000	0.000062
12.560000	0.000000	0.000061
12.570000	0.000000	0.000060
12.580000	0.000000	0.000059
12.590000	0.000000	0.000059
12.600000	0.000000	0.000058
12.610000	0.000000	0.000057
12.620000	0.000000	0.000056
12.630000	0.000000	0.000055
12.640000	0.000000	0.000055
12.650000	0.000000	0.000054
12.660000	0.000000	0.000053
12.670000	0.000000	0.000052
12.680000	0.000000	0.000051
12.690000	0.000000	0.000051
12.700000	0.000000	0.000050
12.710000	0.000000	0.000049
12.720000	0.000000	0.000048
12.730000	0.000000	0.000048
12.740000	0.000000	0.000047
12.750000	0.000000	0.000046
12.760000	0.000000	0.000046
12.770000	0.000000	0.000045
12.780000	0.000000	0.000044
12.790000	0.000000	0.000044
12.800000	0.000000	0.000043
12.810000	0.000000	0.000042
12.820000	0.000000	0.000042
12.830000	0.000000	0.000041
12.840000	0.000000	0.000040
12.850000	0.000000	0.000040
12.860000	0.000000	0.000039
12.870000	0.000000	0.000039
12.880000	0.000000	0.000038
12.890000	0.000000	0.000038
12.900000	0.000000	0.000037
12.910000	0.000000	0.000037
12.920000	0.000000	0.000036
12.930000	0.000000	0.000036
12.940000	0.000000	0.000035
12.950000	0.000000	0.000035
12.960000	0.000000	0.000034
12.970000	0.000000	0.000034
12.980000	0.000000	0.000033
12.990000	0.000000	0.000032
13.000000	0.000000	0.000032
13.010000	0.000000	0.000032
13.020000	0.000000	0.000031
13.030000	0.000000	0.000031
13.040000	0.000000	0.000030
13.050000	0.000000	0.000030
13.060000	0.000000	0.000029
13.070000	0.000000	0.000029
13.080000	0.000000	0.000028
13.090000	0.000000	0.000028
13.100000	0.000000	0.000028
13.110000	0.000000	0.000027
13.120000	0.000000	0.000027
13.130000	0.000000	0.000026
13.140000	0.000000	0.000026
13.150000	0.000000	0.000026
13.160000	0.000000	0.000025
13.170000	0.000000	0.000025
13.180000	0.000000	0.000025
13.190000	0.000000	0.000024
13.200000	0.000000	0.000024
13.210000	0.000000	0.000024
13.220000	0.000000	0.000023
13.230000	0.000000	0.000023
13.240000	0.000000	0.000023
13.250000	0.000000	0.000022
13.260000	0.000000	0.000022
13.270000	0.000000	0.000021
13.280000	0.000000	0.000021
13.290000	0.000000	0.000021
13.300000	0.000000	0.000021
13.310000	0.000000	0.000020
13.320000	0.000000	0.000020
13.330000	0.000000	0.000020
13.340000	0.000000	0.000019
13.350000	0.000000	0.000019
13.360000	0.000000	0.000019
13.370000	0.000000	0.000018
13.380000	0.000000	0.000018
13.390000	0.000000	0.000018
13.400000	0.000000	0.000018
13.410000	0.000000	0.000018
13.420000	0.000000	0.000017
13.430000	0.000000	0.000017
13.440000	0.000000	0.000017
13.450000	0.000000	0.000017
13.460000	0.000000	0.000016
13.470000	0.000000	0.000016
13.480000	0.000000	0.000016
13.490000	0.000000	0.000016
13.500000	0.000000	0.000015
13.510000	0.000000	0.000015
13.520000	0.000000	0.000015
13.530000	0.000000	0.000015
13.540000	0.000000	0.000014
13.550000	0.000000	0.000014
13.560000	0.000000	0.000014
13.570000	0.000000	0.000014
13.580000	0.000000	0.000014
13.590000	0.000000	0.000013
13.600000	0.000000	0.000013
13.610000	0.000000	0.000013
13.620000	0.000000	0.000013
13.630000	0.000000	0.000013
13.640000	0.000000	0.000012
13.650000	0.000000	0.000012
13.660000	0.000000	0.000012
13.670000	0.000000	0.000012
13.680000	0.000000	0.000012
13.690000	0.000000	0.000012
13.700000	0.000000	0.000011
13.710000	0.000000	0.000011
13.720000	0.000000	0.000011
13.730000	0.000000	0.000011
13.740000	0.000000	0.000011
13.750000	0.000000	0.000011
13.760000	0.000000	0.000010
13.770000	0.000000	0.000010
13.780000	0.000000	0.000010
13.790000	0.000000	0.000010
13.800000	0.000000	0.000010
13.810000	0.000000	0.000010
13.820000	0.000000	0.000010
13.830000	0.000000	0.000009
13.840000	0.000000	0.000009
13.850000	0.000000	0.000009
13.860000	0.000000	0.000009
13.870000	0.000000	0.000009
13.880000	0.000000	0.000009
13.890000	0.000000	0.000009
13.900000	0.000000	0.000008
13.910000	0.000000	0.000008
13.920000	0.000000	0.000008
13.930000	0.000000	0.000008
13.940000	0.000000	0.000008
13.950000	0.000000	0.000008
13.960000	0.000000	0.000008
13.970000	0.000000	0.000008
13.980000	0.000000	0.000008
13.990000	0.000000	0.000007
14.000000	0.000000	0.000007
14.010000	0.000000	0.000007
14.020000	0.000000	0.000007
14.030000	0.000000	0.000007
14.040000	0.000000	0.000007
14.050000	0.000000	0.000007
14.060000	0.000000	0.000007
14.070000	0.000000	0.000007
14.080000	0.000000	0.000007
14.090000	0.000000	0.000006
14.100000	0.000000	0.000006
14.110000	0.000000	0.000006
14.120000	0.000000	0.000006
14.130000	0.000000	0.000006
14.140000	0.000000	0.000006
14.150000	0.000000	0.000006
14.160000	0.000000	0.000006
14.170000	0.000000	0.000006
14.180000	0.000000	0.000006
14.190000	0.000000	0.000006
14.200000	0.000000	0.000005
14.210000	0.000000	0.000005
14.220000	0.000000	0.000005
14.230000	0.000000	0.000005
14.240000	0.000000	0.000005
14.250000	0.000000	0.000005
14.260000	0.000000	0.000005
14.270000	0.000000	0.000005
14.280000	0.000000	0.000005
14.290000	0.000000	0.000005
14.300000	0.000000	0.000005
14.310000	0.000000	0.000005
14.320000	0.000000	0.000005
14.330000	0.000000	0.000005
14.340000	0.000000	0.000004
14.350000	0.000000	0.000004
14.360000	0.000000	0.000004
14.370000	0.000000	0.000004
14.380000	0.000000	0.000004
14.390000	0.000000	0.000004
14.400000	0.000000	0.000004
14.410000	0.000000	0.000004
14.420000	0.000000	0.000004
14.430000	0.000000	0.000004
14.440000	0.000000	0.000004
14.450000	0.000000	0.000004
14.460000	0.000000	0.000004
14.470000	0.000000	0.000004
14.480000	0.000000	0.000004
14.490000	0.000000	0.000004
14.500000	0.000000	0.000004
14.510000	0.000000	0.000003
14.520000	0.000000	0.000003
14.530000	0.000000	0.000003
14.540000	0.000000	0.000003
14.550000	0.000000	0.000003
14.560000	0.000000	0.000003
14.570000	0.000000	0.000003
14.580000	0.000000	0.000003
14.590000	0.000000	0.000003
14.600000	0.000000	0.000003
14.610000	0.000000	0.000003
14.620000	0.000000	0.000003
14.630000	0.000000	0.000003
14.640000	0.000000	0.000003
14.650000	0.000000	0.000003
14.660000	0.000000	0.000003
14.670000	0.000000	0.000003
14.680000	0.000000	0.000003
14.690000	0.000000	0.000003
14.700000	0.000000	0.000003
14.710000	0.000000	0.000003
14.720000	0.000000	0.000003
14.730000	0.000000	0.000003
14.740000	0.000000	0.000002
14.750000	0.000000	0.000002
14.760000	0.000000	0.000002
14.770000	0.000000	0.000002
14.780000	0.000000	0.000002
14.790000	0.000000	0.000002
14.800000	0.000000	0.000002
14.810000	0.000000	0.000002
14.820000	0.000000	0.000002
14.830000	0.000000	0.000002
14.840000	0.000000	0.000002
14.850000	0.000000	0.000002
14.860000	0.000000	0.000002
14.870000	0.000000	0.000002
14.880000	0.000000	0.000002
14.890000	0.000000	0.000002
14.900000	0.000000	0.000002
14.910000	0.000000	0.000002
14.920000	0.000000	0.000002
14.930000	0.000000	0.000002
14.940000	0.000000	0.000002
14.950000	0.000000	0.000002
14.960000	0.000000	0.000002
14.970000	0.000000	0.000002
14.980000	0.000000	0.000002
14.990000	0.000000	0.000002
15.000000	0.000000	0.000002
15.010000	0.000000	0.000002
15.020000	0.000000	0.000002
15.030000	0.000000	0.000002
15.040000	0.000000	0.000002
15.050000	0.000000	0.000002
15.060000	0.000000	0.000002
15.070000	0.000000	0.000002
15.080000	0.000000	0.000002
15.090000	0.000000	0.000001
15.100000	0.000000	0.000001
15.110000	0.000000	0.000001
15.120000	0.000000	0.000001
15.130000	0.000000	0.000001
15.140000	0.000000	0.000001
15.150000	0.000000	0.000001
15.160000	0.000000	0.000001
15.170000	0.000000	0.000001
15.180000	0.000000	0.000001
15.190000	0.000000	0.000001
15.200000	0.000000	0.000001
15.210000	0.000000	0.000001
15.220000	0.000000	0.000001
15.230000	0.000000	0.000001
15.240000	0.000000	0.000001
15.250000	0.000000	0.000001
15.260000	0.000000	0.000001
15.270000	0.000000	0.000001
15.280000	0.000000	0.000001
15.290000	0.000000	0.000001
15.300000	0.000000	0.000001
15.310000	0.000000	0.000001
15.320000	0.000000	0.000001
15.330000	0.000000	0.000001
15.340000	0.000000	0.000001
15.350000	0.000000	0.000001
15.360000	0.000000	0.000001
15.370000	0.000000	9.9e-07
15.380000	0.000000	9.8e-07
15.390000	0.000000	9.6e-07
15.400000	0.000000	9.5e-07
15.410000	0.000000	9.3e-07
15.420000	0.000000	9.2e-07
15.430000	0.000000	9.1e-07
15.440000	0.000000	8.9e-07
15.450000	0.000000	8.8e-07
15.460000	0.000000	8.7e-07
15.470000	0.000000	8.5e-07
15.480000	0.000000	8.4e-07
15.490000	0.000000	8.3e-07
15.500000	0.000000	8.2e-07
15.510000	0.000000	8.1e-07
15.520000	0.000000	7.9e-07
15.530000	0.000000	7.8e-07
15.540000	0.000000	7.7e-07
15.550000	0.000000	7.6e-07
15.560000	0.000000	7.5e-07
15.570000	0.000000	7.4e-07
15.580000	0.000000	7.3e-07
15.590000	0.000000	7.2e-07
15.600000	0.000000	7.1e-07
15.610000	0.000000	7.0e-07
15.620000	0.000000	6.9e-07
15.630000	0.000000	6.8e-07
15.640000	0.000000	6.7e-07
15.650000	0.000000	6.6e-07
15.660000	0.000000	6.5e-07
15.670000	0.000000	6.4e-07
15.680000	0.000000	6.3e-07
15.690000	0.000000	6.2e-07
15.700000	0.000000	6.1e-07
15.710000	0.000000	6.0e-07
15.720000	0.000000	5.9e-07
15.730000	0.000000	5.8e-07
15.740000	0.000000	5.8e-07
15.750000	0.000000	5.7e-07
15.760000	0.000000	5.6e-07
15.770000	0.000000	5.5e-07
15.780000	0.000000	5.4e-07
15.790000	0.000000	5.3e-07
15.800000	0.000000	5.3e-07
15.810000	0.000000	5.2e-07
15.820000	0.000000	5.1e-07
15.830000	0.000000	5.0e-07
15.840000	0.000000	5.0e-07
15.850000	0.000000	4.9e-07
15.860000	0.000000	4.8e-07
15.870000	0.000000	4.8e-07
15.880000	0.000000	4.7e-07
15.890000	0.000000	4.6e-07
15.900000	0.000000	4.6e-07
15.910000	0.000000	4.5e-07
15.920000	0.000000	4.4e-07
15.930000	0.000000	4.4e-07
15.940000	0.000000	4.3e-07
15.950000	0.000000	4.3e-07
15.960000	0.000000	4.2e-07
15.970000	0.000000	4.1e-07
15.980000	0.000000	4.1e-07
15.990000	0.000000	4.0e-07
16.000000	0.000000	3.9e-07
16.010000	0.000000	3.9e-07
16.020000	0.000000	3.8e-07
16.030000	0.000000	3.8e-07
16.040000	0.000000	3.7e-07
16.050000	0.000000	3.7e-07
16.060000	0.000000	3.6e-07
16.070000	0.000000	3.6e-07
16.080000	0.000000	3.5e-07
16.090000	0.000000	3.5e-07
16.100000	0.000000	3.4e-07
16.110000	0.000000	3.4e-07
16.120000	0.000000	3.3e-07
16.130000	0.000000	3.3e-07
16.140000	0.000000	3.2e-07
16.150000	0.000000	3.2e-07
16.160000	0.000000	3.1e-07
16.170000	0.000000	3.1e-07
16.180000	0.000000	3.0e-07
16.190000	0.000000	3.0e-07
16.200000	0.000000	3.0e-07
16.210000	0.000000	2.9e-07
16.220000	0.000000	2.9e-07
16.230000	0.000000	2.8e-07
16.240000	0.000000	2.8e-07
16.250000	0.000000	2.7e-07
16.260000	0.000000	2.7e-07
16.270000	0.000000	2.7e-07
16.280000	0.000000	2.6e-07
16.290000	0.000000	2.6e-07
16.300000	0.000000	2.5e-07
16.310000	0.000000	2.5e-07
16.320000	0.000000	2.5e-07
16.330000	0.000000	2.4e-07
16.340000	0.000000	2.4e-07
16.350000	0.000000	2.4e-07
16.360000	0.000000	2.3e-07
16.370000	0.000000	2.3e-07
16.380000	0.000000	2.3e-07
16.390000	0.000000	2.2e-07
16.400000	0.000000	2.2e-07
16.410000	0.000000	2.2e-07
16.420000	0.000000	2.1e-07
16.430000	0.000000	2.1e-07
16.440000	0.000000	2.1e-07
16.450000	0.000000	2.1e-07
16.460000	0.000000	2.0e-07
16.470000	0.000000	2.0e-07
16.480000	0.000000	2.0e-07
16.490000	0.000000	1.9e-07
16.500000	0.000000	1.9e-07
16.510000	0.000000	1.9e-07
16.520000	0.000000	1.9e-07
16.530000	0.000000	1.8e-07
16.540000	0.000000	1.8e-07
16.550000	0.000000	1.8e-07
16.560000	0.000000	1.7e-07
16.570000	0.000000	1.7e-07
16.580000	0.000000	1.7e-07
16.590000	0.000000	1.7e-07
16.600000	0.000000	1.6e-07
16.610000	0.000000	1.6e-07
16.620000	0.000000	1.6e-07
16.630000	0.000000	1.6e-07
16.640000	0.000000	1.6e-07
16.650000	0.000000	1.5e-07
16.660000	0.000000	1.5e-07
16.670000	0.000000	1.5e-07
16.680000	0.000000	1.5e-07
16.690000	0.000000	1.4e-07
16.700000	0.000000	1.4e-07
16.710000	0.000000	1.4e-07
16.720000	0.000000	1.4e-07
16.730000	0.000000	1.4e-07
16.740000	0.000000	1.3e-07
16.750000	0.000000	1.3e-07
16.760000	0.000000	1.3e-07
16.770000	0.000000	1.3e-07
16.780000	0.000000	1.3e-07
16.790000	0.000000	1.3e-07
16.800000	0.000000	1.2e-07
16.810000	0.000000	1.2e-07
16.820000	0.000000	1.2e-07
16.830000	0.000000	1.2e-07
16.840000	0.000000	1.2e-07
16.850000	0.000000	1.1e-07
16.860000	0.000000	1.1e-07
16.870000	0.000000	1.1e-07
16.880000	0.000000	1.1e-07
16.890000	0.000000	1.1e-07
16.900000	0.000000	1.1e-07
16.910000	0.000000	1.0e-07
16.920000	0.000000	1.0e-07
16.930000	0.000000	1.0e-07
16.940000	0.000000	1.0e-07
16.950000	0.000000	9.9e-08
16.960000	0.000000	9.8e-08
16.970000	0.000000	9.6e-08
16.980000	0.000000	9.5e-08
16.990000	0.000000	9.4e-08
17.000000	0.000000	9.2e-08
17.010000	0.000000	9.1e-08
17.020000	0.000000	9.0e-08
17.030000	0.000000	8.8e-08
17.040000	0.000000	8.7e-08
17.050000	0.000000	8.6e-08
17.060000	0.000000	8.5e-08
17.070000	0.000000	8.3e-08
17.080000	0.000000	8.2e-08
17.090000	0.000000	8.1e-08
17.100000	0.000000	8.0e-08
17.110000	0.000000	7.8e-08
17.120000	0.000000	7.7e-08
17.130000	0.000000	7.6e-08
17.140000	0.000000	7.5e-08
17.150000	0.000000	7.4e-08
17.160000	0.000000	7.3e-08
17.170000	0.000000	7.2e-08
17.180000	0.000000	7.1e-08
17.190000	0.000000	7.0e-08
17.200000	0.000000	6.9e-08
17.210000	0.000000	6.8e-08
17.220000	0.000000	6.7e-08
17.230000	0.000000	6.6e-08
17.240000	0.000000	6.5e-08
17.250000	0.000000	6.4e-08
17.260000	0.000000	6.3e-08
17.270000	0.000000	6.2e-08
17.280000	0.000000	6.2e-08
17.290000	0.000000	6.1e-08
17.300000	0.000000	6.0e-08
17.310000	0.000000	5.9e-08
17.320000	0.000000	5.8e-08
17.330000	0.000000	5.7e-08
17.340000	0.000000	5.6e-08
17.350000	0.000000	5.5e-08
17.360000	0.000000	5.5e-08
17.370000	0.000000	5.4e-08
17.380000	0.000000	5.3e-08
17.390000	0.000000	5.2e-08
17.400000	0.000000	5.1e-08
17.410000	0.000000	5.1e-08
17.420000	0.000000	5.0e-08
17.430000	0.000000	4.9e-08
17.440000	0.000000	4.9e-08
17.450000	0.000000	4.8e-08
17.460000	0.000000	4.7e-08
17.470000	0.000000	4.7e-08
17.480000	0.000000	4.6e-08
17.490000	0.000000	4.5e-08
17.500000	0.000000	4.5e-08
17.510000	0.000000	4.4e-08
17.520000	0.000000	4.3e-08
17.530000	0.000000	4.3e-08
17.540000	0.000000	4.2e-08
17.550000	0.000000	4.2e-08
17.560000	0.000000	4.1e-08
17.570000	0.000000	4.0e-08
17.580000	0.000000	4.0e-08
17.590000	0.000000	3.9e-08
17.600000	0.000000	3.9e-08
17.610000	0.000000	3.8e-08
17.620000	0.000000	3.8e-08
17.630000	0.000000	3.7e-08
17.640000	0.000000	3.6e-08
17.650000	0.000000	3.6e-08
17.660000	0.000000	3.5e-08
17.670000	0.000000	3.5e-08
17.680000	0.000000	3.4e-08
17.690000	0.000000	3.4e-08
17.700000	0.000000	3.3e-08
17.710000	0.000000	3.3e-08
17.720000	0.000000	3.2e-08
17.730000	0.000000	3.2e-08
17.740000	0.000000	3.1e-08
17.750000	0.000000	3.1e-08
17.760000	0.000000	3.1e-08
17.770000	0.000000	3.0e-08
17.780000	0.000000	3.0e-08
17.790000	0.000000	2.9e-08
17.800000	0.000000	2.9e-08
17.810000	0.000000	2.9e-08
17.820000	0.000000	2.8e-08
17.830000	0.000000	2.8e-08
17.840000	0.000000	2.7e-08
17.850000	0.000000	2.7e-08
17.860000	0.000000	2.7e-08
17.870000	0.000000	2.6e-08
17.880000	0.000000	2.6e-08
17.890000	0.000000	2.5e-08
17.900000	0.000000	2.5e-08
17.910000	0.000000	2.5e-08
17.920000	0.000000	2.4e-08
17.930000	0.000000	2.4e-08
17.940000	0.000000	2.3e-08
17.950000	0.000000	2.3e-08
17.960000	0.000000	2.3e-08
17.970000	0.000000	2.3e-08
17.980000	0.000000	2.2e-08
17.990000	0.000000	2.2e-08
18.000000	0.000000	2.2e-08
18.010000	0.000000	2.1e-08
18.020000	0.000000	2.1e-08
18.030000	0.000000	2.1e-08
18.040000	0.000000	2.0e-08
18.050000	0.000000	2.0e-08
18.060000	0.000000	2.0e-08
18.070000	0.000000	2.0e-08
18.080000	0.000000	1.9e-08
18.090000	0.000000	1.9e-08
18.100000	0.000000	1.9e-08
18.110000	0.000000	1.8e-08
18.120000	0.000000	1.8e-08
18.130000	0.000000	1.8e-08
18.140000	0.000000	1.8e-08
18.150000	0.000000	1.7e-08
18.160000	0.000000	1.7e-08
18.170000	0.000000	1.7e-08
18.180000	0.000000	1.7e-08
18.190000	0.000000	1.6e-08
18.200000	0.000000	1.6e-08
18.210000	0.000000	1.6e-08
18.220000	0.000000	1.6e-08
18.230000	0.000000	1.5e-08
18.240000	0.000000	1.5e-08
18.250000	0.000000	1.5e-08
18.260000	0.000000	1.5e-08
18.270000	0.000000	1.5e-08
18.280000	0.000000	1.4e-08
18.290000	0.000000	1.4e-08
18.300000	0.000000	1.4e-08
18.310000	0.000000	1.4e-08
18.320000	0.000000	1.4e-08
18.330000	0.000000	1.3e-08
18.340000	0.000000	1.3e-08
18.350000	0.000000	1.3e-08
18.360000	0.000000	1.3e-08
18.370000	0.000000	1.3e-08
18.380000	0.000000	1.2e-08
18.390000	0.000000	1.2e-08
18.400000	0.000000	1.2e-08
18.410000	0.000000	1.2e-08
18.420000	0.000000	1.2e-08
18.430000	0.000000	1.2e-08
18.440000	0.000000	1.1e-08
18.450000	0.000000	1.1e-08
18.460000	0.000000	1.1e-08
18.470000	0.000000	1.1e-08
18.480000	0.000000	1.1e-08
18.490000	0.000000	1.1e-08
18.500000	0.000000	1.0e-08
18.510000	0.000000	1.0e-08
18.520000	0.000000	1.0e-08
18.530000	0.000000	1.0e-08
18.540000	0.000000	9.9e-09
18.550000	0.000000	9.7e-09
18.560000	0.000000	9.6e-09
18.570000	0.000000	9.5e-09
18.580000	0.000000	9.3e-09
18.590000	0.000000	9.2e-09
18.600000	0.000000	9.1e-09
18.610000	0.000000	8.9e-09
18.620000	0.000000	8.8e-09
18.630000	0.000000	8.7e-09
18.640000	0.000000	8.6e-09
18.650000	0.000000	8.5e-09
18.660000	0.000000	8.3e-09
18.670000	0.000000	8.2e-09
18.680000	0.000000	8.1e-09
18.690000	0.000000	8.0e-09
18.700000	0.000000	7.9e-09
18.710000	0.000000	7.7e-09
18.720000	0.000000	7.6e-09
18.730000	0.000000	7.5e-09
18.740000	0.000000	7.4e-09
18.750000	0.000000	7.3e-09
18.760000	0.000000	7.2e-09
18.770000	0.000000	7.1e-09
18.780000	0.000000	7.0e-09
18.790000	0.000000	6.9e-09
18.800000	0.000000	6.8e-09
18.810000	0.000000	6.7e-09
18.820000	0.000000	6.6e-09
18.830000	0.000000	6.5e-09
18.840000	0.000000	6.4e-09
18.850000	0.000000	6.3e-09
18.860000	0.000000	6.2e-09
18.870000	0.000000	6.1e-09
18.880000	0.000000	6.0e-09
18.890000	0.000000	6.0e-09
18.900000	0.000000	5.9e-09
18.910000	0.000000	5.8e-09
18.920000	0.000000	5.7e-09
18.930000	0.000000	5.6e-09
18.940000	0.000000	5.6e-09
18.950000	0.000000	5.5e-09
18.960000	0.000000	5.4e-09
18.970000	0.000000	5.3e-09
18.980000	0.000000	5.2e-09
18.990000	0.000000	5.2e-09
19.000000	0.000000	5.1e-09
19.010000	0.000000	5.0e-09
19.020000	0.000000	4.9e-09
19.030000	0.000000	4.9e-09
19.040000	0.000000	4.8e-09
19.050000	0.000000	4.7e-09
19.060000	0.000000	4.6e-09
19.070000	0.000000	4.6e-09
19.080000	0.000000	4.5e-09
19.090000	0.000000	4.4e-09
19.100000	0.000000	4.4e-09
19.110000	0.000000	4.3e-09
19.120000	0.000000	4.3e-09
19.130000	0.000000	4.2e-09
19.140000	0.000000	4.2e-09
19.150000	0.000000	4.1e-09
19.160000	0.000000	4.0e-09
19.170000	0.000000	4.0e-09
19.180000	0.000000	3.9e-09
19.190000	0.000000	3.9e-09
19.200000	0.000000	3.8e-09
19.210000	0.000000	3.8e-09
19.220000	0.000000	3.7e-09
19.230000	0.000000	3.7e-09
19.240000	0.000000	3.6e-09
19.250000	0.000000	3.5e-09
19.260000	0.000000	3.5e-09
19.270000	0.000000	3.4e-09
19.280000	0.000000	3.4e-09
19.290000	0.000000	3.3e-09
19.300000	0.000000	3.3e-09
19.310000	0.000000	3.2e-09
19.320000	0.000000	3.2e-09
19.330000	0.000000	3.1e-09
19.340000	0.000000	3.1e-09
19.350000	0.000000	3.1e-09
19.360000	0.000000	3.0e-09
19.370000	0.000000	3.0e-09
19.380000	0.000000	2.9e-09
19.390000	0.000000	2.9e-09
19.400000	0.000000	2.9e-09
19.410000	0.000000	2.8e-09
19.420000	0.000000	2.8e-09
19.430000	0.000000	2.7e-09
19.440000	0.000000	2.7e-09
19.450000	0.000000	2.7e-09
19.460000	0.000000	2.6e-09
19.470000	0.000000	2.6e-09
19.480000	0.000000	2.5e-09
19.490000	0.000000	2.5e-09
19.500000	0.000000	2.5e-09
19.510000	0.000000	2.4e-09
19.520000	0.000000	2.4e-09
19.530000	0.000000	2.4e-09
19.540000	0.000000	2.3e-09
19.550000	0.000000	2.3e-09
19.560000	0.000000	2.3e-09
19.570000	0.000000	2.2e-09
19.580000	0.000000	2.2e-09
19.590000	0.000000	2.2e-09
19.600000	0.000000	2.1e-09
19.610000	0.000000	2.1e-09
19.620000	0.000000	2.1e-09
19.630000	0.000000	2.0e-09
19.640000	0.000000	2.0e-09
19.650000	0.000000	2.0e-09
19.660000	0.000000	2.0e-09
19.670000	0.000000	1.9e-09
19.680000	0.000000	1.9e-09
19.690000	0.000000	1.9e-09
19.700000	0.000000	1.9e-09
19.710000	0.000000	1.8e-09
19.720000	0.000000	1.8e-09
19.730000	0.000000	1.8e-09
19.740000	0.000000	1.7e-09
19.750000	0.000000	1.7e-09
19.760000	0.000000	1.7e-09
19.770000	0.000000	1.7e-09
19.780000	0.000000	1.7e-09
19.790000	0.000000	1.6e-09
19.800000	0.000000	1.6e-09
19.810000	0.000000	1.6e-09
19.820000	0.000000	1.6e-09
19.830000	0.000000	1.5e-09
19.840000	0.000000	1.5e-09
19.850000	0.000000	1.5e-09
19.860000	0.000000	1.5e-09
19.870000	0.000000	1.4e-09
19.880000	0.000000	1.4e-09
19.890000	0.000000	1.4e-09
19.900000	0.000000	1.4e-09
19.910000	0.000000	1.4e-09
19.920000	0.000000	1.3e-09
19.930000	0.000000	1.3e-09
19.940000	0.000000	1.3e-09
19.950000	0.000000	1.3e-09
19.960000	0.000000	1.3e-09
19.970000	0.000000	1.3e-09
19.980000	0.000000	1.2e-09
19.990000	0.000000	1.2e-09
20.000000	0.000000	1.2e-09
20.010000	0.000000	1.2e-09
20.020000	0.000000	1.2e-09
20.030000	0.000000	1.2e-09
20.040000	0.000000	1.1e-09
20.050000	0.000000	1.1e-09
20.060000	0.000000	1.1e-09
20.070000	0.000000	1.1e-09
20.080000	0.000000	1.1e-09
20.090000	0.000000	1.1e-09
20.100000	0.000000	1.0e-09
20.110000	0.000000	1.0e-09
20.120000	0.000000	1.0e-09
20.130000	0.000000	9.9e-10
20.140000	0.000000	9.8e-10
20.150000	0.000000	9.6e-10
20.160000	0.000000	9.5e-10
20.170000	0.000000	9.4e-10
20.180000	0.000000	9.2e-10
20.190000	0.000000	9.1e-10
20.200000	0.000000	9.0e-10
20.210000	0.000000	8.9e-10
20.220000	0.000000	8.7e-10
20.230000	0.000000	8.6e-10
20.240000	0.000000	8.5e-10
20.250000	0.000000	8.4e-10
20.260000	0.000000	8.3e-10
20.270000	0.000000	8.1e-10
20.280000	0.000000	8.0e-10
20.290000	0.000000	7.9e-10
20.300000	0.000000	7.8e-10
20.310000	0.000000	7.7e-10
20.320000	0.000000	7.6e-10
20.330000	0.000000	7.5e-10
20.340000	0.000000	7.4e-10
20.350000	0.000000	7.3e-10
20.360000	0.000000	7.2e-10
20.370000	0.000000	7.1e-10
20.380000	0.000000	7.0e-10
20.390000	0.000000	6.9e-10
20.400000	0.000000	6.7e-10
20.410000	0.000000	6.6e-10
20.420000	0.000000	6.5e-10
20.430000	0.000000	6.4e-10
20.440000	0.000000	6.3e-10
20.450000	0.000000	6.3e-10
20.460000	0.000000	6.2e-10
20.470000	0.000000	6.1e-10
20.480000	0.000000	6.0e-10
20.490000	0.000000	5.9e-10
20.500000	0.000000	5.8e-10
20.510000	0.000000	5.8e-10
20.520000	0.000000	5.7e-10
20.530000	0.000000	5.6e-10
20.540000	0.000000	5.5e-10
20.550000	0.000000	5.4e-10
20.560000	0.000000	5.4e-10
20.570000	0.000000	5.3e-10
20.580000	0.000000	5.2e-10
20.590000	0.000000	5.1e-10
20.600000	0.000000	5.1e-10
20.610000	0.000000	5.0e-10
20.620000	0.000000	4.9e-10
20.630000	0.000000	4.9e-10
20.640000	0.000000	4.8e-10
20.650000	0.000000	4.7e-10
20.660000	0.000000	4.6e-10
20.670000	0.000000	4.6e-10
20.680000	0.000000	4.5e-10
20.690000	0.000000	4.4e-10
20.700000	0.000000	4.4e-10
20.710000	0.000000	4.3e-10
20.720000	0.000000	4.2e-10
20.730000	0.000000	4.2e-10
20.740000	0.000000	4.1e-10
20.750000	0.000000	4.1e-10
20.760000	0.000000	4.0e-10
20.770000	0.000000	4.0e-10
20.780000	0.000000	3.9e-10
20.790000	0.000000	3.8e-10
20.800000	0.000000	3.8e-10
20.810000	0.000000	3.7e-10
20.820000	0.000000	3.7e-10
20.830000	0.000000	3.6e-10
20.840000	0.000000	3.6e-10
20.850000	0.000000	3.5e-10
20.860000	0.000000	3.5e-10
20.870000	0.000000	3.4e-10
20.880000	0.000000	3.4e-10
20.890000	0.000000	3.3e-10
20.900000	0.000000	3.3e-10
20.910000	0.000000	3.2e-10
20.920000	0.000000	3.2e-10
20.930000	0.000000	3.2e-10
20.940000	0.000000	3.1e-10
20.950000	0.000000	3.1e-10
20.960000	0.000000	3.0e-10
20.970000	0.000000	3.0e-10
20.980000	0.000000	2.9e-10
20.990000	0.000000	2.9e-10
21.000000	0.000000	2.8e-10
21.010000	0.000000	2.8e-10
21.020000	0.000000	2.8e-10
21.030000	0.000000	2.7e-10
21.040000	0.000000	2.7e-10
21.050000	0.000000	2.6e-10
21.060000	0.000000	2.6e-10
21.070000	0.000000	2.6e-10
21.080000	0.000000	2.5e-10
21.090000	0.000000	2.5e-10
21.100000	0.000000	2.5e-10
21.110000	0.000000	2.4e-10
21.120000	0.000000	2.4e-10
21.130000	0.000000	2.4e-10
21.140000	0.000000	2.3e-10
21.150000	0.000000	2.3e-10
21.160000	0.000000	2.3e-10
21.170000	0.000000	2.2e-10
21.180000	0.000000	2.2e-10
21.190000	0.000000	2.2e-10
21.200000	0.000000	2.1e-10
21.210000	0.000000	2.1e-10
21.220000	0.000000	2.1e-10
21.230000	0.000000	2.0e-10
21.240000	0.000000	2.0e-10
21.250000	0.000000	2.0e-10
21.260000	0.000000	1.9e-10
21.270000	0.000000	1.9e-10
21.280000	0.000000	1.9e-10
21.290000	0.000000	1.9e-10
21.300000	0.000000	1.8e-10
21.310000	0.000000	1.8e-10
21.320000	0.000000	1.8e-10
21.330000	0.000000	1.8e-10
21.340000	0.000000	1.7e-10
21.350000	0.000000	1.7e-10
21.360000	0.000000	1.7e-10
21.370000	0.000000	1.7e-10
21.380000	0.000000	1.6e-10
21.390000	0.000000	1.6e-10
21.400000	0.000000	1.6e-10
21.410000	0.000000	1.6e-10
21.420000	0.000000	1.6e-10
21.430000	0.000000	1.5e-10
21.440000	0.000000	1.5e-10
21.450000	0.000000	1.5e-10
21.460000	0.000000	1.5e-10
21.470000	0.000000	1.4e-10
21.480000	0.000000	1.4e-10
21.490000	0.000000	1.4e-10
21.500000	0.000000	1.4e-10
21.510000	0.000000	1.4e-10
21.520000	0.000000	1.3e-10
21.530000	0.000000	1.3e-10
21.540000	0.000000	1.3e-10
21.550000	0.000000	1.3e-10
21.560000	0.000000	1.3e-10
21.570000	0.000000	1.2e-10
21.580000	0.000000	1.2e-10
21.590000	0.000000	1.2e-10
21.600000	0.000000	1.2e-10
21.610000	0.000000	1.2e-10
21.620000	0.000000	1.2e-10
21.630000	0.000000	1.2e-10
21.640000	0.000000	1.1e-10
21.650000	0.000000	1.1e-10
21.660000	0.000000	1.1e-10
21.670000	0.000000	1.1e-10
21.680000	0.000000	1.1e-10
21.690000	0.000000	1.1e-10
21.700000	0.000000	1.0e-10
21.710000	0.000000	1.0e-10
21.720000	0.000000	1.0e-10
21.730000	0.000000	1.0e-10
21.740000	0.000000	9.8e-11
21.750000	0.000000	9.7e-11
21.760000	0.000000	9.6e-11
21.770000	0.000000	9.4e-11
21.780000	0.000000	9.3e-11
21.790000	0.000000	9.1e-11
21.800000	0.000000	9.0e-11
21.810000	0.000000	8.9e-11
21.820000	0.000000	8.7e-11
21.830000	0.000000	8.6e-11
21.840000	0.000000	8.5e-11
21.850000	0.000000	8.4e-11
21.860000	0.000000	8.2e-11
21.870000	0.000000	8.1e-11
21.880000	0.000000	8.0e-11
21.890000	0.000000	7.9e-11
21.900000	0.000000	7.8e-11
21.910000	0.000000	7.7e-11
21.920000	0.000000	7.6e-11
21.930000	0.000000	7.5e-11
21.940000	0.000000	7.4e-11
21.950000	0.000000	7.3e-11
21.960000	0.000000	7.2e-11
21.970000	0.000000	7.1e-11
21.980000	0.000000	7.0e-11
21.990000	0.000000	6.9e-11
22.000000	0.000000	6.8e-11
22.010000	0.000000	6.7e-11
22.020000	0.000000	6.6e-11
22.030000	0.000000	6.5e-11
22.040000	0.000000	6.4e-11
22.050000	0.000000	6.3e-11
22.060000	0.000000	6.2e-11
22.070000	0.000000	6.1e-11
22.080000	0.000000	6.0e-11
22.090000	0.000000	5.9e-11
22.100000	0.000000	5.8e-11
22.110000	0.000000	5.7e-11
22.120000	0.000000	5.7e-11
22.130000	0.000000	5.6e-11
22.140000	0.000000	5.5e-11
22.150000	0.000000	5.4e-11
22.160000	0.000000	5.4e-11
22.170000	0.000000	5.3e-11
22.180000	0.000000	5.2e-11
22.190000	0.000000	5.2e-11
22.200000	0.000000	5.1e-11
22.210000	0.000000	5.0e-11
22.220000	0.000000	4.9e-11
22.230000	0.000000	4.9e-11
22.240000	0.000000	4.8e-11
22.250000	0.000000	4.7e-11
22.260000	0.000000	4.7e-11
22.270000	0.000000	4.6e-11
22.280000	0.000000	4.5e-11
22.290000	0.000000	4.5e-11
22.300000	0.000000	4.4e-11
22.310000	0.000000	4.3e-11
22.320000	0.000000	4.3e-11
22.330000	0.000000	4.2e-11
22.340000	0.000000	4.2e-11
22.350000	0.000000	4.1e-11
22.360000	0.000000	4.0e-11
22.370000	0.000000	4.0e-11
22.380000	0.000000	3.9e-11
22.390000	0.000000	3.8e-11
22.400000	0.000000	3.8e-11
22.410000	0.000000	3.7e-11
22.420000	0.000000	3.7e-11
22.430000	0.000000	3.6e-11
22.440000	0.000000	3.6e-11
22.450000	0.000000	3.5e-11
22.460000	0.000000	3.5e-11
22.470000	0.000000	3.4e-11
22.480000	0.000000	3.4e-11
22.490000	0.000000	3.4e-11
22.500000	0.000000	3.3e-11
22.510000	0.000000	3.3e-11
22.520000	0.000000	3.2e-11
22.530000	0.000000	3.2e-11
22.540000	0.000000	3.1e-11
22.550000	0.000000	3.1e-11
22.560000	0.000000	3.0e-11
22.570000	0.000000	3.0e-11
22.580000	0.000000	2.9e-11
22.590000	0.000000	2.9e-11
22.600000	0.000000	2.9e-11
22.610000	0.000000	2.8e-11
22.620000	0.000000	2.8e-11
22.630000	0.000000	2.7e-11
22.640000	0.000000	2.7e-11
22.650000	0.000000	2.7e-11
22.660000	0.000000	2.6e-11
22.670000	0.000000	2.6e-11
22.680000	0.000000	2.5e-11
22.690000	0.000000	2.5e-11
22.700000	0.000000	2.5e-11
22.710000	0.000000	2.4e-11
22.720000	0.000000	2.4e-11
22.730000	0.000000	2.4e-11
22.740000	0.000000	2.3e-11
22.750000	0.000000	2.3e-11
22.760000	0.000000	2.3e-11
22.770000	0.000000	2.2e-11
22.780000	0.000000	2.2e-11
22.790000	0.000000	2.2e-11
22.800000	0.000000	2.2e-11
22.810000	0.000000	2.1e-11
22.820000	0.000000	2.1e-11
22.830000	0.000000	2.1e-11
22.840000	0.000000	2.0e-11
22.850000	0.000000	2.0e-11
22.860000	0.000000	2.0e-11
22.870000	0.000000	1.9e-11
22.880000	0.000000	1.9e-11
22.890000	0.000000	1.9e-11
22.900000	0.000000	1.9e-11
22.910000	0.000000	1.8e-11
22.920000	0.000000	1.8e-11
22.930000	0.000000	1.7e-11
22.940000	0.000000	1.6e-11
22.950000	0.000000	1.6e-11
22.960000	0.000000	1.6e-11
22.970000	0.000000	1.6e-11
22.980000	0.000000	1.5e-11
22.990000	0.000000	1.5e-11
23.000000	0.000000	1.5e-11
23.010000	0.000000	1.5e-11
23.020000	0.000000	1.5e-11
23.030000	0.000000	1.5e-11
23.040000	0.000000	1.4e-11
23.050000	0.000000	1.4e-11
23.060000	0.000000	1.4e-11
23.070000	0.000000	1.4e-11
23.080000	0.000000	1.4e-11
23.090000	0.000000	1.3e-11
23.100000	0.000000	1.3e-11
23.110000	0.000000	1.3e-11
23.120000	0.000000	1.3e-11
23.130000	0.000000	1.3e-11
23.140000	0.000000	1.2e-11
23.150000	0.000000	1.2e-11
23.160000	0.000000	1.2e-11
23.170000	0.000000	1.2e-11
23.180000	0.000000	1.2e-11
23.190000	0.000000	1.1e-11
23.200000	0.000000	1.1e-11
23.210000	0.000000	1.1e-11
23.220000	0.000000	1.1e-11
23.230000	0.000000	1.1e-11
23.240000	0.000000	1.1e-11
23.250000	0.000000	1.1e-11
23.260000	0.000000	1.0e-11
23.270000	0.000000	1.0e-11
23.280000	0.000000	1.0e-11
23.290000	0.000000	1.0e-11
23.300000	0.000000	9.9e-12
23.310000	0.000000	9.7e-12
23.320000	0.000000	9.6e-12
23.330000	0.000000	9.5e-12
23.340000	0.000000	9.3e-12
23.350000	0.000000	9.2e-12
23.360000	0.000000	9.1e-12
23.370000	0.000000	9.0e-12
23.380000	0.000000	8.8e-12
23.390000	0.000000	8.7e-12
23.400000	0.000000	8.6e-12
23.410000	0.000000	8.4e-12
23.420000	0.000000	8.3e-12
23.430000	0.000000	8.2e-12
23.440000	0.000000	8.0e-12
23.450000	0.000000	7.9e-12
23.460000	0.000000	7.8e-12
23.470000	0.000000	7.7e-12
23.480000	0.000000	7.5e-12
23.490000	0.000000	7.4e-12
23.500000	0.000000	7.3e-12
23.510000	0.000000	7.2e-12
23.520000	0.000000	7.1e-12
23.530000	0.000000	7.0e-12
23.540000	0.000000	6.9e-12
23.550000	0.000000	6.9e-12
23.560000	0.000000	6.8e-12
23.570000	0.000000	6.7e-12
23.580000	0.000000	6.6e-12
23.590000	0.000000	6.5e-12
23.600000	0.000000	6.4e-12
23.610000	0.000000	6.3e-12
23.620000	0.000000	6.3e-12
23.630000	0.000000	6.2e-12
23.640000	0.000000	6.1e-12
23.650000	0.000000	6.0e-12
23.660000	0.000000	5.9e-12
23.670000	0.000000	5.8e-12
23.680000	0.000000	5.7e-12
23.690000	0.000000	5.6e-12
23.700000	0.000000	5.6e-12
23.710000	0.000000	5.5e-12
23.720000	0.000000	5.4e-12
23.730000	0.000000	5.3e-12
23.740000	0.000000	5.2e-12
23.750000	0.000000	5.1e-12
23.760000	0.000000	5.0e-12
23.770000	0.000000	5.0e-12
23.780000	0.000000	4.9e-12
23.790000	0.000000	4.8e-12
23.800000	0.000000	4.8e-12
23.810000	0.000000	4.7e-12
23.820000	0.000000	4.7e-12
23.830000	0.000000	4.6e-12
23.840000	0.000000	4.5e-12
23.850000	0.000000	4.5e-12
23.860000	0.000000	4.4e-12
23.870000	0.000000	4.4e-12
23.880000	0.000000	4.3e-12
23.890000	0.000000	4.2e-12
23.900000	0.000000	4.2e-12
23.910000	0.000000	4.1e-12
23.920000	0.000000	4.1e-12
23.930000	0.000000	4.0e-12
23.940000	0.000000	4.0e-12
23.950000	0.000000	3.9e-12
23.960000	0.000000	3.8e-12
23.970000	0.000000	3.8e-12
23.980000	0.000000	3.7e-12
23.990000	0.000000	3.7e-12
24.000000	0.000000	3.6e-12
24.010000	0.000000	3.5e-12
24.020000	0.000000	3.5e-12
24.030000	0.000000	3.4e-12
24.040000	0.000000	3.4e-12
24.050000	0.000000	3.3e-12
24.060000	0.000000	3.3e-12
24.070000	0.000000	3.2e-12
24.080000	0.000000	3.2e-12
24.090000	0.000000	3.2e-12
24.100000	0.000000	3.1e-12
24.110000	0.000000	3.1e-12
24.120000	0.000000	3.0e-12
24.130000	0.000000	3.0e-12
24.140000	0.000000	3.0e-12
24.150000	0.000000	2.9e-12
24.160000	0.000000	2.9e-12
24.170000	0.000000	2.8e-12
24.180000	0.000000	2.8e-12
24.190000	0.000000	2.8e-12
24.200000	0.000000	2.7e-12
24.210000	0.000000	2.7e-12
24.220000	0.000000	2.7e-12
24.230000	0.000000	2.6e-12
24.240000	0.000000	2.6e-12
24.250000	0.000000	2.5e-12
24.260000	0.000000	2.5e-12
24.270000	0.000000	2.5e-12
24.280000	0.000000	2.4e-12
24.290000	0.000000	2.4e-12
24.300000	0.000000	2.3e-12
24.310000	0.000000	2.3e-12
24.320000	0.000000	2.3e-12
24.330000	0.000000	2.2e-12
24.340000	0.000000	2.2e-12
24.350000	0.000000	2.2e-12
24.360000	0.000000	2.1e-12
24.370000	0.000000	2.1e-12
24.380000	0.000000	2.1e-12
24.390000	0.000000	2.1e-12
24.400000	0.000000	2.0e-12
24.410000	0.000000	2.0e-12
24.420000	0.000000	2.0e-12
24.430000	0.000000	2.0e-12
24.440000	0.000000	1.9e-12
24.450000	0.000000	1.9e-12
24.460000	0.000000	1.9e-12
24.470000	0.000000	1.9e-12
24.480000	0.000000	1.8e-12
24.490000	0.000000	1.8e-12
24.500000	0.000000	1.8e-12
24.510000	0.000000	1.7e-12
24.520000	0.000000	1.7e-12
24.530000	0.000000	1.7e-12
24.540000	0.000000	1.7e-12
24.550000	0.000000	1.6e-12
24.560000	0.000000	1.6e-12
24.570000	0.000000	1.6e-12
24.580000	0.000000	1.6e-12
24.590000	0.000000	1.5e-12
24.600000	0.000000	1.5e-12
24.610000	0.000000	1.5e-12
24.620000	0.000000	1.5e-12
24.630000	0.000000	1.5e-12
24.640000	0.000000	1.4e-12
24.650000	0.000000	1.4e-12
24.660000	0.000000	1.4e-12
24.670000	0.000000	1.4e-12
24.680000	0.000000	1.4e-12
24.690000	0.000000	1.3e-12
24.700000	0.000000	1.3e-12
24.710000	0.000000	1.3e-12
24.720000	0.000000	1.3e-12
24.730000	0.000000	1.3e-12
24.740000	0.000000	1.3e-12
24.750000	0.000000	1.2e-12
24.760000	0.000000	1.2e-12
24.770000	0.000000	1.2e-12
24.780000	0.000000	1.2e-12
24.790000	0.000000	1.2e-12
24.800000	0.000000	1.2e-12
24.810000	0.000000	1.1e-12
24.820000	0.000000	1.1e-12
24.830000	0.000000	1.1e-12
24.840000	0.000000	1.1e-12
24.850000	0.000000	1.1e-12
24.860000	0.000000	1.0e-12
24.870000	0.000000	1.0e-12
24.880000	0.000000	1.0e-12
24.890000	0.000000	1.0e-12
24.900000	0.000000	9.9e-13
24.910000	0.000000	9.7e-13
24.920000	0.000000	9.6e-13
24.930000	0.000000	9.5e-13
24.940000	0.000000	9.4e-13
24.950000	0.000000	9.3e-13
24.960000	0.000000	9.1e-13
24.970000	0.000000	9.0e-13
24.980000	0.000000	8.9e-13
24.990000	0.000000	8.8e-13
25.000000	0.000000	8.7e-13
25.010000	0.000000	8.6e-13
25.020000	0.000000	8.4e-13
25.030000	0.000000	8.3e-13
25.040000	0.000000	8.2e-13
25.050000	0.000000	8.1e-13
25.060000	0.000000	8.0e-13
25.070000	0.000000	7.9e-13
25.080000	0.000000	7.7e-13
25.090000	0.000000	7.6e-13
25.100000	0.000000	7.5e-13
25.110000	0.000000	7.4e-13
25.120000	0.000000	7.3e-13
25.130000	0.000000	7.2e-13
25.140000	0.000000	7.0e-13
25.150000	0.000000	6.9e-13
25.160000	0.000000	6.8e-13
25.170000	0.000000	6.7e-13
25.180000	0.000000	6.6e-13
25.190000	0.000000	6.5e-13
25.200000	0.000000	6.4e-13
25.210000	0.000000	6.4e-13
25.220000	0.000000	6.3e-13
25.230000	0.000000	6.2e-13
25.240000	0.000000	6.1e-13
25.250000	0.000000	6.1e-13
25.260000	0.000000	6.0e-13
25.270000	0.000000	5.9e-13
25.280000	0.000000	5.8e-13
25.290000	0.000000	5.7e-13
25.300000	0.000000	5.7e-13
25.310000	0.000000	5.6e-13
25.320000	0.000000	5.5e-13
25.330000	0.000000	5.4e-13
25.340000	0.000000	5.3e-13
25.350000	0.000000	5.3e-13
25.360000	0.000000	5.2e-13
25.370000	0.000000	5.1e-13
25.380000	0.000000	5.0e-13
25.390000	0.000000	5.0e-13
25.400000	0.000000	4.9e-13
25.410000	0.000000	4.8e-13
25.420000	0.000000	4.7e-13
25.430000	0.000000	4.6e-13
25.440000	0.000000	4.6e-13
25.450000	0.000000	4.5e-13
25.460000	0.000000	4.4e-13
25.470000	0.000000	4.4e-13
25.480000	0.000000	4.3e-13
25.490000	0.000000	4.3e-13
25.500000	0.000000	4.2e-13
25.510000	0.000000	4.2e-13
25.520000	0.000000	4.1e-13
25.530000	0.000000	4.1e-13
25.540000	0.000000	4.0e-13
25.550000	0.000000	4.0e-13
25.560000	0.000000	3.9e-13
25.570000	0.000000	3.8e-13
25.580000	0.000000	3.8e-13
25.590000	0.000000	3.7e-13
25.600000	0.000000	3.7e-13
25.610000	0.000000	3.6e-13
25.620000	0.000000	3.6e-13
25.630000	0.000000	3.5e-13
25.640000	0.000000	3.5e-13
25.650000	0.000000	3.4e-13
25.660000	0.000000	3.4e-13
25.670000	0.000000	3.3e-13
25.680000	0.000000	3.3e-13
25.690000	0.000000	3.2e-13
25.700000	0.000000	3.2e-13
25.710000	0.000000	3.1e-13
25.720000	0.000000	3.1e-13
25.730000	0.000000	3.0e-13
25.740000	0.000000	3.0e-13
25.750000	0.000000	2.9e-13
25.760000	0.000000	2.9e-13
25.770000	0.000000	2.9e-13
25.780000	0.000000	2.8e-13
25.790000	0.000000	2.8e-13
25.800000	0.000000	2.8e-13
25.810000	0.000000	2.7e-13
25.820000	0.000000	2.7e-13
25.830000	0.000000	2.6e-13
25.840000	0.000000	2.6e-13
25.850000	0.000000	2.6e-13
25.860000	0.000000	2.5e-13
25.870000	0.000000	2.5e-13
25.880000	0.000000	2.5e-13
25.890000	0.000000	2.4e-13
25.900000	0.000000	2.4e-13
25.910000	0.000000	2.4e-13
25.920000	0.000000	2.3e-13
25.930000	0.000000	2.3e-13
25.940000	0.000000	2.3e-13
25.950000	0.000000	2.2e-13
25.960000	0.000000	2.2e-13
25.970000	0.000000	2.2e-13
25.980000	0.000000	2.1e-13
25.990000	0.000000	2.1e-13
26.000000	0.000000	2.1e-13
26.010000	0.000000	2.0e-13
26.020000	0.000000	2.0e-13
26.030000	0.000000	2.0e-13
26.040000	0.000000	1.9e-13
26.050000	0.000000	1.9e-13
26.060000	0.000000	1.9e-13
26.070000	0.000000	1.9e-13
26.080000	0.000000	1.8e-13
26.090000	0.000000	1.8e-13
26.100000	0.000000	1.8e-13
26.110000	0.000000	1.8e-13
26.120000	0.000000	1.8e-13
26.130000	0.000000	1.7e-13
26.140000	0.000000	1.7e-13
26.150000	0.000000	1.7e-13
26.160000	0.000000	1.7e-13
26.170000	0.000000	1.6e-13
26.180000	0.000000	1.6e-13
26.190000	0.000000	1.6e-13
26.200000	0.000000	1.6e-13
26.210000	0.000000	1.5e-13
26.220000	0.000000	1.5e-13
26.230000	0.000000	1.5e-13
26.240000	0.000000	1.5e-13
26.250000	0.000000	1.4e-13
26.260000	0.000000	1.4e-13
26.270000	0.000000	1.4e-13
26.280000	0.000000	1.4e-13
26.290000	0.000000	1.4e-13
26.300000	0.000000	1.3e-13
26.310000	0.000000	1.3e-13
26.320000	0.000000	1.3e-13
26.330000	0.000000	1.3e-13
26.340000	0.000000	1.3e-13
26.350000	0.000000	1.3e-13
26.360000	0.000000	1.2e-13
26.370000	0.000000	1.2e-13
26.380000	0.000000	1.2e-13
26.390000	0.000000	1.2e-13
26.400000	0.000000	1.2e-13
26.410000	0.000000	1.2e-13
26.420000	0.000000	1.1e-13
26.430000	0.000000	1.1e-13
26.440000	0.000000	1.1e-13
26.450000	0.000000	1.1e-13
26.460000	0.000000	1.1e-13
26.470000	0.000000	1.1e-13
26.480000	0.000000	1.0e-13
26.490000	0.000000	1.0e-13
26.500000	0.000000	1.0e-13
26.510000	0.000000	1.0e-13
26.520000	0.000000	9.9e-14
26.530000	0.000000	9.7e-14
26.540000	0.000000	9.5e-14
26.550000	0.000000	9.4e-14
26.560000	0.000000	9.2e-14
26.570000	0.000000	9.1e-14
26.580000	0.000000	9.0e-14
26.590000	0.000000	8.8e-14
26.600000	0.000000	8.7e-14
26.610000	0.000000	8.6e-14
26.620000	0.000000	8.5e-14
26.630000	0.000000	8.4e-14
26.640000	0.000000	8.3e-14
26.650000	0.000000	8.2e-14
26.660000	0.000000	8.1e-14
26.670000	0.000000	8.0e-14
26.680000	0.000000	7.9e-14
26.690000	0.000000	7.8e-14
26.700000	0.000000	7.7e-14
26.710000	0.000000	7.6e-14
26.720000	0.000000	7.5e-14
26.730000	0.000000	7.4e-14
26.740000	0.000000	7.3e-14
26.750000	0.000000	7.1e-14
26.760000	0.000000	7.0e-14
26.770000	0.000000	6.9e-14
26.780000	0.000000	6.8e-14
26.790000	0.000000	6.7e-14
26.800000	0.000000	6.6e-14
26.810000	0.000000	6.5e-14
26.820000	0.000000	6.4e-14
26.830000	0.000000	6.3e-14
26.840000	0.000000	6.2e-14
26.850000	0.000000	6.1e-14
26.860000	0.000000	6.0e-14
26.870000	0.000000	5.9e-14
26.880000	0.000000	5.9e-14
26.890000	0.000000	5.8e-14
26.900000	0.000000	5.7e-14
26.910000	0.000000	5.6e-14
26.920000	0.000000	5.6e-14
26.930000	0.000000	5.5e-14
26.940000	0.000000	5.4e-14
26.950000	0.000000	5.4e-14
26.960000	0.000000	5.3e-14
26.970000	0.000000	5.2e-14
26.980000	0.000000	5.1e-14
26.990000	0.000000	5.1e-14
27.000000	0.000000	5.0e-14
27.010000	0.000000	4.9e-14
27.020000	0.000000	4.9e-14
27.030000	0.000000	4.8e-14
27.040000	0.000000	4.7e-14
27.050000	0.000000	4.7e-14
27.060000	0.000000	4.6e-14
27.070000	0.000000	4.5e-14
27.080000	0.000000	4.4e-14
27.090000	0.000000	4.4e-14
27.100000	0.000000	4.3e-14
27.110000	0.000000	4.2e-14
27.120000	0.000000	4.2e-14
27.130000	0.000000	4.1e-14
27.140000	0.000000	4.0e-14
27.150000	0.000000	4.0e-14
27.160000	0.000000	3.9e-14
27.170000	0.000000	3.9e-14
27.180000	0.000000	3.8e-14
27.190000	0.000000	3.8e-14
27.200000	0.000000	3.7e-14
27.210000	0.000000	3.7e-14
27.220000	0.000000	3.6e-14
27.230000	0.000000	3.6e-14
27.240000	0.000000	3.5e-14
27.250000	0.000000	3.5e-14
27.260000	0.000000	3.5e-14
27.270000	0.000000	3.4e-14
27.280000	0.000000	3.4e-14
27.290000	0.000000	3.3e-14
27.300000	0.000000	3.3e-14
27.310000	0.000000	3.2e-14
27.320000	0.000000	3.2e-14
27.330000	0.000000	3.1e-14
27.340000	0.000000	3.1e-14
27.350000	0.000000	3.0e-14
27.360000	0.000000	3.0e-14
27.370000	0.000000	2.9e-14
27.380000	0.000000	2.9e-14
27.390000	0.000000	2.8e-14
27.400000	0.000000	2.8e-14
27.410000	0.000000	2.7e-14
27.420000	0.000000	2.7e-14
27.430000	0.000000	2.7e-14
27.440000	0.000000	2.6e-14
27.450000	0.000000	2.6e-14
27.460000	0.000000	2.6e-14
27.470000	0.000000	2.5e-14
27.480000	0.000000	2.5e-14
27.490000	0.000000	2.5e-14
27.500000	0.000000	2.4e-14
27.510000	0.000000	2.4e-14
27.520000	0.000000	2.4e-14
27.530000	0.000000	2.3e-14
27.540000	0.000000	2.3e-14
27.550000	0.000000	2.3e-14
27.560000	0.000000	2.3e-14
27.570000	0.000000	2.2e-14
27.580000	0.000000	2.2e-14
27.590000	0.000000	2.2e-14
27.600000	0.000000	2.1e-14
27.610000	0.000000	2.1e-14
27.620000	0.000000	2.1e-14
27.630000	0.000000	2.0e-14
27.640000	0.000000	2.0e-14
27.650000	0.000000	2.0e-14
27.660000	0.000000	1.9e-14
27.670000	0.000000	1.9e-14
27.680000	0.000000	1.9e-14
27.690000	0.000000	1.8e-14
27.700000	0.000000	1.8e-14
27.710000	0.000000	1.8e-14
27.720000	0.000000	1.8e-14
27.730000	0.000000	1.7e-14
27.740000	0.000000	1.7e-14
27.750000	0.000000	1.7e-14
27.760000	0.000000	1.7e-14
27.770000	0.000000	1.7e-14
27.780000	0.000000	1.6e-14
27.790000	0.000000	1.6e-14
27.800000	0.000000	1.6e-14
27.810000	0.000000	1.6e-14
27.820000	0.000000	1.6e-14
27.830000	0.000000	1.5e-14
27.840000	0.000000	1.5e-14
27.850000	0.000000	1.5e-14
27.860000	0.000000	1.5e-14
27.870000	0.000000	1.4e-14
27.880000	0.000000	1.4e-14
27.890000	0.000000	1.4e-14
27.900000	0.000000	1.4e-14
27.910000	0.000000	1.4e-14
27.920000	0.000000	1.3e-14
27.930000	0.000000	1.3e-14
27.940000	0.000000	1.3e-14
27.950000	0.000000	1.3e-14
27.960000	0.000000	1.3e-14
27.970000	0.000000	1.2e-14
27.980000	0.000000	1.2e-14
27.990000	0.000000	1.2e-14
28.000000	0.000000	1.2e-14
28.010000	0.000000	1.2e-14
28.020000	0.000000	1.2e-14
28.030000	0.000000	1.1e-14
28.040000	0.000000	1.1e-14
28.050000	0.000000	1.1e-14
28.060000	0.000000	1.1e-14
28.070000	0.000000	1.1e-14
28.080000	0.000000	1.1e-14
28.090000	0.000000	1.1e-14
28.100000	0.000000	1.0e-14
28.110000	0.000000	1.0e-14
28.120000	0.000000	1.0e-14
28.130000	0.000000	1.0e-14
28.140000	0.000000	9.9e-15
28.150000	0.000000	9.7e-15
28.160000	0.000000	9.6e-15
28.170000	0.000000	9.4e-15
28.180000	0.000000	9.3e-15
28.190000	0.000000	9.2e-15
28.200000	0.000000	9.0e-15
28.210000	0.000000	8.9e-15
28.220000	0.000000	8.7e-15
28.230000	0.000000	8.6e-15
28.240000	0.000000	8.4e-15
28.250000	0.000000	8.3e-15
28.260000	0.000000	8.2e-15
28.270000	0.000000	8.1e-15
28.280000	0.000000	8.0e-15
28.290000	0.000000	7.9e-15
28.300000	0.000000	7.8e-15
28.310000	0.000000	7.7e-15
28.320000	0.000000	7.6e-15
28.330000	0.000000	7.5e-15
28.340000	0.000000	7.4e-15
28.350000	0.000000	7.3e-15
28.360000	0.000000	7.2e-15
28.370000	0.000000	7.1e-15
28.380000	0.000000	7.0e-15
28.390000	0.000000	6.9e-15
28.400000	0.000000	6.8e-15
28.410000	0.000000	6.7e-15
28.420000	0.000000	6.6e-15
28.430000	0.000000	6.5e-15
28.440000	0.000000	6.4e-15
28.450000	0.000000	6.3e-15
28.460000	0.000000	6.2e-15
28.470000	0.000000	6.1e-15
28.480000	0.000000	6.1e-15
28.490000	0.000000	6.0e-15
28.500000	0.000000	5.9e-15
28.510000	0.000000	5.8e-15
28.520000	0.000000	5.7e-15
28.530000	0.000000	5.6e-15
28.540000	0.000000	5.5e-15
28.550000	0.000000	5.4e-15
28.560000	0.000000	5.3e-15
28.570000	0.000000	5.3e-15
28.580000	0.000000	5.2e-15
28.590000	0.000000	5.2e-15
28.600000	0.000000	5.1e-15
28.610000	0.000000	5.0e-15
28.620000	0.000000	5.0e-15
28.630000	0.000000	4.9e-15
28.640000	0.000000	4.8e-15
28.650000	0.000000	4.8e-15
28.660000	0.000000	4.7e-15
28.670000	0.000000	4.6e-15
28.680000	0.000000	4.6e-15
28.690000	0.000000	4.5e-15
28.700000	0.000000	4.4e-15
28.710000	0.000000	4.4e-15
28.720000	0.000000	4.3e-15
28.730000	0.000000	4.3e-15
28.740000	0.000000	4.2e-15
28.750000	0.000000	4.1e-15
28.760000	0.000000	4.1e-15
28.770000	0.000000	4.0e-15
28.780000	0.000000	3.9e-15
28.790000	0.000000	3.9e-15
28.800000	0.000000	3.8e-15
28.810000	0.000000	3.7e-15
28.820000	0.000000	3.7e-15
28.830000	0.000000	3.6e-15
28.840000	0.000000	3.6e-15
28.850000	0.000000	3.5e-15
28.860000	0.000000	3.5e-15
28.870000	0.000000	3.5e-15
28.880000	0.000000	3.4e-15
28.890000	0.000000	3.4e-15
28.900000	0.000000	3.3e-15
28.910000	0.000000	3.3e-15
28.920000	0.000000	3.2e-15
28.930000	0.000000	3.2e-15
28.940000	0.000000	3.2e-15
28.950000	0.000000	3.1e-15
28.960000	0.000000	3.1e-15
28.970000	0.000000	3.0e-15
28.980000	0.000000	3.0e-15
28.990000	0.000000	2.9e-15
29.000000	0.000000	2.9e-15
29.010000	0.000000	2.9e-15
29.020000	0.000000	2.8e-15
29.030000	0.000000	2.8e-15
29.040000	0.000000	2.7e-15
29.050000	0.000000	2.7e-15
29.060000	0.000000	2.6e-15
29.070000	0.000000	2.6e-15
29.080000	0.000000	2.6e-15
29.090000	0.000000	2.5e-15
29.100000	0.000000	2.5e-15
29.110000	0.000000	2.4e-15
29.120000	0.000000	2.4e-15
29.130000	0.000000	2.4e-15
29.140000	0.000000	2.4e-15
29.150000	0.000000	2.3e-15
29.160000	0.000000	2.3e-15
29.170000	0.000000	2.3e-15
29.180000	0.000000	2.2e-15
29.190000	0.000000	2.2e-15
29.200000	0.000000	2.2e-15
29.210000	0.000000	2.2e-15
29.220000	0.000000	2.1e-15
29.230000	0.000000	2.1e-15
29.240000	0.000000	2.1e-15
29.250000	0.000000	2.0e-15
29.260000	0.000000	2.0e-15
29.270000	0.000000	2.0e-15
29.280000	0.000000	2.0e-15
29.290000	0.000000	1.9e-15
29.300000	0.000000	1.9e-15
29.310000	0.000000	1.9e-15
29.320000	0.000000	1.8e-15
29.330000	0.000000	1.8e-15
29.340000	0.000000	1.8e-15
29.350000	0.000000	1.7e-15
29.360000	0.000000	1.7e-15
29.370000	0.000000	1.7e-15
29.380000	0.000000	1.7e-15
29.390000	0.000000	1.6e-15
29.400000	0.000000	1.6e-15
29.410000	0.000000	1.6e-15
29.420000	0.000000	1.6e-15
29.430000	0.000000	1.6e-15
29.440000	0.000000	1.5e-15
29.450000	0.000000	1.5e-15
29.460000	0.000000	1.5e-15
29.470000	0.000000	1.5e-15
29.480000	0.000000	1.5e-15
29.490000	0.000000	1.4e-15
29.500000	0.000000	1.4e-15
29.510000	0.000000	1.4e-15
29.520000	0.000000	1.4e-15
29.530000	0.000000	1.4e-15
29.540000	0.000000	1.3e-15
29.550000	0.000000	1.3e-15
29.560000	0.000000	1.3e-15
29.570000	0.000000	1.3e-15
29.580000	0.000000	1.3e-15
29.590000	0.000000	1.3e-15
29.600000	0.000000	1.2e-15
29.610000	0.000000	1.2e-15
29.620000	0.000000	1.2e-15
29.630000	0.000000	1.2e-15
29.640000	0.000000	1.2e-15
29.650000	0.000000	1.1e-15
29.660000	0.000000	1.1e-15
29.670000	0.000000	1.1e-15
29.680000	0.000000	1.1e-15
29.690000	0.000000	1.1e-15
29.700000	0.000000	1.1e-15
29.710000	0.000000	1.0e-15
29.720000	0.000000	1.0e-15
29.730000	0.000000	1.0e-15
29.740000	0.000000	1.0e-15
29.750000	0.000000	1.0e-15
29.760000	0.000000	9.8e-16
29.770000	0.000000	9.7e-16
29.780000	0.000000	9.6e-16
29.790000	0.000000	9.4e-16
29.800000	0.000000	9.3e-16
29.810000	0.000000	9.2e-16
29.820000	0.000000	9.1e-16
29.830000	0.000000	8.9e-16
29.840000	0.000000	8.8e-16
29.850000	0.000000	8.7e-16
29.860000	0.000000	8.5e-16
29.870000	0.000000	8.4e-16
29.880000	0.000000	8.3e-16
29.890000	0.000000	8.2e-16
29.900000	0.000000	8.0e-16
29.910000	0.000000	7.9e-16
29.920000	0.000000	7.8e-16
29.930000	0.000000	7.6e-16
29.940000	0.000000	7.5e-16
29.950000	0.000000	7.4e-16
29.960000	0.000000	7.3e-16
29.970000	0.000000	7.2e-16
29.980000	0.000000	7.1e-16
29.990000	0.000000	7.0e-16
30.000000	0.000000	6.9e-16
30.010000	0.000000	6.9e-16
30.020000	0.000000	6.8e-16
30.030000	0.000000	6.7e-16
30.040000	0.000000	6.6e-16
30.050000	0.000000	6.5e-16
30.060000	0.000000	6.4e-16
30.070000	0.000000	6.3e-16
30.080000	0.000000	6.3e-16
30.090000	0.000000	6.2e-16
