0.100000	0.000000	761833.490979
0.110000	0.000000	972689.732194
0.120000	0.000000	434561.214130
0.130000	0.000000	631380.045918
0.140000	0.000000	255799.006937
0.150000	0.000000	99740.648741
0.160000	0.000000	85202.166570
0.170000	0.000000	76260.226964
0.180000	0.000000	88242.062216
0.190000	0.000000	87628.695158
0.200000	0.000000	73449.882954
0.210000	0.000000	76766.607855
0.220000	0.000000	67177.776823
0.230000	0.000000	78267.169816
0.240000	0.000000	87555.529367
0.250000	0.000000	65220.044152
0.260000	0.000000	93599.212041
0.270000	0.000000	44283.252373
0.280000	0.000000	70467.490399
0.290000	0.000000	45910.298168
0.300000	0.000000	48716.263529
0.310000	0.000000	36762.308388
0.320000	0.000000	33836.033878
0.330000	0.000000	38370.748609
0.340000	0.000000	34254.391946
0.350000	0.000000	28725.141851
0.360000	0.000000	40613.037000
0.370000	0.000000	45639.848382
0.380000	0.000000	25497.748184
0.390000	0.000000	27924.363285
0.400000	0.000000	22799.619444
0.410000	0.000000	20932.110711
0.420000	0.000000	22505.488028
0.430000	0.000000	22165.740424
0.440000	0.000000	17918.699215
0.450000	0.000000	18855.053374
0.460000	0.000000	16298.087286
0.470000	0.000000	16259.179429
0.480000	0.000000	14944.123956
0.490000	0.000000	25578.350870
0.500000	0.000000	20507.361020
0.510000	0.000000	12748.100179
0.520000	0.000000	13582.384346
0.530000	0.000000	13736.789980
0.540000	0.000000	11835.042229
0.550000	0.000000	12445.590487
0.560000	0.000000	16365.221642
0.570000	0.000000	18059.426352
0.580000	0.000000	12101.386535
0.590000	0.000000	12001.381358
0.600000	0.000000	9603.424709
0.610000	0.000000	10203.267360
0.620000	0.000000	12406.222724
0.630000	0.000000	10458.627656
0.640000	0.000000	9386.461683
0.650000	0.000000	115411.056269
0.660000	0.000000	67136.569163
0.670000	0.000000	13443.798159
0.680000	0.000000	10179.000935
0.690000	0.000000	32224.557776
0.700000	0.000000	41160.962242
0.710000	0.000000	112946.580792
0.720000	0.000000	241073.075143
0.730000	0.000000	37727.136037
0.740000	0.000000	125163.783513
0.750000	0.000000	19845.941861
0.760000	0.000000	82402.617500
0.770000	0.000000	182155.204259
0.780000	0.000000	68811.055588
0.790000	0.000000	63041.044943
0.800000	0.000000	99742.140225
0.810000	0.000000	76332.169078
0.820000	0.000000	204917.079981
0.830000	0.000000	125133.001253
0.840000	0.000000	71836.858747
0.850000	0.000000	101281.228551
0.860000	0.000000	150178.014566
0.870000	0.000000	145864.407793
0.880000	0.000000	53249.004024
0.890000	0.000000	63886.472391
0.900000	0.000000	83593.676084
0.910000	0.000000	119531.111232
0.920000	0.000000	69672.169316
0.930000	0.000000	28301.755633
0.940000	0.000000	29168.054745
0.950000	0.000000	41155.743113
0.960000	0.000000	53813.319780
0.970000	0.000000	23661.066312
0.980000	0.000000	17238.934882
0.990000	0.000000	27368.251176
1.000000	0.000000	40109.605259
1.010000	0.000000	67554.159838
1.020000	0.000000	47598.025087
1.030000	0.000000	7943.864021
1.040000	0.000000	9329.569642
1.050000	0.000000	10104.096073
1.060000	0.000000	10143.618022
1.070000	0.000000	23591.162335
1.080000	0.000000	19948.477299
1.090000	0.000000	20919.354432
1.100000	0.000000	15924.572466
1.110000	0.000000	13131.854534
1.120000	0.000000	10973.254605
1.130000	0.000000	5862.399357
1.140000	0.000000	15314.141598
1.150000	0.000000	10442.426438
1.160000	0.000000	14830.959372
1.170000	0.000000	15625.376031
1.180000	0.000000	10755.218301
1.190000	0.000000	7091.554446
1.200000	0.000000	7234.996610
1.210000	0.000000	8042.030873
1.220000	0.000000	5541.384398
1.230000	0.000000	4293.852651
1.240000	0.000000	4442.087104
1.250000	0.000000	5350.390564
1.260000	0.000000	3342.179779
1.270000	0.000000	8268.425466
1.280000	0.000000	2812.054130
1.290000	0.000000	2514.214249
1.300000	0.000000	3324.491367
1.310000	0.000000	3485.635398
1.320000	0.000000	2729.822586
1.330000	0.000000	2834.852906
1.340000	0.000000	3221.989217
1.350000	0.000000	2664.900224
1.360000	0.000000	2291.176786
1.370000	0.000000	2228.622113
1.380000	0.000000	1684.464404
1.390000	0.000000	1700.798762
1.400000	0.000000	1874.051154
1.410000	0.000000	1531.961072
1.420000	0.000000	1595.329073
1.430000	0.000000	1570.329566
1.440000	0.000000	1715.412635
1.450000	0.000000	1293.923352
1.460000	0.000000	1318.584516
1.470000	0.000000	1195.023967
1.480000	0.000000	1217.107443
1.490000	0.000000	1169.095352
1.500000	0.000000	1103.491273
1.510000	0.000000	1074.592978
1.520000	0.000000	1072.700835
1.530000	0.000000	1054.741274
1.540000	0.000000	1010.295392
1.550000	0.000000	969.881314
1.560000	0.000000	947.952477
1.570000	0.000000	943.110051
1.580000	0.000000	917.619476
1.590000	0.000000	892.041474
1.600000	0.000000	902.087528
1.610000	0.000000	880.476304
1.620000	0.000000	839.562645
1.630000	0.000000	816.461716
1.640000	0.000000	799.398883
1.650000	0.000000	799.335101
1.660000	0.000000	775.525175
1.670000	0.000000	753.811559
1.680000	0.000000	738.973688
1.690000	0.000000	723.665968
1.700000	0.000000	708.797882
1.710000	0.000000	694.612412
1.720000	0.000000	679.675396
1.730000	0.000000	665.924920
1.740000	0.000000	652.432519
1.750000	0.000000	640.326722
1.760000	0.000000	624.447425
1.770000	0.000000	610.954185
1.780000	0.000000	597.418382
1.790000	0.000000	585.519704
1.800000	0.000000	574.702680
1.810000	0.000000	562.868459
1.820000	0.000000	552.061375
1.830000	0.000000	541.563250
1.840000	0.000000	531.094509
1.850000	0.000000	520.659347
1.860000	0.000000	510.270491
1.870000	0.000000	500.292561
1.880000	0.000000	490.816025
1.890000	0.000000	481.442759
1.900000	0.000000	472.140436
1.910000	0.000000	462.830348
1.920000	0.000000	453.549401
1.930000	0.000000	444.358926
1.940000	0.000000	435.163850
1.950000	0.000000	425.760308
1.960000	0.000000	416.773125
1.970000	0.000000	407.803872
1.980000	0.000000	399.249157
1.990000	0.000000	391.574691
2.000000	0.000000	384.284053
2.010000	0.000000	377.105731
2.020000	0.000000	369.990233
2.030000	0.000000	362.989762
2.040000	0.000000	356.082084
2.050000	0.000000	349.285951
2.060000	0.000000	342.829196
2.070000	0.000000	336.688338
2.080000	0.000000	330.381370
2.090000	0.000000	324.183921
2.100000	0.000000	318.069519
2.110000	0.000000	312.147462
2.120000	0.000000	345.974142
2.130000	0.000000	320.578753
2.140000	0.000000	313.021659
2.150000	0.000000	337.196286
2.160000	0.000000	298.186392
2.170000	0.000000	275.717228
2.180000	0.000000	270.201338
2.190000	0.000000	264.977667
2.200000	0.000000	260.015832
2.210000	0.000000	255.155259
2.220000	0.000000	250.338716
2.230000	0.000000	245.575256
2.240000	0.000000	240.952937
2.250000	0.000000	236.622175
2.260000	0.000000	232.513899
2.270000	0.000000	228.979021
2.280000	0.000000	224.392720
2.290000	0.000000	220.584223
2.300000	0.000000	220.982104
2.310000	0.000000	212.645113
2.320000	0.000000	207.591355
2.330000	0.000000	203.612312
2.340000	0.000000	199.658274
2.350000	0.000000	195.738219
2.360000	0.000000	191.959409
2.370000	0.000000	188.294524
2.380000	0.000000	184.643690
2.390000	0.000000	181.012087
2.400000	0.000000	177.482613
2.410000	0.000000	174.150110
2.420000	0.000000	170.905369
2.430000	0.000000	167.691084
2.440000	0.000000	164.609541
2.450000	0.000000	161.513953
2.460000	0.000000	160.366094
2.470000	0.000000	156.241455
2.480000	0.000000	153.150345
2.490000	0.000000	150.370507
2.500000	0.000000	147.637289
2.510000	0.000000	148.970181
2.520000	0.000000	145.067012
2.530000	0.000000	139.535023
2.540000	0.000000	136.906961
2.550000	0.000000	134.351545
2.560000	0.000000	131.905530
2.570000	0.000000	129.665202
2.580000	0.000000	127.679643
2.590000	0.000000	124.772114
2.600000	0.000000	122.222866
2.610000	0.000000	119.762281
2.620000	0.000000	117.380489
2.630000	0.000000	115.533591
2.640000	0.000000	114.962178
2.650000	0.000000	111.530445
2.660000	0.000000	109.157285
2.670000	0.000000	107.224884
2.680000	0.000000	105.305343
2.690000	0.000000	103.533868
2.700000	0.000000	102.126467
2.710000	0.000000	100.302385
2.720000	0.000000	98.145359
2.730000	0.000000	96.803063
2.740000	0.000000	98.738044
2.750000	0.000000	106.659040
2.760000	0.000000	98.037431
2.770000	0.000000	100.575173
2.780000	0.000000	118.942039
2.790000	0.000000	87.131330
2.800000	0.000000	84.544843
2.810000	0.000000	82.914454
2.820000	0.000000	81.321532
2.830000	0.000000	79.776088
2.840000	0.000000	78.315869
2.850000	0.000000	76.905130
2.860000	0.000000	75.547824
2.870000	0.000000	74.294768
2.880000	0.000000	73.008725
2.890000	0.000000	71.637051
2.900000	0.000000	70.352231
2.910000	0.000000	69.085906
2.920000	0.000000	67.891591
2.930000	0.000000	66.714844
2.940000	0.000000	65.519294
2.950000	0.000000	64.395327
2.960000	0.000000	63.401211
2.970000	0.000000	62.064876
2.980000	0.000000	60.979778
2.990000	0.000000	59.893345
3.000000	0.000000	58.842881
3.010000	0.000000	57.738122
3.020000	0.000000	56.634303
3.030000	0.000000	56.135131
3.040000	0.000000	55.418022
3.050000	0.000000	53.935777
3.060000	0.000000	52.574794
3.070000	0.000000	52.168688
3.080000	0.000000	52.980719
3.090000	0.000000	71.474306
3.100000	0.000000	178.805050
3.110000	0.000000	76.095790
3.120000	0.000000	120.052520
3.130000	0.000000	236.536528
3.140000	0.000000	67.977308
3.150000	0.000000	44.672524
3.160000	0.000000	43.862560
3.170000	0.000000	43.156825
3.180000	0.000000	42.490540
3.190000	0.000000	41.742400
3.200000	0.000000	41.677716
3.210000	0.000000	41.093735
3.220000	0.000000	39.643484
3.230000	0.000000	38.837549
3.240000	0.000000	38.113494
3.250000	0.000000	37.430971
3.260000	0.000000	37.018022
3.270000	0.000000	37.764641
3.280000	0.000000	35.666487
3.290000	0.000000	34.875461
3.300000	0.000000	34.250281
3.310000	0.000000	33.932985
3.320000	0.000000	33.554238
3.330000	0.000000	32.546771
3.340000	0.000000	31.810589
3.350000	0.000000	31.560615
3.360000	0.000000	30.988760
3.370000	0.000000	30.221064
3.380000	0.000000	29.653637
3.390000	0.000000	29.166456
3.400000	0.000000	28.685675
3.410000	0.000000	28.228206
3.420000	0.000000	27.763956
3.430000	0.000000	27.539850
3.440000	0.000000	27.334956
3.450000	0.000000	26.407616
3.460000	0.000000	25.923329
3.470000	0.000000	28.630701
3.480000	0.000000	25.790273
3.490000	0.000000	25.689359
3.500000	0.000000	27.080091
3.510000	0.000000	24.936316
3.520000	0.000000	23.251473
3.530000	0.000000	22.762666
3.540000	0.000000	22.370450
3.550000	0.000000	22.031200
3.560000	0.000000	21.671693
3.570000	0.000000	21.313583
3.580000	0.000000	21.218620
3.590000	0.000000	20.979639
3.600000	0.000000	21.534167
3.610000	0.000000	29.609151
3.620000	0.000000	21.845196
3.630000	0.000000	19.241449
3.640000	0.000000	18.937352
3.650000	0.000000	18.504074
3.660000	0.000000	18.172967
3.670000	0.000000	18.277825
3.680000	0.000000	23.987844
3.690000	0.000000	21.118750
3.700000	0.000000	16.949444
3.710000	0.000000	16.635837
3.720000	0.000000	16.338908
3.730000	0.000000	16.070053
3.740000	0.000000	15.824447
3.750000	0.000000	15.559723
3.760000	0.000000	15.257940
3.770000	0.000000	15.286622
3.780000	0.000000	18.109860
3.790000	0.000000	16.385346
3.800000	0.000000	14.817382
3.810000	0.000000	14.420446
3.820000	0.000000	13.828451
3.830000	0.000000	13.678292
3.840000	0.000000	15.067993
3.850000	0.000000	27.640700
3.860000	0.000000	35.056872
3.870000	0.000000	28.414818
3.880000	0.000000	21.881143
3.890000	0.000000	28.692412
3.900000	0.000000	30.105803
3.910000	0.000000	11.780415
3.920000	0.000000	11.582568
3.930000	0.000000	11.407298
3.940000	0.000000	11.165048
3.950000	0.000000	10.979357
3.960000	0.000000	11.915605
3.970000	0.000000	10.654731
3.980000	0.000000	10.415275
3.990000	0.000000	10.237219
4.000000	0.000000	10.473931
4.010000	0.000000	10.065167
4.020000	0.000000	9.749099
4.030000	0.000000	9.765183
4.040000	0.000000	9.699643
4.050000	0.000000	9.502958
4.060000	0.000000	9.304313
4.070000	0.000000	9.074756
4.080000	0.000000	8.870496
4.090000	0.000000	8.644982
4.100000	0.000000	8.508559
4.110000	0.000000	8.378161
4.120000	0.000000	8.399041
4.130000	0.000000	8.112784
4.140000	0.000000	7.986325
4.150000	0.000000	7.839924
4.160000	0.000000	7.700544
4.170000	0.000000	7.564663
4.180000	0.000000	7.433370
4.190000	0.000000	7.309516
4.200000	0.000000	7.189121
4.210000	0.000000	7.069461
4.220000	0.000000	6.950736
4.230000	0.000000	6.869965
4.240000	0.000000	6.799926
4.250000	0.000000	6.637933
4.260000	0.000000	6.512831
4.270000	0.000000	6.413568
4.280000	0.000000	6.298606
4.290000	0.000000	6.189629
4.300000	0.000000	6.081449
4.310000	0.000000	5.979441
4.320000	0.000000	5.874786
4.330000	0.000000	5.842994
4.340000	0.000000	5.708917
4.350000	0.000000	5.586998
4.360000	0.000000	5.493520
4.370000	0.000000	5.398492
4.380000	0.000000	5.302999
4.390000	0.000000	5.211746
4.400000	0.000000	5.120227
4.410000	0.000000	5.030673
4.420000	0.000000	4.949455
4.430000	0.000000	4.878931
4.440000	0.000000	4.785159
4.450000	0.000000	4.708445
4.460000	0.000000	4.669244
4.470000	0.000000	4.589237
4.480000	0.000000	4.681298
4.490000	0.000000	4.459570
4.500000	0.000000	6.146352
4.510000	0.000000	5.255696
4.520000	0.000000	4.364291
4.530000	0.000000	4.164965
4.540000	0.000000	4.083996
4.550000	0.000000	3.988117
4.560000	0.000000	3.922694
4.570000	0.000000	4.229362
4.580000	0.000000	4.593736
4.590000	0.000000	3.726260
4.600000	0.000000	3.662760
4.610000	0.000000	3.602017
4.620000	0.000000	3.546159
4.630000	0.000000	3.475839
4.640000	0.000000	3.414682
4.650000	0.000000	3.366243
4.660000	0.000000	3.301967
4.670000	0.000000	3.247148
4.680000	0.000000	3.227623
4.690000	0.000000	3.206971
4.700000	0.000000	3.233958
4.710000	0.000000	3.432721
4.720000	0.000000	3.520887
4.730000	0.000000	3.325289
4.740000	0.000000	3.089762
4.750000	0.000000	2.936643
4.760000	0.000000	2.886248
4.770000	0.000000	2.759133
4.780000	0.000000	2.714006
4.790000	0.000000	2.670071
4.800000	0.000000	2.624179
4.810000	0.000000	2.603925
4.820000	0.000000	3.121197
4.830000	0.000000	2.689105
4.840000	0.000000	2.472827
4.850000	0.000000	2.456246
4.860000	0.000000	2.392126
4.870000	0.000000	2.323718
4.880000	0.000000	2.283080
4.890000	0.000000	2.245264
4.900000	0.000000	2.209809
4.910000	0.000000	2.176023
4.920000	0.000000	2.169256
4.930000	0.000000	2.197644
4.940000	0.000000	2.075468
4.950000	0.000000	2.042138
4.960000	0.000000	2.009639
4.970000	0.000000	1.975770
4.980000	0.000000	1.989155
4.990000	0.000000	1.918715
5.000000	0.000000	1.880619
5.010000	0.000000	1.850060
5.020000	0.000000	1.839045
5.030000	0.000000	1.801172
5.040000	0.000000	1.770450
5.050000	0.000000	1.744596
5.060000	0.000000	1.708594
5.070000	0.000000	1.678011
5.080000	0.000000	1.649351
5.090000	0.000000	1.615612
5.100000	0.000000	1.588196
5.110000	0.000000	1.559551
5.120000	0.000000	1.533113
5.130000	0.000000	1.511112
5.140000	0.000000	1.488284
5.150000	0.000000	1.467121
5.160000	0.000000	1.444591
5.170000	0.000000	1.420777
5.180000	0.000000	1.398122
5.190000	0.000000	1.375947
5.200000	0.000000	1.354024
5.210000	0.000000	1.331970
5.220000	0.000000	1.310282
5.230000	0.000000	1.289157
5.240000	0.000000	1.268294
5.250000	0.000000	1.247917
5.260000	0.000000	1.227785
5.270000	0.000000	1.207826
5.280000	0.000000	1.187878
5.290000	0.000000	1.168113
5.300000	0.000000	1.147696
5.310000	0.000000	1.127485
5.320000	0.000000	1.107787
5.330000	0.000000	1.088397
5.340000	0.000000	1.069570
5.350000	0.000000	1.051013
5.360000	0.000000	1.033790
5.370000	0.000000	1.017498
5.380000	0.000000	1.001729
5.390000	0.000000	0.986421
5.400000	0.000000	0.971381
5.410000	0.000000	0.956487
5.420000	0.000000	0.941859
5.430000	0.000000	0.927483
5.440000	0.000000	0.913199
5.450000	0.000000	0.899714
5.460000	0.000000	0.889002
5.470000	0.000000	0.872375
5.480000	0.000000	0.855830
5.490000	0.000000	0.858718
5.500000	0.000000	0.839358
5.510000	0.000000	0.818177
5.520000	0.000000	0.802692
5.530000	0.000000	0.797040
5.540000	0.000000	0.782845
5.550000	0.000000	0.763312
5.560000	0.000000	0.749452
5.570000	0.000000	0.743153
5.580000	0.000000	0.733060
5.590000	0.000000	0.709987
5.600000	0.000000	0.700337
5.610000	0.000000	0.696452
5.620000	0.000000	0.683798
5.630000	0.000000	0.685778
5.640000	0.000000	0.665547
5.650000	0.000000	0.649935
5.660000	0.000000	0.638168
5.670000	0.000000	0.631539
5.680000	0.000000	0.617709
5.690000	0.000000	0.605682
5.700000	0.000000	0.595979
5.710000	0.000000	0.586705
5.720000	0.000000	0.577475
5.730000	0.000000	0.568323
5.740000	0.000000	0.559220
5.750000	0.000000	0.551244
5.760000	0.000000	0.544243
5.770000	0.000000	0.533927
5.780000	0.000000	0.524299
5.790000	0.000000	0.514930
5.800000	0.000000	0.506414
5.810000	0.000000	0.496496
5.820000	0.000000	0.487805
5.830000	0.000000	0.479465
5.840000	0.000000	0.471496
5.850000	0.000000	0.464115
5.860000	0.000000	0.457491
5.870000	0.000000	0.450443
5.880000	0.000000	0.444407
5.890000	0.000000	0.437422
5.900000	0.000000	0.429922
5.910000	0.000000	0.423738
5.920000	0.000000	0.416992
5.930000	0.000000	0.410180
5.940000	0.000000	0.404219
5.950000	0.000000	0.399032
5.960000	0.000000	0.391938
5.970000	0.000000	0.384872
5.980000	0.000000	0.380010
5.990000	0.000000	0.374139
6.000000	0.000000	0.366957
6.010000	0.000000	0.360618
6.020000	0.000000	0.355544
6.030000	0.000000	0.349918
6.040000	0.000000	0.343081
6.050000	0.000000	0.336777
6.060000	0.000000	0.331737
6.070000	0.000000	0.326258
6.080000	0.000000	0.319962
6.090000	0.000000	0.314602
6.100000	0.000000	0.309985
6.110000	0.000000	0.305810
6.120000	0.000000	0.301102
6.130000	0.000000	0.296288
6.140000	0.000000	0.291191
6.150000	0.000000	0.286472
6.160000	0.000000	0.281785
6.170000	0.000000	0.277561
6.180000	0.000000	0.273240
6.190000	0.000000	0.269080
6.200000	0.000000	0.264983
6.210000	0.000000	0.260836
6.220000	0.000000	0.256739
6.230000	0.000000	0.252641
6.240000	0.000000	0.248554
6.250000	0.000000	0.244594
6.260000	0.000000	0.240657
6.270000	0.000000	0.236713
6.280000	0.000000	0.232780
6.290000	0.000000	0.228746
6.300000	0.000000	0.224848
6.310000	0.000000	0.220957
6.320000	0.000000	0.217559
6.330000	0.000000	0.214263
6.340000	0.000000	0.210398
6.350000	0.000000	0.207025
6.360000	0.000000	0.203857
6.370000	0.000000	0.200761
6.380000	0.000000	0.197691
6.390000	0.000000	0.194927
6.400000	0.000000	0.194059
6.410000	0.000000	0.246216
6.420000	0.000000	0.371105
6.430000	0.000000	0.394293
6.440000	0.000000	0.214353
6.450000	0.000000	0.279158
6.460000	0.000000	0.407977
6.470000	0.000000	0.353207
6.480000	0.000000	0.205828
6.490000	0.000000	0.681319
6.500000	0.000000	0.665025
6.510000	0.000000	0.297782
6.520000	0.000000	0.197477
6.530000	0.000000	0.304104
6.540000	0.000000	0.306872
6.550000	0.000000	0.214439
6.560000	0.000000	0.162698
6.570000	0.000000	0.210231
6.580000	0.000000	0.242699
6.590000	0.000000	0.176282
6.600000	0.000000	0.160858
6.610000	0.000000	0.173652
6.620000	0.000000	0.162720
6.630000	0.000000	0.139110
6.640000	0.000000	0.140711
6.650000	0.000000	0.147940
6.660000	0.000000	0.135041
6.670000	0.000000	0.132774
6.680000	0.000000	0.125758
6.690000	0.000000	0.123136
6.700000	0.000000	0.124280
6.710000	0.000000	0.120159
6.720000	0.000000	0.115376
6.730000	0.000000	0.113064
6.740000	0.000000	0.111250
6.750000	0.000000	0.109452
6.760000	0.000000	0.107679
6.770000	0.000000	0.105924
6.780000	0.000000	0.104222
6.790000	0.000000	0.102520
6.800000	0.000000	0.100822
6.810000	0.000000	0.099103
6.820000	0.000000	0.097409
6.830000	0.000000	0.095844
6.840000	0.000000	0.094373
6.850000	0.000000	0.092900
6.860000	0.000000	0.091435
6.870000	0.000000	0.090017
6.880000	0.000000	0.088628
6.890000	0.000000	0.087263
6.900000	0.000000	0.086106
6.910000	0.000000	0.084842
6.920000	0.000000	0.083344
6.930000	0.000000	0.082101
6.940000	0.000000	0.080808
6.950000	0.000000	0.079611
6.960000	0.000000	0.078315
6.970000	0.000000	0.077079
6.980000	0.000000	0.075796
6.990000	0.000000	0.074551
7.000000	0.000000	0.073357
7.010000	0.000000	0.072200
7.020000	0.000000	0.071090
7.030000	0.000000	0.069933
7.040000	0.000000	0.068784
7.050000	0.000000	0.067719
7.060000	0.000000	0.066614
7.070000	0.000000	0.065490
7.080000	0.000000	0.064426
7.090000	0.000000	0.063397
7.100000	0.000000	0.062425
7.110000	0.000000	0.061470
7.120000	0.000000	0.060478
7.130000	0.000000	0.059538
7.140000	0.000000	0.058640
7.150000	0.000000	0.057690
7.160000	0.000000	0.056826
7.170000	0.000000	0.056092
7.180000	0.000000	0.055299
7.190000	0.000000	0.057691
7.200000	0.000000	0.054780
7.210000	0.000000	0.052574
7.220000	0.000000	0.051748
7.230000	0.000000	0.050923
7.240000	0.000000	0.050109
7.250000	0.000000	0.049417
7.260000	0.000000	0.049431
7.270000	0.000000	0.049508
7.280000	0.000000	0.047157
7.290000	0.000000	0.046325
7.300000	0.000000	0.045522
7.310000	0.000000	0.044779
7.320000	0.000000	0.043997
7.330000	0.000000	0.043325
7.340000	0.000000	0.043108
7.350000	0.000000	0.042977
7.360000	0.000000	0.041754
7.370000	0.000000	0.040766
7.380000	0.000000	0.040058
7.390000	0.000000	0.039430
7.400000	0.000000	0.038827
7.410000	0.000000	0.038345
7.420000	0.000000	0.038161
7.430000	0.000000	0.037874
7.440000	0.000000	0.036905
7.450000	0.000000	0.036123
7.460000	0.000000	0.035527
7.470000	0.000000	0.034839
7.480000	0.000000	0.034307
7.490000	0.000000	0.034595
7.500000	0.000000	0.033600
7.510000	0.000000	0.034110
7.520000	0.000000	0.033090
7.530000	0.000000	0.032243
7.540000	0.000000	0.031841
7.550000	0.000000	0.031142
7.560000	0.000000	0.030301
7.570000	0.000000	0.029735
7.580000	0.000000	0.029331
7.590000	0.000000	0.028844
7.600000	0.000000	0.028323
7.610000	0.000000	0.027895
7.620000	0.000000	0.027618
7.630000	0.000000	0.027345
7.640000	0.000000	0.026603
7.650000	0.000000	0.026144
7.660000	0.000000	0.025737
7.670000	0.000000	0.025352
7.680000	0.000000	0.024975
7.690000	0.000000	0.024587
7.700000	0.000000	0.024201
7.710000	0.000000	0.023822
7.720000	0.000000	0.023626
7.730000	0.000000	0.023235
7.740000	0.000000	0.022747
7.750000	0.000000	0.022409
7.760000	0.000000	0.022111
7.770000	0.000000	0.021929
7.780000	0.000000	0.021971
7.790000	0.000000	0.022021
7.800000	0.000000	0.021300
7.810000	0.000000	0.020436
7.820000	0.000000	0.020184
7.830000	0.000000	0.019866
7.840000	0.000000	0.019393
7.850000	0.000000	0.019123
7.860000	0.000000	0.018791
7.870000	0.000000	0.018495
7.880000	0.000000	0.018202
7.890000	0.000000	0.017912
7.900000	0.000000	0.017630
7.910000	0.000000	0.017361
7.920000	0.000000	0.017103
7.930000	0.000000	0.016845
7.940000	0.000000	0.016589
7.950000	0.000000	0.016333
7.960000	0.000000	0.016082
7.970000	0.000000	0.015857
7.980000	0.000000	0.015576
7.990000	0.000000	0.015323
8.000000	0.000000	0.015086
8.010000	0.000000	0.014851
8.020000	0.000000	0.014621
8.030000	0.000000	0.014393
8.040000	0.000000	0.014167
8.050000	0.000000	0.013943
8.060000	0.000000	0.013721
8.070000	0.000000	0.013505
8.080000	0.000000	0.013295
8.090000	0.000000	0.013091
8.100000	0.000000	0.012888
8.110000	0.000000	0.012677
8.120000	0.000000	0.012485
8.130000	0.000000	0.012295
8.140000	0.000000	0.012105
8.150000	0.000000	0.011914
8.160000	0.000000	0.011795
8.170000	0.000000	0.011544
8.180000	0.000000	0.011377
8.190000	0.000000	0.011198
8.200000	0.000000	0.011023
8.210000	0.000000	0.010861
8.220000	0.000000	0.010690
8.230000	0.000000	0.010521
8.240000	0.000000	0.010357
8.250000	0.000000	0.010196
8.260000	0.000000	0.010038
8.270000	0.000000	0.009881
8.280000	0.000000	0.009728
8.290000	0.000000	0.009578
8.300000	0.000000	0.009426
8.310000	0.000000	0.009277
8.320000	0.000000	0.009130
8.330000	0.000000	0.008983
8.340000	0.000000	0.008869
8.350000	0.000000	0.008708
8.360000	0.000000	0.008572
8.370000	0.000000	0.008437
8.380000	0.000000	0.008308
8.390000	0.000000	0.008184
8.400000	0.000000	0.008059
8.410000	0.000000	0.007931
8.420000	0.000000	0.007822
8.430000	0.000000	0.007710
8.440000	0.000000	0.007569
8.450000	0.000000	0.007454
8.460000	0.000000	0.007340
8.470000	0.000000	0.007230
8.480000	0.000000	0.007122
8.490000	0.000000	0.007007
8.500000	0.000000	0.006896
8.510000	0.000000	0.006793
8.520000	0.000000	0.006687
8.530000	0.000000	0.006576
8.540000	0.000000	0.006473
8.550000	0.000000	0.006372
8.560000	0.000000	0.006273
8.570000	0.000000	0.006176
8.580000	0.000000	0.006082
8.590000	0.000000	0.005989
8.600000	0.000000	0.005897
8.610000	0.000000	0.005806
8.620000	0.000000	0.005713
8.630000	0.000000	0.005625
8.640000	0.000000	0.005539
8.650000	0.000000	0.005455
8.660000	0.000000	0.005366
8.670000	0.000000	0.005283
8.680000	0.000000	0.005201
8.690000	0.000000	0.005121
8.700000	0.000000	0.005041
8.710000	0.000000	0.004968
8.720000	0.000000	0.004893
8.730000	0.000000	0.004819
8.740000	0.000000	0.004745
8.750000	0.000000	0.004672
8.760000	0.000000	0.004599
8.770000	0.000000	0.004526
8.780000	0.000000	0.004454
8.790000	0.000000	0.004384
8.800000	0.000000	0.004316
8.810000	0.000000	0.004249
8.820000	0.000000	0.004185
8.830000	0.000000	0.004117
8.840000	0.000000	0.004054
8.850000	0.000000	0.003992
8.860000	0.000000	0.003931
8.870000	0.000000	0.003869
8.880000	0.000000	0.003809
8.890000	0.000000	0.003750
8.900000	0.000000	0.003693
8.910000	0.000000	0.003636
8.920000	0.000000	0.003581
8.930000	0.000000	0.003526
8.940000	0.000000	0.003472
8.950000	0.000000	0.003418
8.960000	0.000000	0.003365
8.970000	0.000000	0.003315
8.980000	0.000000	0.003266
8.990000	0.000000	0.003217
9.000000	0.000000	0.003165
9.010000	0.000000	0.003116
9.020000	0.000000	0.003067
9.030000	0.000000	0.003018
9.040000	0.000000	0.002970
9.050000	0.000000	0.002923
9.060000	0.000000	0.002878
9.070000	0.000000	0.002834
9.080000	0.000000	0.002791
9.090000	0.000000	0.002750
9.100000	0.000000	0.002708
9.110000	0.000000	0.002667
9.120000	0.000000	0.002626
9.130000	0.000000	0.002585
9.140000	0.000000	0.002544
9.150000	0.000000	0.002505
9.160000	0.000000	0.002466
9.170000	0.000000	0.002427
9.180000	0.000000	0.002390
9.190000	0.000000	0.002354
9.200000	0.000000	0.002318
9.210000	0.000000	0.002283
9.220000	0.000000	0.002248
9.230000	0.000000	0.002214
9.240000	0.000000	0.002181
9.250000	0.000000	0.002148
9.260000	0.000000	0.002115
9.270000	0.000000	0.002082
9.280000	0.000000	0.002050
9.290000	0.000000	0.002017
9.300000	0.000000	0.001985
9.310000	0.000000	0.001953
9.320000	0.000000	0.001923
9.330000	0.000000	0.001893
9.340000	0.000000	0.001864
9.350000	0.000000	0.001837
9.360000	0.000000	0.001809
9.370000	0.000000	0.001782
9.380000	0.000000	0.001754
9.390000	0.000000	0.001727
9.400000	0.000000	0.001700
9.410000	0.000000	0.001674
9.420000	0.000000	0.001648
9.430000	0.000000	0.001623
9.440000	0.000000	0.001599
9.450000	0.000000	0.001575
9.460000	0.000000	0.001551
9.470000	0.000000	0.001528
9.480000	0.000000	0.001504
9.490000	0.000000	0.001481
9.500000	0.000000	0.001458
9.510000	0.000000	0.001435
9.520000	0.000000	0.001413
9.530000	0.000000	0.001391
9.540000	0.000000	0.001370
9.550000	0.000000	0.001348
9.560000	0.000000	0.001326
9.570000	0.000000	0.001305
9.580000	0.000000	0.001285
9.590000	0.000000	0.001266
9.600000	0.000000	0.001248
9.610000	0.000000	0.001229
9.620000	0.000000	0.001211
9.630000	0.000000	0.001192
9.640000	0.000000	0.001174
9.650000	0.000000	0.001156
9.660000	0.000000	0.001138
9.670000	0.000000	0.001119
9.680000	0.000000	0.001102
9.690000	0.000000	0.001085
9.700000	0.000000	0.001069
9.710000	0.000000	0.001054
9.720000	0.000000	0.001038
9.730000	0.000000	0.001022
9.740000	0.000000	0.001007
9.750000	0.000000	0.000991
9.760000	0.000000	0.000976
9.770000	0.000000	0.000961
9.780000	0.000000	0.000946
9.790000	0.000000	0.000931
9.800000	0.000000	0.000917
9.810000	0.000000	0.000903
9.820000	0.000000	0.000888
9.830000	0.000000	0.000874
9.840000	0.000000	0.000860
9.850000	0.000000	0.000847
9.860000	0.000000	0.000835
9.870000	0.000000	0.000823
9.880000	0.000000	0.000810
9.890000	0.000000	0.000798
9.900000	0.000000	0.000786
9.910000	0.000000	0.000773
9.920000	0.000000	0.000761
9.930000	0.000000	0.000750
9.940000	0.000000	0.000738
9.950000	0.000000	0.000728
9.960000	0.000000	0.000717
9.970000	0.000000	0.000706
9.980000	0.000000	0.000696
9.990000	0.000000	0.000685
10.000000	0.000000	0.000675
10.010000	0.000000	0.000664
10.020000	0.000000	0.000653
10.030000	0.000000	0.000643
10.040000	0.000000	0.000633
10.050000	0.000000	0.000624
10.060000	0.000000	0.000614
10.070000	0.000000	0.000604
10.080000	0.000000	0.000595
10.090000	0.000000	0.000586
10.100000	0.000000	0.000577
10.110000	0.000000	0.000568
10.120000	0.000000	0.000560
10.130000	0.000000	0.000551
10.140000	0.000000	0.000543
10.150000	0.000000	0.000535
10.160000	0.000000	0.000527
10.170000	0.000000	0.000518
10.180000	0.000000	0.000510
10.190000	0.000000	0.000502
10.200000	0.000000	0.000495
10.210000	0.000000	0.000488
10.220000	0.000000	0.000480
10.230000	0.000000	0.000473
10.240000	0.000000	0.000466
10.250000	0.000000	0.000459
10.260000	0.000000	0.000452
10.270000	0.000000	0.000445
10.280000	0.000000	0.000438
10.290000	0.000000	0.000431
10.300000	0.000000	0.000425
10.310000	0.000000	0.000418
10.320000	0.000000	0.000412
10.330000	0.000000	0.000405
10.340000	0.000000	0.000399
10.350000	0.000000	0.000393
10.360000	0.000000	0.000387
10.370000	0.000000	0.000381
10.380000	0.000000	0.000375
10.390000	0.000000	0.000370
10.400000	0.000000	0.000364
10.410000	0.000000	0.000359
10.420000	0.000000	0.000353
10.430000	0.000000	0.000348
10.440000	0.000000	0.000342
10.450000	0.000000	0.000337
10.460000	0.000000	0.000332
10.470000	0.000000	0.000327
10.480000	0.000000	0.000323
10.490000	0.000000	0.000318
10.500000	0.000000	0.000313
10.510000	0.000000	0.000308
10.520000	0.000000	0.000303
10.530000	0.000000	0.000299
10.540000	0.000000	0.000294
10.550000	0.000000	0.000289
10.560000	0.000000	0.000285
10.570000	0.000000	0.000280
10.580000	0.000000	0.000276
10.590000	0.000000	0.000272
10.600000	0.000000	0.000268
10.610000	0.000000	0.000264
10.620000	0.000000	0.000260
10.630000	0.000000	0.000256
10.640000	0.000000	0.000252
10.650000	0.000000	0.000248
10.660000	0.000000	0.000244
10.670000	0.000000	0.000241
10.680000	0.000000	0.000237
10.690000	0.000000	0.000233
10.700000	0.000000	0.000230
10.710000	0.000000	0.000226
10.720000	0.000000	0.000223
10.730000	0.000000	0.000220
10.740000	0.000000	0.000217
10.750000	0.000000	0.000213
10.760000	0.000000	0.000210
10.770000	0.000000	0.000207
10.780000	0.000000	0.000204
10.790000	0.000000	0.000201
10.800000	0.000000	0.000198
10.810000	0.000000	0.000194
10.820000	0.000000	0.000191
10.830000	0.000000	0.000188
10.840000	0.000000	0.000185
10.850000	0.000000	0.000183
10.860000	0.000000	0.000180
10.870000	0.000000	0.000177
10.880000	0.000000	0.000175
10.890000	0.000000	0.000172
10.900000	0.000000	0.000169
10.910000	0.000000	0.000167
10.920000	0.000000	0.000164
10.930000	0.000000	0.000162
10.940000	0.000000	0.000159
10.950000	0.000000	0.000157
10.960000	0.000000	0.000154
10.970000	0.000000	0.000152
10.980000	0.000000	0.000150
10.990000	0.000000	0.000148
11.000000	0.000000	0.000146
11.010000	0.000000	0.000143
11.020000	0.000000	0.000141
11.030000	0.000000	0.000139
11.040000	0.000000	0.000137
11.050000	0.000000	0.000135
11.060000	0.000000	0.000133
11.070000	0.000000	0.000131
11.080000	0.000000	0.000129
11.090000	0.000000	0.000127
11.100000	0.000000	0.000125
11.110000	0.000000	0.000123
11.120000	0.000000	0.000121
11.130000	0.000000	0.000119
11.140000	0.000000	0.000117
11.150000	0.000000	0.000116
11.160000	0.000000	0.000114
11.170000	0.000000	0.000112
11.180000	0.000000	0.000110
11.190000	0.000000	0.000109
11.200000	0.000000	0.000107
11.210000	0.000000	0.000105
11.220000	0.000000	0.000104
11.230000	0.000000	0.000102
11.240000	0.000000	0.000101
11.250000	0.000000	0.000099
11.260000	0.000000	0.000098
11.270000	0.000000	0.000096
11.280000	0.000000	0.000095
11.290000	0.000000	0.000094
11.300000	0.000000	0.000092
11.310000	0.000000	0.000091
11.320000	0.000000	0.000089
11.330000	0.000000	0.000088
11.340000	0.000000	0.000087
11.350000	0.000000	0.000085
11.360000	0.000000	0.000084
11.370000	0.000000	0.000083
11.380000	0.000000	0.000081
11.390000	0.000000	0.000080
11.400000	0.000000	0.000079
11.410000	0.000000	0.000078
11.420000	0.000000	0.000077
11.430000	0.000000	0.000075
11.440000	0.000000	0.000074
11.450000	0.000000	0.000073
11.460000	0.000000	0.000072
11.470000	0.000000	0.000071
11.480000	0.000000	0.000070
11.490000	0.000000	0.000069
11.500000	0.000000	0.000068
11.510000	0.000000	0.000067
11.520000	0.000000	0.000066
11.530000	0.000000	0.000065
11.540000	0.000000	0.000064
11.550000	0.000000	0.000063
11.560000	0.000000	0.000062
11.570000	0.000000	0.000061
11.580000	0.000000	0.000060
11.590000	0.000000	0.000059
11.600000	0.000000	0.000058
11.610000	0.000000	0.000057
11.620000	0.000000	0.000057
11.630000	0.000000	0.000056
11.640000	0.000000	0.000055
11.650000	0.000000	0.000054
11.660000	0.000000	0.000053
11.670000	0.000000	0.000052
11.680000	0.000000	0.000052
11.690000	0.000000	0.000051
11.700000	0.000000	0.000050
11.710000	0.000000	0.000049
11.720000	0.000000	0.000048
11.730000	0.000000	0.000048
11.740000	0.000000	0.000047
11.750000	0.000000	0.000046
11.760000	0.000000	0.000046
11.770000	0.000000	0.000045
11.780000	0.000000	0.000044
11.790000	0.000000	0.000044
11.800000	0.000000	0.000043
11.810000	0.000000	0.000042
11.820000	0.000000	0.000042
11.830000	0.000000	0.000041
11.840000	0.000000	0.000040
11.850000	0.000000	0.000040
11.860000	0.000000	0.000039
11.870000	0.000000	0.000039
11.880000	0.000000	0.000038
11.890000	0.000000	0.000037
11.900000	0.000000	0.000037
11.910000	0.000000	0.000036
11.920000	0.000000	0.000036
11.930000	0.000000	0.000035
11.940000	0.000000	0.000035
11.950000	0.000000	0.000034
11.960000	0.000000	0.000034
11.970000	0.000000	0.000033
11.980000	0.000000	0.000033
11.990000	0.000000	0.000032
12.000000	0.000000	0.000032
12.010000	0.000000	0.000031
12.020000	0.000000	0.000031
12.030000	0.000000	0.000030
12.040000	0.000000	0.000030
12.050000	0.000000	0.000029
12.060000	0.000000	0.000029
12.070000	0.000000	0.000029
12.080000	0.000000	0.000028
12.090000	0.000000	0.000028
12.100000	0.000000	0.000027
12.110000	0.000000	0.000027
12.120000	0.000000	0.000026
12.130000	0.000000	0.000026
12.140000	0.000000	0.000026
12.150000	0.000000	0.000025
12.160000	0.000000	0.000025
12.170000	0.000000	0.000025
12.180000	0.000000	0.000024
12.190000	0.000000	0.000024
12.200000	0.000000	0.000023
12.210000	0.000000	0.000023
12.220000	0.000000	0.000023
12.230000	0.000000	0.000022
12.240000	0.000000	0.000022
12.250000	0.000000	0.000022
12.260000	0.000000	0.000021
12.270000	0.000000	0.000021
12.280000	0.000000	0.000021
12.290000	0.000000	0.000020
12.300000	0.000000	0.000020
12.310000	0.000000	0.000020
12.320000	0.000000	0.000020
12.330000	0.000000	0.000019
12.340000	0.000000	0.000019
12.350000	0.000000	0.000019
12.360000	0.000000	0.000018
12.370000	0.000000	0.000018
12.380000	0.000000	0.000018
12.390000	0.000000	0.000018
12.400000	0.000000	0.000017
12.410000	0.000000	0.000017
12.420000	0.000000	0.000017
12.430000	0.000000	0.000017
12.440000	0.000000	0.000016
12.450000	0.000000	0.000016
12.460000	0.000000	0.000016
12.470000	0.000000	0.000016
12.480000	0.000000	0.000015
12.490000	0.000000	0.000015
12.500000	0.000000	0.000015
12.510000	0.000000	0.000015
12.520000	0.000000	0.000014
12.530000	0.000000	0.000014
12.540000	0.000000	0.000014
12.550000	0.000000	0.000014
12.560000	0.000000	0.000014
12.570000	0.000000	0.000013
12.580000	0.000000	0.000013
12.590000	0.000000	0.000013
12.600000	0.000000	0.000013
12.610000	0.000000	0.000013
12.620000	0.000000	0.000012
12.630000	0.000000	0.000012
12.640000	0.000000	0.000012
12.650000	0.000000	0.000012
12.660000	0.000000	0.000012
12.670000	0.000000	0.000012
12.680000	0.000000	0.000011
12.690000	0.000000	0.000011
12.700000	0.000000	0.000011
12.710000	0.000000	0.000011
12.720000	0.000000	0.000011
12.730000	0.000000	0.000011
12.740000	0.000000	0.000010
12.750000	0.000000	0.000010
12.760000	0.000000	0.000010
12.770000	0.000000	0.000010
12.780000	0.000000	0.000010
12.790000	0.000000	0.000010
12.800000	0.000000	0.000009
12.810000	0.000000	0.000009
12.820000	0.000000	0.000009
12.830000	0.000000	0.000009
12.840000	0.000000	0.000009
12.850000	0.000000	0.000009
12.860000	0.000000	0.000009
12.870000	0.000000	0.000009
12.880000	0.000000	0.000008
12.890000	0.000000	0.000008
12.900000	0.000000	0.000008
12.910000	0.000000	0.000008
12.920000	0.000000	0.000008
12.930000	0.000000	0.000008
12.940000	0.000000	0.000008
12.950000	0.000000	0.000008
12.960000	0.000000	0.000007
12.970000	0.000000	0.000007
12.980000	0.000000	0.000007
12.990000	0.000000	0.000007
13.000000	0.000000	0.000007
13.010000	0.000000	0.000007
13.020000	0.000000	0.000007
13.030000	0.000000	0.000007
13.040000	0.000000	0.000007
13.050000	0.000000	0.000006
13.060000	0.000000	0.000006
13.070000	0.000000	0.000006
13.080000	0.000000	0.000006
13.090000	0.000000	0.000006
13.100000	0.000000	0.000006
13.110000	0.000000	0.000006
13.120000	0.000000	0.000006
13.130000	0.000000	0.000006
13.140000	0.000000	0.000006
13.150000	0.000000	0.000006
13.160000	0.000000	0.000006
13.170000	0.000000	0.000005
13.180000	0.000000	0.000005
13.190000	0.000000	0.000005
13.200000	0.000000	0.000005
13.210000	0.000000	0.000005
13.220000	0.000000	0.000005
13.230000	0.000000	0.000005
13.240000	0.000000	0.000005
13.250000	0.000000	0.000005
13.260000	0.000000	0.000005
13.270000	0.000000	0.000005
13.280000	0.000000	0.000005
13.290000	0.000000	0.000005
13.300000	0.000000	0.000004
13.310000	0.000000	0.000004
13.320000	0.000000	0.000004
13.330000	0.000000	0.000004
13.340000	0.000000	0.000004
13.350000	0.000000	0.000004
13.360000	0.000000	0.000004
13.370000	0.000000	0.000004
13.380000	0.000000	0.000004
13.390000	0.000000	0.000004
13.400000	0.000000	0.000004
13.410000	0.000000	0.000004
13.420000	0.000000	0.000004
13.430000	0.000000	0.000004
13.440000	0.000000	0.000004
13.450000	0.000000	0.000004
13.460000	0.000000	0.000004
13.470000	0.000000	0.000003
13.480000	0.000000	0.000003
13.490000	0.000000	0.000003
13.500000	0.000000	0.000003
13.510000	0.000000	0.000003
13.520000	0.000000	0.000003
13.530000	0.000000	0.000003
13.540000	0.000000	0.000003
13.550000	0.000000	0.000003
13.560000	0.000000	0.000003
13.570000	0.000000	0.000003
13.580000	0.000000	0.000003
13.590000	0.000000	0.000003
13.600000	0.000000	0.000003
13.610000	0.000000	0.000003
13.620000	0.000000	0.000003
13.630000	0.000000	0.000003
13.640000	0.000000	0.000003
13.650000	0.000000	0.000003
13.660000	0.000000	0.000003
13.670000	0.000000	0.000003
13.680000	0.000000	0.000003
13.690000	0.000000	0.000002
13.700000	0.000000	0.000002
13.710000	0.000000	0.000002
13.720000	0.000000	0.000002
13.730000	0.000000	0.000002
13.740000	0.000000	0.000002
13.750000	0.000000	0.000002
13.760000	0.000000	0.000002
13.770000	0.000000	0.000002
13.780000	0.000000	0.000002
13.790000	0.000000	0.000002
13.800000	0.000000	0.000002
13.810000	0.000000	0.000002
13.820000	0.000000	0.000002
13.830000	0.000000	0.000002
13.840000	0.000000	0.000002
13.850000	0.000000	0.000002
13.860000	0.000000	0.000002
13.870000	0.000000	0.000002
13.880000	0.000000	0.000002
13.890000	0.000000	0.000002
13.900000	0.000000	0.000002
13.910000	0.000000	0.000002
13.920000	0.000000	0.000002
13.930000	0.000000	0.000002
13.940000	0.000000	0.000002
13.950000	0.000000	0.000002
13.960000	0.000000	0.000002
13.970000	0.000000	0.000002
13.980000	0.000000	0.000002
13.990000	0.000000	0.000002
14.000000	0.000000	0.000002
14.010000	0.000000	0.000002
14.020000	0.000000	0.000002
14.030000	0.000000	0.000001
14.040000	0.000000	0.000001
14.050000	0.000000	0.000001
14.060000	0.000000	0.000001
14.070000	0.000000	0.000001
14.080000	0.000000	0.000001
14.090000	0.000000	0.000001
14.100000	0.000000	0.000001
14.110000	0.000000	0.000001
14.120000	0.000000	0.000001
14.130000	0.000000	0.000001
14.140000	0.000000	0.000001
14.150000	0.000000	0.000001
14.160000	0.000000	0.000001
14.170000	0.000000	0.000001
14.180000	0.000000	0.000001
14.190000	0.000000	0.000001
14.200000	0.000000	0.000001
14.210000	0.000000	0.000001
14.220000	0.000000	0.000001
14.230000	0.000000	0.000001
14.240000	0.000000	0.000001
14.250000	0.000000	0.000001
14.260000	0.000000	0.000001
14.270000	0.000000	0.000001
14.280000	0.000000	0.000001
14.290000	0.000000	0.000001
14.300000	0.000000	1.0e-06
14.310000	0.000000	9.8e-07
14.320000	0.000000	9.7e-07
14.330000	0.000000	9.5e-07
14.340000	0.000000	9.4e-07
14.350000	0.000000	9.2e-07
14.360000	0.000000	9.1e-07
14.370000	0.000000	8.9e-07
14.380000	0.000000	8.8e-07
14.390000	0.000000	8.7e-07
14.400000	0.000000	8.5e-07
14.410000	0.000000	8.4e-07
14.420000	0.000000	8.3e-07
14.430000	0.000000	8.2e-07
14.440000	0.000000	8.0e-07
14.450000	0.000000	7.9e-07
14.460000	0.000000	7.8e-07
14.470000	0.000000	7.7e-07
14.480000	0.000000	7.6e-07
14.490000	0.000000	7.5e-07
14.500000	0.000000	7.4e-07
14.510000	0.000000	7.3e-07
14.520000	0.000000	7.2e-07
14.530000	0.000000	7.1e-07
14.540000	0.000000	6.9e-07
14.550000	0.000000	6.8e-07
14.560000	0.000000	6.7e-07
14.570000	0.000000	6.6e-07
14.580000	0.000000	6.5e-07
14.590000	0.000000	6.4e-07
14.600000	0.000000	6.4e-07
14.610000	0.000000	6.3e-07
14.620000	0.000000	6.2e-07
14.630000	0.000000	6.1e-07
14.640000	0.000000	6.0e-07
14.650000	0.000000	5.9e-07
14.660000	0.000000	5.8e-07
14.670000	0.000000	5.7e-07
14.680000	0.000000	5.6e-07
14.690000	0.000000	5.5e-07
14.700000	0.000000	5.4e-07
14.710000	0.000000	5.4e-07
14.720000	0.000000	5.3e-07
14.730000	0.000000	5.2e-07
14.740000	0.000000	5.1e-07
14.750000	0.000000	5.1e-07
14.760000	0.000000	5.0e-07
14.770000	0.000000	4.9e-07
14.780000	0.000000	4.8e-07
14.790000	0.000000	4.8e-07
14.800000	0.000000	4.7e-07
14.810000	0.000000	4.6e-07
14.820000	0.000000	4.6e-07
14.830000	0.000000	4.5e-07
14.840000	0.000000	4.4e-07
14.850000	0.000000	4.4e-07
14.860000	0.000000	4.3e-07
14.870000	0.000000	4.2e-07
14.880000	0.000000	4.2e-07
14.890000	0.000000	4.1e-07
14.900000	0.000000	4.0e-07
14.910000	0.000000	4.0e-07
14.920000	0.000000	3.9e-07
14.930000	0.000000	3.9e-07
14.940000	0.000000	3.8e-07
14.950000	0.000000	3.8e-07
14.960000	0.000000	3.7e-07
14.970000	0.000000	3.6e-07
14.980000	0.000000	3.6e-07
14.990000	0.000000	3.5e-07
15.000000	0.000000	3.5e-07
15.010000	0.000000	3.4e-07
15.020000	0.000000	3.4e-07
15.030000	0.000000	3.3e-07
15.040000	0.000000	3.3e-07
15.050000	0.000000	3.2e-07
15.060000	0.000000	3.2e-07
15.070000	0.000000	3.1e-07
15.080000	0.000000	3.1e-07
15.090000	0.000000	3.1e-07
15.100000	0.000000	3.0e-07
15.110000	0.000000	3.0e-07
15.120000	0.000000	2.9e-07
15.130000	0.000000	2.9e-07
15.140000	0.000000	2.8e-07
15.150000	0.000000	2.8e-07
15.160000	0.000000	2.8e-07
15.170000	0.000000	2.7e-07
15.180000	0.000000	2.7e-07
15.190000	0.000000	2.6e-07
15.200000	0.000000	2.6e-07
15.210000	0.000000	2.5e-07
15.220000	0.000000	2.5e-07
15.230000	0.000000	2.5e-07
15.240000	0.000000	2.4e-07
15.250000	0.000000	2.4e-07
15.260000	0.000000	2.4e-07
15.270000	0.000000	2.3e-07
15.280000	0.000000	2.3e-07
15.290000	0.000000	2.3e-07
15.300000	0.000000	2.2e-07
15.310000	0.000000	2.2e-07
15.320000	0.000000	2.2e-07
15.330000	0.000000	2.1e-07
15.340000	0.000000	2.1e-07
15.350000	0.000000	2.1e-07
15.360000	0.000000	2.0e-07
15.370000	0.000000	2.0e-07
15.380000	0.000000	2.0e-07
15.390000	0.000000	2.0e-07
15.400000	0.000000	1.9e-07
15.410000	0.000000	1.9e-07
15.420000	0.000000	1.9e-07
15.430000	0.000000	1.8e-07
15.440000	0.000000	1.8e-07
15.450000	0.000000	1.8e-07
15.460000	0.000000	1.8e-07
15.470000	0.000000	1.7e-07
15.480000	0.000000	1.7e-07
15.490000	0.000000	1.7e-07
15.500000	0.000000	1.7e-07
15.510000	0.000000	1.6e-07
15.520000	0.000000	1.6e-07
15.530000	0.000000	1.6e-07
15.540000	0.000000	1.6e-07
15.550000	0.000000	1.5e-07
15.560000	0.000000	1.5e-07
15.570000	0.000000	1.5e-07
15.580000	0.000000	1.5e-07
15.590000	0.000000	1.4e-07
15.600000	0.000000	1.4e-07
15.610000	0.000000	1.4e-07
15.620000	0.000000	1.4e-07
15.630000	0.000000	1.4e-07
15.640000	0.000000	1.3e-07
15.650000	0.000000	1.3e-07
15.660000	0.000000	1.3e-07
15.670000	0.000000	1.3e-07
15.680000	0.000000	1.3e-07
15.690000	0.000000	1.3e-07
15.700000	0.000000	1.2e-07
15.710000	0.000000	1.2e-07
15.720000	0.000000	1.2e-07
15.730000	0.000000	1.2e-07
15.740000	0.000000	1.2e-07
15.750000	0.000000	1.1e-07
15.760000	0.000000	1.1e-07
15.770000	0.000000	1.1e-07
15.780000	0.000000	1.1e-07
15.790000	0.000000	1.1e-07
15.800000	0.000000	1.1e-07
15.810000	0.000000	1.0e-07
15.820000	0.000000	1.0e-07
15.830000	0.000000	1.0e-07
15.840000	0.000000	1.0e-07
15.850000	0.000000	9.8e-08
15.860000	0.000000	9.7e-08
15.870000	0.000000	9.6e-08
15.880000	0.000000	9.4e-08
15.890000	0.000000	9.3e-08
15.900000	0.000000	9.2e-08
15.910000	0.000000	9.0e-08
15.920000	0.000000	8.9e-08
15.930000	0.000000	8.8e-08
15.940000	0.000000	8.6e-08
15.950000	0.000000	8.5e-08
15.960000	0.000000	8.4e-08
15.970000	0.000000	8.2e-08
15.980000	0.000000	8.1e-08
15.990000	0.000000	8.0e-08
16.000000	0.000000	7.9e-08
16.010000	0.000000	7.7e-08
16.020000	0.000000	7.6e-08
16.030000	0.000000	7.5e-08
16.040000	0.000000	7.4e-08
16.050000	0.000000	7.3e-08
16.060000	0.000000	7.2e-08
16.070000	0.000000	7.1e-08
16.080000	0.000000	7.0e-08
16.090000	0.000000	6.9e-08
16.100000	0.000000	6.8e-08
16.110000	0.000000	6.7e-08
16.120000	0.000000	6.6e-08
16.130000	0.000000	6.5e-08
16.140000	0.000000	6.4e-08
16.150000	0.000000	6.3e-08
16.160000	0.000000	6.2e-08
16.170000	0.000000	6.1e-08
16.180000	0.000000	6.0e-08
16.190000	0.000000	6.0e-08
16.200000	0.000000	5.9e-08
16.210000	0.000000	5.8e-08
16.220000	0.000000	5.7e-08
16.230000	0.000000	5.6e-08
16.240000	0.000000	5.5e-08
16.250000	0.000000	5.4e-08
16.260000	0.000000	5.3e-08
16.270000	0.000000	5.3e-08
16.280000	0.000000	5.2e-08
16.290000	0.000000	5.1e-08
16.300000	0.000000	5.0e-08
16.310000	0.000000	5.0e-08
16.320000	0.000000	4.9e-08
16.330000	0.000000	4.8e-08
16.340000	0.000000	4.7e-08
16.350000	0.000000	4.7e-08
16.360000	0.000000	4.6e-08
16.370000	0.000000	4.5e-08
16.380000	0.000000	4.5e-08
16.390000	0.000000	4.4e-08
16.400000	0.000000	4.4e-08
16.410000	0.000000	4.3e-08
16.420000	0.000000	4.2e-08
16.430000	0.000000	4.2e-08
16.440000	0.000000	4.1e-08
16.450000	0.000000	4.0e-08
16.460000	0.000000	4.0e-08
16.470000	0.000000	3.9e-08
16.480000	0.000000	3.9e-08
16.490000	0.000000	3.8e-08
16.500000	0.000000	3.8e-08
16.510000	0.000000	3.7e-08
16.520000	0.000000	3.6e-08
16.530000	0.000000	3.6e-08
16.540000	0.000000	3.5e-08
16.550000	0.000000	3.5e-08
16.560000	0.000000	3.4e-08
16.570000	0.000000	3.4e-08
16.580000	0.000000	3.3e-08
16.590000	0.000000	3.3e-08
16.600000	0.000000	3.2e-08
16.610000	0.000000	3.2e-08
16.620000	0.000000	3.1e-08
16.630000	0.000000	3.1e-08
16.640000	0.000000	3.0e-08
16.650000	0.000000	3.0e-08
16.660000	0.000000	3.0e-08
16.670000	0.000000	2.9e-08
16.680000	0.000000	2.9e-08
16.690000	0.000000	2.8e-08
16.700000	0.000000	2.8e-08
16.710000	0.000000	2.8e-08
16.720000	0.000000	2.7e-08
16.730000	0.000000	2.7e-08
16.740000	0.000000	2.6e-08
16.750000	0.000000	2.6e-08
16.760000	0.000000	2.6e-08
16.770000	0.000000	2.5e-08
16.780000	0.000000	2.5e-08
16.790000	0.000000	2.4e-08
16.800000	0.000000	2.4e-08
16.810000	0.000000	2.4e-08
16.820000	0.000000	2.3e-08
16.830000	0.000000	2.3e-08
16.840000	0.000000	2.3e-08
16.850000	0.000000	2.2e-08
16.860000	0.000000	2.2e-08
16.870000	0.000000	2.2e-08
16.880000	0.000000	2.1e-08
16.890000	0.000000	2.1e-08
16.900000	0.000000	2.1e-08
16.910000	0.000000	2.0e-08
16.920000	0.000000	2.0e-08
16.930000	0.000000	2.0e-08
16.940000	0.000000	2.0e-08
16.950000	0.000000	1.9e-08
16.960000	0.000000	1.9e-08
16.970000	0.000000	1.9e-08
16.980000	0.000000	1.8e-08
16.990000	0.000000	1.8e-08
17.000000	0.000000	1.8e-08
17.010000	0.000000	1.8e-08
17.020000	0.000000	1.7e-08
17.030000	0.000000	1.7e-08
17.040000	0.000000	1.7e-08
17.050000	0.000000	1.7e-08
17.060000	0.000000	1.6e-08
17.070000	0.000000	1.6e-08
17.080000	0.000000	1.6e-08
17.090000	0.000000	1.6e-08
17.100000	0.000000	1.5e-08
17.110000	0.000000	1.5e-08
17.120000	0.000000	1.5e-08
17.130000	0.000000	1.5e-08
17.140000	0.000000	1.5e-08
17.150000	0.000000	1.4e-08
17.160000	0.000000	1.4e-08
17.170000	0.000000	1.4e-08
17.180000	0.000000	1.4e-08
17.190000	0.000000	1.4e-08
17.200000	0.000000	1.3e-08
17.210000	0.000000	1.3e-08
17.220000	0.000000	1.3e-08
17.230000	0.000000	1.3e-08
17.240000	0.000000	1.3e-08
17.250000	0.000000	1.2e-08
17.260000	0.000000	1.2e-08
17.270000	0.000000	1.2e-08
17.280000	0.000000	1.2e-08
17.290000	0.000000	1.2e-08
17.300000	0.000000	1.1e-08
17.310000	0.000000	1.1e-08
17.320000	0.000000	1.1e-08
17.330000	0.000000	1.1e-08
17.340000	0.000000	1.1e-08
17.350000	0.000000	1.1e-08
17.360000	0.000000	1.1e-08
17.370000	0.000000	1.0e-08
17.380000	0.000000	1.0e-08
17.390000	0.000000	1.0e-08
17.400000	0.000000	9.9e-09
17.410000	0.000000	9.7e-09
17.420000	0.000000	9.6e-09
17.430000	0.000000	9.5e-09
17.440000	0.000000	9.3e-09
17.450000	0.000000	9.2e-09
17.460000	0.000000	9.1e-09
17.470000	0.000000	8.9e-09
17.480000	0.000000	8.8e-09
17.490000	0.000000	8.7e-09
17.500000	0.000000	8.5e-09
17.510000	0.000000	8.4e-09
17.520000	0.000000	8.3e-09
17.530000	0.000000	8.2e-09
17.540000	0.000000	8.1e-09
17.550000	0.000000	7.9e-09
17.560000	0.000000	7.8e-09
17.570000	0.000000	7.7e-09
17.580000	0.000000	7.6e-09
17.590000	0.000000	7.5e-09
17.600000	0.000000	7.4e-09
17.610000	0.000000	7.3e-09
17.620000	0.000000	7.2e-09
17.630000	0.000000	7.1e-09
17.640000	0.000000	6.9e-09
17.650000	0.000000	6.8e-09
17.660000	0.000000	6.7e-09
17.670000	0.000000	6.6e-09
17.680000	0.000000	6.5e-09
17.690000	0.000000	6.5e-09
17.700000	0.000000	6.4e-09
17.710000	0.000000	6.3e-09
17.720000	0.000000	6.2e-09
17.730000	0.000000	6.1e-09
17.740000	0.000000	6.0e-09
17.750000	0.000000	5.9e-09
17.760000	0.000000	5.8e-09
17.770000	0.000000	5.7e-09
17.780000	0.000000	5.7e-09
17.790000	0.000000	5.6e-09
17.800000	0.000000	5.5e-09
17.810000	0.000000	5.4e-09
17.820000	0.000000	5.3e-09
17.830000	0.000000	5.3e-09
17.840000	0.000000	5.2e-09
17.850000	0.000000	5.1e-09
17.860000	0.000000	5.0e-09
17.870000	0.000000	5.0e-09
17.880000	0.000000	4.9e-09
17.890000	0.000000	4.8e-09
17.900000	0.000000	4.7e-09
17.910000	0.000000	4.7e-09
17.920000	0.000000	4.6e-09
17.930000	0.000000	4.5e-09
17.940000	0.000000	4.5e-09
17.950000	0.000000	4.4e-09
17.960000	0.000000	4.3e-09
17.970000	0.000000	4.3e-09
17.980000	0.000000	4.2e-09
17.990000	0.000000	4.1e-09
18.000000	0.000000	4.1e-09
18.010000	0.000000	4.0e-09
18.020000	0.000000	4.0e-09
18.030000	0.000000	3.9e-09
18.040000	0.000000	3.9e-09
18.050000	0.000000	3.8e-09
18.060000	0.000000	3.7e-09
18.070000	0.000000	3.7e-09
18.080000	0.000000	3.6e-09
18.090000	0.000000	3.6e-09
18.100000	0.000000	3.5e-09
18.110000	0.000000	3.5e-09
18.120000	0.000000	3.4e-09
18.130000	0.000000	3.4e-09
18.140000	0.000000	3.3e-09
18.150000	0.000000	3.3e-09
18.160000	0.000000	3.2e-09
18.170000	0.000000	3.2e-09
18.180000	0.000000	3.1e-09
18.190000	0.000000	3.1e-09
18.200000	0.000000	3.0e-09
18.210000	0.000000	3.0e-09
18.220000	0.000000	3.0e-09
18.230000	0.000000	2.9e-09
18.240000	0.000000	2.9e-09
18.250000	0.000000	2.8e-09
18.260000	0.000000	2.8e-09
18.270000	0.000000	2.7e-09
18.280000	0.000000	2.7e-09
18.290000	0.000000	2.7e-09
18.300000	0.000000	2.6e-09
18.310000	0.000000	2.6e-09
18.320000	0.000000	2.5e-09
18.330000	0.000000	2.5e-09
18.340000	0.000000	2.5e-09
18.350000	0.000000	2.4e-09
18.360000	0.000000	2.4e-09
18.370000	0.000000	2.4e-09
18.380000	0.000000	2.3e-09
18.390000	0.000000	2.3e-09
18.400000	0.000000	2.3e-09
18.410000	0.000000	2.2e-09
18.420000	0.000000	2.2e-09
18.430000	0.000000	2.2e-09
18.440000	0.000000	2.1e-09
18.450000	0.000000	2.1e-09
18.460000	0.000000	2.1e-09
18.470000	0.000000	2.0e-09
18.480000	0.000000	2.0e-09
18.490000	0.000000	2.0e-09
18.500000	0.000000	2.0e-09
18.510000	0.000000	1.9e-09
18.520000	0.000000	1.9e-09
18.530000	0.000000	1.9e-09
18.540000	0.000000	1.8e-09
18.550000	0.000000	1.8e-09
18.560000	0.000000	1.8e-09
18.570000	0.000000	1.8e-09
18.580000	0.000000	1.7e-09
18.590000	0.000000	1.7e-09
18.600000	0.000000	1.7e-09
18.610000	0.000000	1.7e-09
18.620000	0.000000	1.6e-09
18.630000	0.000000	1.6e-09
18.640000	0.000000	1.6e-09
18.650000	0.000000	1.6e-09
18.660000	0.000000	1.5e-09
18.670000	0.000000	1.5e-09
18.680000	0.000000	1.5e-09
18.690000	0.000000	1.5e-09
18.700000	0.000000	1.5e-09
18.710000	0.000000	1.4e-09
18.720000	0.000000	1.4e-09
18.730000	0.000000	1.4e-09
18.740000	0.000000	1.4e-09
18.750000	0.000000	1.4e-09
18.760000	0.000000	1.3e-09
18.770000	0.000000	1.3e-09
18.780000	0.000000	1.3e-09
18.790000	0.000000	1.3e-09
18.800000	0.000000	1.3e-09
18.810000	0.000000	1.2e-09
18.820000	0.000000	1.2e-09
18.830000	0.000000	1.2e-09
18.840000	0.000000	1.2e-09
18.850000	0.000000	1.2e-09
18.860000	0.000000	1.2e-09
18.870000	0.000000	1.1e-09
18.880000	0.000000	1.1e-09
18.890000	0.000000	1.1e-09
18.900000	0.000000	1.1e-09
18.910000	0.000000	1.1e-09
18.920000	0.000000	1.1e-09
18.930000	0.000000	1.0e-09
18.940000	0.000000	1.0e-09
18.950000	0.000000	1.0e-09
18.960000	0.000000	1.0e-09
18.970000	0.000000	9.8e-10
18.980000	0.000000	9.7e-10
18.990000	0.000000	9.5e-10
19.000000	0.000000	9.4e-10
19.010000	0.000000	9.3e-10
19.020000	0.000000	9.1e-10
19.030000	0.000000	9.0e-10
19.040000	0.000000	8.8e-10
19.050000	0.000000	8.7e-10
19.060000	0.000000	8.6e-10
19.070000	0.000000	8.5e-10
19.080000	0.000000	8.3e-10
19.090000	0.000000	8.2e-10
19.100000	0.000000	8.1e-10
19.110000	0.000000	8.0e-10
19.120000	0.000000	7.9e-10
19.130000	0.000000	7.7e-10
19.140000	0.000000	7.6e-10
19.150000	0.000000	7.5e-10
19.160000	0.000000	7.4e-10
19.170000	0.000000	7.3e-10
19.180000	0.000000	7.2e-10
19.190000	0.000000	7.1e-10
19.200000	0.000000	7.0e-10
19.210000	0.000000	6.9e-10
19.220000	0.000000	6.8e-10
19.230000	0.000000	6.7e-10
19.240000	0.000000	6.6e-10
19.250000	0.000000	6.5e-10
19.260000	0.000000	6.4e-10
19.270000	0.000000	6.3e-10
19.280000	0.000000	6.2e-10
19.290000	0.000000	6.1e-10
19.300000	0.000000	6.0e-10
19.310000	0.000000	5.9e-10
19.320000	0.000000	5.9e-10
19.330000	0.000000	5.8e-10
19.340000	0.000000	5.7e-10
19.350000	0.000000	5.6e-10
19.360000	0.000000	5.5e-10
19.370000	0.000000	5.4e-10
19.380000	0.000000	5.4e-10
19.390000	0.000000	5.3e-10
19.400000	0.000000	5.2e-10
19.410000	0.000000	5.1e-10
19.420000	0.000000	5.1e-10
19.430000	0.000000	5.0e-10
19.440000	0.000000	4.9e-10
19.450000	0.000000	4.9e-10
19.460000	0.000000	4.8e-10
19.470000	0.000000	4.7e-10
19.480000	0.000000	4.7e-10
19.490000	0.000000	4.6e-10
19.500000	0.000000	4.5e-10
19.510000	0.000000	4.5e-10
19.520000	0.000000	4.4e-10
19.530000	0.000000	4.3e-10
19.540000	0.000000	4.3e-10
19.550000	0.000000	4.2e-10
19.560000	0.000000	4.1e-10
19.570000	0.000000	4.1e-10
19.580000	0.000000	4.0e-10
19.590000	0.000000	3.9e-10
19.600000	0.000000	3.9e-10
19.610000	0.000000	3.8e-10
19.620000	0.000000	3.8e-10
19.630000	0.000000	3.7e-10
19.640000	0.000000	3.7e-10
19.650000	0.000000	3.6e-10
19.660000	0.000000	3.6e-10
19.670000	0.000000	3.5e-10
19.680000	0.000000	3.5e-10
19.690000	0.000000	3.4e-10
19.700000	0.000000	3.4e-10
19.710000	0.000000	3.3e-10
19.720000	0.000000	3.3e-10
19.730000	0.000000	3.2e-10
19.740000	0.000000	3.2e-10
19.750000	0.000000	3.1e-10
19.760000	0.000000	3.1e-10
19.770000	0.000000	3.0e-10
19.780000	0.000000	3.0e-10
19.790000	0.000000	3.0e-10
19.800000	0.000000	2.9e-10
19.810000	0.000000	2.9e-10
19.820000	0.000000	2.8e-10
19.830000	0.000000	2.8e-10
19.840000	0.000000	2.7e-10
19.850000	0.000000	2.7e-10
19.860000	0.000000	2.7e-10
19.870000	0.000000	2.6e-10
19.880000	0.000000	2.6e-10
19.890000	0.000000	2.5e-10
19.900000	0.000000	2.5e-10
19.910000	0.000000	2.5e-10
19.920000	0.000000	2.4e-10
19.930000	0.000000	2.4e-10
19.940000	0.000000	2.4e-10
19.950000	0.000000	2.3e-10
19.960000	0.000000	2.3e-10
19.970000	0.000000	2.3e-10
19.980000	0.000000	2.2e-10
19.990000	0.000000	2.2e-10
20.000000	0.000000	2.2e-10
20.010000	0.000000	2.1e-10
20.020000	0.000000	2.1e-10
20.030000	0.000000	2.1e-10
20.040000	0.000000	2.0e-10
20.050000	0.000000	2.0e-10
20.060000	0.000000	2.0e-10
20.070000	0.000000	2.0e-10
20.080000	0.000000	1.9e-10
20.090000	0.000000	1.9e-10
20.100000	0.000000	1.9e-10
20.110000	0.000000	1.8e-10
20.120000	0.000000	1.8e-10
20.130000	0.000000	1.8e-10
20.140000	0.000000	1.8e-10
20.150000	0.000000	1.7e-10
20.160000	0.000000	1.7e-10
20.170000	0.000000	1.7e-10
20.180000	0.000000	1.7e-10
20.190000	0.000000	1.6e-10
20.200000	0.000000	1.6e-10
20.210000	0.000000	1.6e-10
20.220000	0.000000	1.6e-10
20.230000	0.000000	1.5e-10
20.240000	0.000000	1.5e-10
20.250000	0.000000	1.5e-10
20.260000	0.000000	1.5e-10
20.270000	0.000000	1.5e-10
20.280000	0.000000	1.4e-10
20.290000	0.000000	1.4e-10
20.300000	0.000000	1.4e-10
20.310000	0.000000	1.4e-10
20.320000	0.000000	1.4e-10
20.330000	0.000000	1.3e-10
20.340000	0.000000	1.3e-10
20.350000	0.000000	1.3e-10
20.360000	0.000000	1.3e-10
20.370000	0.000000	1.3e-10
20.380000	0.000000	1.2e-10
20.390000	0.000000	1.2e-10
20.400000	0.000000	1.2e-10
20.410000	0.000000	1.2e-10
20.420000	0.000000	1.2e-10
20.430000	0.000000	1.2e-10
20.440000	0.000000	1.1e-10
20.450000	0.000000	1.1e-10
20.460000	0.000000	1.1e-10
20.470000	0.000000	1.1e-10
20.480000	0.000000	1.1e-10
20.490000	0.000000	1.1e-10
20.500000	0.000000	1.0e-10
20.510000	0.000000	1.0e-10
20.520000	0.000000	1.0e-10
20.530000	0.000000	1.0e-10
20.540000	0.000000	9.8e-11
20.550000	0.000000	9.7e-11
20.560000	0.000000	9.6e-11
20.570000	0.000000	9.4e-11
20.580000	0.000000	9.3e-11
20.590000	0.000000	9.2e-11
20.600000	0.000000	9.0e-11
20.610000	0.000000	8.9e-11
20.620000	0.000000	8.8e-11
20.630000	0.000000	8.6e-11
20.640000	0.000000	8.5e-11
20.650000	0.000000	8.4e-11
20.660000	0.000000	8.3e-11
20.670000	0.000000	8.1e-11
20.680000	0.000000	8.0e-11
20.690000	0.000000	7.9e-11
20.700000	0.000000	7.8e-11
20.710000	0.000000	7.6e-11
20.720000	0.000000	7.5e-11
20.730000	0.000000	7.4e-11
20.740000	0.000000	7.3e-11
20.750000	0.000000	7.2e-11
20.760000	0.000000	7.1e-11
20.770000	0.000000	7.0e-11
20.780000	0.000000	6.9e-11
20.790000	0.000000	6.8e-11
20.800000	0.000000	6.7e-11
20.810000	0.000000	6.6e-11
20.820000	0.000000	6.5e-11
20.830000	0.000000	6.4e-11
20.840000	0.000000	6.4e-11
20.850000	0.000000	6.3e-11
20.860000	0.000000	6.2e-11
20.870000	0.000000	6.1e-11
20.880000	0.000000	6.0e-11
20.890000	0.000000	5.9e-11
20.900000	0.000000	5.8e-11
20.910000	0.000000	5.7e-11
20.920000	0.000000	5.6e-11
20.930000	0.000000	5.6e-11
20.940000	0.000000	5.5e-11
20.950000	0.000000	5.4e-11
20.960000	0.000000	5.3e-11
20.970000	0.000000	5.2e-11
20.980000	0.000000	5.2e-11
20.990000	0.000000	5.1e-11
21.000000	0.000000	5.0e-11
21.010000	0.000000	4.9e-11
21.020000	0.000000	4.9e-11
21.030000	0.000000	4.8e-11
21.040000	0.000000	4.7e-11
21.050000	0.000000	4.7e-11
21.060000	0.000000	4.6e-11
21.070000	0.000000	4.5e-11
21.080000	0.000000	4.5e-11
21.090000	0.000000	4.4e-11
21.100000	0.000000	4.3e-11
21.110000	0.000000	4.3e-11
21.120000	0.000000	4.2e-11
21.130000	0.000000	4.2e-11
21.140000	0.000000	4.1e-11
21.150000	0.000000	4.0e-11
21.160000	0.000000	4.0e-11
21.170000	0.000000	3.9e-11
21.180000	0.000000	3.9e-11
21.190000	0.000000	3.8e-11
21.200000	0.000000	3.8e-11
21.210000	0.000000	3.7e-11
21.220000	0.000000	3.6e-11
21.230000	0.000000	3.6e-11
21.240000	0.000000	3.5e-11
21.250000	0.000000	3.5e-11
21.260000	0.000000	3.4e-11
21.270000	0.000000	3.4e-11
21.280000	0.000000	3.3e-11
21.290000	0.000000	3.3e-11
21.300000	0.000000	3.2e-11
21.310000	0.000000	3.2e-11
21.320000	0.000000	3.1e-11
21.330000	0.000000	3.1e-11
21.340000	0.000000	3.1e-11
21.350000	0.000000	3.0e-11
21.360000	0.000000	3.0e-11
21.370000	0.000000	2.9e-11
21.380000	0.000000	2.9e-11
21.390000	0.000000	2.8e-11
21.400000	0.000000	2.8e-11
21.410000	0.000000	2.8e-11
21.420000	0.000000	2.7e-11
21.430000	0.000000	2.7e-11
21.440000	0.000000	2.6e-11
21.450000	0.000000	2.6e-11
21.460000	0.000000	2.6e-11
21.470000	0.000000	2.5e-11
21.480000	0.000000	2.5e-11
21.490000	0.000000	2.5e-11
21.500000	0.000000	2.4e-11
21.510000	0.000000	2.4e-11
21.520000	0.000000	2.4e-11
21.530000	0.000000	2.3e-11
21.540000	0.000000	2.3e-11
21.550000	0.000000	2.2e-11
21.560000	0.000000	2.2e-11
21.570000	0.000000	2.2e-11
21.580000	0.000000	2.2e-11
21.590000	0.000000	2.1e-11
21.600000	0.000000	2.1e-11
21.610000	0.000000	2.1e-11
21.620000	0.000000	2.0e-11
21.630000	0.000000	2.0e-11
21.640000	0.000000	2.0e-11
21.650000	0.000000	1.9e-11
21.660000	0.000000	1.9e-11
21.670000	0.000000	1.9e-11
21.680000	0.000000	1.8e-11
21.690000	0.000000	1.8e-11
21.700000	0.000000	1.8e-11
21.710000	0.000000	1.8e-11
21.720000	0.000000	1.7e-11
21.730000	0.000000	1.7e-11
21.740000	0.000000	1.7e-11
21.750000	0.000000	1.7e-11
21.760000	0.000000	1.6e-11
21.770000	0.000000	1.6e-11
21.780000	0.000000	1.6e-11
21.790000	0.000000	1.6e-11
21.800000	0.000000	1.5e-11
21.810000	0.000000	1.5e-11
21.820000	0.000000	1.5e-11
21.830000	0.000000	1.5e-11
21.840000	0.000000	1.5e-11
21.850000	0.000000	1.4e-11
21.860000	0.000000	1.4e-11
21.870000	0.000000	1.4e-11
21.880000	0.000000	1.4e-11
21.890000	0.000000	1.4e-11
21.900000	0.000000	1.3e-11
21.910000	0.000000	1.3e-11
21.920000	0.000000	1.3e-11
21.930000	0.000000	1.3e-11
21.940000	0.000000	1.3e-11
21.950000	0.000000	1.2e-11
21.960000	0.000000	1.2e-11
21.970000	0.000000	1.2e-11
21.980000	0.000000	1.2e-11
21.990000	0.000000	1.2e-11
22.000000	0.000000	1.2e-11
22.010000	0.000000	1.1e-11
22.020000	0.000000	1.1e-11
22.030000	0.000000	1.1e-11
22.040000	0.000000	1.1e-11
22.050000	0.000000	1.1e-11
22.060000	0.000000	1.1e-11
22.070000	0.000000	1.0e-11
22.080000	0.000000	1.0e-11
22.090000	0.000000	1.0e-11
22.100000	0.000000	9.9e-12
22.110000	0.000000	9.8e-12
22.120000	0.000000	9.6e-12
22.130000	0.000000	9.5e-12
22.140000	0.000000	9.4e-12
22.150000	0.000000	9.2e-12
22.160000	0.000000	9.1e-12
22.170000	0.000000	9.0e-12
22.180000	0.000000	8.9e-12
22.190000	0.000000	8.7e-12
22.200000	0.000000	8.6e-12
22.210000	0.000000	8.5e-12
22.220000	0.000000	8.4e-12
22.230000	0.000000	8.3e-12
22.240000	0.000000	8.1e-12
22.250000	0.000000	8.0e-12
22.260000	0.000000	7.9e-12
22.270000	0.000000	7.8e-12
22.280000	0.000000	7.7e-12
22.290000	0.000000	7.6e-12
22.300000	0.000000	7.5e-12
22.310000	0.000000	7.4e-12
22.320000	0.000000	7.2e-12
22.330000	0.000000	7.1e-12
22.340000	0.000000	7.0e-12
22.350000	0.000000	6.9e-12
22.360000	0.000000	6.8e-12
22.370000	0.000000	6.7e-12
22.380000	0.000000	6.6e-12
22.390000	0.000000	6.5e-12
22.400000	0.000000	6.4e-12
22.410000	0.000000	6.3e-12
22.420000	0.000000	6.2e-12
22.430000	0.000000	6.1e-12
22.440000	0.000000	6.1e-12
22.450000	0.000000	6.0e-12
22.460000	0.000000	5.9e-12
22.470000	0.000000	5.8e-12
22.480000	0.000000	5.7e-12
22.490000	0.000000	5.7e-12
22.500000	0.000000	5.6e-12
22.510000	0.000000	5.5e-12
22.520000	0.000000	5.4e-12
22.530000	0.000000	5.3e-12
22.540000	0.000000	5.3e-12
22.550000	0.000000	5.2e-12
22.560000	0.000000	5.1e-12
22.570000	0.000000	5.0e-12
22.580000	0.000000	5.0e-12
22.590000	0.000000	4.9e-12
22.600000	0.000000	4.8e-12
22.610000	0.000000	4.8e-12
22.620000	0.000000	4.7e-12
22.630000	0.000000	4.6e-12
22.640000	0.000000	4.5e-12
22.650000	0.000000	4.5e-12
22.660000	0.000000	4.4e-12
22.670000	0.000000	4.3e-12
22.680000	0.000000	4.3e-12
22.690000	0.000000	4.2e-12
22.700000	0.000000	4.2e-12
22.710000	0.000000	4.1e-12
22.720000	0.000000	4.0e-12
22.730000	0.000000	4.0e-12
22.740000	0.000000	3.9e-12
22.750000	0.000000	3.9e-12
22.760000	0.000000	3.8e-12
22.770000	0.000000	3.8e-12
22.780000	0.000000	3.7e-12
22.790000	0.000000	3.7e-12
22.800000	0.000000	3.6e-12
22.810000	0.000000	3.6e-12
22.820000	0.000000	3.5e-12
22.830000	0.000000	3.5e-12
22.840000	0.000000	3.4e-12
22.850000	0.000000	3.4e-12
22.860000	0.000000	3.3e-12
22.870000	0.000000	3.3e-12
22.880000	0.000000	3.2e-12
22.890000	0.000000	3.2e-12
22.900000	0.000000	3.1e-12
22.910000	0.000000	3.1e-12
22.920000	0.000000	3.0e-12
22.930000	0.000000	2.8e-12
22.940000	0.000000	2.8e-12
22.950000	0.000000	2.7e-12
22.960000	0.000000	2.7e-12
22.970000	0.000000	2.7e-12
22.980000	0.000000	2.6e-12
22.990000	0.000000	2.6e-12
23.000000	0.000000	2.6e-12
23.010000	0.000000	2.5e-12
23.020000	0.000000	2.5e-12
23.030000	0.000000	2.5e-12
23.040000	0.000000	2.4e-12
23.050000	0.000000	2.4e-12
23.060000	0.000000	2.4e-12
23.070000	0.000000	2.3e-12
23.080000	0.000000	2.3e-12
23.090000	0.000000	2.3e-12
23.100000	0.000000	2.2e-12
23.110000	0.000000	2.2e-12
23.120000	0.000000	2.2e-12
23.130000	0.000000	2.1e-12
23.140000	0.000000	2.1e-12
23.150000	0.000000	2.1e-12
23.160000	0.000000	2.0e-12
23.170000	0.000000	2.0e-12
23.180000	0.000000	2.0e-12
23.190000	0.000000	1.9e-12
23.200000	0.000000	1.9e-12
23.210000	0.000000	1.9e-12
23.220000	0.000000	1.8e-12
23.230000	0.000000	1.8e-12
23.240000	0.000000	1.8e-12
23.250000	0.000000	1.8e-12
23.260000	0.000000	1.8e-12
23.270000	0.000000	1.7e-12
23.280000	0.000000	1.7e-12
23.290000	0.000000	1.7e-12
23.300000	0.000000	1.7e-12
23.310000	0.000000	1.6e-12
23.320000	0.000000	1.6e-12
23.330000	0.000000	1.6e-12
23.340000	0.000000	1.6e-12
23.350000	0.000000	1.6e-12
23.360000	0.000000	1.5e-12
23.370000	0.000000	1.5e-12
23.380000	0.000000	1.5e-12
23.390000	0.000000	1.5e-12
23.400000	0.000000	1.4e-12
23.410000	0.000000	1.4e-12
23.420000	0.000000	1.4e-12
23.430000	0.000000	1.4e-12
23.440000	0.000000	1.4e-12
23.450000	0.000000	1.3e-12
23.460000	0.000000	1.3e-12
23.470000	0.000000	1.3e-12
23.480000	0.000000	1.3e-12
23.490000	0.000000	1.2e-12
23.500000	0.000000	1.2e-12
23.510000	0.000000	1.2e-12
23.520000	0.000000	1.2e-12
23.530000	0.000000	1.2e-12
23.540000	0.000000	1.2e-12
23.550000	0.000000	1.2e-12
23.560000	0.000000	1.1e-12
23.570000	0.000000	1.1e-12
23.580000	0.000000	1.1e-12
23.590000	0.000000	1.1e-12
23.600000	0.000000	1.1e-12
23.610000	0.000000	1.1e-12
23.620000	0.000000	1.0e-12
23.630000	0.000000	1.0e-12
23.640000	0.000000	1.0e-12
23.650000	0.000000	1.0e-12
23.660000	0.000000	9.9e-13
23.670000	0.000000	9.8e-13
23.680000	0.000000	9.6e-13
23.690000	0.000000	9.5e-13
23.700000	0.000000	9.3e-13
23.710000	0.000000	9.2e-13
23.720000	0.000000	9.0e-13
23.730000	0.000000	8.9e-13
23.740000	0.000000	8.7e-13
23.750000	0.000000	8.6e-13
23.760000	0.000000	8.4e-13
23.770000	0.000000	8.3e-13
23.780000	0.000000	8.2e-13
23.790000	0.000000	8.1e-13
23.800000	0.000000	8.0e-13
23.810000	0.000000	7.9e-13
23.820000	0.000000	7.8e-13
23.830000	0.000000	7.7e-13
23.840000	0.000000	7.6e-13
23.850000	0.000000	7.5e-13
23.860000	0.000000	7.4e-13
23.870000	0.000000	7.3e-13
23.880000	0.000000	7.2e-13
23.890000	0.000000	7.1e-13
23.900000	0.000000	7.0e-13
23.910000	0.000000	6.9e-13
23.920000	0.000000	6.8e-13
23.930000	0.000000	6.7e-13
23.940000	0.000000	6.6e-13
23.950000	0.000000	6.5e-13
23.960000	0.000000	6.4e-13
23.970000	0.000000	6.3e-13
23.980000	0.000000	6.2e-13
23.990000	0.000000	6.1e-13
24.000000	0.000000	6.0e-13
24.010000	0.000000	5.9e-13
24.020000	0.000000	5.8e-13
24.030000	0.000000	5.7e-13
24.040000	0.000000	5.6e-13
24.050000	0.000000	5.5e-13
24.060000	0.000000	5.5e-13
24.070000	0.000000	5.4e-13
24.080000	0.000000	5.3e-13
24.090000	0.000000	5.3e-13
24.100000	0.000000	5.2e-13
24.110000	0.000000	5.1e-13
24.120000	0.000000	5.1e-13
24.130000	0.000000	5.0e-13
24.140000	0.000000	4.9e-13
24.150000	0.000000	4.9e-13
24.160000	0.000000	4.8e-13
24.170000	0.000000	4.7e-13
24.180000	0.000000	4.7e-13
24.190000	0.000000	4.6e-13
24.200000	0.000000	4.5e-13
24.210000	0.000000	4.5e-13
24.220000	0.000000	4.4e-13
24.230000	0.000000	4.3e-13
24.240000	0.000000	4.3e-13
24.250000	0.000000	4.2e-13
24.260000	0.000000	4.1e-13
24.270000	0.000000	4.1e-13
24.280000	0.000000	4.0e-13
24.290000	0.000000	3.9e-13
24.300000	0.000000	3.9e-13
24.310000	0.000000	3.8e-13
24.320000	0.000000	3.8e-13
24.330000	0.000000	3.7e-13
24.340000	0.000000	3.6e-13
24.350000	0.000000	3.6e-13
24.360000	0.000000	3.5e-13
24.370000	0.000000	3.5e-13
24.380000	0.000000	3.5e-13
24.390000	0.000000	3.4e-13
24.400000	0.000000	3.4e-13
24.410000	0.000000	3.3e-13
24.420000	0.000000	3.3e-13
24.430000	0.000000	3.2e-13
24.440000	0.000000	3.2e-13
24.450000	0.000000	3.1e-13
24.460000	0.000000	3.1e-13
24.470000	0.000000	3.1e-13
24.480000	0.000000	3.0e-13
24.490000	0.000000	3.0e-13
24.500000	0.000000	2.9e-13
24.510000	0.000000	2.9e-13
24.520000	0.000000	2.8e-13
24.530000	0.000000	2.8e-13
24.540000	0.000000	2.8e-13
24.550000	0.000000	2.7e-13
24.560000	0.000000	2.7e-13
24.570000	0.000000	2.6e-13
24.580000	0.000000	2.6e-13
24.590000	0.000000	2.5e-13
24.600000	0.000000	2.5e-13
24.610000	0.000000	2.5e-13
24.620000	0.000000	2.4e-13
24.630000	0.000000	2.4e-13
24.640000	0.000000	2.4e-13
24.650000	0.000000	2.3e-13
24.660000	0.000000	2.3e-13
24.670000	0.000000	2.3e-13
24.680000	0.000000	2.2e-13
24.690000	0.000000	2.2e-13
24.700000	0.000000	2.2e-13
24.710000	0.000000	2.2e-13
24.720000	0.000000	2.1e-13
24.730000	0.000000	2.1e-13
24.740000	0.000000	2.1e-13
24.750000	0.000000	2.0e-13
24.760000	0.000000	2.0e-13
24.770000	0.000000	2.0e-13
24.780000	0.000000	2.0e-13
24.790000	0.000000	1.9e-13
24.800000	0.000000	1.9e-13
24.810000	0.000000	1.9e-13
24.820000	0.000000	1.8e-13
24.830000	0.000000	1.8e-13
24.840000	0.000000	1.8e-13
24.850000	0.000000	1.8e-13
24.860000	0.000000	1.7e-13
24.870000	0.000000	1.7e-13
24.880000	0.000000	1.7e-13
24.890000	0.000000	1.6e-13
24.900000	0.000000	1.6e-13
24.910000	0.000000	1.6e-13
24.920000	0.000000	1.6e-13
24.930000	0.000000	1.6e-13
24.940000	0.000000	1.5e-13
24.950000	0.000000	1.5e-13
24.960000	0.000000	1.5e-13
24.970000	0.000000	1.5e-13
24.980000	0.000000	1.5e-13
24.990000	0.000000	1.4e-13
25.000000	0.000000	1.4e-13
25.010000	0.000000	1.4e-13
25.020000	0.000000	1.4e-13
25.030000	0.000000	1.4e-13
25.040000	0.000000	1.3e-13
25.050000	0.000000	1.3e-13
25.060000	0.000000	1.3e-13
25.070000	0.000000	1.3e-13
25.080000	0.000000	1.3e-13
25.090000	0.000000	1.2e-13
25.100000	0.000000	1.2e-13
25.110000	0.000000	1.2e-13
25.120000	0.000000	1.2e-13
25.130000	0.000000	1.2e-13
25.140000	0.000000	1.2e-13
25.150000	0.000000	1.1e-13
25.160000	0.000000	1.1e-13
25.170000	0.000000	1.1e-13
25.180000	0.000000	1.1e-13
25.190000	0.000000	1.1e-13
25.200000	0.000000	1.1e-13
25.210000	0.000000	1.0e-13
25.220000	0.000000	1.0e-13
25.230000	0.000000	1.0e-13
25.240000	0.000000	1.0e-13
25.250000	0.000000	9.9e-14
25.260000	0.000000	9.7e-14
25.270000	0.000000	9.6e-14
25.280000	0.000000	9.5e-14
25.290000	0.000000	9.3e-14
25.300000	0.000000	9.2e-14
25.310000	0.000000	9.1e-14
25.320000	0.000000	8.9e-14
25.330000	0.000000	8.8e-14
25.340000	0.000000	8.7e-14
25.350000	0.000000	8.6e-14
25.360000	0.000000	8.4e-14
25.370000	0.000000	8.3e-14
25.380000	0.000000	8.2e-14
25.390000	0.000000	8.1e-14
25.400000	0.000000	7.9e-14
25.410000	0.000000	7.8e-14
25.420000	0.000000	7.7e-14
25.430000	0.000000	7.6e-14
25.440000	0.000000	7.4e-14
25.450000	0.000000	7.3e-14
25.460000	0.000000	7.2e-14
25.470000	0.000000	7.1e-14
25.480000	0.000000	7.0e-14
25.490000	0.000000	6.9e-14
25.500000	0.000000	6.9e-14
25.510000	0.000000	6.8e-14
25.520000	0.000000	6.7e-14
25.530000	0.000000	6.6e-14
25.540000	0.000000	6.5e-14
25.550000	0.000000	6.4e-14
25.560000	0.000000	6.3e-14
25.570000	0.000000	6.2e-14
25.580000	0.000000	6.1e-14
25.590000	0.000000	6.1e-14
25.600000	0.000000	6.0e-14
25.610000	0.000000	5.9e-14
25.620000	0.000000	5.8e-14
25.630000	0.000000	5.7e-14
25.640000	0.000000	5.6e-14
25.650000	0.000000	5.5e-14
25.660000	0.000000	5.5e-14
25.670000	0.000000	5.4e-14
25.680000	0.000000	5.3e-14
25.690000	0.000000	5.2e-14
25.700000	0.000000	5.1e-14
25.710000	0.000000	5.0e-14
25.720000	0.000000	5.0e-14
25.730000	0.000000	4.9e-14
25.740000	0.000000	4.8e-14
25.750000	0.000000	4.8e-14
25.760000	0.000000	4.7e-14
25.770000	0.000000	4.6e-14
25.780000	0.000000	4.6e-14
25.790000	0.000000	4.5e-14
25.800000	0.000000	4.5e-14
25.810000	0.000000	4.4e-14
25.820000	0.000000	4.3e-14
25.830000	0.000000	4.3e-14
25.840000	0.000000	4.2e-14
25.850000	0.000000	4.2e-14
25.860000	0.000000	4.1e-14
25.870000	0.000000	4.0e-14
25.880000	0.000000	4.0e-14
25.890000	0.000000	3.9e-14
25.900000	0.000000	3.9e-14
25.910000	0.000000	3.8e-14
25.920000	0.000000	3.8e-14
25.930000	0.000000	3.7e-14
25.940000	0.000000	3.6e-14
25.950000	0.000000	3.6e-14
25.960000	0.000000	3.5e-14
25.970000	0.000000	3.5e-14
25.980000	0.000000	3.4e-14
25.990000	0.000000	3.4e-14
26.000000	0.000000	3.3e-14
26.010000	0.000000	3.3e-14
26.020000	0.000000	3.2e-14
26.030000	0.000000	3.2e-14
26.040000	0.000000	3.1e-14
26.050000	0.000000	3.1e-14
26.060000	0.000000	3.1e-14
26.070000	0.000000	3.0e-14
26.080000	0.000000	3.0e-14
26.090000	0.000000	2.9e-14
26.100000	0.000000	2.9e-14
26.110000	0.000000	2.9e-14
26.120000	0.000000	2.8e-14
26.130000	0.000000	2.8e-14
26.140000	0.000000	2.7e-14
26.150000	0.000000	2.7e-14
26.160000	0.000000	2.7e-14
26.170000	0.000000	2.6e-14
26.180000	0.000000	2.6e-14
26.190000	0.000000	2.5e-14
26.200000	0.000000	2.5e-14
26.210000	0.000000	2.5e-14
26.220000	0.000000	2.4e-14
26.230000	0.000000	2.4e-14
26.240000	0.000000	2.4e-14
26.250000	0.000000	2.3e-14
26.260000	0.000000	2.3e-14
26.270000	0.000000	2.3e-14
26.280000	0.000000	2.2e-14
26.290000	0.000000	2.2e-14
26.300000	0.000000	2.1e-14
26.310000	0.000000	2.1e-14
26.320000	0.000000	2.1e-14
26.330000	0.000000	2.1e-14
26.340000	0.000000	2.0e-14
26.350000	0.000000	2.0e-14
26.360000	0.000000	2.0e-14
26.370000	0.000000	2.0e-14
26.380000	0.000000	1.9e-14
26.390000	0.000000	1.9e-14
26.400000	0.000000	1.9e-14
26.410000	0.000000	1.9e-14
26.420000	0.000000	1.8e-14
26.430000	0.000000	1.8e-14
26.440000	0.000000	1.8e-14
26.450000	0.000000	1.8e-14
26.460000	0.000000	1.7e-14
26.470000	0.000000	1.7e-14
26.480000	0.000000	1.7e-14
26.490000	0.000000	1.7e-14
26.500000	0.000000	1.6e-14
26.510000	0.000000	1.6e-14
26.520000	0.000000	1.6e-14
26.530000	0.000000	1.6e-14
26.540000	0.000000	1.5e-14
26.550000	0.000000	1.5e-14
26.560000	0.000000	1.5e-14
26.570000	0.000000	1.5e-14
26.580000	0.000000	1.4e-14
26.590000	0.000000	1.4e-14
26.600000	0.000000	1.4e-14
26.610000	0.000000	1.4e-14
26.620000	0.000000	1.4e-14
26.630000	0.000000	1.3e-14
26.640000	0.000000	1.3e-14
26.650000	0.000000	1.3e-14
26.660000	0.000000	1.3e-14
26.670000	0.000000	1.3e-14
26.680000	0.000000	1.3e-14
26.690000	0.000000	1.2e-14
26.700000	0.000000	1.2e-14
26.710000	0.000000	1.2e-14
26.720000	0.000000	1.2e-14
26.730000	0.000000	1.2e-14
26.740000	0.000000	1.2e-14
26.750000	0.000000	1.1e-14
26.760000	0.000000	1.1e-14
26.770000	0.000000	1.1e-14
26.780000	0.000000	1.1e-14
26.790000	0.000000	1.1e-14
26.800000	0.000000	1.1e-14
26.810000	0.000000	1.0e-14
26.820000	0.000000	1.0e-14
26.830000	0.000000	1.0e-14
26.840000	0.000000	9.9e-15
26.850000	0.000000	9.7e-15
26.860000	0.000000	9.6e-15
26.870000	0.000000	9.5e-15
26.880000	0.000000	9.3e-15
26.890000	0.000000	9.2e-15
26.900000	0.000000	9.1e-15
26.910000	0.000000	9.0e-15
26.920000	0.000000	8.9e-15
26.930000	0.000000	8.7e-15
26.940000	0.000000	8.6e-15
26.950000	0.000000	8.5e-15
26.960000	0.000000	8.4e-15
26.970000	0.000000	8.3e-15
26.980000	0.000000	8.2e-15
26.990000	0.000000	8.0e-15
27.000000	0.000000	7.9e-15
27.010000	0.000000	7.8e-15
27.020000	0.000000	7.7e-15
27.030000	0.000000	7.6e-15
27.040000	0.000000	7.5e-15
27.050000	0.000000	7.4e-15
27.060000	0.000000	7.3e-15
27.070000	0.000000	7.2e-15
27.080000	0.000000	7.0e-15
27.090000	0.000000	6.9e-15
27.100000	0.000000	6.8e-15
27.110000	0.000000	6.7e-15
27.120000	0.000000	6.6e-15
27.130000	0.000000	6.5e-15
27.140000	0.000000	6.4e-15
27.150000	0.000000	6.3e-15
27.160000	0.000000	6.2e-15
27.170000	0.000000	6.2e-15
27.180000	0.000000	6.1e-15
27.190000	0.000000	6.0e-15
27.200000	0.000000	5.9e-15
27.210000	0.000000	5.8e-15
27.220000	0.000000	5.8e-15
27.230000	0.000000	5.7e-15
27.240000	0.000000	5.6e-15
27.250000	0.000000	5.5e-15
27.260000	0.000000	5.5e-15
27.270000	0.000000	5.4e-15
27.280000	0.000000	5.3e-15
27.290000	0.000000	5.2e-15
27.300000	0.000000	5.2e-15
27.310000	0.000000	5.1e-15
27.320000	0.000000	5.0e-15
27.330000	0.000000	4.9e-15
27.340000	0.000000	4.9e-15
27.350000	0.000000	4.8e-15
27.360000	0.000000	4.7e-15
27.370000	0.000000	4.6e-15
27.380000	0.000000	4.6e-15
27.390000	0.000000	4.5e-15
27.400000	0.000000	4.4e-15
27.410000	0.000000	4.3e-15
27.420000	0.000000	4.3e-15
27.430000	0.000000	4.2e-15
27.440000	0.000000	4.2e-15
27.450000	0.000000	4.1e-15
27.460000	0.000000	4.1e-15
27.470000	0.000000	4.0e-15
27.480000	0.000000	3.9e-15
27.490000	0.000000	3.9e-15
27.500000	0.000000	3.8e-15
27.510000	0.000000	3.8e-15
27.520000	0.000000	3.7e-15
27.530000	0.000000	3.7e-15
27.540000	0.000000	3.6e-15
27.550000	0.000000	3.6e-15
27.560000	0.000000	3.5e-15
27.570000	0.000000	3.5e-15
27.580000	0.000000	3.4e-15
27.590000	0.000000	3.4e-15
27.600000	0.000000	3.3e-15
27.610000	0.000000	3.3e-15
27.620000	0.000000	3.2e-15
27.630000	0.000000	3.2e-15
27.640000	0.000000	3.1e-15
27.650000	0.000000	3.1e-15
27.660000	0.000000	3.0e-15
27.670000	0.000000	3.0e-15
27.680000	0.000000	2.9e-15
27.690000	0.000000	2.9e-15
27.700000	0.000000	2.9e-15
27.710000	0.000000	2.8e-15
27.720000	0.000000	2.8e-15
27.730000	0.000000	2.7e-15
27.740000	0.000000	2.7e-15
27.750000	0.000000	2.7e-15
27.760000	0.000000	2.6e-15
27.770000	0.000000	2.6e-15
27.780000	0.000000	2.6e-15
27.790000	0.000000	2.5e-15
27.800000	0.000000	2.5e-15
27.810000	0.000000	2.5e-15
27.820000	0.000000	2.4e-15
27.830000	0.000000	2.4e-15
27.840000	0.000000	2.4e-15
27.850000	0.000000	2.3e-15
27.860000	0.000000	2.3e-15
27.870000	0.000000	2.3e-15
27.880000	0.000000	2.2e-15
27.890000	0.000000	2.2e-15
27.900000	0.000000	2.2e-15
27.910000	0.000000	2.1e-15
27.920000	0.000000	2.1e-15
27.930000	0.000000	2.1e-15
27.940000	0.000000	2.0e-15
27.950000	0.000000	2.0e-15
27.960000	0.000000	2.0e-15
27.970000	0.000000	1.9e-15
27.980000	0.000000	1.9e-15
27.990000	0.000000	1.9e-15
28.000000	0.000000	1.9e-15
28.010000	0.000000	1.8e-15
28.020000	0.000000	1.8e-15
28.030000	0.000000	1.8e-15
28.040000	0.000000	1.8e-15
28.050000	0.000000	1.7e-15
28.060000	0.000000	1.7e-15
28.070000	0.000000	1.7e-15
28.080000	0.000000	1.7e-15
28.090000	0.000000	1.7e-15
28.100000	0.000000	1.6e-15
28.110000	0.000000	1.6e-15
28.120000	0.000000	1.6e-15
28.130000	0.000000	1.6e-15
28.140000	0.000000	1.5e-15
28.150000	0.000000	1.5e-15
28.160000	0.000000	1.5e-15
28.170000	0.000000	1.5e-15
28.180000	0.000000	1.5e-15
28.190000	0.000000	1.4e-15
28.200000	0.000000	1.4e-15
28.210000	0.000000	1.4e-15
28.220000	0.000000	1.4e-15
28.230000	0.000000	1.3e-15
28.240000	0.000000	1.3e-15
28.250000	0.000000	1.3e-15
28.260000	0.000000	1.3e-15
28.270000	0.000000	1.3e-15
28.280000	0.000000	1.2e-15
28.290000	0.000000	1.2e-15
28.300000	0.000000	1.2e-15
28.310000	0.000000	1.2e-15
28.320000	0.000000	1.2e-15
28.330000	0.000000	1.2e-15
28.340000	0.000000	1.2e-15
28.350000	0.000000	1.1e-15
28.360000	0.000000	1.1e-15
28.370000	0.000000	1.1e-15
28.380000	0.000000	1.1e-15
28.390000	0.000000	1.1e-15
28.400000	0.000000	1.1e-15
28.410000	0.000000	1.0e-15
28.420000	0.000000	1.0e-15
28.430000	0.000000	1.0e-15
28.440000	0.000000	1.0e-15
28.450000	0.000000	9.9e-16
28.460000	0.000000	9.7e-16
28.470000	0.000000	9.6e-16
28.480000	0.000000	9.4e-16
28.490000	0.000000	9.3e-16
28.500000	0.000000	9.1e-16
28.510000	0.000000	9.0e-16
28.520000	0.000000	8.8e-16
28.530000	0.000000	8.7e-16
28.540000	0.000000	8.5e-16
28.550000	0.000000	8.4e-16
28.560000	0.000000	8.3e-16
28.570000	0.000000	8.2e-16
28.580000	0.000000	8.1e-16
28.590000	0.000000	8.0e-16
28.600000	0.000000	7.9e-16
28.610000	0.000000	7.8e-16
28.620000	0.000000	7.7e-16
28.630000	0.000000	7.6e-16
28.640000	0.000000	7.5e-16
28.650000	0.000000	7.4e-16
28.660000	0.000000	7.3e-16
28.670000	0.000000	7.2e-16
28.680000	0.000000	7.1e-16
28.690000	0.000000	7.0e-16
28.700000	0.000000	6.9e-16
28.710000	0.000000	6.8e-16
28.720000	0.000000	6.7e-16
28.730000	0.000000	6.6e-16
28.740000	0.000000	6.5e-16
28.750000	0.000000	6.4e-16
28.760000	0.000000	6.3e-16
28.770000	0.000000	6.2e-16
28.780000	0.000000	6.1e-16
28.790000	0.000000	6.0e-16
28.800000	0.000000	5.9e-16
28.810000	0.000000	5.8e-16
28.820000	0.000000	5.7e-16
28.830000	0.000000	5.6e-16
28.840000	0.000000	5.6e-16
28.850000	0.000000	5.5e-16
28.860000	0.000000	5.4e-16
28.870000	0.000000	5.4e-16
28.880000	0.000000	5.3e-16
28.890000	0.000000	5.2e-16
28.900000	0.000000	5.2e-16
28.910000	0.000000	5.1e-16
28.920000	0.000000	5.0e-16
28.930000	0.000000	5.0e-16
28.940000	0.000000	4.9e-16
28.950000	0.000000	4.8e-16
28.960000	0.000000	4.8e-16
28.970000	0.000000	4.7e-16
28.980000	0.000000	4.6e-16
28.990000	0.000000	4.5e-16
29.000000	0.000000	4.5e-16
29.010000	0.000000	4.4e-16
29.020000	0.000000	4.3e-16
29.030000	0.000000	4.3e-16
29.040000	0.000000	4.2e-16
29.050000	0.000000	4.1e-16
29.060000	0.000000	4.1e-16
29.070000	0.000000	4.0e-16
29.080000	0.000000	3.9e-16
29.090000	0.000000	3.9e-16
29.100000	0.000000	3.8e-16
29.110000	0.000000	3.8e-16
29.120000	0.000000	3.7e-16
29.130000	0.000000	3.7e-16
29.140000	0.000000	3.6e-16
29.150000	0.000000	3.6e-16
29.160000	0.000000	3.5e-16
29.170000	0.000000	3.5e-16
29.180000	0.000000	3.4e-16
29.190000	0.000000	3.4e-16
29.200000	0.000000	3.4e-16
29.210000	0.000000	3.3e-16
29.220000	0.000000	3.3e-16
29.230000	0.000000	3.2e-16
29.240000	0.000000	3.2e-16
29.250000	0.000000	3.1e-16
29.260000	0.000000	3.1e-16
29.270000	0.000000	3.0e-16
29.280000	0.000000	3.0e-16
29.290000	0.000000	3.0e-16
29.300000	0.000000	2.9e-16
29.310000	0.000000	2.9e-16
29.320000	0.000000	2.8e-16
29.330000	0.000000	2.8e-16
29.340000	0.000000	2.7e-16
29.350000	0.000000	2.7e-16
29.360000	0.000000	2.6e-16
29.370000	0.000000	2.6e-16
29.380000	0.000000	2.6e-16
29.390000	0.000000	2.5e-16
29.400000	0.000000	2.5e-16
29.410000	0.000000	2.5e-16
29.420000	0.000000	2.4e-16
29.430000	0.000000	2.4e-16
29.440000	0.000000	2.4e-16
29.450000	0.000000	2.3e-16
29.460000	0.000000	2.3e-16
29.470000	0.000000	2.3e-16
29.480000	0.000000	2.2e-16
29.490000	0.000000	2.2e-16
29.500000	0.000000	2.2e-16
29.510000	0.000000	2.2e-16
29.520000	0.000000	2.1e-16
29.530000	0.000000	2.1e-16
29.540000	0.000000	2.1e-16
29.550000	0.000000	2.0e-16
29.560000	0.000000	2.0e-16
29.570000	0.000000	2.0e-16
29.580000	0.000000	1.9e-16
29.590000	0.000000	1.9e-16
29.600000	0.000000	1.9e-16
29.610000	0.000000	1.9e-16
29.620000	0.000000	1.8e-16
29.630000	0.000000	1.8e-16
29.640000	0.000000	1.8e-16
29.650000	0.000000	1.7e-16
29.660000	0.000000	1.7e-16
29.670000	0.000000	1.7e-16
29.680000	0.000000	1.7e-16
29.690000	0.000000	1.6e-16
29.700000	0.000000	1.6e-16
29.710000	0.000000	1.6e-16
29.720000	0.000000	1.6e-16
29.730000	0.000000	1.6e-16
29.740000	0.000000	1.5e-16
29.750000	0.000000	1.5e-16
29.760000	0.000000	1.5e-16
29.770000	0.000000	1.5e-16
29.780000	0.000000	1.5e-16
29.790000	0.000000	1.4e-16
29.800000	0.000000	1.4e-16
29.810000	0.000000	1.4e-16
29.820000	0.000000	1.4e-16
29.830000	0.000000	1.4e-16
29.840000	0.000000	1.3e-16
29.850000	0.000000	1.3e-16
29.860000	0.000000	1.3e-16
29.870000	0.000000	1.3e-16
29.880000	0.000000	1.3e-16
29.890000	0.000000	1.2e-16
29.900000	0.000000	1.2e-16
29.910000	0.000000	1.2e-16
29.920000	0.000000	1.2e-16
29.930000	0.000000	1.2e-16
29.940000	0.000000	1.1e-16
29.950000	0.000000	1.1e-16
29.960000	0.000000	1.1e-16
29.970000	0.000000	1.1e-16
29.980000	0.000000	1.1e-16
29.990000	0.000000	1.1e-16
30.000000	0.000000	1.1e-16
30.010000	0.000000	1.0e-16
30.020000	0.000000	1.0e-16
30.030000	0.000000	1.0e-16
30.040000	0.000000	1.0e-16
30.050000	0.000000	9.9e-17
30.060000	0.000000	9.8e-17
30.070000	0.000000	9.7e-17
30.080000	0.000000	9.5e-17
30.090000	0.000000	9.4e-17
