0.100000	0.000000	4988244.266047
0.110000	0.000000	6063548.841246
0.120000	0.000000	2735484.126594
0.130000	0.000000	3823661.475692
0.140000	0.000000	1550590.617098
0.150000	0.000000	609142.961058
0.160000	0.000000	518927.668013
0.170000	0.000000	463751.923052
0.180000	0.000000	527594.693041
0.190000	0.000000	521791.242493
0.200000	0.000000	443224.997532
0.210000	0.000000	461828.934923
0.220000	0.000000	404440.214149
0.230000	0.000000	472837.783533
0.240000	0.000000	520775.663259
0.250000	0.000000	399362.812949
0.260000	0.000000	563997.225271
0.270000	0.000000	272256.217903
0.280000	0.000000	435307.940640
0.290000	0.000000	280576.360098
0.300000	0.000000	300513.097221
0.310000	0.000000	226313.668584
0.320000	0.000000	208268.941121
0.330000	0.000000	233308.240130
0.340000	0.000000	208259.902310
0.350000	0.000000	176245.721817
0.360000	0.000000	247201.893341
0.370000	0.000000	276651.952600
0.380000	0.000000	155804.689950
0.390000	0.000000	171214.862884
0.400000	0.000000	141251.362284
0.410000	0.000000	128033.874486
0.420000	0.000000	137511.010241
0.430000	0.000000	135856.080863
0.440000	0.000000	110078.544934
0.450000	0.000000	115417.321649
0.460000	0.000000	100086.902242
0.470000	0.000000	99781.825884
0.480000	0.000000	91666.094160
0.490000	0.000000	154940.454166
0.500000	0.000000	124468.142873
0.510000	0.000000	78062.409422
0.520000	0.000000	83033.773192
0.530000	0.000000	83757.742360
0.540000	0.000000	72266.437978
0.550000	0.000000	75800.244586
0.560000	0.000000	98039.857192
0.570000	0.000000	107468.779145
0.580000	0.000000	73297.877725
0.590000	0.000000	72871.633658
0.600000	0.000000	58660.183251
0.610000	0.000000	62458.265955
0.620000	0.000000	75594.874956
0.630000	0.000000	63588.353844
0.640000	0.000000	57043.575043
0.650000	0.000000	688431.545801
0.660000	0.000000	401088.299959
0.670000	0.000000	81650.842692
0.680000	0.000000	62120.493227
0.690000	0.000000	195105.265028
0.700000	0.000000	248815.224141
0.710000	0.000000	650097.772442
0.720000	0.000000	1384250.863918
0.730000	0.000000	221149.143985
0.740000	0.000000	722354.259467
0.750000	0.000000	121351.341510
0.760000	0.000000	512463.970822
0.770000	0.000000	1098161.757750
0.780000	0.000000	416707.418208
0.790000	0.000000	382102.465589
0.800000	0.000000	587523.240018
0.810000	0.000000	468070.793284
0.820000	0.000000	1207879.567710
0.830000	0.000000	744100.975037
0.840000	0.000000	445231.048675
0.850000	0.000000	623182.702719
0.860000	0.000000	920560.577035
0.870000	0.000000	897342.545463
0.880000	0.000000	334403.489103
0.890000	0.000000	396244.855981
0.900000	0.000000	533442.197558
0.910000	0.000000	769452.675993
0.920000	0.000000	437917.538675
0.930000	0.000000	182364.728867
0.940000	0.000000	192985.677306
0.950000	0.000000	272269.866102
0.960000	0.000000	361928.937105
0.970000	0.000000	155166.648644
0.980000	0.000000	112202.066455
0.990000	0.000000	177325.780364
1.000000	0.000000	256359.057166
1.010000	0.000000	411684.431324
1.020000	0.000000	287346.779870
1.030000	0.000000	52500.161050
1.040000	0.000000	61713.223323
1.050000	0.000000	67079.849539
1.060000	0.000000	63308.839903
1.070000	0.000000	145622.860744
1.080000	0.000000	124142.195514
1.090000	0.000000	129465.913499
1.100000	0.000000	95390.007304
1.110000	0.000000	78972.061101
1.120000	0.000000	69381.085593
1.130000	0.000000	37410.369432
1.140000	0.000000	95880.348301
1.150000	0.000000	66124.049332
1.160000	0.000000	93603.752806
1.170000	0.000000	96656.482700
1.180000	0.000000	66004.601929
1.190000	0.000000	43928.644528
1.200000	0.000000	44399.834628
1.210000	0.000000	49425.537294
1.220000	0.000000	34923.092337
1.230000	0.000000	27220.937002
1.240000	0.000000	28340.790130
1.250000	0.000000	34463.333211
1.260000	0.000000	21710.597513
1.270000	0.000000	52629.906428
1.280000	0.000000	17816.036080
1.290000	0.000000	16228.255800
1.300000	0.000000	21277.851275
1.310000	0.000000	23248.982001
1.320000	0.000000	17667.065619
1.330000	0.000000	17954.663426
1.340000	0.000000	20813.077018
1.350000	0.000000	17313.072469
1.360000	0.000000	14902.464868
1.370000	0.000000	14543.243831
1.380000	0.000000	10812.025098
1.390000	0.000000	10853.216835
1.400000	0.000000	11969.918631
1.410000	0.000000	9638.198810
1.420000	0.000000	10197.852141
1.430000	0.000000	9968.943931
1.440000	0.000000	11208.293092
1.450000	0.000000	8143.653210
1.460000	0.000000	8260.326980
1.470000	0.000000	7514.128262
1.480000	0.000000	7733.646404
1.490000	0.000000	7395.522331
1.500000	0.000000	6934.784643
1.510000	0.000000	6760.918481
1.520000	0.000000	6781.150032
1.530000	0.000000	6644.091398
1.540000	0.000000	6325.026842
1.550000	0.000000	6083.590816
1.560000	0.000000	5952.686524
1.570000	0.000000	5944.769756
1.580000	0.000000	5749.304564
1.590000	0.000000	5601.119491
1.600000	0.000000	5690.254206
1.610000	0.000000	5560.616839
1.620000	0.000000	5273.347363
1.630000	0.000000	5130.280412
1.640000	0.000000	5025.014178
1.650000	0.000000	5049.123330
1.660000	0.000000	4884.350194
1.670000	0.000000	4736.530936
1.680000	0.000000	4643.617677
1.690000	0.000000	4547.114351
1.700000	0.000000	4454.023706
1.710000	0.000000	4366.101331
1.720000	0.000000	4272.090229
1.730000	0.000000	4187.645972
1.740000	0.000000	4104.938569
1.750000	0.000000	4034.506381
1.760000	0.000000	3933.289960
1.770000	0.000000	3851.079821
1.780000	0.000000	3767.484871
1.790000	0.000000	3693.592857
1.800000	0.000000	3628.505653
1.810000	0.000000	3552.028299
1.820000	0.000000	3482.832846
1.830000	0.000000	3416.078809
1.840000	0.000000	3349.607833
1.850000	0.000000	3283.435776
1.860000	0.000000	3217.580627
1.870000	0.000000	3154.777046
1.880000	0.000000	3095.764779
1.890000	0.000000	3037.580913
1.900000	0.000000	2980.007290
1.910000	0.000000	2922.390242
1.920000	0.000000	2865.026702
1.930000	0.000000	2808.395410
1.940000	0.000000	2752.741667
1.950000	0.000000	2695.928969
1.960000	0.000000	2641.632198
1.970000	0.000000	2587.451095
1.980000	0.000000	2534.645060
1.990000	0.000000	2484.761609
2.000000	0.000000	2436.753063
2.010000	0.000000	2389.786524
2.020000	0.000000	2343.559719
2.030000	0.000000	2298.688654
2.040000	0.000000	2254.905265
2.050000	0.000000	2211.802503
2.060000	0.000000	2171.048438
2.070000	0.000000	2132.991513
2.080000	0.000000	2093.921181
2.090000	0.000000	2055.519876
2.100000	0.000000	2017.645679
2.110000	0.000000	1980.973631
2.120000	0.000000	2196.306271
2.130000	0.000000	2037.226415
2.140000	0.000000	1989.053671
2.150000	0.000000	2149.148267
2.160000	0.000000	1901.825028
2.170000	0.000000	1758.996818
2.180000	0.000000	1724.384716
2.190000	0.000000	1690.697504
2.200000	0.000000	1657.823814
2.210000	0.000000	1625.468506
2.220000	0.000000	1593.631543
2.230000	0.000000	1562.373687
2.240000	0.000000	1532.352629
2.250000	0.000000	1504.645726
2.260000	0.000000	1479.192189
2.270000	0.000000	1457.679969
2.280000	0.000000	1429.148543
2.290000	0.000000	1405.200836
2.300000	0.000000	1412.450203
2.310000	0.000000	1357.089334
2.320000	0.000000	1325.084580
2.330000	0.000000	1300.914136
2.340000	0.000000	1277.003493
2.350000	0.000000	1253.216031
2.360000	0.000000	1229.845070
2.370000	0.000000	1206.809787
2.380000	0.000000	1183.820231
2.390000	0.000000	1160.921667
2.400000	0.000000	1138.384187
2.410000	0.000000	1116.437882
2.420000	0.000000	1094.766641
2.430000	0.000000	1073.302816
2.440000	0.000000	1052.557889
2.450000	0.000000	1031.980634
2.460000	0.000000	1024.515738
2.470000	0.000000	998.959860
2.480000	0.000000	979.842774
2.490000	0.000000	962.638247
2.500000	0.000000	945.717616
2.510000	0.000000	955.169958
2.520000	0.000000	930.727875
2.530000	0.000000	895.875491
2.540000	0.000000	879.922884
2.550000	0.000000	864.206637
2.560000	0.000000	848.864040
2.570000	0.000000	834.742057
2.580000	0.000000	822.208886
2.590000	0.000000	803.931192
2.600000	0.000000	787.884438
2.610000	0.000000	772.347638
2.620000	0.000000	756.824050
2.630000	0.000000	744.419855
2.640000	0.000000	740.120684
2.650000	0.000000	717.305975
2.660000	0.000000	701.779939
2.670000	0.000000	689.229881
2.680000	0.000000	676.878882
2.690000	0.000000	665.750019
2.700000	0.000000	657.179511
2.710000	0.000000	645.907908
2.720000	0.000000	632.534383
2.730000	0.000000	624.505598
2.740000	0.000000	637.483750
2.750000	0.000000	689.201418
2.760000	0.000000	632.891663
2.770000	0.000000	650.571746
2.780000	0.000000	771.095086
2.790000	0.000000	563.984509
2.800000	0.000000	547.512492
2.810000	0.000000	537.244238
2.820000	0.000000	527.219137
2.830000	0.000000	517.289346
2.840000	0.000000	507.611874
2.850000	0.000000	498.112609
2.860000	0.000000	489.029377
2.870000	0.000000	480.777830
2.880000	0.000000	472.358127
2.890000	0.000000	463.376606
2.900000	0.000000	455.036824
2.910000	0.000000	446.881868
2.920000	0.000000	439.400529
2.930000	0.000000	432.142656
2.940000	0.000000	424.758982
2.950000	0.000000	417.885028
2.960000	0.000000	411.736778
2.970000	0.000000	403.055442
2.980000	0.000000	396.197339
2.990000	0.000000	389.320729
3.000000	0.000000	382.696637
3.010000	0.000000	375.739014
3.020000	0.000000	368.784097
3.030000	0.000000	365.668099
3.040000	0.000000	361.106843
3.050000	0.000000	351.511130
3.060000	0.000000	342.549918
3.070000	0.000000	339.860187
3.080000	0.000000	345.014330
3.090000	0.000000	464.167266
3.100000	0.000000	1161.286294
3.110000	0.000000	492.732019
3.120000	0.000000	784.316275
3.130000	0.000000	1555.565152
3.140000	0.000000	444.432989
3.150000	0.000000	290.983659
3.160000	0.000000	285.816086
3.170000	0.000000	281.357284
3.180000	0.000000	277.159608
3.190000	0.000000	272.437666
3.200000	0.000000	272.069743
3.210000	0.000000	268.391718
3.220000	0.000000	259.193410
3.230000	0.000000	254.103666
3.240000	0.000000	249.536734
3.250000	0.000000	245.211098
3.260000	0.000000	242.620508
3.270000	0.000000	247.774113
3.280000	0.000000	233.897568
3.290000	0.000000	228.617983
3.300000	0.000000	224.570969
3.310000	0.000000	222.771674
3.320000	0.000000	220.481672
3.330000	0.000000	213.471474
3.340000	0.000000	208.492612
3.350000	0.000000	206.817871
3.360000	0.000000	203.039775
3.370000	0.000000	197.964565
3.380000	0.000000	194.225723
3.390000	0.000000	191.090409
3.400000	0.000000	188.033979
3.410000	0.000000	185.147702
3.420000	0.000000	182.215219
3.430000	0.000000	180.840147
3.440000	0.000000	179.707590
3.450000	0.000000	173.641332
3.460000	0.000000	170.515901
3.470000	0.000000	188.365967
3.480000	0.000000	169.770168
3.490000	0.000000	169.263611
3.500000	0.000000	178.680287
3.510000	0.000000	164.426546
3.520000	0.000000	153.239457
3.530000	0.000000	150.056558
3.540000	0.000000	147.498817
3.550000	0.000000	145.276233
3.560000	0.000000	142.913695
3.570000	0.000000	140.524385
3.580000	0.000000	139.826349
3.590000	0.000000	138.157376
3.600000	0.000000	141.642391
3.610000	0.000000	193.685140
3.620000	0.000000	143.577664
3.630000	0.000000	126.775309
3.640000	0.000000	124.847433
3.650000	0.000000	122.095057
3.660000	0.000000	120.003229
3.670000	0.000000	120.813014
3.680000	0.000000	159.671468
3.690000	0.000000	140.322668
3.700000	0.000000	112.142310
3.710000	0.000000	110.125009
3.720000	0.000000	108.232397
3.730000	0.000000	106.517516
3.740000	0.000000	104.923329
3.750000	0.000000	103.211248
3.760000	0.000000	101.267282
3.770000	0.000000	101.449151
3.780000	0.000000	119.710562
3.790000	0.000000	108.557177
3.800000	0.000000	98.253950
3.810000	0.000000	95.486121
3.820000	0.000000	91.650410
3.830000	0.000000	90.646933
3.840000	0.000000	99.547617
3.850000	0.000000	184.051719
3.860000	0.000000	232.901591
3.870000	0.000000	188.849880
3.880000	0.000000	146.279211
3.890000	0.000000	193.339451
3.900000	0.000000	203.669203
3.910000	0.000000	78.288819
3.920000	0.000000	77.023422
3.930000	0.000000	75.929699
3.940000	0.000000	74.325449
3.950000	0.000000	73.166116
3.960000	0.000000	79.646840
3.970000	0.000000	71.096444
3.980000	0.000000	69.524287
3.990000	0.000000	68.374298
4.000000	0.000000	70.062150
4.010000	0.000000	67.283668
4.020000	0.000000	65.119202
4.030000	0.000000	65.234545
4.040000	0.000000	64.750741
4.050000	0.000000	63.395497
4.060000	0.000000	62.085528
4.070000	0.000000	60.539768
4.080000	0.000000	59.164891
4.090000	0.000000	57.652697
4.100000	0.000000	56.774233
4.110000	0.000000	55.912442
4.120000	0.000000	56.098300
4.130000	0.000000	54.180232
4.140000	0.000000	53.378527
4.150000	0.000000	52.422936
4.160000	0.000000	51.521767
4.170000	0.000000	50.652112
4.180000	0.000000	49.826408
4.190000	0.000000	49.036904
4.200000	0.000000	48.258528
4.210000	0.000000	47.483153
4.220000	0.000000	46.711533
4.230000	0.000000	46.178942
4.240000	0.000000	45.701874
4.250000	0.000000	44.611165
4.260000	0.000000	43.756265
4.270000	0.000000	43.076013
4.280000	0.000000	42.288937
4.290000	0.000000	41.542304
4.300000	0.000000	40.809422
4.310000	0.000000	40.128102
4.320000	0.000000	39.427316
4.330000	0.000000	39.213926
4.340000	0.000000	38.313307
4.350000	0.000000	37.505883
4.360000	0.000000	36.891874
4.370000	0.000000	36.268693
4.380000	0.000000	35.647202
4.390000	0.000000	35.057684
4.400000	0.000000	34.470825
4.410000	0.000000	33.905134
4.420000	0.000000	33.396292
4.430000	0.000000	32.946808
4.440000	0.000000	32.331746
4.450000	0.000000	31.828087
4.460000	0.000000	31.564434
4.470000	0.000000	31.025890
4.480000	0.000000	31.639129
4.490000	0.000000	30.142359
4.500000	0.000000	41.462582
4.510000	0.000000	35.467552
4.520000	0.000000	29.472056
4.530000	0.000000	28.126842
4.540000	0.000000	27.579058
4.550000	0.000000	26.932137
4.560000	0.000000	26.488600
4.570000	0.000000	28.680451
4.580000	0.000000	31.282903
4.590000	0.000000	25.165342
4.600000	0.000000	24.748732
4.610000	0.000000	24.349200
4.620000	0.000000	23.982692
4.630000	0.000000	23.527758
4.640000	0.000000	23.137453
4.650000	0.000000	22.836464
4.660000	0.000000	22.422734
4.670000	0.000000	22.064216
4.680000	0.000000	21.944776
4.690000	0.000000	21.832377
4.700000	0.000000	22.057591
4.710000	0.000000	23.379101
4.720000	0.000000	23.949419
4.730000	0.000000	22.639200
4.740000	0.000000	21.042867
4.750000	0.000000	20.006364
4.760000	0.000000	19.613865
4.770000	0.000000	18.751959
4.780000	0.000000	18.443458
4.790000	0.000000	18.141831
4.800000	0.000000	17.829777
4.810000	0.000000	17.698190
4.820000	0.000000	21.270621
4.830000	0.000000	18.283987
4.840000	0.000000	16.811412
4.850000	0.000000	16.707416
4.860000	0.000000	16.282107
4.870000	0.000000	15.828919
4.880000	0.000000	15.569175
4.890000	0.000000	15.329361
4.900000	0.000000	15.097529
4.910000	0.000000	14.870737
4.920000	0.000000	14.836398
4.930000	0.000000	15.053295
4.940000	0.000000	14.194778
4.950000	0.000000	13.970355
4.960000	0.000000	13.748769
4.970000	0.000000	13.516606
4.980000	0.000000	13.622456
4.990000	0.000000	13.127368
5.000000	0.000000	12.862904
5.010000	0.000000	12.651523
5.020000	0.000000	12.580990
5.030000	0.000000	12.318141
5.040000	0.000000	12.107799
5.050000	0.000000	11.933382
5.060000	0.000000	11.686250
5.070000	0.000000	11.478192
5.080000	0.000000	11.285510
5.090000	0.000000	11.059174
5.100000	0.000000	10.879278
5.110000	0.000000	10.691153
5.120000	0.000000	10.521262
5.130000	0.000000	10.379602
5.140000	0.000000	10.226670
5.150000	0.000000	10.086432
5.160000	0.000000	9.934850
5.170000	0.000000	9.773355
5.180000	0.000000	9.620869
5.190000	0.000000	9.471381
5.200000	0.000000	9.321598
5.210000	0.000000	9.169466
5.220000	0.000000	9.020099
5.230000	0.000000	8.874472
5.240000	0.000000	8.729286
5.250000	0.000000	8.587211
5.260000	0.000000	8.448232
5.270000	0.000000	8.310969
5.280000	0.000000	8.173815
5.290000	0.000000	8.038511
5.300000	0.000000	7.899938
5.310000	0.000000	7.762778
5.320000	0.000000	7.628973
5.330000	0.000000	7.498180
5.340000	0.000000	7.373744
5.350000	0.000000	7.251806
5.360000	0.000000	7.138208
5.370000	0.000000	7.028667
5.380000	0.000000	6.921273
5.390000	0.000000	6.817498
5.400000	0.000000	6.716310
5.410000	0.000000	6.616285
5.420000	0.000000	6.517919
5.430000	0.000000	6.420349
5.440000	0.000000	6.323172
5.450000	0.000000	6.231189
5.460000	0.000000	6.155553
5.470000	0.000000	6.042040
5.480000	0.000000	5.927113
5.490000	0.000000	5.950632
5.500000	0.000000	5.813309
5.510000	0.000000	5.666198
5.520000	0.000000	5.559421
5.530000	0.000000	5.523714
5.540000	0.000000	5.426588
5.550000	0.000000	5.290710
5.560000	0.000000	5.196561
5.570000	0.000000	5.159730
5.580000	0.000000	5.094030
5.590000	0.000000	4.928763
5.600000	0.000000	4.866683
5.610000	0.000000	4.850877
5.620000	0.000000	4.762982
5.630000	0.000000	4.797190
5.640000	0.000000	4.643807
5.650000	0.000000	4.529493
5.660000	0.000000	4.447263
5.670000	0.000000	4.409694
5.680000	0.000000	4.308263
5.690000	0.000000	4.221171
5.700000	0.000000	4.153141
5.710000	0.000000	4.088242
5.720000	0.000000	4.023471
5.730000	0.000000	3.959294
5.740000	0.000000	3.895847
5.750000	0.000000	3.841351
5.760000	0.000000	3.794277
5.770000	0.000000	3.722522
5.780000	0.000000	3.655917
5.790000	0.000000	3.591407
5.800000	0.000000	3.533763
5.810000	0.000000	3.465983
5.820000	0.000000	3.406414
5.830000	0.000000	3.348187
5.840000	0.000000	3.293157
5.850000	0.000000	3.243179
5.860000	0.000000	3.198346
5.870000	0.000000	3.149824
5.880000	0.000000	3.108801
5.890000	0.000000	3.060859
5.900000	0.000000	3.009251
5.910000	0.000000	2.967557
5.920000	0.000000	2.921805
5.930000	0.000000	2.875416
5.940000	0.000000	2.833644
5.950000	0.000000	2.797085
5.960000	0.000000	2.747431
5.970000	0.000000	2.697937
5.980000	0.000000	2.664246
5.990000	0.000000	2.623637
6.000000	0.000000	2.573744
6.010000	0.000000	2.529895
6.020000	0.000000	2.495790
6.030000	0.000000	2.457425
6.040000	0.000000	2.409693
6.050000	0.000000	2.366167
6.060000	0.000000	2.332149
6.070000	0.000000	2.293904
6.080000	0.000000	2.248758
6.090000	0.000000	2.211121
6.100000	0.000000	2.179670
6.110000	0.000000	2.151778
6.120000	0.000000	2.119439
6.130000	0.000000	2.086120
6.140000	0.000000	2.050521
6.150000	0.000000	2.018193
6.160000	0.000000	1.986175
6.170000	0.000000	1.957468
6.180000	0.000000	1.926924
6.190000	0.000000	1.897518
6.200000	0.000000	1.868683
6.210000	0.000000	1.839536
6.220000	0.000000	1.810784
6.230000	0.000000	1.782104
6.240000	0.000000	1.753723
6.250000	0.000000	1.726468
6.260000	0.000000	1.699380
6.270000	0.000000	1.672225
6.280000	0.000000	1.645230
6.290000	0.000000	1.617261
6.300000	0.000000	1.589799
6.310000	0.000000	1.562631
6.320000	0.000000	1.539098
6.330000	0.000000	1.516175
6.340000	0.000000	1.488240
6.350000	0.000000	1.464335
6.360000	0.000000	1.442409
6.370000	0.000000	1.421151
6.380000	0.000000	1.400154
6.390000	0.000000	1.381246
6.400000	0.000000	1.375711
6.410000	0.000000	1.737794
6.420000	0.000000	2.604493
6.430000	0.000000	2.767882
6.440000	0.000000	1.527771
6.450000	0.000000	2.006340
6.460000	0.000000	2.956759
6.470000	0.000000	2.589952
6.480000	0.000000	1.485140
6.490000	0.000000	5.180220
6.500000	0.000000	5.059443
6.510000	0.000000	2.214911
6.520000	0.000000	1.443213
6.530000	0.000000	2.322349
6.540000	0.000000	2.349910
6.550000	0.000000	1.595927
6.560000	0.000000	1.176964
6.570000	0.000000	1.593601
6.580000	0.000000	1.877123
6.590000	0.000000	1.308905
6.600000	0.000000	1.182580
6.610000	0.000000	1.304074
6.620000	0.000000	1.210137
6.630000	0.000000	1.004140
6.640000	0.000000	1.023328
6.650000	0.000000	1.091129
6.660000	0.000000	0.979610
6.670000	0.000000	0.962662
6.680000	0.000000	0.903645
6.690000	0.000000	0.884181
6.700000	0.000000	0.896908
6.710000	0.000000	0.863562
6.720000	0.000000	0.824767
6.730000	0.000000	0.807710
6.740000	0.000000	0.795097
6.750000	0.000000	0.782684
6.760000	0.000000	0.770426
6.770000	0.000000	0.758160
6.780000	0.000000	0.746092
6.790000	0.000000	0.734024
6.800000	0.000000	0.721977
6.810000	0.000000	0.709751
6.820000	0.000000	0.697748
6.830000	0.000000	0.686425
6.840000	0.000000	0.675849
6.850000	0.000000	0.665344
6.860000	0.000000	0.654936
6.870000	0.000000	0.645065
6.880000	0.000000	0.635488
6.890000	0.000000	0.626011
6.900000	0.000000	0.618226
6.910000	0.000000	0.609365
6.920000	0.000000	0.598307
6.930000	0.000000	0.589448
6.940000	0.000000	0.580201
6.950000	0.000000	0.571840
6.960000	0.000000	0.562610
6.970000	0.000000	0.553905
6.980000	0.000000	0.544893
6.990000	0.000000	0.536220
7.000000	0.000000	0.527977
7.010000	0.000000	0.519843
7.020000	0.000000	0.512032
7.030000	0.000000	0.503791
7.040000	0.000000	0.495625
7.050000	0.000000	0.488147
7.060000	0.000000	0.480261
7.070000	0.000000	0.472119
7.080000	0.000000	0.464366
7.090000	0.000000	0.456867
7.100000	0.000000	0.449939
7.110000	0.000000	0.443173
7.120000	0.000000	0.436092
7.130000	0.000000	0.429470
7.140000	0.000000	0.423188
7.150000	0.000000	0.416537
7.160000	0.000000	0.410402
7.170000	0.000000	0.405118
7.180000	0.000000	0.399360
7.190000	0.000000	0.415384
7.200000	0.000000	0.395282
7.210000	0.000000	0.380032
7.220000	0.000000	0.374217
7.230000	0.000000	0.368412
7.240000	0.000000	0.362695
7.250000	0.000000	0.357830
7.260000	0.000000	0.357999
7.270000	0.000000	0.358618
7.280000	0.000000	0.341808
7.290000	0.000000	0.335893
7.300000	0.000000	0.330168
7.310000	0.000000	0.324836
7.320000	0.000000	0.319161
7.330000	0.000000	0.314215
7.340000	0.000000	0.312745
7.350000	0.000000	0.312025
7.360000	0.000000	0.303063
7.370000	0.000000	0.295839
7.380000	0.000000	0.290715
7.390000	0.000000	0.286245
7.400000	0.000000	0.282002
7.410000	0.000000	0.278582
7.420000	0.000000	0.277523
7.430000	0.000000	0.275824
7.440000	0.000000	0.268544
7.450000	0.000000	0.262758
7.460000	0.000000	0.258477
7.470000	0.000000	0.253497
7.480000	0.000000	0.249759
7.490000	0.000000	0.252117
7.500000	0.000000	0.244781
7.510000	0.000000	0.248949
7.520000	0.000000	0.241759
7.530000	0.000000	0.235612
7.540000	0.000000	0.232791
7.550000	0.000000	0.227617
7.560000	0.000000	0.221311
7.570000	0.000000	0.217147
7.580000	0.000000	0.214218
7.590000	0.000000	0.210609
7.600000	0.000000	0.206762
7.610000	0.000000	0.203693
7.620000	0.000000	0.201838
7.630000	0.000000	0.200186
7.640000	0.000000	0.194337
7.650000	0.000000	0.191026
7.660000	0.000000	0.188123
7.670000	0.000000	0.185351
7.680000	0.000000	0.182654
7.690000	0.000000	0.179858
7.700000	0.000000	0.177077
7.710000	0.000000	0.174355
7.720000	0.000000	0.173235
7.730000	0.000000	0.170395
7.740000	0.000000	0.166667
7.750000	0.000000	0.164253
7.760000	0.000000	0.162213
7.770000	0.000000	0.161255
7.780000	0.000000	0.162276
7.790000	0.000000	0.163162
7.800000	0.000000	0.157347
7.810000	0.000000	0.150285
7.820000	0.000000	0.148554
7.830000	0.000000	0.146191
7.840000	0.000000	0.142452
7.850000	0.000000	0.140504
7.860000	0.000000	0.138059
7.870000	0.000000	0.135914
7.880000	0.000000	0.133766
7.890000	0.000000	0.131643
7.900000	0.000000	0.129600
7.910000	0.000000	0.127648
7.920000	0.000000	0.125786
7.930000	0.000000	0.123935
7.940000	0.000000	0.122091
7.950000	0.000000	0.120250
7.960000	0.000000	0.118453
7.970000	0.000000	0.116876
7.980000	0.000000	0.114757
7.990000	0.000000	0.112911
8.000000	0.000000	0.111189
8.010000	0.000000	0.109495
8.020000	0.000000	0.107857
8.030000	0.000000	0.106236
8.040000	0.000000	0.104624
8.050000	0.000000	0.103017
8.060000	0.000000	0.101417
8.070000	0.000000	0.099835
8.080000	0.000000	0.098268
8.090000	0.000000	0.096762
8.100000	0.000000	0.095263
8.110000	0.000000	0.093677
8.120000	0.000000	0.092286
8.130000	0.000000	0.090903
8.140000	0.000000	0.089523
8.150000	0.000000	0.088132
8.160000	0.000000	0.087439
8.170000	0.000000	0.085418
8.180000	0.000000	0.084234
8.190000	0.000000	0.082923
8.200000	0.000000	0.081663
8.210000	0.000000	0.080516
8.220000	0.000000	0.079253
8.230000	0.000000	0.077985
8.240000	0.000000	0.076776
8.250000	0.000000	0.075594
8.260000	0.000000	0.074443
8.270000	0.000000	0.073314
8.280000	0.000000	0.072223
8.290000	0.000000	0.071160
8.300000	0.000000	0.070062
8.310000	0.000000	0.068990
8.320000	0.000000	0.067910
8.330000	0.000000	0.066814
8.340000	0.000000	0.066029
8.350000	0.000000	0.064764
8.360000	0.000000	0.063743
8.370000	0.000000	0.062743
8.380000	0.000000	0.061795
8.390000	0.000000	0.060906
8.400000	0.000000	0.059987
8.410000	0.000000	0.059043
8.420000	0.000000	0.058231
8.430000	0.000000	0.057403
8.440000	0.000000	0.056374
8.450000	0.000000	0.055547
8.460000	0.000000	0.054724
8.470000	0.000000	0.053913
8.480000	0.000000	0.053111
8.490000	0.000000	0.052263
8.500000	0.000000	0.051439
8.510000	0.000000	0.050682
8.520000	0.000000	0.049905
8.530000	0.000000	0.049103
8.540000	0.000000	0.048362
8.550000	0.000000	0.047641
8.560000	0.000000	0.046924
8.570000	0.000000	0.046216
8.580000	0.000000	0.045516
8.590000	0.000000	0.044821
8.600000	0.000000	0.044133
8.610000	0.000000	0.043443
8.620000	0.000000	0.042739
8.630000	0.000000	0.042087
8.640000	0.000000	0.041462
8.650000	0.000000	0.040846
8.660000	0.000000	0.040197
8.670000	0.000000	0.039577
8.680000	0.000000	0.038973
8.690000	0.000000	0.038373
8.700000	0.000000	0.037789
8.710000	0.000000	0.037251
8.720000	0.000000	0.036699
8.730000	0.000000	0.036147
8.740000	0.000000	0.035605
8.750000	0.000000	0.035062
8.760000	0.000000	0.034520
8.770000	0.000000	0.033979
8.780000	0.000000	0.033448
8.790000	0.000000	0.032939
8.800000	0.000000	0.032452
8.810000	0.000000	0.031969
8.820000	0.000000	0.031500
8.830000	0.000000	0.030997
8.840000	0.000000	0.030523
8.850000	0.000000	0.030057
8.860000	0.000000	0.029592
8.870000	0.000000	0.029127
8.880000	0.000000	0.028672
8.890000	0.000000	0.028238
8.900000	0.000000	0.027818
8.910000	0.000000	0.027405
8.920000	0.000000	0.026995
8.930000	0.000000	0.026588
8.940000	0.000000	0.026183
8.950000	0.000000	0.025776
8.960000	0.000000	0.025380
8.970000	0.000000	0.025008
8.980000	0.000000	0.024645
8.990000	0.000000	0.024278
9.000000	0.000000	0.023894
9.010000	0.000000	0.023531
9.020000	0.000000	0.023169
9.030000	0.000000	0.022806
9.040000	0.000000	0.022447
9.050000	0.000000	0.022102
9.060000	0.000000	0.021773
9.070000	0.000000	0.021453
9.080000	0.000000	0.021138
9.090000	0.000000	0.020825
9.100000	0.000000	0.020513
9.110000	0.000000	0.020202
9.120000	0.000000	0.019891
9.130000	0.000000	0.019580
9.140000	0.000000	0.019274
9.150000	0.000000	0.018983
9.160000	0.000000	0.018693
9.170000	0.000000	0.018406
9.180000	0.000000	0.018133
9.190000	0.000000	0.017860
9.200000	0.000000	0.017589
9.210000	0.000000	0.017321
9.220000	0.000000	0.017054
9.230000	0.000000	0.016799
9.240000	0.000000	0.016553
9.250000	0.000000	0.016310
9.260000	0.000000	0.016067
9.270000	0.000000	0.015824
9.280000	0.000000	0.015582
9.290000	0.000000	0.015340
9.300000	0.000000	0.015099
9.310000	0.000000	0.014861
9.320000	0.000000	0.014637
9.330000	0.000000	0.014417
9.340000	0.000000	0.014202
9.350000	0.000000	0.013993
9.360000	0.000000	0.013785
9.370000	0.000000	0.013577
9.380000	0.000000	0.013369
9.390000	0.000000	0.013161
9.400000	0.000000	0.012957
9.410000	0.000000	0.012761
9.420000	0.000000	0.012572
9.430000	0.000000	0.012386
9.440000	0.000000	0.012203
9.450000	0.000000	0.012022
9.460000	0.000000	0.011842
9.470000	0.000000	0.011663
9.480000	0.000000	0.011484
9.490000	0.000000	0.011306
9.500000	0.000000	0.011130
9.510000	0.000000	0.010965
9.520000	0.000000	0.010802
9.530000	0.000000	0.010640
9.540000	0.000000	0.010478
9.550000	0.000000	0.010316
9.560000	0.000000	0.010155
9.570000	0.000000	0.009995
9.580000	0.000000	0.009843
9.590000	0.000000	0.009699
9.600000	0.000000	0.009560
9.610000	0.000000	0.009420
9.620000	0.000000	0.009281
9.630000	0.000000	0.009142
9.640000	0.000000	0.009002
9.650000	0.000000	0.008863
9.660000	0.000000	0.008725
9.670000	0.000000	0.008586
9.680000	0.000000	0.008459
9.690000	0.000000	0.008334
9.700000	0.000000	0.008213
9.710000	0.000000	0.008092
9.720000	0.000000	0.007972
9.730000	0.000000	0.007852
9.740000	0.000000	0.007732
9.750000	0.000000	0.007612
9.760000	0.000000	0.007496
9.770000	0.000000	0.007385
9.780000	0.000000	0.007276
9.790000	0.000000	0.007168
9.800000	0.000000	0.007059
9.810000	0.000000	0.006951
9.820000	0.000000	0.006843
9.830000	0.000000	0.006736
9.840000	0.000000	0.006626
9.850000	0.000000	0.006528
9.860000	0.000000	0.006434
9.870000	0.000000	0.006341
9.880000	0.000000	0.006247
9.890000	0.000000	0.006154
9.900000	0.000000	0.006061
9.910000	0.000000	0.005968
9.920000	0.000000	0.005876
9.930000	0.000000	0.005788
9.940000	0.000000	0.005703
9.950000	0.000000	0.005619
9.960000	0.000000	0.005538
9.970000	0.000000	0.005457
9.980000	0.000000	0.005376
9.990000	0.000000	0.005296
10.000000	0.000000	0.005213
10.010000	0.000000	0.005130
10.020000	0.000000	0.005050
10.030000	0.000000	0.004973
10.040000	0.000000	0.004900
10.050000	0.000000	0.004827
10.060000	0.000000	0.004755
10.070000	0.000000	0.004683
10.080000	0.000000	0.004611
10.090000	0.000000	0.004541
10.100000	0.000000	0.004471
10.110000	0.000000	0.004403
10.120000	0.000000	0.004338
10.130000	0.000000	0.004275
10.140000	0.000000	0.004213
10.150000	0.000000	0.004150
10.160000	0.000000	0.004088
10.170000	0.000000	0.004023
10.180000	0.000000	0.003959
10.190000	0.000000	0.003900
10.200000	0.000000	0.003844
10.210000	0.000000	0.003788
10.220000	0.000000	0.003733
10.230000	0.000000	0.003679
10.240000	0.000000	0.003625
10.250000	0.000000	0.003571
10.260000	0.000000	0.003517
10.270000	0.000000	0.003463
10.280000	0.000000	0.003409
10.290000	0.000000	0.003356
10.300000	0.000000	0.003306
10.310000	0.000000	0.003257
10.320000	0.000000	0.003209
10.330000	0.000000	0.003160
10.340000	0.000000	0.003110
10.350000	0.000000	0.003063
10.360000	0.000000	0.003016
10.370000	0.000000	0.002970
10.380000	0.000000	0.002925
10.390000	0.000000	0.002882
10.400000	0.000000	0.002840
10.410000	0.000000	0.002798
10.420000	0.000000	0.002757
10.430000	0.000000	0.002715
10.440000	0.000000	0.002674
10.450000	0.000000	0.002634
10.460000	0.000000	0.002596
10.470000	0.000000	0.002558
10.480000	0.000000	0.002521
10.490000	0.000000	0.002484
10.500000	0.000000	0.002448
10.510000	0.000000	0.002409
10.520000	0.000000	0.002373
10.530000	0.000000	0.002337
10.540000	0.000000	0.002301
10.550000	0.000000	0.002265
10.560000	0.000000	0.002230
10.570000	0.000000	0.002197
10.580000	0.000000	0.002164
10.590000	0.000000	0.002132
10.600000	0.000000	0.002101
10.610000	0.000000	0.002069
10.620000	0.000000	0.002038
10.630000	0.000000	0.002007
10.640000	0.000000	0.001976
10.650000	0.000000	0.001947
10.660000	0.000000	0.001918
10.670000	0.000000	0.001889
10.680000	0.000000	0.001860
10.690000	0.000000	0.001832
10.700000	0.000000	0.001805
10.710000	0.000000	0.001778
10.720000	0.000000	0.001752
10.730000	0.000000	0.001727
10.740000	0.000000	0.001702
10.750000	0.000000	0.001677
10.760000	0.000000	0.001652
10.770000	0.000000	0.001628
10.780000	0.000000	0.001604
10.790000	0.000000	0.001580
10.800000	0.000000	0.001556
10.810000	0.000000	0.001532
10.820000	0.000000	0.001508
10.830000	0.000000	0.001484
10.840000	0.000000	0.001462
10.850000	0.000000	0.001440
10.860000	0.000000	0.001419
10.870000	0.000000	0.001398
10.880000	0.000000	0.001377
10.890000	0.000000	0.001356
10.900000	0.000000	0.001335
10.910000	0.000000	0.001315
10.920000	0.000000	0.001295
10.930000	0.000000	0.001276
10.940000	0.000000	0.001257
10.950000	0.000000	0.001239
10.960000	0.000000	0.001221
10.970000	0.000000	0.001203
10.980000	0.000000	0.001185
10.990000	0.000000	0.001169
11.000000	0.000000	0.001152
11.010000	0.000000	0.001134
11.020000	0.000000	0.001117
11.030000	0.000000	0.001101
11.040000	0.000000	0.001084
11.050000	0.000000	0.001068
11.060000	0.000000	0.001052
11.070000	0.000000	0.001036
11.080000	0.000000	0.001020
11.090000	0.000000	0.001004
11.100000	0.000000	0.000989
11.110000	0.000000	0.000974
11.120000	0.000000	0.000960
11.130000	0.000000	0.000946
11.140000	0.000000	0.000932
11.150000	0.000000	0.000918
11.160000	0.000000	0.000904
11.170000	0.000000	0.000890
11.180000	0.000000	0.000876
11.190000	0.000000	0.000862
11.200000	0.000000	0.000850
11.210000	0.000000	0.000837
11.220000	0.000000	0.000825
11.230000	0.000000	0.000813
11.240000	0.000000	0.000801
11.250000	0.000000	0.000790
11.260000	0.000000	0.000779
11.270000	0.000000	0.000767
11.280000	0.000000	0.000756
11.290000	0.000000	0.000745
11.300000	0.000000	0.000734
11.310000	0.000000	0.000723
11.320000	0.000000	0.000712
11.330000	0.000000	0.000701
11.340000	0.000000	0.000691
11.350000	0.000000	0.000679
11.360000	0.000000	0.000669
11.370000	0.000000	0.000659
11.380000	0.000000	0.000649
11.390000	0.000000	0.000640
11.400000	0.000000	0.000630
11.410000	0.000000	0.000621
11.420000	0.000000	0.000611
11.430000	0.000000	0.000602
11.440000	0.000000	0.000593
11.450000	0.000000	0.000584
11.460000	0.000000	0.000575
11.470000	0.000000	0.000567
11.480000	0.000000	0.000559
11.490000	0.000000	0.000550
11.500000	0.000000	0.000542
11.510000	0.000000	0.000534
11.520000	0.000000	0.000527
11.530000	0.000000	0.000519
11.540000	0.000000	0.000511
11.550000	0.000000	0.000504
11.560000	0.000000	0.000496
11.570000	0.000000	0.000489
11.580000	0.000000	0.000482
11.590000	0.000000	0.000475
11.600000	0.000000	0.000468
11.610000	0.000000	0.000461
11.620000	0.000000	0.000453
11.630000	0.000000	0.000447
11.640000	0.000000	0.000440
11.650000	0.000000	0.000433
11.660000	0.000000	0.000427
11.670000	0.000000	0.000421
11.680000	0.000000	0.000414
11.690000	0.000000	0.000408
11.700000	0.000000	0.000401
11.710000	0.000000	0.000395
11.720000	0.000000	0.000390
11.730000	0.000000	0.000384
11.740000	0.000000	0.000378
11.750000	0.000000	0.000373
11.760000	0.000000	0.000367
11.770000	0.000000	0.000362
11.780000	0.000000	0.000357
11.790000	0.000000	0.000352
11.800000	0.000000	0.000347
11.810000	0.000000	0.000342
11.820000	0.000000	0.000336
11.830000	0.000000	0.000331
11.840000	0.000000	0.000327
11.850000	0.000000	0.000322
11.860000	0.000000	0.000317
11.870000	0.000000	0.000312
11.880000	0.000000	0.000307
11.890000	0.000000	0.000303
11.900000	0.000000	0.000298
11.910000	0.000000	0.000293
11.920000	0.000000	0.000289
11.930000	0.000000	0.000285
11.940000	0.000000	0.000281
11.950000	0.000000	0.000276
11.960000	0.000000	0.000272
11.970000	0.000000	0.000268
11.980000	0.000000	0.000264
11.990000	0.000000	0.000260
12.000000	0.000000	0.000256
12.010000	0.000000	0.000253
12.020000	0.000000	0.000249
12.030000	0.000000	0.000245
12.040000	0.000000	0.000241
12.050000	0.000000	0.000238
12.060000	0.000000	0.000235
12.070000	0.000000	0.000231
12.080000	0.000000	0.000228
12.090000	0.000000	0.000225
12.100000	0.000000	0.000221
12.110000	0.000000	0.000218
12.120000	0.000000	0.000215
12.130000	0.000000	0.000212
12.140000	0.000000	0.000209
12.150000	0.000000	0.000205
12.160000	0.000000	0.000202
12.170000	0.000000	0.000199
12.180000	0.000000	0.000196
12.190000	0.000000	0.000193
12.200000	0.000000	0.000190
12.210000	0.000000	0.000187
12.220000	0.000000	0.000185
12.230000	0.000000	0.000182
12.240000	0.000000	0.000179
12.250000	0.000000	0.000176
12.260000	0.000000	0.000174
12.270000	0.000000	0.000171
12.280000	0.000000	0.000169
12.290000	0.000000	0.000166
12.300000	0.000000	0.000164
12.310000	0.000000	0.000161
12.320000	0.000000	0.000159
12.330000	0.000000	0.000157
12.340000	0.000000	0.000155
12.350000	0.000000	0.000152
12.360000	0.000000	0.000150
12.370000	0.000000	0.000148
12.380000	0.000000	0.000146
12.390000	0.000000	0.000144
12.400000	0.000000	0.000141
12.410000	0.000000	0.000139
12.420000	0.000000	0.000137
12.430000	0.000000	0.000135
12.440000	0.000000	0.000133
12.450000	0.000000	0.000131
12.460000	0.000000	0.000129
12.470000	0.000000	0.000127
12.480000	0.000000	0.000125
12.490000	0.000000	0.000123
12.500000	0.000000	0.000122
12.510000	0.000000	0.000120
12.520000	0.000000	0.000118
12.530000	0.000000	0.000116
12.540000	0.000000	0.000114
12.550000	0.000000	0.000113
12.560000	0.000000	0.000111
12.570000	0.000000	0.000109
12.580000	0.000000	0.000108
12.590000	0.000000	0.000106
12.600000	0.000000	0.000105
12.610000	0.000000	0.000103
12.620000	0.000000	0.000102
12.630000	0.000000	0.000100
12.640000	0.000000	0.000099
12.650000	0.000000	0.000097
12.660000	0.000000	0.000096
12.670000	0.000000	0.000095
12.680000	0.000000	0.000093
12.690000	0.000000	0.000092
12.700000	0.000000	0.000090
12.710000	0.000000	0.000089
12.720000	0.000000	0.000088
12.730000	0.000000	0.000086
12.740000	0.000000	0.000085
12.750000	0.000000	0.000084
12.760000	0.000000	0.000083
12.770000	0.000000	0.000081
12.780000	0.000000	0.000080
12.790000	0.000000	0.000079
12.800000	0.000000	0.000078
12.810000	0.000000	0.000077
12.820000	0.000000	0.000075
12.830000	0.000000	0.000074
12.840000	0.000000	0.000073
12.850000	0.000000	0.000072
12.860000	0.000000	0.000071
12.870000	0.000000	0.000070
12.880000	0.000000	0.000069
12.890000	0.000000	0.000068
12.900000	0.000000	0.000067
12.910000	0.000000	0.000066
12.920000	0.000000	0.000065
12.930000	0.000000	0.000064
12.940000	0.000000	0.000063
12.950000	0.000000	0.000062
12.960000	0.000000	0.000061
12.970000	0.000000	0.000060
12.980000	0.000000	0.000060
12.990000	0.000000	0.000059
13.000000	0.000000	0.000058
13.010000	0.000000	0.000057
13.020000	0.000000	0.000056
13.030000	0.000000	0.000055
13.040000	0.000000	0.000054
13.050000	0.000000	0.000054
13.060000	0.000000	0.000053
13.070000	0.000000	0.000052
13.080000	0.000000	0.000051
13.090000	0.000000	0.000050
13.100000	0.000000	0.000050
13.110000	0.000000	0.000049
13.120000	0.000000	0.000048
13.130000	0.000000	0.000048
13.140000	0.000000	0.000047
13.150000	0.000000	0.000046
13.160000	0.000000	0.000046
13.170000	0.000000	0.000045
13.180000	0.000000	0.000044
13.190000	0.000000	0.000044
13.200000	0.000000	0.000043
13.210000	0.000000	0.000042
13.220000	0.000000	0.000042
13.230000	0.000000	0.000041
13.240000	0.000000	0.000041
13.250000	0.000000	0.000040
13.260000	0.000000	0.000039
13.270000	0.000000	0.000039
13.280000	0.000000	0.000038
13.290000	0.000000	0.000038
13.300000	0.000000	0.000037
13.310000	0.000000	0.000036
13.320000	0.000000	0.000036
13.330000	0.000000	0.000035
13.340000	0.000000	0.000035
13.350000	0.000000	0.000034
13.360000	0.000000	0.000034
13.370000	0.000000	0.000033
13.380000	0.000000	0.000033
13.390000	0.000000	0.000032
13.400000	0.000000	0.000032
13.410000	0.000000	0.000031
13.420000	0.000000	0.000031
13.430000	0.000000	0.000031
13.440000	0.000000	0.000030
13.450000	0.000000	0.000030
13.460000	0.000000	0.000029
13.470000	0.000000	0.000029
13.480000	0.000000	0.000028
13.490000	0.000000	0.000028
13.500000	0.000000	0.000028
13.510000	0.000000	0.000027
13.520000	0.000000	0.000027
13.530000	0.000000	0.000026
13.540000	0.000000	0.000026
13.550000	0.000000	0.000026
13.560000	0.000000	0.000025
13.570000	0.000000	0.000025
13.580000	0.000000	0.000024
13.590000	0.000000	0.000024
13.600000	0.000000	0.000024
13.610000	0.000000	0.000023
13.620000	0.000000	0.000023
13.630000	0.000000	0.000023
13.640000	0.000000	0.000022
13.650000	0.000000	0.000022
13.660000	0.000000	0.000022
13.670000	0.000000	0.000021
13.680000	0.000000	0.000021
13.690000	0.000000	0.000021
13.700000	0.000000	0.000020
13.710000	0.000000	0.000020
13.720000	0.000000	0.000020
13.730000	0.000000	0.000020
13.740000	0.000000	0.000019
13.750000	0.000000	0.000019
13.760000	0.000000	0.000019
13.770000	0.000000	0.000018
13.780000	0.000000	0.000018
13.790000	0.000000	0.000018
13.800000	0.000000	0.000018
13.810000	0.000000	0.000017
13.820000	0.000000	0.000017
13.830000	0.000000	0.000017
13.840000	0.000000	0.000017
13.850000	0.000000	0.000016
13.860000	0.000000	0.000016
13.870000	0.000000	0.000016
13.880000	0.000000	0.000016
13.890000	0.000000	0.000015
13.900000	0.000000	0.000015
13.910000	0.000000	0.000015
13.920000	0.000000	0.000015
13.930000	0.000000	0.000015
13.940000	0.000000	0.000014
13.950000	0.000000	0.000014
13.960000	0.000000	0.000014
13.970000	0.000000	0.000014
13.980000	0.000000	0.000014
13.990000	0.000000	0.000013
14.000000	0.000000	0.000013
14.010000	0.000000	0.000013
14.020000	0.000000	0.000013
14.030000	0.000000	0.000013
14.040000	0.000000	0.000012
14.050000	0.000000	0.000012
14.060000	0.000000	0.000012
14.070000	0.000000	0.000012
14.080000	0.000000	0.000012
14.090000	0.000000	0.000011
14.100000	0.000000	0.000011
14.110000	0.000000	0.000011
14.120000	0.000000	0.000011
14.130000	0.000000	0.000011
14.140000	0.000000	0.000011
14.150000	0.000000	0.000010
14.160000	0.000000	0.000010
14.170000	0.000000	0.000010
14.180000	0.000000	0.000010
14.190000	0.000000	0.000010
14.200000	0.000000	0.000010
14.210000	0.000000	0.000010
14.220000	0.000000	0.000009
14.230000	0.000000	0.000009
14.240000	0.000000	0.000009
14.250000	0.000000	0.000009
14.260000	0.000000	0.000009
14.270000	0.000000	0.000009
14.280000	0.000000	0.000009
14.290000	0.000000	0.000009
14.300000	0.000000	0.000008
14.310000	0.000000	0.000008
14.320000	0.000000	0.000008
14.330000	0.000000	0.000008
14.340000	0.000000	0.000008
14.350000	0.000000	0.000008
14.360000	0.000000	0.000008
14.370000	0.000000	0.000008
14.380000	0.000000	0.000007
14.390000	0.000000	0.000007
14.400000	0.000000	0.000007
14.410000	0.000000	0.000007
14.420000	0.000000	0.000007
14.430000	0.000000	0.000007
14.440000	0.000000	0.000007
14.450000	0.000000	0.000007
14.460000	0.000000	0.000007
14.470000	0.000000	0.000007
14.480000	0.000000	0.000006
14.490000	0.000000	0.000006
14.500000	0.000000	0.000006
14.510000	0.000000	0.000006
14.520000	0.000000	0.000006
14.530000	0.000000	0.000006
14.540000	0.000000	0.000006
14.550000	0.000000	0.000006
14.560000	0.000000	0.000006
14.570000	0.000000	0.000006
14.580000	0.000000	0.000006
14.590000	0.000000	0.000006
14.600000	0.000000	0.000005
14.610000	0.000000	0.000005
14.620000	0.000000	0.000005
14.630000	0.000000	0.000005
14.640000	0.000000	0.000005
14.650000	0.000000	0.000005
14.660000	0.000000	0.000005
14.670000	0.000000	0.000005
14.680000	0.000000	0.000005
14.690000	0.000000	0.000005
14.700000	0.000000	0.000005
14.710000	0.000000	0.000005
14.720000	0.000000	0.000005
14.730000	0.000000	0.000004
14.740000	0.000000	0.000004
14.750000	0.000000	0.000004
14.760000	0.000000	0.000004
14.770000	0.000000	0.000004
14.780000	0.000000	0.000004
14.790000	0.000000	0.000004
14.800000	0.000000	0.000004
14.810000	0.000000	0.000004
14.820000	0.000000	0.000004
14.830000	0.000000	0.000004
14.840000	0.000000	0.000004
14.850000	0.000000	0.000004
14.860000	0.000000	0.000004
14.870000	0.000000	0.000004
14.880000	0.000000	0.000004
14.890000	0.000000	0.000004
14.900000	0.000000	0.000003
14.910000	0.000000	0.000003
14.920000	0.000000	0.000003
14.930000	0.000000	0.000003
14.940000	0.000000	0.000003
14.950000	0.000000	0.000003
14.960000	0.000000	0.000003
14.970000	0.000000	0.000003
14.980000	0.000000	0.000003
14.990000	0.000000	0.000003
15.000000	0.000000	0.000003
15.010000	0.000000	0.000003
15.020000	0.000000	0.000003
15.030000	0.000000	0.000003
15.040000	0.000000	0.000003
15.050000	0.000000	0.000003
15.060000	0.000000	0.000003
15.070000	0.000000	0.000003
15.080000	0.000000	0.000003
15.090000	0.000000	0.000003
15.100000	0.000000	0.000003
15.110000	0.000000	0.000003
15.120000	0.000000	0.000003
15.130000	0.000000	0.000002
15.140000	0.000000	0.000002
15.150000	0.000000	0.000002
15.160000	0.000000	0.000002
15.170000	0.000000	0.000002
15.180000	0.000000	0.000002
15.190000	0.000000	0.000002
15.200000	0.000000	0.000002
15.210000	0.000000	0.000002
15.220000	0.000000	0.000002
15.230000	0.000000	0.000002
15.240000	0.000000	0.000002
15.250000	0.000000	0.000002
15.260000	0.000000	0.000002
15.270000	0.000000	0.000002
15.280000	0.000000	0.000002
15.290000	0.000000	0.000002
15.300000	0.000000	0.000002
15.310000	0.000000	0.000002
15.320000	0.000000	0.000002
15.330000	0.000000	0.000002
15.340000	0.000000	0.000002
15.350000	0.000000	0.000002
15.360000	0.000000	0.000002
15.370000	0.000000	0.000002
15.380000	0.000000	0.000002
15.390000	0.000000	0.000002
15.400000	0.000000	0.000002
15.410000	0.000000	0.000002
15.420000	0.000000	0.000002
15.430000	0.000000	0.000002
15.440000	0.000000	0.000002
15.450000	0.000000	0.000002
15.460000	0.000000	0.000002
15.470000	0.000000	0.000001
15.480000	0.000000	0.000001
15.490000	0.000000	0.000001
15.500000	0.000000	0.000001
15.510000	0.000000	0.000001
15.520000	0.000000	0.000001
15.530000	0.000000	0.000001
15.540000	0.000000	0.000001
15.550000	0.000000	0.000001
15.560000	0.000000	0.000001
15.570000	0.000000	0.000001
15.580000	0.000000	0.000001
15.590000	0.000000	0.000001
15.600000	0.000000	0.000001
15.610000	0.000000	0.000001
15.620000	0.000000	0.000001
15.630000	0.000000	0.000001
15.640000	0.000000	0.000001
15.650000	0.000000	0.000001
15.660000	0.000000	0.000001
15.670000	0.000000	0.000001
15.680000	0.000000	0.000001
15.690000	0.000000	0.000001
15.700000	0.000000	0.000001
15.710000	0.000000	0.000001
15.720000	0.000000	0.000001
15.730000	0.000000	0.000001
15.740000	0.000000	0.000001
15.750000	0.000000	9.9e-07
15.760000	0.000000	9.8e-07
15.770000	0.000000	9.7e-07
15.780000	0.000000	9.5e-07
15.790000	0.000000	9.4e-07
15.800000	0.000000	9.2e-07
15.810000	0.000000	9.1e-07
15.820000	0.000000	9.0e-07
15.830000	0.000000	8.8e-07
15.840000	0.000000	8.7e-07
15.850000	0.000000	8.6e-07
15.860000	0.000000	8.5e-07
15.870000	0.000000	8.4e-07
15.880000	0.000000	8.2e-07
15.890000	0.000000	8.1e-07
15.900000	0.000000	8.0e-07
15.910000	0.000000	7.9e-07
15.920000	0.000000	7.8e-07
15.930000	0.000000	7.7e-07
15.940000	0.000000	7.6e-07
15.950000	0.000000	7.4e-07
15.960000	0.000000	7.3e-07
15.970000	0.000000	7.2e-07
15.980000	0.000000	7.1e-07
15.990000	0.000000	7.0e-07
16.000000	0.000000	6.9e-07
16.010000	0.000000	6.8e-07
16.020000	0.000000	6.7e-07
16.030000	0.000000	6.6e-07
16.040000	0.000000	6.5e-07
16.050000	0.000000	6.4e-07
16.060000	0.000000	6.3e-07
16.070000	0.000000	6.2e-07
16.080000	0.000000	6.1e-07
16.090000	0.000000	6.0e-07
16.100000	0.000000	6.0e-07
16.110000	0.000000	5.9e-07
16.120000	0.000000	5.8e-07
16.130000	0.000000	5.7e-07
16.140000	0.000000	5.6e-07
16.150000	0.000000	5.6e-07
16.160000	0.000000	5.5e-07
16.170000	0.000000	5.4e-07
16.180000	0.000000	5.3e-07
16.190000	0.000000	5.2e-07
16.200000	0.000000	5.2e-07
16.210000	0.000000	5.1e-07
16.220000	0.000000	5.0e-07
16.230000	0.000000	4.9e-07
16.240000	0.000000	4.9e-07
16.250000	0.000000	4.8e-07
16.260000	0.000000	4.7e-07
16.270000	0.000000	4.6e-07
16.280000	0.000000	4.6e-07
16.290000	0.000000	4.5e-07
16.300000	0.000000	4.4e-07
16.310000	0.000000	4.4e-07
16.320000	0.000000	4.3e-07
16.330000	0.000000	4.2e-07
16.340000	0.000000	4.2e-07
16.350000	0.000000	4.1e-07
16.360000	0.000000	4.1e-07
16.370000	0.000000	4.0e-07
16.380000	0.000000	4.0e-07
16.390000	0.000000	3.9e-07
16.400000	0.000000	3.8e-07
16.410000	0.000000	3.8e-07
16.420000	0.000000	3.7e-07
16.430000	0.000000	3.7e-07
16.440000	0.000000	3.6e-07
16.450000	0.000000	3.6e-07
16.460000	0.000000	3.5e-07
16.470000	0.000000	3.5e-07
16.480000	0.000000	3.4e-07
16.490000	0.000000	3.4e-07
16.500000	0.000000	3.3e-07
16.510000	0.000000	3.3e-07
16.520000	0.000000	3.2e-07
16.530000	0.000000	3.2e-07
16.540000	0.000000	3.1e-07
16.550000	0.000000	3.1e-07
16.560000	0.000000	3.0e-07
16.570000	0.000000	3.0e-07
16.580000	0.000000	2.9e-07
16.590000	0.000000	2.9e-07
16.600000	0.000000	2.9e-07
16.610000	0.000000	2.8e-07
16.620000	0.000000	2.8e-07
16.630000	0.000000	2.7e-07
16.640000	0.000000	2.7e-07
16.650000	0.000000	2.7e-07
16.660000	0.000000	2.6e-07
16.670000	0.000000	2.6e-07
16.680000	0.000000	2.6e-07
16.690000	0.000000	2.5e-07
16.700000	0.000000	2.5e-07
16.710000	0.000000	2.4e-07
16.720000	0.000000	2.4e-07
16.730000	0.000000	2.4e-07
16.740000	0.000000	2.3e-07
16.750000	0.000000	2.3e-07
16.760000	0.000000	2.3e-07
16.770000	0.000000	2.2e-07
16.780000	0.000000	2.2e-07
16.790000	0.000000	2.2e-07
16.800000	0.000000	2.1e-07
16.810000	0.000000	2.1e-07
16.820000	0.000000	2.1e-07
16.830000	0.000000	2.0e-07
16.840000	0.000000	2.0e-07
16.850000	0.000000	2.0e-07
16.860000	0.000000	2.0e-07
16.870000	0.000000	1.9e-07
16.880000	0.000000	1.9e-07
16.890000	0.000000	1.9e-07
16.900000	0.000000	1.8e-07
16.910000	0.000000	1.8e-07
16.920000	0.000000	1.8e-07
16.930000	0.000000	1.8e-07
16.940000	0.000000	1.7e-07
16.950000	0.000000	1.7e-07
16.960000	0.000000	1.7e-07
16.970000	0.000000	1.7e-07
16.980000	0.000000	1.6e-07
16.990000	0.000000	1.6e-07
17.000000	0.000000	1.6e-07
17.010000	0.000000	1.6e-07
17.020000	0.000000	1.6e-07
17.030000	0.000000	1.5e-07
17.040000	0.000000	1.5e-07
17.050000	0.000000	1.5e-07
17.060000	0.000000	1.5e-07
17.070000	0.000000	1.4e-07
17.080000	0.000000	1.4e-07
17.090000	0.000000	1.4e-07
17.100000	0.000000	1.4e-07
17.110000	0.000000	1.4e-07
17.120000	0.000000	1.3e-07
17.130000	0.000000	1.3e-07
17.140000	0.000000	1.3e-07
17.150000	0.000000	1.3e-07
17.160000	0.000000	1.3e-07
17.170000	0.000000	1.2e-07
17.180000	0.000000	1.2e-07
17.190000	0.000000	1.2e-07
17.200000	0.000000	1.2e-07
17.210000	0.000000	1.2e-07
17.220000	0.000000	1.2e-07
17.230000	0.000000	1.1e-07
17.240000	0.000000	1.1e-07
17.250000	0.000000	1.1e-07
17.260000	0.000000	1.1e-07
17.270000	0.000000	1.1e-07
17.280000	0.000000	1.1e-07
17.290000	0.000000	1.0e-07
17.300000	0.000000	1.0e-07
17.310000	0.000000	1.0e-07
17.320000	0.000000	1.0e-07
17.330000	0.000000	9.9e-08
17.340000	0.000000	9.7e-08
17.350000	0.000000	9.6e-08
17.360000	0.000000	9.4e-08
17.370000	0.000000	9.3e-08
17.380000	0.000000	9.2e-08
17.390000	0.000000	9.0e-08
17.400000	0.000000	8.9e-08
17.410000	0.000000	8.8e-08
17.420000	0.000000	8.6e-08
17.430000	0.000000	8.5e-08
17.440000	0.000000	8.4e-08
17.450000	0.000000	8.3e-08
17.460000	0.000000	8.1e-08
17.470000	0.000000	8.0e-08
17.480000	0.000000	7.9e-08
17.490000	0.000000	7.8e-08
17.500000	0.000000	7.7e-08
17.510000	0.000000	7.6e-08
17.520000	0.000000	7.5e-08
17.530000	0.000000	7.4e-08
17.540000	0.000000	7.3e-08
17.550000	0.000000	7.2e-08
17.560000	0.000000	7.1e-08
17.570000	0.000000	7.0e-08
17.580000	0.000000	6.9e-08
17.590000	0.000000	6.8e-08
17.600000	0.000000	6.7e-08
17.610000	0.000000	6.6e-08
17.620000	0.000000	6.5e-08
17.630000	0.000000	6.4e-08
17.640000	0.000000	6.3e-08
17.650000	0.000000	6.2e-08
17.660000	0.000000	6.1e-08
17.670000	0.000000	6.0e-08
17.680000	0.000000	5.9e-08
17.690000	0.000000	5.8e-08
17.700000	0.000000	5.7e-08
17.710000	0.000000	5.7e-08
17.720000	0.000000	5.6e-08
17.730000	0.000000	5.5e-08
17.740000	0.000000	5.4e-08
17.750000	0.000000	5.3e-08
17.760000	0.000000	5.3e-08
17.770000	0.000000	5.2e-08
17.780000	0.000000	5.1e-08
17.790000	0.000000	5.0e-08
17.800000	0.000000	5.0e-08
17.810000	0.000000	4.9e-08
17.820000	0.000000	4.8e-08
17.830000	0.000000	4.8e-08
17.840000	0.000000	4.7e-08
17.850000	0.000000	4.6e-08
17.860000	0.000000	4.6e-08
17.870000	0.000000	4.5e-08
17.880000	0.000000	4.4e-08
17.890000	0.000000	4.4e-08
17.900000	0.000000	4.3e-08
17.910000	0.000000	4.2e-08
17.920000	0.000000	4.2e-08
17.930000	0.000000	4.1e-08
17.940000	0.000000	4.0e-08
17.950000	0.000000	4.0e-08
17.960000	0.000000	3.9e-08
17.970000	0.000000	3.9e-08
17.980000	0.000000	3.8e-08
17.990000	0.000000	3.8e-08
18.000000	0.000000	3.7e-08
18.010000	0.000000	3.7e-08
18.020000	0.000000	3.6e-08
18.030000	0.000000	3.6e-08
18.040000	0.000000	3.5e-08
18.050000	0.000000	3.5e-08
18.060000	0.000000	3.4e-08
18.070000	0.000000	3.4e-08
18.080000	0.000000	3.3e-08
18.090000	0.000000	3.3e-08
18.100000	0.000000	3.2e-08
18.110000	0.000000	3.2e-08
18.120000	0.000000	3.1e-08
18.130000	0.000000	3.1e-08
18.140000	0.000000	3.0e-08
18.150000	0.000000	3.0e-08
18.160000	0.000000	2.9e-08
18.170000	0.000000	2.9e-08
18.180000	0.000000	2.9e-08
18.190000	0.000000	2.8e-08
18.200000	0.000000	2.8e-08
18.210000	0.000000	2.7e-08
18.220000	0.000000	2.7e-08
18.230000	0.000000	2.6e-08
18.240000	0.000000	2.6e-08
18.250000	0.000000	2.6e-08
18.260000	0.000000	2.5e-08
18.270000	0.000000	2.5e-08
18.280000	0.000000	2.5e-08
18.290000	0.000000	2.4e-08
18.300000	0.000000	2.4e-08
18.310000	0.000000	2.4e-08
18.320000	0.000000	2.3e-08
18.330000	0.000000	2.3e-08
18.340000	0.000000	2.3e-08
18.350000	0.000000	2.2e-08
18.360000	0.000000	2.2e-08
18.370000	0.000000	2.2e-08
18.380000	0.000000	2.1e-08
18.390000	0.000000	2.1e-08
18.400000	0.000000	2.1e-08
18.410000	0.000000	2.0e-08
18.420000	0.000000	2.0e-08
18.430000	0.000000	2.0e-08
18.440000	0.000000	2.0e-08
18.450000	0.000000	1.9e-08
18.460000	0.000000	1.9e-08
18.470000	0.000000	1.9e-08
18.480000	0.000000	1.8e-08
18.490000	0.000000	1.8e-08
18.500000	0.000000	1.8e-08
18.510000	0.000000	1.8e-08
18.520000	0.000000	1.7e-08
18.530000	0.000000	1.7e-08
18.540000	0.000000	1.7e-08
18.550000	0.000000	1.7e-08
18.560000	0.000000	1.6e-08
18.570000	0.000000	1.6e-08
18.580000	0.000000	1.6e-08
18.590000	0.000000	1.6e-08
18.600000	0.000000	1.5e-08
18.610000	0.000000	1.5e-08
18.620000	0.000000	1.5e-08
18.630000	0.000000	1.5e-08
18.640000	0.000000	1.5e-08
18.650000	0.000000	1.4e-08
18.660000	0.000000	1.4e-08
18.670000	0.000000	1.4e-08
18.680000	0.000000	1.4e-08
18.690000	0.000000	1.4e-08
18.700000	0.000000	1.3e-08
18.710000	0.000000	1.3e-08
18.720000	0.000000	1.3e-08
18.730000	0.000000	1.3e-08
18.740000	0.000000	1.3e-08
18.750000	0.000000	1.2e-08
18.760000	0.000000	1.2e-08
18.770000	0.000000	1.2e-08
18.780000	0.000000	1.2e-08
18.790000	0.000000	1.2e-08
18.800000	0.000000	1.2e-08
18.810000	0.000000	1.1e-08
18.820000	0.000000	1.1e-08
18.830000	0.000000	1.1e-08
18.840000	0.000000	1.1e-08
18.850000	0.000000	1.1e-08
18.860000	0.000000	1.1e-08
18.870000	0.000000	1.0e-08
18.880000	0.000000	1.0e-08
18.890000	0.000000	1.0e-08
18.900000	0.000000	1.0e-08
18.910000	0.000000	9.9e-09
18.920000	0.000000	9.8e-09
18.930000	0.000000	9.6e-09
18.940000	0.000000	9.5e-09
18.950000	0.000000	9.3e-09
18.960000	0.000000	9.2e-09
18.970000	0.000000	9.1e-09
18.980000	0.000000	8.9e-09
18.990000	0.000000	8.8e-09
19.000000	0.000000	8.7e-09
19.010000	0.000000	8.5e-09
19.020000	0.000000	8.4e-09
19.030000	0.000000	8.3e-09
19.040000	0.000000	8.2e-09
19.050000	0.000000	8.0e-09
19.060000	0.000000	7.9e-09
19.070000	0.000000	7.8e-09
19.080000	0.000000	7.7e-09
19.090000	0.000000	7.6e-09
19.100000	0.000000	7.5e-09
19.110000	0.000000	7.4e-09
19.120000	0.000000	7.3e-09
19.130000	0.000000	7.2e-09
19.140000	0.000000	7.1e-09
19.150000	0.000000	7.0e-09
19.160000	0.000000	6.9e-09
19.170000	0.000000	6.8e-09
19.180000	0.000000	6.7e-09
19.190000	0.000000	6.6e-09
19.200000	0.000000	6.5e-09
19.210000	0.000000	6.4e-09
19.220000	0.000000	6.3e-09
19.230000	0.000000	6.2e-09
19.240000	0.000000	6.1e-09
19.250000	0.000000	6.0e-09
19.260000	0.000000	6.0e-09
19.270000	0.000000	5.9e-09
19.280000	0.000000	5.8e-09
19.290000	0.000000	5.7e-09
19.300000	0.000000	5.6e-09
19.310000	0.000000	5.5e-09
19.320000	0.000000	5.4e-09
19.330000	0.000000	5.4e-09
19.340000	0.000000	5.3e-09
19.350000	0.000000	5.2e-09
19.360000	0.000000	5.1e-09
19.370000	0.000000	5.1e-09
19.380000	0.000000	5.0e-09
19.390000	0.000000	4.9e-09
19.400000	0.000000	4.8e-09
19.410000	0.000000	4.8e-09
19.420000	0.000000	4.7e-09
19.430000	0.000000	4.6e-09
19.440000	0.000000	4.6e-09
19.450000	0.000000	4.5e-09
19.460000	0.000000	4.5e-09
19.470000	0.000000	4.4e-09
19.480000	0.000000	4.3e-09
19.490000	0.000000	4.3e-09
19.500000	0.000000	4.2e-09
19.510000	0.000000	4.1e-09
19.520000	0.000000	4.1e-09
19.530000	0.000000	4.0e-09
19.540000	0.000000	4.0e-09
19.550000	0.000000	3.9e-09
19.560000	0.000000	3.8e-09
19.570000	0.000000	3.8e-09
19.580000	0.000000	3.7e-09
19.590000	0.000000	3.7e-09
19.600000	0.000000	3.6e-09
19.610000	0.000000	3.6e-09
19.620000	0.000000	3.5e-09
19.630000	0.000000	3.5e-09
19.640000	0.000000	3.4e-09
19.650000	0.000000	3.4e-09
19.660000	0.000000	3.3e-09
19.670000	0.000000	3.3e-09
19.680000	0.000000	3.2e-09
19.690000	0.000000	3.2e-09
19.700000	0.000000	3.1e-09
19.710000	0.000000	3.1e-09
19.720000	0.000000	3.1e-09
19.730000	0.000000	3.0e-09
19.740000	0.000000	3.0e-09
19.750000	0.000000	2.9e-09
19.760000	0.000000	2.9e-09
19.770000	0.000000	2.8e-09
19.780000	0.000000	2.8e-09
19.790000	0.000000	2.8e-09
19.800000	0.000000	2.7e-09
19.810000	0.000000	2.7e-09
19.820000	0.000000	2.6e-09
19.830000	0.000000	2.6e-09
19.840000	0.000000	2.6e-09
19.850000	0.000000	2.5e-09
19.860000	0.000000	2.5e-09
19.870000	0.000000	2.4e-09
19.880000	0.000000	2.4e-09
19.890000	0.000000	2.4e-09
19.900000	0.000000	2.3e-09
19.910000	0.000000	2.3e-09
19.920000	0.000000	2.3e-09
19.930000	0.000000	2.2e-09
19.940000	0.000000	2.2e-09
19.950000	0.000000	2.2e-09
19.960000	0.000000	2.2e-09
19.970000	0.000000	2.1e-09
19.980000	0.000000	2.1e-09
19.990000	0.000000	2.1e-09
20.000000	0.000000	2.0e-09
20.010000	0.000000	2.0e-09
20.020000	0.000000	2.0e-09
20.030000	0.000000	2.0e-09
20.040000	0.000000	1.9e-09
20.050000	0.000000	1.9e-09
20.060000	0.000000	1.9e-09
20.070000	0.000000	1.8e-09
20.080000	0.000000	1.8e-09
20.090000	0.000000	1.8e-09
20.100000	0.000000	1.8e-09
20.110000	0.000000	1.7e-09
20.120000	0.000000	1.7e-09
20.130000	0.000000	1.7e-09
20.140000	0.000000	1.7e-09
20.150000	0.000000	1.6e-09
20.160000	0.000000	1.6e-09
20.170000	0.000000	1.6e-09
20.180000	0.000000	1.6e-09
20.190000	0.000000	1.5e-09
20.200000	0.000000	1.5e-09
20.210000	0.000000	1.5e-09
20.220000	0.000000	1.5e-09
20.230000	0.000000	1.5e-09
20.240000	0.000000	1.4e-09
20.250000	0.000000	1.4e-09
20.260000	0.000000	1.4e-09
20.270000	0.000000	1.4e-09
20.280000	0.000000	1.4e-09
20.290000	0.000000	1.3e-09
20.300000	0.000000	1.3e-09
20.310000	0.000000	1.3e-09
20.320000	0.000000	1.3e-09
20.330000	0.000000	1.3e-09
20.340000	0.000000	1.2e-09
20.350000	0.000000	1.2e-09
20.360000	0.000000	1.2e-09
20.370000	0.000000	1.2e-09
20.380000	0.000000	1.2e-09
20.390000	0.000000	1.2e-09
20.400000	0.000000	1.1e-09
20.410000	0.000000	1.1e-09
20.420000	0.000000	1.1e-09
20.430000	0.000000	1.1e-09
20.440000	0.000000	1.1e-09
20.450000	0.000000	1.1e-09
20.460000	0.000000	1.0e-09
20.470000	0.000000	1.0e-09
20.480000	0.000000	1.0e-09
20.490000	0.000000	1.0e-09
20.500000	0.000000	9.8e-10
20.510000	0.000000	9.7e-10
20.520000	0.000000	9.6e-10
20.530000	0.000000	9.4e-10
20.540000	0.000000	9.3e-10
20.550000	0.000000	9.2e-10
20.560000	0.000000	9.0e-10
20.570000	0.000000	8.9e-10
20.580000	0.000000	8.8e-10
20.590000	0.000000	8.7e-10
20.600000	0.000000	8.5e-10
20.610000	0.000000	8.4e-10
20.620000	0.000000	8.3e-10
20.630000	0.000000	8.2e-10
20.640000	0.000000	8.1e-10
20.650000	0.000000	7.9e-10
20.660000	0.000000	7.8e-10
20.670000	0.000000	7.7e-10
20.680000	0.000000	7.6e-10
20.690000	0.000000	7.5e-10
20.700000	0.000000	7.4e-10
20.710000	0.000000	7.2e-10
20.720000	0.000000	7.1e-10
20.730000	0.000000	7.0e-10
20.740000	0.000000	6.9e-10
20.750000	0.000000	6.8e-10
20.760000	0.000000	6.7e-10
20.770000	0.000000	6.7e-10
20.780000	0.000000	6.6e-10
20.790000	0.000000	6.5e-10
20.800000	0.000000	6.4e-10
20.810000	0.000000	6.3e-10
20.820000	0.000000	6.2e-10
20.830000	0.000000	6.1e-10
20.840000	0.000000	6.0e-10
20.850000	0.000000	5.9e-10
20.860000	0.000000	5.9e-10
20.870000	0.000000	5.8e-10
20.880000	0.000000	5.7e-10
20.890000	0.000000	5.6e-10
20.900000	0.000000	5.5e-10
20.910000	0.000000	5.5e-10
20.920000	0.000000	5.4e-10
20.930000	0.000000	5.3e-10
20.940000	0.000000	5.2e-10
20.950000	0.000000	5.1e-10
20.960000	0.000000	5.1e-10
20.970000	0.000000	5.0e-10
20.980000	0.000000	4.9e-10
20.990000	0.000000	4.8e-10
21.000000	0.000000	4.8e-10
21.010000	0.000000	4.7e-10
21.020000	0.000000	4.6e-10
21.030000	0.000000	4.6e-10
21.040000	0.000000	4.5e-10
21.050000	0.000000	4.4e-10
21.060000	0.000000	4.4e-10
21.070000	0.000000	4.3e-10
21.080000	0.000000	4.3e-10
21.090000	0.000000	4.2e-10
21.100000	0.000000	4.1e-10
21.110000	0.000000	4.1e-10
21.120000	0.000000	4.0e-10
21.130000	0.000000	4.0e-10
21.140000	0.000000	3.9e-10
21.150000	0.000000	3.9e-10
21.160000	0.000000	3.8e-10
21.170000	0.000000	3.7e-10
21.180000	0.000000	3.7e-10
21.190000	0.000000	3.6e-10
21.200000	0.000000	3.6e-10
21.210000	0.000000	3.5e-10
21.220000	0.000000	3.5e-10
21.230000	0.000000	3.4e-10
21.240000	0.000000	3.4e-10
21.250000	0.000000	3.3e-10
21.260000	0.000000	3.3e-10
21.270000	0.000000	3.2e-10
21.280000	0.000000	3.2e-10
21.290000	0.000000	3.1e-10
21.300000	0.000000	3.1e-10
21.310000	0.000000	3.0e-10
21.320000	0.000000	3.0e-10
21.330000	0.000000	3.0e-10
21.340000	0.000000	2.9e-10
21.350000	0.000000	2.9e-10
21.360000	0.000000	2.8e-10
21.370000	0.000000	2.8e-10
21.380000	0.000000	2.8e-10
21.390000	0.000000	2.7e-10
21.400000	0.000000	2.7e-10
21.410000	0.000000	2.7e-10
21.420000	0.000000	2.6e-10
21.430000	0.000000	2.6e-10
21.440000	0.000000	2.5e-10
21.450000	0.000000	2.5e-10
21.460000	0.000000	2.5e-10
21.470000	0.000000	2.4e-10
21.480000	0.000000	2.4e-10
21.490000	0.000000	2.4e-10
21.500000	0.000000	2.3e-10
21.510000	0.000000	2.3e-10
21.520000	0.000000	2.3e-10
21.530000	0.000000	2.2e-10
21.540000	0.000000	2.2e-10
21.550000	0.000000	2.2e-10
21.560000	0.000000	2.1e-10
21.570000	0.000000	2.1e-10
21.580000	0.000000	2.1e-10
21.590000	0.000000	2.0e-10
21.600000	0.000000	2.0e-10
21.610000	0.000000	2.0e-10
21.620000	0.000000	2.0e-10
21.630000	0.000000	1.9e-10
21.640000	0.000000	1.9e-10
21.650000	0.000000	1.9e-10
21.660000	0.000000	1.8e-10
21.670000	0.000000	1.8e-10
21.680000	0.000000	1.8e-10
21.690000	0.000000	1.8e-10
21.700000	0.000000	1.7e-10
21.710000	0.000000	1.7e-10
21.720000	0.000000	1.7e-10
21.730000	0.000000	1.7e-10
21.740000	0.000000	1.6e-10
21.750000	0.000000	1.6e-10
21.760000	0.000000	1.6e-10
21.770000	0.000000	1.6e-10
21.780000	0.000000	1.5e-10
21.790000	0.000000	1.5e-10
21.800000	0.000000	1.5e-10
21.810000	0.000000	1.5e-10
21.820000	0.000000	1.5e-10
21.830000	0.000000	1.4e-10
21.840000	0.000000	1.4e-10
21.850000	0.000000	1.4e-10
21.860000	0.000000	1.4e-10
21.870000	0.000000	1.4e-10
21.880000	0.000000	1.3e-10
21.890000	0.000000	1.3e-10
21.900000	0.000000	1.3e-10
21.910000	0.000000	1.3e-10
21.920000	0.000000	1.3e-10
21.930000	0.000000	1.2e-10
21.940000	0.000000	1.2e-10
21.950000	0.000000	1.2e-10
21.960000	0.000000	1.2e-10
21.970000	0.000000	1.2e-10
21.980000	0.000000	1.2e-10
21.990000	0.000000	1.1e-10
22.000000	0.000000	1.1e-10
22.010000	0.000000	1.1e-10
22.020000	0.000000	1.1e-10
22.030000	0.000000	1.1e-10
22.040000	0.000000	1.1e-10
22.050000	0.000000	1.0e-10
22.060000	0.000000	1.0e-10
22.070000	0.000000	1.0e-10
22.080000	0.000000	1.0e-10
22.090000	0.000000	9.8e-11
22.100000	0.000000	9.7e-11
22.110000	0.000000	9.6e-11
22.120000	0.000000	9.4e-11
22.130000	0.000000	9.3e-11
22.140000	0.000000	9.2e-11
22.150000	0.000000	9.0e-11
22.160000	0.000000	8.9e-11
22.170000	0.000000	8.8e-11
22.180000	0.000000	8.7e-11
22.190000	0.000000	8.6e-11
22.200000	0.000000	8.4e-11
22.210000	0.000000	8.3e-11
22.220000	0.000000	8.2e-11
22.230000	0.000000	8.1e-11
22.240000	0.000000	8.0e-11
22.250000	0.000000	7.9e-11
22.260000	0.000000	7.7e-11
22.270000	0.000000	7.6e-11
22.280000	0.000000	7.5e-11
22.290000	0.000000	7.4e-11
22.300000	0.000000	7.3e-11
22.310000	0.000000	7.2e-11
22.320000	0.000000	7.1e-11
22.330000	0.000000	7.0e-11
22.340000	0.000000	6.9e-11
22.350000	0.000000	6.8e-11
22.360000	0.000000	6.7e-11
22.370000	0.000000	6.6e-11
22.380000	0.000000	6.5e-11
22.390000	0.000000	6.4e-11
22.400000	0.000000	6.3e-11
22.410000	0.000000	6.2e-11
22.420000	0.000000	6.1e-11
22.430000	0.000000	6.0e-11
22.440000	0.000000	6.0e-11
22.450000	0.000000	5.9e-11
22.460000	0.000000	5.8e-11
22.470000	0.000000	5.7e-11
22.480000	0.000000	5.6e-11
22.490000	0.000000	5.6e-11
22.500000	0.000000	5.5e-11
22.510000	0.000000	5.4e-11
22.520000	0.000000	5.3e-11
22.530000	0.000000	5.2e-11
22.540000	0.000000	5.2e-11
22.550000	0.000000	5.1e-11
22.560000	0.000000	5.0e-11
22.570000	0.000000	5.0e-11
22.580000	0.000000	4.9e-11
22.590000	0.000000	4.8e-11
22.600000	0.000000	4.7e-11
22.610000	0.000000	4.7e-11
22.620000	0.000000	4.6e-11
22.630000	0.000000	4.5e-11
22.640000	0.000000	4.5e-11
22.650000	0.000000	4.4e-11
22.660000	0.000000	4.3e-11
22.670000	0.000000	4.3e-11
22.680000	0.000000	4.2e-11
22.690000	0.000000	4.1e-11
22.700000	0.000000	4.1e-11
22.710000	0.000000	4.0e-11
22.720000	0.000000	4.0e-11
22.730000	0.000000	3.9e-11
22.740000	0.000000	3.9e-11
22.750000	0.000000	3.8e-11
22.760000	0.000000	3.8e-11
22.770000	0.000000	3.7e-11
22.780000	0.000000	3.7e-11
22.790000	0.000000	3.6e-11
22.800000	0.000000	3.6e-11
22.810000	0.000000	3.5e-11
22.820000	0.000000	3.5e-11
22.830000	0.000000	3.4e-11
22.840000	0.000000	3.4e-11
22.850000	0.000000	3.3e-11
22.860000	0.000000	3.3e-11
22.870000	0.000000	3.2e-11
22.880000	0.000000	3.2e-11
22.890000	0.000000	3.1e-11
22.900000	0.000000	3.1e-11
22.910000	0.000000	3.0e-11
22.920000	0.000000	2.9e-11
22.930000	0.000000	2.7e-11
22.940000	0.000000	2.7e-11
22.950000	0.000000	2.7e-11
22.960000	0.000000	2.6e-11
22.970000	0.000000	2.6e-11
22.980000	0.000000	2.6e-11
22.990000	0.000000	2.5e-11
23.000000	0.000000	2.5e-11
23.010000	0.000000	2.5e-11
23.020000	0.000000	2.4e-11
23.030000	0.000000	2.4e-11
23.040000	0.000000	2.4e-11
23.050000	0.000000	2.3e-11
23.060000	0.000000	2.3e-11
23.070000	0.000000	2.3e-11
23.080000	0.000000	2.3e-11
23.090000	0.000000	2.2e-11
23.100000	0.000000	2.2e-11
23.110000	0.000000	2.2e-11
23.120000	0.000000	2.1e-11
23.130000	0.000000	2.1e-11
23.140000	0.000000	2.1e-11
23.150000	0.000000	2.0e-11
23.160000	0.000000	2.0e-11
23.170000	0.000000	2.0e-11
23.180000	0.000000	1.9e-11
23.190000	0.000000	1.9e-11
23.200000	0.000000	1.9e-11
23.210000	0.000000	1.8e-11
23.220000	0.000000	1.8e-11
23.230000	0.000000	1.8e-11
23.240000	0.000000	1.8e-11
23.250000	0.000000	1.7e-11
23.260000	0.000000	1.7e-11
23.270000	0.000000	1.7e-11
23.280000	0.000000	1.7e-11
23.290000	0.000000	1.7e-11
23.300000	0.000000	1.6e-11
23.310000	0.000000	1.6e-11
23.320000	0.000000	1.6e-11
23.330000	0.000000	1.6e-11
23.340000	0.000000	1.5e-11
23.350000	0.000000	1.5e-11
23.360000	0.000000	1.5e-11
23.370000	0.000000	1.5e-11
23.380000	0.000000	1.5e-11
23.390000	0.000000	1.4e-11
23.400000	0.000000	1.4e-11
23.410000	0.000000	1.4e-11
23.420000	0.000000	1.4e-11
23.430000	0.000000	1.4e-11
23.440000	0.000000	1.3e-11
23.450000	0.000000	1.3e-11
23.460000	0.000000	1.3e-11
23.470000	0.000000	1.3e-11
23.480000	0.000000	1.2e-11
23.490000	0.000000	1.2e-11
23.500000	0.000000	1.2e-11
23.510000	0.000000	1.2e-11
23.520000	0.000000	1.2e-11
23.530000	0.000000	1.2e-11
23.540000	0.000000	1.1e-11
23.550000	0.000000	1.1e-11
23.560000	0.000000	1.1e-11
23.570000	0.000000	1.1e-11
23.580000	0.000000	1.1e-11
23.590000	0.000000	1.1e-11
23.600000	0.000000	1.1e-11
23.610000	0.000000	1.0e-11
23.620000	0.000000	1.0e-11
23.630000	0.000000	1.0e-11
23.640000	0.000000	1.0e-11
23.650000	0.000000	9.9e-12
23.660000	0.000000	9.8e-12
23.670000	0.000000	9.6e-12
23.680000	0.000000	9.5e-12
23.690000	0.000000	9.3e-12
23.700000	0.000000	9.2e-12
23.710000	0.000000	9.1e-12
23.720000	0.000000	8.9e-12
23.730000	0.000000	8.8e-12
23.740000	0.000000	8.6e-12
23.750000	0.000000	8.5e-12
23.760000	0.000000	8.3e-12
23.770000	0.000000	8.2e-12
23.780000	0.000000	8.1e-12
23.790000	0.000000	8.0e-12
23.800000	0.000000	7.9e-12
23.810000	0.000000	7.8e-12
23.820000	0.000000	7.7e-12
23.830000	0.000000	7.6e-12
23.840000	0.000000	7.5e-12
23.850000	0.000000	7.4e-12
23.860000	0.000000	7.3e-12
23.870000	0.000000	7.2e-12
23.880000	0.000000	7.1e-12
23.890000	0.000000	7.0e-12
23.900000	0.000000	6.9e-12
23.910000	0.000000	6.8e-12
23.920000	0.000000	6.7e-12
23.930000	0.000000	6.6e-12
23.940000	0.000000	6.5e-12
23.950000	0.000000	6.4e-12
23.960000	0.000000	6.3e-12
23.970000	0.000000	6.2e-12
23.980000	0.000000	6.1e-12
23.990000	0.000000	6.0e-12
24.000000	0.000000	6.0e-12
24.010000	0.000000	5.9e-12
24.020000	0.000000	5.8e-12
24.030000	0.000000	5.7e-12
24.040000	0.000000	5.6e-12
24.050000	0.000000	5.5e-12
24.060000	0.000000	5.4e-12
24.070000	0.000000	5.3e-12
24.080000	0.000000	5.3e-12
24.090000	0.000000	5.2e-12
24.100000	0.000000	5.1e-12
24.110000	0.000000	5.1e-12
24.120000	0.000000	5.0e-12
24.130000	0.000000	4.9e-12
24.140000	0.000000	4.9e-12
24.150000	0.000000	4.8e-12
24.160000	0.000000	4.8e-12
24.170000	0.000000	4.7e-12
24.180000	0.000000	4.6e-12
24.190000	0.000000	4.6e-12
24.200000	0.000000	4.5e-12
24.210000	0.000000	4.4e-12
24.220000	0.000000	4.4e-12
24.230000	0.000000	4.3e-12
24.240000	0.000000	4.2e-12
24.250000	0.000000	4.2e-12
24.260000	0.000000	4.1e-12
24.270000	0.000000	4.0e-12
24.280000	0.000000	4.0e-12
24.290000	0.000000	3.9e-12
24.300000	0.000000	3.9e-12
24.310000	0.000000	3.8e-12
24.320000	0.000000	3.7e-12
24.330000	0.000000	3.7e-12
24.340000	0.000000	3.6e-12
24.350000	0.000000	3.6e-12
24.360000	0.000000	3.5e-12
24.370000	0.000000	3.5e-12
24.380000	0.000000	3.4e-12
24.390000	0.000000	3.4e-12
24.400000	0.000000	3.4e-12
24.410000	0.000000	3.3e-12
24.420000	0.000000	3.3e-12
24.430000	0.000000	3.2e-12
24.440000	0.000000	3.2e-12
24.450000	0.000000	3.1e-12
24.460000	0.000000	3.1e-12
24.470000	0.000000	3.1e-12
24.480000	0.000000	3.0e-12
24.490000	0.000000	3.0e-12
24.500000	0.000000	2.9e-12
24.510000	0.000000	2.9e-12
24.520000	0.000000	2.8e-12
24.530000	0.000000	2.8e-12
24.540000	0.000000	2.8e-12
24.550000	0.000000	2.7e-12
24.560000	0.000000	2.7e-12
24.570000	0.000000	2.6e-12
24.580000	0.000000	2.6e-12
24.590000	0.000000	2.5e-12
24.600000	0.000000	2.5e-12
24.610000	0.000000	2.5e-12
24.620000	0.000000	2.4e-12
24.630000	0.000000	2.4e-12
24.640000	0.000000	2.4e-12
24.650000	0.000000	2.3e-12
24.660000	0.000000	2.3e-12
24.670000	0.000000	2.3e-12
24.680000	0.000000	2.2e-12
24.690000	0.000000	2.2e-12
24.700000	0.000000	2.2e-12
24.710000	0.000000	2.2e-12
24.720000	0.000000	2.1e-12
24.730000	0.000000	2.1e-12
24.740000	0.000000	2.1e-12
24.750000	0.000000	2.0e-12
24.760000	0.000000	2.0e-12
24.770000	0.000000	2.0e-12
24.780000	0.000000	2.0e-12
24.790000	0.000000	1.9e-12
24.800000	0.000000	1.9e-12
24.810000	0.000000	1.9e-12
24.820000	0.000000	1.8e-12
24.830000	0.000000	1.8e-12
24.840000	0.000000	1.8e-12
24.850000	0.000000	1.8e-12
24.860000	0.000000	1.7e-12
24.870000	0.000000	1.7e-12
24.880000	0.000000	1.7e-12
24.890000	0.000000	1.6e-12
24.900000	0.000000	1.6e-12
24.910000	0.000000	1.6e-12
24.920000	0.000000	1.6e-12
24.930000	0.000000	1.6e-12
24.940000	0.000000	1.5e-12
24.950000	0.000000	1.5e-12
24.960000	0.000000	1.5e-12
24.970000	0.000000	1.5e-12
24.980000	0.000000	1.5e-12
24.990000	0.000000	1.4e-12
25.000000	0.000000	1.4e-12
25.010000	0.000000	1.4e-12
25.020000	0.000000	1.4e-12
25.030000	0.000000	1.4e-12
25.040000	0.000000	1.3e-12
25.050000	0.000000	1.3e-12
25.060000	0.000000	1.3e-12
25.070000	0.000000	1.3e-12
25.080000	0.000000	1.3e-12
25.090000	0.000000	1.3e-12
25.100000	0.000000	1.2e-12
25.110000	0.000000	1.2e-12
25.120000	0.000000	1.2e-12
25.130000	0.000000	1.2e-12
25.140000	0.000000	1.2e-12
25.150000	0.000000	1.1e-12
25.160000	0.000000	1.1e-12
25.170000	0.000000	1.1e-12
25.180000	0.000000	1.1e-12
25.190000	0.000000	1.1e-12
25.200000	0.000000	1.1e-12
25.210000	0.000000	1.0e-12
25.220000	0.000000	1.0e-12
25.230000	0.000000	1.0e-12
25.240000	0.000000	1.0e-12
25.250000	0.000000	9.9e-13
25.260000	0.000000	9.8e-13
25.270000	0.000000	9.7e-13
25.280000	0.000000	9.5e-13
25.290000	0.000000	9.4e-13
25.300000	0.000000	9.3e-13
25.310000	0.000000	9.1e-13
25.320000	0.000000	9.0e-13
25.330000	0.000000	8.9e-13
25.340000	0.000000	8.8e-13
25.350000	0.000000	8.6e-13
25.360000	0.000000	8.5e-13
25.370000	0.000000	8.4e-13
25.380000	0.000000	8.2e-13
25.390000	0.000000	8.1e-13
25.400000	0.000000	8.0e-13
25.410000	0.000000	7.9e-13
25.420000	0.000000	7.7e-13
25.430000	0.000000	7.6e-13
25.440000	0.000000	7.5e-13
25.450000	0.000000	7.4e-13
25.460000	0.000000	7.3e-13
25.470000	0.000000	7.2e-13
25.480000	0.000000	7.1e-13
25.490000	0.000000	7.0e-13
25.500000	0.000000	6.9e-13
25.510000	0.000000	6.8e-13
25.520000	0.000000	6.7e-13
25.530000	0.000000	6.6e-13
25.540000	0.000000	6.6e-13
25.550000	0.000000	6.5e-13
25.560000	0.000000	6.4e-13
25.570000	0.000000	6.3e-13
25.580000	0.000000	6.2e-13
25.590000	0.000000	6.1e-13
25.600000	0.000000	6.0e-13
25.610000	0.000000	6.0e-13
25.620000	0.000000	5.9e-13
25.630000	0.000000	5.8e-13
25.640000	0.000000	5.7e-13
25.650000	0.000000	5.6e-13
25.660000	0.000000	5.5e-13
25.670000	0.000000	5.4e-13
25.680000	0.000000	5.3e-13
25.690000	0.000000	5.3e-13
25.700000	0.000000	5.2e-13
25.710000	0.000000	5.1e-13
25.720000	0.000000	5.0e-13
25.730000	0.000000	4.9e-13
25.740000	0.000000	4.9e-13
25.750000	0.000000	4.8e-13
25.760000	0.000000	4.7e-13
25.770000	0.000000	4.7e-13
25.780000	0.000000	4.6e-13
25.790000	0.000000	4.6e-13
25.800000	0.000000	4.5e-13
25.810000	0.000000	4.4e-13
25.820000	0.000000	4.4e-13
25.830000	0.000000	4.3e-13
25.840000	0.000000	4.3e-13
25.850000	0.000000	4.2e-13
25.860000	0.000000	4.2e-13
25.870000	0.000000	4.1e-13
25.880000	0.000000	4.0e-13
25.890000	0.000000	4.0e-13
25.900000	0.000000	3.9e-13
25.910000	0.000000	3.9e-13
25.920000	0.000000	3.8e-13
25.930000	0.000000	3.8e-13
25.940000	0.000000	3.7e-13
25.950000	0.000000	3.6e-13
25.960000	0.000000	3.6e-13
25.970000	0.000000	3.5e-13
25.980000	0.000000	3.5e-13
25.990000	0.000000	3.4e-13
26.000000	0.000000	3.4e-13
26.010000	0.000000	3.3e-13
26.020000	0.000000	3.3e-13
26.030000	0.000000	3.2e-13
26.040000	0.000000	3.2e-13
26.050000	0.000000	3.1e-13
26.060000	0.000000	3.1e-13
26.070000	0.000000	3.1e-13
26.080000	0.000000	3.0e-13
26.090000	0.000000	3.0e-13
26.100000	0.000000	2.9e-13
26.110000	0.000000	2.9e-13
26.120000	0.000000	2.9e-13
26.130000	0.000000	2.8e-13
26.140000	0.000000	2.8e-13
26.150000	0.000000	2.7e-13
26.160000	0.000000	2.7e-13
26.170000	0.000000	2.7e-13
26.180000	0.000000	2.6e-13
26.190000	0.000000	2.6e-13
26.200000	0.000000	2.6e-13
26.210000	0.000000	2.5e-13
26.220000	0.000000	2.5e-13
26.230000	0.000000	2.4e-13
26.240000	0.000000	2.4e-13
26.250000	0.000000	2.4e-13
26.260000	0.000000	2.3e-13
26.270000	0.000000	2.3e-13
26.280000	0.000000	2.2e-13
26.290000	0.000000	2.2e-13
26.300000	0.000000	2.2e-13
26.310000	0.000000	2.2e-13
26.320000	0.000000	2.1e-13
26.330000	0.000000	2.1e-13
26.340000	0.000000	2.1e-13
26.350000	0.000000	2.0e-13
26.360000	0.000000	2.0e-13
26.370000	0.000000	2.0e-13
26.380000	0.000000	2.0e-13
26.390000	0.000000	1.9e-13
26.400000	0.000000	1.9e-13
26.410000	0.000000	1.9e-13
26.420000	0.000000	1.9e-13
26.430000	0.000000	1.8e-13
26.440000	0.000000	1.8e-13
26.450000	0.000000	1.8e-13
26.460000	0.000000	1.8e-13
26.470000	0.000000	1.7e-13
26.480000	0.000000	1.7e-13
26.490000	0.000000	1.7e-13
26.500000	0.000000	1.7e-13
26.510000	0.000000	1.6e-13
26.520000	0.000000	1.6e-13
26.530000	0.000000	1.6e-13
26.540000	0.000000	1.6e-13
26.550000	0.000000	1.5e-13
26.560000	0.000000	1.5e-13
26.570000	0.000000	1.5e-13
26.580000	0.000000	1.5e-13
26.590000	0.000000	1.4e-13
26.600000	0.000000	1.4e-13
26.610000	0.000000	1.4e-13
26.620000	0.000000	1.4e-13
26.630000	0.000000	1.4e-13
26.640000	0.000000	1.4e-13
26.650000	0.000000	1.3e-13
26.660000	0.000000	1.3e-13
26.670000	0.000000	1.3e-13
26.680000	0.000000	1.3e-13
26.690000	0.000000	1.3e-13
26.700000	0.000000	1.2e-13
26.710000	0.000000	1.2e-13
26.720000	0.000000	1.2e-13
26.730000	0.000000	1.2e-13
26.740000	0.000000	1.2e-13
26.750000	0.000000	1.2e-13
26.760000	0.000000	1.1e-13
26.770000	0.000000	1.1e-13
26.780000	0.000000	1.1e-13
26.790000	0.000000	1.1e-13
26.800000	0.000000	1.1e-13
26.810000	0.000000	1.1e-13
26.820000	0.000000	1.0e-13
26.830000	0.000000	1.0e-13
26.840000	0.000000	1.0e-13
26.850000	0.000000	9.9e-14
26.860000	0.000000	9.8e-14
26.870000	0.000000	9.7e-14
26.880000	0.000000	9.5e-14
26.890000	0.000000	9.4e-14
26.900000	0.000000	9.3e-14
26.910000	0.000000	9.2e-14
26.920000	0.000000	9.1e-14
26.930000	0.000000	9.0e-14
26.940000	0.000000	8.8e-14
26.950000	0.000000	8.7e-14
26.960000	0.000000	8.6e-14
26.970000	0.000000	8.5e-14
26.980000	0.000000	8.4e-14
26.990000	0.000000	8.3e-14
27.000000	0.000000	8.1e-14
27.010000	0.000000	8.0e-14
27.020000	0.000000	7.9e-14
27.030000	0.000000	7.8e-14
27.040000	0.000000	7.7e-14
27.050000	0.000000	7.6e-14
27.060000	0.000000	7.5e-14
27.070000	0.000000	7.3e-14
27.080000	0.000000	7.2e-14
27.090000	0.000000	7.1e-14
27.100000	0.000000	7.0e-14
27.110000	0.000000	6.9e-14
27.120000	0.000000	6.8e-14
27.130000	0.000000	6.7e-14
27.140000	0.000000	6.6e-14
27.150000	0.000000	6.5e-14
27.160000	0.000000	6.4e-14
27.170000	0.000000	6.3e-14
27.180000	0.000000	6.2e-14
27.190000	0.000000	6.2e-14
27.200000	0.000000	6.1e-14
27.210000	0.000000	6.0e-14
27.220000	0.000000	5.9e-14
27.230000	0.000000	5.8e-14
27.240000	0.000000	5.8e-14
27.250000	0.000000	5.7e-14
27.260000	0.000000	5.6e-14
27.270000	0.000000	5.5e-14
27.280000	0.000000	5.5e-14
27.290000	0.000000	5.4e-14
27.300000	0.000000	5.3e-14
27.310000	0.000000	5.2e-14
27.320000	0.000000	5.1e-14
27.330000	0.000000	5.1e-14
27.340000	0.000000	5.0e-14
27.350000	0.000000	4.9e-14
27.360000	0.000000	4.8e-14
27.370000	0.000000	4.8e-14
27.380000	0.000000	4.7e-14
27.390000	0.000000	4.6e-14
27.400000	0.000000	4.5e-14
27.410000	0.000000	4.5e-14
27.420000	0.000000	4.4e-14
27.430000	0.000000	4.3e-14
27.440000	0.000000	4.3e-14
27.450000	0.000000	4.2e-14
27.460000	0.000000	4.2e-14
27.470000	0.000000	4.1e-14
27.480000	0.000000	4.1e-14
27.490000	0.000000	4.0e-14
27.500000	0.000000	4.0e-14
27.510000	0.000000	3.9e-14
27.520000	0.000000	3.9e-14
27.530000	0.000000	3.8e-14
27.540000	0.000000	3.8e-14
27.550000	0.000000	3.7e-14
27.560000	0.000000	3.7e-14
27.570000	0.000000	3.6e-14
27.580000	0.000000	3.6e-14
27.590000	0.000000	3.5e-14
27.600000	0.000000	3.5e-14
27.610000	0.000000	3.4e-14
27.620000	0.000000	3.3e-14
27.630000	0.000000	3.3e-14
27.640000	0.000000	3.2e-14
27.650000	0.000000	3.2e-14
27.660000	0.000000	3.1e-14
27.670000	0.000000	3.1e-14
27.680000	0.000000	3.0e-14
27.690000	0.000000	3.0e-14
27.700000	0.000000	2.9e-14
27.710000	0.000000	2.9e-14
27.720000	0.000000	2.9e-14
27.730000	0.000000	2.8e-14
27.740000	0.000000	2.8e-14
27.750000	0.000000	2.8e-14
27.760000	0.000000	2.7e-14
27.770000	0.000000	2.7e-14
27.780000	0.000000	2.7e-14
27.790000	0.000000	2.6e-14
27.800000	0.000000	2.6e-14
27.810000	0.000000	2.6e-14
27.820000	0.000000	2.5e-14
27.830000	0.000000	2.5e-14
27.840000	0.000000	2.5e-14
27.850000	0.000000	2.4e-14
27.860000	0.000000	2.4e-14
27.870000	0.000000	2.3e-14
27.880000	0.000000	2.3e-14
27.890000	0.000000	2.3e-14
27.900000	0.000000	2.2e-14
27.910000	0.000000	2.2e-14
27.920000	0.000000	2.2e-14
27.930000	0.000000	2.1e-14
27.940000	0.000000	2.1e-14
27.950000	0.000000	2.1e-14
27.960000	0.000000	2.0e-14
27.970000	0.000000	2.0e-14
27.980000	0.000000	2.0e-14
27.990000	0.000000	1.9e-14
28.000000	0.000000	1.9e-14
28.010000	0.000000	1.9e-14
28.020000	0.000000	1.9e-14
28.030000	0.000000	1.9e-14
28.040000	0.000000	1.8e-14
28.050000	0.000000	1.8e-14
28.060000	0.000000	1.8e-14
28.070000	0.000000	1.8e-14
28.080000	0.000000	1.7e-14
28.090000	0.000000	1.7e-14
28.100000	0.000000	1.7e-14
28.110000	0.000000	1.7e-14
28.120000	0.000000	1.6e-14
28.130000	0.000000	1.6e-14
28.140000	0.000000	1.6e-14
28.150000	0.000000	1.6e-14
28.160000	0.000000	1.6e-14
28.170000	0.000000	1.5e-14
28.180000	0.000000	1.5e-14
28.190000	0.000000	1.5e-14
28.200000	0.000000	1.5e-14
28.210000	0.000000	1.4e-14
28.220000	0.000000	1.4e-14
28.230000	0.000000	1.4e-14
28.240000	0.000000	1.4e-14
28.250000	0.000000	1.3e-14
28.260000	0.000000	1.3e-14
28.270000	0.000000	1.3e-14
28.280000	0.000000	1.3e-14
28.290000	0.000000	1.3e-14
28.300000	0.000000	1.3e-14
28.310000	0.000000	1.2e-14
28.320000	0.000000	1.2e-14
28.330000	0.000000	1.2e-14
28.340000	0.000000	1.2e-14
28.350000	0.000000	1.2e-14
28.360000	0.000000	1.2e-14
28.370000	0.000000	1.1e-14
28.380000	0.000000	1.1e-14
28.390000	0.000000	1.1e-14
28.400000	0.000000	1.1e-14
28.410000	0.000000	1.1e-14
28.420000	0.000000	1.1e-14
28.430000	0.000000	1.1e-14
28.440000	0.000000	1.0e-14
28.450000	0.000000	1.0e-14
28.460000	0.000000	1.0e-14
28.470000	0.000000	9.9e-15
28.480000	0.000000	9.8e-15
28.490000	0.000000	9.6e-15
28.500000	0.000000	9.5e-15
28.510000	0.000000	9.3e-15
28.520000	0.000000	9.2e-15
28.530000	0.000000	9.0e-15
28.540000	0.000000	8.9e-15
28.550000	0.000000	8.8e-15
28.560000	0.000000	8.6e-15
28.570000	0.000000	8.5e-15
28.580000	0.000000	8.4e-15
28.590000	0.000000	8.3e-15
28.600000	0.000000	8.2e-15
28.610000	0.000000	8.1e-15
28.620000	0.000000	8.0e-15
28.630000	0.000000	7.9e-15
28.640000	0.000000	7.8e-15
28.650000	0.000000	7.7e-15
28.660000	0.000000	7.6e-15
28.670000	0.000000	7.5e-15
28.680000	0.000000	7.4e-15
28.690000	0.000000	7.3e-15
28.700000	0.000000	7.2e-15
28.710000	0.000000	7.1e-15
28.720000	0.000000	7.0e-15
28.730000	0.000000	6.9e-15
28.740000	0.000000	6.8e-15
28.750000	0.000000	6.7e-15
28.760000	0.000000	6.6e-15
28.770000	0.000000	6.5e-15
28.780000	0.000000	6.4e-15
28.790000	0.000000	6.3e-15
28.800000	0.000000	6.2e-15
28.810000	0.000000	6.0e-15
28.820000	0.000000	6.0e-15
28.830000	0.000000	5.9e-15
28.840000	0.000000	5.8e-15
28.850000	0.000000	5.7e-15
28.860000	0.000000	5.7e-15
28.870000	0.000000	5.6e-15
28.880000	0.000000	5.5e-15
28.890000	0.000000	5.4e-15
28.900000	0.000000	5.4e-15
28.910000	0.000000	5.3e-15
28.920000	0.000000	5.2e-15
28.930000	0.000000	5.2e-15
28.940000	0.000000	5.1e-15
28.950000	0.000000	5.0e-15
28.960000	0.000000	5.0e-15
28.970000	0.000000	4.9e-15
28.980000	0.000000	4.8e-15
28.990000	0.000000	4.8e-15
29.000000	0.000000	4.7e-15
29.010000	0.000000	4.6e-15
29.020000	0.000000	4.5e-15
29.030000	0.000000	4.5e-15
29.040000	0.000000	4.4e-15
29.050000	0.000000	4.3e-15
29.060000	0.000000	4.3e-15
29.070000	0.000000	4.2e-15
29.080000	0.000000	4.1e-15
29.090000	0.000000	4.1e-15
29.100000	0.000000	4.0e-15
29.110000	0.000000	3.9e-15
29.120000	0.000000	3.9e-15
29.130000	0.000000	3.8e-15
29.140000	0.000000	3.8e-15
29.150000	0.000000	3.7e-15
29.160000	0.000000	3.7e-15
29.170000	0.000000	3.7e-15
29.180000	0.000000	3.6e-15
29.190000	0.000000	3.6e-15
29.200000	0.000000	3.5e-15
29.210000	0.000000	3.5e-15
29.220000	0.000000	3.4e-15
29.230000	0.000000	3.4e-15
29.240000	0.000000	3.3e-15
29.250000	0.000000	3.3e-15
29.260000	0.000000	3.2e-15
29.270000	0.000000	3.2e-15
29.280000	0.000000	3.1e-15
29.290000	0.000000	3.1e-15
29.300000	0.000000	3.1e-15
29.310000	0.000000	3.0e-15
29.320000	0.000000	3.0e-15
29.330000	0.000000	2.9e-15
29.340000	0.000000	2.9e-15
29.350000	0.000000	2.8e-15
29.360000	0.000000	2.8e-15
29.370000	0.000000	2.7e-15
29.380000	0.000000	2.7e-15
29.390000	0.000000	2.6e-15
29.400000	0.000000	2.6e-15
29.410000	0.000000	2.6e-15
29.420000	0.000000	2.5e-15
29.430000	0.000000	2.5e-15
29.440000	0.000000	2.5e-15
29.450000	0.000000	2.5e-15
29.460000	0.000000	2.4e-15
29.470000	0.000000	2.4e-15
29.480000	0.000000	2.4e-15
29.490000	0.000000	2.3e-15
29.500000	0.000000	2.3e-15
29.510000	0.000000	2.3e-15
29.520000	0.000000	2.2e-15
29.530000	0.000000	2.2e-15
29.540000	0.000000	2.2e-15
29.550000	0.000000	2.1e-15
29.560000	0.000000	2.1e-15
29.570000	0.000000	2.1e-15
29.580000	0.000000	2.0e-15
29.590000	0.000000	2.0e-15
29.600000	0.000000	2.0e-15
29.610000	0.000000	2.0e-15
29.620000	0.000000	1.9e-15
29.630000	0.000000	1.9e-15
29.640000	0.000000	1.9e-15
29.650000	0.000000	1.8e-15
29.660000	0.000000	1.8e-15
29.670000	0.000000	1.8e-15
29.680000	0.000000	1.7e-15
29.690000	0.000000	1.7e-15
29.700000	0.000000	1.7e-15
29.710000	0.000000	1.7e-15
29.720000	0.000000	1.7e-15
29.730000	0.000000	1.6e-15
29.740000	0.000000	1.6e-15
29.750000	0.000000	1.6e-15
29.760000	0.000000	1.6e-15
29.770000	0.000000	1.6e-15
29.780000	0.000000	1.5e-15
29.790000	0.000000	1.5e-15
29.800000	0.000000	1.5e-15
29.810000	0.000000	1.5e-15
29.820000	0.000000	1.5e-15
29.830000	0.000000	1.4e-15
29.840000	0.000000	1.4e-15
29.850000	0.000000	1.4e-15
29.860000	0.000000	1.4e-15
29.870000	0.000000	1.4e-15
29.880000	0.000000	1.3e-15
29.890000	0.000000	1.3e-15
29.900000	0.000000	1.3e-15
29.910000	0.000000	1.3e-15
29.920000	0.000000	1.2e-15
29.930000	0.000000	1.2e-15
29.940000	0.000000	1.2e-15
29.950000	0.000000	1.2e-15
29.960000	0.000000	1.2e-15
29.970000	0.000000	1.2e-15
29.980000	0.000000	1.1e-15
29.990000	0.000000	1.1e-15
30.000000	0.000000	1.1e-15
30.010000	0.000000	1.1e-15
30.020000	0.000000	1.1e-15
30.030000	0.000000	1.1e-15
30.040000	0.000000	1.1e-15
30.050000	0.000000	1.0e-15
30.060000	0.000000	1.0e-15
30.070000	0.000000	1.0e-15
30.080000	0.000000	1.0e-15
30.090000	0.000000	9.9e-16
