0.100000	0.000000	2084444.768223
0.110000	0.000000	2443571.952789
0.120000	0.000000	1110612.814099
0.130000	0.000000	1506080.198801
0.140000	0.000000	611220.382851
0.150000	0.000000	241564.217633
0.160000	0.000000	205336.703692
0.170000	0.000000	183277.032086
0.180000	0.000000	205638.122324
0.190000	0.000000	202684.925269
0.200000	0.000000	174071.338023
0.210000	0.000000	180925.611852
0.220000	0.000000	158538.839960
0.230000	0.000000	185875.628044
0.240000	0.000000	202102.019622
0.250000	0.000000	158704.444419
0.260000	0.000000	221241.381019
0.270000	0.000000	108539.293252
0.280000	0.000000	174193.655187
0.290000	0.000000	111326.638273
0.300000	0.000000	120119.796939
0.310000	0.000000	90316.922007
0.320000	0.000000	83106.170864
0.330000	0.000000	92194.676251
0.340000	0.000000	82290.345846
0.350000	0.000000	70150.439755
0.360000	0.000000	97767.564136
0.370000	0.000000	109050.417211
0.380000	0.000000	61812.863227
0.390000	0.000000	68110.941292
0.400000	0.000000	56651.293831
0.410000	0.000000	50835.675381
0.420000	0.000000	54552.183086
0.430000	0.000000	54028.944731
0.440000	0.000000	43857.275321
0.450000	0.000000	45854.133088
0.460000	0.000000	39865.130406
0.470000	0.000000	39722.779590
0.480000	0.000000	36477.656594
0.490000	0.000000	61040.428834
0.500000	0.000000	49113.829739
0.510000	0.000000	31022.109662
0.520000	0.000000	32954.346012
0.530000	0.000000	33172.062942
0.540000	0.000000	28654.045338
0.550000	0.000000	29993.661956
0.560000	0.000000	38275.004243
0.570000	0.000000	41723.360034
0.580000	0.000000	28874.531777
0.590000	0.000000	28763.948913
0.600000	0.000000	23265.526629
0.610000	0.000000	24814.374281
0.620000	0.000000	29923.325957
0.630000	0.000000	25126.480884
0.640000	0.000000	22532.078976
0.650000	0.000000	267807.362867
0.660000	0.000000	156227.499069
0.670000	0.000000	32235.958732
0.680000	0.000000	24620.373673
0.690000	0.000000	76833.604575
0.700000	0.000000	97858.377179
0.710000	0.000000	245230.149448
0.720000	0.000000	521052.694139
0.730000	0.000000	84766.240630
0.740000	0.000000	273137.748810
0.750000	0.000000	48170.098238
0.760000	0.000000	206142.025820
0.770000	0.000000	430958.704769
0.780000	0.000000	164129.733943
0.790000	0.000000	150607.507449
0.800000	0.000000	226139.062910
0.810000	0.000000	186218.683496
0.820000	0.000000	465188.791610
0.830000	0.000000	288710.161604
0.840000	0.000000	178622.980289
0.850000	0.000000	248598.878512
0.860000	0.000000	366132.939040
0.870000	0.000000	357915.854464
0.880000	0.000000	135525.983880
0.890000	0.000000	159060.269913
0.900000	0.000000	218802.405987
0.910000	0.000000	317632.318698
0.920000	0.000000	177593.862256
0.930000	0.000000	75334.493461
0.940000	0.000000	81234.881767
0.950000	0.000000	114599.670961
0.960000	0.000000	154069.305480
0.970000	0.000000	64911.061299
0.980000	0.000000	46687.181191
0.990000	0.000000	73546.002767
1.000000	0.000000	105273.724892
1.010000	0.000000	162978.278944
1.020000	0.000000	112891.103330
1.030000	0.000000	22081.992342
1.040000	0.000000	25973.204580
1.050000	0.000000	28303.008912
1.060000	0.000000	25536.525667
1.070000	0.000000	58238.310158
1.080000	0.000000	49962.563061
1.090000	0.000000	51881.888854
1.100000	0.000000	37237.256070
1.110000	0.000000	30928.571900
1.120000	0.000000	28263.059507
1.130000	0.000000	15344.709972
1.140000	0.000000	38768.008485
1.150000	0.000000	26966.644356
1.160000	0.000000	38078.805241
1.170000	0.000000	38719.527958
1.180000	0.000000	26276.294042
1.190000	0.000000	17616.486359
1.200000	0.000000	17675.095695
1.210000	0.000000	19698.813376
1.220000	0.000000	14191.481338
1.230000	0.000000	11110.745116
1.240000	0.000000	11622.802049
1.250000	0.000000	14233.022135
1.260000	0.000000	9021.140683
1.270000	0.000000	21546.631826
1.280000	0.000000	7268.592505
1.290000	0.000000	6712.177607
1.300000	0.000000	8746.665252
1.310000	0.000000	9840.999265
1.320000	0.000000	7321.414936
1.330000	0.000000	7323.373606
1.340000	0.000000	8613.427933
1.350000	0.000000	7194.498696
1.360000	0.000000	6197.934243
1.370000	0.000000	6062.708075
1.380000	0.000000	4453.826364
1.390000	0.000000	4451.608891
1.400000	0.000000	4913.016837
1.410000	0.000000	3911.526870
1.420000	0.000000	4188.156437
1.430000	0.000000	4073.231793
1.440000	0.000000	4676.627172
1.450000	0.000000	3305.923881
1.460000	0.000000	3341.441488
1.470000	0.000000	3048.192771
1.480000	0.000000	3162.060585
1.490000	0.000000	3013.748946
1.500000	0.000000	2812.006158
1.510000	0.000000	2743.888152
1.520000	0.000000	2761.980818
1.530000	0.000000	2698.956547
1.540000	0.000000	2557.341501
1.550000	0.000000	2463.302060
1.560000	0.000000	2412.347112
1.570000	0.000000	2416.068153
1.580000	0.000000	2325.949883
1.590000	0.000000	2269.727682
1.600000	0.000000	2313.875658
1.610000	0.000000	2263.209991
1.620000	0.000000	2137.442110
1.630000	0.000000	2080.078607
1.640000	0.000000	2037.998356
1.650000	0.000000	2055.319839
1.660000	0.000000	1983.844052
1.670000	0.000000	1920.406558
1.680000	0.000000	1882.833685
1.690000	0.000000	1843.608856
1.700000	0.000000	1805.967899
1.710000	0.000000	1770.693066
1.720000	0.000000	1732.528864
1.730000	0.000000	1698.893559
1.740000	0.000000	1665.997939
1.750000	0.000000	1639.176159
1.760000	0.000000	1597.695080
1.770000	0.000000	1565.155805
1.780000	0.000000	1531.711030
1.790000	0.000000	1502.020504
1.800000	0.000000	1476.518201
1.810000	0.000000	1444.858742
1.820000	0.000000	1416.406620
1.830000	0.000000	1389.098336
1.840000	0.000000	1361.935123
1.850000	0.000000	1334.920178
1.860000	0.000000	1308.041713
1.870000	0.000000	1282.545061
1.880000	0.000000	1258.782893
1.890000	0.000000	1235.411865
1.900000	0.000000	1212.338902
1.910000	0.000000	1189.249984
1.920000	0.000000	1166.285526
1.930000	0.000000	1143.668380
1.940000	0.000000	1121.757463
1.950000	0.000000	1099.423124
1.960000	0.000000	1078.077992
1.970000	0.000000	1056.780683
1.980000	0.000000	1035.662281
1.990000	0.000000	1014.925707
2.000000	0.000000	994.784011
2.010000	0.000000	975.168330
2.020000	0.000000	955.958790
2.030000	0.000000	937.493822
2.040000	0.000000	919.625215
2.050000	0.000000	902.026327
2.060000	0.000000	885.446289
2.070000	0.000000	870.179083
2.080000	0.000000	854.510337
2.090000	0.000000	839.106953
2.100000	0.000000	823.918915
2.110000	0.000000	809.216297
2.120000	0.000000	897.379401
2.130000	0.000000	833.032194
2.140000	0.000000	813.288866
2.150000	0.000000	880.721682
2.160000	0.000000	779.766033
2.170000	0.000000	721.350590
2.180000	0.000000	707.331629
2.190000	0.000000	693.407089
2.200000	0.000000	679.556307
2.210000	0.000000	665.879403
2.220000	0.000000	652.487074
2.230000	0.000000	639.405149
2.240000	0.000000	626.932427
2.250000	0.000000	615.546427
2.260000	0.000000	605.337418
2.270000	0.000000	596.830593
2.280000	0.000000	585.350806
2.290000	0.000000	575.636001
2.300000	0.000000	580.037522
2.310000	0.000000	556.675428
2.320000	0.000000	543.622335
2.330000	0.000000	534.078590
2.340000	0.000000	524.671794
2.350000	0.000000	515.287127
2.360000	0.000000	505.926305
2.370000	0.000000	496.584531
2.380000	0.000000	487.248195
2.390000	0.000000	477.939559
2.400000	0.000000	468.690917
2.410000	0.000000	459.482914
2.420000	0.000000	450.301339
2.430000	0.000000	441.208799
2.440000	0.000000	432.372272
2.450000	0.000000	423.682522
2.460000	0.000000	420.578202
2.470000	0.000000	410.327844
2.480000	0.000000	402.671033
2.490000	0.000000	395.776330
2.500000	0.000000	388.993947
2.510000	0.000000	393.158024
2.520000	0.000000	383.273717
2.530000	0.000000	369.114498
2.540000	0.000000	362.819209
2.550000	0.000000	356.551979
2.560000	0.000000	350.339639
2.570000	0.000000	344.600080
2.580000	0.000000	339.501002
2.590000	0.000000	332.087798
2.600000	0.000000	325.572873
2.610000	0.000000	319.250186
2.620000	0.000000	312.784486
2.630000	0.000000	307.509150
2.640000	0.000000	305.547853
2.650000	0.000000	295.912356
2.660000	0.000000	289.428213
2.670000	0.000000	284.214244
2.680000	0.000000	279.117393
2.690000	0.000000	274.605887
2.700000	0.000000	271.215010
2.710000	0.000000	266.703459
2.720000	0.000000	261.336647
2.730000	0.000000	258.206247
2.740000	0.000000	263.720602
2.750000	0.000000	285.288651
2.760000	0.000000	261.800313
2.770000	0.000000	269.502624
2.780000	0.000000	319.943570
2.790000	0.000000	233.745410
2.800000	0.000000	226.999171
2.810000	0.000000	222.828622
2.820000	0.000000	218.759039
2.830000	0.000000	214.665592
2.840000	0.000000	210.587255
2.850000	0.000000	206.540312
2.860000	0.000000	202.686771
2.870000	0.000000	199.224817
2.880000	0.000000	195.706729
2.890000	0.000000	191.953539
2.900000	0.000000	188.490095
2.910000	0.000000	185.122716
2.920000	0.000000	182.096543
2.930000	0.000000	179.195787
2.940000	0.000000	176.241671
2.950000	0.000000	173.512671
2.960000	0.000000	171.050131
2.970000	0.000000	167.442707
2.980000	0.000000	164.649816
2.990000	0.000000	161.846306
3.000000	0.000000	159.153342
3.010000	0.000000	156.327497
3.020000	0.000000	153.501764
3.030000	0.000000	152.244713
3.040000	0.000000	150.378330
3.050000	0.000000	146.400927
3.060000	0.000000	142.641542
3.070000	0.000000	141.508515
3.080000	0.000000	143.614188
3.090000	0.000000	192.832404
3.100000	0.000000	482.469511
3.110000	0.000000	204.267899
3.120000	0.000000	327.226414
3.130000	0.000000	652.035122
3.140000	0.000000	185.520578
3.150000	0.000000	121.145271
3.160000	0.000000	119.026018
3.170000	0.000000	117.210717
3.180000	0.000000	115.505365
3.190000	0.000000	113.584392
3.200000	0.000000	113.447078
3.210000	0.000000	111.953187
3.220000	0.000000	108.197371
3.230000	0.000000	106.125845
3.240000	0.000000	104.268851
3.250000	0.000000	102.503635
3.260000	0.000000	101.454569
3.270000	0.000000	103.686408
3.280000	0.000000	97.846874
3.290000	0.000000	95.611080
3.300000	0.000000	93.933679
3.310000	0.000000	93.264023
3.320000	0.000000	92.363209
3.330000	0.000000	89.311635
3.340000	0.000000	87.184255
3.350000	0.000000	86.473204
3.360000	0.000000	84.884467
3.370000	0.000000	82.749329
3.380000	0.000000	81.180027
3.390000	0.000000	79.886000
3.400000	0.000000	78.635861
3.410000	0.000000	77.462000
3.420000	0.000000	76.268297
3.430000	0.000000	75.720965
3.440000	0.000000	75.309464
3.450000	0.000000	72.776223
3.460000	0.000000	71.483648
3.470000	0.000000	78.979039
3.480000	0.000000	71.209101
3.490000	0.000000	71.042984
3.500000	0.000000	75.069719
3.510000	0.000000	69.049377
3.520000	0.000000	64.328734
3.530000	0.000000	63.003907
3.540000	0.000000	61.938163
3.550000	0.000000	61.009029
3.560000	0.000000	60.019252
3.570000	0.000000	59.007673
3.580000	0.000000	58.693454
3.590000	0.000000	57.965250
3.600000	0.000000	59.378440
3.610000	0.000000	80.880471
3.620000	0.000000	60.157221
3.630000	0.000000	53.208730
3.640000	0.000000	52.421814
3.650000	0.000000	51.296669
3.660000	0.000000	50.445056
3.670000	0.000000	50.819846
3.680000	0.000000	67.492341
3.690000	0.000000	59.240714
3.700000	0.000000	47.204618
3.710000	0.000000	46.372312
3.720000	0.000000	45.596685
3.730000	0.000000	44.893529
3.740000	0.000000	44.231490
3.750000	0.000000	43.522338
3.760000	0.000000	42.719469
3.770000	0.000000	42.793714
3.780000	0.000000	50.358375
3.790000	0.000000	45.738524
3.800000	0.000000	41.422257
3.810000	0.000000	40.215780
3.820000	0.000000	38.624908
3.830000	0.000000	38.199590
3.840000	0.000000	41.860239
3.850000	0.000000	77.816808
3.860000	0.000000	98.315795
3.870000	0.000000	79.741892
3.880000	0.000000	62.014805
3.890000	0.000000	82.407446
3.900000	0.000000	87.041679
3.910000	0.000000	33.055752
3.920000	0.000000	32.535855
3.930000	0.000000	32.094742
3.940000	0.000000	31.419032
3.950000	0.000000	30.951277
3.960000	0.000000	33.762940
3.970000	0.000000	30.102930
3.980000	0.000000	29.444707
3.990000	0.000000	28.968847
4.000000	0.000000	29.714910
4.010000	0.000000	28.523716
4.020000	0.000000	27.591191
4.030000	0.000000	27.642354
4.040000	0.000000	27.424032
4.050000	0.000000	26.837796
4.060000	0.000000	26.287649
4.070000	0.000000	25.629105
4.080000	0.000000	25.043518
4.090000	0.000000	24.401097
4.100000	0.000000	24.038383
4.110000	0.000000	23.675904
4.120000	0.000000	23.768088
4.130000	0.000000	22.953657
4.140000	0.000000	22.626422
4.150000	0.000000	22.227991
4.160000	0.000000	21.854801
4.170000	0.000000	21.497323
4.180000	0.000000	21.162319
4.190000	0.000000	20.838747
4.200000	0.000000	20.516420
4.210000	0.000000	20.194812
4.220000	0.000000	19.874074
4.230000	0.000000	19.650417
4.240000	0.000000	19.445606
4.250000	0.000000	18.980957
4.260000	0.000000	18.613149
4.270000	0.000000	18.319936
4.280000	0.000000	17.980892
4.290000	0.000000	17.659121
4.300000	0.000000	17.345613
4.310000	0.000000	17.056949
4.320000	0.000000	16.759520
4.330000	0.000000	16.668807
4.340000	0.000000	16.285748
4.350000	0.000000	15.945649
4.360000	0.000000	15.688498
4.370000	0.000000	15.427803
4.380000	0.000000	15.169213
4.390000	0.000000	14.925228
4.400000	0.000000	14.683654
4.410000	0.000000	14.453376
4.420000	0.000000	14.247527
4.430000	0.000000	14.063330
4.440000	0.000000	13.805997
4.450000	0.000000	13.595130
4.460000	0.000000	13.482895
4.470000	0.000000	13.253515
4.480000	0.000000	13.512858
4.490000	0.000000	12.874113
4.500000	0.000000	17.685976
4.510000	0.000000	15.132575
4.520000	0.000000	12.580290
4.530000	0.000000	12.006319
4.540000	0.000000	11.772207
4.550000	0.000000	11.496224
4.560000	0.000000	11.306402
4.570000	0.000000	12.276646
4.580000	0.000000	13.428149
4.590000	0.000000	10.742495
4.600000	0.000000	10.568161
4.610000	0.000000	10.400674
4.620000	0.000000	10.247293
4.630000	0.000000	10.058815
4.640000	0.000000	9.898711
4.650000	0.000000	9.777716
4.660000	0.000000	9.606935
4.670000	0.000000	9.457245
4.680000	0.000000	9.409818
4.690000	0.000000	9.369593
4.700000	0.000000	9.478039
4.710000	0.000000	10.036189
4.720000	0.000000	10.272453
4.730000	0.000000	9.716230
4.740000	0.000000	9.033160
4.750000	0.000000	8.590010
4.760000	0.000000	8.407521
4.770000	0.000000	8.038610
4.780000	0.000000	7.905848
4.790000	0.000000	7.775685
4.800000	0.000000	7.641868
4.810000	0.000000	7.587186
4.820000	0.000000	9.134811
4.830000	0.000000	7.840267
4.840000	0.000000	7.208237
4.850000	0.000000	7.166130
4.860000	0.000000	6.986790
4.870000	0.000000	6.795858
4.880000	0.000000	6.689191
4.890000	0.000000	6.591283
4.900000	0.000000	6.494499
4.910000	0.000000	6.398083
4.920000	0.000000	6.386680
4.930000	0.000000	6.486482
4.940000	0.000000	6.110433
4.950000	0.000000	6.014823
4.960000	0.000000	5.919631
4.970000	0.000000	5.819544
4.980000	0.000000	5.869157
4.990000	0.000000	5.652265
5.000000	0.000000	5.537315
5.010000	0.000000	5.445649
5.020000	0.000000	5.416644
5.030000	0.000000	5.302414
5.040000	0.000000	5.211804
5.050000	0.000000	5.137404
5.060000	0.000000	5.030766
5.070000	0.000000	4.941516
5.080000	0.000000	4.859515
5.090000	0.000000	4.763334
5.100000	0.000000	4.688046
5.110000	0.000000	4.609267
5.120000	0.000000	4.539225
5.130000	0.000000	4.480737
5.140000	0.000000	4.415808
5.150000	0.000000	4.356714
5.160000	0.000000	4.292172
5.170000	0.000000	4.223041
5.180000	0.000000	4.158097
5.190000	0.000000	4.094361
5.200000	0.000000	4.029928
5.210000	0.000000	3.964073
5.220000	0.000000	3.899481
5.230000	0.000000	3.836470
5.240000	0.000000	3.773266
5.250000	0.000000	3.711339
5.260000	0.000000	3.651148
5.270000	0.000000	3.591845
5.280000	0.000000	3.532601
5.290000	0.000000	3.474321
5.300000	0.000000	3.414970
5.310000	0.000000	3.356230
5.320000	0.000000	3.298889
5.330000	0.000000	3.243103
5.340000	0.000000	3.190760
5.350000	0.000000	3.139678
5.360000	0.000000	3.091965
5.370000	0.000000	3.045344
5.380000	0.000000	2.999242
5.390000	0.000000	2.954831
5.400000	0.000000	2.911747
5.410000	0.000000	2.869209
5.420000	0.000000	2.827340
5.430000	0.000000	2.785553
5.440000	0.000000	2.743866
5.450000	0.000000	2.704339
5.460000	0.000000	2.671108
5.470000	0.000000	2.622304
5.480000	0.000000	2.572328
5.490000	0.000000	2.583520
5.500000	0.000000	2.523016
5.510000	0.000000	2.459052
5.520000	0.000000	2.412843
5.530000	0.000000	2.398307
5.540000	0.000000	2.356484
5.550000	0.000000	2.297346
5.560000	0.000000	2.257000
5.570000	0.000000	2.242913
5.580000	0.000000	2.215573
5.590000	0.000000	2.142319
5.600000	0.000000	2.116705
5.610000	0.000000	2.112946
5.620000	0.000000	2.074727
5.630000	0.000000	2.095298
5.640000	0.000000	2.025023
5.650000	0.000000	1.973682
5.660000	0.000000	1.937790
5.670000	0.000000	1.923814
5.680000	0.000000	1.878216
5.690000	0.000000	1.839358
5.700000	0.000000	1.809601
5.710000	0.000000	1.781248
5.720000	0.000000	1.752900
5.730000	0.000000	1.724827
5.740000	0.000000	1.697177
5.750000	0.000000	1.673733
5.760000	0.000000	1.653700
5.770000	0.000000	1.622470
5.780000	0.000000	1.593585
5.790000	0.000000	1.565693
5.800000	0.000000	1.541049
5.810000	0.000000	1.511886
5.820000	0.000000	1.486207
5.830000	0.000000	1.460806
5.840000	0.000000	1.436969
5.850000	0.000000	1.415597
5.860000	0.000000	1.396431
5.870000	0.000000	1.375453
5.880000	0.000000	1.357868
5.890000	0.000000	1.337183
5.900000	0.000000	1.314877
5.910000	0.000000	1.297099
5.920000	0.000000	1.277513
5.930000	0.000000	1.257601
5.940000	0.000000	1.239337
5.950000	0.000000	1.223292
5.960000	0.000000	1.201596
5.970000	0.000000	1.179959
5.980000	0.000000	1.165332
5.990000	0.000000	1.147725
6.000000	0.000000	1.126028
6.010000	0.000000	1.107011
6.020000	0.000000	1.092500
6.030000	0.000000	1.076017
6.040000	0.000000	1.055194
6.050000	0.000000	1.036342
6.060000	0.000000	1.021825
6.070000	0.000000	1.005144
6.080000	0.000000	0.985120
6.090000	0.000000	0.968641
6.100000	0.000000	0.955139
6.110000	0.000000	0.943319
6.120000	0.000000	0.929358
6.130000	0.000000	0.914905
6.140000	0.000000	0.899371
6.150000	0.000000	0.885440
6.160000	0.000000	0.871667
6.170000	0.000000	0.859361
6.180000	0.000000	0.845932
6.190000	0.000000	0.833004
6.200000	0.000000	0.820361
6.210000	0.000000	0.807592
6.220000	0.000000	0.795008
6.230000	0.000000	0.782479
6.240000	0.000000	0.770140
6.250000	0.000000	0.758359
6.260000	0.000000	0.746653
6.270000	0.000000	0.734912
6.280000	0.000000	0.723264
6.290000	0.000000	0.711117
6.300000	0.000000	0.699069
6.310000	0.000000	0.687215
6.320000	0.000000	0.677004
6.330000	0.000000	0.667028
6.340000	0.000000	0.654578
6.350000	0.000000	0.644052
6.360000	0.000000	0.634540
6.370000	0.000000	0.625365
6.380000	0.000000	0.616326
6.390000	0.000000	0.608186
6.400000	0.000000	0.605916
6.410000	0.000000	0.763300
6.420000	0.000000	1.139936
6.430000	0.000000	1.211629
6.440000	0.000000	0.675126
6.450000	0.000000	0.891133
6.460000	0.000000	1.319890
6.470000	0.000000	1.164191
6.480000	0.000000	0.661207
6.490000	0.000000	2.377156
6.500000	0.000000	2.322524
6.510000	0.000000	1.003886
6.520000	0.000000	0.647457
6.530000	0.000000	1.068294
6.540000	0.000000	1.082600
6.550000	0.000000	0.723578
6.560000	0.000000	0.524814
6.570000	0.000000	0.730060
6.580000	0.000000	0.869493
6.590000	0.000000	0.592653
6.600000	0.000000	0.532380
6.610000	0.000000	0.594295
6.620000	0.000000	0.548436
6.630000	0.000000	0.447167
6.640000	0.000000	0.457757
6.650000	0.000000	0.492136
6.660000	0.000000	0.437541
6.670000	0.000000	0.429836
6.680000	0.000000	0.401311
6.690000	0.000000	0.392499
6.700000	0.000000	0.399365
6.710000	0.000000	0.383550
6.720000	0.000000	0.365130
6.730000	0.000000	0.357434
6.740000	0.000000	0.351946
6.750000	0.000000	0.346569
6.760000	0.000000	0.341256
6.770000	0.000000	0.335901
6.780000	0.000000	0.330586
6.790000	0.000000	0.325270
6.800000	0.000000	0.319962
6.810000	0.000000	0.314566
6.820000	0.000000	0.309281
6.830000	0.000000	0.304233
6.840000	0.000000	0.299533
6.850000	0.000000	0.294889
6.860000	0.000000	0.290300
6.870000	0.000000	0.286001
6.880000	0.000000	0.281857
6.890000	0.000000	0.277737
6.900000	0.000000	0.274421
6.910000	0.000000	0.270547
6.920000	0.000000	0.265557
6.930000	0.000000	0.261641
6.940000	0.000000	0.257548
6.950000	0.000000	0.253898
6.960000	0.000000	0.249821
6.970000	0.000000	0.246003
6.980000	0.000000	0.242057
6.990000	0.000000	0.238279
7.000000	0.000000	0.234708
7.010000	0.000000	0.231143
7.020000	0.000000	0.227720
7.030000	0.000000	0.224079
7.040000	0.000000	0.220476
7.050000	0.000000	0.217203
7.060000	0.000000	0.213716
7.070000	0.000000	0.210082
7.080000	0.000000	0.206611
7.090000	0.000000	0.203252
7.100000	0.000000	0.200190
7.110000	0.000000	0.197212
7.120000	0.000000	0.194080
7.130000	0.000000	0.191175
7.140000	0.000000	0.188431
7.150000	0.000000	0.185523
7.160000	0.000000	0.182818
7.170000	0.000000	0.180470
7.180000	0.000000	0.177896
7.190000	0.000000	0.184700
7.200000	0.000000	0.175991
7.210000	0.000000	0.169381
7.220000	0.000000	0.166830
7.230000	0.000000	0.164285
7.240000	0.000000	0.161782
7.250000	0.000000	0.159652
7.260000	0.000000	0.159744
7.270000	0.000000	0.160037
7.280000	0.000000	0.152594
7.290000	0.000000	0.149983
7.300000	0.000000	0.147453
7.310000	0.000000	0.145088
7.320000	0.000000	0.142553
7.330000	0.000000	0.140325
7.340000	0.000000	0.139695
7.350000	0.000000	0.139434
7.360000	0.000000	0.135408
7.370000	0.000000	0.132167
7.380000	0.000000	0.129881
7.390000	0.000000	0.127908
7.400000	0.000000	0.126048
7.410000	0.000000	0.124541
7.420000	0.000000	0.124140
7.430000	0.000000	0.123484
7.440000	0.000000	0.120166
7.450000	0.000000	0.117551
7.460000	0.000000	0.115650
7.470000	0.000000	0.113429
7.480000	0.000000	0.111791
7.490000	0.000000	0.112918
7.500000	0.000000	0.109609
7.510000	0.000000	0.111595
7.520000	0.000000	0.108439
7.530000	0.000000	0.105692
7.540000	0.000000	0.104458
7.550000	0.000000	0.102120
7.560000	0.000000	0.099250
7.570000	0.000000	0.097373
7.580000	0.000000	0.096065
7.590000	0.000000	0.094434
7.600000	0.000000	0.092697
7.610000	0.000000	0.091336
7.620000	0.000000	0.090548
7.630000	0.000000	0.089899
7.640000	0.000000	0.087161
7.650000	0.000000	0.085687
7.660000	0.000000	0.084404
7.670000	0.000000	0.083172
7.680000	0.000000	0.081978
7.690000	0.000000	0.080733
7.700000	0.000000	0.079496
7.710000	0.000000	0.078287
7.720000	0.000000	0.077868
7.730000	0.000000	0.076598
7.740000	0.000000	0.074884
7.750000	0.000000	0.073814
7.760000	0.000000	0.072937
7.770000	0.000000	0.072604
7.780000	0.000000	0.073251
7.790000	0.000000	0.073788
7.800000	0.000000	0.071034
7.810000	0.000000	0.067668
7.820000	0.000000	0.066922
7.830000	0.000000	0.065850
7.840000	0.000000	0.064098
7.850000	0.000000	0.063232
7.860000	0.000000	0.062129
7.870000	0.000000	0.061171
7.880000	0.000000	0.060207
7.890000	0.000000	0.059254
7.900000	0.000000	0.058340
7.910000	0.000000	0.057469
7.920000	0.000000	0.056641
7.930000	0.000000	0.055819
7.940000	0.000000	0.054999
7.950000	0.000000	0.054182
7.960000	0.000000	0.053385
7.970000	0.000000	0.052695
7.980000	0.000000	0.051727
7.990000	0.000000	0.050899
8.000000	0.000000	0.050131
8.010000	0.000000	0.049376
8.020000	0.000000	0.048652
8.030000	0.000000	0.047938
8.040000	0.000000	0.047225
8.050000	0.000000	0.046512
8.060000	0.000000	0.045799
8.070000	0.000000	0.045088
8.080000	0.000000	0.044378
8.090000	0.000000	0.043698
8.100000	0.000000	0.043021
8.110000	0.000000	0.042299
8.120000	0.000000	0.041677
8.130000	0.000000	0.041059
8.140000	0.000000	0.040441
8.150000	0.000000	0.039819
8.160000	0.000000	0.039554
8.170000	0.000000	0.038599
8.180000	0.000000	0.038076
8.190000	0.000000	0.037489
8.200000	0.000000	0.036927
8.210000	0.000000	0.036423
8.220000	0.000000	0.035853
8.230000	0.000000	0.035277
8.240000	0.000000	0.034730
8.250000	0.000000	0.034198
8.260000	0.000000	0.033684
8.270000	0.000000	0.033182
8.280000	0.000000	0.032699
8.290000	0.000000	0.032231
8.300000	0.000000	0.031742
8.310000	0.000000	0.031266
8.320000	0.000000	0.030779
8.330000	0.000000	0.030282
8.340000	0.000000	0.029942
8.350000	0.000000	0.029353
8.360000	0.000000	0.028887
8.370000	0.000000	0.028434
8.380000	0.000000	0.028009
8.390000	0.000000	0.027613
8.400000	0.000000	0.027201
8.410000	0.000000	0.026774
8.420000	0.000000	0.026406
8.430000	0.000000	0.026032
8.440000	0.000000	0.025571
8.450000	0.000000	0.025204
8.460000	0.000000	0.024837
8.470000	0.000000	0.024471
8.480000	0.000000	0.024109
8.490000	0.000000	0.023725
8.500000	0.000000	0.023352
8.510000	0.000000	0.023011
8.520000	0.000000	0.022663
8.530000	0.000000	0.022305
8.540000	0.000000	0.021976
8.550000	0.000000	0.021656
8.560000	0.000000	0.021337
8.570000	0.000000	0.021018
8.580000	0.000000	0.020701
8.590000	0.000000	0.020386
8.600000	0.000000	0.020073
8.610000	0.000000	0.019757
8.620000	0.000000	0.019435
8.630000	0.000000	0.019140
8.640000	0.000000	0.018861
8.650000	0.000000	0.018585
8.660000	0.000000	0.018293
8.670000	0.000000	0.018012
8.680000	0.000000	0.017738
8.690000	0.000000	0.017466
8.700000	0.000000	0.017204
8.710000	0.000000	0.016962
8.720000	0.000000	0.016712
8.730000	0.000000	0.016463
8.740000	0.000000	0.016218
8.750000	0.000000	0.015972
8.760000	0.000000	0.015727
8.770000	0.000000	0.015483
8.780000	0.000000	0.015244
8.790000	0.000000	0.015016
8.800000	0.000000	0.014799
8.810000	0.000000	0.014585
8.820000	0.000000	0.014374
8.830000	0.000000	0.014146
8.840000	0.000000	0.013930
8.850000	0.000000	0.013718
8.860000	0.000000	0.013505
8.870000	0.000000	0.013292
8.880000	0.000000	0.013085
8.890000	0.000000	0.012888
8.900000	0.000000	0.012700
8.910000	0.000000	0.012514
8.920000	0.000000	0.012329
8.930000	0.000000	0.012144
8.940000	0.000000	0.011960
8.950000	0.000000	0.011775
8.960000	0.000000	0.011594
8.970000	0.000000	0.011425
8.980000	0.000000	0.011261
8.990000	0.000000	0.011095
9.000000	0.000000	0.010922
9.010000	0.000000	0.010758
9.020000	0.000000	0.010594
9.030000	0.000000	0.010430
9.040000	0.000000	0.010267
9.050000	0.000000	0.010112
9.060000	0.000000	0.009964
9.070000	0.000000	0.009821
9.080000	0.000000	0.009678
9.090000	0.000000	0.009536
9.100000	0.000000	0.009393
9.110000	0.000000	0.009251
9.120000	0.000000	0.009109
9.130000	0.000000	0.008966
9.140000	0.000000	0.008826
9.150000	0.000000	0.008695
9.160000	0.000000	0.008564
9.170000	0.000000	0.008434
9.180000	0.000000	0.008310
9.190000	0.000000	0.008187
9.200000	0.000000	0.008063
9.210000	0.000000	0.007940
9.220000	0.000000	0.007817
9.230000	0.000000	0.007700
9.240000	0.000000	0.007589
9.250000	0.000000	0.007479
9.260000	0.000000	0.007369
9.270000	0.000000	0.007260
9.280000	0.000000	0.007150
9.290000	0.000000	0.007040
9.300000	0.000000	0.006931
9.310000	0.000000	0.006823
9.320000	0.000000	0.006721
9.330000	0.000000	0.006622
9.340000	0.000000	0.006524
9.350000	0.000000	0.006429
9.360000	0.000000	0.006333
9.370000	0.000000	0.006238
9.380000	0.000000	0.006143
9.390000	0.000000	0.006047
9.400000	0.000000	0.005954
9.410000	0.000000	0.005866
9.420000	0.000000	0.005780
9.430000	0.000000	0.005695
9.440000	0.000000	0.005612
9.450000	0.000000	0.005529
9.460000	0.000000	0.005447
9.470000	0.000000	0.005364
9.480000	0.000000	0.005282
9.490000	0.000000	0.005200
9.500000	0.000000	0.005120
9.510000	0.000000	0.005045
9.520000	0.000000	0.004972
9.530000	0.000000	0.004898
9.540000	0.000000	0.004825
9.550000	0.000000	0.004751
9.560000	0.000000	0.004678
9.570000	0.000000	0.004605
9.580000	0.000000	0.004535
9.590000	0.000000	0.004469
9.600000	0.000000	0.004406
9.610000	0.000000	0.004342
9.620000	0.000000	0.004278
9.630000	0.000000	0.004214
9.640000	0.000000	0.004150
9.650000	0.000000	0.004087
9.660000	0.000000	0.004023
9.670000	0.000000	0.003960
9.680000	0.000000	0.003902
9.690000	0.000000	0.003845
9.700000	0.000000	0.003789
9.710000	0.000000	0.003734
9.720000	0.000000	0.003679
9.730000	0.000000	0.003623
9.740000	0.000000	0.003568
9.750000	0.000000	0.003513
9.760000	0.000000	0.003460
9.770000	0.000000	0.003409
9.780000	0.000000	0.003360
9.790000	0.000000	0.003311
9.800000	0.000000	0.003262
9.810000	0.000000	0.003212
9.820000	0.000000	0.003163
9.830000	0.000000	0.003114
9.840000	0.000000	0.003063
9.850000	0.000000	0.003017
9.860000	0.000000	0.002974
9.870000	0.000000	0.002932
9.880000	0.000000	0.002889
9.890000	0.000000	0.002846
9.900000	0.000000	0.002804
9.910000	0.000000	0.002761
9.920000	0.000000	0.002719
9.930000	0.000000	0.002678
9.940000	0.000000	0.002639
9.950000	0.000000	0.002601
9.960000	0.000000	0.002563
9.970000	0.000000	0.002526
9.980000	0.000000	0.002489
9.990000	0.000000	0.002452
10.000000	0.000000	0.002414
10.010000	0.000000	0.002375
10.020000	0.000000	0.002338
10.030000	0.000000	0.002304
10.040000	0.000000	0.002270
10.050000	0.000000	0.002237
10.060000	0.000000	0.002204
10.070000	0.000000	0.002171
10.080000	0.000000	0.002139
10.090000	0.000000	0.002106
10.100000	0.000000	0.002073
10.110000	0.000000	0.002042
10.120000	0.000000	0.002012
10.130000	0.000000	0.001983
10.140000	0.000000	0.001954
10.150000	0.000000	0.001926
10.160000	0.000000	0.001897
10.170000	0.000000	0.001867
10.180000	0.000000	0.001838
10.190000	0.000000	0.001811
10.200000	0.000000	0.001785
10.210000	0.000000	0.001759
10.220000	0.000000	0.001733
10.230000	0.000000	0.001708
10.240000	0.000000	0.001683
10.250000	0.000000	0.001658
10.260000	0.000000	0.001634
10.270000	0.000000	0.001609
10.280000	0.000000	0.001584
10.290000	0.000000	0.001560
10.300000	0.000000	0.001536
10.310000	0.000000	0.001514
10.320000	0.000000	0.001492
10.330000	0.000000	0.001470
10.340000	0.000000	0.001447
10.350000	0.000000	0.001425
10.360000	0.000000	0.001403
10.370000	0.000000	0.001381
10.380000	0.000000	0.001361
10.390000	0.000000	0.001341
10.400000	0.000000	0.001322
10.410000	0.000000	0.001302
10.420000	0.000000	0.001283
10.430000	0.000000	0.001264
10.440000	0.000000	0.001245
10.450000	0.000000	0.001227
10.460000	0.000000	0.001209
10.470000	0.000000	0.001191
10.480000	0.000000	0.001174
10.490000	0.000000	0.001157
10.500000	0.000000	0.001140
10.510000	0.000000	0.001123
10.520000	0.000000	0.001106
10.530000	0.000000	0.001089
10.540000	0.000000	0.001073
10.550000	0.000000	0.001056
10.560000	0.000000	0.001040
10.570000	0.000000	0.001025
10.580000	0.000000	0.001010
10.590000	0.000000	0.000995
10.600000	0.000000	0.000980
10.610000	0.000000	0.000966
10.620000	0.000000	0.000951
10.630000	0.000000	0.000936
10.640000	0.000000	0.000922
10.650000	0.000000	0.000908
10.660000	0.000000	0.000895
10.670000	0.000000	0.000882
10.680000	0.000000	0.000869
10.690000	0.000000	0.000856
10.700000	0.000000	0.000843
10.710000	0.000000	0.000830
10.720000	0.000000	0.000818
10.730000	0.000000	0.000807
10.740000	0.000000	0.000795
10.750000	0.000000	0.000784
10.760000	0.000000	0.000772
10.770000	0.000000	0.000761
10.780000	0.000000	0.000750
10.790000	0.000000	0.000739
10.800000	0.000000	0.000728
10.810000	0.000000	0.000717
10.820000	0.000000	0.000705
10.830000	0.000000	0.000695
10.840000	0.000000	0.000684
10.850000	0.000000	0.000674
10.860000	0.000000	0.000664
10.870000	0.000000	0.000654
10.880000	0.000000	0.000644
10.890000	0.000000	0.000635
10.900000	0.000000	0.000625
10.910000	0.000000	0.000616
10.920000	0.000000	0.000606
10.930000	0.000000	0.000598
10.940000	0.000000	0.000589
10.950000	0.000000	0.000580
10.960000	0.000000	0.000572
10.970000	0.000000	0.000563
10.980000	0.000000	0.000555
10.990000	0.000000	0.000548
11.000000	0.000000	0.000540
11.010000	0.000000	0.000532
11.020000	0.000000	0.000524
11.030000	0.000000	0.000516
11.040000	0.000000	0.000509
11.050000	0.000000	0.000501
11.060000	0.000000	0.000494
11.070000	0.000000	0.000486
11.080000	0.000000	0.000479
11.090000	0.000000	0.000471
11.100000	0.000000	0.000464
11.110000	0.000000	0.000457
11.120000	0.000000	0.000451
11.130000	0.000000	0.000444
11.140000	0.000000	0.000437
11.150000	0.000000	0.000431
11.160000	0.000000	0.000424
11.170000	0.000000	0.000418
11.180000	0.000000	0.000411
11.190000	0.000000	0.000405
11.200000	0.000000	0.000399
11.210000	0.000000	0.000393
11.220000	0.000000	0.000388
11.230000	0.000000	0.000382
11.240000	0.000000	0.000376
11.250000	0.000000	0.000371
11.260000	0.000000	0.000366
11.270000	0.000000	0.000361
11.280000	0.000000	0.000355
11.290000	0.000000	0.000350
11.300000	0.000000	0.000345
11.310000	0.000000	0.000340
11.320000	0.000000	0.000335
11.330000	0.000000	0.000330
11.340000	0.000000	0.000325
11.350000	0.000000	0.000320
11.360000	0.000000	0.000315
11.370000	0.000000	0.000310
11.380000	0.000000	0.000306
11.390000	0.000000	0.000301
11.400000	0.000000	0.000297
11.410000	0.000000	0.000292
11.420000	0.000000	0.000288
11.430000	0.000000	0.000284
11.440000	0.000000	0.000279
11.450000	0.000000	0.000275
11.460000	0.000000	0.000271
11.470000	0.000000	0.000267
11.480000	0.000000	0.000263
11.490000	0.000000	0.000259
11.500000	0.000000	0.000256
11.510000	0.000000	0.000252
11.520000	0.000000	0.000248
11.530000	0.000000	0.000245
11.540000	0.000000	0.000241
11.550000	0.000000	0.000238
11.560000	0.000000	0.000234
11.570000	0.000000	0.000231
11.580000	0.000000	0.000228
11.590000	0.000000	0.000224
11.600000	0.000000	0.000221
11.610000	0.000000	0.000218
11.620000	0.000000	0.000214
11.630000	0.000000	0.000211
11.640000	0.000000	0.000208
11.650000	0.000000	0.000205
11.660000	0.000000	0.000202
11.670000	0.000000	0.000199
11.680000	0.000000	0.000196
11.690000	0.000000	0.000193
11.700000	0.000000	0.000190
11.710000	0.000000	0.000187
11.720000	0.000000	0.000184
11.730000	0.000000	0.000181
11.740000	0.000000	0.000179
11.750000	0.000000	0.000176
11.760000	0.000000	0.000173
11.770000	0.000000	0.000171
11.780000	0.000000	0.000169
11.790000	0.000000	0.000166
11.800000	0.000000	0.000164
11.810000	0.000000	0.000162
11.820000	0.000000	0.000159
11.830000	0.000000	0.000157
11.840000	0.000000	0.000155
11.850000	0.000000	0.000152
11.860000	0.000000	0.000150
11.870000	0.000000	0.000148
11.880000	0.000000	0.000146
11.890000	0.000000	0.000143
11.900000	0.000000	0.000141
11.910000	0.000000	0.000139
11.920000	0.000000	0.000137
11.930000	0.000000	0.000135
11.940000	0.000000	0.000133
11.950000	0.000000	0.000131
11.960000	0.000000	0.000129
11.970000	0.000000	0.000127
11.980000	0.000000	0.000125
11.990000	0.000000	0.000123
12.000000	0.000000	0.000121
12.010000	0.000000	0.000120
12.020000	0.000000	0.000118
12.030000	0.000000	0.000116
12.040000	0.000000	0.000114
12.050000	0.000000	0.000113
12.060000	0.000000	0.000111
12.070000	0.000000	0.000110
12.080000	0.000000	0.000108
12.090000	0.000000	0.000107
12.100000	0.000000	0.000105
12.110000	0.000000	0.000104
12.120000	0.000000	0.000102
12.130000	0.000000	0.000101
12.140000	0.000000	0.000099
12.150000	0.000000	0.000098
12.160000	0.000000	0.000096
12.170000	0.000000	0.000095
12.180000	0.000000	0.000093
12.190000	0.000000	0.000092
12.200000	0.000000	0.000090
12.210000	0.000000	0.000089
12.220000	0.000000	0.000088
12.230000	0.000000	0.000086
12.240000	0.000000	0.000085
12.250000	0.000000	0.000084
12.260000	0.000000	0.000083
12.270000	0.000000	0.000081
12.280000	0.000000	0.000080
12.290000	0.000000	0.000079
12.300000	0.000000	0.000078
12.310000	0.000000	0.000077
12.320000	0.000000	0.000076
12.330000	0.000000	0.000075
12.340000	0.000000	0.000074
12.350000	0.000000	0.000073
12.360000	0.000000	0.000071
12.370000	0.000000	0.000070
12.380000	0.000000	0.000069
12.390000	0.000000	0.000068
12.400000	0.000000	0.000067
12.410000	0.000000	0.000066
12.420000	0.000000	0.000065
12.430000	0.000000	0.000064
12.440000	0.000000	0.000063
12.450000	0.000000	0.000062
12.460000	0.000000	0.000061
12.470000	0.000000	0.000061
12.480000	0.000000	0.000060
12.490000	0.000000	0.000059
12.500000	0.000000	0.000058
12.510000	0.000000	0.000057
12.520000	0.000000	0.000056
12.530000	0.000000	0.000055
12.540000	0.000000	0.000055
12.550000	0.000000	0.000054
12.560000	0.000000	0.000053
12.570000	0.000000	0.000052
12.580000	0.000000	0.000051
12.590000	0.000000	0.000051
12.600000	0.000000	0.000050
12.610000	0.000000	0.000049
12.620000	0.000000	0.000049
12.630000	0.000000	0.000048
12.640000	0.000000	0.000047
12.650000	0.000000	0.000047
12.660000	0.000000	0.000046
12.670000	0.000000	0.000045
12.680000	0.000000	0.000045
12.690000	0.000000	0.000044
12.700000	0.000000	0.000043
12.710000	0.000000	0.000042
12.720000	0.000000	0.000042
12.730000	0.000000	0.000041
12.740000	0.000000	0.000041
12.750000	0.000000	0.000040
12.760000	0.000000	0.000039
12.770000	0.000000	0.000039
12.780000	0.000000	0.000038
12.790000	0.000000	0.000038
12.800000	0.000000	0.000037
12.810000	0.000000	0.000037
12.820000	0.000000	0.000036
12.830000	0.000000	0.000036
12.840000	0.000000	0.000035
12.850000	0.000000	0.000035
12.860000	0.000000	0.000034
12.870000	0.000000	0.000034
12.880000	0.000000	0.000033
12.890000	0.000000	0.000033
12.900000	0.000000	0.000032
12.910000	0.000000	0.000032
12.920000	0.000000	0.000031
12.930000	0.000000	0.000031
12.940000	0.000000	0.000030
12.950000	0.000000	0.000030
12.960000	0.000000	0.000029
12.970000	0.000000	0.000029
12.980000	0.000000	0.000029
12.990000	0.000000	0.000028
13.000000	0.000000	0.000028
13.010000	0.000000	0.000027
13.020000	0.000000	0.000027
13.030000	0.000000	0.000026
13.040000	0.000000	0.000026
13.050000	0.000000	0.000026
13.060000	0.000000	0.000025
13.070000	0.000000	0.000025
13.080000	0.000000	0.000025
13.090000	0.000000	0.000024
13.100000	0.000000	0.000024
13.110000	0.000000	0.000023
13.120000	0.000000	0.000023
13.130000	0.000000	0.000023
13.140000	0.000000	0.000023
13.150000	0.000000	0.000022
13.160000	0.000000	0.000022
13.170000	0.000000	0.000022
13.180000	0.000000	0.000021
13.190000	0.000000	0.000021
13.200000	0.000000	0.000021
13.210000	0.000000	0.000020
13.220000	0.000000	0.000020
13.230000	0.000000	0.000020
13.240000	0.000000	0.000019
13.250000	0.000000	0.000019
13.260000	0.000000	0.000019
13.270000	0.000000	0.000019
13.280000	0.000000	0.000018
13.290000	0.000000	0.000018
13.300000	0.000000	0.000018
13.310000	0.000000	0.000018
13.320000	0.000000	0.000017
13.330000	0.000000	0.000017
13.340000	0.000000	0.000017
13.350000	0.000000	0.000016
13.360000	0.000000	0.000016
13.370000	0.000000	0.000016
13.380000	0.000000	0.000016
13.390000	0.000000	0.000016
13.400000	0.000000	0.000015
13.410000	0.000000	0.000015
13.420000	0.000000	0.000015
13.430000	0.000000	0.000015
13.440000	0.000000	0.000015
13.450000	0.000000	0.000014
13.460000	0.000000	0.000014
13.470000	0.000000	0.000014
13.480000	0.000000	0.000014
13.490000	0.000000	0.000013
13.500000	0.000000	0.000013
13.510000	0.000000	0.000013
13.520000	0.000000	0.000013
13.530000	0.000000	0.000013
13.540000	0.000000	0.000012
13.550000	0.000000	0.000012
13.560000	0.000000	0.000012
13.570000	0.000000	0.000012
13.580000	0.000000	0.000012
13.590000	0.000000	0.000012
13.600000	0.000000	0.000011
13.610000	0.000000	0.000011
13.620000	0.000000	0.000011
13.630000	0.000000	0.000011
13.640000	0.000000	0.000011
13.650000	0.000000	0.000011
13.660000	0.000000	0.000010
13.670000	0.000000	0.000010
13.680000	0.000000	0.000010
13.690000	0.000000	0.000010
13.700000	0.000000	0.000010
13.710000	0.000000	0.000010
13.720000	0.000000	0.000010
13.730000	0.000000	0.000009
13.740000	0.000000	0.000009
13.750000	0.000000	0.000009
13.760000	0.000000	0.000009
13.770000	0.000000	0.000009
13.780000	0.000000	0.000009
13.790000	0.000000	0.000009
13.800000	0.000000	0.000009
13.810000	0.000000	0.000008
13.820000	0.000000	0.000008
13.830000	0.000000	0.000008
13.840000	0.000000	0.000008
13.850000	0.000000	0.000008
13.860000	0.000000	0.000008
13.870000	0.000000	0.000008
13.880000	0.000000	0.000008
13.890000	0.000000	0.000007
13.900000	0.000000	0.000007
13.910000	0.000000	0.000007
13.920000	0.000000	0.000007
13.930000	0.000000	0.000007
13.940000	0.000000	0.000007
13.950000	0.000000	0.000007
13.960000	0.000000	0.000007
13.970000	0.000000	0.000007
13.980000	0.000000	0.000007
13.990000	0.000000	0.000006
14.000000	0.000000	0.000006
14.010000	0.000000	0.000006
14.020000	0.000000	0.000006
14.030000	0.000000	0.000006
14.040000	0.000000	0.000006
14.050000	0.000000	0.000006
14.060000	0.000000	0.000006
14.070000	0.000000	0.000006
14.080000	0.000000	0.000006
14.090000	0.000000	0.000006
14.100000	0.000000	0.000005
14.110000	0.000000	0.000005
14.120000	0.000000	0.000005
14.130000	0.000000	0.000005
14.140000	0.000000	0.000005
14.150000	0.000000	0.000005
14.160000	0.000000	0.000005
14.170000	0.000000	0.000005
14.180000	0.000000	0.000005
14.190000	0.000000	0.000005
14.200000	0.000000	0.000005
14.210000	0.000000	0.000005
14.220000	0.000000	0.000005
14.230000	0.000000	0.000005
14.240000	0.000000	0.000004
14.250000	0.000000	0.000004
14.260000	0.000000	0.000004
14.270000	0.000000	0.000004
14.280000	0.000000	0.000004
14.290000	0.000000	0.000004
14.300000	0.000000	0.000004
14.310000	0.000000	0.000004
14.320000	0.000000	0.000004
14.330000	0.000000	0.000004
14.340000	0.000000	0.000004
14.350000	0.000000	0.000004
14.360000	0.000000	0.000004
14.370000	0.000000	0.000004
14.380000	0.000000	0.000004
14.390000	0.000000	0.000004
14.400000	0.000000	0.000004
14.410000	0.000000	0.000003
14.420000	0.000000	0.000003
14.430000	0.000000	0.000003
14.440000	0.000000	0.000003
14.450000	0.000000	0.000003
14.460000	0.000000	0.000003
14.470000	0.000000	0.000003
14.480000	0.000000	0.000003
14.490000	0.000000	0.000003
14.500000	0.000000	0.000003
14.510000	0.000000	0.000003
14.520000	0.000000	0.000003
14.530000	0.000000	0.000003
14.540000	0.000000	0.000003
14.550000	0.000000	0.000003
14.560000	0.000000	0.000003
14.570000	0.000000	0.000003
14.580000	0.000000	0.000003
14.590000	0.000000	0.000003
14.600000	0.000000	0.000003
14.610000	0.000000	0.000003
14.620000	0.000000	0.000003
14.630000	0.000000	0.000003
14.640000	0.000000	0.000002
14.650000	0.000000	0.000002
14.660000	0.000000	0.000002
14.670000	0.000000	0.000002
14.680000	0.000000	0.000002
14.690000	0.000000	0.000002
14.700000	0.000000	0.000002
14.710000	0.000000	0.000002
14.720000	0.000000	0.000002
14.730000	0.000000	0.000002
14.740000	0.000000	0.000002
14.750000	0.000000	0.000002
14.760000	0.000000	0.000002
14.770000	0.000000	0.000002
14.780000	0.000000	0.000002
14.790000	0.000000	0.000002
14.800000	0.000000	0.000002
14.810000	0.000000	0.000002
14.820000	0.000000	0.000002
14.830000	0.000000	0.000002
14.840000	0.000000	0.000002
14.850000	0.000000	0.000002
14.860000	0.000000	0.000002
14.870000	0.000000	0.000002
14.880000	0.000000	0.000002
14.890000	0.000000	0.000002
14.900000	0.000000	0.000002
14.910000	0.000000	0.000002
14.920000	0.000000	0.000002
14.930000	0.000000	0.000002
14.940000	0.000000	0.000002
14.950000	0.000000	0.000002
14.960000	0.000000	0.000002
14.970000	0.000000	0.000002
14.980000	0.000000	0.000002
14.990000	0.000000	0.000001
15.000000	0.000000	0.000001
15.010000	0.000000	0.000001
15.020000	0.000000	0.000001
15.030000	0.000000	0.000001
15.040000	0.000000	0.000001
15.050000	0.000000	0.000001
15.060000	0.000000	0.000001
15.070000	0.000000	0.000001
15.080000	0.000000	0.000001
15.090000	0.000000	0.000001
15.100000	0.000000	0.000001
15.110000	0.000000	0.000001
15.120000	0.000000	0.000001
15.130000	0.000000	0.000001
15.140000	0.000000	0.000001
15.150000	0.000000	0.000001
15.160000	0.000000	0.000001
15.170000	0.000000	0.000001
15.180000	0.000000	0.000001
15.190000	0.000000	0.000001
15.200000	0.000000	0.000001
15.210000	0.000000	0.000001
15.220000	0.000000	0.000001
15.230000	0.000000	0.000001
15.240000	0.000000	0.000001
15.250000	0.000000	0.000001
15.260000	0.000000	1.0e-06
15.270000	0.000000	9.8e-07
15.280000	0.000000	9.7e-07
15.290000	0.000000	9.6e-07
15.300000	0.000000	9.4e-07
15.310000	0.000000	9.3e-07
15.320000	0.000000	9.2e-07
15.330000	0.000000	9.1e-07
15.340000	0.000000	8.9e-07
15.350000	0.000000	8.8e-07
15.360000	0.000000	8.7e-07
15.370000	0.000000	8.6e-07
15.380000	0.000000	8.4e-07
15.390000	0.000000	8.3e-07
15.400000	0.000000	8.2e-07
15.410000	0.000000	8.1e-07
15.420000	0.000000	7.9e-07
15.430000	0.000000	7.8e-07
15.440000	0.000000	7.7e-07
15.450000	0.000000	7.6e-07
15.460000	0.000000	7.5e-07
15.470000	0.000000	7.4e-07
15.480000	0.000000	7.2e-07
15.490000	0.000000	7.1e-07
15.500000	0.000000	7.0e-07
15.510000	0.000000	6.9e-07
15.520000	0.000000	6.8e-07
15.530000	0.000000	6.7e-07
15.540000	0.000000	6.6e-07
15.550000	0.000000	6.5e-07
15.560000	0.000000	6.4e-07
15.570000	0.000000	6.4e-07
15.580000	0.000000	6.3e-07
15.590000	0.000000	6.2e-07
15.600000	0.000000	6.1e-07
15.610000	0.000000	6.0e-07
15.620000	0.000000	5.9e-07
15.630000	0.000000	5.8e-07
15.640000	0.000000	5.8e-07
15.650000	0.000000	5.7e-07
15.660000	0.000000	5.6e-07
15.670000	0.000000	5.5e-07
15.680000	0.000000	5.4e-07
15.690000	0.000000	5.4e-07
15.700000	0.000000	5.3e-07
15.710000	0.000000	5.2e-07
15.720000	0.000000	5.1e-07
15.730000	0.000000	5.0e-07
15.740000	0.000000	5.0e-07
15.750000	0.000000	4.9e-07
15.760000	0.000000	4.8e-07
15.770000	0.000000	4.7e-07
15.780000	0.000000	4.7e-07
15.790000	0.000000	4.6e-07
15.800000	0.000000	4.5e-07
15.810000	0.000000	4.5e-07
15.820000	0.000000	4.4e-07
15.830000	0.000000	4.4e-07
15.840000	0.000000	4.3e-07
15.850000	0.000000	4.2e-07
15.860000	0.000000	4.2e-07
15.870000	0.000000	4.1e-07
15.880000	0.000000	4.1e-07
15.890000	0.000000	4.0e-07
15.900000	0.000000	3.9e-07
15.910000	0.000000	3.9e-07
15.920000	0.000000	3.8e-07
15.930000	0.000000	3.8e-07
15.940000	0.000000	3.7e-07
15.950000	0.000000	3.7e-07
15.960000	0.000000	3.6e-07
15.970000	0.000000	3.6e-07
15.980000	0.000000	3.5e-07
15.990000	0.000000	3.4e-07
16.000000	0.000000	3.4e-07
16.010000	0.000000	3.3e-07
16.020000	0.000000	3.3e-07
16.030000	0.000000	3.2e-07
16.040000	0.000000	3.2e-07
16.050000	0.000000	3.2e-07
16.060000	0.000000	3.1e-07
16.070000	0.000000	3.1e-07
16.080000	0.000000	3.0e-07
16.090000	0.000000	3.0e-07
16.100000	0.000000	2.9e-07
16.110000	0.000000	2.9e-07
16.120000	0.000000	2.9e-07
16.130000	0.000000	2.8e-07
16.140000	0.000000	2.8e-07
16.150000	0.000000	2.7e-07
16.160000	0.000000	2.7e-07
16.170000	0.000000	2.7e-07
16.180000	0.000000	2.6e-07
16.190000	0.000000	2.6e-07
16.200000	0.000000	2.5e-07
16.210000	0.000000	2.5e-07
16.220000	0.000000	2.5e-07
16.230000	0.000000	2.4e-07
16.240000	0.000000	2.4e-07
16.250000	0.000000	2.4e-07
16.260000	0.000000	2.3e-07
16.270000	0.000000	2.3e-07
16.280000	0.000000	2.3e-07
16.290000	0.000000	2.2e-07
16.300000	0.000000	2.2e-07
16.310000	0.000000	2.2e-07
16.320000	0.000000	2.1e-07
16.330000	0.000000	2.1e-07
16.340000	0.000000	2.1e-07
16.350000	0.000000	2.0e-07
16.360000	0.000000	2.0e-07
16.370000	0.000000	2.0e-07
16.380000	0.000000	2.0e-07
16.390000	0.000000	1.9e-07
16.400000	0.000000	1.9e-07
16.410000	0.000000	1.9e-07
16.420000	0.000000	1.8e-07
16.430000	0.000000	1.8e-07
16.440000	0.000000	1.8e-07
16.450000	0.000000	1.8e-07
16.460000	0.000000	1.7e-07
16.470000	0.000000	1.7e-07
16.480000	0.000000	1.7e-07
16.490000	0.000000	1.7e-07
16.500000	0.000000	1.6e-07
16.510000	0.000000	1.6e-07
16.520000	0.000000	1.6e-07
16.530000	0.000000	1.6e-07
16.540000	0.000000	1.5e-07
16.550000	0.000000	1.5e-07
16.560000	0.000000	1.5e-07
16.570000	0.000000	1.5e-07
16.580000	0.000000	1.5e-07
16.590000	0.000000	1.4e-07
16.600000	0.000000	1.4e-07
16.610000	0.000000	1.4e-07
16.620000	0.000000	1.4e-07
16.630000	0.000000	1.4e-07
16.640000	0.000000	1.3e-07
16.650000	0.000000	1.3e-07
16.660000	0.000000	1.3e-07
16.670000	0.000000	1.3e-07
16.680000	0.000000	1.3e-07
16.690000	0.000000	1.2e-07
16.700000	0.000000	1.2e-07
16.710000	0.000000	1.2e-07
16.720000	0.000000	1.2e-07
16.730000	0.000000	1.2e-07
16.740000	0.000000	1.2e-07
16.750000	0.000000	1.1e-07
16.760000	0.000000	1.1e-07
16.770000	0.000000	1.1e-07
16.780000	0.000000	1.1e-07
16.790000	0.000000	1.1e-07
16.800000	0.000000	1.1e-07
16.810000	0.000000	1.0e-07
16.820000	0.000000	1.0e-07
16.830000	0.000000	1.0e-07
16.840000	0.000000	1.0e-07
16.850000	0.000000	9.8e-08
16.860000	0.000000	9.7e-08
16.870000	0.000000	9.6e-08
16.880000	0.000000	9.4e-08
16.890000	0.000000	9.3e-08
16.900000	0.000000	9.1e-08
16.910000	0.000000	9.0e-08
16.920000	0.000000	8.9e-08
16.930000	0.000000	8.8e-08
16.940000	0.000000	8.6e-08
16.950000	0.000000	8.5e-08
16.960000	0.000000	8.4e-08
16.970000	0.000000	8.3e-08
16.980000	0.000000	8.2e-08
16.990000	0.000000	8.1e-08
17.000000	0.000000	8.0e-08
17.010000	0.000000	7.8e-08
17.020000	0.000000	7.7e-08
17.030000	0.000000	7.6e-08
17.040000	0.000000	7.5e-08
17.050000	0.000000	7.4e-08
17.060000	0.000000	7.3e-08
17.070000	0.000000	7.2e-08
17.080000	0.000000	7.1e-08
17.090000	0.000000	7.0e-08
17.100000	0.000000	6.8e-08
17.110000	0.000000	6.7e-08
17.120000	0.000000	6.6e-08
17.130000	0.000000	6.5e-08
17.140000	0.000000	6.5e-08
17.150000	0.000000	6.4e-08
17.160000	0.000000	6.3e-08
17.170000	0.000000	6.2e-08
17.180000	0.000000	6.1e-08
17.190000	0.000000	6.0e-08
17.200000	0.000000	5.9e-08
17.210000	0.000000	5.8e-08
17.220000	0.000000	5.8e-08
17.230000	0.000000	5.7e-08
17.240000	0.000000	5.6e-08
17.250000	0.000000	5.5e-08
17.260000	0.000000	5.4e-08
17.270000	0.000000	5.4e-08
17.280000	0.000000	5.3e-08
17.290000	0.000000	5.2e-08
17.300000	0.000000	5.1e-08
17.310000	0.000000	5.1e-08
17.320000	0.000000	5.0e-08
17.330000	0.000000	4.9e-08
17.340000	0.000000	4.8e-08
17.350000	0.000000	4.8e-08
17.360000	0.000000	4.7e-08
17.370000	0.000000	4.6e-08
17.380000	0.000000	4.6e-08
17.390000	0.000000	4.5e-08
17.400000	0.000000	4.4e-08
17.410000	0.000000	4.4e-08
17.420000	0.000000	4.3e-08
17.430000	0.000000	4.2e-08
17.440000	0.000000	4.2e-08
17.450000	0.000000	4.1e-08
17.460000	0.000000	4.1e-08
17.470000	0.000000	4.0e-08
17.480000	0.000000	3.9e-08
17.490000	0.000000	3.9e-08
17.500000	0.000000	3.8e-08
17.510000	0.000000	3.8e-08
17.520000	0.000000	3.7e-08
17.530000	0.000000	3.7e-08
17.540000	0.000000	3.6e-08
17.550000	0.000000	3.6e-08
17.560000	0.000000	3.5e-08
17.570000	0.000000	3.5e-08
17.580000	0.000000	3.4e-08
17.590000	0.000000	3.4e-08
17.600000	0.000000	3.3e-08
17.610000	0.000000	3.3e-08
17.620000	0.000000	3.2e-08
17.630000	0.000000	3.2e-08
17.640000	0.000000	3.1e-08
17.650000	0.000000	3.1e-08
17.660000	0.000000	3.0e-08
17.670000	0.000000	3.0e-08
17.680000	0.000000	2.9e-08
17.690000	0.000000	2.9e-08
17.700000	0.000000	2.9e-08
17.710000	0.000000	2.8e-08
17.720000	0.000000	2.8e-08
17.730000	0.000000	2.7e-08
17.740000	0.000000	2.7e-08
17.750000	0.000000	2.7e-08
17.760000	0.000000	2.6e-08
17.770000	0.000000	2.6e-08
17.780000	0.000000	2.6e-08
17.790000	0.000000	2.5e-08
17.800000	0.000000	2.5e-08
17.810000	0.000000	2.5e-08
17.820000	0.000000	2.4e-08
17.830000	0.000000	2.4e-08
17.840000	0.000000	2.3e-08
17.850000	0.000000	2.3e-08
17.860000	0.000000	2.3e-08
17.870000	0.000000	2.2e-08
17.880000	0.000000	2.2e-08
17.890000	0.000000	2.2e-08
17.900000	0.000000	2.1e-08
17.910000	0.000000	2.1e-08
17.920000	0.000000	2.1e-08
17.930000	0.000000	2.1e-08
17.940000	0.000000	2.0e-08
17.950000	0.000000	2.0e-08
17.960000	0.000000	2.0e-08
17.970000	0.000000	1.9e-08
17.980000	0.000000	1.9e-08
17.990000	0.000000	1.9e-08
18.000000	0.000000	1.9e-08
18.010000	0.000000	1.8e-08
18.020000	0.000000	1.8e-08
18.030000	0.000000	1.8e-08
18.040000	0.000000	1.8e-08
18.050000	0.000000	1.7e-08
18.060000	0.000000	1.7e-08
18.070000	0.000000	1.7e-08
18.080000	0.000000	1.7e-08
18.090000	0.000000	1.6e-08
18.100000	0.000000	1.6e-08
18.110000	0.000000	1.6e-08
18.120000	0.000000	1.6e-08
18.130000	0.000000	1.5e-08
18.140000	0.000000	1.5e-08
18.150000	0.000000	1.5e-08
18.160000	0.000000	1.5e-08
18.170000	0.000000	1.5e-08
18.180000	0.000000	1.4e-08
18.190000	0.000000	1.4e-08
18.200000	0.000000	1.4e-08
18.210000	0.000000	1.4e-08
18.220000	0.000000	1.3e-08
18.230000	0.000000	1.3e-08
18.240000	0.000000	1.3e-08
18.250000	0.000000	1.3e-08
18.260000	0.000000	1.3e-08
18.270000	0.000000	1.3e-08
18.280000	0.000000	1.2e-08
18.290000	0.000000	1.2e-08
18.300000	0.000000	1.2e-08
18.310000	0.000000	1.2e-08
18.320000	0.000000	1.2e-08
18.330000	0.000000	1.2e-08
18.340000	0.000000	1.1e-08
18.350000	0.000000	1.1e-08
18.360000	0.000000	1.1e-08
18.370000	0.000000	1.1e-08
18.380000	0.000000	1.1e-08
18.390000	0.000000	1.1e-08
18.400000	0.000000	1.0e-08
18.410000	0.000000	1.0e-08
18.420000	0.000000	1.0e-08
18.430000	0.000000	1.0e-08
18.440000	0.000000	9.8e-09
18.450000	0.000000	9.7e-09
18.460000	0.000000	9.5e-09
18.470000	0.000000	9.4e-09
18.480000	0.000000	9.2e-09
18.490000	0.000000	9.1e-09
18.500000	0.000000	9.0e-09
18.510000	0.000000	8.8e-09
18.520000	0.000000	8.7e-09
18.530000	0.000000	8.6e-09
18.540000	0.000000	8.5e-09
18.550000	0.000000	8.4e-09
18.560000	0.000000	8.2e-09
18.570000	0.000000	8.1e-09
18.580000	0.000000	8.0e-09
18.590000	0.000000	7.9e-09
18.600000	0.000000	7.8e-09
18.610000	0.000000	7.7e-09
18.620000	0.000000	7.6e-09
18.630000	0.000000	7.5e-09
18.640000	0.000000	7.4e-09
18.650000	0.000000	7.3e-09
18.660000	0.000000	7.2e-09
18.670000	0.000000	7.1e-09
18.680000	0.000000	7.0e-09
18.690000	0.000000	6.9e-09
18.700000	0.000000	6.8e-09
18.710000	0.000000	6.7e-09
18.720000	0.000000	6.6e-09
18.730000	0.000000	6.5e-09
18.740000	0.000000	6.4e-09
18.750000	0.000000	6.3e-09
18.760000	0.000000	6.2e-09
18.770000	0.000000	6.1e-09
18.780000	0.000000	6.0e-09
18.790000	0.000000	5.9e-09
18.800000	0.000000	5.8e-09
18.810000	0.000000	5.7e-09
18.820000	0.000000	5.7e-09
18.830000	0.000000	5.6e-09
18.840000	0.000000	5.5e-09
18.850000	0.000000	5.4e-09
18.860000	0.000000	5.3e-09
18.870000	0.000000	5.3e-09
18.880000	0.000000	5.2e-09
18.890000	0.000000	5.1e-09
18.900000	0.000000	5.1e-09
18.910000	0.000000	5.0e-09
18.920000	0.000000	4.9e-09
18.930000	0.000000	4.8e-09
18.940000	0.000000	4.8e-09
18.950000	0.000000	4.7e-09
18.960000	0.000000	4.6e-09
18.970000	0.000000	4.6e-09
18.980000	0.000000	4.5e-09
18.990000	0.000000	4.4e-09
19.000000	0.000000	4.4e-09
19.010000	0.000000	4.3e-09
19.020000	0.000000	4.2e-09
19.030000	0.000000	4.2e-09
19.040000	0.000000	4.1e-09
19.050000	0.000000	4.1e-09
19.060000	0.000000	4.0e-09
19.070000	0.000000	3.9e-09
19.080000	0.000000	3.9e-09
19.090000	0.000000	3.8e-09
19.100000	0.000000	3.8e-09
19.110000	0.000000	3.7e-09
19.120000	0.000000	3.7e-09
19.130000	0.000000	3.6e-09
19.140000	0.000000	3.6e-09
19.150000	0.000000	3.5e-09
19.160000	0.000000	3.5e-09
19.170000	0.000000	3.4e-09
19.180000	0.000000	3.4e-09
19.190000	0.000000	3.3e-09
19.200000	0.000000	3.3e-09
19.210000	0.000000	3.2e-09
19.220000	0.000000	3.2e-09
19.230000	0.000000	3.1e-09
19.240000	0.000000	3.1e-09
19.250000	0.000000	3.0e-09
19.260000	0.000000	3.0e-09
19.270000	0.000000	3.0e-09
19.280000	0.000000	2.9e-09
19.290000	0.000000	2.9e-09
19.300000	0.000000	2.8e-09
19.310000	0.000000	2.8e-09
19.320000	0.000000	2.7e-09
19.330000	0.000000	2.7e-09
19.340000	0.000000	2.7e-09
19.350000	0.000000	2.6e-09
19.360000	0.000000	2.6e-09
19.370000	0.000000	2.6e-09
19.380000	0.000000	2.5e-09
19.390000	0.000000	2.5e-09
19.400000	0.000000	2.4e-09
19.410000	0.000000	2.4e-09
19.420000	0.000000	2.4e-09
19.430000	0.000000	2.3e-09
19.440000	0.000000	2.3e-09
19.450000	0.000000	2.3e-09
19.460000	0.000000	2.2e-09
19.470000	0.000000	2.2e-09
19.480000	0.000000	2.2e-09
19.490000	0.000000	2.2e-09
19.500000	0.000000	2.1e-09
19.510000	0.000000	2.1e-09
19.520000	0.000000	2.1e-09
19.530000	0.000000	2.0e-09
19.540000	0.000000	2.0e-09
19.550000	0.000000	2.0e-09
19.560000	0.000000	1.9e-09
19.570000	0.000000	1.9e-09
19.580000	0.000000	1.9e-09
19.590000	0.000000	1.9e-09
19.600000	0.000000	1.8e-09
19.610000	0.000000	1.8e-09
19.620000	0.000000	1.8e-09
19.630000	0.000000	1.8e-09
19.640000	0.000000	1.7e-09
19.650000	0.000000	1.7e-09
19.660000	0.000000	1.7e-09
19.670000	0.000000	1.7e-09
19.680000	0.000000	1.6e-09
19.690000	0.000000	1.6e-09
19.700000	0.000000	1.6e-09
19.710000	0.000000	1.6e-09
19.720000	0.000000	1.5e-09
19.730000	0.000000	1.5e-09
19.740000	0.000000	1.5e-09
19.750000	0.000000	1.5e-09
19.760000	0.000000	1.5e-09
19.770000	0.000000	1.4e-09
19.780000	0.000000	1.4e-09
19.790000	0.000000	1.4e-09
19.800000	0.000000	1.4e-09
19.810000	0.000000	1.4e-09
19.820000	0.000000	1.3e-09
19.830000	0.000000	1.3e-09
19.840000	0.000000	1.3e-09
19.850000	0.000000	1.3e-09
19.860000	0.000000	1.3e-09
19.870000	0.000000	1.2e-09
19.880000	0.000000	1.2e-09
19.890000	0.000000	1.2e-09
19.900000	0.000000	1.2e-09
19.910000	0.000000	1.2e-09
19.920000	0.000000	1.2e-09
19.930000	0.000000	1.1e-09
19.940000	0.000000	1.1e-09
19.950000	0.000000	1.1e-09
19.960000	0.000000	1.1e-09
19.970000	0.000000	1.1e-09
19.980000	0.000000	1.1e-09
19.990000	0.000000	1.0e-09
20.000000	0.000000	1.0e-09
20.010000	0.000000	1.0e-09
20.020000	0.000000	1.0e-09
20.030000	0.000000	9.9e-10
20.040000	0.000000	9.8e-10
20.050000	0.000000	9.6e-10
20.060000	0.000000	9.5e-10
20.070000	0.000000	9.3e-10
20.080000	0.000000	9.2e-10
20.090000	0.000000	9.1e-10
20.100000	0.000000	8.9e-10
20.110000	0.000000	8.8e-10
20.120000	0.000000	8.7e-10
20.130000	0.000000	8.5e-10
20.140000	0.000000	8.4e-10
20.150000	0.000000	8.3e-10
20.160000	0.000000	8.2e-10
20.170000	0.000000	8.0e-10
20.180000	0.000000	7.9e-10
20.190000	0.000000	7.8e-10
20.200000	0.000000	7.7e-10
20.210000	0.000000	7.6e-10
20.220000	0.000000	7.5e-10
20.230000	0.000000	7.4e-10
20.240000	0.000000	7.3e-10
20.250000	0.000000	7.2e-10
20.260000	0.000000	7.1e-10
20.270000	0.000000	7.0e-10
20.280000	0.000000	6.9e-10
20.290000	0.000000	6.8e-10
20.300000	0.000000	6.7e-10
20.310000	0.000000	6.6e-10
20.320000	0.000000	6.5e-10
20.330000	0.000000	6.4e-10
20.340000	0.000000	6.3e-10
20.350000	0.000000	6.2e-10
20.360000	0.000000	6.1e-10
20.370000	0.000000	6.1e-10
20.380000	0.000000	6.0e-10
20.390000	0.000000	5.9e-10
20.400000	0.000000	5.8e-10
20.410000	0.000000	5.7e-10
20.420000	0.000000	5.6e-10
20.430000	0.000000	5.5e-10
20.440000	0.000000	5.4e-10
20.450000	0.000000	5.4e-10
20.460000	0.000000	5.3e-10
20.470000	0.000000	5.2e-10
20.480000	0.000000	5.1e-10
20.490000	0.000000	5.1e-10
20.500000	0.000000	5.0e-10
20.510000	0.000000	4.9e-10
20.520000	0.000000	4.9e-10
20.530000	0.000000	4.8e-10
20.540000	0.000000	4.7e-10
20.550000	0.000000	4.7e-10
20.560000	0.000000	4.6e-10
20.570000	0.000000	4.5e-10
20.580000	0.000000	4.5e-10
20.590000	0.000000	4.4e-10
20.600000	0.000000	4.3e-10
20.610000	0.000000	4.3e-10
20.620000	0.000000	4.2e-10
20.630000	0.000000	4.2e-10
20.640000	0.000000	4.1e-10
20.650000	0.000000	4.0e-10
20.660000	0.000000	4.0e-10
20.670000	0.000000	3.9e-10
20.680000	0.000000	3.9e-10
20.690000	0.000000	3.8e-10
20.700000	0.000000	3.7e-10
20.710000	0.000000	3.7e-10
20.720000	0.000000	3.6e-10
20.730000	0.000000	3.6e-10
20.740000	0.000000	3.5e-10
20.750000	0.000000	3.5e-10
20.760000	0.000000	3.4e-10
20.770000	0.000000	3.4e-10
20.780000	0.000000	3.3e-10
20.790000	0.000000	3.3e-10
20.800000	0.000000	3.3e-10
20.810000	0.000000	3.2e-10
20.820000	0.000000	3.2e-10
20.830000	0.000000	3.1e-10
20.840000	0.000000	3.1e-10
20.850000	0.000000	3.0e-10
20.860000	0.000000	3.0e-10
20.870000	0.000000	2.9e-10
20.880000	0.000000	2.9e-10
20.890000	0.000000	2.9e-10
20.900000	0.000000	2.8e-10
20.910000	0.000000	2.8e-10
20.920000	0.000000	2.7e-10
20.930000	0.000000	2.7e-10
20.940000	0.000000	2.7e-10
20.950000	0.000000	2.6e-10
20.960000	0.000000	2.6e-10
20.970000	0.000000	2.5e-10
20.980000	0.000000	2.5e-10
20.990000	0.000000	2.5e-10
21.000000	0.000000	2.4e-10
21.010000	0.000000	2.4e-10
21.020000	0.000000	2.4e-10
21.030000	0.000000	2.3e-10
21.040000	0.000000	2.3e-10
21.050000	0.000000	2.3e-10
21.060000	0.000000	2.2e-10
21.070000	0.000000	2.2e-10
21.080000	0.000000	2.2e-10
21.090000	0.000000	2.1e-10
21.100000	0.000000	2.1e-10
21.110000	0.000000	2.1e-10
21.120000	0.000000	2.1e-10
21.130000	0.000000	2.0e-10
21.140000	0.000000	2.0e-10
21.150000	0.000000	2.0e-10
21.160000	0.000000	1.9e-10
21.170000	0.000000	1.9e-10
21.180000	0.000000	1.9e-10
21.190000	0.000000	1.9e-10
21.200000	0.000000	1.8e-10
21.210000	0.000000	1.8e-10
21.220000	0.000000	1.8e-10
21.230000	0.000000	1.8e-10
21.240000	0.000000	1.7e-10
21.250000	0.000000	1.7e-10
21.260000	0.000000	1.7e-10
21.270000	0.000000	1.6e-10
21.280000	0.000000	1.6e-10
21.290000	0.000000	1.6e-10
21.300000	0.000000	1.6e-10
21.310000	0.000000	1.6e-10
21.320000	0.000000	1.5e-10
21.330000	0.000000	1.5e-10
21.340000	0.000000	1.5e-10
21.350000	0.000000	1.5e-10
21.360000	0.000000	1.5e-10
21.370000	0.000000	1.4e-10
21.380000	0.000000	1.4e-10
21.390000	0.000000	1.4e-10
21.400000	0.000000	1.4e-10
21.410000	0.000000	1.4e-10
21.420000	0.000000	1.3e-10
21.430000	0.000000	1.3e-10
21.440000	0.000000	1.3e-10
21.450000	0.000000	1.3e-10
21.460000	0.000000	1.3e-10
21.470000	0.000000	1.2e-10
21.480000	0.000000	1.2e-10
21.490000	0.000000	1.2e-10
21.500000	0.000000	1.2e-10
21.510000	0.000000	1.2e-10
21.520000	0.000000	1.2e-10
21.530000	0.000000	1.1e-10
21.540000	0.000000	1.1e-10
21.550000	0.000000	1.1e-10
21.560000	0.000000	1.1e-10
21.570000	0.000000	1.1e-10
21.580000	0.000000	1.1e-10
21.590000	0.000000	1.0e-10
21.600000	0.000000	1.0e-10
21.610000	0.000000	1.0e-10
21.620000	0.000000	1.0e-10
21.630000	0.000000	9.9e-11
21.640000	0.000000	9.7e-11
21.650000	0.000000	9.6e-11
21.660000	0.000000	9.4e-11
21.670000	0.000000	9.3e-11
21.680000	0.000000	9.2e-11
21.690000	0.000000	9.1e-11
21.700000	0.000000	8.9e-11
21.710000	0.000000	8.8e-11
21.720000	0.000000	8.7e-11
21.730000	0.000000	8.6e-11
21.740000	0.000000	8.4e-11
21.750000	0.000000	8.3e-11
21.760000	0.000000	8.2e-11
21.770000	0.000000	8.1e-11
21.780000	0.000000	7.9e-11
21.790000	0.000000	7.8e-11
21.800000	0.000000	7.7e-11
21.810000	0.000000	7.6e-11
21.820000	0.000000	7.5e-11
21.830000	0.000000	7.4e-11
21.840000	0.000000	7.3e-11
21.850000	0.000000	7.2e-11
21.860000	0.000000	7.1e-11
21.870000	0.000000	7.0e-11
21.880000	0.000000	6.9e-11
21.890000	0.000000	6.8e-11
21.900000	0.000000	6.7e-11
21.910000	0.000000	6.6e-11
21.920000	0.000000	6.5e-11
21.930000	0.000000	6.4e-11
21.940000	0.000000	6.3e-11
21.950000	0.000000	6.2e-11
21.960000	0.000000	6.1e-11
21.970000	0.000000	6.1e-11
21.980000	0.000000	6.0e-11
21.990000	0.000000	5.9e-11
22.000000	0.000000	5.8e-11
22.010000	0.000000	5.7e-11
22.020000	0.000000	5.6e-11
22.030000	0.000000	5.6e-11
22.040000	0.000000	5.5e-11
22.050000	0.000000	5.4e-11
22.060000	0.000000	5.3e-11
22.070000	0.000000	5.2e-11
22.080000	0.000000	5.2e-11
22.090000	0.000000	5.1e-11
22.100000	0.000000	5.0e-11
22.110000	0.000000	4.9e-11
22.120000	0.000000	4.9e-11
22.130000	0.000000	4.8e-11
22.140000	0.000000	4.7e-11
22.150000	0.000000	4.7e-11
22.160000	0.000000	4.6e-11
22.170000	0.000000	4.5e-11
22.180000	0.000000	4.5e-11
22.190000	0.000000	4.4e-11
22.200000	0.000000	4.3e-11
22.210000	0.000000	4.3e-11
22.220000	0.000000	4.2e-11
22.230000	0.000000	4.2e-11
22.240000	0.000000	4.1e-11
22.250000	0.000000	4.1e-11
22.260000	0.000000	4.0e-11
22.270000	0.000000	3.9e-11
22.280000	0.000000	3.9e-11
22.290000	0.000000	3.8e-11
22.300000	0.000000	3.8e-11
22.310000	0.000000	3.7e-11
22.320000	0.000000	3.7e-11
22.330000	0.000000	3.6e-11
22.340000	0.000000	3.6e-11
22.350000	0.000000	3.5e-11
22.360000	0.000000	3.4e-11
22.370000	0.000000	3.4e-11
22.380000	0.000000	3.3e-11
22.390000	0.000000	3.3e-11
22.400000	0.000000	3.2e-11
22.410000	0.000000	3.2e-11
22.420000	0.000000	3.2e-11
22.430000	0.000000	3.1e-11
22.440000	0.000000	3.1e-11
22.450000	0.000000	3.0e-11
22.460000	0.000000	3.0e-11
22.470000	0.000000	3.0e-11
22.480000	0.000000	2.9e-11
22.490000	0.000000	2.9e-11
22.500000	0.000000	2.8e-11
22.510000	0.000000	2.8e-11
22.520000	0.000000	2.7e-11
22.530000	0.000000	2.7e-11
22.540000	0.000000	2.7e-11
22.550000	0.000000	2.6e-11
22.560000	0.000000	2.6e-11
22.570000	0.000000	2.6e-11
22.580000	0.000000	2.5e-11
22.590000	0.000000	2.5e-11
22.600000	0.000000	2.4e-11
22.610000	0.000000	2.4e-11
22.620000	0.000000	2.4e-11
22.630000	0.000000	2.3e-11
22.640000	0.000000	2.3e-11
22.650000	0.000000	2.3e-11
22.660000	0.000000	2.2e-11
22.670000	0.000000	2.2e-11
22.680000	0.000000	2.2e-11
22.690000	0.000000	2.1e-11
22.700000	0.000000	2.1e-11
22.710000	0.000000	2.1e-11
22.720000	0.000000	2.1e-11
22.730000	0.000000	2.0e-11
22.740000	0.000000	2.0e-11
22.750000	0.000000	2.0e-11
22.760000	0.000000	2.0e-11
22.770000	0.000000	1.9e-11
22.780000	0.000000	1.9e-11
22.790000	0.000000	1.9e-11
22.800000	0.000000	1.8e-11
22.810000	0.000000	1.8e-11
22.820000	0.000000	1.8e-11
22.830000	0.000000	1.8e-11
22.840000	0.000000	1.7e-11
22.850000	0.000000	1.7e-11
22.860000	0.000000	1.7e-11
22.870000	0.000000	1.7e-11
22.880000	0.000000	1.6e-11
22.890000	0.000000	1.6e-11
22.900000	0.000000	1.6e-11
22.910000	0.000000	1.6e-11
22.920000	0.000000	1.5e-11
22.930000	0.000000	1.4e-11
22.940000	0.000000	1.4e-11
22.950000	0.000000	1.4e-11
22.960000	0.000000	1.4e-11
22.970000	0.000000	1.3e-11
22.980000	0.000000	1.3e-11
22.990000	0.000000	1.3e-11
23.000000	0.000000	1.3e-11
23.010000	0.000000	1.3e-11
23.020000	0.000000	1.3e-11
23.030000	0.000000	1.2e-11
23.040000	0.000000	1.2e-11
23.050000	0.000000	1.2e-11
23.060000	0.000000	1.2e-11
23.070000	0.000000	1.2e-11
23.080000	0.000000	1.2e-11
23.090000	0.000000	1.1e-11
23.100000	0.000000	1.1e-11
23.110000	0.000000	1.1e-11
23.120000	0.000000	1.1e-11
23.130000	0.000000	1.1e-11
23.140000	0.000000	1.1e-11
23.150000	0.000000	1.0e-11
23.160000	0.000000	1.0e-11
23.170000	0.000000	1.0e-11
23.180000	0.000000	1.0e-11
23.190000	0.000000	9.8e-12
23.200000	0.000000	9.6e-12
23.210000	0.000000	9.5e-12
23.220000	0.000000	9.4e-12
23.230000	0.000000	9.2e-12
23.240000	0.000000	9.1e-12
23.250000	0.000000	9.0e-12
23.260000	0.000000	8.9e-12
23.270000	0.000000	8.8e-12
23.280000	0.000000	8.7e-12
23.290000	0.000000	8.5e-12
23.300000	0.000000	8.4e-12
23.310000	0.000000	8.3e-12
23.320000	0.000000	8.2e-12
23.330000	0.000000	8.1e-12
23.340000	0.000000	8.0e-12
23.350000	0.000000	7.9e-12
23.360000	0.000000	7.8e-12
23.370000	0.000000	7.7e-12
23.380000	0.000000	7.5e-12
23.390000	0.000000	7.4e-12
23.400000	0.000000	7.3e-12
23.410000	0.000000	7.2e-12
23.420000	0.000000	7.1e-12
23.430000	0.000000	7.0e-12
23.440000	0.000000	6.9e-12
23.450000	0.000000	6.8e-12
23.460000	0.000000	6.7e-12
23.470000	0.000000	6.5e-12
23.480000	0.000000	6.4e-12
23.490000	0.000000	6.3e-12
23.500000	0.000000	6.3e-12
23.510000	0.000000	6.2e-12
23.520000	0.000000	6.1e-12
23.530000	0.000000	6.0e-12
23.540000	0.000000	5.9e-12
23.550000	0.000000	5.9e-12
23.560000	0.000000	5.8e-12
23.570000	0.000000	5.7e-12
23.580000	0.000000	5.6e-12
23.590000	0.000000	5.6e-12
23.600000	0.000000	5.5e-12
23.610000	0.000000	5.4e-12
23.620000	0.000000	5.3e-12
23.630000	0.000000	5.3e-12
23.640000	0.000000	5.2e-12
23.650000	0.000000	5.1e-12
23.660000	0.000000	5.1e-12
23.670000	0.000000	5.0e-12
23.680000	0.000000	4.9e-12
23.690000	0.000000	4.8e-12
23.700000	0.000000	4.8e-12
23.710000	0.000000	4.7e-12
23.720000	0.000000	4.6e-12
23.730000	0.000000	4.5e-12
23.740000	0.000000	4.5e-12
23.750000	0.000000	4.4e-12
23.760000	0.000000	4.3e-12
23.770000	0.000000	4.2e-12
23.780000	0.000000	4.2e-12
23.790000	0.000000	4.1e-12
23.800000	0.000000	4.1e-12
23.810000	0.000000	4.0e-12
23.820000	0.000000	4.0e-12
23.830000	0.000000	3.9e-12
23.840000	0.000000	3.9e-12
23.850000	0.000000	3.8e-12
23.860000	0.000000	3.8e-12
23.870000	0.000000	3.7e-12
23.880000	0.000000	3.7e-12
23.890000	0.000000	3.6e-12
23.900000	0.000000	3.6e-12
23.910000	0.000000	3.5e-12
23.920000	0.000000	3.5e-12
23.930000	0.000000	3.4e-12
23.940000	0.000000	3.4e-12
23.950000	0.000000	3.3e-12
23.960000	0.000000	3.3e-12
23.970000	0.000000	3.2e-12
23.980000	0.000000	3.2e-12
23.990000	0.000000	3.1e-12
24.000000	0.000000	3.1e-12
24.010000	0.000000	3.0e-12
24.020000	0.000000	3.0e-12
24.030000	0.000000	2.9e-12
24.040000	0.000000	2.9e-12
24.050000	0.000000	2.8e-12
24.060000	0.000000	2.8e-12
24.070000	0.000000	2.8e-12
24.080000	0.000000	2.7e-12
24.090000	0.000000	2.7e-12
24.100000	0.000000	2.7e-12
24.110000	0.000000	2.6e-12
24.120000	0.000000	2.6e-12
24.130000	0.000000	2.6e-12
24.140000	0.000000	2.5e-12
24.150000	0.000000	2.5e-12
24.160000	0.000000	2.5e-12
24.170000	0.000000	2.4e-12
24.180000	0.000000	2.4e-12
24.190000	0.000000	2.4e-12
24.200000	0.000000	2.3e-12
24.210000	0.000000	2.3e-12
24.220000	0.000000	2.3e-12
24.230000	0.000000	2.2e-12
24.240000	0.000000	2.2e-12
24.250000	0.000000	2.2e-12
24.260000	0.000000	2.1e-12
24.270000	0.000000	2.1e-12
24.280000	0.000000	2.1e-12
24.290000	0.000000	2.0e-12
24.300000	0.000000	2.0e-12
24.310000	0.000000	2.0e-12
24.320000	0.000000	1.9e-12
24.330000	0.000000	1.9e-12
24.340000	0.000000	1.9e-12
24.350000	0.000000	1.9e-12
24.360000	0.000000	1.8e-12
24.370000	0.000000	1.8e-12
24.380000	0.000000	1.8e-12
24.390000	0.000000	1.8e-12
24.400000	0.000000	1.7e-12
24.410000	0.000000	1.7e-12
24.420000	0.000000	1.7e-12
24.430000	0.000000	1.7e-12
24.440000	0.000000	1.7e-12
24.450000	0.000000	1.6e-12
24.460000	0.000000	1.6e-12
24.470000	0.000000	1.6e-12
24.480000	0.000000	1.6e-12
24.490000	0.000000	1.5e-12
24.500000	0.000000	1.5e-12
24.510000	0.000000	1.5e-12
24.520000	0.000000	1.5e-12
24.530000	0.000000	1.5e-12
24.540000	0.000000	1.4e-12
24.550000	0.000000	1.4e-12
24.560000	0.000000	1.4e-12
24.570000	0.000000	1.4e-12
24.580000	0.000000	1.3e-12
24.590000	0.000000	1.3e-12
24.600000	0.000000	1.3e-12
24.610000	0.000000	1.3e-12
24.620000	0.000000	1.3e-12
24.630000	0.000000	1.2e-12
24.640000	0.000000	1.2e-12
24.650000	0.000000	1.2e-12
24.660000	0.000000	1.2e-12
24.670000	0.000000	1.2e-12
24.680000	0.000000	1.2e-12
24.690000	0.000000	1.2e-12
24.700000	0.000000	1.1e-12
24.710000	0.000000	1.1e-12
24.720000	0.000000	1.1e-12
24.730000	0.000000	1.1e-12
24.740000	0.000000	1.1e-12
24.750000	0.000000	1.1e-12
24.760000	0.000000	1.0e-12
24.770000	0.000000	1.0e-12
24.780000	0.000000	1.0e-12
24.790000	0.000000	1.0e-12
24.800000	0.000000	9.9e-13
24.810000	0.000000	9.7e-13
24.820000	0.000000	9.6e-13
24.830000	0.000000	9.4e-13
24.840000	0.000000	9.3e-13
24.850000	0.000000	9.1e-13
24.860000	0.000000	9.0e-13
24.870000	0.000000	8.8e-13
24.880000	0.000000	8.7e-13
24.890000	0.000000	8.6e-13
24.900000	0.000000	8.4e-13
24.910000	0.000000	8.3e-13
24.920000	0.000000	8.2e-13
24.930000	0.000000	8.1e-13
24.940000	0.000000	8.0e-13
24.950000	0.000000	7.9e-13
24.960000	0.000000	7.8e-13
24.970000	0.000000	7.7e-13
24.980000	0.000000	7.6e-13
24.990000	0.000000	7.5e-13
25.000000	0.000000	7.4e-13
25.010000	0.000000	7.3e-13
25.020000	0.000000	7.2e-13
25.030000	0.000000	7.1e-13
25.040000	0.000000	7.0e-13
25.050000	0.000000	6.9e-13
25.060000	0.000000	6.8e-13
25.070000	0.000000	6.7e-13
25.080000	0.000000	6.6e-13
25.090000	0.000000	6.5e-13
25.100000	0.000000	6.4e-13
25.110000	0.000000	6.3e-13
25.120000	0.000000	6.2e-13
25.130000	0.000000	6.1e-13
25.140000	0.000000	6.0e-13
25.150000	0.000000	5.9e-13
25.160000	0.000000	5.8e-13
25.170000	0.000000	5.7e-13
25.180000	0.000000	5.6e-13
25.190000	0.000000	5.6e-13
25.200000	0.000000	5.5e-13
25.210000	0.000000	5.4e-13
25.220000	0.000000	5.4e-13
25.230000	0.000000	5.3e-13
25.240000	0.000000	5.2e-13
25.250000	0.000000	5.2e-13
25.260000	0.000000	5.1e-13
25.270000	0.000000	5.0e-13
25.280000	0.000000	5.0e-13
25.290000	0.000000	4.9e-13
25.300000	0.000000	4.8e-13
25.310000	0.000000	4.8e-13
25.320000	0.000000	4.7e-13
25.330000	0.000000	4.6e-13
25.340000	0.000000	4.6e-13
25.350000	0.000000	4.5e-13
25.360000	0.000000	4.4e-13
25.370000	0.000000	4.4e-13
25.380000	0.000000	4.3e-13
25.390000	0.000000	4.2e-13
25.400000	0.000000	4.2e-13
25.410000	0.000000	4.1e-13
25.420000	0.000000	4.0e-13
25.430000	0.000000	4.0e-13
25.440000	0.000000	3.9e-13
25.450000	0.000000	3.8e-13
25.460000	0.000000	3.8e-13
25.470000	0.000000	3.7e-13
25.480000	0.000000	3.7e-13
25.490000	0.000000	3.6e-13
25.500000	0.000000	3.6e-13
25.510000	0.000000	3.6e-13
25.520000	0.000000	3.5e-13
25.530000	0.000000	3.5e-13
25.540000	0.000000	3.4e-13
25.550000	0.000000	3.4e-13
25.560000	0.000000	3.3e-13
25.570000	0.000000	3.3e-13
25.580000	0.000000	3.2e-13
25.590000	0.000000	3.2e-13
25.600000	0.000000	3.2e-13
25.610000	0.000000	3.1e-13
25.620000	0.000000	3.1e-13
25.630000	0.000000	3.0e-13
25.640000	0.000000	3.0e-13
25.650000	0.000000	2.9e-13
25.660000	0.000000	2.9e-13
25.670000	0.000000	2.8e-13
25.680000	0.000000	2.8e-13
25.690000	0.000000	2.7e-13
25.700000	0.000000	2.7e-13
25.710000	0.000000	2.7e-13
25.720000	0.000000	2.6e-13
25.730000	0.000000	2.6e-13
25.740000	0.000000	2.5e-13
25.750000	0.000000	2.5e-13
25.760000	0.000000	2.5e-13
25.770000	0.000000	2.4e-13
25.780000	0.000000	2.4e-13
25.790000	0.000000	2.4e-13
25.800000	0.000000	2.4e-13
25.810000	0.000000	2.3e-13
25.820000	0.000000	2.3e-13
25.830000	0.000000	2.3e-13
25.840000	0.000000	2.2e-13
25.850000	0.000000	2.2e-13
25.860000	0.000000	2.2e-13
25.870000	0.000000	2.1e-13
25.880000	0.000000	2.1e-13
25.890000	0.000000	2.1e-13
25.900000	0.000000	2.1e-13
25.910000	0.000000	2.0e-13
25.920000	0.000000	2.0e-13
25.930000	0.000000	2.0e-13
25.940000	0.000000	1.9e-13
25.950000	0.000000	1.9e-13
25.960000	0.000000	1.9e-13
25.970000	0.000000	1.8e-13
25.980000	0.000000	1.8e-13
25.990000	0.000000	1.8e-13
26.000000	0.000000	1.8e-13
26.010000	0.000000	1.7e-13
26.020000	0.000000	1.7e-13
26.030000	0.000000	1.7e-13
26.040000	0.000000	1.7e-13
26.050000	0.000000	1.6e-13
26.060000	0.000000	1.6e-13
26.070000	0.000000	1.6e-13
26.080000	0.000000	1.6e-13
26.090000	0.000000	1.6e-13
26.100000	0.000000	1.5e-13
26.110000	0.000000	1.5e-13
26.120000	0.000000	1.5e-13
26.130000	0.000000	1.5e-13
26.140000	0.000000	1.5e-13
26.150000	0.000000	1.4e-13
26.160000	0.000000	1.4e-13
26.170000	0.000000	1.4e-13
26.180000	0.000000	1.4e-13
26.190000	0.000000	1.4e-13
26.200000	0.000000	1.3e-13
26.210000	0.000000	1.3e-13
26.220000	0.000000	1.3e-13
26.230000	0.000000	1.3e-13
26.240000	0.000000	1.3e-13
26.250000	0.000000	1.2e-13
26.260000	0.000000	1.2e-13
26.270000	0.000000	1.2e-13
26.280000	0.000000	1.2e-13
26.290000	0.000000	1.2e-13
26.300000	0.000000	1.1e-13
26.310000	0.000000	1.1e-13
26.320000	0.000000	1.1e-13
26.330000	0.000000	1.1e-13
26.340000	0.000000	1.1e-13
26.350000	0.000000	1.1e-13
26.360000	0.000000	1.1e-13
26.370000	0.000000	1.0e-13
26.380000	0.000000	1.0e-13
26.390000	0.000000	1.0e-13
26.400000	0.000000	1.0e-13
26.410000	0.000000	9.9e-14
26.420000	0.000000	9.8e-14
26.430000	0.000000	9.6e-14
26.440000	0.000000	9.5e-14
26.450000	0.000000	9.4e-14
26.460000	0.000000	9.2e-14
26.470000	0.000000	9.1e-14
26.480000	0.000000	9.0e-14
26.490000	0.000000	8.8e-14
26.500000	0.000000	8.7e-14
26.510000	0.000000	8.6e-14
26.520000	0.000000	8.4e-14
26.530000	0.000000	8.3e-14
26.540000	0.000000	8.1e-14
26.550000	0.000000	8.0e-14
26.560000	0.000000	7.9e-14
26.570000	0.000000	7.8e-14
26.580000	0.000000	7.6e-14
26.590000	0.000000	7.5e-14
26.600000	0.000000	7.5e-14
26.610000	0.000000	7.4e-14
26.620000	0.000000	7.3e-14
26.630000	0.000000	7.2e-14
26.640000	0.000000	7.1e-14
26.650000	0.000000	7.0e-14
26.660000	0.000000	6.9e-14
26.670000	0.000000	6.8e-14
26.680000	0.000000	6.7e-14
26.690000	0.000000	6.6e-14
26.700000	0.000000	6.5e-14
26.710000	0.000000	6.5e-14
26.720000	0.000000	6.4e-14
26.730000	0.000000	6.3e-14
26.740000	0.000000	6.2e-14
26.750000	0.000000	6.1e-14
26.760000	0.000000	6.0e-14
26.770000	0.000000	5.9e-14
26.780000	0.000000	5.8e-14
26.790000	0.000000	5.7e-14
26.800000	0.000000	5.6e-14
26.810000	0.000000	5.6e-14
26.820000	0.000000	5.5e-14
26.830000	0.000000	5.4e-14
26.840000	0.000000	5.3e-14
26.850000	0.000000	5.2e-14
26.860000	0.000000	5.1e-14
26.870000	0.000000	5.1e-14
26.880000	0.000000	5.0e-14
26.890000	0.000000	4.9e-14
26.900000	0.000000	4.9e-14
26.910000	0.000000	4.8e-14
26.920000	0.000000	4.8e-14
26.930000	0.000000	4.7e-14
26.940000	0.000000	4.6e-14
26.950000	0.000000	4.6e-14
26.960000	0.000000	4.5e-14
26.970000	0.000000	4.5e-14
26.980000	0.000000	4.4e-14
26.990000	0.000000	4.3e-14
27.000000	0.000000	4.3e-14
27.010000	0.000000	4.2e-14
27.020000	0.000000	4.2e-14
27.030000	0.000000	4.1e-14
27.040000	0.000000	4.0e-14
27.050000	0.000000	4.0e-14
27.060000	0.000000	3.9e-14
27.070000	0.000000	3.9e-14
27.080000	0.000000	3.8e-14
27.090000	0.000000	3.7e-14
27.100000	0.000000	3.7e-14
27.110000	0.000000	3.6e-14
27.120000	0.000000	3.5e-14
27.130000	0.000000	3.5e-14
27.140000	0.000000	3.4e-14
27.150000	0.000000	3.4e-14
27.160000	0.000000	3.4e-14
27.170000	0.000000	3.3e-14
27.180000	0.000000	3.3e-14
27.190000	0.000000	3.2e-14
27.200000	0.000000	3.2e-14
27.210000	0.000000	3.1e-14
27.220000	0.000000	3.1e-14
27.230000	0.000000	3.1e-14
27.240000	0.000000	3.0e-14
27.250000	0.000000	3.0e-14
27.260000	0.000000	2.9e-14
27.270000	0.000000	2.9e-14
27.280000	0.000000	2.9e-14
27.290000	0.000000	2.8e-14
27.300000	0.000000	2.8e-14
27.310000	0.000000	2.7e-14
27.320000	0.000000	2.7e-14
27.330000	0.000000	2.7e-14
27.340000	0.000000	2.6e-14
27.350000	0.000000	2.6e-14
27.360000	0.000000	2.5e-14
27.370000	0.000000	2.5e-14
27.380000	0.000000	2.5e-14
27.390000	0.000000	2.4e-14
27.400000	0.000000	2.4e-14
27.410000	0.000000	2.3e-14
27.420000	0.000000	2.3e-14
27.430000	0.000000	2.3e-14
27.440000	0.000000	2.2e-14
27.450000	0.000000	2.2e-14
27.460000	0.000000	2.2e-14
27.470000	0.000000	2.2e-14
27.480000	0.000000	2.1e-14
27.490000	0.000000	2.1e-14
27.500000	0.000000	2.1e-14
27.510000	0.000000	2.1e-14
27.520000	0.000000	2.0e-14
27.530000	0.000000	2.0e-14
27.540000	0.000000	2.0e-14
27.550000	0.000000	2.0e-14
27.560000	0.000000	1.9e-14
27.570000	0.000000	1.9e-14
27.580000	0.000000	1.9e-14
27.590000	0.000000	1.8e-14
27.600000	0.000000	1.8e-14
27.610000	0.000000	1.8e-14
27.620000	0.000000	1.8e-14
27.630000	0.000000	1.7e-14
27.640000	0.000000	1.7e-14
27.650000	0.000000	1.7e-14
27.660000	0.000000	1.7e-14
27.670000	0.000000	1.6e-14
27.680000	0.000000	1.6e-14
27.690000	0.000000	1.6e-14
27.700000	0.000000	1.5e-14
27.710000	0.000000	1.5e-14
27.720000	0.000000	1.5e-14
27.730000	0.000000	1.5e-14
27.740000	0.000000	1.5e-14
27.750000	0.000000	1.5e-14
27.760000	0.000000	1.4e-14
27.770000	0.000000	1.4e-14
27.780000	0.000000	1.4e-14
27.790000	0.000000	1.4e-14
27.800000	0.000000	1.4e-14
27.810000	0.000000	1.3e-14
27.820000	0.000000	1.3e-14
27.830000	0.000000	1.3e-14
27.840000	0.000000	1.3e-14
27.850000	0.000000	1.3e-14
27.860000	0.000000	1.3e-14
27.870000	0.000000	1.2e-14
27.880000	0.000000	1.2e-14
27.890000	0.000000	1.2e-14
27.900000	0.000000	1.2e-14
27.910000	0.000000	1.2e-14
27.920000	0.000000	1.1e-14
27.930000	0.000000	1.1e-14
27.940000	0.000000	1.1e-14
27.950000	0.000000	1.1e-14
27.960000	0.000000	1.1e-14
27.970000	0.000000	1.1e-14
27.980000	0.000000	1.0e-14
27.990000	0.000000	1.0e-14
28.000000	0.000000	1.0e-14
28.010000	0.000000	1.0e-14
28.020000	0.000000	9.9e-15
28.030000	0.000000	9.8e-15
28.040000	0.000000	9.6e-15
28.050000	0.000000	9.5e-15
28.060000	0.000000	9.4e-15
28.070000	0.000000	9.3e-15
28.080000	0.000000	9.1e-15
28.090000	0.000000	9.0e-15
28.100000	0.000000	8.9e-15
28.110000	0.000000	8.8e-15
28.120000	0.000000	8.7e-15
28.130000	0.000000	8.5e-15
28.140000	0.000000	8.4e-15
28.150000	0.000000	8.3e-15
28.160000	0.000000	8.2e-15
28.170000	0.000000	8.1e-15
28.180000	0.000000	7.9e-15
28.190000	0.000000	7.8e-15
28.200000	0.000000	7.7e-15
28.210000	0.000000	7.6e-15
28.220000	0.000000	7.4e-15
28.230000	0.000000	7.3e-15
28.240000	0.000000	7.2e-15
28.250000	0.000000	7.1e-15
28.260000	0.000000	7.0e-15
28.270000	0.000000	6.9e-15
28.280000	0.000000	6.8e-15
28.290000	0.000000	6.7e-15
28.300000	0.000000	6.6e-15
28.310000	0.000000	6.5e-15
28.320000	0.000000	6.5e-15
28.330000	0.000000	6.4e-15
28.340000	0.000000	6.3e-15
28.350000	0.000000	6.2e-15
28.360000	0.000000	6.1e-15
28.370000	0.000000	6.1e-15
28.380000	0.000000	6.0e-15
28.390000	0.000000	5.9e-15
28.400000	0.000000	5.8e-15
28.410000	0.000000	5.7e-15
28.420000	0.000000	5.7e-15
28.430000	0.000000	5.6e-15
28.440000	0.000000	5.5e-15
28.450000	0.000000	5.4e-15
28.460000	0.000000	5.3e-15
28.470000	0.000000	5.2e-15
28.480000	0.000000	5.2e-15
28.490000	0.000000	5.1e-15
28.500000	0.000000	5.0e-15
28.510000	0.000000	4.9e-15
28.520000	0.000000	4.8e-15
28.530000	0.000000	4.8e-15
28.540000	0.000000	4.7e-15
28.550000	0.000000	4.6e-15
28.560000	0.000000	4.6e-15
28.570000	0.000000	4.5e-15
28.580000	0.000000	4.4e-15
28.590000	0.000000	4.4e-15
28.600000	0.000000	4.3e-15
28.610000	0.000000	4.3e-15
28.620000	0.000000	4.2e-15
28.630000	0.000000	4.2e-15
28.640000	0.000000	4.1e-15
28.650000	0.000000	4.1e-15
28.660000	0.000000	4.0e-15
28.670000	0.000000	4.0e-15
28.680000	0.000000	3.9e-15
28.690000	0.000000	3.8e-15
28.700000	0.000000	3.8e-15
28.710000	0.000000	3.7e-15
28.720000	0.000000	3.7e-15
28.730000	0.000000	3.6e-15
28.740000	0.000000	3.6e-15
28.750000	0.000000	3.5e-15
28.760000	0.000000	3.5e-15
28.770000	0.000000	3.4e-15
28.780000	0.000000	3.4e-15
28.790000	0.000000	3.3e-15
28.800000	0.000000	3.2e-15
28.810000	0.000000	3.2e-15
28.820000	0.000000	3.1e-15
28.830000	0.000000	3.1e-15
28.840000	0.000000	3.1e-15
28.850000	0.000000	3.0e-15
28.860000	0.000000	3.0e-15
28.870000	0.000000	2.9e-15
28.880000	0.000000	2.9e-15
28.890000	0.000000	2.9e-15
28.900000	0.000000	2.8e-15
28.910000	0.000000	2.8e-15
28.920000	0.000000	2.8e-15
28.930000	0.000000	2.7e-15
28.940000	0.000000	2.7e-15
28.950000	0.000000	2.7e-15
28.960000	0.000000	2.6e-15
28.970000	0.000000	2.6e-15
28.980000	0.000000	2.5e-15
28.990000	0.000000	2.5e-15
29.000000	0.000000	2.5e-15
29.010000	0.000000	2.4e-15
29.020000	0.000000	2.4e-15
29.030000	0.000000	2.4e-15
29.040000	0.000000	2.3e-15
29.050000	0.000000	2.3e-15
29.060000	0.000000	2.3e-15
29.070000	0.000000	2.2e-15
29.080000	0.000000	2.2e-15
29.090000	0.000000	2.1e-15
29.100000	0.000000	2.1e-15
29.110000	0.000000	2.1e-15
29.120000	0.000000	2.1e-15
29.130000	0.000000	2.0e-15
29.140000	0.000000	2.0e-15
29.150000	0.000000	2.0e-15
29.160000	0.000000	2.0e-15
29.170000	0.000000	1.9e-15
29.180000	0.000000	1.9e-15
29.190000	0.000000	1.9e-15
29.200000	0.000000	1.9e-15
29.210000	0.000000	1.8e-15
29.220000	0.000000	1.8e-15
29.230000	0.000000	1.8e-15
29.240000	0.000000	1.8e-15
29.250000	0.000000	1.7e-15
29.260000	0.000000	1.7e-15
29.270000	0.000000	1.7e-15
29.280000	0.000000	1.7e-15
29.290000	0.000000	1.6e-15
29.300000	0.000000	1.6e-15
29.310000	0.000000	1.6e-15
29.320000	0.000000	1.6e-15
29.330000	0.000000	1.5e-15
29.340000	0.000000	1.5e-15
29.350000	0.000000	1.5e-15
29.360000	0.000000	1.5e-15
29.370000	0.000000	1.4e-15
29.380000	0.000000	1.4e-15
29.390000	0.000000	1.4e-15
29.400000	0.000000	1.4e-15
29.410000	0.000000	1.4e-15
29.420000	0.000000	1.3e-15
29.430000	0.000000	1.3e-15
29.440000	0.000000	1.3e-15
29.450000	0.000000	1.3e-15
29.460000	0.000000	1.3e-15
29.470000	0.000000	1.3e-15
29.480000	0.000000	1.2e-15
29.490000	0.000000	1.2e-15
29.500000	0.000000	1.2e-15
29.510000	0.000000	1.2e-15
29.520000	0.000000	1.2e-15
29.530000	0.000000	1.2e-15
29.540000	0.000000	1.1e-15
29.550000	0.000000	1.1e-15
29.560000	0.000000	1.1e-15
29.570000	0.000000	1.1e-15
29.580000	0.000000	1.1e-15
29.590000	0.000000	1.1e-15
29.600000	0.000000	1.1e-15
29.610000	0.000000	1.0e-15
29.620000	0.000000	1.0e-15
29.630000	0.000000	1.0e-15
29.640000	0.000000	9.8e-16
29.650000	0.000000	9.7e-16
29.660000	0.000000	9.5e-16
29.670000	0.000000	9.4e-16
29.680000	0.000000	9.3e-16
29.690000	0.000000	9.1e-16
29.700000	0.000000	9.0e-16
29.710000	0.000000	8.9e-16
29.720000	0.000000	8.8e-16
29.730000	0.000000	8.7e-16
29.740000	0.000000	8.6e-16
29.750000	0.000000	8.5e-16
29.760000	0.000000	8.4e-16
29.770000	0.000000	8.3e-16
29.780000	0.000000	8.2e-16
29.790000	0.000000	8.0e-16
29.800000	0.000000	7.9e-16
29.810000	0.000000	7.8e-16
29.820000	0.000000	7.7e-16
29.830000	0.000000	7.6e-16
29.840000	0.000000	7.5e-16
29.850000	0.000000	7.4e-16
29.860000	0.000000	7.3e-16
29.870000	0.000000	7.2e-16
29.880000	0.000000	7.1e-16
29.890000	0.000000	6.9e-16
29.900000	0.000000	6.8e-16
29.910000	0.000000	6.7e-16
29.920000	0.000000	6.6e-16
29.930000	0.000000	6.5e-16
29.940000	0.000000	6.4e-16
29.950000	0.000000	6.3e-16
29.960000	0.000000	6.2e-16
29.970000	0.000000	6.1e-16
29.980000	0.000000	6.1e-16
29.990000	0.000000	6.0e-16
30.000000	0.000000	5.9e-16
30.010000	0.000000	5.8e-16
30.020000	0.000000	5.8e-16
30.030000	0.000000	5.7e-16
30.040000	0.000000	5.6e-16
30.050000	0.000000	5.5e-16
30.060000	0.000000	5.5e-16
30.070000	0.000000	5.4e-16
30.080000	0.000000	5.3e-16
30.090000	0.000000	5.3e-16
