0.100000	0.000000	924065.389251
0.110000	0.000000	1241295.306861
0.120000	0.000000	549224.890803
0.130000	0.000000	828330.737815
0.140000	0.000000	335297.752445
0.150000	0.000000	129824.624002
0.160000	0.000000	111187.898670
0.170000	0.000000	99662.612961
0.180000	0.000000	117137.638665
0.190000	0.000000	116753.512977
0.200000	0.000000	96681.792123
0.210000	0.000000	101331.565849
0.220000	0.000000	88614.391617
0.230000	0.000000	102913.357123
0.240000	0.000000	116772.787701
0.250000	0.000000	84681.150274
0.260000	0.000000	123368.691618
0.270000	0.000000	57276.338863
0.280000	0.000000	90726.608979
0.290000	0.000000	59719.635601
0.300000	0.000000	62808.201230
0.310000	0.000000	47488.950574
0.320000	0.000000	43714.915649
0.330000	0.000000	50152.041447
0.340000	0.000000	44775.706802
0.350000	0.000000	37225.475967
0.360000	0.000000	53030.507293
0.370000	0.000000	59825.195822
0.380000	0.000000	33171.701897
0.390000	0.000000	36211.410639
0.400000	0.000000	29272.205972
0.410000	0.000000	27206.264582
0.420000	0.000000	29280.764316
0.430000	0.000000	28753.978693
0.440000	0.000000	23193.664336
0.450000	0.000000	24488.910190
0.460000	0.000000	21103.192226
0.470000	0.000000	21066.130372
0.480000	0.000000	19371.405046
0.490000	0.000000	33549.732618
0.500000	0.000000	26849.036687
0.510000	0.000000	16551.664700
0.520000	0.000000	17662.519992
0.530000	0.000000	17907.596638
0.540000	0.000000	15407.438817
0.550000	0.000000	16241.398172
0.560000	0.000000	21685.277255
0.570000	0.000000	24075.329371
0.580000	0.000000	15873.954939
0.590000	0.000000	15706.635974
0.600000	0.000000	12498.119041
0.610000	0.000000	13251.770578
0.620000	0.000000	16183.097290
0.630000	0.000000	13670.621604
0.640000	0.000000	12274.417032
0.650000	0.000000	153526.518751
0.660000	0.000000	89184.956830
0.670000	0.000000	17590.161285
0.680000	0.000000	13258.353004
0.690000	0.000000	42286.223915
0.700000	0.000000	54092.619199
0.710000	0.000000	155006.399447
0.720000	0.000000	331513.396559
0.730000	0.000000	50970.998386
0.740000	0.000000	171383.187744
0.750000	0.000000	25802.350484
0.760000	0.000000	105402.920674
0.770000	0.000000	239978.199912
0.780000	0.000000	90278.766572
0.790000	0.000000	82640.733678
0.800000	0.000000	134181.300780
0.810000	0.000000	98975.158151
0.820000	0.000000	275503.813065
0.830000	0.000000	166926.799513
0.840000	0.000000	92194.918022
0.850000	0.000000	130897.472561
0.860000	0.000000	194793.866232
0.870000	0.000000	188549.728356
0.880000	0.000000	67458.256075
0.890000	0.000000	81933.306557
0.900000	0.000000	104194.051249
0.910000	0.000000	147642.686846
0.920000	0.000000	88188.032973
0.930000	0.000000	34921.779992
0.940000	0.000000	34976.189365
0.950000	0.000000	49357.064932
0.960000	0.000000	63344.726690
0.970000	0.000000	28651.053084
0.980000	0.000000	21045.458387
0.990000	0.000000	33573.380232
1.000000	0.000000	49912.494987
1.010000	0.000000	88108.567022
1.020000	0.000000	62628.551970
1.030000	0.000000	9537.601524
1.040000	0.000000	11190.224582
1.050000	0.000000	12070.235859
1.060000	0.000000	12929.528804
1.070000	0.000000	30395.648675
1.080000	0.000000	25499.985061
1.090000	0.000000	26885.649311
1.100000	0.000000	21103.400630
1.110000	0.000000	17339.896422
1.120000	0.000000	13806.968976
1.130000	0.000000	7307.051449
1.140000	0.000000	19459.518991
1.150000	0.000000	13119.076791
1.160000	0.000000	18694.829523
1.170000	0.000000	20091.066530
1.180000	0.000000	13934.882479
1.190000	0.000000	9105.971873
1.200000	0.000000	9374.191555
1.210000	0.000000	10405.129811
1.220000	0.000000	6995.267323
1.230000	0.000000	5388.192602
1.240000	0.000000	5537.941375
1.250000	0.000000	6604.380693
1.260000	0.000000	4088.713510
1.270000	0.000000	10333.026709
1.280000	0.000000	3530.958506
1.290000	0.000000	3096.732292
1.300000	0.000000	4131.068479
1.310000	0.000000	4142.098985
1.320000	0.000000	3352.803164
1.330000	0.000000	3560.756982
1.340000	0.000000	3965.186881
1.350000	0.000000	3259.740857
1.360000	0.000000	2799.101357
1.370000	0.000000	2713.084822
1.380000	0.000000	2086.923765
1.390000	0.000000	2119.976683
1.400000	0.000000	2333.686749
1.410000	0.000000	1937.236290
1.420000	0.000000	1984.956650
1.430000	0.000000	1967.764740
1.440000	0.000000	2085.477303
1.450000	0.000000	1635.612833
1.460000	0.000000	1674.545608
1.470000	0.000000	1512.021525
1.480000	0.000000	1523.722674
1.490000	0.000000	1470.269441
1.500000	0.000000	1396.973381
1.510000	0.000000	1358.830511
1.520000	0.000000	1349.967606
1.530000	0.000000	1332.102666
1.540000	0.000000	1283.839032
1.550000	0.000000	1230.151244
1.560000	0.000000	1200.999938
1.570000	0.000000	1190.336484
1.580000	0.000000	1165.168186
1.590000	0.000000	1130.259180
1.600000	0.000000	1137.741982
1.610000	0.000000	1109.139555
1.620000	0.000000	1063.415278
1.630000	0.000000	1033.745932
1.640000	0.000000	1011.749775
1.650000	0.000000	1006.734214
1.660000	0.000000	979.640517
1.670000	0.000000	954.439637
1.680000	0.000000	935.588287
1.690000	0.000000	916.270457
1.700000	0.000000	897.378344
1.710000	0.000000	879.173525
1.720000	0.000000	860.292253
1.730000	0.000000	842.488243
1.740000	0.000000	824.987802
1.750000	0.000000	808.525679
1.760000	0.000000	788.709970
1.770000	0.000000	771.107267
1.780000	0.000000	753.675641
1.790000	0.000000	738.434419
1.800000	0.000000	724.158382
1.810000	0.000000	709.600843
1.820000	0.000000	696.177120
1.830000	0.000000	683.043906
1.840000	0.000000	669.928068
1.850000	0.000000	656.837044
1.860000	0.000000	643.799426
1.870000	0.000000	631.187565
1.880000	0.000000	619.081523
1.890000	0.000000	607.070092
1.900000	0.000000	595.115371
1.910000	0.000000	583.149739
1.920000	0.000000	571.206828
1.930000	0.000000	559.345494
1.940000	0.000000	547.275695
1.950000	0.000000	534.911556
1.960000	0.000000	523.094777
1.970000	0.000000	511.300093
1.980000	0.000000	500.277857
1.990000	0.000000	490.895325
2.000000	0.000000	482.106867
2.010000	0.000000	473.392911
2.020000	0.000000	464.689042
2.030000	0.000000	456.003371
2.040000	0.000000	447.333591
2.050000	0.000000	438.809126
2.060000	0.000000	430.670824
2.070000	0.000000	422.789101
2.080000	0.000000	414.690947
2.090000	0.000000	406.735316
2.100000	0.000000	398.883766
2.110000	0.000000	391.277054
2.120000	0.000000	433.546092
2.130000	0.000000	401.292906
2.140000	0.000000	391.863040
2.150000	0.000000	420.821856
2.160000	0.000000	371.873745
2.170000	0.000000	343.755490
2.180000	0.000000	336.762140
2.190000	0.000000	330.322255
2.200000	0.000000	324.381350
2.210000	0.000000	318.592394
2.220000	0.000000	312.810525
2.230000	0.000000	307.046428
2.240000	0.000000	301.390577
2.250000	0.000000	296.006802
2.260000	0.000000	290.732503
2.270000	0.000000	286.116081
2.280000	0.000000	280.251479
2.290000	0.000000	275.432817
2.300000	0.000000	274.980372
2.310000	0.000000	265.023639
2.320000	0.000000	258.675102
2.330000	0.000000	253.469588
2.340000	0.000000	248.275062
2.350000	0.000000	243.141752
2.360000	0.000000	238.282113
2.370000	0.000000	233.643261
2.380000	0.000000	229.030768
2.390000	0.000000	224.448637
2.400000	0.000000	220.052317
2.410000	0.000000	216.035556
2.420000	0.000000	212.185559
2.430000	0.000000	208.370897
2.440000	0.000000	204.747492
2.450000	0.000000	201.054781
2.460000	0.000000	199.652233
2.470000	0.000000	194.357122
2.480000	0.000000	190.381755
2.490000	0.000000	186.809221
2.500000	0.000000	183.297538
2.510000	0.000000	184.768299
2.520000	0.000000	179.809534
2.530000	0.000000	172.823813
2.540000	0.000000	169.383403
2.550000	0.000000	166.079292
2.560000	0.000000	162.976870
2.570000	0.000000	160.149339
2.580000	0.000000	157.646801
2.590000	0.000000	153.967123
2.600000	0.000000	150.745166
2.610000	0.000000	147.644966
2.620000	0.000000	144.741553
2.630000	0.000000	142.564034
2.640000	0.000000	141.983234
2.650000	0.000000	137.890140
2.660000	0.000000	135.009066
2.670000	0.000000	132.644486
2.680000	0.000000	130.272379
2.690000	0.000000	128.029002
2.700000	0.000000	126.192091
2.710000	0.000000	123.844290
2.720000	0.000000	121.076924
2.730000	0.000000	119.295740
2.740000	0.000000	121.580659
2.750000	0.000000	131.217921
2.760000	0.000000	120.731795
2.770000	0.000000	123.595772
2.780000	0.000000	145.820912
2.790000	0.000000	106.999389
2.800000	0.000000	103.768793
2.810000	0.000000	101.709266
2.820000	0.000000	99.695621
2.830000	0.000000	97.782965
2.840000	0.000000	96.035232
2.850000	0.000000	94.376868
2.860000	0.000000	92.769991
2.870000	0.000000	91.259548
2.880000	0.000000	89.699462
2.890000	0.000000	88.035738
2.900000	0.000000	86.462658
2.910000	0.000000	84.899179
2.920000	0.000000	83.382348
2.930000	0.000000	81.864998
2.940000	0.000000	80.325379
2.950000	0.000000	78.864329
2.960000	0.000000	77.585851
2.970000	0.000000	75.951140
2.980000	0.000000	74.585287
2.990000	0.000000	73.219780
3.000000	0.000000	71.894476
3.010000	0.000000	70.498892
3.020000	0.000000	69.105143
3.030000	0.000000	68.468984
3.040000	0.000000	67.572159
3.050000	0.000000	65.752213
3.060000	0.000000	64.111460
3.070000	0.000000	63.625052
3.080000	0.000000	64.642778
3.090000	0.000000	87.464599
3.100000	0.000000	218.788647
3.110000	0.000000	93.411546
3.120000	0.000000	145.969877
3.130000	0.000000	285.537922
3.140000	0.000000	82.586088
3.150000	0.000000	54.491112
3.160000	0.000000	53.481324
3.170000	0.000000	52.592660
3.180000	0.000000	51.751280
3.190000	0.000000	50.808260
3.200000	0.000000	50.718606
3.210000	0.000000	49.980930
3.220000	0.000000	48.161957
3.230000	0.000000	47.146693
3.240000	0.000000	46.233429
3.250000	0.000000	45.376710
3.260000	0.000000	44.853018
3.270000	0.000000	45.705277
3.280000	0.000000	43.188209
3.290000	0.000000	42.248909
3.300000	0.000000	41.481241
3.310000	0.000000	41.040351
3.320000	0.000000	40.542715
3.330000	0.000000	39.403986
3.340000	0.000000	38.542963
3.350000	0.000000	38.247406
3.360000	0.000000	37.560575
3.370000	0.000000	36.639179
3.380000	0.000000	35.955652
3.390000	0.000000	35.353734
3.400000	0.000000	34.752135
3.410000	0.000000	34.175285
3.420000	0.000000	33.590573
3.430000	0.000000	33.300162
3.440000	0.000000	33.009549
3.450000	0.000000	31.883592
3.460000	0.000000	31.287009
3.470000	0.000000	34.546138
3.480000	0.000000	31.100356
3.490000	0.000000	30.946908
3.500000	0.000000	32.571259
3.510000	0.000000	30.014654
3.520000	0.000000	28.002286
3.530000	0.000000	27.405836
3.540000	0.000000	26.928011
3.550000	0.000000	26.516776
3.560000	0.000000	26.082443
3.570000	0.000000	25.657037
3.580000	0.000000	25.557204
3.590000	0.000000	25.288312
3.600000	0.000000	25.990294
3.610000	0.000000	35.951886
3.620000	0.000000	26.387940
3.630000	0.000000	23.180165
3.640000	0.000000	22.798577
3.650000	0.000000	22.256001
3.660000	0.000000	21.839051
3.670000	0.000000	21.941433
3.680000	0.000000	28.571212
3.690000	0.000000	25.204478
3.700000	0.000000	20.324715
3.710000	0.000000	19.937057
3.720000	0.000000	19.566511
3.730000	0.000000	19.231243
3.740000	0.000000	18.930523
3.750000	0.000000	18.605148
3.760000	0.000000	18.232656
3.770000	0.000000	18.268640
3.780000	0.000000	21.738236
3.790000	0.000000	19.618667
3.800000	0.000000	17.724193
3.810000	0.000000	17.276719
3.820000	0.000000	16.550508
3.830000	0.000000	16.372458
3.840000	0.000000	18.098089
3.850000	0.000000	32.908822
3.860000	0.000000	41.845646
3.870000	0.000000	33.902254
3.880000	0.000000	25.935003
3.890000	0.000000	33.700988
3.900000	0.000000	35.198856
3.910000	0.000000	14.056620
3.920000	0.000000	13.810594
3.930000	0.000000	13.587150
3.940000	0.000000	13.296951
3.950000	0.000000	13.060340
3.960000	0.000000	14.125398
3.970000	0.000000	12.655335
3.980000	0.000000	12.365748
3.990000	0.000000	12.146581
4.000000	0.000000	12.405928
4.010000	0.000000	11.930659
4.020000	0.000000	11.566403
4.030000	0.000000	11.583892
4.040000	0.000000	11.515404
4.050000	0.000000	11.290408
4.060000	0.000000	11.051333
4.070000	0.000000	10.781488
4.080000	0.000000	10.541271
4.090000	0.000000	10.274901
4.100000	0.000000	10.106449
4.110000	0.000000	9.949892
4.120000	0.000000	9.965325
4.130000	0.000000	9.626917
4.140000	0.000000	9.468231
4.150000	0.000000	9.290052
4.160000	0.000000	9.118686
4.170000	0.000000	8.949831
4.180000	0.000000	8.783742
4.190000	0.000000	8.629194
4.200000	0.000000	8.481161
4.210000	0.000000	8.334384
4.220000	0.000000	8.189220
4.230000	0.000000	8.092000
4.240000	0.000000	8.010765
4.250000	0.000000	7.820322
4.260000	0.000000	7.675782
4.270000	0.000000	7.561483
4.280000	0.000000	7.428954
4.290000	0.000000	7.303431
4.300000	0.000000	7.177160
4.310000	0.000000	7.056128
4.320000	0.000000	6.932315
4.330000	0.000000	6.894804
4.340000	0.000000	6.736752
4.350000	0.000000	6.590710
4.360000	0.000000	6.477717
4.370000	0.000000	6.362647
4.380000	0.000000	6.246061
4.390000	0.000000	6.133768
4.400000	0.000000	6.020269
4.410000	0.000000	5.907482
4.420000	0.000000	5.804348
4.430000	0.000000	5.716333
4.440000	0.000000	5.602807
4.450000	0.000000	5.510031
4.460000	0.000000	5.463887
4.470000	0.000000	5.369798
4.480000	0.000000	5.479360
4.490000	0.000000	5.219470
4.500000	0.000000	7.209939
4.510000	0.000000	6.162496
4.520000	0.000000	5.113252
4.530000	0.000000	4.879550
4.540000	0.000000	4.784889
4.550000	0.000000	4.672443
4.560000	0.000000	4.596142
4.570000	0.000000	4.931093
4.580000	0.000000	5.329440
4.590000	0.000000	4.365343
4.600000	0.000000	4.288487
4.610000	0.000000	4.215173
4.620000	0.000000	4.147576
4.630000	0.000000	4.061173
4.640000	0.000000	3.984953
4.650000	0.000000	3.922942
4.660000	0.000000	3.843544
4.670000	0.000000	3.776967
4.680000	0.000000	3.751591
4.690000	0.000000	3.721947
4.700000	0.000000	3.744912
4.710000	0.000000	3.981962
4.720000	0.000000	4.090303
4.730000	0.000000	3.858994
4.740000	0.000000	3.584221
4.750000	0.000000	3.405326
4.760000	0.000000	3.356789
4.770000	0.000000	3.208563
4.780000	0.000000	3.156449
4.790000	0.000000	3.105967
4.800000	0.000000	3.052631
4.810000	0.000000	3.027857
4.820000	0.000000	3.617935
4.830000	0.000000	3.125525
4.840000	0.000000	2.874559
4.850000	0.000000	2.853527
4.860000	0.000000	2.776854
4.870000	0.000000	2.694939
4.880000	0.000000	2.644371
4.890000	0.000000	2.596933
4.900000	0.000000	2.553866
4.910000	0.000000	2.514007
4.920000	0.000000	2.503791
4.930000	0.000000	2.531977
4.940000	0.000000	2.395572
4.950000	0.000000	2.356392
4.960000	0.000000	2.318743
4.970000	0.000000	2.279754
4.980000	0.000000	2.292323
4.990000	0.000000	2.213703
5.000000	0.000000	2.170518
5.010000	0.000000	2.135725
5.020000	0.000000	2.122046
5.030000	0.000000	2.079101
5.040000	0.000000	2.043686
5.050000	0.000000	2.013360
5.060000	0.000000	1.971986
5.070000	0.000000	1.936464
5.080000	0.000000	1.902712
5.090000	0.000000	1.862880
5.100000	0.000000	1.829704
5.110000	0.000000	1.795072
5.120000	0.000000	1.762357
5.130000	0.000000	1.735188
5.140000	0.000000	1.708196
5.150000	0.000000	1.682862
5.160000	0.000000	1.656352
5.170000	0.000000	1.628590
5.180000	0.000000	1.601944
5.190000	0.000000	1.575912
5.200000	0.000000	1.550577
5.210000	0.000000	1.525382
5.220000	0.000000	1.500558
5.230000	0.000000	1.476405
5.240000	0.000000	1.452826
5.250000	0.000000	1.429853
5.260000	0.000000	1.406876
5.270000	0.000000	1.383992
5.280000	0.000000	1.361112
5.290000	0.000000	1.338323
5.300000	0.000000	1.314544
5.310000	0.000000	1.290999
5.320000	0.000000	1.268080
5.330000	0.000000	1.245331
5.340000	0.000000	1.222731
5.350000	0.000000	1.200309
5.360000	0.000000	1.179584
5.370000	0.000000	1.160400
5.380000	0.000000	1.142108
5.390000	0.000000	1.124253
5.400000	0.000000	1.106556
5.410000	0.000000	1.088994
5.420000	0.000000	1.071772
5.430000	0.000000	1.055027
5.440000	0.000000	1.038437
5.450000	0.000000	1.022823
5.460000	0.000000	1.010937
5.470000	0.000000	0.991703
5.480000	0.000000	0.972965
5.490000	0.000000	0.975538
5.500000	0.000000	0.954181
5.510000	0.000000	0.930187
5.520000	0.000000	0.912488
5.530000	0.000000	0.905370
5.540000	0.000000	0.888995
5.550000	0.000000	0.866909
5.560000	0.000000	0.850782
5.570000	0.000000	0.842253
5.580000	0.000000	0.829933
5.590000	0.000000	0.804805
5.600000	0.000000	0.792876
5.610000	0.000000	0.786225
5.620000	0.000000	0.771893
5.630000	0.000000	0.770017
5.640000	0.000000	0.749689
5.650000	0.000000	0.733187
5.660000	0.000000	0.719957
5.670000	0.000000	0.710743
5.680000	0.000000	0.696156
5.690000	0.000000	0.683247
5.700000	0.000000	0.672385
5.710000	0.000000	0.661976
5.720000	0.000000	0.651653
5.730000	0.000000	0.641408
5.740000	0.000000	0.631142
5.750000	0.000000	0.621925
5.760000	0.000000	0.613680
5.770000	0.000000	0.602016
5.780000	0.000000	0.591055
5.790000	0.000000	0.580328
5.800000	0.000000	0.570378
5.810000	0.000000	0.558920
5.820000	0.000000	0.548914
5.830000	0.000000	0.539527
5.840000	0.000000	0.530434
5.850000	0.000000	0.521813
5.860000	0.000000	0.514073
5.870000	0.000000	0.506004
5.880000	0.000000	0.498983
5.890000	0.000000	0.490955
5.900000	0.000000	0.482363
5.910000	0.000000	0.475104
5.920000	0.000000	0.467240
5.930000	0.000000	0.459337
5.940000	0.000000	0.452657
5.950000	0.000000	0.446888
5.960000	0.000000	0.438930
5.970000	0.000000	0.431010
5.980000	0.000000	0.425486
5.990000	0.000000	0.418799
6.000000	0.000000	0.410665
6.010000	0.000000	0.403450
6.020000	0.000000	0.397471
6.030000	0.000000	0.390956
6.040000	0.000000	0.383261
6.050000	0.000000	0.376066
6.060000	0.000000	0.370158
6.070000	0.000000	0.363990
6.080000	0.000000	0.357142
6.090000	0.000000	0.351153
6.100000	0.000000	0.345797
6.110000	0.000000	0.340846
6.120000	0.000000	0.335441
6.130000	0.000000	0.329962
6.140000	0.000000	0.324228
6.150000	0.000000	0.318791
6.160000	0.000000	0.313375
6.170000	0.000000	0.308463
6.180000	0.000000	0.303675
6.190000	0.000000	0.299066
6.200000	0.000000	0.294500
6.210000	0.000000	0.289872
6.220000	0.000000	0.285290
6.230000	0.000000	0.280691
6.240000	0.000000	0.276061
6.250000	0.000000	0.271524
6.260000	0.000000	0.267012
6.270000	0.000000	0.262496
6.280000	0.000000	0.257976
6.290000	0.000000	0.253397
6.300000	0.000000	0.249058
6.310000	0.000000	0.244681
6.320000	0.000000	0.240816
6.330000	0.000000	0.237088
6.340000	0.000000	0.232930
6.350000	0.000000	0.229204
6.360000	0.000000	0.225599
6.370000	0.000000	0.222043
6.380000	0.000000	0.218501
6.390000	0.000000	0.215310
6.400000	0.000000	0.214228
6.410000	0.000000	0.273350
6.420000	0.000000	0.414975
6.430000	0.000000	0.440773
6.440000	0.000000	0.234982
6.450000	0.000000	0.302666
6.460000	0.000000	0.437381
6.470000	0.000000	0.372598
6.480000	0.000000	0.221987
6.490000	0.000000	0.681611
6.500000	0.000000	0.664684
6.510000	0.000000	0.307813
6.520000	0.000000	0.209288
6.530000	0.000000	0.302186
6.540000	0.000000	0.303643
6.550000	0.000000	0.221478
6.560000	0.000000	0.174861
6.570000	0.000000	0.211293
6.580000	0.000000	0.236395
6.590000	0.000000	0.182681
6.600000	0.000000	0.169073
6.610000	0.000000	0.176997
6.620000	0.000000	0.168237
6.630000	0.000000	0.149950
6.640000	0.000000	0.150139
6.650000	0.000000	0.154787
6.660000	0.000000	0.144588
6.670000	0.000000	0.142264
6.680000	0.000000	0.136385
6.690000	0.000000	0.133669
6.700000	0.000000	0.134001
6.710000	0.000000	0.130284
6.720000	0.000000	0.125987
6.730000	0.000000	0.123570
6.740000	0.000000	0.121519
6.750000	0.000000	0.119467
6.760000	0.000000	0.117446
6.770000	0.000000	0.115474
6.780000	0.000000	0.113594
6.790000	0.000000	0.111717
6.800000	0.000000	0.109843
6.810000	0.000000	0.107954
6.820000	0.000000	0.106083
6.830000	0.000000	0.104400
6.840000	0.000000	0.102808
6.850000	0.000000	0.101194
6.860000	0.000000	0.099580
6.870000	0.000000	0.097979
6.880000	0.000000	0.096390
6.890000	0.000000	0.094845
6.900000	0.000000	0.093484
6.910000	0.000000	0.092067
6.920000	0.000000	0.090501
6.930000	0.000000	0.089140
6.940000	0.000000	0.087727
6.950000	0.000000	0.086383
6.960000	0.000000	0.084960
6.970000	0.000000	0.083584
6.980000	0.000000	0.082151
6.990000	0.000000	0.080744
7.000000	0.000000	0.079383
7.010000	0.000000	0.078093
7.020000	0.000000	0.076856
7.030000	0.000000	0.075586
7.040000	0.000000	0.074322
7.050000	0.000000	0.073131
7.060000	0.000000	0.071922
7.070000	0.000000	0.070715
7.080000	0.000000	0.069582
7.090000	0.000000	0.068488
7.100000	0.000000	0.067423
7.110000	0.000000	0.066367
7.120000	0.000000	0.065282
7.130000	0.000000	0.064235
7.140000	0.000000	0.063227
7.150000	0.000000	0.062164
7.160000	0.000000	0.061212
7.170000	0.000000	0.060417
7.180000	0.000000	0.059570
7.190000	0.000000	0.062397
7.200000	0.000000	0.059076
7.210000	0.000000	0.056563
7.220000	0.000000	0.055644
7.230000	0.000000	0.054724
7.240000	0.000000	0.053814
7.250000	0.000000	0.053041
7.260000	0.000000	0.053043
7.270000	0.000000	0.053113
7.280000	0.000000	0.050547
7.290000	0.000000	0.049633
7.300000	0.000000	0.048753
7.310000	0.000000	0.047944
7.320000	0.000000	0.047107
7.330000	0.000000	0.046402
7.340000	0.000000	0.046150
7.350000	0.000000	0.045964
7.360000	0.000000	0.044672
7.370000	0.000000	0.043625
7.380000	0.000000	0.042864
7.390000	0.000000	0.042174
7.400000	0.000000	0.041502
7.410000	0.000000	0.040971
7.420000	0.000000	0.040720
7.430000	0.000000	0.040335
7.440000	0.000000	0.039347
7.450000	0.000000	0.038533
7.460000	0.000000	0.037886
7.470000	0.000000	0.037146
7.480000	0.000000	0.036554
7.490000	0.000000	0.036806
7.500000	0.000000	0.035765
7.510000	0.000000	0.036218
7.520000	0.000000	0.035084
7.530000	0.000000	0.034178
7.540000	0.000000	0.033728
7.550000	0.000000	0.033000
7.560000	0.000000	0.032140
7.570000	0.000000	0.031547
7.580000	0.000000	0.031114
7.590000	0.000000	0.030607
7.600000	0.000000	0.030064
7.610000	0.000000	0.029598
7.620000	0.000000	0.029270
7.630000	0.000000	0.028912
7.640000	0.000000	0.028212
7.650000	0.000000	0.027717
7.660000	0.000000	0.027271
7.670000	0.000000	0.026853
7.680000	0.000000	0.026442
7.690000	0.000000	0.026023
7.700000	0.000000	0.025607
7.710000	0.000000	0.025196
7.720000	0.000000	0.024925
7.730000	0.000000	0.024507
7.740000	0.000000	0.024021
7.750000	0.000000	0.023653
7.760000	0.000000	0.023308
7.770000	0.000000	0.023042
7.780000	0.000000	0.022943
7.790000	0.000000	0.022889
7.800000	0.000000	0.022237
7.810000	0.000000	0.021470
7.820000	0.000000	0.021180
7.830000	0.000000	0.020852
7.840000	0.000000	0.020407
7.850000	0.000000	0.020116
7.860000	0.000000	0.019769
7.870000	0.000000	0.019452
7.880000	0.000000	0.019141
7.890000	0.000000	0.018834
7.900000	0.000000	0.018534
7.910000	0.000000	0.018245
7.920000	0.000000	0.017965
7.930000	0.000000	0.017686
7.940000	0.000000	0.017408
7.950000	0.000000	0.017131
7.960000	0.000000	0.016858
7.970000	0.000000	0.016607
7.980000	0.000000	0.016322
7.990000	0.000000	0.016054
8.000000	0.000000	0.015799
8.010000	0.000000	0.015546
8.020000	0.000000	0.015294
8.030000	0.000000	0.015042
8.040000	0.000000	0.014795
8.050000	0.000000	0.014551
8.060000	0.000000	0.014312
8.070000	0.000000	0.014085
8.080000	0.000000	0.013867
8.090000	0.000000	0.013654
8.100000	0.000000	0.013443
8.110000	0.000000	0.013227
8.120000	0.000000	0.013023
8.130000	0.000000	0.012819
8.140000	0.000000	0.012616
8.150000	0.000000	0.012413
8.160000	0.000000	0.012252
8.170000	0.000000	0.012022
8.180000	0.000000	0.011839
8.190000	0.000000	0.011649
8.200000	0.000000	0.011461
8.210000	0.000000	0.011282
8.220000	0.000000	0.011103
8.230000	0.000000	0.010929
8.240000	0.000000	0.010759
8.250000	0.000000	0.010589
8.260000	0.000000	0.010420
8.270000	0.000000	0.010250
8.280000	0.000000	0.010083
8.290000	0.000000	0.009918
8.300000	0.000000	0.009754
8.310000	0.000000	0.009593
8.320000	0.000000	0.009438
8.330000	0.000000	0.009286
8.340000	0.000000	0.009157
8.350000	0.000000	0.009002
8.360000	0.000000	0.008863
8.370000	0.000000	0.008724
8.380000	0.000000	0.008587
8.390000	0.000000	0.008454
8.400000	0.000000	0.008320
8.410000	0.000000	0.008188
8.420000	0.000000	0.008074
8.430000	0.000000	0.007958
8.440000	0.000000	0.007808
8.450000	0.000000	0.007684
8.460000	0.000000	0.007562
8.470000	0.000000	0.007447
8.480000	0.000000	0.007333
8.490000	0.000000	0.007215
8.500000	0.000000	0.007099
8.510000	0.000000	0.006991
8.520000	0.000000	0.006877
8.530000	0.000000	0.006759
8.540000	0.000000	0.006647
8.550000	0.000000	0.006538
8.560000	0.000000	0.006431
8.570000	0.000000	0.006329
8.580000	0.000000	0.006232
8.590000	0.000000	0.006136
8.600000	0.000000	0.006042
8.610000	0.000000	0.005950
8.620000	0.000000	0.005856
8.630000	0.000000	0.005764
8.640000	0.000000	0.005673
8.650000	0.000000	0.005583
8.660000	0.000000	0.005489
8.670000	0.000000	0.005403
8.680000	0.000000	0.005319
8.690000	0.000000	0.005236
8.700000	0.000000	0.005152
8.710000	0.000000	0.005074
8.720000	0.000000	0.004997
8.730000	0.000000	0.004919
8.740000	0.000000	0.004843
8.750000	0.000000	0.004767
8.760000	0.000000	0.004691
8.770000	0.000000	0.004614
8.780000	0.000000	0.004539
8.790000	0.000000	0.004464
8.800000	0.000000	0.004391
8.810000	0.000000	0.004319
8.820000	0.000000	0.004251
8.830000	0.000000	0.004181
8.840000	0.000000	0.004116
8.850000	0.000000	0.004053
8.860000	0.000000	0.003991
8.870000	0.000000	0.003929
8.880000	0.000000	0.003868
8.890000	0.000000	0.003807
8.900000	0.000000	0.003747
8.910000	0.000000	0.003687
8.920000	0.000000	0.003629
8.930000	0.000000	0.003573
8.940000	0.000000	0.003517
8.950000	0.000000	0.003461
8.960000	0.000000	0.003408
8.970000	0.000000	0.003357
8.980000	0.000000	0.003306
8.990000	0.000000	0.003254
9.000000	0.000000	0.003201
9.010000	0.000000	0.003150
9.020000	0.000000	0.003099
9.030000	0.000000	0.003048
9.040000	0.000000	0.002998
9.050000	0.000000	0.002949
9.060000	0.000000	0.002900
9.070000	0.000000	0.002854
9.080000	0.000000	0.002810
9.090000	0.000000	0.002767
9.100000	0.000000	0.002725
9.110000	0.000000	0.002684
9.120000	0.000000	0.002642
9.130000	0.000000	0.002601
9.140000	0.000000	0.002560
9.150000	0.000000	0.002519
9.160000	0.000000	0.002478
9.170000	0.000000	0.002437
9.180000	0.000000	0.002400
9.190000	0.000000	0.002362
9.200000	0.000000	0.002326
9.210000	0.000000	0.002291
9.220000	0.000000	0.002256
9.230000	0.000000	0.002222
9.240000	0.000000	0.002187
9.250000	0.000000	0.002153
9.260000	0.000000	0.002119
9.270000	0.000000	0.002085
9.280000	0.000000	0.002051
9.290000	0.000000	0.002017
9.300000	0.000000	0.001984
9.310000	0.000000	0.001951
9.320000	0.000000	0.001920
9.330000	0.000000	0.001889
9.340000	0.000000	0.001860
9.350000	0.000000	0.001832
9.360000	0.000000	0.001804
9.370000	0.000000	0.001776
9.380000	0.000000	0.001749
9.390000	0.000000	0.001721
9.400000	0.000000	0.001694
9.410000	0.000000	0.001667
9.420000	0.000000	0.001640
9.430000	0.000000	0.001615
9.440000	0.000000	0.001590
9.450000	0.000000	0.001565
9.460000	0.000000	0.001542
9.470000	0.000000	0.001519
9.480000	0.000000	0.001496
9.490000	0.000000	0.001473
9.500000	0.000000	0.001449
9.510000	0.000000	0.001425
9.520000	0.000000	0.001402
9.530000	0.000000	0.001380
9.540000	0.000000	0.001357
9.550000	0.000000	0.001335
9.560000	0.000000	0.001313
9.570000	0.000000	0.001292
9.580000	0.000000	0.001271
9.590000	0.000000	0.001252
9.600000	0.000000	0.001233
9.610000	0.000000	0.001215
9.620000	0.000000	0.001196
9.630000	0.000000	0.001178
9.640000	0.000000	0.001159
9.650000	0.000000	0.001141
9.660000	0.000000	0.001123
9.670000	0.000000	0.001103
9.680000	0.000000	0.001086
9.690000	0.000000	0.001069
9.700000	0.000000	0.001053
9.710000	0.000000	0.001038
9.720000	0.000000	0.001022
9.730000	0.000000	0.001007
9.740000	0.000000	0.000991
9.750000	0.000000	0.000976
9.760000	0.000000	0.000961
9.770000	0.000000	0.000945
9.780000	0.000000	0.000930
9.790000	0.000000	0.000915
9.800000	0.000000	0.000900
9.810000	0.000000	0.000885
9.820000	0.000000	0.000870
9.830000	0.000000	0.000856
9.840000	0.000000	0.000843
9.850000	0.000000	0.000830
9.860000	0.000000	0.000818
9.870000	0.000000	0.000805
9.880000	0.000000	0.000793
9.890000	0.000000	0.000781
9.900000	0.000000	0.000768
9.910000	0.000000	0.000756
9.920000	0.000000	0.000744
9.930000	0.000000	0.000732
9.940000	0.000000	0.000721
9.950000	0.000000	0.000710
9.960000	0.000000	0.000700
9.970000	0.000000	0.000689
9.980000	0.000000	0.000679
9.990000	0.000000	0.000669
10.000000	0.000000	0.000658
10.010000	0.000000	0.000647
10.020000	0.000000	0.000637
10.030000	0.000000	0.000627
10.040000	0.000000	0.000616
10.050000	0.000000	0.000606
10.060000	0.000000	0.000596
10.070000	0.000000	0.000587
10.080000	0.000000	0.000577
10.090000	0.000000	0.000568
10.100000	0.000000	0.000560
10.110000	0.000000	0.000552
10.120000	0.000000	0.000543
10.130000	0.000000	0.000535
10.140000	0.000000	0.000527
10.150000	0.000000	0.000518
10.160000	0.000000	0.000510
10.170000	0.000000	0.000502
10.180000	0.000000	0.000493
10.190000	0.000000	0.000486
10.200000	0.000000	0.000479
10.210000	0.000000	0.000472
10.220000	0.000000	0.000465
10.230000	0.000000	0.000458
10.240000	0.000000	0.000451
10.250000	0.000000	0.000444
10.260000	0.000000	0.000437
10.270000	0.000000	0.000430
10.280000	0.000000	0.000423
10.290000	0.000000	0.000416
10.300000	0.000000	0.000409
10.310000	0.000000	0.000403
10.320000	0.000000	0.000396
10.330000	0.000000	0.000390
10.340000	0.000000	0.000383
10.350000	0.000000	0.000378
10.360000	0.000000	0.000372
10.370000	0.000000	0.000366
10.380000	0.000000	0.000361
10.390000	0.000000	0.000355
10.400000	0.000000	0.000350
10.410000	0.000000	0.000344
10.420000	0.000000	0.000339
10.430000	0.000000	0.000333
10.440000	0.000000	0.000328
10.450000	0.000000	0.000323
10.460000	0.000000	0.000318
10.470000	0.000000	0.000314
10.480000	0.000000	0.000309
10.490000	0.000000	0.000304
10.500000	0.000000	0.000300
10.510000	0.000000	0.000295
10.520000	0.000000	0.000290
10.530000	0.000000	0.000285
10.540000	0.000000	0.000281
10.550000	0.000000	0.000276
10.560000	0.000000	0.000272
10.570000	0.000000	0.000267
10.580000	0.000000	0.000263
10.590000	0.000000	0.000259
10.600000	0.000000	0.000255
10.610000	0.000000	0.000251
10.620000	0.000000	0.000248
10.630000	0.000000	0.000244
10.640000	0.000000	0.000240
10.650000	0.000000	0.000236
10.660000	0.000000	0.000233
10.670000	0.000000	0.000229
10.680000	0.000000	0.000225
10.690000	0.000000	0.000221
10.700000	0.000000	0.000218
10.710000	0.000000	0.000215
10.720000	0.000000	0.000212
10.730000	0.000000	0.000209
10.740000	0.000000	0.000205
10.750000	0.000000	0.000202
10.760000	0.000000	0.000199
10.770000	0.000000	0.000196
10.780000	0.000000	0.000193
10.790000	0.000000	0.000190
10.800000	0.000000	0.000187
10.810000	0.000000	0.000184
10.820000	0.000000	0.000181
10.830000	0.000000	0.000178
10.840000	0.000000	0.000175
10.850000	0.000000	0.000172
10.860000	0.000000	0.000170
10.870000	0.000000	0.000167
10.880000	0.000000	0.000165
10.890000	0.000000	0.000162
10.900000	0.000000	0.000160
10.910000	0.000000	0.000157
10.920000	0.000000	0.000155
10.930000	0.000000	0.000152
10.940000	0.000000	0.000150
10.950000	0.000000	0.000147
10.960000	0.000000	0.000145
10.970000	0.000000	0.000143
10.980000	0.000000	0.000141
10.990000	0.000000	0.000139
11.000000	0.000000	0.000137
11.010000	0.000000	0.000135
11.020000	0.000000	0.000133
11.030000	0.000000	0.000130
11.040000	0.000000	0.000128
11.050000	0.000000	0.000126
11.060000	0.000000	0.000124
11.070000	0.000000	0.000122
11.080000	0.000000	0.000120
11.090000	0.000000	0.000118
11.100000	0.000000	0.000116
11.110000	0.000000	0.000115
11.120000	0.000000	0.000113
11.130000	0.000000	0.000111
11.140000	0.000000	0.000110
11.150000	0.000000	0.000108
11.160000	0.000000	0.000106
11.170000	0.000000	0.000105
11.180000	0.000000	0.000103
11.190000	0.000000	0.000101
11.200000	0.000000	0.000100
11.210000	0.000000	0.000098
11.220000	0.000000	0.000097
11.230000	0.000000	0.000095
11.240000	0.000000	0.000094
11.250000	0.000000	0.000092
11.260000	0.000000	0.000091
11.270000	0.000000	0.000090
11.280000	0.000000	0.000088
11.290000	0.000000	0.000087
11.300000	0.000000	0.000085
11.310000	0.000000	0.000084
11.320000	0.000000	0.000083
11.330000	0.000000	0.000081
11.340000	0.000000	0.000080
11.350000	0.000000	0.000079
11.360000	0.000000	0.000078
11.370000	0.000000	0.000076
11.380000	0.000000	0.000075
11.390000	0.000000	0.000074
11.400000	0.000000	0.000073
11.410000	0.000000	0.000072
11.420000	0.000000	0.000071
11.430000	0.000000	0.000070
11.440000	0.000000	0.000069
11.450000	0.000000	0.000067
11.460000	0.000000	0.000066
11.470000	0.000000	0.000065
11.480000	0.000000	0.000065
11.490000	0.000000	0.000064
11.500000	0.000000	0.000063
11.510000	0.000000	0.000062
11.520000	0.000000	0.000061
11.530000	0.000000	0.000060
11.540000	0.000000	0.000059
11.550000	0.000000	0.000058
11.560000	0.000000	0.000057
11.570000	0.000000	0.000056
11.580000	0.000000	0.000055
11.590000	0.000000	0.000054
11.600000	0.000000	0.000053
11.610000	0.000000	0.000053
11.620000	0.000000	0.000052
11.630000	0.000000	0.000051
11.640000	0.000000	0.000050
11.650000	0.000000	0.000049
11.660000	0.000000	0.000049
11.670000	0.000000	0.000048
11.680000	0.000000	0.000047
11.690000	0.000000	0.000046
11.700000	0.000000	0.000046
11.710000	0.000000	0.000045
11.720000	0.000000	0.000044
11.730000	0.000000	0.000044
11.740000	0.000000	0.000043
11.750000	0.000000	0.000042
11.760000	0.000000	0.000042
11.770000	0.000000	0.000041
11.780000	0.000000	0.000040
11.790000	0.000000	0.000040
11.800000	0.000000	0.000039
11.810000	0.000000	0.000039
11.820000	0.000000	0.000038
11.830000	0.000000	0.000037
11.840000	0.000000	0.000037
11.850000	0.000000	0.000036
11.860000	0.000000	0.000036
11.870000	0.000000	0.000035
11.880000	0.000000	0.000034
11.890000	0.000000	0.000034
11.900000	0.000000	0.000033
11.910000	0.000000	0.000033
11.920000	0.000000	0.000032
11.930000	0.000000	0.000032
11.940000	0.000000	0.000031
11.950000	0.000000	0.000031
11.960000	0.000000	0.000030
11.970000	0.000000	0.000030
11.980000	0.000000	0.000030
11.990000	0.000000	0.000029
12.000000	0.000000	0.000029
12.010000	0.000000	0.000028
12.020000	0.000000	0.000028
12.030000	0.000000	0.000027
12.040000	0.000000	0.000027
12.050000	0.000000	0.000027
12.060000	0.000000	0.000026
12.070000	0.000000	0.000026
12.080000	0.000000	0.000025
12.090000	0.000000	0.000025
12.100000	0.000000	0.000024
12.110000	0.000000	0.000024
12.120000	0.000000	0.000024
12.130000	0.000000	0.000023
12.140000	0.000000	0.000023
12.150000	0.000000	0.000023
12.160000	0.000000	0.000022
12.170000	0.000000	0.000022
12.180000	0.000000	0.000022
12.190000	0.000000	0.000021
12.200000	0.000000	0.000021
12.210000	0.000000	0.000021
12.220000	0.000000	0.000020
12.230000	0.000000	0.000020
12.240000	0.000000	0.000020
12.250000	0.000000	0.000019
12.260000	0.000000	0.000019
12.270000	0.000000	0.000019
12.280000	0.000000	0.000019
12.290000	0.000000	0.000018
12.300000	0.000000	0.000018
12.310000	0.000000	0.000018
12.320000	0.000000	0.000017
12.330000	0.000000	0.000017
12.340000	0.000000	0.000017
12.350000	0.000000	0.000017
12.360000	0.000000	0.000016
12.370000	0.000000	0.000016
12.380000	0.000000	0.000016
12.390000	0.000000	0.000016
12.400000	0.000000	0.000015
12.410000	0.000000	0.000015
12.420000	0.000000	0.000015
12.430000	0.000000	0.000015
12.440000	0.000000	0.000014
12.450000	0.000000	0.000014
12.460000	0.000000	0.000014
12.470000	0.000000	0.000014
12.480000	0.000000	0.000014
12.490000	0.000000	0.000013
12.500000	0.000000	0.000013
12.510000	0.000000	0.000013
12.520000	0.000000	0.000013
12.530000	0.000000	0.000013
12.540000	0.000000	0.000012
12.550000	0.000000	0.000012
12.560000	0.000000	0.000012
12.570000	0.000000	0.000012
12.580000	0.000000	0.000012
12.590000	0.000000	0.000011
12.600000	0.000000	0.000011
12.610000	0.000000	0.000011
12.620000	0.000000	0.000011
12.630000	0.000000	0.000011
12.640000	0.000000	0.000011
12.650000	0.000000	0.000010
12.660000	0.000000	0.000010
12.670000	0.000000	0.000010
12.680000	0.000000	0.000010
12.690000	0.000000	0.000010
12.700000	0.000000	0.000010
12.710000	0.000000	0.000010
12.720000	0.000000	0.000009
12.730000	0.000000	0.000009
12.740000	0.000000	0.000009
12.750000	0.000000	0.000009
12.760000	0.000000	0.000009
12.770000	0.000000	0.000009
12.780000	0.000000	0.000009
12.790000	0.000000	0.000008
12.800000	0.000000	0.000008
12.810000	0.000000	0.000008
12.820000	0.000000	0.000008
12.830000	0.000000	0.000008
12.840000	0.000000	0.000008
12.850000	0.000000	0.000008
12.860000	0.000000	0.000008
12.870000	0.000000	0.000007
12.880000	0.000000	0.000007
12.890000	0.000000	0.000007
12.900000	0.000000	0.000007
12.910000	0.000000	0.000007
12.920000	0.000000	0.000007
12.930000	0.000000	0.000007
12.940000	0.000000	0.000007
12.950000	0.000000	0.000007
12.960000	0.000000	0.000006
12.970000	0.000000	0.000006
12.980000	0.000000	0.000006
12.990000	0.000000	0.000006
13.000000	0.000000	0.000006
13.010000	0.000000	0.000006
13.020000	0.000000	0.000006
13.030000	0.000000	0.000006
13.040000	0.000000	0.000006
13.050000	0.000000	0.000006
13.060000	0.000000	0.000006
13.070000	0.000000	0.000005
13.080000	0.000000	0.000005
13.090000	0.000000	0.000005
13.100000	0.000000	0.000005
13.110000	0.000000	0.000005
13.120000	0.000000	0.000005
13.130000	0.000000	0.000005
13.140000	0.000000	0.000005
13.150000	0.000000	0.000005
13.160000	0.000000	0.000005
13.170000	0.000000	0.000005
13.180000	0.000000	0.000005
13.190000	0.000000	0.000005
13.200000	0.000000	0.000004
13.210000	0.000000	0.000004
13.220000	0.000000	0.000004
13.230000	0.000000	0.000004
13.240000	0.000000	0.000004
13.250000	0.000000	0.000004
13.260000	0.000000	0.000004
13.270000	0.000000	0.000004
13.280000	0.000000	0.000004
13.290000	0.000000	0.000004
13.300000	0.000000	0.000004
13.310000	0.000000	0.000004
13.320000	0.000000	0.000004
13.330000	0.000000	0.000004
13.340000	0.000000	0.000004
13.350000	0.000000	0.000004
13.360000	0.000000	0.000003
13.370000	0.000000	0.000003
13.380000	0.000000	0.000003
13.390000	0.000000	0.000003
13.400000	0.000000	0.000003
13.410000	0.000000	0.000003
13.420000	0.000000	0.000003
13.430000	0.000000	0.000003
13.440000	0.000000	0.000003
13.450000	0.000000	0.000003
13.460000	0.000000	0.000003
13.470000	0.000000	0.000003
13.480000	0.000000	0.000003
13.490000	0.000000	0.000003
13.500000	0.000000	0.000003
13.510000	0.000000	0.000003
13.520000	0.000000	0.000003
13.530000	0.000000	0.000003
13.540000	0.000000	0.000003
13.550000	0.000000	0.000003
13.560000	0.000000	0.000003
13.570000	0.000000	0.000003
13.580000	0.000000	0.000002
13.590000	0.000000	0.000002
13.600000	0.000000	0.000002
13.610000	0.000000	0.000002
13.620000	0.000000	0.000002
13.630000	0.000000	0.000002
13.640000	0.000000	0.000002
13.650000	0.000000	0.000002
13.660000	0.000000	0.000002
13.670000	0.000000	0.000002
13.680000	0.000000	0.000002
13.690000	0.000000	0.000002
13.700000	0.000000	0.000002
13.710000	0.000000	0.000002
13.720000	0.000000	0.000002
13.730000	0.000000	0.000002
13.740000	0.000000	0.000002
13.750000	0.000000	0.000002
13.760000	0.000000	0.000002
13.770000	0.000000	0.000002
13.780000	0.000000	0.000002
13.790000	0.000000	0.000002
13.800000	0.000000	0.000002
13.810000	0.000000	0.000002
13.820000	0.000000	0.000002
13.830000	0.000000	0.000002
13.840000	0.000000	0.000002
13.850000	0.000000	0.000002
13.860000	0.000000	0.000002
13.870000	0.000000	0.000002
13.880000	0.000000	0.000002
13.890000	0.000000	0.000002
13.900000	0.000000	0.000002
13.910000	0.000000	0.000001
13.920000	0.000000	0.000001
13.930000	0.000000	0.000001
13.940000	0.000000	0.000001
13.950000	0.000000	0.000001
13.960000	0.000000	0.000001
13.970000	0.000000	0.000001
13.980000	0.000000	0.000001
13.990000	0.000000	0.000001
14.000000	0.000000	0.000001
14.010000	0.000000	0.000001
14.020000	0.000000	0.000001
14.030000	0.000000	0.000001
14.040000	0.000000	0.000001
14.050000	0.000000	0.000001
14.060000	0.000000	0.000001
14.070000	0.000000	0.000001
14.080000	0.000000	0.000001
14.090000	0.000000	0.000001
14.100000	0.000000	0.000001
14.110000	0.000000	0.000001
14.120000	0.000000	0.000001
14.130000	0.000000	0.000001
14.140000	0.000000	0.000001
14.150000	0.000000	0.000001
14.160000	0.000000	0.000001
14.170000	0.000000	1.0e-06
14.180000	0.000000	9.8e-07
14.190000	0.000000	9.7e-07
14.200000	0.000000	9.5e-07
14.210000	0.000000	9.4e-07
14.220000	0.000000	9.2e-07
14.230000	0.000000	9.1e-07
14.240000	0.000000	9.0e-07
14.250000	0.000000	8.8e-07
14.260000	0.000000	8.7e-07
14.270000	0.000000	8.6e-07
14.280000	0.000000	8.4e-07
14.290000	0.000000	8.3e-07
14.300000	0.000000	8.2e-07
14.310000	0.000000	8.1e-07
14.320000	0.000000	7.9e-07
14.330000	0.000000	7.8e-07
14.340000	0.000000	7.7e-07
14.350000	0.000000	7.6e-07
14.360000	0.000000	7.5e-07
14.370000	0.000000	7.3e-07
14.380000	0.000000	7.2e-07
14.390000	0.000000	7.1e-07
14.400000	0.000000	7.0e-07
14.410000	0.000000	6.9e-07
14.420000	0.000000	6.8e-07
14.430000	0.000000	6.7e-07
14.440000	0.000000	6.6e-07
14.450000	0.000000	6.5e-07
14.460000	0.000000	6.4e-07
14.470000	0.000000	6.3e-07
14.480000	0.000000	6.2e-07
14.490000	0.000000	6.1e-07
14.500000	0.000000	6.0e-07
14.510000	0.000000	5.9e-07
14.520000	0.000000	5.8e-07
14.530000	0.000000	5.7e-07
14.540000	0.000000	5.7e-07
14.550000	0.000000	5.6e-07
14.560000	0.000000	5.5e-07
14.570000	0.000000	5.4e-07
14.580000	0.000000	5.3e-07
14.590000	0.000000	5.2e-07
14.600000	0.000000	5.2e-07
14.610000	0.000000	5.1e-07
14.620000	0.000000	5.0e-07
14.630000	0.000000	4.9e-07
14.640000	0.000000	4.9e-07
14.650000	0.000000	4.8e-07
14.660000	0.000000	4.7e-07
14.670000	0.000000	4.6e-07
14.680000	0.000000	4.5e-07
14.690000	0.000000	4.5e-07
14.700000	0.000000	4.4e-07
14.710000	0.000000	4.3e-07
14.720000	0.000000	4.3e-07
14.730000	0.000000	4.2e-07
14.740000	0.000000	4.1e-07
14.750000	0.000000	4.1e-07
14.760000	0.000000	4.0e-07
14.770000	0.000000	4.0e-07
14.780000	0.000000	3.9e-07
14.790000	0.000000	3.9e-07
14.800000	0.000000	3.8e-07
14.810000	0.000000	3.7e-07
14.820000	0.000000	3.7e-07
14.830000	0.000000	3.6e-07
14.840000	0.000000	3.6e-07
14.850000	0.000000	3.5e-07
14.860000	0.000000	3.5e-07
14.870000	0.000000	3.4e-07
14.880000	0.000000	3.4e-07
14.890000	0.000000	3.3e-07
14.900000	0.000000	3.3e-07
14.910000	0.000000	3.2e-07
14.920000	0.000000	3.1e-07
14.930000	0.000000	3.1e-07
14.940000	0.000000	3.1e-07
14.950000	0.000000	3.0e-07
14.960000	0.000000	3.0e-07
14.970000	0.000000	2.9e-07
14.980000	0.000000	2.9e-07
14.990000	0.000000	2.8e-07
15.000000	0.000000	2.8e-07
15.010000	0.000000	2.7e-07
15.020000	0.000000	2.7e-07
15.030000	0.000000	2.7e-07
15.040000	0.000000	2.6e-07
15.050000	0.000000	2.6e-07
15.060000	0.000000	2.5e-07
15.070000	0.000000	2.5e-07
15.080000	0.000000	2.5e-07
15.090000	0.000000	2.4e-07
15.100000	0.000000	2.4e-07
15.110000	0.000000	2.4e-07
15.120000	0.000000	2.3e-07
15.130000	0.000000	2.3e-07
15.140000	0.000000	2.3e-07
15.150000	0.000000	2.2e-07
15.160000	0.000000	2.2e-07
15.170000	0.000000	2.1e-07
15.180000	0.000000	2.1e-07
15.190000	0.000000	2.1e-07
15.200000	0.000000	2.0e-07
15.210000	0.000000	2.0e-07
15.220000	0.000000	2.0e-07
15.230000	0.000000	2.0e-07
15.240000	0.000000	1.9e-07
15.250000	0.000000	1.9e-07
15.260000	0.000000	1.9e-07
15.270000	0.000000	1.8e-07
15.280000	0.000000	1.8e-07
15.290000	0.000000	1.8e-07
15.300000	0.000000	1.8e-07
15.310000	0.000000	1.7e-07
15.320000	0.000000	1.7e-07
15.330000	0.000000	1.7e-07
15.340000	0.000000	1.7e-07
15.350000	0.000000	1.6e-07
15.360000	0.000000	1.6e-07
15.370000	0.000000	1.6e-07
15.380000	0.000000	1.6e-07
15.390000	0.000000	1.5e-07
15.400000	0.000000	1.5e-07
15.410000	0.000000	1.5e-07
15.420000	0.000000	1.5e-07
15.430000	0.000000	1.4e-07
15.440000	0.000000	1.4e-07
15.450000	0.000000	1.4e-07
15.460000	0.000000	1.4e-07
15.470000	0.000000	1.4e-07
15.480000	0.000000	1.3e-07
15.490000	0.000000	1.3e-07
15.500000	0.000000	1.3e-07
15.510000	0.000000	1.3e-07
15.520000	0.000000	1.3e-07
15.530000	0.000000	1.2e-07
15.540000	0.000000	1.2e-07
15.550000	0.000000	1.2e-07
15.560000	0.000000	1.2e-07
15.570000	0.000000	1.2e-07
15.580000	0.000000	1.1e-07
15.590000	0.000000	1.1e-07
15.600000	0.000000	1.1e-07
15.610000	0.000000	1.1e-07
15.620000	0.000000	1.1e-07
15.630000	0.000000	1.1e-07
15.640000	0.000000	1.0e-07
15.650000	0.000000	1.0e-07
15.660000	0.000000	1.0e-07
15.670000	0.000000	1.0e-07
15.680000	0.000000	9.9e-08
15.690000	0.000000	9.7e-08
15.700000	0.000000	9.5e-08
15.710000	0.000000	9.4e-08
15.720000	0.000000	9.2e-08
15.730000	0.000000	9.1e-08
15.740000	0.000000	8.9e-08
15.750000	0.000000	8.8e-08
15.760000	0.000000	8.7e-08
15.770000	0.000000	8.6e-08
15.780000	0.000000	8.4e-08
15.790000	0.000000	8.3e-08
15.800000	0.000000	8.2e-08
15.810000	0.000000	8.1e-08
15.820000	0.000000	8.0e-08
15.830000	0.000000	7.8e-08
15.840000	0.000000	7.7e-08
15.850000	0.000000	7.6e-08
15.860000	0.000000	7.5e-08
15.870000	0.000000	7.4e-08
15.880000	0.000000	7.3e-08
15.890000	0.000000	7.2e-08
15.900000	0.000000	7.0e-08
15.910000	0.000000	6.9e-08
15.920000	0.000000	6.8e-08
15.930000	0.000000	6.7e-08
15.940000	0.000000	6.6e-08
15.950000	0.000000	6.5e-08
15.960000	0.000000	6.4e-08
15.970000	0.000000	6.3e-08
15.980000	0.000000	6.2e-08
15.990000	0.000000	6.1e-08
16.000000	0.000000	6.0e-08
16.010000	0.000000	5.9e-08
16.020000	0.000000	5.8e-08
16.030000	0.000000	5.8e-08
16.040000	0.000000	5.7e-08
16.050000	0.000000	5.6e-08
16.060000	0.000000	5.5e-08
16.070000	0.000000	5.4e-08
16.080000	0.000000	5.3e-08
16.090000	0.000000	5.3e-08
16.100000	0.000000	5.2e-08
16.110000	0.000000	5.1e-08
16.120000	0.000000	5.0e-08
16.130000	0.000000	5.0e-08
16.140000	0.000000	4.9e-08
16.150000	0.000000	4.8e-08
16.160000	0.000000	4.7e-08
16.170000	0.000000	4.7e-08
16.180000	0.000000	4.6e-08
16.190000	0.000000	4.5e-08
16.200000	0.000000	4.5e-08
16.210000	0.000000	4.4e-08
16.220000	0.000000	4.3e-08
16.230000	0.000000	4.2e-08
16.240000	0.000000	4.2e-08
16.250000	0.000000	4.1e-08
16.260000	0.000000	4.0e-08
16.270000	0.000000	4.0e-08
16.280000	0.000000	3.9e-08
16.290000	0.000000	3.9e-08
16.300000	0.000000	3.8e-08
16.310000	0.000000	3.8e-08
16.320000	0.000000	3.7e-08
16.330000	0.000000	3.6e-08
16.340000	0.000000	3.6e-08
16.350000	0.000000	3.5e-08
16.360000	0.000000	3.5e-08
16.370000	0.000000	3.4e-08
16.380000	0.000000	3.4e-08
16.390000	0.000000	3.3e-08
16.400000	0.000000	3.3e-08
16.410000	0.000000	3.2e-08
16.420000	0.000000	3.2e-08
16.430000	0.000000	3.1e-08
16.440000	0.000000	3.1e-08
16.450000	0.000000	3.0e-08
16.460000	0.000000	3.0e-08
16.470000	0.000000	2.9e-08
16.480000	0.000000	2.9e-08
16.490000	0.000000	2.9e-08
16.500000	0.000000	2.8e-08
16.510000	0.000000	2.8e-08
16.520000	0.000000	2.7e-08
16.530000	0.000000	2.7e-08
16.540000	0.000000	2.6e-08
16.550000	0.000000	2.6e-08
16.560000	0.000000	2.6e-08
16.570000	0.000000	2.5e-08
16.580000	0.000000	2.5e-08
16.590000	0.000000	2.5e-08
16.600000	0.000000	2.4e-08
16.610000	0.000000	2.4e-08
16.620000	0.000000	2.3e-08
16.630000	0.000000	2.3e-08
16.640000	0.000000	2.3e-08
16.650000	0.000000	2.2e-08
16.660000	0.000000	2.2e-08
16.670000	0.000000	2.2e-08
16.680000	0.000000	2.1e-08
16.690000	0.000000	2.1e-08
16.700000	0.000000	2.1e-08
16.710000	0.000000	2.0e-08
16.720000	0.000000	2.0e-08
16.730000	0.000000	2.0e-08
16.740000	0.000000	1.9e-08
16.750000	0.000000	1.9e-08
16.760000	0.000000	1.9e-08
16.770000	0.000000	1.9e-08
16.780000	0.000000	1.8e-08
16.790000	0.000000	1.8e-08
16.800000	0.000000	1.8e-08
16.810000	0.000000	1.7e-08
16.820000	0.000000	1.7e-08
16.830000	0.000000	1.7e-08
16.840000	0.000000	1.7e-08
16.850000	0.000000	1.7e-08
16.860000	0.000000	1.6e-08
16.870000	0.000000	1.6e-08
16.880000	0.000000	1.6e-08
16.890000	0.000000	1.6e-08
16.900000	0.000000	1.5e-08
16.910000	0.000000	1.5e-08
16.920000	0.000000	1.5e-08
16.930000	0.000000	1.5e-08
16.940000	0.000000	1.4e-08
16.950000	0.000000	1.4e-08
16.960000	0.000000	1.4e-08
16.970000	0.000000	1.4e-08
16.980000	0.000000	1.4e-08
16.990000	0.000000	1.3e-08
17.000000	0.000000	1.3e-08
17.010000	0.000000	1.3e-08
17.020000	0.000000	1.3e-08
17.030000	0.000000	1.3e-08
17.040000	0.000000	1.2e-08
17.050000	0.000000	1.2e-08
17.060000	0.000000	1.2e-08
17.070000	0.000000	1.2e-08
17.080000	0.000000	1.2e-08
17.090000	0.000000	1.1e-08
17.100000	0.000000	1.1e-08
17.110000	0.000000	1.1e-08
17.120000	0.000000	1.1e-08
17.130000	0.000000	1.1e-08
17.140000	0.000000	1.1e-08
17.150000	0.000000	1.0e-08
17.160000	0.000000	1.0e-08
17.170000	0.000000	1.0e-08
17.180000	0.000000	1.0e-08
17.190000	0.000000	9.9e-09
17.200000	0.000000	9.7e-09
17.210000	0.000000	9.6e-09
17.220000	0.000000	9.4e-09
17.230000	0.000000	9.3e-09
17.240000	0.000000	9.1e-09
17.250000	0.000000	9.0e-09
17.260000	0.000000	8.8e-09
17.270000	0.000000	8.7e-09
17.280000	0.000000	8.6e-09
17.290000	0.000000	8.4e-09
17.300000	0.000000	8.3e-09
17.310000	0.000000	8.2e-09
17.320000	0.000000	8.0e-09
17.330000	0.000000	7.9e-09
17.340000	0.000000	7.8e-09
17.350000	0.000000	7.7e-09
17.360000	0.000000	7.6e-09
17.370000	0.000000	7.5e-09
17.380000	0.000000	7.4e-09
17.390000	0.000000	7.3e-09
17.400000	0.000000	7.2e-09
17.410000	0.000000	7.0e-09
17.420000	0.000000	6.9e-09
17.430000	0.000000	6.8e-09
17.440000	0.000000	6.7e-09
17.450000	0.000000	6.6e-09
17.460000	0.000000	6.5e-09
17.470000	0.000000	6.4e-09
17.480000	0.000000	6.3e-09
17.490000	0.000000	6.2e-09
17.500000	0.000000	6.1e-09
17.510000	0.000000	6.0e-09
17.520000	0.000000	5.9e-09
17.530000	0.000000	5.9e-09
17.540000	0.000000	5.8e-09
17.550000	0.000000	5.7e-09
17.560000	0.000000	5.6e-09
17.570000	0.000000	5.5e-09
17.580000	0.000000	5.4e-09
17.590000	0.000000	5.3e-09
17.600000	0.000000	5.3e-09
17.610000	0.000000	5.2e-09
17.620000	0.000000	5.1e-09
17.630000	0.000000	5.0e-09
17.640000	0.000000	5.0e-09
17.650000	0.000000	4.9e-09
17.660000	0.000000	4.8e-09
17.670000	0.000000	4.7e-09
17.680000	0.000000	4.7e-09
17.690000	0.000000	4.6e-09
17.700000	0.000000	4.5e-09
17.710000	0.000000	4.5e-09
17.720000	0.000000	4.4e-09
17.730000	0.000000	4.3e-09
17.740000	0.000000	4.3e-09
17.750000	0.000000	4.2e-09
17.760000	0.000000	4.1e-09
17.770000	0.000000	4.1e-09
17.780000	0.000000	4.0e-09
17.790000	0.000000	3.9e-09
17.800000	0.000000	3.9e-09
17.810000	0.000000	3.8e-09
17.820000	0.000000	3.8e-09
17.830000	0.000000	3.7e-09
17.840000	0.000000	3.7e-09
17.850000	0.000000	3.6e-09
17.860000	0.000000	3.5e-09
17.870000	0.000000	3.5e-09
17.880000	0.000000	3.4e-09
17.890000	0.000000	3.4e-09
17.900000	0.000000	3.3e-09
17.910000	0.000000	3.3e-09
17.920000	0.000000	3.2e-09
17.930000	0.000000	3.2e-09
17.940000	0.000000	3.1e-09
17.950000	0.000000	3.1e-09
17.960000	0.000000	3.1e-09
17.970000	0.000000	3.0e-09
17.980000	0.000000	3.0e-09
17.990000	0.000000	2.9e-09
18.000000	0.000000	2.9e-09
18.010000	0.000000	2.8e-09
18.020000	0.000000	2.8e-09
18.030000	0.000000	2.7e-09
18.040000	0.000000	2.7e-09
18.050000	0.000000	2.7e-09
18.060000	0.000000	2.6e-09
18.070000	0.000000	2.6e-09
18.080000	0.000000	2.5e-09
18.090000	0.000000	2.5e-09
18.100000	0.000000	2.5e-09
18.110000	0.000000	2.4e-09
18.120000	0.000000	2.4e-09
18.130000	0.000000	2.4e-09
18.140000	0.000000	2.3e-09
18.150000	0.000000	2.3e-09
18.160000	0.000000	2.3e-09
18.170000	0.000000	2.2e-09
18.180000	0.000000	2.2e-09
18.190000	0.000000	2.2e-09
18.200000	0.000000	2.1e-09
18.210000	0.000000	2.1e-09
18.220000	0.000000	2.1e-09
18.230000	0.000000	2.0e-09
18.240000	0.000000	2.0e-09
18.250000	0.000000	2.0e-09
18.260000	0.000000	1.9e-09
18.270000	0.000000	1.9e-09
18.280000	0.000000	1.9e-09
18.290000	0.000000	1.8e-09
18.300000	0.000000	1.8e-09
18.310000	0.000000	1.8e-09
18.320000	0.000000	1.8e-09
18.330000	0.000000	1.7e-09
18.340000	0.000000	1.7e-09
18.350000	0.000000	1.7e-09
18.360000	0.000000	1.7e-09
18.370000	0.000000	1.6e-09
18.380000	0.000000	1.6e-09
18.390000	0.000000	1.6e-09
18.400000	0.000000	1.6e-09
18.410000	0.000000	1.5e-09
18.420000	0.000000	1.5e-09
18.430000	0.000000	1.5e-09
18.440000	0.000000	1.5e-09
18.450000	0.000000	1.5e-09
18.460000	0.000000	1.4e-09
18.470000	0.000000	1.4e-09
18.480000	0.000000	1.4e-09
18.490000	0.000000	1.4e-09
18.500000	0.000000	1.3e-09
18.510000	0.000000	1.3e-09
18.520000	0.000000	1.3e-09
18.530000	0.000000	1.3e-09
18.540000	0.000000	1.3e-09
18.550000	0.000000	1.2e-09
18.560000	0.000000	1.2e-09
18.570000	0.000000	1.2e-09
18.580000	0.000000	1.2e-09
18.590000	0.000000	1.2e-09
18.600000	0.000000	1.2e-09
18.610000	0.000000	1.1e-09
18.620000	0.000000	1.1e-09
18.630000	0.000000	1.1e-09
18.640000	0.000000	1.1e-09
18.650000	0.000000	1.1e-09
18.660000	0.000000	1.1e-09
18.670000	0.000000	1.0e-09
18.680000	0.000000	1.0e-09
18.690000	0.000000	1.0e-09
18.700000	0.000000	1.0e-09
18.710000	0.000000	9.8e-10
18.720000	0.000000	9.7e-10
18.730000	0.000000	9.5e-10
18.740000	0.000000	9.4e-10
18.750000	0.000000	9.2e-10
18.760000	0.000000	9.1e-10
18.770000	0.000000	8.9e-10
18.780000	0.000000	8.8e-10
18.790000	0.000000	8.7e-10
18.800000	0.000000	8.5e-10
18.810000	0.000000	8.4e-10
18.820000	0.000000	8.3e-10
18.830000	0.000000	8.1e-10
18.840000	0.000000	8.0e-10
18.850000	0.000000	7.9e-10
18.860000	0.000000	7.8e-10
18.870000	0.000000	7.7e-10
18.880000	0.000000	7.5e-10
18.890000	0.000000	7.4e-10
18.900000	0.000000	7.3e-10
18.910000	0.000000	7.2e-10
18.920000	0.000000	7.1e-10
18.930000	0.000000	7.0e-10
18.940000	0.000000	6.9e-10
18.950000	0.000000	6.8e-10
18.960000	0.000000	6.7e-10
18.970000	0.000000	6.6e-10
18.980000	0.000000	6.5e-10
18.990000	0.000000	6.4e-10
19.000000	0.000000	6.3e-10
19.010000	0.000000	6.2e-10
19.020000	0.000000	6.1e-10
19.030000	0.000000	6.0e-10
19.040000	0.000000	5.9e-10
19.050000	0.000000	5.9e-10
19.060000	0.000000	5.8e-10
19.070000	0.000000	5.7e-10
19.080000	0.000000	5.6e-10
19.090000	0.000000	5.5e-10
19.100000	0.000000	5.4e-10
19.110000	0.000000	5.3e-10
19.120000	0.000000	5.2e-10
19.130000	0.000000	5.2e-10
19.140000	0.000000	5.1e-10
19.150000	0.000000	5.0e-10
19.160000	0.000000	4.9e-10
19.170000	0.000000	4.9e-10
19.180000	0.000000	4.8e-10
19.190000	0.000000	4.7e-10
19.200000	0.000000	4.7e-10
19.210000	0.000000	4.6e-10
19.220000	0.000000	4.5e-10
19.230000	0.000000	4.5e-10
19.240000	0.000000	4.4e-10
19.250000	0.000000	4.3e-10
19.260000	0.000000	4.3e-10
19.270000	0.000000	4.2e-10
19.280000	0.000000	4.1e-10
19.290000	0.000000	4.1e-10
19.300000	0.000000	4.0e-10
19.310000	0.000000	4.0e-10
19.320000	0.000000	3.9e-10
19.330000	0.000000	3.8e-10
19.340000	0.000000	3.8e-10
19.350000	0.000000	3.7e-10
19.360000	0.000000	3.7e-10
19.370000	0.000000	3.6e-10
19.380000	0.000000	3.5e-10
19.390000	0.000000	3.5e-10
19.400000	0.000000	3.4e-10
19.410000	0.000000	3.4e-10
19.420000	0.000000	3.3e-10
19.430000	0.000000	3.3e-10
19.440000	0.000000	3.2e-10
19.450000	0.000000	3.2e-10
19.460000	0.000000	3.1e-10
19.470000	0.000000	3.1e-10
19.480000	0.000000	3.1e-10
19.490000	0.000000	3.0e-10
19.500000	0.000000	3.0e-10
19.510000	0.000000	2.9e-10
19.520000	0.000000	2.9e-10
19.530000	0.000000	2.8e-10
19.540000	0.000000	2.8e-10
19.550000	0.000000	2.8e-10
19.560000	0.000000	2.7e-10
19.570000	0.000000	2.7e-10
19.580000	0.000000	2.6e-10
19.590000	0.000000	2.6e-10
19.600000	0.000000	2.5e-10
19.610000	0.000000	2.5e-10
19.620000	0.000000	2.5e-10
19.630000	0.000000	2.4e-10
19.640000	0.000000	2.4e-10
19.650000	0.000000	2.4e-10
19.660000	0.000000	2.3e-10
19.670000	0.000000	2.3e-10
19.680000	0.000000	2.2e-10
19.690000	0.000000	2.2e-10
19.700000	0.000000	2.2e-10
19.710000	0.000000	2.2e-10
19.720000	0.000000	2.1e-10
19.730000	0.000000	2.1e-10
19.740000	0.000000	2.1e-10
19.750000	0.000000	2.0e-10
19.760000	0.000000	2.0e-10
19.770000	0.000000	2.0e-10
19.780000	0.000000	1.9e-10
19.790000	0.000000	1.9e-10
19.800000	0.000000	1.9e-10
19.810000	0.000000	1.9e-10
19.820000	0.000000	1.8e-10
19.830000	0.000000	1.8e-10
19.840000	0.000000	1.8e-10
19.850000	0.000000	1.7e-10
19.860000	0.000000	1.7e-10
19.870000	0.000000	1.7e-10
19.880000	0.000000	1.7e-10
19.890000	0.000000	1.6e-10
19.900000	0.000000	1.6e-10
19.910000	0.000000	1.6e-10
19.920000	0.000000	1.6e-10
19.930000	0.000000	1.5e-10
19.940000	0.000000	1.5e-10
19.950000	0.000000	1.5e-10
19.960000	0.000000	1.5e-10
19.970000	0.000000	1.5e-10
19.980000	0.000000	1.4e-10
19.990000	0.000000	1.4e-10
20.000000	0.000000	1.4e-10
20.010000	0.000000	1.4e-10
20.020000	0.000000	1.4e-10
20.030000	0.000000	1.3e-10
20.040000	0.000000	1.3e-10
20.050000	0.000000	1.3e-10
20.060000	0.000000	1.3e-10
20.070000	0.000000	1.3e-10
20.080000	0.000000	1.2e-10
20.090000	0.000000	1.2e-10
20.100000	0.000000	1.2e-10
20.110000	0.000000	1.2e-10
20.120000	0.000000	1.2e-10
20.130000	0.000000	1.1e-10
20.140000	0.000000	1.1e-10
20.150000	0.000000	1.1e-10
20.160000	0.000000	1.1e-10
20.170000	0.000000	1.1e-10
20.180000	0.000000	1.1e-10
20.190000	0.000000	1.0e-10
20.200000	0.000000	1.0e-10
20.210000	0.000000	1.0e-10
20.220000	0.000000	1.0e-10
20.230000	0.000000	9.8e-11
20.240000	0.000000	9.7e-11
20.250000	0.000000	9.5e-11
20.260000	0.000000	9.4e-11
20.270000	0.000000	9.3e-11
20.280000	0.000000	9.1e-11
20.290000	0.000000	9.0e-11
20.300000	0.000000	8.9e-11
20.310000	0.000000	8.7e-11
20.320000	0.000000	8.6e-11
20.330000	0.000000	8.5e-11
20.340000	0.000000	8.4e-11
20.350000	0.000000	8.2e-11
20.360000	0.000000	8.1e-11
20.370000	0.000000	8.0e-11
20.380000	0.000000	7.9e-11
20.390000	0.000000	7.7e-11
20.400000	0.000000	7.6e-11
20.410000	0.000000	7.5e-11
20.420000	0.000000	7.4e-11
20.430000	0.000000	7.2e-11
20.440000	0.000000	7.1e-11
20.450000	0.000000	7.0e-11
20.460000	0.000000	6.9e-11
20.470000	0.000000	6.8e-11
20.480000	0.000000	6.7e-11
20.490000	0.000000	6.6e-11
20.500000	0.000000	6.5e-11
20.510000	0.000000	6.5e-11
20.520000	0.000000	6.4e-11
20.530000	0.000000	6.3e-11
20.540000	0.000000	6.2e-11
20.550000	0.000000	6.1e-11
20.560000	0.000000	6.0e-11
20.570000	0.000000	5.9e-11
20.580000	0.000000	5.8e-11
20.590000	0.000000	5.7e-11
20.600000	0.000000	5.6e-11
20.610000	0.000000	5.6e-11
20.620000	0.000000	5.5e-11
20.630000	0.000000	5.4e-11
20.640000	0.000000	5.3e-11
20.650000	0.000000	5.2e-11
20.660000	0.000000	5.1e-11
20.670000	0.000000	5.1e-11
20.680000	0.000000	5.0e-11
20.690000	0.000000	4.9e-11
20.700000	0.000000	4.8e-11
20.710000	0.000000	4.7e-11
20.720000	0.000000	4.7e-11
20.730000	0.000000	4.6e-11
20.740000	0.000000	4.5e-11
20.750000	0.000000	4.5e-11
20.760000	0.000000	4.4e-11
20.770000	0.000000	4.4e-11
20.780000	0.000000	4.3e-11
20.790000	0.000000	4.2e-11
20.800000	0.000000	4.2e-11
20.810000	0.000000	4.1e-11
20.820000	0.000000	4.1e-11
20.830000	0.000000	4.0e-11
20.840000	0.000000	3.9e-11
20.850000	0.000000	3.9e-11
20.860000	0.000000	3.8e-11
20.870000	0.000000	3.8e-11
20.880000	0.000000	3.7e-11
20.890000	0.000000	3.6e-11
20.900000	0.000000	3.6e-11
20.910000	0.000000	3.5e-11
20.920000	0.000000	3.5e-11
20.930000	0.000000	3.4e-11
20.940000	0.000000	3.4e-11
20.950000	0.000000	3.3e-11
20.960000	0.000000	3.3e-11
20.970000	0.000000	3.2e-11
20.980000	0.000000	3.2e-11
20.990000	0.000000	3.1e-11
21.000000	0.000000	3.1e-11
21.010000	0.000000	3.0e-11
21.020000	0.000000	3.0e-11
21.030000	0.000000	2.9e-11
21.040000	0.000000	2.9e-11
21.050000	0.000000	2.9e-11
21.060000	0.000000	2.8e-11
21.070000	0.000000	2.8e-11
21.080000	0.000000	2.7e-11
21.090000	0.000000	2.7e-11
21.100000	0.000000	2.7e-11
21.110000	0.000000	2.6e-11
21.120000	0.000000	2.6e-11
21.130000	0.000000	2.5e-11
21.140000	0.000000	2.5e-11
21.150000	0.000000	2.5e-11
21.160000	0.000000	2.4e-11
21.170000	0.000000	2.4e-11
21.180000	0.000000	2.4e-11
21.190000	0.000000	2.3e-11
21.200000	0.000000	2.3e-11
21.210000	0.000000	2.2e-11
21.220000	0.000000	2.2e-11
21.230000	0.000000	2.2e-11
21.240000	0.000000	2.1e-11
21.250000	0.000000	2.1e-11
21.260000	0.000000	2.1e-11
21.270000	0.000000	2.0e-11
21.280000	0.000000	2.0e-11
21.290000	0.000000	2.0e-11
21.300000	0.000000	2.0e-11
21.310000	0.000000	1.9e-11
21.320000	0.000000	1.9e-11
21.330000	0.000000	1.9e-11
21.340000	0.000000	1.9e-11
21.350000	0.000000	1.8e-11
21.360000	0.000000	1.8e-11
21.370000	0.000000	1.8e-11
21.380000	0.000000	1.7e-11
21.390000	0.000000	1.7e-11
21.400000	0.000000	1.7e-11
21.410000	0.000000	1.7e-11
21.420000	0.000000	1.6e-11
21.430000	0.000000	1.6e-11
21.440000	0.000000	1.6e-11
21.450000	0.000000	1.6e-11
21.460000	0.000000	1.5e-11
21.470000	0.000000	1.5e-11
21.480000	0.000000	1.5e-11
21.490000	0.000000	1.5e-11
21.500000	0.000000	1.5e-11
21.510000	0.000000	1.4e-11
21.520000	0.000000	1.4e-11
21.530000	0.000000	1.4e-11
21.540000	0.000000	1.4e-11
21.550000	0.000000	1.4e-11
21.560000	0.000000	1.3e-11
21.570000	0.000000	1.3e-11
21.580000	0.000000	1.3e-11
21.590000	0.000000	1.3e-11
21.600000	0.000000	1.2e-11
21.610000	0.000000	1.2e-11
21.620000	0.000000	1.2e-11
21.630000	0.000000	1.2e-11
21.640000	0.000000	1.1e-11
21.650000	0.000000	1.1e-11
21.660000	0.000000	1.1e-11
21.670000	0.000000	1.1e-11
21.680000	0.000000	1.1e-11
21.690000	0.000000	1.0e-11
21.700000	0.000000	1.0e-11
21.710000	0.000000	1.0e-11
21.720000	0.000000	1.0e-11
21.730000	0.000000	9.8e-12
21.740000	0.000000	9.7e-12
21.750000	0.000000	9.5e-12
21.760000	0.000000	9.4e-12
21.770000	0.000000	9.2e-12
21.780000	0.000000	9.1e-12
21.790000	0.000000	9.0e-12
21.800000	0.000000	8.8e-12
21.810000	0.000000	8.7e-12
21.820000	0.000000	8.6e-12
21.830000	0.000000	8.5e-12
21.840000	0.000000	8.3e-12
21.850000	0.000000	8.2e-12
21.860000	0.000000	8.1e-12
21.870000	0.000000	7.9e-12
21.880000	0.000000	7.8e-12
21.890000	0.000000	7.7e-12
21.900000	0.000000	7.6e-12
21.910000	0.000000	7.5e-12
21.920000	0.000000	7.3e-12
21.930000	0.000000	7.2e-12
21.940000	0.000000	7.1e-12
21.950000	0.000000	7.0e-12
21.960000	0.000000	6.9e-12
21.970000	0.000000	6.8e-12
21.980000	0.000000	6.7e-12
21.990000	0.000000	6.6e-12
22.000000	0.000000	6.5e-12
22.010000	0.000000	6.5e-12
22.020000	0.000000	6.4e-12
22.030000	0.000000	6.3e-12
22.040000	0.000000	6.2e-12
22.050000	0.000000	6.1e-12
22.060000	0.000000	6.0e-12
22.070000	0.000000	5.9e-12
22.080000	0.000000	5.8e-12
22.090000	0.000000	5.7e-12
22.100000	0.000000	5.6e-12
22.110000	0.000000	5.5e-12
22.120000	0.000000	5.5e-12
22.130000	0.000000	5.4e-12
22.140000	0.000000	5.3e-12
22.150000	0.000000	5.2e-12
22.160000	0.000000	5.1e-12
22.170000	0.000000	5.0e-12
22.180000	0.000000	5.0e-12
22.190000	0.000000	4.9e-12
22.200000	0.000000	4.8e-12
22.210000	0.000000	4.8e-12
22.220000	0.000000	4.7e-12
22.230000	0.000000	4.6e-12
22.240000	0.000000	4.6e-12
22.250000	0.000000	4.5e-12
22.260000	0.000000	4.4e-12
22.270000	0.000000	4.4e-12
22.280000	0.000000	4.3e-12
22.290000	0.000000	4.2e-12
22.300000	0.000000	4.2e-12
22.310000	0.000000	4.1e-12
22.320000	0.000000	4.1e-12
22.330000	0.000000	4.0e-12
22.340000	0.000000	3.9e-12
22.350000	0.000000	3.9e-12
22.360000	0.000000	3.8e-12
22.370000	0.000000	3.8e-12
22.380000	0.000000	3.7e-12
22.390000	0.000000	3.6e-12
22.400000	0.000000	3.6e-12
22.410000	0.000000	3.5e-12
22.420000	0.000000	3.5e-12
22.430000	0.000000	3.4e-12
22.440000	0.000000	3.4e-12
22.450000	0.000000	3.3e-12
22.460000	0.000000	3.3e-12
22.470000	0.000000	3.2e-12
22.480000	0.000000	3.2e-12
22.490000	0.000000	3.1e-12
22.500000	0.000000	3.1e-12
22.510000	0.000000	3.0e-12
22.520000	0.000000	3.0e-12
22.530000	0.000000	3.0e-12
22.540000	0.000000	2.9e-12
22.550000	0.000000	2.9e-12
22.560000	0.000000	2.8e-12
22.570000	0.000000	2.8e-12
22.580000	0.000000	2.7e-12
22.590000	0.000000	2.7e-12
22.600000	0.000000	2.7e-12
22.610000	0.000000	2.6e-12
22.620000	0.000000	2.6e-12
22.630000	0.000000	2.5e-12
22.640000	0.000000	2.5e-12
22.650000	0.000000	2.5e-12
22.660000	0.000000	2.4e-12
22.670000	0.000000	2.4e-12
22.680000	0.000000	2.4e-12
22.690000	0.000000	2.3e-12
22.700000	0.000000	2.3e-12
22.710000	0.000000	2.2e-12
22.720000	0.000000	2.2e-12
22.730000	0.000000	2.2e-12
22.740000	0.000000	2.2e-12
22.750000	0.000000	2.1e-12
22.760000	0.000000	2.1e-12
22.770000	0.000000	2.1e-12
22.780000	0.000000	2.0e-12
22.790000	0.000000	2.0e-12
22.800000	0.000000	2.0e-12
22.810000	0.000000	1.9e-12
22.820000	0.000000	1.9e-12
22.830000	0.000000	1.9e-12
22.840000	0.000000	1.9e-12
22.850000	0.000000	1.8e-12
22.860000	0.000000	1.8e-12
22.870000	0.000000	1.8e-12
22.880000	0.000000	1.8e-12
22.890000	0.000000	1.7e-12
22.900000	0.000000	1.7e-12
22.910000	0.000000	1.7e-12
22.920000	0.000000	1.6e-12
22.930000	0.000000	1.6e-12
22.940000	0.000000	1.6e-12
22.950000	0.000000	1.5e-12
22.960000	0.000000	1.5e-12
22.970000	0.000000	1.5e-12
22.980000	0.000000	1.5e-12
22.990000	0.000000	1.5e-12
23.000000	0.000000	1.4e-12
23.010000	0.000000	1.4e-12
23.020000	0.000000	1.4e-12
23.030000	0.000000	1.4e-12
23.040000	0.000000	1.4e-12
23.050000	0.000000	1.3e-12
23.060000	0.000000	1.3e-12
23.070000	0.000000	1.3e-12
23.080000	0.000000	1.3e-12
23.090000	0.000000	1.3e-12
23.100000	0.000000	1.2e-12
23.110000	0.000000	1.2e-12
23.120000	0.000000	1.2e-12
23.130000	0.000000	1.2e-12
23.140000	0.000000	1.2e-12
23.150000	0.000000	1.2e-12
23.160000	0.000000	1.1e-12
23.170000	0.000000	1.1e-12
23.180000	0.000000	1.1e-12
23.190000	0.000000	1.1e-12
23.200000	0.000000	1.1e-12
23.210000	0.000000	1.0e-12
23.220000	0.000000	1.0e-12
23.230000	0.000000	1.0e-12
23.240000	0.000000	1.0e-12
23.250000	0.000000	9.9e-13
23.260000	0.000000	9.7e-13
23.270000	0.000000	9.6e-13
23.280000	0.000000	9.5e-13
23.290000	0.000000	9.3e-13
23.300000	0.000000	9.2e-13
23.310000	0.000000	9.1e-13
23.320000	0.000000	8.9e-13
23.330000	0.000000	8.8e-13
23.340000	0.000000	8.7e-13
23.350000	0.000000	8.6e-13
23.360000	0.000000	8.4e-13
23.370000	0.000000	8.3e-13
23.380000	0.000000	8.2e-13
23.390000	0.000000	8.1e-13
23.400000	0.000000	8.0e-13
23.410000	0.000000	7.8e-13
23.420000	0.000000	7.7e-13
23.430000	0.000000	7.6e-13
23.440000	0.000000	7.5e-13
23.450000	0.000000	7.3e-13
23.460000	0.000000	7.2e-13
23.470000	0.000000	7.1e-13
23.480000	0.000000	7.0e-13
23.490000	0.000000	6.9e-13
23.500000	0.000000	6.8e-13
23.510000	0.000000	6.7e-13
23.520000	0.000000	6.6e-13
23.530000	0.000000	6.5e-13
23.540000	0.000000	6.4e-13
23.550000	0.000000	6.3e-13
23.560000	0.000000	6.2e-13
23.570000	0.000000	6.1e-13
23.580000	0.000000	6.1e-13
23.590000	0.000000	6.0e-13
23.600000	0.000000	5.9e-13
23.610000	0.000000	5.8e-13
23.620000	0.000000	5.7e-13
23.630000	0.000000	5.6e-13
23.640000	0.000000	5.5e-13
23.650000	0.000000	5.5e-13
23.660000	0.000000	5.4e-13
23.670000	0.000000	5.3e-13
23.680000	0.000000	5.2e-13
23.690000	0.000000	5.1e-13
23.700000	0.000000	5.1e-13
23.710000	0.000000	5.0e-13
23.720000	0.000000	4.9e-13
23.730000	0.000000	4.8e-13
23.740000	0.000000	4.7e-13
23.750000	0.000000	4.7e-13
23.760000	0.000000	4.6e-13
23.770000	0.000000	4.5e-13
23.780000	0.000000	4.5e-13
23.790000	0.000000	4.4e-13
23.800000	0.000000	4.3e-13
23.810000	0.000000	4.3e-13
23.820000	0.000000	4.2e-13
23.830000	0.000000	4.2e-13
23.840000	0.000000	4.1e-13
23.850000	0.000000	4.0e-13
23.860000	0.000000	4.0e-13
23.870000	0.000000	3.9e-13
23.880000	0.000000	3.9e-13
23.890000	0.000000	3.8e-13
23.900000	0.000000	3.8e-13
23.910000	0.000000	3.7e-13
23.920000	0.000000	3.7e-13
23.930000	0.000000	3.6e-13
23.940000	0.000000	3.5e-13
23.950000	0.000000	3.5e-13
23.960000	0.000000	3.4e-13
23.970000	0.000000	3.4e-13
23.980000	0.000000	3.3e-13
23.990000	0.000000	3.3e-13
24.000000	0.000000	3.2e-13
24.010000	0.000000	3.2e-13
24.020000	0.000000	3.1e-13
24.030000	0.000000	3.1e-13
24.040000	0.000000	3.0e-13
24.050000	0.000000	3.0e-13
24.060000	0.000000	2.9e-13
24.070000	0.000000	2.9e-13
24.080000	0.000000	2.9e-13
24.090000	0.000000	2.8e-13
24.100000	0.000000	2.8e-13
24.110000	0.000000	2.7e-13
24.120000	0.000000	2.7e-13
24.130000	0.000000	2.7e-13
24.140000	0.000000	2.6e-13
24.150000	0.000000	2.6e-13
24.160000	0.000000	2.5e-13
24.170000	0.000000	2.5e-13
24.180000	0.000000	2.5e-13
24.190000	0.000000	2.4e-13
24.200000	0.000000	2.4e-13
24.210000	0.000000	2.4e-13
24.220000	0.000000	2.3e-13
24.230000	0.000000	2.3e-13
24.240000	0.000000	2.3e-13
24.250000	0.000000	2.2e-13
24.260000	0.000000	2.2e-13
24.270000	0.000000	2.2e-13
24.280000	0.000000	2.1e-13
24.290000	0.000000	2.1e-13
24.300000	0.000000	2.0e-13
24.310000	0.000000	2.0e-13
24.320000	0.000000	2.0e-13
24.330000	0.000000	2.0e-13
24.340000	0.000000	1.9e-13
24.350000	0.000000	1.9e-13
24.360000	0.000000	1.9e-13
24.370000	0.000000	1.9e-13
24.380000	0.000000	1.8e-13
24.390000	0.000000	1.8e-13
24.400000	0.000000	1.8e-13
24.410000	0.000000	1.8e-13
24.420000	0.000000	1.7e-13
24.430000	0.000000	1.7e-13
24.440000	0.000000	1.7e-13
24.450000	0.000000	1.7e-13
24.460000	0.000000	1.6e-13
24.470000	0.000000	1.6e-13
24.480000	0.000000	1.6e-13
24.490000	0.000000	1.6e-13
24.500000	0.000000	1.5e-13
24.510000	0.000000	1.5e-13
24.520000	0.000000	1.5e-13
24.530000	0.000000	1.5e-13
24.540000	0.000000	1.4e-13
24.550000	0.000000	1.4e-13
24.560000	0.000000	1.4e-13
24.570000	0.000000	1.4e-13
24.580000	0.000000	1.4e-13
24.590000	0.000000	1.3e-13
24.600000	0.000000	1.3e-13
24.610000	0.000000	1.3e-13
24.620000	0.000000	1.3e-13
24.630000	0.000000	1.3e-13
24.640000	0.000000	1.2e-13
24.650000	0.000000	1.2e-13
24.660000	0.000000	1.2e-13
24.670000	0.000000	1.2e-13
24.680000	0.000000	1.2e-13
24.690000	0.000000	1.2e-13
24.700000	0.000000	1.1e-13
24.710000	0.000000	1.1e-13
24.720000	0.000000	1.1e-13
24.730000	0.000000	1.1e-13
24.740000	0.000000	1.1e-13
24.750000	0.000000	1.1e-13
24.760000	0.000000	1.0e-13
24.770000	0.000000	1.0e-13
24.780000	0.000000	1.0e-13
24.790000	0.000000	9.9e-14
24.800000	0.000000	9.7e-14
24.810000	0.000000	9.6e-14
24.820000	0.000000	9.4e-14
24.830000	0.000000	9.3e-14
24.840000	0.000000	9.2e-14
24.850000	0.000000	9.0e-14
24.860000	0.000000	8.9e-14
24.870000	0.000000	8.8e-14
24.880000	0.000000	8.6e-14
24.890000	0.000000	8.5e-14
24.900000	0.000000	8.4e-14
24.910000	0.000000	8.3e-14
24.920000	0.000000	8.2e-14
24.930000	0.000000	8.0e-14
24.940000	0.000000	7.9e-14
24.950000	0.000000	7.8e-14
24.960000	0.000000	7.7e-14
24.970000	0.000000	7.6e-14
24.980000	0.000000	7.5e-14
24.990000	0.000000	7.4e-14
25.000000	0.000000	7.3e-14
25.010000	0.000000	7.2e-14
25.020000	0.000000	7.1e-14
25.030000	0.000000	7.0e-14
25.040000	0.000000	6.8e-14
25.050000	0.000000	6.7e-14
25.060000	0.000000	6.6e-14
25.070000	0.000000	6.5e-14
25.080000	0.000000	6.4e-14
25.090000	0.000000	6.3e-14
25.100000	0.000000	6.2e-14
25.110000	0.000000	6.1e-14
25.120000	0.000000	6.0e-14
25.130000	0.000000	6.0e-14
25.140000	0.000000	5.9e-14
25.150000	0.000000	5.8e-14
25.160000	0.000000	5.7e-14
25.170000	0.000000	5.6e-14
25.180000	0.000000	5.5e-14
25.190000	0.000000	5.5e-14
25.200000	0.000000	5.4e-14
25.210000	0.000000	5.3e-14
25.220000	0.000000	5.2e-14
25.230000	0.000000	5.2e-14
25.240000	0.000000	5.1e-14
25.250000	0.000000	5.0e-14
25.260000	0.000000	4.9e-14
25.270000	0.000000	4.9e-14
25.280000	0.000000	4.8e-14
25.290000	0.000000	4.7e-14
25.300000	0.000000	4.6e-14
25.310000	0.000000	4.6e-14
25.320000	0.000000	4.5e-14
25.330000	0.000000	4.4e-14
25.340000	0.000000	4.4e-14
25.350000	0.000000	4.3e-14
25.360000	0.000000	4.2e-14
25.370000	0.000000	4.2e-14
25.380000	0.000000	4.1e-14
25.390000	0.000000	4.0e-14
25.400000	0.000000	4.0e-14
25.410000	0.000000	3.9e-14
25.420000	0.000000	3.9e-14
25.430000	0.000000	3.8e-14
25.440000	0.000000	3.8e-14
25.450000	0.000000	3.7e-14
25.460000	0.000000	3.6e-14
25.470000	0.000000	3.6e-14
25.480000	0.000000	3.5e-14
25.490000	0.000000	3.5e-14
25.500000	0.000000	3.4e-14
25.510000	0.000000	3.4e-14
25.520000	0.000000	3.3e-14
25.530000	0.000000	3.3e-14
25.540000	0.000000	3.3e-14
25.550000	0.000000	3.2e-14
25.560000	0.000000	3.2e-14
25.570000	0.000000	3.1e-14
25.580000	0.000000	3.1e-14
25.590000	0.000000	3.0e-14
25.600000	0.000000	3.0e-14
25.610000	0.000000	2.9e-14
25.620000	0.000000	2.9e-14
25.630000	0.000000	2.8e-14
25.640000	0.000000	2.8e-14
25.650000	0.000000	2.7e-14
25.660000	0.000000	2.7e-14
25.670000	0.000000	2.7e-14
25.680000	0.000000	2.6e-14
25.690000	0.000000	2.6e-14
25.700000	0.000000	2.6e-14
25.710000	0.000000	2.5e-14
25.720000	0.000000	2.5e-14
25.730000	0.000000	2.4e-14
25.740000	0.000000	2.4e-14
25.750000	0.000000	2.4e-14
25.760000	0.000000	2.3e-14
25.770000	0.000000	2.3e-14
25.780000	0.000000	2.3e-14
25.790000	0.000000	2.2e-14
25.800000	0.000000	2.2e-14
25.810000	0.000000	2.2e-14
25.820000	0.000000	2.1e-14
25.830000	0.000000	2.1e-14
25.840000	0.000000	2.1e-14
25.850000	0.000000	2.0e-14
25.860000	0.000000	2.0e-14
25.870000	0.000000	2.0e-14
25.880000	0.000000	1.9e-14
25.890000	0.000000	1.9e-14
25.900000	0.000000	1.9e-14
25.910000	0.000000	1.9e-14
25.920000	0.000000	1.8e-14
25.930000	0.000000	1.8e-14
25.940000	0.000000	1.8e-14
25.950000	0.000000	1.8e-14
25.960000	0.000000	1.7e-14
25.970000	0.000000	1.7e-14
25.980000	0.000000	1.7e-14
25.990000	0.000000	1.7e-14
26.000000	0.000000	1.6e-14
26.010000	0.000000	1.6e-14
26.020000	0.000000	1.6e-14
26.030000	0.000000	1.6e-14
26.040000	0.000000	1.5e-14
26.050000	0.000000	1.5e-14
26.060000	0.000000	1.5e-14
26.070000	0.000000	1.5e-14
26.080000	0.000000	1.5e-14
26.090000	0.000000	1.4e-14
26.100000	0.000000	1.4e-14
26.110000	0.000000	1.4e-14
26.120000	0.000000	1.4e-14
26.130000	0.000000	1.3e-14
26.140000	0.000000	1.3e-14
26.150000	0.000000	1.3e-14
26.160000	0.000000	1.3e-14
26.170000	0.000000	1.3e-14
26.180000	0.000000	1.2e-14
26.190000	0.000000	1.2e-14
26.200000	0.000000	1.2e-14
26.210000	0.000000	1.2e-14
26.220000	0.000000	1.2e-14
26.230000	0.000000	1.2e-14
26.240000	0.000000	1.1e-14
26.250000	0.000000	1.1e-14
26.260000	0.000000	1.1e-14
26.270000	0.000000	1.1e-14
26.280000	0.000000	1.1e-14
26.290000	0.000000	1.1e-14
26.300000	0.000000	1.0e-14
26.310000	0.000000	1.0e-14
26.320000	0.000000	1.0e-14
26.330000	0.000000	1.0e-14
26.340000	0.000000	9.9e-15
26.350000	0.000000	9.7e-15
26.360000	0.000000	9.6e-15
26.370000	0.000000	9.4e-15
26.380000	0.000000	9.3e-15
26.390000	0.000000	9.1e-15
26.400000	0.000000	9.0e-15
26.410000	0.000000	8.9e-15
26.420000	0.000000	8.7e-15
26.430000	0.000000	8.6e-15
26.440000	0.000000	8.5e-15
26.450000	0.000000	8.4e-15
26.460000	0.000000	8.2e-15
26.470000	0.000000	8.1e-15
26.480000	0.000000	8.0e-15
26.490000	0.000000	7.9e-15
26.500000	0.000000	7.8e-15
26.510000	0.000000	7.7e-15
26.520000	0.000000	7.5e-15
26.530000	0.000000	7.4e-15
26.540000	0.000000	7.3e-15
26.550000	0.000000	7.2e-15
26.560000	0.000000	7.1e-15
26.570000	0.000000	7.0e-15
26.580000	0.000000	6.9e-15
26.590000	0.000000	6.8e-15
26.600000	0.000000	6.7e-15
26.610000	0.000000	6.6e-15
26.620000	0.000000	6.5e-15
26.630000	0.000000	6.4e-15
26.640000	0.000000	6.3e-15
26.650000	0.000000	6.2e-15
26.660000	0.000000	6.1e-15
26.670000	0.000000	6.0e-15
26.680000	0.000000	5.9e-15
26.690000	0.000000	5.8e-15
26.700000	0.000000	5.8e-15
26.710000	0.000000	5.7e-15
26.720000	0.000000	5.6e-15
26.730000	0.000000	5.5e-15
26.740000	0.000000	5.4e-15
26.750000	0.000000	5.4e-15
26.760000	0.000000	5.3e-15
26.770000	0.000000	5.2e-15
26.780000	0.000000	5.1e-15
26.790000	0.000000	5.1e-15
26.800000	0.000000	5.0e-15
26.810000	0.000000	4.9e-15
26.820000	0.000000	4.8e-15
26.830000	0.000000	4.8e-15
26.840000	0.000000	4.7e-15
26.850000	0.000000	4.6e-15
26.860000	0.000000	4.5e-15
26.870000	0.000000	4.5e-15
26.880000	0.000000	4.4e-15
26.890000	0.000000	4.3e-15
26.900000	0.000000	4.3e-15
26.910000	0.000000	4.2e-15
26.920000	0.000000	4.2e-15
26.930000	0.000000	4.1e-15
26.940000	0.000000	4.0e-15
26.950000	0.000000	4.0e-15
26.960000	0.000000	3.9e-15
26.970000	0.000000	3.9e-15
26.980000	0.000000	3.8e-15
26.990000	0.000000	3.7e-15
27.000000	0.000000	3.7e-15
27.010000	0.000000	3.6e-15
27.020000	0.000000	3.6e-15
27.030000	0.000000	3.5e-15
27.040000	0.000000	3.5e-15
27.050000	0.000000	3.4e-15
27.060000	0.000000	3.4e-15
27.070000	0.000000	3.3e-15
27.080000	0.000000	3.3e-15
27.090000	0.000000	3.2e-15
27.100000	0.000000	3.2e-15
27.110000	0.000000	3.1e-15
27.120000	0.000000	3.1e-15
27.130000	0.000000	3.0e-15
27.140000	0.000000	3.0e-15
27.150000	0.000000	3.0e-15
27.160000	0.000000	2.9e-15
27.170000	0.000000	2.9e-15
27.180000	0.000000	2.8e-15
27.190000	0.000000	2.8e-15
27.200000	0.000000	2.7e-15
27.210000	0.000000	2.7e-15
27.220000	0.000000	2.7e-15
27.230000	0.000000	2.6e-15
27.240000	0.000000	2.6e-15
27.250000	0.000000	2.5e-15
27.260000	0.000000	2.5e-15
27.270000	0.000000	2.5e-15
27.280000	0.000000	2.4e-15
27.290000	0.000000	2.4e-15
27.300000	0.000000	2.4e-15
27.310000	0.000000	2.3e-15
27.320000	0.000000	2.3e-15
27.330000	0.000000	2.3e-15
27.340000	0.000000	2.2e-15
27.350000	0.000000	2.2e-15
27.360000	0.000000	2.2e-15
27.370000	0.000000	2.1e-15
27.380000	0.000000	2.1e-15
27.390000	0.000000	2.1e-15
27.400000	0.000000	2.0e-15
27.410000	0.000000	2.0e-15
27.420000	0.000000	2.0e-15
27.430000	0.000000	1.9e-15
27.440000	0.000000	1.9e-15
27.450000	0.000000	1.9e-15
27.460000	0.000000	1.9e-15
27.470000	0.000000	1.8e-15
27.480000	0.000000	1.8e-15
27.490000	0.000000	1.8e-15
27.500000	0.000000	1.8e-15
27.510000	0.000000	1.7e-15
27.520000	0.000000	1.7e-15
27.530000	0.000000	1.7e-15
27.540000	0.000000	1.7e-15
27.550000	0.000000	1.6e-15
27.560000	0.000000	1.6e-15
27.570000	0.000000	1.6e-15
27.580000	0.000000	1.6e-15
27.590000	0.000000	1.5e-15
27.600000	0.000000	1.5e-15
27.610000	0.000000	1.5e-15
27.620000	0.000000	1.5e-15
27.630000	0.000000	1.5e-15
27.640000	0.000000	1.4e-15
27.650000	0.000000	1.4e-15
27.660000	0.000000	1.4e-15
27.670000	0.000000	1.4e-15
27.680000	0.000000	1.3e-15
27.690000	0.000000	1.3e-15
27.700000	0.000000	1.3e-15
27.710000	0.000000	1.3e-15
27.720000	0.000000	1.3e-15
27.730000	0.000000	1.2e-15
27.740000	0.000000	1.2e-15
27.750000	0.000000	1.2e-15
27.760000	0.000000	1.2e-15
27.770000	0.000000	1.2e-15
27.780000	0.000000	1.2e-15
27.790000	0.000000	1.1e-15
27.800000	0.000000	1.1e-15
27.810000	0.000000	1.1e-15
27.820000	0.000000	1.1e-15
27.830000	0.000000	1.1e-15
27.840000	0.000000	1.1e-15
27.850000	0.000000	1.0e-15
27.860000	0.000000	1.0e-15
27.870000	0.000000	1.0e-15
27.880000	0.000000	1.0e-15
27.890000	0.000000	9.9e-16
27.900000	0.000000	9.8e-16
27.910000	0.000000	9.6e-16
27.920000	0.000000	9.5e-16
27.930000	0.000000	9.3e-16
27.940000	0.000000	9.2e-16
27.950000	0.000000	9.0e-16
27.960000	0.000000	8.9e-16
27.970000	0.000000	8.7e-16
27.980000	0.000000	8.6e-16
27.990000	0.000000	8.4e-16
28.000000	0.000000	8.3e-16
28.010000	0.000000	8.2e-16
28.020000	0.000000	8.1e-16
28.030000	0.000000	8.0e-16
28.040000	0.000000	7.9e-16
28.050000	0.000000	7.8e-16
28.060000	0.000000	7.7e-16
28.070000	0.000000	7.5e-16
28.080000	0.000000	7.4e-16
28.090000	0.000000	7.3e-16
28.100000	0.000000	7.2e-16
28.110000	0.000000	7.1e-16
28.120000	0.000000	7.0e-16
28.130000	0.000000	6.9e-16
28.140000	0.000000	6.8e-16
28.150000	0.000000	6.7e-16
28.160000	0.000000	6.6e-16
28.170000	0.000000	6.5e-16
28.180000	0.000000	6.4e-16
28.190000	0.000000	6.3e-16
28.200000	0.000000	6.2e-16
28.210000	0.000000	6.1e-16
28.220000	0.000000	6.0e-16
28.230000	0.000000	6.0e-16
28.240000	0.000000	5.9e-16
28.250000	0.000000	5.8e-16
28.260000	0.000000	5.7e-16
28.270000	0.000000	5.6e-16
28.280000	0.000000	5.5e-16
28.290000	0.000000	5.4e-16
28.300000	0.000000	5.3e-16
28.310000	0.000000	5.3e-16
28.320000	0.000000	5.2e-16
28.330000	0.000000	5.1e-16
28.340000	0.000000	5.1e-16
28.350000	0.000000	5.0e-16
28.360000	0.000000	4.9e-16
28.370000	0.000000	4.8e-16
28.380000	0.000000	4.8e-16
28.390000	0.000000	4.7e-16
28.400000	0.000000	4.6e-16
28.410000	0.000000	4.6e-16
28.420000	0.000000	4.5e-16
28.430000	0.000000	4.5e-16
28.440000	0.000000	4.4e-16
28.450000	0.000000	4.3e-16
28.460000	0.000000	4.3e-16
28.470000	0.000000	4.2e-16
28.480000	0.000000	4.1e-16
28.490000	0.000000	4.1e-16
28.500000	0.000000	4.0e-16
28.510000	0.000000	3.9e-16
28.520000	0.000000	3.9e-16
28.530000	0.000000	3.8e-16
28.540000	0.000000	3.7e-16
28.550000	0.000000	3.7e-16
28.560000	0.000000	3.6e-16
28.570000	0.000000	3.6e-16
28.580000	0.000000	3.5e-16
28.590000	0.000000	3.5e-16
28.600000	0.000000	3.4e-16
28.610000	0.000000	3.4e-16
28.620000	0.000000	3.3e-16
28.630000	0.000000	3.3e-16
28.640000	0.000000	3.2e-16
28.650000	0.000000	3.2e-16
28.660000	0.000000	3.2e-16
28.670000	0.000000	3.1e-16
28.680000	0.000000	3.1e-16
28.690000	0.000000	3.0e-16
28.700000	0.000000	3.0e-16
28.710000	0.000000	2.9e-16
28.720000	0.000000	2.9e-16
28.730000	0.000000	2.9e-16
28.740000	0.000000	2.8e-16
28.750000	0.000000	2.8e-16
28.760000	0.000000	2.7e-16
28.770000	0.000000	2.7e-16
28.780000	0.000000	2.6e-16
28.790000	0.000000	2.6e-16
28.800000	0.000000	2.5e-16
28.810000	0.000000	2.5e-16
28.820000	0.000000	2.5e-16
28.830000	0.000000	2.4e-16
28.840000	0.000000	2.4e-16
28.850000	0.000000	2.4e-16
28.860000	0.000000	2.3e-16
28.870000	0.000000	2.3e-16
28.880000	0.000000	2.3e-16
28.890000	0.000000	2.2e-16
28.900000	0.000000	2.2e-16
28.910000	0.000000	2.2e-16
28.920000	0.000000	2.1e-16
28.930000	0.000000	2.1e-16
28.940000	0.000000	2.1e-16
28.950000	0.000000	2.1e-16
28.960000	0.000000	2.0e-16
28.970000	0.000000	2.0e-16
28.980000	0.000000	2.0e-16
28.990000	0.000000	1.9e-16
29.000000	0.000000	1.9e-16
29.010000	0.000000	1.9e-16
29.020000	0.000000	1.9e-16
29.030000	0.000000	1.8e-16
29.040000	0.000000	1.8e-16
29.050000	0.000000	1.8e-16
29.060000	0.000000	1.7e-16
29.070000	0.000000	1.7e-16
29.080000	0.000000	1.7e-16
29.090000	0.000000	1.7e-16
29.100000	0.000000	1.6e-16
29.110000	0.000000	1.6e-16
29.120000	0.000000	1.6e-16
29.130000	0.000000	1.6e-16
29.140000	0.000000	1.5e-16
29.150000	0.000000	1.5e-16
29.160000	0.000000	1.5e-16
29.170000	0.000000	1.5e-16
29.180000	0.000000	1.5e-16
29.190000	0.000000	1.4e-16
29.200000	0.000000	1.4e-16
29.210000	0.000000	1.4e-16
29.220000	0.000000	1.4e-16
29.230000	0.000000	1.4e-16
29.240000	0.000000	1.3e-16
29.250000	0.000000	1.3e-16
29.260000	0.000000	1.3e-16
29.270000	0.000000	1.3e-16
29.280000	0.000000	1.3e-16
29.290000	0.000000	1.2e-16
29.300000	0.000000	1.2e-16
29.310000	0.000000	1.2e-16
29.320000	0.000000	1.2e-16
29.330000	0.000000	1.2e-16
29.340000	0.000000	1.1e-16
29.350000	0.000000	1.1e-16
29.360000	0.000000	1.1e-16
29.370000	0.000000	1.1e-16
29.380000	0.000000	1.1e-16
29.390000	0.000000	1.1e-16
29.400000	0.000000	1.0e-16
29.410000	0.000000	1.0e-16
29.420000	0.000000	1.0e-16
29.430000	0.000000	1.0e-16
29.440000	0.000000	9.9e-17
29.450000	0.000000	9.8e-17
29.460000	0.000000	9.7e-17
29.470000	0.000000	9.5e-17
29.480000	0.000000	9.4e-17
29.490000	0.000000	9.3e-17
29.500000	0.000000	9.1e-17
29.510000	0.000000	9.0e-17
29.520000	0.000000	8.9e-17
29.530000	0.000000	8.7e-17
29.540000	0.000000	8.6e-17
29.550000	0.000000	8.5e-17
29.560000	0.000000	8.3e-17
29.570000	0.000000	8.2e-17
29.580000	0.000000	8.1e-17
29.590000	0.000000	7.9e-17
29.600000	0.000000	7.8e-17
29.610000	0.000000	7.7e-17
29.620000	0.000000	7.6e-17
29.630000	0.000000	7.5e-17
29.640000	0.000000	7.4e-17
29.650000	0.000000	7.2e-17
29.660000	0.000000	7.1e-17
29.670000	0.000000	7.0e-17
29.680000	0.000000	6.9e-17
29.690000	0.000000	6.8e-17
29.700000	0.000000	6.7e-17
29.710000	0.000000	6.7e-17
29.720000	0.000000	6.6e-17
29.730000	0.000000	6.5e-17
29.740000	0.000000	6.4e-17
29.750000	0.000000	6.3e-17
29.760000	0.000000	6.2e-17
29.770000	0.000000	6.1e-17
29.780000	0.000000	6.0e-17
29.790000	0.000000	6.0e-17
29.800000	0.000000	5.9e-17
29.810000	0.000000	5.8e-17
29.820000	0.000000	5.7e-17
29.830000	0.000000	5.6e-17
29.840000	0.000000	5.5e-17
29.850000	0.000000	5.4e-17
29.860000	0.000000	5.3e-17
29.870000	0.000000	5.2e-17
29.880000	0.000000	5.2e-17
29.890000	0.000000	5.1e-17
29.900000	0.000000	5.0e-17
29.910000	0.000000	4.9e-17
29.920000	0.000000	4.9e-17
29.930000	0.000000	4.8e-17
29.940000	0.000000	4.7e-17
29.950000	0.000000	4.7e-17
29.960000	0.000000	4.6e-17
29.970000	0.000000	4.5e-17
29.980000	0.000000	4.5e-17
29.990000	0.000000	4.4e-17
30.000000	0.000000	4.3e-17
30.010000	0.000000	4.3e-17
30.020000	0.000000	4.2e-17
30.030000	0.000000	4.2e-17
30.040000	0.000000	4.1e-17
30.050000	0.000000	4.0e-17
30.060000	0.000000	4.0e-17
30.070000	0.000000	3.9e-17
30.080000	0.000000	3.9e-17
30.090000	0.000000	3.8e-17
