0.100000	0.000000	2658186.781464
0.110000	0.000000	3157965.293391
0.120000	0.000000	1431352.989397
0.130000	0.000000	1963127.786803
0.140000	0.000000	796476.769875
0.150000	0.000000	314068.836032
0.160000	0.000000	267188.156407
0.170000	0.000000	238594.732430
0.180000	0.000000	269111.072427
0.190000	0.000000	265589.717943
0.200000	0.000000	227146.212289
0.210000	0.000000	236313.322281
0.220000	0.000000	207025.833643
0.230000	0.000000	242463.770062
0.240000	0.000000	264919.823811
0.250000	0.000000	206177.143430
0.260000	0.000000	288827.623094
0.270000	0.000000	140837.549777
0.280000	0.000000	225712.533834
0.290000	0.000000	144711.561650
0.300000	0.000000	155710.875809
0.310000	0.000000	117147.365923
0.320000	0.000000	107799.120871
0.330000	0.000000	120026.232141
0.340000	0.000000	107135.022247
0.350000	0.000000	91080.002426
0.360000	0.000000	127240.960812
0.370000	0.000000	142103.667766
0.380000	0.000000	80352.917379
0.390000	0.000000	88450.054949
0.400000	0.000000	73344.394970
0.410000	0.000000	66063.525616
0.420000	0.000000	70915.931408
0.430000	0.000000	70170.681919
0.440000	0.000000	56921.230914
0.450000	0.000000	59576.181767
0.460000	0.000000	51745.417687
0.470000	0.000000	51570.774403
0.480000	0.000000	47364.683889
0.490000	0.000000	79558.454211
0.500000	0.000000	63975.166252
0.510000	0.000000	40301.368257
0.520000	0.000000	42832.712155
0.530000	0.000000	43149.653831
0.540000	0.000000	37256.516947
0.550000	0.000000	39028.372230
0.560000	0.000000	50058.062404
0.570000	0.000000	54683.426529
0.580000	0.000000	37635.242844
0.590000	0.000000	37462.929404
0.600000	0.000000	30247.122265
0.610000	0.000000	32240.019070
0.620000	0.000000	38931.502296
0.630000	0.000000	32712.230447
0.640000	0.000000	29338.629127
0.650000	0.000000	350727.704750
0.660000	0.000000	204500.279070
0.670000	0.000000	41981.693331
0.680000	0.000000	32017.111559
0.690000	0.000000	100157.686306
0.700000	0.000000	127627.079978
0.710000	0.000000	324975.222905
0.720000	0.000000	691063.350321
0.730000	0.000000	111640.892917
0.740000	0.000000	361623.791761
0.750000	0.000000	62605.465431
0.760000	0.000000	266590.407988
0.770000	0.000000	562522.621857
0.780000	0.000000	213940.250638
0.790000	0.000000	196261.305740
0.800000	0.000000	297359.288796
0.810000	0.000000	241819.253053
0.820000	0.000000	611557.923933
0.830000	0.000000	378477.484265
0.840000	0.000000	231230.012580
0.850000	0.000000	322498.629739
0.860000	0.000000	475503.134018
0.870000	0.000000	464336.161223
0.880000	0.000000	174781.001388
0.890000	0.000000	205862.297472
0.900000	0.000000	280931.089251
0.910000	0.000000	406867.544150
0.920000	0.000000	228978.377146
0.930000	0.000000	96473.636416
0.940000	0.000000	103320.558776
0.950000	0.000000	145760.465320
0.960000	0.000000	195165.641930
0.970000	0.000000	82744.724475
0.980000	0.000000	59629.941287
0.990000	0.000000	94045.909634
1.000000	0.000000	135108.137107
1.010000	0.000000	212032.808257
1.020000	0.000000	147292.673368
1.030000	0.000000	28093.470618
1.040000	0.000000	33036.582043
1.050000	0.000000	35967.236607
1.060000	0.000000	32991.013341
1.070000	0.000000	75479.310850
1.080000	0.000000	64601.118739
1.090000	0.000000	67190.207442
1.100000	0.000000	48702.447853
1.110000	0.000000	40401.563664
1.120000	0.000000	36380.392465
1.130000	0.000000	19701.789425
1.140000	0.000000	50040.173439
1.150000	0.000000	34697.202618
1.160000	0.000000	49039.807499
1.170000	0.000000	50151.096681
1.180000	0.000000	34113.595361
1.190000	0.000000	22808.327024
1.200000	0.000000	22947.147355
1.210000	0.000000	25563.284389
1.220000	0.000000	18283.898178
1.230000	0.000000	14291.350336
1.240000	0.000000	14923.914744
1.250000	0.000000	18228.600684
1.260000	0.000000	11527.880916
1.270000	0.000000	27683.947155
1.280000	0.000000	9350.923385
1.290000	0.000000	8591.740794
1.300000	0.000000	11221.248079
1.310000	0.000000	12491.382471
1.320000	0.000000	9364.963384
1.330000	0.000000	9422.241327
1.340000	0.000000	11023.081415
1.350000	0.000000	9193.379265
1.360000	0.000000	7917.525407
1.370000	0.000000	7738.182381
1.380000	0.000000	5709.492302
1.390000	0.000000	5715.667971
1.400000	0.000000	6306.501509
1.410000	0.000000	5041.923837
1.420000	0.000000	5374.878666
1.430000	0.000000	5237.250508
1.440000	0.000000	5967.108467
1.450000	0.000000	4260.859724
1.460000	0.000000	4312.287220
1.470000	0.000000	3929.718806
1.480000	0.000000	4064.670745
1.490000	0.000000	3878.788963
1.500000	0.000000	3625.785982
1.510000	0.000000	3536.816818
1.520000	0.000000	3555.423260
1.530000	0.000000	3477.716641
1.540000	0.000000	3300.962167
1.550000	0.000000	3177.864426
1.560000	0.000000	3111.148266
1.570000	0.000000	3112.636359
1.580000	0.000000	3001.623484
1.590000	0.000000	2927.284880
1.600000	0.000000	2980.386757
1.610000	0.000000	2914.150772
1.620000	0.000000	2756.418725
1.630000	0.000000	2682.144551
1.640000	0.000000	2627.597854
1.650000	0.000000	2646.329014
1.660000	0.000000	2556.394438
1.670000	0.000000	2476.268747
1.680000	0.000000	2427.773395
1.690000	0.000000	2377.241712
1.700000	0.000000	2328.656737
1.710000	0.000000	2282.993494
1.720000	0.000000	2233.805480
1.730000	0.000000	2190.146801
1.740000	0.000000	2147.424962
1.750000	0.000000	2112.011184
1.760000	0.000000	2058.735108
1.770000	0.000000	2016.398862
1.780000	0.000000	1973.059322
1.790000	0.000000	1934.646550
1.800000	0.000000	1901.338975
1.810000	0.000000	1860.827074
1.820000	0.000000	1824.329130
1.830000	0.000000	1789.232574
1.840000	0.000000	1754.308607
1.850000	0.000000	1719.562894
1.860000	0.000000	1684.989349
1.870000	0.000000	1652.128542
1.880000	0.000000	1621.410034
1.890000	0.000000	1591.169488
1.900000	0.000000	1561.289095
1.910000	0.000000	1531.387340
1.920000	0.000000	1501.635718
1.930000	0.000000	1472.307855
1.940000	0.000000	1443.742646
1.950000	0.000000	1414.609262
1.960000	0.000000	1386.766152
1.970000	0.000000	1358.984265
1.980000	0.000000	1331.613883
1.990000	0.000000	1305.119400
2.000000	0.000000	1279.470923
2.010000	0.000000	1254.451269
2.020000	0.000000	1229.904587
2.030000	0.000000	1206.224916
2.040000	0.000000	1183.240025
2.050000	0.000000	1160.605902
2.060000	0.000000	1139.253737
2.070000	0.000000	1119.489679
2.080000	0.000000	1099.203393
2.090000	0.000000	1079.262092
2.100000	0.000000	1059.597689
2.110000	0.000000	1040.560160
2.120000	0.000000	1153.832631
2.130000	0.000000	1070.787969
2.140000	0.000000	1045.431124
2.150000	0.000000	1131.177401
2.160000	0.000000	1001.324615
2.170000	0.000000	926.242624
2.180000	0.000000	908.159009
2.190000	0.000000	890.331138
2.200000	0.000000	872.720672
2.210000	0.000000	855.351748
2.220000	0.000000	838.314232
2.230000	0.000000	821.640857
2.240000	0.000000	805.701562
2.250000	0.000000	791.092641
2.260000	0.000000	777.875611
2.270000	0.000000	766.803702
2.280000	0.000000	751.958985
2.290000	0.000000	739.434762
2.300000	0.000000	744.411949
2.310000	0.000000	714.725275
2.320000	0.000000	697.930686
2.330000	0.000000	685.502214
2.340000	0.000000	673.235233
2.350000	0.000000	661.010068
2.360000	0.000000	648.884911
2.370000	0.000000	636.840217
2.380000	0.000000	624.808791
2.390000	0.000000	612.817472
2.400000	0.000000	600.944779
2.410000	0.000000	589.219549
2.420000	0.000000	577.569036
2.430000	0.000000	566.030971
2.440000	0.000000	554.839956
2.450000	0.000000	543.800574
2.460000	0.000000	539.834819
2.470000	0.000000	526.564403
2.480000	0.000000	516.646371
2.490000	0.000000	507.717407
2.500000	0.000000	498.934603
2.510000	0.000000	504.145578
2.520000	0.000000	491.388014
2.530000	0.000000	473.144000
2.540000	0.000000	464.944095
2.550000	0.000000	456.812737
2.560000	0.000000	448.798293
2.570000	0.000000	441.404036
2.580000	0.000000	434.837413
2.590000	0.000000	425.279692
2.600000	0.000000	416.883241
2.610000	0.000000	408.741605
2.620000	0.000000	400.486418
2.630000	0.000000	393.801669
2.640000	0.000000	391.376889
2.650000	0.000000	379.136437
2.660000	0.000000	370.865803
2.670000	0.000000	364.202633
2.680000	0.000000	357.673093
2.690000	0.000000	351.855422
2.700000	0.000000	347.442939
2.710000	0.000000	341.597593
2.720000	0.000000	334.650885
2.730000	0.000000	330.554771
2.740000	0.000000	337.544709
2.750000	0.000000	365.069407
2.760000	0.000000	335.096505
2.770000	0.000000	344.773229
2.780000	0.000000	409.062014
2.790000	0.000000	298.976877
2.800000	0.000000	290.310283
2.810000	0.000000	284.936067
2.820000	0.000000	279.690905
2.830000	0.000000	274.444824
2.840000	0.000000	269.259867
2.850000	0.000000	264.134903
2.860000	0.000000	259.247515
2.870000	0.000000	254.839087
2.880000	0.000000	250.352525
2.890000	0.000000	245.566303
2.900000	0.000000	241.139581
2.910000	0.000000	236.826639
2.920000	0.000000	232.921146
2.930000	0.000000	229.160746
2.940000	0.000000	225.332666
2.950000	0.000000	221.786049
2.960000	0.000000	218.596284
2.970000	0.000000	213.986532
2.980000	0.000000	210.391113
2.990000	0.000000	206.783489
3.000000	0.000000	203.314510
3.010000	0.000000	199.673067
3.020000	0.000000	196.032238
3.030000	0.000000	194.408316
3.040000	0.000000	192.009846
3.050000	0.000000	186.922666
3.060000	0.000000	182.135347
3.070000	0.000000	180.694656
3.080000	0.000000	183.402201
3.090000	0.000000	246.432929
3.100000	0.000000	616.565833
3.110000	0.000000	261.248139
3.120000	0.000000	417.534804
3.130000	0.000000	830.576484
3.140000	0.000000	236.675475
3.150000	0.000000	154.698242
3.160000	0.000000	151.977072
3.170000	0.000000	149.639912
3.180000	0.000000	147.442580
3.190000	0.000000	144.968676
3.200000	0.000000	144.785953
3.210000	0.000000	142.860921
3.220000	0.000000	138.030592
3.230000	0.000000	135.363240
3.240000	0.000000	132.971294
3.250000	0.000000	130.700582
3.260000	0.000000	129.347254
3.270000	0.000000	132.157125
3.280000	0.000000	124.729225
3.290000	0.000000	121.891750
3.300000	0.000000	119.746283
3.310000	0.000000	118.854207
3.320000	0.000000	117.679443
3.330000	0.000000	113.844556
3.340000	0.000000	111.153328
3.350000	0.000000	110.251762
3.360000	0.000000	108.230349
3.370000	0.000000	105.514166
3.380000	0.000000	103.516134
3.390000	0.000000	101.858453
3.400000	0.000000	100.251676
3.410000	0.000000	98.739776
3.420000	0.000000	97.202819
3.430000	0.000000	96.492198
3.440000	0.000000	95.938812
3.450000	0.000000	92.707523
3.460000	0.000000	91.052933
3.470000	0.000000	100.594577
3.480000	0.000000	90.685638
3.490000	0.000000	90.452687
3.500000	0.000000	95.545252
3.510000	0.000000	87.897522
3.520000	0.000000	81.898784
3.530000	0.000000	80.206882
3.540000	0.000000	78.846373
3.550000	0.000000	77.661672
3.560000	0.000000	76.400636
3.570000	0.000000	75.116717
3.580000	0.000000	74.726449
3.590000	0.000000	73.812073
3.600000	0.000000	75.634214
3.610000	0.000000	103.168259
3.620000	0.000000	76.641215
3.630000	0.000000	67.746454
3.640000	0.000000	66.734280
3.650000	0.000000	65.287858
3.660000	0.000000	64.191412
3.670000	0.000000	64.652494
3.680000	0.000000	85.712674
3.690000	0.000000	75.266858
3.700000	0.000000	60.038465
3.710000	0.000000	58.972124
3.720000	0.000000	57.975945
3.730000	0.000000	57.073015
3.740000	0.000000	56.226839
3.750000	0.000000	55.319585
3.760000	0.000000	54.291343
3.770000	0.000000	54.386836
3.780000	0.000000	64.064369
3.790000	0.000000	58.153987
3.800000	0.000000	52.654695
3.810000	0.000000	51.139249
3.820000	0.000000	49.104948
3.830000	0.000000	48.565338
3.840000	0.000000	53.260775
3.850000	0.000000	98.815620
3.860000	0.000000	124.917079
3.870000	0.000000	101.307619
3.880000	0.000000	78.672445
3.890000	0.000000	104.341037
3.900000	0.000000	110.103614
3.910000	0.000000	41.996272
3.920000	0.000000	41.329162
3.930000	0.000000	40.759254
3.940000	0.000000	39.900030
3.950000	0.000000	39.295789
3.960000	0.000000	42.833376
3.970000	0.000000	38.206285
3.980000	0.000000	37.367472
3.990000	0.000000	36.758459
4.000000	0.000000	37.690989
4.010000	0.000000	36.185889
4.020000	0.000000	35.009688
4.030000	0.000000	35.073559
4.040000	0.000000	34.802629
4.050000	0.000000	34.064262
4.060000	0.000000	33.363961
4.070000	0.000000	32.529999
4.080000	0.000000	31.788357
4.090000	0.000000	30.973984
4.100000	0.000000	30.509408
4.110000	0.000000	30.048251
4.120000	0.000000	30.159081
4.130000	0.000000	29.126467
4.140000	0.000000	28.705558
4.150000	0.000000	28.197050
4.160000	0.000000	27.719572
4.170000	0.000000	27.260953
4.180000	0.000000	26.829089
4.190000	0.000000	26.413517
4.200000	0.000000	26.001110
4.210000	0.000000	25.589869
4.220000	0.000000	25.180060
4.230000	0.000000	24.895353
4.240000	0.000000	24.636696
4.250000	0.000000	24.048264
4.260000	0.000000	23.584115
4.270000	0.000000	23.214345
4.280000	0.000000	22.786682
4.290000	0.000000	22.380872
4.300000	0.000000	21.984435
4.310000	0.000000	21.618151
4.320000	0.000000	21.240982
4.330000	0.000000	21.126015
4.340000	0.000000	20.640632
4.350000	0.000000	20.208172
4.360000	0.000000	19.880506
4.370000	0.000000	19.548187
4.380000	0.000000	19.217904
4.390000	0.000000	18.905670
4.400000	0.000000	18.595908
4.410000	0.000000	18.299417
4.420000	0.000000	18.033765
4.430000	0.000000	17.797186
4.440000	0.000000	17.469168
4.450000	0.000000	17.200447
4.460000	0.000000	17.058275
4.470000	0.000000	16.767768
4.480000	0.000000	17.097064
4.490000	0.000000	16.288663
4.500000	0.000000	22.387238
4.510000	0.000000	19.153373
4.520000	0.000000	15.920323
4.530000	0.000000	15.193856
4.540000	0.000000	14.897718
4.550000	0.000000	14.548391
4.560000	0.000000	14.308396
4.570000	0.000000	15.520523
4.580000	0.000000	16.959315
4.590000	0.000000	13.594351
4.600000	0.000000	13.372145
4.610000	0.000000	13.158804
4.620000	0.000000	12.963311
4.630000	0.000000	12.722201
4.640000	0.000000	12.516642
4.650000	0.000000	12.360128
4.660000	0.000000	12.141365
4.670000	0.000000	11.950414
4.680000	0.000000	11.888783
4.690000	0.000000	11.834361
4.700000	0.000000	11.966014
4.710000	0.000000	12.675047
4.720000	0.000000	12.977295
4.730000	0.000000	12.272013
4.740000	0.000000	11.408346
4.750000	0.000000	10.847865
4.760000	0.000000	10.623707
4.770000	0.000000	10.157305
4.780000	0.000000	9.989784
4.790000	0.000000	9.825703
4.800000	0.000000	9.656637
4.810000	0.000000	9.586763
4.820000	0.000000	11.534974
4.830000	0.000000	9.905661
4.840000	0.000000	9.107396
4.850000	0.000000	9.053074
4.860000	0.000000	8.825119
4.870000	0.000000	8.582355
4.880000	0.000000	8.445460
4.890000	0.000000	8.319536
4.900000	0.000000	8.196070
4.910000	0.000000	8.073878
4.920000	0.000000	8.057971
4.930000	0.000000	8.180996
4.940000	0.000000	7.709455
4.950000	0.000000	7.588376
4.960000	0.000000	7.468187
4.970000	0.000000	7.341975
4.980000	0.000000	7.402750
4.990000	0.000000	7.130797
5.000000	0.000000	6.986264
5.010000	0.000000	6.870912
5.020000	0.000000	6.833706
5.030000	0.000000	6.690070
5.040000	0.000000	6.575778
5.050000	0.000000	6.481601
5.060000	0.000000	6.347172
5.070000	0.000000	6.234426
5.080000	0.000000	6.130542
5.090000	0.000000	6.008629
5.100000	0.000000	5.912672
5.110000	0.000000	5.812287
5.120000	0.000000	5.722524
5.130000	0.000000	5.647610
5.140000	0.000000	5.565284
5.150000	0.000000	5.490152
5.160000	0.000000	5.408401
5.170000	0.000000	5.321005
5.180000	0.000000	5.238753
5.190000	0.000000	5.158062
5.200000	0.000000	5.076747
5.210000	0.000000	4.993824
5.220000	0.000000	4.912461
5.230000	0.000000	4.833106
5.240000	0.000000	4.753680
5.250000	0.000000	4.675893
5.260000	0.000000	4.600114
5.270000	0.000000	4.525390
5.280000	0.000000	4.450733
5.290000	0.000000	4.377219
5.300000	0.000000	4.302201
5.310000	0.000000	4.227953
5.320000	0.000000	4.155491
5.330000	0.000000	4.084874
5.340000	0.000000	4.018283
5.350000	0.000000	3.953200
5.360000	0.000000	3.892467
5.370000	0.000000	3.833406
5.380000	0.000000	3.775182
5.390000	0.000000	3.719031
5.400000	0.000000	3.664459
5.410000	0.000000	3.610556
5.420000	0.000000	3.557517
5.430000	0.000000	3.504699
5.440000	0.000000	3.452038
5.450000	0.000000	3.402136
5.460000	0.000000	3.360511
5.470000	0.000000	3.298908
5.480000	0.000000	3.236081
5.490000	0.000000	3.249721
5.500000	0.000000	3.174010
5.510000	0.000000	3.093594
5.520000	0.000000	3.035402
5.530000	0.000000	3.016687
5.540000	0.000000	2.963926
5.550000	0.000000	2.889603
5.560000	0.000000	2.838617
5.570000	0.000000	2.820048
5.580000	0.000000	2.785130
5.590000	0.000000	2.693656
5.600000	0.000000	2.660840
5.610000	0.000000	2.654727
5.620000	0.000000	2.606679
5.630000	0.000000	2.630004
5.640000	0.000000	2.543251
5.650000	0.000000	2.479433
5.660000	0.000000	2.434371
5.670000	0.000000	2.415750
5.680000	0.000000	2.359090
5.690000	0.000000	2.310678
5.700000	0.000000	2.273346
5.710000	0.000000	2.237761
5.720000	0.000000	2.202204
5.730000	0.000000	2.166986
5.740000	0.000000	2.132252
5.750000	0.000000	2.102667
5.760000	0.000000	2.077287
5.770000	0.000000	2.038038
5.780000	0.000000	2.001690
5.790000	0.000000	1.966555
5.800000	0.000000	1.935385
5.810000	0.000000	1.898584
5.820000	0.000000	1.866202
5.830000	0.000000	1.834305
5.840000	0.000000	1.804296
5.850000	0.000000	1.777268
5.860000	0.000000	1.753026
5.870000	0.000000	1.726599
5.880000	0.000000	1.704379
5.890000	0.000000	1.678302
5.900000	0.000000	1.650200
5.910000	0.000000	1.627693
5.920000	0.000000	1.602933
5.930000	0.000000	1.577784
5.940000	0.000000	1.554867
5.950000	0.000000	1.534762
5.960000	0.000000	1.507533
5.970000	0.000000	1.480383
5.980000	0.000000	1.461985
5.990000	0.000000	1.439826
6.000000	0.000000	1.412550
6.010000	0.000000	1.388620
6.020000	0.000000	1.370236
6.030000	0.000000	1.349425
6.040000	0.000000	1.323276
6.050000	0.000000	1.299543
6.060000	0.000000	1.281171
6.070000	0.000000	1.260222
6.080000	0.000000	1.235223
6.090000	0.000000	1.214557
6.100000	0.000000	1.197505
6.110000	0.000000	1.182508
6.120000	0.000000	1.164912
6.130000	0.000000	1.146726
6.140000	0.000000	1.127221
6.150000	0.000000	1.109651
6.160000	0.000000	1.092270
6.170000	0.000000	1.076720
6.180000	0.000000	1.059903
6.190000	0.000000	1.043713
6.200000	0.000000	1.027865
6.210000	0.000000	1.011855
6.220000	0.000000	0.996071
6.230000	0.000000	0.980345
6.240000	0.000000	0.964832
6.250000	0.000000	0.949990
6.260000	0.000000	0.935241
6.270000	0.000000	0.920451
6.280000	0.000000	0.905768
6.290000	0.000000	0.890490
6.300000	0.000000	0.875391
6.310000	0.000000	0.860507
6.320000	0.000000	0.847660
6.330000	0.000000	0.835122
6.340000	0.000000	0.819605
6.350000	0.000000	0.806430
6.360000	0.000000	0.794462
6.370000	0.000000	0.782897
6.380000	0.000000	0.771493
6.390000	0.000000	0.761223
6.400000	0.000000	0.758308
6.410000	0.000000	0.956194
6.420000	0.000000	1.429796
6.430000	0.000000	1.519638
6.440000	0.000000	0.843942
6.450000	0.000000	1.111978
6.460000	0.000000	1.644105
6.470000	0.000000	1.446672
6.480000	0.000000	0.824387
6.490000	0.000000	2.933004
6.500000	0.000000	2.865264
6.510000	0.000000	1.243905
6.520000	0.000000	0.805105
6.530000	0.000000	1.317000
6.540000	0.000000	1.333951
6.550000	0.000000	0.896475
6.560000	0.000000	0.653980
6.570000	0.000000	0.901288
6.580000	0.000000	1.069389
6.590000	0.000000	0.734605
6.600000	0.000000	0.661210
6.610000	0.000000	0.735003
6.620000	0.000000	0.679582
6.630000	0.000000	0.557476
6.640000	0.000000	0.569789
6.650000	0.000000	0.610830
6.660000	0.000000	0.544911
6.670000	0.000000	0.535374
6.680000	0.000000	0.500788
6.690000	0.000000	0.489865
6.700000	0.000000	0.497903
6.710000	0.000000	0.478607
6.720000	0.000000	0.456140
6.730000	0.000000	0.446590
6.740000	0.000000	0.439692
6.750000	0.000000	0.432923
6.760000	0.000000	0.426236
6.770000	0.000000	0.419513
6.780000	0.000000	0.412861
6.790000	0.000000	0.406208
6.800000	0.000000	0.399566
6.810000	0.000000	0.392818
6.820000	0.000000	0.386203
6.830000	0.000000	0.379912
6.840000	0.000000	0.374049
6.850000	0.000000	0.368245
6.860000	0.000000	0.362503
6.870000	0.000000	0.357102
6.880000	0.000000	0.351883
6.890000	0.000000	0.346703
6.900000	0.000000	0.342503
6.910000	0.000000	0.337642
6.920000	0.000000	0.331450
6.930000	0.000000	0.326555
6.940000	0.000000	0.321442
6.950000	0.000000	0.316859
6.960000	0.000000	0.311762
6.970000	0.000000	0.306977
6.980000	0.000000	0.302028
6.990000	0.000000	0.297282
7.000000	0.000000	0.292786
7.010000	0.000000	0.288317
7.020000	0.000000	0.284025
7.030000	0.000000	0.279474
7.040000	0.000000	0.274967
7.050000	0.000000	0.270862
7.060000	0.000000	0.266504
7.070000	0.000000	0.261977
7.080000	0.000000	0.257658
7.090000	0.000000	0.253478
7.100000	0.000000	0.249651
7.110000	0.000000	0.245924
7.120000	0.000000	0.242010
7.130000	0.000000	0.238369
7.140000	0.000000	0.234925
7.150000	0.000000	0.231276
7.160000	0.000000	0.227892
7.170000	0.000000	0.224962
7.180000	0.000000	0.221758
7.190000	0.000000	0.230384
7.200000	0.000000	0.219422
7.210000	0.000000	0.211102
7.220000	0.000000	0.207905
7.230000	0.000000	0.204715
7.240000	0.000000	0.201576
7.250000	0.000000	0.198904
7.260000	0.000000	0.199012
7.270000	0.000000	0.199370
7.280000	0.000000	0.190072
7.290000	0.000000	0.186807
7.300000	0.000000	0.183644
7.310000	0.000000	0.180691
7.320000	0.000000	0.177535
7.330000	0.000000	0.174768
7.340000	0.000000	0.173972
7.350000	0.000000	0.173621
7.360000	0.000000	0.168617
7.370000	0.000000	0.164586
7.380000	0.000000	0.161739
7.390000	0.000000	0.159271
7.400000	0.000000	0.156940
7.410000	0.000000	0.155053
7.420000	0.000000	0.154523
7.430000	0.000000	0.153661
7.440000	0.000000	0.149558
7.450000	0.000000	0.146315
7.460000	0.000000	0.143943
7.470000	0.000000	0.141175
7.480000	0.000000	0.139121
7.490000	0.000000	0.140493
7.500000	0.000000	0.136386
7.510000	0.000000	0.138806
7.520000	0.000000	0.134851
7.530000	0.000000	0.131431
7.540000	0.000000	0.129883
7.550000	0.000000	0.126982
7.560000	0.000000	0.123431
7.570000	0.000000	0.121101
7.580000	0.000000	0.119472
7.590000	0.000000	0.117449
7.600000	0.000000	0.115294
7.610000	0.000000	0.113595
7.620000	0.000000	0.112596
7.630000	0.000000	0.111749
7.640000	0.000000	0.108394
7.650000	0.000000	0.106556
7.660000	0.000000	0.104952
7.670000	0.000000	0.103415
7.680000	0.000000	0.101923
7.690000	0.000000	0.100372
7.700000	0.000000	0.098828
7.710000	0.000000	0.097320
7.720000	0.000000	0.096763
7.730000	0.000000	0.095182
7.740000	0.000000	0.093068
7.750000	0.000000	0.091732
7.760000	0.000000	0.090625
7.770000	0.000000	0.090170
7.780000	0.000000	0.090892
7.790000	0.000000	0.091500
7.800000	0.000000	0.088138
7.810000	0.000000	0.084038
7.820000	0.000000	0.083097
7.830000	0.000000	0.081769
7.840000	0.000000	0.079623
7.850000	0.000000	0.078542
7.860000	0.000000	0.077174
7.870000	0.000000	0.075981
7.880000	0.000000	0.074782
7.890000	0.000000	0.073597
7.900000	0.000000	0.072459
7.910000	0.000000	0.071375
7.920000	0.000000	0.070342
7.930000	0.000000	0.069316
7.940000	0.000000	0.068293
7.950000	0.000000	0.067273
7.960000	0.000000	0.066278
7.970000	0.000000	0.065412
7.980000	0.000000	0.064216
7.990000	0.000000	0.063187
8.000000	0.000000	0.062230
8.010000	0.000000	0.061289
8.020000	0.000000	0.060384
8.030000	0.000000	0.059490
8.040000	0.000000	0.058599
8.050000	0.000000	0.057709
8.060000	0.000000	0.056821
8.070000	0.000000	0.055937
8.080000	0.000000	0.055057
8.090000	0.000000	0.054214
8.100000	0.000000	0.053374
8.110000	0.000000	0.052480
8.120000	0.000000	0.051706
8.130000	0.000000	0.050936
8.140000	0.000000	0.050168
8.150000	0.000000	0.049393
8.160000	0.000000	0.049044
8.170000	0.000000	0.047877
8.180000	0.000000	0.047223
8.190000	0.000000	0.046493
8.200000	0.000000	0.045793
8.210000	0.000000	0.045161
8.220000	0.000000	0.044454
8.230000	0.000000	0.043740
8.240000	0.000000	0.043063
8.250000	0.000000	0.042402
8.260000	0.000000	0.041762
8.270000	0.000000	0.041135
8.280000	0.000000	0.040532
8.290000	0.000000	0.039946
8.300000	0.000000	0.039337
8.310000	0.000000	0.038742
8.320000	0.000000	0.038138
8.330000	0.000000	0.037523
8.340000	0.000000	0.037094
8.350000	0.000000	0.036371
8.360000	0.000000	0.035795
8.370000	0.000000	0.035234
8.380000	0.000000	0.034705
8.390000	0.000000	0.034212
8.400000	0.000000	0.033699
8.410000	0.000000	0.033170
8.420000	0.000000	0.032714
8.430000	0.000000	0.032250
8.440000	0.000000	0.031676
8.450000	0.000000	0.031218
8.460000	0.000000	0.030760
8.470000	0.000000	0.030306
8.480000	0.000000	0.029857
8.490000	0.000000	0.029381
8.500000	0.000000	0.028919
8.510000	0.000000	0.028496
8.520000	0.000000	0.028063
8.530000	0.000000	0.027617
8.540000	0.000000	0.027206
8.550000	0.000000	0.026807
8.560000	0.000000	0.026409
8.570000	0.000000	0.026013
8.580000	0.000000	0.025620
8.590000	0.000000	0.025230
8.600000	0.000000	0.024842
8.610000	0.000000	0.024452
8.620000	0.000000	0.024055
8.630000	0.000000	0.023689
8.640000	0.000000	0.023341
8.650000	0.000000	0.022998
8.660000	0.000000	0.022635
8.670000	0.000000	0.022287
8.680000	0.000000	0.021947
8.690000	0.000000	0.021611
8.700000	0.000000	0.021285
8.710000	0.000000	0.020984
8.720000	0.000000	0.020674
8.730000	0.000000	0.020365
8.740000	0.000000	0.020061
8.750000	0.000000	0.019757
8.760000	0.000000	0.019453
8.770000	0.000000	0.019150
8.780000	0.000000	0.018853
8.790000	0.000000	0.018569
8.800000	0.000000	0.018299
8.810000	0.000000	0.018031
8.820000	0.000000	0.017769
8.830000	0.000000	0.017487
8.840000	0.000000	0.017220
8.850000	0.000000	0.016957
8.860000	0.000000	0.016694
8.870000	0.000000	0.016431
8.880000	0.000000	0.016175
8.890000	0.000000	0.015931
8.900000	0.000000	0.015697
8.910000	0.000000	0.015466
8.920000	0.000000	0.015236
8.930000	0.000000	0.015008
8.940000	0.000000	0.014780
8.950000	0.000000	0.014551
8.960000	0.000000	0.014327
8.970000	0.000000	0.014118
8.980000	0.000000	0.013915
8.990000	0.000000	0.013709
9.000000	0.000000	0.013494
9.010000	0.000000	0.013290
9.020000	0.000000	0.013087
9.030000	0.000000	0.012883
9.040000	0.000000	0.012682
9.050000	0.000000	0.012489
9.060000	0.000000	0.012306
9.070000	0.000000	0.012127
9.080000	0.000000	0.011951
9.090000	0.000000	0.011774
9.100000	0.000000	0.011598
9.110000	0.000000	0.011422
9.120000	0.000000	0.011246
9.130000	0.000000	0.011071
9.140000	0.000000	0.010898
9.150000	0.000000	0.010735
9.160000	0.000000	0.010572
9.170000	0.000000	0.010412
9.180000	0.000000	0.010258
9.190000	0.000000	0.010105
9.200000	0.000000	0.009952
9.210000	0.000000	0.009800
9.220000	0.000000	0.009649
9.230000	0.000000	0.009505
9.240000	0.000000	0.009367
9.250000	0.000000	0.009230
9.260000	0.000000	0.009094
9.270000	0.000000	0.008958
9.280000	0.000000	0.008822
9.290000	0.000000	0.008686
9.300000	0.000000	0.008550
9.310000	0.000000	0.008417
9.320000	0.000000	0.008291
9.330000	0.000000	0.008168
9.340000	0.000000	0.008046
9.350000	0.000000	0.007929
9.360000	0.000000	0.007811
9.370000	0.000000	0.007693
9.380000	0.000000	0.007576
9.390000	0.000000	0.007458
9.400000	0.000000	0.007343
9.410000	0.000000	0.007233
9.420000	0.000000	0.007127
9.430000	0.000000	0.007022
9.440000	0.000000	0.006919
9.450000	0.000000	0.006817
9.460000	0.000000	0.006715
9.470000	0.000000	0.006613
9.480000	0.000000	0.006512
9.490000	0.000000	0.006411
9.500000	0.000000	0.006312
9.510000	0.000000	0.006219
9.520000	0.000000	0.006128
9.530000	0.000000	0.006037
9.540000	0.000000	0.005946
9.550000	0.000000	0.005855
9.560000	0.000000	0.005764
9.570000	0.000000	0.005674
9.580000	0.000000	0.005588
9.590000	0.000000	0.005507
9.600000	0.000000	0.005428
9.610000	0.000000	0.005349
9.620000	0.000000	0.005270
9.630000	0.000000	0.005191
9.640000	0.000000	0.005113
9.650000	0.000000	0.005034
9.660000	0.000000	0.004956
9.670000	0.000000	0.004878
9.680000	0.000000	0.004806
9.690000	0.000000	0.004736
9.700000	0.000000	0.004667
9.710000	0.000000	0.004598
9.720000	0.000000	0.004530
9.730000	0.000000	0.004462
9.740000	0.000000	0.004394
9.750000	0.000000	0.004326
9.760000	0.000000	0.004260
9.770000	0.000000	0.004198
9.780000	0.000000	0.004137
9.790000	0.000000	0.004076
9.800000	0.000000	0.004015
9.810000	0.000000	0.003954
9.820000	0.000000	0.003893
9.830000	0.000000	0.003832
9.840000	0.000000	0.003770
9.850000	0.000000	0.003714
9.860000	0.000000	0.003661
9.870000	0.000000	0.003608
9.880000	0.000000	0.003555
9.890000	0.000000	0.003503
9.900000	0.000000	0.003450
9.910000	0.000000	0.003397
9.920000	0.000000	0.003345
9.930000	0.000000	0.003295
9.940000	0.000000	0.003247
9.950000	0.000000	0.003200
9.960000	0.000000	0.003153
9.970000	0.000000	0.003107
9.980000	0.000000	0.003062
9.990000	0.000000	0.003016
10.000000	0.000000	0.002969
10.010000	0.000000	0.002922
10.020000	0.000000	0.002876
10.030000	0.000000	0.002833
10.040000	0.000000	0.002792
10.050000	0.000000	0.002751
10.060000	0.000000	0.002710
10.070000	0.000000	0.002670
10.080000	0.000000	0.002629
10.090000	0.000000	0.002589
10.100000	0.000000	0.002549
10.110000	0.000000	0.002510
10.120000	0.000000	0.002473
10.130000	0.000000	0.002438
10.140000	0.000000	0.002402
10.150000	0.000000	0.002367
10.160000	0.000000	0.002332
10.170000	0.000000	0.002295
10.180000	0.000000	0.002259
10.190000	0.000000	0.002226
10.200000	0.000000	0.002193
10.210000	0.000000	0.002161
10.220000	0.000000	0.002130
10.230000	0.000000	0.002099
10.240000	0.000000	0.002069
10.250000	0.000000	0.002038
10.260000	0.000000	0.002007
10.270000	0.000000	0.001977
10.280000	0.000000	0.001946
10.290000	0.000000	0.001916
10.300000	0.000000	0.001887
10.310000	0.000000	0.001860
10.320000	0.000000	0.001833
10.330000	0.000000	0.001806
10.340000	0.000000	0.001777
10.350000	0.000000	0.001750
10.360000	0.000000	0.001723
10.370000	0.000000	0.001697
10.380000	0.000000	0.001671
10.390000	0.000000	0.001647
10.400000	0.000000	0.001623
10.410000	0.000000	0.001599
10.420000	0.000000	0.001576
10.430000	0.000000	0.001552
10.440000	0.000000	0.001529
10.450000	0.000000	0.001506
10.460000	0.000000	0.001484
10.470000	0.000000	0.001463
10.480000	0.000000	0.001441
10.490000	0.000000	0.001420
10.500000	0.000000	0.001400
10.510000	0.000000	0.001378
10.520000	0.000000	0.001357
10.530000	0.000000	0.001337
10.540000	0.000000	0.001316
10.550000	0.000000	0.001296
10.560000	0.000000	0.001276
10.570000	0.000000	0.001257
10.580000	0.000000	0.001239
10.590000	0.000000	0.001221
10.600000	0.000000	0.001203
10.610000	0.000000	0.001185
10.620000	0.000000	0.001167
10.630000	0.000000	0.001149
10.640000	0.000000	0.001131
10.650000	0.000000	0.001114
10.660000	0.000000	0.001098
10.670000	0.000000	0.001082
10.680000	0.000000	0.001065
10.690000	0.000000	0.001050
10.700000	0.000000	0.001034
10.710000	0.000000	0.001018
10.720000	0.000000	0.001004
10.730000	0.000000	0.000989
10.740000	0.000000	0.000975
10.750000	0.000000	0.000961
10.760000	0.000000	0.000947
10.770000	0.000000	0.000933
10.780000	0.000000	0.000919
10.790000	0.000000	0.000906
10.800000	0.000000	0.000892
10.810000	0.000000	0.000878
10.820000	0.000000	0.000865
10.830000	0.000000	0.000851
10.840000	0.000000	0.000839
10.850000	0.000000	0.000826
10.860000	0.000000	0.000814
10.870000	0.000000	0.000802
10.880000	0.000000	0.000790
10.890000	0.000000	0.000778
10.900000	0.000000	0.000766
10.910000	0.000000	0.000754
10.920000	0.000000	0.000743
10.930000	0.000000	0.000732
10.940000	0.000000	0.000722
10.950000	0.000000	0.000711
10.960000	0.000000	0.000701
10.970000	0.000000	0.000690
10.980000	0.000000	0.000680
10.990000	0.000000	0.000671
11.000000	0.000000	0.000661
11.010000	0.000000	0.000651
11.020000	0.000000	0.000641
11.030000	0.000000	0.000632
11.040000	0.000000	0.000623
11.050000	0.000000	0.000614
11.060000	0.000000	0.000605
11.070000	0.000000	0.000595
11.080000	0.000000	0.000586
11.090000	0.000000	0.000577
11.100000	0.000000	0.000568
11.110000	0.000000	0.000560
11.120000	0.000000	0.000552
11.130000	0.000000	0.000544
11.140000	0.000000	0.000536
11.150000	0.000000	0.000527
11.160000	0.000000	0.000519
11.170000	0.000000	0.000512
11.180000	0.000000	0.000504
11.190000	0.000000	0.000496
11.200000	0.000000	0.000489
11.210000	0.000000	0.000482
11.220000	0.000000	0.000474
11.230000	0.000000	0.000467
11.240000	0.000000	0.000461
11.250000	0.000000	0.000454
11.260000	0.000000	0.000448
11.270000	0.000000	0.000441
11.280000	0.000000	0.000435
11.290000	0.000000	0.000429
11.300000	0.000000	0.000422
11.310000	0.000000	0.000416
11.320000	0.000000	0.000410
11.330000	0.000000	0.000404
11.340000	0.000000	0.000398
11.350000	0.000000	0.000391
11.360000	0.000000	0.000385
11.370000	0.000000	0.000379
11.380000	0.000000	0.000374
11.390000	0.000000	0.000368
11.400000	0.000000	0.000363
11.410000	0.000000	0.000358
11.420000	0.000000	0.000352
11.430000	0.000000	0.000347
11.440000	0.000000	0.000342
11.450000	0.000000	0.000337
11.460000	0.000000	0.000331
11.470000	0.000000	0.000327
11.480000	0.000000	0.000322
11.490000	0.000000	0.000317
11.500000	0.000000	0.000312
11.510000	0.000000	0.000308
11.520000	0.000000	0.000303
11.530000	0.000000	0.000299
11.540000	0.000000	0.000295
11.550000	0.000000	0.000291
11.560000	0.000000	0.000286
11.570000	0.000000	0.000282
11.580000	0.000000	0.000278
11.590000	0.000000	0.000274
11.600000	0.000000	0.000270
11.610000	0.000000	0.000266
11.620000	0.000000	0.000262
11.630000	0.000000	0.000258
11.640000	0.000000	0.000254
11.650000	0.000000	0.000250
11.660000	0.000000	0.000246
11.670000	0.000000	0.000243
11.680000	0.000000	0.000239
11.690000	0.000000	0.000235
11.700000	0.000000	0.000232
11.710000	0.000000	0.000228
11.720000	0.000000	0.000225
11.730000	0.000000	0.000222
11.740000	0.000000	0.000218
11.750000	0.000000	0.000215
11.760000	0.000000	0.000212
11.770000	0.000000	0.000209
11.780000	0.000000	0.000206
11.790000	0.000000	0.000203
11.800000	0.000000	0.000200
11.810000	0.000000	0.000197
11.820000	0.000000	0.000194
11.830000	0.000000	0.000192
11.840000	0.000000	0.000189
11.850000	0.000000	0.000186
11.860000	0.000000	0.000183
11.870000	0.000000	0.000180
11.880000	0.000000	0.000178
11.890000	0.000000	0.000175
11.900000	0.000000	0.000172
11.910000	0.000000	0.000170
11.920000	0.000000	0.000167
11.930000	0.000000	0.000165
11.940000	0.000000	0.000162
11.950000	0.000000	0.000160
11.960000	0.000000	0.000157
11.970000	0.000000	0.000155
11.980000	0.000000	0.000153
11.990000	0.000000	0.000151
12.000000	0.000000	0.000148
12.010000	0.000000	0.000146
12.020000	0.000000	0.000144
12.030000	0.000000	0.000142
12.040000	0.000000	0.000140
12.050000	0.000000	0.000138
12.060000	0.000000	0.000136
12.070000	0.000000	0.000134
12.080000	0.000000	0.000132
12.090000	0.000000	0.000130
12.100000	0.000000	0.000128
12.110000	0.000000	0.000126
12.120000	0.000000	0.000124
12.130000	0.000000	0.000123
12.140000	0.000000	0.000121
12.150000	0.000000	0.000119
12.160000	0.000000	0.000117
12.170000	0.000000	0.000115
12.180000	0.000000	0.000114
12.190000	0.000000	0.000112
12.200000	0.000000	0.000110
12.210000	0.000000	0.000109
12.220000	0.000000	0.000107
12.230000	0.000000	0.000105
12.240000	0.000000	0.000104
12.250000	0.000000	0.000102
12.260000	0.000000	0.000101
12.270000	0.000000	0.000099
12.280000	0.000000	0.000098
12.290000	0.000000	0.000096
12.300000	0.000000	0.000095
12.310000	0.000000	0.000094
12.320000	0.000000	0.000092
12.330000	0.000000	0.000091
12.340000	0.000000	0.000090
12.350000	0.000000	0.000088
12.360000	0.000000	0.000087
12.370000	0.000000	0.000086
12.380000	0.000000	0.000085
12.390000	0.000000	0.000083
12.400000	0.000000	0.000082
12.410000	0.000000	0.000081
12.420000	0.000000	0.000080
12.430000	0.000000	0.000078
12.440000	0.000000	0.000077
12.450000	0.000000	0.000076
12.460000	0.000000	0.000075
12.470000	0.000000	0.000074
12.480000	0.000000	0.000073
12.490000	0.000000	0.000072
12.500000	0.000000	0.000071
12.510000	0.000000	0.000070
12.520000	0.000000	0.000068
12.530000	0.000000	0.000067
12.540000	0.000000	0.000066
12.550000	0.000000	0.000065
12.560000	0.000000	0.000064
12.570000	0.000000	0.000064
12.580000	0.000000	0.000063
12.590000	0.000000	0.000062
12.600000	0.000000	0.000061
12.610000	0.000000	0.000060
12.620000	0.000000	0.000059
12.630000	0.000000	0.000058
12.640000	0.000000	0.000058
12.650000	0.000000	0.000057
12.660000	0.000000	0.000056
12.670000	0.000000	0.000055
12.680000	0.000000	0.000054
12.690000	0.000000	0.000053
12.700000	0.000000	0.000053
12.710000	0.000000	0.000052
12.720000	0.000000	0.000051
12.730000	0.000000	0.000050
12.740000	0.000000	0.000049
12.750000	0.000000	0.000049
12.760000	0.000000	0.000048
12.770000	0.000000	0.000047
12.780000	0.000000	0.000047
12.790000	0.000000	0.000046
12.800000	0.000000	0.000045
12.810000	0.000000	0.000045
12.820000	0.000000	0.000044
12.830000	0.000000	0.000043
12.840000	0.000000	0.000043
12.850000	0.000000	0.000042
12.860000	0.000000	0.000041
12.870000	0.000000	0.000041
12.880000	0.000000	0.000040
12.890000	0.000000	0.000040
12.900000	0.000000	0.000039
12.910000	0.000000	0.000039
12.920000	0.000000	0.000038
12.930000	0.000000	0.000037
12.940000	0.000000	0.000037
12.950000	0.000000	0.000036
12.960000	0.000000	0.000036
12.970000	0.000000	0.000035
12.980000	0.000000	0.000035
12.990000	0.000000	0.000034
13.000000	0.000000	0.000034
13.010000	0.000000	0.000033
13.020000	0.000000	0.000033
13.030000	0.000000	0.000032
13.040000	0.000000	0.000032
13.050000	0.000000	0.000031
13.060000	0.000000	0.000031
13.070000	0.000000	0.000030
13.080000	0.000000	0.000030
13.090000	0.000000	0.000029
13.100000	0.000000	0.000029
13.110000	0.000000	0.000029
13.120000	0.000000	0.000028
13.130000	0.000000	0.000028
13.140000	0.000000	0.000027
13.150000	0.000000	0.000027
13.160000	0.000000	0.000027
13.170000	0.000000	0.000026
13.180000	0.000000	0.000026
13.190000	0.000000	0.000025
13.200000	0.000000	0.000025
13.210000	0.000000	0.000025
13.220000	0.000000	0.000024
13.230000	0.000000	0.000024
13.240000	0.000000	0.000024
13.250000	0.000000	0.000023
13.260000	0.000000	0.000023
13.270000	0.000000	0.000023
13.280000	0.000000	0.000022
13.290000	0.000000	0.000022
13.300000	0.000000	0.000022
13.310000	0.000000	0.000021
13.320000	0.000000	0.000021
13.330000	0.000000	0.000021
13.340000	0.000000	0.000020
13.350000	0.000000	0.000020
13.360000	0.000000	0.000020
13.370000	0.000000	0.000019
13.380000	0.000000	0.000019
13.390000	0.000000	0.000019
13.400000	0.000000	0.000019
13.410000	0.000000	0.000018
13.420000	0.000000	0.000018
13.430000	0.000000	0.000018
13.440000	0.000000	0.000018
13.450000	0.000000	0.000017
13.460000	0.000000	0.000017
13.470000	0.000000	0.000017
13.480000	0.000000	0.000017
13.490000	0.000000	0.000016
13.500000	0.000000	0.000016
13.510000	0.000000	0.000016
13.520000	0.000000	0.000016
13.530000	0.000000	0.000015
13.540000	0.000000	0.000015
13.550000	0.000000	0.000015
13.560000	0.000000	0.000015
13.570000	0.000000	0.000014
13.580000	0.000000	0.000014
13.590000	0.000000	0.000014
13.600000	0.000000	0.000014
13.610000	0.000000	0.000014
13.620000	0.000000	0.000013
13.630000	0.000000	0.000013
13.640000	0.000000	0.000013
13.650000	0.000000	0.000013
13.660000	0.000000	0.000013
13.670000	0.000000	0.000013
13.680000	0.000000	0.000012
13.690000	0.000000	0.000012
13.700000	0.000000	0.000012
13.710000	0.000000	0.000012
13.720000	0.000000	0.000012
13.730000	0.000000	0.000011
13.740000	0.000000	0.000011
13.750000	0.000000	0.000011
13.760000	0.000000	0.000011
13.770000	0.000000	0.000011
13.780000	0.000000	0.000011
13.790000	0.000000	0.000010
13.800000	0.000000	0.000010
13.810000	0.000000	0.000010
13.820000	0.000000	0.000010
13.830000	0.000000	0.000010
13.840000	0.000000	0.000010
13.850000	0.000000	0.000010
13.860000	0.000000	0.000009
13.870000	0.000000	0.000009
13.880000	0.000000	0.000009
13.890000	0.000000	0.000009
13.900000	0.000000	0.000009
13.910000	0.000000	0.000009
13.920000	0.000000	0.000009
13.930000	0.000000	0.000009
13.940000	0.000000	0.000008
13.950000	0.000000	0.000008
13.960000	0.000000	0.000008
13.970000	0.000000	0.000008
13.980000	0.000000	0.000008
13.990000	0.000000	0.000008
14.000000	0.000000	0.000008
14.010000	0.000000	0.000008
14.020000	0.000000	0.000007
14.030000	0.000000	0.000007
14.040000	0.000000	0.000007
14.050000	0.000000	0.000007
14.060000	0.000000	0.000007
14.070000	0.000000	0.000007
14.080000	0.000000	0.000007
14.090000	0.000000	0.000007
14.100000	0.000000	0.000007
14.110000	0.000000	0.000007
14.120000	0.000000	0.000006
14.130000	0.000000	0.000006
14.140000	0.000000	0.000006
14.150000	0.000000	0.000006
14.160000	0.000000	0.000006
14.170000	0.000000	0.000006
14.180000	0.000000	0.000006
14.190000	0.000000	0.000006
14.200000	0.000000	0.000006
14.210000	0.000000	0.000006
14.220000	0.000000	0.000006
14.230000	0.000000	0.000005
14.240000	0.000000	0.000005
14.250000	0.000000	0.000005
14.260000	0.000000	0.000005
14.270000	0.000000	0.000005
14.280000	0.000000	0.000005
14.290000	0.000000	0.000005
14.300000	0.000000	0.000005
14.310000	0.000000	0.000005
14.320000	0.000000	0.000005
14.330000	0.000000	0.000005
14.340000	0.000000	0.000005
14.350000	0.000000	0.000005
14.360000	0.000000	0.000005
14.370000	0.000000	0.000004
14.380000	0.000000	0.000004
14.390000	0.000000	0.000004
14.400000	0.000000	0.000004
14.410000	0.000000	0.000004
14.420000	0.000000	0.000004
14.430000	0.000000	0.000004
14.440000	0.000000	0.000004
14.450000	0.000000	0.000004
14.460000	0.000000	0.000004
14.470000	0.000000	0.000004
14.480000	0.000000	0.000004
14.490000	0.000000	0.000004
14.500000	0.000000	0.000004
14.510000	0.000000	0.000004
14.520000	0.000000	0.000004
14.530000	0.000000	0.000004
14.540000	0.000000	0.000003
14.550000	0.000000	0.000003
14.560000	0.000000	0.000003
14.570000	0.000000	0.000003
14.580000	0.000000	0.000003
14.590000	0.000000	0.000003
14.600000	0.000000	0.000003
14.610000	0.000000	0.000003
14.620000	0.000000	0.000003
14.630000	0.000000	0.000003
14.640000	0.000000	0.000003
14.650000	0.000000	0.000003
14.660000	0.000000	0.000003
14.670000	0.000000	0.000003
14.680000	0.000000	0.000003
14.690000	0.000000	0.000003
14.700000	0.000000	0.000003
14.710000	0.000000	0.000003
14.720000	0.000000	0.000003
14.730000	0.000000	0.000003
14.740000	0.000000	0.000003
14.750000	0.000000	0.000003
14.760000	0.000000	0.000003
14.770000	0.000000	0.000002
14.780000	0.000000	0.000002
14.790000	0.000000	0.000002
14.800000	0.000000	0.000002
14.810000	0.000000	0.000002
14.820000	0.000000	0.000002
14.830000	0.000000	0.000002
14.840000	0.000000	0.000002
14.850000	0.000000	0.000002
14.860000	0.000000	0.000002
14.870000	0.000000	0.000002
14.880000	0.000000	0.000002
14.890000	0.000000	0.000002
14.900000	0.000000	0.000002
14.910000	0.000000	0.000002
14.920000	0.000000	0.000002
14.930000	0.000000	0.000002
14.940000	0.000000	0.000002
14.950000	0.000000	0.000002
14.960000	0.000000	0.000002
14.970000	0.000000	0.000002
14.980000	0.000000	0.000002
14.990000	0.000000	0.000002
15.000000	0.000000	0.000002
15.010000	0.000000	0.000002
15.020000	0.000000	0.000002
15.030000	0.000000	0.000002
15.040000	0.000000	0.000002
15.050000	0.000000	0.000002
15.060000	0.000000	0.000002
15.070000	0.000000	0.000002
15.080000	0.000000	0.000002
15.090000	0.000000	0.000002
15.100000	0.000000	0.000002
15.110000	0.000000	0.000002
15.120000	0.000000	0.000001
15.130000	0.000000	0.000001
15.140000	0.000000	0.000001
15.150000	0.000000	0.000001
15.160000	0.000000	0.000001
15.170000	0.000000	0.000001
15.180000	0.000000	0.000001
15.190000	0.000000	0.000001
15.200000	0.000000	0.000001
15.210000	0.000000	0.000001
15.220000	0.000000	0.000001
15.230000	0.000000	0.000001
15.240000	0.000000	0.000001
15.250000	0.000000	0.000001
15.260000	0.000000	0.000001
15.270000	0.000000	0.000001
15.280000	0.000000	0.000001
15.290000	0.000000	0.000001
15.300000	0.000000	0.000001
15.310000	0.000000	0.000001
15.320000	0.000000	0.000001
15.330000	0.000000	0.000001
15.340000	0.000000	0.000001
15.350000	0.000000	0.000001
15.360000	0.000000	0.000001
15.370000	0.000000	0.000001
15.380000	0.000000	0.000001
15.390000	0.000000	0.000001
15.400000	0.000000	9.9e-07
15.410000	0.000000	9.7e-07
15.420000	0.000000	9.6e-07
15.430000	0.000000	9.4e-07
15.440000	0.000000	9.3e-07
15.450000	0.000000	9.1e-07
15.460000	0.000000	9.0e-07
15.470000	0.000000	8.9e-07
15.480000	0.000000	8.7e-07
15.490000	0.000000	8.6e-07
15.500000	0.000000	8.5e-07
15.510000	0.000000	8.4e-07
15.520000	0.000000	8.2e-07
15.530000	0.000000	8.1e-07
15.540000	0.000000	8.0e-07
15.550000	0.000000	7.9e-07
15.560000	0.000000	7.8e-07
15.570000	0.000000	7.7e-07
15.580000	0.000000	7.6e-07
15.590000	0.000000	7.5e-07
15.600000	0.000000	7.4e-07
15.610000	0.000000	7.3e-07
15.620000	0.000000	7.2e-07
15.630000	0.000000	7.1e-07
15.640000	0.000000	7.0e-07
15.650000	0.000000	6.9e-07
15.660000	0.000000	6.8e-07
15.670000	0.000000	6.7e-07
15.680000	0.000000	6.6e-07
15.690000	0.000000	6.5e-07
15.700000	0.000000	6.4e-07
15.710000	0.000000	6.3e-07
15.720000	0.000000	6.2e-07
15.730000	0.000000	6.1e-07
15.740000	0.000000	6.0e-07
15.750000	0.000000	5.9e-07
15.760000	0.000000	5.8e-07
15.770000	0.000000	5.7e-07
15.780000	0.000000	5.6e-07
15.790000	0.000000	5.6e-07
15.800000	0.000000	5.5e-07
15.810000	0.000000	5.4e-07
15.820000	0.000000	5.3e-07
15.830000	0.000000	5.2e-07
15.840000	0.000000	5.2e-07
15.850000	0.000000	5.1e-07
15.860000	0.000000	5.0e-07
15.870000	0.000000	5.0e-07
15.880000	0.000000	4.9e-07
15.890000	0.000000	4.8e-07
15.900000	0.000000	4.8e-07
15.910000	0.000000	4.7e-07
15.920000	0.000000	4.6e-07
15.930000	0.000000	4.5e-07
15.940000	0.000000	4.5e-07
15.950000	0.000000	4.4e-07
15.960000	0.000000	4.4e-07
15.970000	0.000000	4.3e-07
15.980000	0.000000	4.2e-07
15.990000	0.000000	4.2e-07
16.000000	0.000000	4.1e-07
16.010000	0.000000	4.0e-07
16.020000	0.000000	4.0e-07
16.030000	0.000000	3.9e-07
16.040000	0.000000	3.9e-07
16.050000	0.000000	3.8e-07
16.060000	0.000000	3.7e-07
16.070000	0.000000	3.7e-07
16.080000	0.000000	3.6e-07
16.090000	0.000000	3.6e-07
16.100000	0.000000	3.5e-07
16.110000	0.000000	3.5e-07
16.120000	0.000000	3.4e-07
16.130000	0.000000	3.4e-07
16.140000	0.000000	3.3e-07
16.150000	0.000000	3.3e-07
16.160000	0.000000	3.3e-07
16.170000	0.000000	3.2e-07
16.180000	0.000000	3.2e-07
16.190000	0.000000	3.1e-07
16.200000	0.000000	3.1e-07
16.210000	0.000000	3.0e-07
16.220000	0.000000	3.0e-07
16.230000	0.000000	2.9e-07
16.240000	0.000000	2.9e-07
16.250000	0.000000	2.8e-07
16.260000	0.000000	2.8e-07
16.270000	0.000000	2.8e-07
16.280000	0.000000	2.7e-07
16.290000	0.000000	2.7e-07
16.300000	0.000000	2.6e-07
16.310000	0.000000	2.6e-07
16.320000	0.000000	2.6e-07
16.330000	0.000000	2.5e-07
16.340000	0.000000	2.5e-07
16.350000	0.000000	2.5e-07
16.360000	0.000000	2.4e-07
16.370000	0.000000	2.4e-07
16.380000	0.000000	2.3e-07
16.390000	0.000000	2.3e-07
16.400000	0.000000	2.3e-07
16.410000	0.000000	2.3e-07
16.420000	0.000000	2.2e-07
16.430000	0.000000	2.2e-07
16.440000	0.000000	2.2e-07
16.450000	0.000000	2.1e-07
16.460000	0.000000	2.1e-07
16.470000	0.000000	2.1e-07
16.480000	0.000000	2.0e-07
16.490000	0.000000	2.0e-07
16.500000	0.000000	2.0e-07
16.510000	0.000000	2.0e-07
16.520000	0.000000	1.9e-07
16.530000	0.000000	1.9e-07
16.540000	0.000000	1.9e-07
16.550000	0.000000	1.8e-07
16.560000	0.000000	1.8e-07
16.570000	0.000000	1.8e-07
16.580000	0.000000	1.8e-07
16.590000	0.000000	1.7e-07
16.600000	0.000000	1.7e-07
16.610000	0.000000	1.7e-07
16.620000	0.000000	1.7e-07
16.630000	0.000000	1.6e-07
16.640000	0.000000	1.6e-07
16.650000	0.000000	1.6e-07
16.660000	0.000000	1.6e-07
16.670000	0.000000	1.5e-07
16.680000	0.000000	1.5e-07
16.690000	0.000000	1.5e-07
16.700000	0.000000	1.5e-07
16.710000	0.000000	1.5e-07
16.720000	0.000000	1.4e-07
16.730000	0.000000	1.4e-07
16.740000	0.000000	1.4e-07
16.750000	0.000000	1.4e-07
16.760000	0.000000	1.4e-07
16.770000	0.000000	1.3e-07
16.780000	0.000000	1.3e-07
16.790000	0.000000	1.3e-07
16.800000	0.000000	1.3e-07
16.810000	0.000000	1.3e-07
16.820000	0.000000	1.2e-07
16.830000	0.000000	1.2e-07
16.840000	0.000000	1.2e-07
16.850000	0.000000	1.2e-07
16.860000	0.000000	1.2e-07
16.870000	0.000000	1.1e-07
16.880000	0.000000	1.1e-07
16.890000	0.000000	1.1e-07
16.900000	0.000000	1.1e-07
16.910000	0.000000	1.1e-07
16.920000	0.000000	1.1e-07
16.930000	0.000000	1.1e-07
16.940000	0.000000	1.0e-07
16.950000	0.000000	1.0e-07
16.960000	0.000000	1.0e-07
16.970000	0.000000	1.0e-07
16.980000	0.000000	9.8e-08
16.990000	0.000000	9.7e-08
17.000000	0.000000	9.6e-08
17.010000	0.000000	9.4e-08
17.020000	0.000000	9.3e-08
17.030000	0.000000	9.1e-08
17.040000	0.000000	9.0e-08
17.050000	0.000000	8.9e-08
17.060000	0.000000	8.7e-08
17.070000	0.000000	8.6e-08
17.080000	0.000000	8.5e-08
17.090000	0.000000	8.4e-08
17.100000	0.000000	8.2e-08
17.110000	0.000000	8.1e-08
17.120000	0.000000	8.0e-08
17.130000	0.000000	7.9e-08
17.140000	0.000000	7.8e-08
17.150000	0.000000	7.6e-08
17.160000	0.000000	7.5e-08
17.170000	0.000000	7.4e-08
17.180000	0.000000	7.3e-08
17.190000	0.000000	7.2e-08
17.200000	0.000000	7.1e-08
17.210000	0.000000	7.0e-08
17.220000	0.000000	6.9e-08
17.230000	0.000000	6.8e-08
17.240000	0.000000	6.7e-08
17.250000	0.000000	6.6e-08
17.260000	0.000000	6.5e-08
17.270000	0.000000	6.4e-08
17.280000	0.000000	6.4e-08
17.290000	0.000000	6.3e-08
17.300000	0.000000	6.2e-08
17.310000	0.000000	6.1e-08
17.320000	0.000000	6.0e-08
17.330000	0.000000	5.9e-08
17.340000	0.000000	5.8e-08
17.350000	0.000000	5.7e-08
17.360000	0.000000	5.6e-08
17.370000	0.000000	5.6e-08
17.380000	0.000000	5.5e-08
17.390000	0.000000	5.4e-08
17.400000	0.000000	5.3e-08
17.410000	0.000000	5.2e-08
17.420000	0.000000	5.2e-08
17.430000	0.000000	5.1e-08
17.440000	0.000000	5.0e-08
17.450000	0.000000	4.9e-08
17.460000	0.000000	4.9e-08
17.470000	0.000000	4.8e-08
17.480000	0.000000	4.7e-08
17.490000	0.000000	4.7e-08
17.500000	0.000000	4.6e-08
17.510000	0.000000	4.5e-08
17.520000	0.000000	4.5e-08
17.530000	0.000000	4.4e-08
17.540000	0.000000	4.4e-08
17.550000	0.000000	4.3e-08
17.560000	0.000000	4.2e-08
17.570000	0.000000	4.2e-08
17.580000	0.000000	4.1e-08
17.590000	0.000000	4.0e-08
17.600000	0.000000	4.0e-08
17.610000	0.000000	3.9e-08
17.620000	0.000000	3.9e-08
17.630000	0.000000	3.8e-08
17.640000	0.000000	3.8e-08
17.650000	0.000000	3.7e-08
17.660000	0.000000	3.6e-08
17.670000	0.000000	3.6e-08
17.680000	0.000000	3.5e-08
17.690000	0.000000	3.5e-08
17.700000	0.000000	3.4e-08
17.710000	0.000000	3.4e-08
17.720000	0.000000	3.3e-08
17.730000	0.000000	3.3e-08
17.740000	0.000000	3.2e-08
17.750000	0.000000	3.2e-08
17.760000	0.000000	3.2e-08
17.770000	0.000000	3.1e-08
17.780000	0.000000	3.1e-08
17.790000	0.000000	3.0e-08
17.800000	0.000000	3.0e-08
17.810000	0.000000	2.9e-08
17.820000	0.000000	2.9e-08
17.830000	0.000000	2.9e-08
17.840000	0.000000	2.8e-08
17.850000	0.000000	2.8e-08
17.860000	0.000000	2.7e-08
17.870000	0.000000	2.7e-08
17.880000	0.000000	2.7e-08
17.890000	0.000000	2.6e-08
17.900000	0.000000	2.6e-08
17.910000	0.000000	2.5e-08
17.920000	0.000000	2.5e-08
17.930000	0.000000	2.5e-08
17.940000	0.000000	2.4e-08
17.950000	0.000000	2.4e-08
17.960000	0.000000	2.4e-08
17.970000	0.000000	2.3e-08
17.980000	0.000000	2.3e-08
17.990000	0.000000	2.3e-08
18.000000	0.000000	2.2e-08
18.010000	0.000000	2.2e-08
18.020000	0.000000	2.2e-08
18.030000	0.000000	2.1e-08
18.040000	0.000000	2.1e-08
18.050000	0.000000	2.1e-08
18.060000	0.000000	2.0e-08
18.070000	0.000000	2.0e-08
18.080000	0.000000	2.0e-08
18.090000	0.000000	2.0e-08
18.100000	0.000000	1.9e-08
18.110000	0.000000	1.9e-08
18.120000	0.000000	1.9e-08
18.130000	0.000000	1.8e-08
18.140000	0.000000	1.8e-08
18.150000	0.000000	1.8e-08
18.160000	0.000000	1.8e-08
18.170000	0.000000	1.7e-08
18.180000	0.000000	1.7e-08
18.190000	0.000000	1.7e-08
18.200000	0.000000	1.7e-08
18.210000	0.000000	1.6e-08
18.220000	0.000000	1.6e-08
18.230000	0.000000	1.6e-08
18.240000	0.000000	1.6e-08
18.250000	0.000000	1.5e-08
18.260000	0.000000	1.5e-08
18.270000	0.000000	1.5e-08
18.280000	0.000000	1.5e-08
18.290000	0.000000	1.5e-08
18.300000	0.000000	1.4e-08
18.310000	0.000000	1.4e-08
18.320000	0.000000	1.4e-08
18.330000	0.000000	1.4e-08
18.340000	0.000000	1.4e-08
18.350000	0.000000	1.3e-08
18.360000	0.000000	1.3e-08
18.370000	0.000000	1.3e-08
18.380000	0.000000	1.3e-08
18.390000	0.000000	1.3e-08
18.400000	0.000000	1.2e-08
18.410000	0.000000	1.2e-08
18.420000	0.000000	1.2e-08
18.430000	0.000000	1.2e-08
18.440000	0.000000	1.2e-08
18.450000	0.000000	1.2e-08
18.460000	0.000000	1.1e-08
18.470000	0.000000	1.1e-08
18.480000	0.000000	1.1e-08
18.490000	0.000000	1.1e-08
18.500000	0.000000	1.1e-08
18.510000	0.000000	1.1e-08
18.520000	0.000000	1.0e-08
18.530000	0.000000	1.0e-08
18.540000	0.000000	1.0e-08
18.550000	0.000000	1.0e-08
18.560000	0.000000	9.9e-09
18.570000	0.000000	9.7e-09
18.580000	0.000000	9.6e-09
18.590000	0.000000	9.5e-09
18.600000	0.000000	9.3e-09
18.610000	0.000000	9.2e-09
18.620000	0.000000	9.1e-09
18.630000	0.000000	8.9e-09
18.640000	0.000000	8.8e-09
18.650000	0.000000	8.7e-09
18.660000	0.000000	8.6e-09
18.670000	0.000000	8.4e-09
18.680000	0.000000	8.3e-09
18.690000	0.000000	8.2e-09
18.700000	0.000000	8.1e-09
18.710000	0.000000	8.0e-09
18.720000	0.000000	7.9e-09
18.730000	0.000000	7.7e-09
18.740000	0.000000	7.6e-09
18.750000	0.000000	7.5e-09
18.760000	0.000000	7.4e-09
18.770000	0.000000	7.3e-09
18.780000	0.000000	7.2e-09
18.790000	0.000000	7.1e-09
18.800000	0.000000	7.0e-09
18.810000	0.000000	6.9e-09
18.820000	0.000000	6.8e-09
18.830000	0.000000	6.7e-09
18.840000	0.000000	6.6e-09
18.850000	0.000000	6.5e-09
18.860000	0.000000	6.4e-09
18.870000	0.000000	6.3e-09
18.880000	0.000000	6.2e-09
18.890000	0.000000	6.1e-09
18.900000	0.000000	6.0e-09
18.910000	0.000000	6.0e-09
18.920000	0.000000	5.9e-09
18.930000	0.000000	5.8e-09
18.940000	0.000000	5.7e-09
18.950000	0.000000	5.6e-09
18.960000	0.000000	5.5e-09
18.970000	0.000000	5.5e-09
18.980000	0.000000	5.4e-09
18.990000	0.000000	5.3e-09
19.000000	0.000000	5.2e-09
19.010000	0.000000	5.2e-09
19.020000	0.000000	5.1e-09
19.030000	0.000000	5.0e-09
19.040000	0.000000	4.9e-09
19.050000	0.000000	4.8e-09
19.060000	0.000000	4.8e-09
19.070000	0.000000	4.7e-09
19.080000	0.000000	4.6e-09
19.090000	0.000000	4.6e-09
19.100000	0.000000	4.5e-09
19.110000	0.000000	4.4e-09
19.120000	0.000000	4.4e-09
19.130000	0.000000	4.3e-09
19.140000	0.000000	4.3e-09
19.150000	0.000000	4.2e-09
19.160000	0.000000	4.1e-09
19.170000	0.000000	4.1e-09
19.180000	0.000000	4.0e-09
19.190000	0.000000	4.0e-09
19.200000	0.000000	3.9e-09
19.210000	0.000000	3.9e-09
19.220000	0.000000	3.8e-09
19.230000	0.000000	3.8e-09
19.240000	0.000000	3.7e-09
19.250000	0.000000	3.6e-09
19.260000	0.000000	3.6e-09
19.270000	0.000000	3.5e-09
19.280000	0.000000	3.5e-09
19.290000	0.000000	3.4e-09
19.300000	0.000000	3.4e-09
19.310000	0.000000	3.3e-09
19.320000	0.000000	3.3e-09
19.330000	0.000000	3.2e-09
19.340000	0.000000	3.2e-09
19.350000	0.000000	3.1e-09
19.360000	0.000000	3.1e-09
19.370000	0.000000	3.1e-09
19.380000	0.000000	3.0e-09
19.390000	0.000000	3.0e-09
19.400000	0.000000	2.9e-09
19.410000	0.000000	2.9e-09
19.420000	0.000000	2.8e-09
19.430000	0.000000	2.8e-09
19.440000	0.000000	2.8e-09
19.450000	0.000000	2.7e-09
19.460000	0.000000	2.7e-09
19.470000	0.000000	2.7e-09
19.480000	0.000000	2.6e-09
19.490000	0.000000	2.6e-09
19.500000	0.000000	2.5e-09
19.510000	0.000000	2.5e-09
19.520000	0.000000	2.5e-09
19.530000	0.000000	2.4e-09
19.540000	0.000000	2.4e-09
19.550000	0.000000	2.4e-09
19.560000	0.000000	2.3e-09
19.570000	0.000000	2.3e-09
19.580000	0.000000	2.3e-09
19.590000	0.000000	2.2e-09
19.600000	0.000000	2.2e-09
19.610000	0.000000	2.2e-09
19.620000	0.000000	2.1e-09
19.630000	0.000000	2.1e-09
19.640000	0.000000	2.1e-09
19.650000	0.000000	2.0e-09
19.660000	0.000000	2.0e-09
19.670000	0.000000	2.0e-09
19.680000	0.000000	2.0e-09
19.690000	0.000000	1.9e-09
19.700000	0.000000	1.9e-09
19.710000	0.000000	1.9e-09
19.720000	0.000000	1.8e-09
19.730000	0.000000	1.8e-09
19.740000	0.000000	1.8e-09
19.750000	0.000000	1.8e-09
19.760000	0.000000	1.7e-09
19.770000	0.000000	1.7e-09
19.780000	0.000000	1.7e-09
19.790000	0.000000	1.7e-09
19.800000	0.000000	1.6e-09
19.810000	0.000000	1.6e-09
19.820000	0.000000	1.6e-09
19.830000	0.000000	1.6e-09
19.840000	0.000000	1.6e-09
19.850000	0.000000	1.5e-09
19.860000	0.000000	1.5e-09
19.870000	0.000000	1.5e-09
19.880000	0.000000	1.5e-09
19.890000	0.000000	1.4e-09
19.900000	0.000000	1.4e-09
19.910000	0.000000	1.4e-09
19.920000	0.000000	1.4e-09
19.930000	0.000000	1.4e-09
19.940000	0.000000	1.3e-09
19.950000	0.000000	1.3e-09
19.960000	0.000000	1.3e-09
19.970000	0.000000	1.3e-09
19.980000	0.000000	1.3e-09
19.990000	0.000000	1.2e-09
20.000000	0.000000	1.2e-09
20.010000	0.000000	1.2e-09
20.020000	0.000000	1.2e-09
20.030000	0.000000	1.2e-09
20.040000	0.000000	1.2e-09
20.050000	0.000000	1.1e-09
20.060000	0.000000	1.1e-09
20.070000	0.000000	1.1e-09
20.080000	0.000000	1.1e-09
20.090000	0.000000	1.1e-09
20.100000	0.000000	1.1e-09
20.110000	0.000000	1.1e-09
20.120000	0.000000	1.0e-09
20.130000	0.000000	1.0e-09
20.140000	0.000000	1.0e-09
20.150000	0.000000	9.9e-10
20.160000	0.000000	9.7e-10
20.170000	0.000000	9.6e-10
20.180000	0.000000	9.5e-10
20.190000	0.000000	9.3e-10
20.200000	0.000000	9.2e-10
20.210000	0.000000	9.1e-10
20.220000	0.000000	8.9e-10
20.230000	0.000000	8.8e-10
20.240000	0.000000	8.7e-10
20.250000	0.000000	8.6e-10
20.260000	0.000000	8.5e-10
20.270000	0.000000	8.3e-10
20.280000	0.000000	8.2e-10
20.290000	0.000000	8.1e-10
20.300000	0.000000	8.0e-10
20.310000	0.000000	7.9e-10
20.320000	0.000000	7.8e-10
20.330000	0.000000	7.7e-10
20.340000	0.000000	7.5e-10
20.350000	0.000000	7.4e-10
20.360000	0.000000	7.3e-10
20.370000	0.000000	7.2e-10
20.380000	0.000000	7.1e-10
20.390000	0.000000	7.0e-10
20.400000	0.000000	6.9e-10
20.410000	0.000000	6.8e-10
20.420000	0.000000	6.7e-10
20.430000	0.000000	6.6e-10
20.440000	0.000000	6.5e-10
20.450000	0.000000	6.4e-10
20.460000	0.000000	6.3e-10
20.470000	0.000000	6.2e-10
20.480000	0.000000	6.1e-10
20.490000	0.000000	6.1e-10
20.500000	0.000000	6.0e-10
20.510000	0.000000	5.9e-10
20.520000	0.000000	5.8e-10
20.530000	0.000000	5.7e-10
20.540000	0.000000	5.6e-10
20.550000	0.000000	5.6e-10
20.560000	0.000000	5.5e-10
20.570000	0.000000	5.4e-10
20.580000	0.000000	5.3e-10
20.590000	0.000000	5.3e-10
20.600000	0.000000	5.2e-10
20.610000	0.000000	5.1e-10
20.620000	0.000000	5.0e-10
20.630000	0.000000	5.0e-10
20.640000	0.000000	4.9e-10
20.650000	0.000000	4.8e-10
20.660000	0.000000	4.8e-10
20.670000	0.000000	4.7e-10
20.680000	0.000000	4.6e-10
20.690000	0.000000	4.5e-10
20.700000	0.000000	4.5e-10
20.710000	0.000000	4.4e-10
20.720000	0.000000	4.3e-10
20.730000	0.000000	4.3e-10
20.740000	0.000000	4.2e-10
20.750000	0.000000	4.2e-10
20.760000	0.000000	4.1e-10
20.770000	0.000000	4.0e-10
20.780000	0.000000	4.0e-10
20.790000	0.000000	3.9e-10
20.800000	0.000000	3.9e-10
20.810000	0.000000	3.8e-10
20.820000	0.000000	3.8e-10
20.830000	0.000000	3.7e-10
20.840000	0.000000	3.7e-10
20.850000	0.000000	3.6e-10
20.860000	0.000000	3.6e-10
20.870000	0.000000	3.5e-10
20.880000	0.000000	3.5e-10
20.890000	0.000000	3.4e-10
20.900000	0.000000	3.4e-10
20.910000	0.000000	3.3e-10
20.920000	0.000000	3.3e-10
20.930000	0.000000	3.2e-10
20.940000	0.000000	3.2e-10
20.950000	0.000000	3.1e-10
20.960000	0.000000	3.1e-10
20.970000	0.000000	3.0e-10
20.980000	0.000000	3.0e-10
20.990000	0.000000	2.9e-10
21.000000	0.000000	2.9e-10
21.010000	0.000000	2.9e-10
21.020000	0.000000	2.8e-10
21.030000	0.000000	2.8e-10
21.040000	0.000000	2.7e-10
21.050000	0.000000	2.7e-10
21.060000	0.000000	2.7e-10
21.070000	0.000000	2.6e-10
21.080000	0.000000	2.6e-10
21.090000	0.000000	2.6e-10
21.100000	0.000000	2.5e-10
21.110000	0.000000	2.5e-10
21.120000	0.000000	2.4e-10
21.130000	0.000000	2.4e-10
21.140000	0.000000	2.4e-10
21.150000	0.000000	2.3e-10
21.160000	0.000000	2.3e-10
21.170000	0.000000	2.3e-10
21.180000	0.000000	2.2e-10
21.190000	0.000000	2.2e-10
21.200000	0.000000	2.2e-10
21.210000	0.000000	2.2e-10
21.220000	0.000000	2.1e-10
21.230000	0.000000	2.1e-10
21.240000	0.000000	2.1e-10
21.250000	0.000000	2.0e-10
21.260000	0.000000	2.0e-10
21.270000	0.000000	2.0e-10
21.280000	0.000000	1.9e-10
21.290000	0.000000	1.9e-10
21.300000	0.000000	1.9e-10
21.310000	0.000000	1.9e-10
21.320000	0.000000	1.8e-10
21.330000	0.000000	1.8e-10
21.340000	0.000000	1.8e-10
21.350000	0.000000	1.8e-10
21.360000	0.000000	1.7e-10
21.370000	0.000000	1.7e-10
21.380000	0.000000	1.7e-10
21.390000	0.000000	1.7e-10
21.400000	0.000000	1.6e-10
21.410000	0.000000	1.6e-10
21.420000	0.000000	1.6e-10
21.430000	0.000000	1.6e-10
21.440000	0.000000	1.5e-10
21.450000	0.000000	1.5e-10
21.460000	0.000000	1.5e-10
21.470000	0.000000	1.5e-10
21.480000	0.000000	1.5e-10
21.490000	0.000000	1.4e-10
21.500000	0.000000	1.4e-10
21.510000	0.000000	1.4e-10
21.520000	0.000000	1.4e-10
21.530000	0.000000	1.4e-10
21.540000	0.000000	1.3e-10
21.550000	0.000000	1.3e-10
21.560000	0.000000	1.3e-10
21.570000	0.000000	1.3e-10
21.580000	0.000000	1.3e-10
21.590000	0.000000	1.2e-10
21.600000	0.000000	1.2e-10
21.610000	0.000000	1.2e-10
21.620000	0.000000	1.2e-10
21.630000	0.000000	1.2e-10
21.640000	0.000000	1.2e-10
21.650000	0.000000	1.1e-10
21.660000	0.000000	1.1e-10
21.670000	0.000000	1.1e-10
21.680000	0.000000	1.1e-10
21.690000	0.000000	1.1e-10
21.700000	0.000000	1.1e-10
21.710000	0.000000	1.0e-10
21.720000	0.000000	1.0e-10
21.730000	0.000000	1.0e-10
21.740000	0.000000	1.0e-10
21.750000	0.000000	9.9e-11
21.760000	0.000000	9.7e-11
21.770000	0.000000	9.6e-11
21.780000	0.000000	9.4e-11
21.790000	0.000000	9.3e-11
21.800000	0.000000	9.2e-11
21.810000	0.000000	9.0e-11
21.820000	0.000000	8.9e-11
21.830000	0.000000	8.7e-11
21.840000	0.000000	8.6e-11
21.850000	0.000000	8.5e-11
21.860000	0.000000	8.4e-11
21.870000	0.000000	8.3e-11
21.880000	0.000000	8.2e-11
21.890000	0.000000	8.1e-11
21.900000	0.000000	7.9e-11
21.910000	0.000000	7.8e-11
21.920000	0.000000	7.7e-11
21.930000	0.000000	7.6e-11
21.940000	0.000000	7.5e-11
21.950000	0.000000	7.4e-11
21.960000	0.000000	7.3e-11
21.970000	0.000000	7.2e-11
21.980000	0.000000	7.1e-11
21.990000	0.000000	7.0e-11
22.000000	0.000000	6.9e-11
22.010000	0.000000	6.8e-11
22.020000	0.000000	6.7e-11
22.030000	0.000000	6.6e-11
22.040000	0.000000	6.5e-11
22.050000	0.000000	6.4e-11
22.060000	0.000000	6.3e-11
22.070000	0.000000	6.2e-11
22.080000	0.000000	6.1e-11
22.090000	0.000000	6.0e-11
22.100000	0.000000	5.9e-11
22.110000	0.000000	5.8e-11
22.120000	0.000000	5.8e-11
22.130000	0.000000	5.7e-11
22.140000	0.000000	5.6e-11
22.150000	0.000000	5.5e-11
22.160000	0.000000	5.5e-11
22.170000	0.000000	5.4e-11
22.180000	0.000000	5.3e-11
22.190000	0.000000	5.2e-11
22.200000	0.000000	5.2e-11
22.210000	0.000000	5.1e-11
22.220000	0.000000	5.0e-11
22.230000	0.000000	4.9e-11
22.240000	0.000000	4.9e-11
22.250000	0.000000	4.8e-11
22.260000	0.000000	4.7e-11
22.270000	0.000000	4.7e-11
22.280000	0.000000	4.6e-11
22.290000	0.000000	4.5e-11
22.300000	0.000000	4.5e-11
22.310000	0.000000	4.4e-11
22.320000	0.000000	4.3e-11
22.330000	0.000000	4.3e-11
22.340000	0.000000	4.2e-11
22.350000	0.000000	4.2e-11
22.360000	0.000000	4.1e-11
22.370000	0.000000	4.0e-11
22.380000	0.000000	4.0e-11
22.390000	0.000000	3.9e-11
22.400000	0.000000	3.9e-11
22.410000	0.000000	3.8e-11
22.420000	0.000000	3.8e-11
22.430000	0.000000	3.7e-11
22.440000	0.000000	3.6e-11
22.450000	0.000000	3.6e-11
22.460000	0.000000	3.6e-11
22.470000	0.000000	3.5e-11
22.480000	0.000000	3.5e-11
22.490000	0.000000	3.4e-11
22.500000	0.000000	3.4e-11
22.510000	0.000000	3.3e-11
22.520000	0.000000	3.3e-11
22.530000	0.000000	3.2e-11
22.540000	0.000000	3.2e-11
22.550000	0.000000	3.1e-11
22.560000	0.000000	3.1e-11
22.570000	0.000000	3.0e-11
22.580000	0.000000	3.0e-11
22.590000	0.000000	3.0e-11
22.600000	0.000000	2.9e-11
22.610000	0.000000	2.9e-11
22.620000	0.000000	2.8e-11
22.630000	0.000000	2.8e-11
22.640000	0.000000	2.7e-11
22.650000	0.000000	2.7e-11
22.660000	0.000000	2.7e-11
22.670000	0.000000	2.6e-11
22.680000	0.000000	2.6e-11
22.690000	0.000000	2.5e-11
22.700000	0.000000	2.5e-11
22.710000	0.000000	2.5e-11
22.720000	0.000000	2.4e-11
22.730000	0.000000	2.4e-11
22.740000	0.000000	2.4e-11
22.750000	0.000000	2.3e-11
22.760000	0.000000	2.3e-11
22.770000	0.000000	2.3e-11
22.780000	0.000000	2.3e-11
22.790000	0.000000	2.2e-11
22.800000	0.000000	2.2e-11
22.810000	0.000000	2.2e-11
22.820000	0.000000	2.1e-11
22.830000	0.000000	2.1e-11
22.840000	0.000000	2.1e-11
22.850000	0.000000	2.0e-11
22.860000	0.000000	2.0e-11
22.870000	0.000000	2.0e-11
22.880000	0.000000	1.9e-11
22.890000	0.000000	1.9e-11
22.900000	0.000000	1.9e-11
22.910000	0.000000	1.8e-11
22.920000	0.000000	1.8e-11
22.930000	0.000000	1.7e-11
22.940000	0.000000	1.7e-11
22.950000	0.000000	1.6e-11
22.960000	0.000000	1.6e-11
22.970000	0.000000	1.6e-11
22.980000	0.000000	1.6e-11
22.990000	0.000000	1.6e-11
23.000000	0.000000	1.5e-11
23.010000	0.000000	1.5e-11
23.020000	0.000000	1.5e-11
23.030000	0.000000	1.5e-11
23.040000	0.000000	1.5e-11
23.050000	0.000000	1.4e-11
23.060000	0.000000	1.4e-11
23.070000	0.000000	1.4e-11
23.080000	0.000000	1.4e-11
23.090000	0.000000	1.4e-11
23.100000	0.000000	1.3e-11
23.110000	0.000000	1.3e-11
23.120000	0.000000	1.3e-11
23.130000	0.000000	1.3e-11
23.140000	0.000000	1.3e-11
23.150000	0.000000	1.2e-11
23.160000	0.000000	1.2e-11
23.170000	0.000000	1.2e-11
23.180000	0.000000	1.2e-11
23.190000	0.000000	1.2e-11
23.200000	0.000000	1.1e-11
23.210000	0.000000	1.1e-11
23.220000	0.000000	1.1e-11
23.230000	0.000000	1.1e-11
23.240000	0.000000	1.1e-11
23.250000	0.000000	1.1e-11
23.260000	0.000000	1.1e-11
23.270000	0.000000	1.0e-11
23.280000	0.000000	1.0e-11
23.290000	0.000000	1.0e-11
23.300000	0.000000	1.0e-11
23.310000	0.000000	9.9e-12
23.320000	0.000000	9.7e-12
23.330000	0.000000	9.6e-12
23.340000	0.000000	9.5e-12
23.350000	0.000000	9.4e-12
23.360000	0.000000	9.2e-12
23.370000	0.000000	9.1e-12
23.380000	0.000000	9.0e-12
23.390000	0.000000	8.8e-12
23.400000	0.000000	8.7e-12
23.410000	0.000000	8.6e-12
23.420000	0.000000	8.4e-12
23.430000	0.000000	8.3e-12
23.440000	0.000000	8.2e-12
23.450000	0.000000	8.0e-12
23.460000	0.000000	7.9e-12
23.470000	0.000000	7.8e-12
23.480000	0.000000	7.6e-12
23.490000	0.000000	7.5e-12
23.500000	0.000000	7.4e-12
23.510000	0.000000	7.3e-12
23.520000	0.000000	7.2e-12
23.530000	0.000000	7.1e-12
23.540000	0.000000	7.1e-12
23.550000	0.000000	7.0e-12
23.560000	0.000000	6.9e-12
23.570000	0.000000	6.8e-12
23.580000	0.000000	6.7e-12
23.590000	0.000000	6.6e-12
23.600000	0.000000	6.5e-12
23.610000	0.000000	6.4e-12
23.620000	0.000000	6.3e-12
23.630000	0.000000	6.3e-12
23.640000	0.000000	6.2e-12
23.650000	0.000000	6.1e-12
23.660000	0.000000	6.0e-12
23.670000	0.000000	5.9e-12
23.680000	0.000000	5.8e-12
23.690000	0.000000	5.7e-12
23.700000	0.000000	5.6e-12
23.710000	0.000000	5.6e-12
23.720000	0.000000	5.5e-12
23.730000	0.000000	5.4e-12
23.740000	0.000000	5.3e-12
23.750000	0.000000	5.2e-12
23.760000	0.000000	5.1e-12
23.770000	0.000000	5.0e-12
23.780000	0.000000	5.0e-12
23.790000	0.000000	4.9e-12
23.800000	0.000000	4.8e-12
23.810000	0.000000	4.8e-12
23.820000	0.000000	4.7e-12
23.830000	0.000000	4.7e-12
23.840000	0.000000	4.6e-12
23.850000	0.000000	4.5e-12
23.860000	0.000000	4.5e-12
23.870000	0.000000	4.4e-12
23.880000	0.000000	4.4e-12
23.890000	0.000000	4.3e-12
23.900000	0.000000	4.2e-12
23.910000	0.000000	4.2e-12
23.920000	0.000000	4.1e-12
23.930000	0.000000	4.1e-12
23.940000	0.000000	4.0e-12
23.950000	0.000000	4.0e-12
23.960000	0.000000	3.9e-12
23.970000	0.000000	3.8e-12
23.980000	0.000000	3.8e-12
23.990000	0.000000	3.7e-12
24.000000	0.000000	3.7e-12
24.010000	0.000000	3.6e-12
24.020000	0.000000	3.5e-12
24.030000	0.000000	3.5e-12
24.040000	0.000000	3.4e-12
24.050000	0.000000	3.4e-12
24.060000	0.000000	3.3e-12
24.070000	0.000000	3.3e-12
24.080000	0.000000	3.2e-12
24.090000	0.000000	3.2e-12
24.100000	0.000000	3.2e-12
24.110000	0.000000	3.1e-12
24.120000	0.000000	3.1e-12
24.130000	0.000000	3.0e-12
24.140000	0.000000	3.0e-12
24.150000	0.000000	3.0e-12
24.160000	0.000000	2.9e-12
24.170000	0.000000	2.9e-12
24.180000	0.000000	2.8e-12
24.190000	0.000000	2.8e-12
24.200000	0.000000	2.8e-12
24.210000	0.000000	2.7e-12
24.220000	0.000000	2.7e-12
24.230000	0.000000	2.6e-12
24.240000	0.000000	2.6e-12
24.250000	0.000000	2.6e-12
24.260000	0.000000	2.5e-12
24.270000	0.000000	2.5e-12
24.280000	0.000000	2.4e-12
24.290000	0.000000	2.4e-12
24.300000	0.000000	2.4e-12
24.310000	0.000000	2.3e-12
24.320000	0.000000	2.3e-12
24.330000	0.000000	2.3e-12
24.340000	0.000000	2.2e-12
24.350000	0.000000	2.2e-12
24.360000	0.000000	2.2e-12
24.370000	0.000000	2.1e-12
24.380000	0.000000	2.1e-12
24.390000	0.000000	2.1e-12
24.400000	0.000000	2.1e-12
24.410000	0.000000	2.0e-12
24.420000	0.000000	2.0e-12
24.430000	0.000000	2.0e-12
24.440000	0.000000	2.0e-12
24.450000	0.000000	1.9e-12
24.460000	0.000000	1.9e-12
24.470000	0.000000	1.9e-12
24.480000	0.000000	1.9e-12
24.490000	0.000000	1.8e-12
24.500000	0.000000	1.8e-12
24.510000	0.000000	1.8e-12
24.520000	0.000000	1.7e-12
24.530000	0.000000	1.7e-12
24.540000	0.000000	1.7e-12
24.550000	0.000000	1.7e-12
24.560000	0.000000	1.6e-12
24.570000	0.000000	1.6e-12
24.580000	0.000000	1.6e-12
24.590000	0.000000	1.6e-12
24.600000	0.000000	1.5e-12
24.610000	0.000000	1.5e-12
24.620000	0.000000	1.5e-12
24.630000	0.000000	1.5e-12
24.640000	0.000000	1.5e-12
24.650000	0.000000	1.4e-12
24.660000	0.000000	1.4e-12
24.670000	0.000000	1.4e-12
24.680000	0.000000	1.4e-12
24.690000	0.000000	1.4e-12
24.700000	0.000000	1.3e-12
24.710000	0.000000	1.3e-12
24.720000	0.000000	1.3e-12
24.730000	0.000000	1.3e-12
24.740000	0.000000	1.3e-12
24.750000	0.000000	1.3e-12
24.760000	0.000000	1.2e-12
24.770000	0.000000	1.2e-12
24.780000	0.000000	1.2e-12
24.790000	0.000000	1.2e-12
24.800000	0.000000	1.2e-12
24.810000	0.000000	1.2e-12
24.820000	0.000000	1.1e-12
24.830000	0.000000	1.1e-12
24.840000	0.000000	1.1e-12
24.850000	0.000000	1.1e-12
24.860000	0.000000	1.1e-12
24.870000	0.000000	1.0e-12
24.880000	0.000000	1.0e-12
24.890000	0.000000	1.0e-12
24.900000	0.000000	1.0e-12
24.910000	0.000000	9.9e-13
24.920000	0.000000	9.7e-13
24.930000	0.000000	9.6e-13
24.940000	0.000000	9.5e-13
24.950000	0.000000	9.4e-13
24.960000	0.000000	9.2e-13
24.970000	0.000000	9.1e-13
24.980000	0.000000	9.0e-13
24.990000	0.000000	8.9e-13
25.000000	0.000000	8.8e-13
25.010000	0.000000	8.7e-13
25.020000	0.000000	8.5e-13
25.030000	0.000000	8.4e-13
25.040000	0.000000	8.3e-13
25.050000	0.000000	8.2e-13
25.060000	0.000000	8.1e-13
25.070000	0.000000	7.9e-13
25.080000	0.000000	7.8e-13
25.090000	0.000000	7.7e-13
25.100000	0.000000	7.6e-13
25.110000	0.000000	7.5e-13
25.120000	0.000000	7.4e-13
25.130000	0.000000	7.2e-13
25.140000	0.000000	7.1e-13
25.150000	0.000000	7.0e-13
25.160000	0.000000	6.9e-13
25.170000	0.000000	6.8e-13
25.180000	0.000000	6.7e-13
25.190000	0.000000	6.6e-13
25.200000	0.000000	6.5e-13
25.210000	0.000000	6.4e-13
25.220000	0.000000	6.4e-13
25.230000	0.000000	6.3e-13
25.240000	0.000000	6.2e-13
25.250000	0.000000	6.1e-13
25.260000	0.000000	6.0e-13
25.270000	0.000000	6.0e-13
25.280000	0.000000	5.9e-13
25.290000	0.000000	5.8e-13
25.300000	0.000000	5.7e-13
25.310000	0.000000	5.6e-13
25.320000	0.000000	5.6e-13
25.330000	0.000000	5.5e-13
25.340000	0.000000	5.4e-13
25.350000	0.000000	5.3e-13
25.360000	0.000000	5.2e-13
25.370000	0.000000	5.2e-13
25.380000	0.000000	5.1e-13
25.390000	0.000000	5.0e-13
25.400000	0.000000	4.9e-13
25.410000	0.000000	4.9e-13
25.420000	0.000000	4.8e-13
25.430000	0.000000	4.7e-13
25.440000	0.000000	4.6e-13
25.450000	0.000000	4.5e-13
25.460000	0.000000	4.5e-13
25.470000	0.000000	4.4e-13
25.480000	0.000000	4.4e-13
25.490000	0.000000	4.3e-13
25.500000	0.000000	4.3e-13
25.510000	0.000000	4.2e-13
25.520000	0.000000	4.2e-13
25.530000	0.000000	4.1e-13
25.540000	0.000000	4.0e-13
25.550000	0.000000	4.0e-13
25.560000	0.000000	3.9e-13
25.570000	0.000000	3.9e-13
25.580000	0.000000	3.8e-13
25.590000	0.000000	3.8e-13
25.600000	0.000000	3.7e-13
25.610000	0.000000	3.7e-13
25.620000	0.000000	3.6e-13
25.630000	0.000000	3.6e-13
25.640000	0.000000	3.5e-13
25.650000	0.000000	3.5e-13
25.660000	0.000000	3.4e-13
25.670000	0.000000	3.4e-13
25.680000	0.000000	3.3e-13
25.690000	0.000000	3.2e-13
25.700000	0.000000	3.2e-13
25.710000	0.000000	3.1e-13
25.720000	0.000000	3.1e-13
25.730000	0.000000	3.0e-13
25.740000	0.000000	3.0e-13
25.750000	0.000000	3.0e-13
25.760000	0.000000	2.9e-13
25.770000	0.000000	2.9e-13
25.780000	0.000000	2.9e-13
25.790000	0.000000	2.8e-13
25.800000	0.000000	2.8e-13
25.810000	0.000000	2.7e-13
25.820000	0.000000	2.7e-13
25.830000	0.000000	2.7e-13
25.840000	0.000000	2.6e-13
25.850000	0.000000	2.6e-13
25.860000	0.000000	2.6e-13
25.870000	0.000000	2.5e-13
25.880000	0.000000	2.5e-13
25.890000	0.000000	2.5e-13
25.900000	0.000000	2.4e-13
25.910000	0.000000	2.4e-13
25.920000	0.000000	2.4e-13
25.930000	0.000000	2.3e-13
25.940000	0.000000	2.3e-13
25.950000	0.000000	2.2e-13
25.960000	0.000000	2.2e-13
25.970000	0.000000	2.2e-13
25.980000	0.000000	2.1e-13
25.990000	0.000000	2.1e-13
26.000000	0.000000	2.1e-13
26.010000	0.000000	2.0e-13
26.020000	0.000000	2.0e-13
26.030000	0.000000	2.0e-13
26.040000	0.000000	2.0e-13
26.050000	0.000000	1.9e-13
26.060000	0.000000	1.9e-13
26.070000	0.000000	1.9e-13
26.080000	0.000000	1.9e-13
26.090000	0.000000	1.8e-13
26.100000	0.000000	1.8e-13
26.110000	0.000000	1.8e-13
26.120000	0.000000	1.8e-13
26.130000	0.000000	1.7e-13
26.140000	0.000000	1.7e-13
26.150000	0.000000	1.7e-13
26.160000	0.000000	1.7e-13
26.170000	0.000000	1.6e-13
26.180000	0.000000	1.6e-13
26.190000	0.000000	1.6e-13
26.200000	0.000000	1.6e-13
26.210000	0.000000	1.6e-13
26.220000	0.000000	1.5e-13
26.230000	0.000000	1.5e-13
26.240000	0.000000	1.5e-13
26.250000	0.000000	1.5e-13
26.260000	0.000000	1.4e-13
26.270000	0.000000	1.4e-13
26.280000	0.000000	1.4e-13
26.290000	0.000000	1.4e-13
26.300000	0.000000	1.3e-13
26.310000	0.000000	1.3e-13
26.320000	0.000000	1.3e-13
26.330000	0.000000	1.3e-13
26.340000	0.000000	1.3e-13
26.350000	0.000000	1.3e-13
26.360000	0.000000	1.2e-13
26.370000	0.000000	1.2e-13
26.380000	0.000000	1.2e-13
26.390000	0.000000	1.2e-13
26.400000	0.000000	1.2e-13
26.410000	0.000000	1.2e-13
26.420000	0.000000	1.2e-13
26.430000	0.000000	1.1e-13
26.440000	0.000000	1.1e-13
26.450000	0.000000	1.1e-13
26.460000	0.000000	1.1e-13
26.470000	0.000000	1.1e-13
26.480000	0.000000	1.1e-13
26.490000	0.000000	1.0e-13
26.500000	0.000000	1.0e-13
26.510000	0.000000	1.0e-13
26.520000	0.000000	9.9e-14
26.530000	0.000000	9.8e-14
26.540000	0.000000	9.6e-14
26.550000	0.000000	9.5e-14
26.560000	0.000000	9.3e-14
26.570000	0.000000	9.2e-14
26.580000	0.000000	9.0e-14
26.590000	0.000000	8.9e-14
26.600000	0.000000	8.8e-14
26.610000	0.000000	8.7e-14
26.620000	0.000000	8.6e-14
26.630000	0.000000	8.5e-14
26.640000	0.000000	8.4e-14
26.650000	0.000000	8.3e-14
26.660000	0.000000	8.2e-14
26.670000	0.000000	8.1e-14
26.680000	0.000000	7.9e-14
26.690000	0.000000	7.8e-14
26.700000	0.000000	7.7e-14
26.710000	0.000000	7.6e-14
26.720000	0.000000	7.5e-14
26.730000	0.000000	7.4e-14
26.740000	0.000000	7.3e-14
26.750000	0.000000	7.2e-14
26.760000	0.000000	7.1e-14
26.770000	0.000000	7.0e-14
26.780000	0.000000	6.9e-14
26.790000	0.000000	6.8e-14
26.800000	0.000000	6.7e-14
26.810000	0.000000	6.6e-14
26.820000	0.000000	6.5e-14
26.830000	0.000000	6.4e-14
26.840000	0.000000	6.2e-14
26.850000	0.000000	6.1e-14
26.860000	0.000000	6.1e-14
26.870000	0.000000	6.0e-14
26.880000	0.000000	5.9e-14
26.890000	0.000000	5.8e-14
26.900000	0.000000	5.8e-14
26.910000	0.000000	5.7e-14
26.920000	0.000000	5.6e-14
26.930000	0.000000	5.5e-14
26.940000	0.000000	5.5e-14
26.950000	0.000000	5.4e-14
26.960000	0.000000	5.3e-14
26.970000	0.000000	5.3e-14
26.980000	0.000000	5.2e-14
26.990000	0.000000	5.1e-14
27.000000	0.000000	5.0e-14
27.010000	0.000000	5.0e-14
27.020000	0.000000	4.9e-14
27.030000	0.000000	4.8e-14
27.040000	0.000000	4.8e-14
27.050000	0.000000	4.7e-14
27.060000	0.000000	4.6e-14
27.070000	0.000000	4.5e-14
27.080000	0.000000	4.5e-14
27.090000	0.000000	4.4e-14
27.100000	0.000000	4.3e-14
27.110000	0.000000	4.3e-14
27.120000	0.000000	4.2e-14
27.130000	0.000000	4.1e-14
27.140000	0.000000	4.1e-14
27.150000	0.000000	4.0e-14
27.160000	0.000000	4.0e-14
27.170000	0.000000	3.9e-14
27.180000	0.000000	3.9e-14
27.190000	0.000000	3.8e-14
27.200000	0.000000	3.8e-14
27.210000	0.000000	3.7e-14
27.220000	0.000000	3.7e-14
27.230000	0.000000	3.6e-14
27.240000	0.000000	3.6e-14
27.250000	0.000000	3.5e-14
27.260000	0.000000	3.5e-14
27.270000	0.000000	3.4e-14
27.280000	0.000000	3.4e-14
27.290000	0.000000	3.3e-14
27.300000	0.000000	3.3e-14
27.310000	0.000000	3.2e-14
27.320000	0.000000	3.2e-14
27.330000	0.000000	3.1e-14
27.340000	0.000000	3.1e-14
27.350000	0.000000	3.0e-14
27.360000	0.000000	3.0e-14
27.370000	0.000000	3.0e-14
27.380000	0.000000	2.9e-14
27.390000	0.000000	2.9e-14
27.400000	0.000000	2.8e-14
27.410000	0.000000	2.8e-14
27.420000	0.000000	2.7e-14
27.430000	0.000000	2.7e-14
27.440000	0.000000	2.7e-14
27.450000	0.000000	2.6e-14
27.460000	0.000000	2.6e-14
27.470000	0.000000	2.6e-14
27.480000	0.000000	2.5e-14
27.490000	0.000000	2.5e-14
27.500000	0.000000	2.5e-14
27.510000	0.000000	2.4e-14
27.520000	0.000000	2.4e-14
27.530000	0.000000	2.4e-14
27.540000	0.000000	2.3e-14
27.550000	0.000000	2.3e-14
27.560000	0.000000	2.3e-14
27.570000	0.000000	2.2e-14
27.580000	0.000000	2.2e-14
27.590000	0.000000	2.2e-14
27.600000	0.000000	2.1e-14
27.610000	0.000000	2.1e-14
27.620000	0.000000	2.1e-14
27.630000	0.000000	2.0e-14
27.640000	0.000000	2.0e-14
27.650000	0.000000	2.0e-14
27.660000	0.000000	1.9e-14
27.670000	0.000000	1.9e-14
27.680000	0.000000	1.9e-14
27.690000	0.000000	1.9e-14
27.700000	0.000000	1.8e-14
27.710000	0.000000	1.8e-14
27.720000	0.000000	1.8e-14
27.730000	0.000000	1.8e-14
27.740000	0.000000	1.7e-14
27.750000	0.000000	1.7e-14
27.760000	0.000000	1.7e-14
27.770000	0.000000	1.7e-14
27.780000	0.000000	1.7e-14
27.790000	0.000000	1.6e-14
27.800000	0.000000	1.6e-14
27.810000	0.000000	1.6e-14
27.820000	0.000000	1.6e-14
27.830000	0.000000	1.5e-14
27.840000	0.000000	1.5e-14
27.850000	0.000000	1.5e-14
27.860000	0.000000	1.5e-14
27.870000	0.000000	1.5e-14
27.880000	0.000000	1.4e-14
27.890000	0.000000	1.4e-14
27.900000	0.000000	1.4e-14
27.910000	0.000000	1.4e-14
27.920000	0.000000	1.4e-14
27.930000	0.000000	1.3e-14
27.940000	0.000000	1.3e-14
27.950000	0.000000	1.3e-14
27.960000	0.000000	1.3e-14
27.970000	0.000000	1.2e-14
27.980000	0.000000	1.2e-14
27.990000	0.000000	1.2e-14
28.000000	0.000000	1.2e-14
28.010000	0.000000	1.2e-14
28.020000	0.000000	1.2e-14
28.030000	0.000000	1.2e-14
28.040000	0.000000	1.1e-14
28.050000	0.000000	1.1e-14
28.060000	0.000000	1.1e-14
28.070000	0.000000	1.1e-14
28.080000	0.000000	1.1e-14
28.090000	0.000000	1.1e-14
28.100000	0.000000	1.1e-14
28.110000	0.000000	1.0e-14
28.120000	0.000000	1.0e-14
28.130000	0.000000	1.0e-14
28.140000	0.000000	9.9e-15
28.150000	0.000000	9.8e-15
28.160000	0.000000	9.6e-15
28.170000	0.000000	9.5e-15
28.180000	0.000000	9.4e-15
28.190000	0.000000	9.2e-15
28.200000	0.000000	9.1e-15
28.210000	0.000000	8.9e-15
28.220000	0.000000	8.8e-15
28.230000	0.000000	8.6e-15
28.240000	0.000000	8.5e-15
28.250000	0.000000	8.4e-15
28.260000	0.000000	8.2e-15
28.270000	0.000000	8.1e-15
28.280000	0.000000	8.0e-15
28.290000	0.000000	7.9e-15
28.300000	0.000000	7.8e-15
28.310000	0.000000	7.7e-15
28.320000	0.000000	7.6e-15
28.330000	0.000000	7.5e-15
28.340000	0.000000	7.4e-15
28.350000	0.000000	7.3e-15
28.360000	0.000000	7.2e-15
28.370000	0.000000	7.1e-15
28.380000	0.000000	7.0e-15
28.390000	0.000000	7.0e-15
28.400000	0.000000	6.9e-15
28.410000	0.000000	6.8e-15
28.420000	0.000000	6.7e-15
28.430000	0.000000	6.6e-15
28.440000	0.000000	6.5e-15
28.450000	0.000000	6.4e-15
28.460000	0.000000	6.3e-15
28.470000	0.000000	6.2e-15
28.480000	0.000000	6.1e-15
28.490000	0.000000	6.0e-15
28.500000	0.000000	5.9e-15
28.510000	0.000000	5.8e-15
28.520000	0.000000	5.7e-15
28.530000	0.000000	5.6e-15
28.540000	0.000000	5.5e-15
28.550000	0.000000	5.4e-15
28.560000	0.000000	5.4e-15
28.570000	0.000000	5.3e-15
28.580000	0.000000	5.2e-15
28.590000	0.000000	5.2e-15
28.600000	0.000000	5.1e-15
28.610000	0.000000	5.1e-15
28.620000	0.000000	5.0e-15
28.630000	0.000000	4.9e-15
28.640000	0.000000	4.9e-15
28.650000	0.000000	4.8e-15
28.660000	0.000000	4.7e-15
28.670000	0.000000	4.7e-15
28.680000	0.000000	4.6e-15
28.690000	0.000000	4.5e-15
28.700000	0.000000	4.5e-15
28.710000	0.000000	4.4e-15
28.720000	0.000000	4.3e-15
28.730000	0.000000	4.3e-15
28.740000	0.000000	4.2e-15
28.750000	0.000000	4.2e-15
28.760000	0.000000	4.1e-15
28.770000	0.000000	4.0e-15
28.780000	0.000000	4.0e-15
28.790000	0.000000	3.9e-15
28.800000	0.000000	3.8e-15
28.810000	0.000000	3.8e-15
28.820000	0.000000	3.7e-15
28.830000	0.000000	3.7e-15
28.840000	0.000000	3.6e-15
28.850000	0.000000	3.6e-15
28.860000	0.000000	3.5e-15
28.870000	0.000000	3.5e-15
28.880000	0.000000	3.4e-15
28.890000	0.000000	3.4e-15
28.900000	0.000000	3.3e-15
28.910000	0.000000	3.3e-15
28.920000	0.000000	3.3e-15
28.930000	0.000000	3.2e-15
28.940000	0.000000	3.2e-15
28.950000	0.000000	3.1e-15
28.960000	0.000000	3.1e-15
28.970000	0.000000	3.0e-15
28.980000	0.000000	3.0e-15
28.990000	0.000000	3.0e-15
29.000000	0.000000	2.9e-15
29.010000	0.000000	2.9e-15
29.020000	0.000000	2.8e-15
29.030000	0.000000	2.8e-15
29.040000	0.000000	2.7e-15
29.050000	0.000000	2.7e-15
29.060000	0.000000	2.7e-15
29.070000	0.000000	2.6e-15
29.080000	0.000000	2.6e-15
29.090000	0.000000	2.5e-15
29.100000	0.000000	2.5e-15
29.110000	0.000000	2.5e-15
29.120000	0.000000	2.4e-15
29.130000	0.000000	2.4e-15
29.140000	0.000000	2.4e-15
29.150000	0.000000	2.3e-15
29.160000	0.000000	2.3e-15
29.170000	0.000000	2.3e-15
29.180000	0.000000	2.2e-15
29.190000	0.000000	2.2e-15
29.200000	0.000000	2.2e-15
29.210000	0.000000	2.2e-15
29.220000	0.000000	2.1e-15
29.230000	0.000000	2.1e-15
29.240000	0.000000	2.1e-15
29.250000	0.000000	2.0e-15
29.260000	0.000000	2.0e-15
29.270000	0.000000	2.0e-15
29.280000	0.000000	2.0e-15
29.290000	0.000000	1.9e-15
29.300000	0.000000	1.9e-15
29.310000	0.000000	1.9e-15
29.320000	0.000000	1.8e-15
29.330000	0.000000	1.8e-15
29.340000	0.000000	1.8e-15
29.350000	0.000000	1.8e-15
29.360000	0.000000	1.7e-15
29.370000	0.000000	1.7e-15
29.380000	0.000000	1.7e-15
29.390000	0.000000	1.6e-15
29.400000	0.000000	1.6e-15
29.410000	0.000000	1.6e-15
29.420000	0.000000	1.6e-15
29.430000	0.000000	1.6e-15
29.440000	0.000000	1.5e-15
29.450000	0.000000	1.5e-15
29.460000	0.000000	1.5e-15
29.470000	0.000000	1.5e-15
29.480000	0.000000	1.5e-15
29.490000	0.000000	1.4e-15
29.500000	0.000000	1.4e-15
29.510000	0.000000	1.4e-15
29.520000	0.000000	1.4e-15
29.530000	0.000000	1.4e-15
29.540000	0.000000	1.4e-15
29.550000	0.000000	1.3e-15
29.560000	0.000000	1.3e-15
29.570000	0.000000	1.3e-15
29.580000	0.000000	1.3e-15
29.590000	0.000000	1.3e-15
29.600000	0.000000	1.2e-15
29.610000	0.000000	1.2e-15
29.620000	0.000000	1.2e-15
29.630000	0.000000	1.2e-15
29.640000	0.000000	1.2e-15
29.650000	0.000000	1.1e-15
29.660000	0.000000	1.1e-15
29.670000	0.000000	1.1e-15
29.680000	0.000000	1.1e-15
29.690000	0.000000	1.1e-15
29.700000	0.000000	1.1e-15
29.710000	0.000000	1.1e-15
29.720000	0.000000	1.0e-15
29.730000	0.000000	1.0e-15
29.740000	0.000000	1.0e-15
29.750000	0.000000	1.0e-15
29.760000	0.000000	9.9e-16
29.770000	0.000000	9.7e-16
29.780000	0.000000	9.6e-16
29.790000	0.000000	9.5e-16
29.800000	0.000000	9.3e-16
29.810000	0.000000	9.2e-16
29.820000	0.000000	9.1e-16
29.830000	0.000000	8.9e-16
29.840000	0.000000	8.8e-16
29.850000	0.000000	8.7e-16
29.860000	0.000000	8.6e-16
29.870000	0.000000	8.4e-16
29.880000	0.000000	8.3e-16
29.890000	0.000000	8.2e-16
29.900000	0.000000	8.0e-16
29.910000	0.000000	7.9e-16
29.920000	0.000000	7.8e-16
29.930000	0.000000	7.7e-16
29.940000	0.000000	7.5e-16
29.950000	0.000000	7.4e-16
29.960000	0.000000	7.3e-16
29.970000	0.000000	7.2e-16
29.980000	0.000000	7.1e-16
29.990000	0.000000	7.1e-16
30.000000	0.000000	7.0e-16
30.010000	0.000000	6.9e-16
30.020000	0.000000	6.8e-16
30.030000	0.000000	6.7e-16
30.040000	0.000000	6.6e-16
30.050000	0.000000	6.5e-16
30.060000	0.000000	6.4e-16
30.070000	0.000000	6.4e-16
30.080000	0.000000	6.3e-16
30.090000	0.000000	6.2e-16
