0.100000	0.000000	86526.756147
0.110000	0.000000	59178.572729
0.120000	0.000000	70394.684520
0.130000	0.000000	62929.855132
0.140000	0.000000	59890.511302
0.150000	0.000000	47089.498384
0.160000	0.000000	43971.900731
0.170000	0.000000	37724.406257
0.180000	0.000000	34711.940385
0.190000	0.000000	34833.044887
0.200000	0.000000	29255.843194
0.210000	0.000000	29650.300657
0.220000	0.000000	33031.663065
0.230000	0.000000	25407.906725
0.240000	0.000000	28159.204748
0.250000	0.000000	25594.645279
0.260000	0.000000	21274.811121
0.270000	0.000000	21106.041805
0.280000	0.000000	21435.938406
0.290000	0.000000	19735.238832
0.300000	0.000000	18320.114526
0.310000	0.000000	18152.557112
0.320000	0.000000	18604.299728
0.330000	0.000000	19297.765627
0.340000	0.000000	17714.646843
0.350000	0.000000	15736.996097
0.360000	0.000000	47130.365404
0.370000	0.000000	129972.152304
0.380000	0.000000	146113.746244
0.390000	0.000000	52463.021171
0.400000	0.000000	156005.332523
0.410000	0.000000	18304.274778
0.420000	0.000000	63712.894178
0.430000	0.000000	44222.589699
0.440000	0.000000	57478.838199
0.450000	0.000000	16641.593289
0.460000	0.000000	11784.673949
0.470000	0.000000	11514.089275
0.480000	0.000000	56824.521988
0.490000	0.000000	33105.884276
0.500000	0.000000	30483.550933
0.510000	0.000000	25933.598373
0.520000	0.000000	10317.380779
0.530000	0.000000	21261.457825
0.540000	0.000000	28090.279308
0.550000	0.000000	9869.907599
0.560000	0.000000	13864.007387
0.570000	0.000000	27245.045172
0.580000	0.000000	22635.029521
0.590000	0.000000	18851.946917
0.600000	0.000000	26191.270856
0.610000	0.000000	9611.770357
0.620000	0.000000	11039.572355
0.630000	0.000000	15695.309704
0.640000	0.000000	14553.219239
0.650000	0.000000	27977.735649
0.660000	0.000000	20809.671278
0.670000	0.000000	11523.223304
0.680000	0.000000	10577.910862
0.690000	0.000000	10197.626674
0.700000	0.000000	10787.177866
0.710000	0.000000	11979.051047
0.720000	0.000000	11233.898125
0.730000	0.000000	15782.401837
0.740000	0.000000	8891.881606
0.750000	0.000000	7869.350041
0.760000	0.000000	7732.409036
0.770000	0.000000	12146.437447
0.780000	0.000000	7825.923202
0.790000	0.000000	8415.785342
0.800000	0.000000	8635.458336
0.810000	0.000000	9030.862125
0.820000	0.000000	8372.675907
0.830000	0.000000	7978.575055
0.840000	0.000000	7642.179003
0.850000	0.000000	7352.179586
0.860000	0.000000	7291.495016
0.870000	0.000000	7408.403798
0.880000	0.000000	7544.086268
0.890000	0.000000	7385.217516
0.900000	0.000000	7404.711177
0.910000	0.000000	7515.355938
0.920000	0.000000	7345.615686
0.930000	0.000000	7529.476204
0.940000	0.000000	7275.759738
0.950000	0.000000	7359.487063
0.960000	0.000000	7340.263259
0.970000	0.000000	7533.392343
0.980000	0.000000	7208.923655
0.990000	0.000000	7469.731507
1.000000	0.000000	7729.676030
1.010000	0.000000	9536.232698
1.020000	0.000000	9263.837887
1.030000	0.000000	7463.926856
1.040000	0.000000	9083.951776
1.050000	0.000000	10495.220790
1.060000	0.000000	6922.824658
1.070000	0.000000	7258.487502
1.080000	0.000000	9030.019168
1.090000	0.000000	7006.046519
1.100000	0.000000	11197.960887
1.110000	0.000000	6429.051190
1.120000	0.000000	10754.303164
1.130000	0.000000	6988.917110
1.140000	0.000000	6225.460844
1.150000	0.000000	7289.815544
1.160000	0.000000	8448.648342
1.170000	0.000000	7104.536725
1.180000	0.000000	5969.689449
1.190000	0.000000	5962.484260
1.200000	0.000000	6081.459701
1.210000	0.000000	6091.185789
1.220000	0.000000	5804.513674
1.230000	0.000000	5877.481018
1.240000	0.000000	5875.891510
1.250000	0.000000	5681.754438
1.260000	0.000000	5674.593559
1.270000	0.000000	5789.644239
1.280000	0.000000	5595.695954
1.290000	0.000000	5684.172808
1.300000	0.000000	5604.306375
1.310000	0.000000	5669.465946
1.320000	0.000000	5630.302973
1.330000	0.000000	5532.766013
1.340000	0.000000	5458.133890
1.350000	0.000000	5420.493451
1.360000	0.000000	5454.557498
1.370000	0.000000	5494.081412
1.380000	0.000000	5459.521942
1.390000	0.000000	5485.553534
1.400000	0.000000	5548.784749
1.410000	0.000000	5242.766844
1.420000	0.000000	5293.322741
1.430000	0.000000	5230.411002
1.440000	0.000000	5149.985754
1.450000	0.000000	5141.152180
1.460000	0.000000	5065.739881
1.470000	0.000000	5161.234484
1.480000	0.000000	5415.747696
1.490000	0.000000	5428.225754
1.500000	0.000000	5232.230659
1.510000	0.000000	5008.269444
1.520000	0.000000	4912.211981
1.530000	0.000000	4872.373090
1.540000	0.000000	5049.323025
1.550000	0.000000	5212.128713
1.560000	0.000000	4830.189262
1.570000	0.000000	4847.283876
1.580000	0.000000	4713.104785
1.590000	0.000000	4684.898089
1.600000	0.000000	4691.040443
1.610000	0.000000	4666.483384
1.620000	0.000000	4588.303283
1.630000	0.000000	4560.788177
1.640000	0.000000	4526.273643
1.650000	0.000000	4696.580506
1.660000	0.000000	4650.205674
1.670000	0.000000	4547.598722
1.680000	0.000000	4464.853956
1.690000	0.000000	4405.141890
1.700000	0.000000	4378.961267
1.710000	0.000000	4354.139374
1.720000	0.000000	4370.576403
1.730000	0.000000	4424.354462
1.740000	0.000000	4280.797217
1.750000	0.000000	4336.407877
1.760000	0.000000	4248.323318
1.770000	0.000000	4210.667770
1.780000	0.000000	4140.208943
1.790000	0.000000	4114.113002
1.800000	0.000000	4112.167353
1.810000	0.000000	4130.229441
1.820000	0.000000	4092.120482
1.830000	0.000000	4035.683408
1.840000	0.000000	3990.529290
1.850000	0.000000	3954.582571
1.860000	0.000000	3924.620373
1.870000	0.000000	3916.920975
1.880000	0.000000	3900.819671
1.890000	0.000000	3848.283900
1.900000	0.000000	3822.744685
1.910000	0.000000	3794.719794
1.920000	0.000000	3768.759607
1.930000	0.000000	3742.775434
1.940000	0.000000	3726.096334
1.950000	0.000000	3692.552259
1.960000	0.000000	3662.597241
1.970000	0.000000	3638.112548
1.980000	0.000000	3612.804440
1.990000	0.000000	3586.953480
2.000000	0.000000	3561.883352
2.010000	0.000000	3535.639656
2.020000	0.000000	3511.711396
2.030000	0.000000	3487.184321
2.040000	0.000000	3460.534292
2.050000	0.000000	3434.564573
2.060000	0.000000	3407.588275
2.070000	0.000000	3380.261819
2.080000	0.000000	3354.582694
2.090000	0.000000	3324.628397
2.100000	0.000000	3286.459855
2.110000	0.000000	3243.042199
2.120000	0.000000	3200.602171
2.130000	0.000000	3158.556262
2.140000	0.000000	3112.678785
2.150000	0.000000	3074.686840
2.160000	0.000000	3027.951188
2.170000	0.000000	2982.962441
2.180000	0.000000	2940.277204
2.190000	0.000000	2897.849596
2.200000	0.000000	2855.574674
2.210000	0.000000	2812.844318
2.220000	0.000000	2769.778628
2.230000	0.000000	2727.190634
2.240000	0.000000	2684.566603
2.250000	0.000000	2641.943426
2.260000	0.000000	2599.333030
2.270000	0.000000	2556.996761
2.280000	0.000000	2512.112544
2.290000	0.000000	2468.898399
2.300000	0.000000	2432.461597
2.310000	0.000000	2359.760551
2.320000	0.000000	2291.659049
2.330000	0.000000	2225.867007
2.340000	0.000000	2161.213250
2.350000	0.000000	2094.591077
2.360000	0.000000	2027.604467
2.370000	0.000000	2145.297329
2.380000	0.000000	2149.112954
2.390000	0.000000	1826.503411
2.400000	0.000000	1970.218571
2.410000	0.000000	2394.139381
2.420000	0.000000	36437.323851
2.430000	0.000000	258935.950277
2.440000	0.000000	125947.293298
2.450000	0.000000	53108.940426
2.460000	0.000000	561277.587816
2.470000	0.000000	74368.489792
2.480000	0.000000	1266.213065
2.490000	0.000000	1221.928634
2.500000	0.000000	1177.677917
2.510000	0.000000	1134.221881
2.520000	0.000000	1089.879624
2.530000	0.000000	1045.245566
2.540000	0.000000	1001.116158
2.550000	0.000000	1307.919777
2.560000	0.000000	1580.059185
2.570000	0.000000	900.116962
2.580000	0.000000	5710.671020
2.590000	0.000000	25955.189053
2.600000	0.000000	26191.851128
2.610000	0.000000	276508.957084
2.620000	0.000000	538448.225597
2.630000	0.000000	40202.270499
2.640000	0.000000	559.581548
2.650000	0.000000	554.844308
2.660000	0.000000	550.310821
2.670000	0.000000	545.860015
2.680000	0.000000	541.415014
2.690000	0.000000	536.984100
2.700000	0.000000	532.676836
2.710000	0.000000	528.267019
2.720000	0.000000	524.402438
2.730000	0.000000	520.736873
2.740000	0.000000	516.398671
2.750000	0.000000	515.645824
2.760000	0.000000	507.248750
2.770000	0.000000	505.886283
2.780000	0.000000	513.087175
2.790000	0.000000	590.859277
2.800000	0.000000	830.070031
2.810000	0.000000	551.380279
2.820000	0.000000	4730.517737
2.830000	0.000000	2392.368473
2.840000	0.000000	728.583357
2.850000	0.000000	502.850749
2.860000	0.000000	462.961570
2.870000	0.000000	43324.236861
2.880000	0.000000	54568.435354
2.890000	0.000000	450.431108
2.900000	0.000000	446.319205
2.910000	0.000000	442.217675
2.920000	0.000000	438.097169
2.930000	0.000000	434.462637
2.940000	0.000000	491.646109
2.950000	0.000000	2729.516162
2.960000	0.000000	1140.615133
2.970000	0.000000	491.100403
2.980000	0.000000	492.194716
2.990000	0.000000	431.930660
3.000000	0.000000	405.421420
3.010000	0.000000	1188.348654
3.020000	0.000000	19736.087954
3.030000	0.000000	16219.392261
3.040000	0.000000	1895.799916
3.050000	0.000000	2276.427041
3.060000	0.000000	975.677477
3.070000	0.000000	380.115973
3.080000	0.000000	377.585766
3.090000	0.000000	16382.438858
3.100000	0.000000	105947.937188
3.110000	0.000000	376.665258
3.120000	0.000000	414.663785
3.130000	0.000000	9232.415635
3.140000	0.000000	1417.703599
3.150000	0.000000	4921.425196
3.160000	0.000000	1685.251763
3.170000	0.000000	2869.057247
3.180000	0.000000	4100.920009
3.190000	0.000000	2193.340078
3.200000	0.000000	531.150249
3.210000	0.000000	522.028867
3.220000	0.000000	717.376123
3.230000	0.000000	727.401218
3.240000	0.000000	725.185377
3.250000	0.000000	754.898400
3.260000	0.000000	4904.526906
3.270000	0.000000	30712.527293
3.280000	0.000000	812.761916
3.290000	0.000000	702.597270
3.300000	0.000000	697.971658
3.310000	0.000000	719.087322
3.320000	0.000000	739.111329
3.330000	0.000000	697.080239
3.340000	0.000000	678.810648
3.350000	0.000000	9547.613427
3.360000	0.000000	7014.430019
3.370000	0.000000	665.000612
3.380000	0.000000	660.573625
3.390000	0.000000	3459.729701
3.400000	0.000000	5978.533390
3.410000	0.000000	1794.776066
3.420000	0.000000	4579.323633
3.430000	0.000000	989.331752
3.440000	0.000000	3728.357989
3.450000	0.000000	3754.862141
3.460000	0.000000	667.630342
3.470000	0.000000	624.108184
3.480000	0.000000	616.982579
3.490000	0.000000	1101.418854
3.500000	0.000000	1356.671790
3.510000	0.000000	1393.505533
3.520000	0.000000	1382.498986
3.530000	0.000000	1373.999348
3.540000	0.000000	1365.638575
3.550000	0.000000	1357.360156
3.560000	0.000000	1349.052243
3.570000	0.000000	1340.641756
3.580000	0.000000	1332.431833
3.590000	0.000000	1324.072193
3.600000	0.000000	1316.043040
3.610000	0.000000	1309.918309
3.620000	0.000000	1299.411889
3.630000	0.000000	1290.122601
3.640000	0.000000	1281.812245
3.650000	0.000000	1273.452474
3.660000	0.000000	1265.265591
3.670000	0.000000	1257.648000
3.680000	0.000000	1264.125200
3.690000	0.000000	1250.925251
3.700000	0.000000	1233.069215
3.710000	0.000000	1223.840897
3.720000	0.000000	1215.496281
3.730000	0.000000	1207.221820
3.740000	0.000000	1198.950476
3.750000	0.000000	1190.679080
3.760000	0.000000	1182.401757
3.770000	0.000000	1174.244953
3.780000	0.000000	1167.176343
3.790000	0.000000	1157.836778
3.800000	0.000000	1148.937314
3.810000	0.000000	1140.554038
3.820000	0.000000	1132.223423
3.830000	0.000000	1124.122529
3.840000	0.000000	1116.391885
3.850000	0.000000	1131.971058
3.860000	0.000000	1126.901992
3.870000	0.000000	1110.665338
3.880000	0.000000	1101.246524
3.890000	0.000000	1121.910807
3.900000	0.000000	1129.128192
3.910000	0.000000	1057.908690
3.920000	0.000000	1051.542616
3.930000	0.000000	1049.590023
3.940000	0.000000	1033.149790
3.950000	0.000000	1024.944019
3.960000	0.000000	1019.828097
3.970000	0.000000	1008.066314
3.980000	0.000000	999.647927
3.990000	0.000000	991.432108
4.000000	0.000000	984.812709
4.010000	0.000000	975.650393
4.020000	0.000000	966.837232
4.030000	0.000000	959.333105
4.040000	0.000000	951.385447
4.050000	0.000000	943.811954
4.060000	0.000000	938.002517
4.070000	0.000000	932.376981
4.080000	0.000000	925.781306
4.090000	0.000000	922.078480
4.100000	0.000000	925.227246
4.110000	0.000000	909.021542
4.120000	0.000000	903.103528
4.130000	0.000000	896.442885
4.140000	0.000000	893.647294
4.150000	0.000000	885.650443
4.160000	0.000000	879.644508
4.170000	0.000000	874.053610
4.180000	0.000000	868.448095
4.190000	0.000000	862.844573
4.200000	0.000000	857.246237
4.210000	0.000000	851.647994
4.220000	0.000000	846.049946
4.230000	0.000000	840.472547
4.240000	0.000000	835.296213
4.250000	0.000000	830.281053
4.260000	0.000000	823.665649
4.270000	0.000000	818.083790
4.280000	0.000000	812.472560
4.290000	0.000000	806.787577
4.300000	0.000000	801.609760
4.310000	0.000000	795.416459
4.320000	0.000000	789.739772
4.330000	0.000000	784.708852
4.340000	0.000000	778.754558
4.350000	0.000000	773.162374
4.360000	0.000000	767.602218
4.370000	0.000000	761.954857
4.380000	0.000000	756.361360
4.390000	0.000000	750.719418
4.400000	0.000000	745.042115
4.410000	0.000000	739.462474
4.420000	0.000000	733.932406
4.430000	0.000000	728.474087
4.440000	0.000000	722.821565
4.450000	0.000000	717.261842
4.460000	0.000000	711.556716
4.470000	0.000000	705.790965
4.480000	0.000000	700.432770
4.490000	0.000000	694.696714
4.500000	0.000000	690.751083
4.510000	0.000000	684.468297
4.520000	0.000000	678.136352
4.530000	0.000000	672.461889
4.540000	0.000000	666.895179
4.550000	0.000000	661.306797
4.560000	0.000000	655.757943
4.570000	0.000000	654.118005
4.580000	0.000000	653.330430
4.590000	0.000000	640.138030
4.600000	0.000000	635.395290
4.610000	0.000000	630.664563
4.620000	0.000000	626.052279
4.630000	0.000000	621.865200
4.640000	0.000000	618.049820
4.650000	0.000000	614.322398
4.660000	0.000000	610.594503
4.670000	0.000000	606.868161
4.680000	0.000000	603.183683
4.690000	0.000000	599.900544
4.700000	0.000000	596.351473
4.710000	0.000000	592.505502
4.720000	0.000000	589.224914
4.730000	0.000000	585.716675
4.740000	0.000000	581.757818
4.750000	0.000000	578.462988
4.760000	0.000000	573.435773
4.770000	0.000000	569.646399
4.780000	0.000000	565.957150
4.790000	0.000000	562.240240
4.800000	0.000000	558.267135
4.810000	0.000000	554.677540
4.820000	0.000000	554.129907
4.830000	0.000000	547.829484
4.840000	0.000000	543.343564
4.850000	0.000000	539.974974
4.860000	0.000000	536.659062
4.870000	0.000000	532.562870
4.880000	0.000000	528.448891
4.890000	0.000000	524.740397
4.900000	0.000000	521.034530
4.910000	0.000000	517.329947
4.920000	0.000000	514.000123
4.930000	0.000000	511.162652
4.940000	0.000000	506.227561
4.950000	0.000000	502.517939
4.960000	0.000000	498.819930
4.970000	0.000000	494.933319
4.980000	0.000000	491.897064
4.990000	0.000000	487.551292
5.000000	0.000000	483.741411
5.010000	0.000000	480.039334
5.020000	0.000000	476.677943
5.030000	0.000000	472.845029
5.040000	0.000000	469.135486
5.050000	0.000000	465.500155
5.060000	0.000000	461.681678
5.070000	0.000000	457.968681
5.080000	0.000000	454.292646
5.090000	0.000000	450.509074
5.100000	0.000000	446.819665
5.110000	0.000000	443.187555
5.120000	0.000000	439.988978
5.130000	0.000000	436.454749
5.140000	0.000000	433.111018
5.150000	0.000000	430.021593
5.160000	0.000000	426.834235
5.170000	0.000000	423.676841
5.180000	0.000000	420.557101
5.190000	0.000000	417.795401
5.200000	0.000000	415.316391
5.210000	0.000000	412.806333
5.220000	0.000000	410.272771
5.230000	0.000000	407.795266
5.240000	0.000000	405.381908
5.250000	0.000000	402.973394
5.260000	0.000000	400.363215
5.270000	0.000000	397.886167
5.280000	0.000000	395.409027
5.290000	0.000000	392.931932
5.300000	0.000000	390.366699
5.310000	0.000000	387.904889
5.320000	0.000000	385.342901
5.330000	0.000000	382.857861
5.340000	0.000000	380.384036
5.350000	0.000000	377.956311
5.360000	0.000000	375.462737
5.370000	0.000000	372.987991
5.380000	0.000000	370.519454
5.390000	0.000000	368.048610
5.400000	0.000000	365.587639
5.410000	0.000000	363.110647
5.420000	0.000000	360.632190
5.430000	0.000000	358.166738
5.440000	0.000000	355.702660
5.450000	0.000000	353.236841
5.460000	0.000000	350.768008
5.470000	0.000000	348.192412
5.480000	0.000000	345.682939
5.490000	0.000000	343.277904
5.500000	0.000000	340.770915
5.510000	0.000000	338.297053
5.520000	0.000000	335.828160
5.530000	0.000000	333.392160
5.540000	0.000000	330.941969
5.550000	0.000000	328.461379
5.560000	0.000000	325.998207
5.570000	0.000000	323.622841
5.580000	0.000000	321.211354
5.590000	0.000000	318.633609
5.600000	0.000000	316.258355
5.610000	0.000000	314.181058
5.620000	0.000000	313.200270
5.630000	0.000000	310.712348
5.640000	0.000000	307.304213
5.650000	0.000000	305.090564
5.660000	0.000000	302.491438
5.670000	0.000000	303.453396
5.680000	0.000000	298.308360
5.690000	0.000000	294.952662
5.700000	0.000000	292.858172
5.710000	0.000000	290.767404
5.720000	0.000000	288.676918
5.730000	0.000000	286.586621
5.740000	0.000000	284.499065
5.750000	0.000000	282.520727
5.760000	0.000000	280.789962
5.770000	0.000000	279.150557
5.780000	0.000000	277.516204
5.790000	0.000000	275.885119
5.800000	0.000000	274.239983
5.810000	0.000000	272.512844
5.820000	0.000000	270.884999
5.830000	0.000000	269.257567
5.840000	0.000000	267.632261
5.850000	0.000000	266.006522
5.860000	0.000000	264.419138
5.870000	0.000000	262.797596
5.880000	0.000000	261.161638
5.890000	0.000000	259.527721
5.900000	0.000000	257.897957
5.910000	0.000000	256.276595
5.920000	0.000000	254.665206
5.930000	0.000000	253.063582
5.940000	0.000000	251.389862
5.950000	0.000000	249.767278
5.960000	0.000000	248.145384
5.970000	0.000000	246.485230
5.980000	0.000000	244.790337
5.990000	0.000000	243.167512
6.000000	0.000000	241.568601
6.010000	0.000000	239.928344
6.020000	0.000000	238.318324
6.030000	0.000000	236.701917
6.040000	0.000000	235.070799
6.050000	0.000000	233.447334
6.060000	0.000000	231.834635
6.070000	0.000000	230.224571
6.080000	0.000000	228.606617
6.090000	0.000000	227.012532
6.100000	0.000000	225.474708
6.110000	0.000000	223.979176
6.120000	0.000000	223.170519
6.130000	0.000000	221.065121
6.140000	0.000000	219.158683
6.150000	0.000000	217.714264
6.160000	0.000000	215.985112
6.170000	0.000000	215.364188
6.180000	0.000000	212.692757
6.190000	0.000000	210.706675
6.200000	0.000000	209.179690
6.210000	0.000000	207.758425
6.220000	0.000000	206.377349
6.230000	0.000000	204.997684
6.240000	0.000000	203.618604
6.250000	0.000000	202.240016
6.260000	0.000000	200.861302
6.270000	0.000000	199.482020
6.280000	0.000000	198.103411
6.290000	0.000000	196.725316
6.300000	0.000000	195.345603
6.310000	0.000000	193.893271
6.320000	0.000000	192.499588
6.330000	0.000000	191.265530
6.340000	0.000000	190.164182
6.350000	0.000000	189.083219
6.360000	0.000000	188.001935
6.370000	0.000000	186.920606
6.380000	0.000000	185.847574
6.390000	0.000000	184.771964
6.400000	0.000000	183.719765
6.410000	0.000000	182.648966
6.420000	0.000000	181.523699
6.430000	0.000000	180.445250
6.440000	0.000000	179.378812
6.450000	0.000000	178.339031
6.460000	0.000000	177.468987
6.470000	0.000000	176.800862
6.480000	0.000000	175.071810
6.490000	0.000000	174.254796
6.500000	0.000000	173.078514
6.510000	0.000000	171.891149
6.520000	0.000000	170.838522
6.530000	0.000000	172.483754
6.540000	0.000000	172.540501
6.550000	0.000000	169.461389
6.560000	0.000000	167.597414
6.570000	0.000000	171.544135
6.580000	0.000000	173.703155
6.590000	0.000000	168.762817
6.600000	0.000000	178.181456
6.610000	0.000000	208.527852
6.620000	0.000000	210.307712
6.630000	0.000000	221.551259
6.640000	0.000000	230.631501
6.650000	0.000000	251.251380
6.660000	0.000000	241.443120
6.670000	0.000000	197.968352
6.680000	0.000000	200.149369
6.690000	0.000000	304.845014
6.700000	0.000000	216.063120
6.710000	0.000000	151.697003
6.720000	0.000000	149.307345
6.730000	0.000000	148.004563
6.740000	0.000000	146.931488
6.750000	0.000000	145.858122
6.760000	0.000000	144.786270
6.770000	0.000000	143.717068
6.780000	0.000000	142.675752
6.790000	0.000000	141.731748
6.800000	0.000000	140.815474
6.810000	0.000000	139.873573
6.820000	0.000000	138.921905
6.830000	0.000000	138.006363
6.840000	0.000000	137.108798
6.850000	0.000000	136.182416
6.860000	0.000000	135.264215
6.870000	0.000000	134.361417
6.880000	0.000000	133.443812
6.890000	0.000000	132.543263
6.900000	0.000000	131.691908
6.910000	0.000000	130.940840
6.920000	0.000000	130.121413
6.930000	0.000000	129.093779
6.940000	0.000000	128.309286
6.950000	0.000000	127.652559
6.960000	0.000000	126.820495
6.970000	0.000000	126.627379
6.980000	0.000000	125.165200
6.990000	0.000000	124.422940
7.000000	0.000000	123.705014
7.010000	0.000000	122.992554
7.020000	0.000000	122.366131
7.030000	0.000000	121.588385
7.040000	0.000000	120.834952
7.050000	0.000000	120.138073
7.060000	0.000000	119.424126
7.070000	0.000000	118.694481
7.080000	0.000000	117.970920
7.090000	0.000000	117.247570
7.100000	0.000000	116.535377
7.110000	0.000000	115.827929
7.120000	0.000000	115.106064
7.130000	0.000000	114.390451
7.140000	0.000000	113.675022
7.150000	0.000000	112.915648
7.160000	0.000000	112.211724
7.170000	0.000000	111.558779
7.180000	0.000000	110.794138
7.190000	0.000000	110.090109
7.200000	0.000000	109.352077
7.210000	0.000000	108.621565
7.220000	0.000000	107.903756
7.230000	0.000000	107.187612
7.240000	0.000000	106.473009
7.250000	0.000000	105.766146
7.260000	0.000000	105.094795
7.270000	0.000000	104.424456
7.280000	0.000000	103.636536
7.290000	0.000000	102.901303
7.300000	0.000000	102.187113
7.310000	0.000000	101.470773
7.320000	0.000000	100.711603
7.330000	0.000000	100.012270
7.340000	0.000000	99.285768
7.350000	0.000000	98.570060
7.360000	0.000000	97.864854
7.370000	0.000000	97.165468
7.380000	0.000000	96.526946
7.390000	0.000000	95.915822
7.400000	0.000000	95.306395
7.410000	0.000000	94.697028
7.420000	0.000000	94.085944
7.430000	0.000000	93.477961
7.440000	0.000000	92.867872
7.450000	0.000000	92.259104
7.460000	0.000000	91.651860
7.470000	0.000000	91.041747
7.480000	0.000000	90.427263
7.490000	0.000000	89.783979
7.500000	0.000000	89.175008
7.510000	0.000000	88.567252
7.520000	0.000000	87.998991
7.530000	0.000000	87.373961
7.540000	0.000000	86.756182
7.550000	0.000000	86.191418
7.560000	0.000000	85.660807
7.570000	0.000000	85.161442
7.580000	0.000000	84.683443
7.590000	0.000000	84.202896
7.600000	0.000000	83.724744
7.610000	0.000000	83.264992
7.620000	0.000000	82.839286
7.630000	0.000000	82.418621
7.640000	0.000000	81.900927
7.650000	0.000000	81.341621
7.660000	0.000000	80.854149
7.670000	0.000000	80.355053
7.680000	0.000000	80.070258
7.690000	0.000000	79.477910
7.700000	0.000000	79.070204
7.710000	0.000000	78.882346
7.720000	0.000000	79.445691
7.730000	0.000000	79.487178
7.740000	0.000000	78.235516
7.750000	0.000000	77.903178
7.760000	0.000000	78.858870
7.770000	0.000000	81.089487
7.780000	0.000000	85.661268
7.790000	0.000000	77.975364
7.800000	0.000000	76.856603
7.810000	0.000000	73.822603
7.820000	0.000000	74.400530
7.830000	0.000000	73.088735
7.840000	0.000000	72.249364
7.850000	0.000000	71.734643
7.860000	0.000000	73.139341
7.870000	0.000000	80.262995
7.880000	0.000000	74.785876
7.890000	0.000000	69.829671
7.900000	0.000000	69.354385
7.910000	0.000000	68.884858
7.920000	0.000000	68.411945
7.930000	0.000000	67.929701
7.940000	0.000000	67.454947
7.950000	0.000000	66.980265
7.960000	0.000000	66.508166
7.970000	0.000000	66.053738
7.980000	0.000000	65.617648
7.990000	0.000000	65.186810
8.000000	0.000000	64.777940
8.010000	0.000000	64.375138
8.020000	0.000000	63.967009
8.030000	0.000000	63.562931
8.040000	0.000000	63.156294
8.050000	0.000000	62.751173
8.060000	0.000000	62.345025
8.070000	0.000000	61.938037
8.080000	0.000000	61.532770
8.090000	0.000000	61.161221
8.100000	0.000000	60.794681
8.110000	0.000000	60.351778
8.120000	0.000000	59.946123
8.130000	0.000000	59.548684
8.140000	0.000000	59.156989
8.150000	0.000000	58.719717
8.160000	0.000000	64.001572
8.170000	0.000000	58.275995
8.180000	0.000000	58.321722
8.190000	0.000000	57.468427
8.200000	0.000000	56.870032
8.210000	0.000000	57.301320
8.220000	0.000000	56.662834
8.230000	0.000000	55.887802
8.240000	0.000000	55.588661
8.250000	0.000000	55.276829
8.260000	0.000000	54.920773
8.270000	0.000000	54.603053
8.280000	0.000000	55.243095
8.290000	0.000000	57.375071
8.300000	0.000000	53.655345
8.310000	0.000000	53.343798
8.320000	0.000000	53.010183
8.330000	0.000000	52.691265
8.340000	0.000000	54.692069
8.350000	0.000000	52.415579
8.360000	0.000000	52.158087
8.370000	0.000000	51.559601
8.380000	0.000000	51.115115
8.390000	0.000000	51.092337
8.400000	0.000000	50.691313
8.410000	0.000000	50.138289
8.420000	0.000000	49.820654
8.430000	0.000000	49.503500
8.440000	0.000000	49.186607
8.450000	0.000000	48.869816
8.460000	0.000000	48.553104
8.470000	0.000000	48.394981
8.480000	0.000000	49.568085
8.490000	0.000000	47.591693
8.500000	0.000000	47.264861
8.510000	0.000000	46.948181
8.520000	0.000000	46.631501
8.530000	0.000000	46.315040
8.540000	0.000000	45.998475
8.550000	0.000000	45.682129
8.560000	0.000000	45.368917
8.570000	0.000000	45.053677
8.580000	0.000000	45.158840
8.590000	0.000000	45.008905
8.600000	0.000000	44.206929
8.610000	0.000000	43.934979
8.620000	0.000000	43.664309
8.630000	0.000000	43.393682
8.640000	0.000000	43.164673
8.650000	0.000000	43.363929
8.660000	0.000000	42.568482
8.670000	0.000000	42.293377
8.680000	0.000000	42.067474
8.690000	0.000000	42.011451
8.700000	0.000000	41.554134
8.710000	0.000000	41.359280
8.720000	0.000000	41.018236
8.730000	0.000000	40.760436
8.740000	0.000000	40.477211
8.750000	0.000000	40.131378
8.760000	0.000000	39.861734
8.770000	0.000000	39.591446
8.780000	0.000000	39.320847
8.790000	0.000000	39.051684
8.800000	0.000000	38.783059
8.810000	0.000000	38.514812
8.820000	0.000000	38.282516
8.830000	0.000000	38.087176
8.840000	0.000000	37.874622
8.850000	0.000000	37.662747
8.860000	0.000000	37.450892
8.870000	0.000000	37.239138
8.880000	0.000000	37.027568
8.890000	0.000000	36.816116
8.900000	0.000000	36.612081
8.910000	0.000000	36.399709
8.920000	0.000000	36.181191
8.930000	0.000000	35.969346
8.940000	0.000000	35.757685
8.950000	0.000000	35.546037
8.960000	0.000000	35.334413
8.970000	0.000000	35.122800
8.980000	0.000000	34.911485
8.990000	0.000000	34.702224
9.000000	0.000000	34.474386
9.010000	0.000000	34.271242
9.020000	0.000000	34.080320
9.030000	0.000000	33.847079
9.040000	0.000000	33.636122
9.050000	0.000000	33.427771
9.060000	0.000000	33.239745
9.070000	0.000000	33.099959
9.080000	0.000000	32.872743
9.090000	0.000000	32.592530
9.100000	0.000000	32.374730
9.110000	0.000000	32.159131
9.120000	0.000000	31.954450
9.130000	0.000000	31.734798
9.140000	0.000000	31.516476
9.150000	0.000000	31.305608
9.160000	0.000000	31.098303
9.170000	0.000000	30.884995
9.180000	0.000000	30.755606
9.190000	0.000000	30.474939
9.200000	0.000000	30.275658
9.210000	0.000000	30.094878
9.220000	0.000000	29.914103
9.230000	0.000000	29.733332
9.240000	0.000000	29.552673
9.250000	0.000000	29.372048
9.260000	0.000000	29.191421
9.270000	0.000000	29.010860
9.280000	0.000000	28.830307
9.290000	0.000000	28.649757
9.300000	0.000000	28.469238
9.310000	0.000000	28.288951
9.320000	0.000000	28.108704
9.330000	0.000000	27.920495
9.340000	0.000000	27.734798
9.350000	0.000000	27.554301
9.360000	0.000000	27.374075
9.370000	0.000000	27.193923
9.380000	0.000000	27.013780
9.390000	0.000000	26.833637
9.400000	0.000000	26.653495
9.410000	0.000000	26.473359
9.420000	0.000000	26.293229
9.430000	0.000000	26.113161
9.440000	0.000000	25.934326
9.450000	0.000000	25.758538
9.460000	0.000000	25.591654
9.470000	0.000000	25.448761
9.480000	0.000000	25.307899
9.490000	0.000000	25.166031
9.500000	0.000000	25.017731
9.510000	0.000000	24.874059
9.520000	0.000000	24.797381
9.530000	0.000000	24.604775
9.540000	0.000000	24.459787
9.550000	0.000000	24.313153
9.560000	0.000000	24.170421
9.570000	0.000000	24.038009
9.580000	0.000000	23.894582
9.590000	0.000000	23.745789
9.600000	0.000000	23.604710
9.610000	0.000000	23.463486
9.620000	0.000000	23.322526
9.630000	0.000000	23.181567
9.640000	0.000000	23.040607
9.650000	0.000000	22.901844
9.660000	0.000000	22.793354
9.670000	0.000000	22.608252
9.680000	0.000000	22.467315
9.690000	0.000000	22.326316
9.700000	0.000000	22.185487
9.710000	0.000000	22.044567
9.720000	0.000000	21.903524
9.730000	0.000000	21.782276
9.740000	0.000000	21.635713
9.750000	0.000000	21.484042
9.760000	0.000000	21.343641
9.770000	0.000000	21.198843
9.780000	0.000000	21.060141
9.790000	0.000000	20.922750
9.800000	0.000000	20.780037
9.810000	0.000000	20.655026
9.820000	0.000000	20.534482
9.830000	0.000000	20.412310
9.840000	0.000000	20.285423
9.850000	0.000000	20.164967
9.860000	0.000000	20.044510
9.870000	0.000000	19.924054
9.880000	0.000000	19.805431
9.890000	0.000000	19.691632
9.900000	0.000000	19.567196
9.910000	0.000000	19.442281
9.920000	0.000000	19.321982
9.930000	0.000000	19.201785
9.940000	0.000000	19.081600
9.950000	0.000000	18.961420
9.960000	0.000000	18.841243
9.970000	0.000000	18.721051
9.980000	0.000000	18.600860
9.990000	0.000000	18.480940
10.000000	0.000000	18.364218
10.010000	0.000000	18.232489
10.020000	0.000000	18.112151
10.030000	0.000000	17.992073
10.040000	0.000000	17.872003
10.050000	0.000000	17.751944
10.060000	0.000000	17.631918
10.070000	0.000000	17.514400
10.080000	0.000000	17.393871
10.090000	0.000000	17.271892
10.100000	0.000000	17.154971
10.110000	0.000000	17.048544
10.120000	0.000000	16.954421
10.130000	0.000000	16.861602
10.140000	0.000000	16.765360
10.150000	0.000000	16.671398
10.160000	0.000000	16.578834
10.170000	0.000000	16.479001
10.180000	0.000000	16.383761
10.190000	0.000000	16.288565
10.200000	0.000000	16.194318
10.210000	0.000000	16.100205
10.220000	0.000000	16.006094
10.230000	0.000000	15.911981
10.240000	0.000000	15.817868
10.250000	0.000000	15.723755
10.260000	0.000000	15.629643
10.270000	0.000000	15.535532
10.280000	0.000000	15.441465
10.290000	0.000000	15.347460
10.300000	0.000000	15.253399
10.310000	0.000000	15.159297
10.320000	0.000000	15.065198
10.330000	0.000000	14.971101
10.340000	0.000000	14.871662
10.350000	0.000000	14.776545
10.360000	0.000000	14.682453
10.370000	0.000000	14.588367
10.380000	0.000000	14.494282
10.390000	0.000000	14.400197
10.400000	0.000000	14.306119
10.410000	0.000000	14.212096
10.420000	0.000000	14.122304
10.430000	0.000000	14.038841
10.440000	0.000000	13.958442
10.450000	0.000000	13.878042
10.460000	0.000000	13.797644
10.470000	0.000000	13.717249
10.480000	0.000000	13.636851
10.490000	0.000000	13.556452
10.500000	0.000000	13.475772
10.510000	0.000000	13.390231
10.520000	0.000000	13.309960
10.530000	0.000000	13.229744
10.540000	0.000000	13.149532
10.550000	0.000000	13.069324
10.560000	0.000000	12.989111
10.570000	0.000000	12.908898
10.580000	0.000000	12.828699
10.590000	0.000000	12.748522
10.600000	0.000000	12.668362
10.610000	0.000000	12.588203
10.620000	0.000000	12.508051
10.630000	0.000000	12.427916
10.640000	0.000000	12.347782
10.650000	0.000000	12.267646
10.660000	0.000000	12.187512
10.670000	0.000000	12.105950
10.680000	0.000000	12.021831
10.690000	0.000000	11.941728
10.700000	0.000000	11.861648
10.710000	0.000000	11.781629
10.720000	0.000000	11.701626
10.730000	0.000000	11.621626
10.740000	0.000000	11.541626
10.750000	0.000000	11.462384
10.760000	0.000000	11.390118
10.770000	0.000000	11.325452
10.780000	0.000000	11.262575
10.790000	0.000000	11.199716
10.800000	0.000000	11.136857
10.810000	0.000000	11.073998
10.820000	0.000000	11.011138
10.830000	0.000000	10.948279
10.840000	0.000000	10.883407
10.850000	0.000000	10.818312
10.860000	0.000000	10.755453
10.870000	0.000000	10.692594
10.880000	0.000000	10.629736
10.890000	0.000000	10.566877
10.900000	0.000000	10.504019
10.910000	0.000000	10.441161
10.920000	0.000000	10.378305
10.930000	0.000000	10.315453
10.940000	0.000000	10.252603
10.950000	0.000000	10.189755
10.960000	0.000000	10.126909
10.970000	0.000000	10.064067
10.980000	0.000000	10.001228
10.990000	0.000000	9.938389
11.000000	0.000000	9.875549
11.010000	0.000000	9.809803
11.020000	0.000000	9.745622
11.030000	0.000000	9.682808
11.040000	0.000000	9.620445
11.050000	0.000000	9.563433
11.060000	0.000000	9.509195
11.070000	0.000000	9.455488
11.080000	0.000000	9.401783
11.090000	0.000000	9.348079
11.100000	0.000000	9.294375
11.110000	0.000000	9.240671
11.120000	0.000000	9.186990
11.130000	0.000000	9.133368
11.140000	0.000000	9.079784
11.150000	0.000000	9.026199
11.160000	0.000000	8.972616
11.170000	0.000000	8.919043
11.180000	0.000000	8.862251
11.190000	0.000000	8.808318
11.200000	0.000000	8.754769
11.210000	0.000000	8.701219
11.220000	0.000000	8.647675
11.230000	0.000000	8.594141
11.240000	0.000000	8.540609
11.250000	0.000000	8.487078
11.260000	0.000000	8.433547
11.270000	0.000000	8.380015
11.280000	0.000000	8.326492
11.290000	0.000000	8.272995
11.300000	0.000000	8.219526
11.310000	0.000000	8.166063
11.320000	0.000000	8.112615
11.330000	0.000000	8.059168
11.340000	0.000000	8.005341
11.350000	0.000000	7.948662
11.360000	0.000000	7.895220
11.370000	0.000000	7.841779
11.380000	0.000000	7.788338
11.390000	0.000000	7.734897
11.400000	0.000000	7.681461
11.410000	0.000000	7.629507
11.420000	0.000000	7.583246
11.430000	0.000000	7.540850
11.440000	0.000000	7.498847
11.450000	0.000000	7.456858
11.460000	0.000000	7.414870
11.470000	0.000000	7.372882
11.480000	0.000000	7.330894
11.490000	0.000000	7.288907
11.500000	0.000000	7.246919
11.510000	0.000000	7.204035
11.520000	0.000000	7.160106
11.530000	0.000000	7.118120
11.540000	0.000000	7.076134
11.550000	0.000000	7.034149
11.560000	0.000000	6.992166
11.570000	0.000000	6.950185
11.580000	0.000000	6.908206
11.590000	0.000000	6.866230
11.600000	0.000000	6.824255
11.610000	0.000000	6.782280
11.620000	0.000000	6.740306
11.630000	0.000000	6.698331
11.640000	0.000000	6.656359
11.650000	0.000000	6.614401
11.660000	0.000000	6.572487
11.670000	0.000000	6.530895
11.680000	0.000000	6.492023
11.690000	0.000000	6.454998
11.700000	0.000000	6.419122
11.710000	0.000000	6.383246
11.720000	0.000000	6.347371
11.730000	0.000000	6.311496
11.740000	0.000000	6.275660
11.750000	0.000000	6.239856
11.760000	0.000000	6.204068
11.770000	0.000000	6.168290
11.780000	0.000000	6.132515
11.790000	0.000000	6.096741
11.800000	0.000000	6.060967
11.810000	0.000000	6.025193
11.820000	0.000000	5.989419
11.830000	0.000000	5.953649
11.840000	0.000000	5.917886
11.850000	0.000000	5.880342
11.860000	0.000000	5.843944
11.870000	0.000000	5.808186
11.880000	0.000000	5.772456
11.890000	0.000000	5.736736
11.900000	0.000000	5.701016
11.910000	0.000000	5.665296
11.920000	0.000000	5.629577
11.930000	0.000000	5.593857
11.940000	0.000000	5.558141
11.950000	0.000000	5.522432
11.960000	0.000000	5.486727
11.970000	0.000000	5.451023
11.980000	0.000000	5.415319
11.990000	0.000000	5.379616
12.000000	0.000000	5.343913
12.010000	0.000000	5.308211
12.020000	0.000000	5.270223
12.030000	0.000000	5.234396
12.040000	0.000000	5.198696
12.050000	0.000000	5.162999
12.060000	0.000000	5.127305
12.070000	0.000000	5.092051
12.080000	0.000000	5.060709
12.090000	0.000000	5.032082
12.100000	0.000000	5.004018
12.110000	0.000000	4.975966
12.120000	0.000000	4.947921
12.130000	0.000000	4.919877
12.140000	0.000000	4.891833
12.150000	0.000000	4.863789
12.160000	0.000000	4.835745
12.170000	0.000000	4.807701
12.180000	0.000000	4.779358
12.190000	0.000000	4.749720
12.200000	0.000000	4.721682
12.210000	0.000000	4.693645
12.220000	0.000000	4.665607
12.230000	0.000000	4.637570
12.240000	0.000000	4.609534
12.250000	0.000000	4.581497
12.260000	0.000000	4.553460
12.270000	0.000000	4.525430
12.280000	0.000000	4.497414
12.290000	0.000000	4.469407
12.300000	0.000000	4.441852
12.310000	0.000000	4.415914
12.320000	0.000000	4.391907
12.330000	0.000000	4.367943
12.340000	0.000000	4.343980
12.350000	0.000000	4.319419
12.360000	0.000000	4.294455
12.370000	0.000000	4.270556
12.380000	0.000000	4.246660
12.390000	0.000000	4.222764
12.400000	0.000000	4.198868
12.410000	0.000000	4.174972
12.420000	0.000000	4.151076
12.430000	0.000000	4.127180
12.440000	0.000000	4.103286
12.450000	0.000000	4.079396
12.460000	0.000000	4.055509
12.470000	0.000000	4.031631
12.480000	0.000000	4.007767
12.490000	0.000000	3.983907
12.500000	0.000000	3.960046
12.510000	0.000000	3.936186
12.520000	0.000000	3.911391
12.530000	0.000000	3.886851
12.540000	0.000000	3.862991
12.550000	0.000000	3.839131
12.560000	0.000000	3.815271
12.570000	0.000000	3.791412
12.580000	0.000000	3.767555
12.590000	0.000000	3.743704
12.600000	0.000000	3.719854
12.610000	0.000000	3.696005
12.620000	0.000000	3.672156
12.630000	0.000000	3.648307
12.640000	0.000000	3.624458
12.650000	0.000000	3.600610
12.660000	0.000000	3.576762
12.670000	0.000000	3.552914
12.680000	0.000000	3.529066
12.690000	0.000000	3.503947
12.700000	0.000000	3.479763
12.710000	0.000000	3.455920
12.720000	0.000000	3.432078
12.730000	0.000000	3.408236
12.740000	0.000000	3.385204
12.750000	0.000000	3.364950
12.760000	0.000000	3.346079
12.770000	0.000000	3.327328
12.780000	0.000000	3.308585
12.790000	0.000000	3.289848
12.800000	0.000000	3.271112
12.810000	0.000000	3.252377
12.820000	0.000000	3.233643
12.830000	0.000000	3.214910
12.840000	0.000000	3.196179
12.850000	0.000000	3.177447
12.860000	0.000000	3.157449
12.870000	0.000000	3.138717
12.880000	0.000000	3.119986
12.890000	0.000000	3.101255
12.900000	0.000000	3.082527
12.910000	0.000000	3.063810
12.920000	0.000000	3.045098
12.930000	0.000000	3.026394
12.940000	0.000000	3.008529
12.950000	0.000000	2.991917
12.960000	0.000000	2.975903
12.970000	0.000000	2.959899
12.980000	0.000000	2.943901
12.990000	0.000000	2.927914
13.000000	0.000000	2.911948
13.010000	0.000000	2.895983
13.020000	0.000000	2.879791
13.030000	0.000000	2.862974
13.040000	0.000000	2.847010
13.050000	0.000000	2.831045
13.060000	0.000000	2.815082
13.070000	0.000000	2.799129
13.080000	0.000000	2.783186
13.090000	0.000000	2.767244
13.100000	0.000000	2.751303
13.110000	0.000000	2.735362
13.120000	0.000000	2.719421
13.130000	0.000000	2.703480
13.140000	0.000000	2.687538
13.150000	0.000000	2.671597
13.160000	0.000000	2.655656
13.170000	0.000000	2.639715
13.180000	0.000000	2.623774
13.190000	0.000000	2.607379
13.200000	0.000000	2.590814
13.210000	0.000000	2.574873
13.220000	0.000000	2.558932
13.230000	0.000000	2.542997
13.240000	0.000000	2.527063
13.250000	0.000000	2.511129
13.260000	0.000000	2.495196
13.270000	0.000000	2.479262
13.280000	0.000000	2.463329
13.290000	0.000000	2.447396
13.300000	0.000000	2.431463
13.310000	0.000000	2.415530
13.320000	0.000000	2.399597
13.330000	0.000000	2.383664
13.340000	0.000000	2.367731
13.350000	0.000000	2.351799
13.360000	0.000000	2.335189
13.370000	0.000000	2.318864
13.380000	0.000000	2.302935
13.390000	0.000000	2.287006
13.400000	0.000000	2.271077
13.410000	0.000000	2.255679
13.420000	0.000000	2.242153
13.430000	0.000000	2.229536
13.440000	0.000000	2.217002
13.450000	0.000000	2.204471
13.460000	0.000000	2.191945
13.470000	0.000000	2.179423
13.480000	0.000000	2.166901
13.490000	0.000000	2.154379
13.500000	0.000000	2.141858
13.510000	0.000000	2.129337
13.520000	0.000000	2.116816
13.530000	0.000000	2.103583
13.540000	0.000000	2.090932
13.550000	0.000000	2.078423
13.560000	0.000000	2.065915
13.570000	0.000000	2.053411
13.580000	0.000000	2.041630
13.590000	0.000000	2.030656
13.600000	0.000000	2.019952
13.610000	0.000000	2.009250
13.620000	0.000000	1.998557
13.630000	0.000000	1.987878
13.640000	0.000000	1.977205
13.650000	0.000000	1.966531
13.660000	0.000000	1.955858
13.670000	0.000000	1.945185
13.680000	0.000000	1.934520
13.690000	0.000000	1.923823
13.700000	0.000000	1.912483
13.710000	0.000000	1.901825
13.720000	0.000000	1.891167
13.730000	0.000000	1.880510
13.740000	0.000000	1.869852
13.750000	0.000000	1.859194
13.760000	0.000000	1.848536
13.770000	0.000000	1.837879
13.780000	0.000000	1.827221
13.790000	0.000000	1.816563
13.800000	0.000000	1.805905
13.810000	0.000000	1.795248
13.820000	0.000000	1.784590
13.830000	0.000000	1.773932
13.840000	0.000000	1.763274
13.850000	0.000000	1.752617
13.860000	0.000000	1.741769
13.870000	0.000000	1.730582
13.880000	0.000000	1.719929
13.890000	0.000000	1.709276
13.900000	0.000000	1.698623
13.910000	0.000000	1.687970
13.920000	0.000000	1.677317
13.930000	0.000000	1.666664
13.940000	0.000000	1.656012
13.950000	0.000000	1.645360
13.960000	0.000000	1.634708
13.970000	0.000000	1.624055
13.980000	0.000000	1.613403
13.990000	0.000000	1.602751
14.000000	0.000000	1.592099
14.010000	0.000000	1.581448
14.020000	0.000000	1.570797
14.030000	0.000000	1.559806
14.040000	0.000000	1.548778
14.050000	0.000000	1.538129
14.060000	0.000000	1.527479
14.070000	0.000000	1.516831
14.080000	0.000000	1.506261
14.090000	0.000000	1.496841
14.100000	0.000000	1.488257
14.110000	0.000000	1.479878
14.120000	0.000000	1.471499
14.130000	0.000000	1.463123
14.140000	0.000000	1.454751
14.150000	0.000000	1.446380
14.160000	0.000000	1.438008
14.170000	0.000000	1.429638
14.180000	0.000000	1.421268
14.190000	0.000000	1.412907
14.200000	0.000000	1.404162
14.210000	0.000000	1.395625
14.220000	0.000000	1.387565
14.230000	0.000000	1.380265
14.240000	0.000000	1.373100
14.250000	0.000000	1.365943
14.260000	0.000000	1.358792
14.270000	0.000000	1.351649
14.280000	0.000000	1.344513
14.290000	0.000000	1.337382
14.300000	0.000000	1.330253
14.310000	0.000000	1.323126
14.320000	0.000000	1.316000
14.330000	0.000000	1.308874
14.340000	0.000000	1.301748
14.350000	0.000000	1.294623
14.360000	0.000000	1.287497
14.370000	0.000000	1.279940
14.380000	0.000000	1.272763
14.390000	0.000000	1.265637
14.400000	0.000000	1.258512
14.410000	0.000000	1.251386
14.420000	0.000000	1.244260
14.430000	0.000000	1.237134
14.440000	0.000000	1.230008
14.450000	0.000000	1.222882
14.460000	0.000000	1.215756
14.470000	0.000000	1.208631
14.480000	0.000000	1.201505
14.490000	0.000000	1.194379
14.500000	0.000000	1.187253
14.510000	0.000000	1.180127
14.520000	0.000000	1.173002
14.530000	0.000000	1.165828
14.540000	0.000000	1.158274
14.550000	0.000000	1.151151
14.560000	0.000000	1.144029
14.570000	0.000000	1.136906
14.580000	0.000000	1.129783
14.590000	0.000000	1.122660
14.600000	0.000000	1.115538
14.610000	0.000000	1.108416
14.620000	0.000000	1.101294
14.630000	0.000000	1.094172
14.640000	0.000000	1.087050
14.650000	0.000000	1.079928
14.660000	0.000000	1.072806
14.670000	0.000000	1.065684
14.680000	0.000000	1.058562
14.690000	0.000000	1.051442
14.700000	0.000000	1.044169
14.710000	0.000000	1.036720
14.720000	0.000000	1.029600
14.730000	0.000000	1.022481
14.740000	0.000000	1.015361
14.750000	0.000000	1.008242
14.760000	0.000000	1.001303
14.770000	0.000000	0.995160
14.780000	0.000000	0.989500
14.790000	0.000000	0.983898
14.800000	0.000000	0.978297
14.810000	0.000000	0.972697
14.820000	0.000000	0.967099
14.830000	0.000000	0.961506
14.840000	0.000000	0.955916
14.850000	0.000000	0.950327
14.860000	0.000000	0.944753
14.870000	0.000000	0.939427
14.880000	0.000000	0.934489
14.890000	0.000000	0.929705
14.900000	0.000000	0.924923
14.910000	0.000000	0.920150
14.920000	0.000000	0.915381
14.930000	0.000000	0.910613
14.940000	0.000000	0.905847
14.950000	0.000000	0.901083
14.960000	0.000000	0.896319
14.970000	0.000000	0.891554
14.980000	0.000000	0.886790
14.990000	0.000000	0.882026
15.000000	0.000000	0.877262
15.010000	0.000000	0.872498
15.020000	0.000000	0.867733
15.030000	0.000000	0.862969
15.040000	0.000000	0.857968
15.050000	0.000000	0.853119
15.060000	0.000000	0.848355
15.070000	0.000000	0.843590
15.080000	0.000000	0.838826
15.090000	0.000000	0.834062
15.100000	0.000000	0.829298
15.110000	0.000000	0.824534
15.120000	0.000000	0.819770
15.130000	0.000000	0.815005
15.140000	0.000000	0.810241
15.150000	0.000000	0.805477
15.160000	0.000000	0.800713
15.170000	0.000000	0.795949
15.180000	0.000000	0.791185
15.190000	0.000000	0.786423
15.200000	0.000000	0.781660
15.210000	0.000000	0.776593
15.220000	0.000000	0.771814
15.230000	0.000000	0.767052
15.240000	0.000000	0.762290
15.250000	0.000000	0.757528
15.260000	0.000000	0.752766
15.270000	0.000000	0.748005
15.280000	0.000000	0.743243
15.290000	0.000000	0.738481
15.300000	0.000000	0.733719
15.310000	0.000000	0.728958
15.320000	0.000000	0.724196
15.330000	0.000000	0.719435
15.340000	0.000000	0.714673
15.350000	0.000000	0.709913
15.360000	0.000000	0.705153
15.370000	0.000000	0.700341
15.380000	0.000000	0.695310
15.390000	0.000000	0.690550
15.400000	0.000000	0.685790
15.410000	0.000000	0.681031
15.420000	0.000000	0.676271
15.430000	0.000000	0.671513
15.440000	0.000000	0.666887
15.450000	0.000000	0.662764
15.460000	0.000000	0.658986
15.470000	0.000000	0.655242
15.480000	0.000000	0.651498
15.490000	0.000000	0.647757
15.500000	0.000000	0.644018
15.510000	0.000000	0.640351
15.520000	0.000000	0.636996
15.530000	0.000000	0.633799
15.540000	0.000000	0.630523
15.550000	0.000000	0.627190
15.560000	0.000000	0.623999
15.570000	0.000000	0.620809
15.580000	0.000000	0.617621
15.590000	0.000000	0.614432
15.600000	0.000000	0.611245
15.610000	0.000000	0.608058
15.620000	0.000000	0.604871
15.630000	0.000000	0.601685
15.640000	0.000000	0.598498
15.650000	0.000000	0.595312
15.660000	0.000000	0.592125
15.670000	0.000000	0.588939
15.680000	0.000000	0.585752
15.690000	0.000000	0.582566
15.700000	0.000000	0.579379
15.710000	0.000000	0.576068
15.720000	0.000000	0.572791
15.730000	0.000000	0.569604
15.740000	0.000000	0.566418
15.750000	0.000000	0.563231
15.760000	0.000000	0.560045
15.770000	0.000000	0.556858
15.780000	0.000000	0.553672
15.790000	0.000000	0.550485
15.800000	0.000000	0.547299
15.810000	0.000000	0.544112
15.820000	0.000000	0.540926
15.830000	0.000000	0.537739
15.840000	0.000000	0.534553
15.850000	0.000000	0.531368
15.860000	0.000000	0.528183
15.870000	0.000000	0.524998
15.880000	0.000000	0.521643
15.890000	0.000000	0.518412
15.900000	0.000000	0.515227
15.910000	0.000000	0.512042
15.920000	0.000000	0.508857
15.930000	0.000000	0.505672
15.940000	0.000000	0.502487
15.950000	0.000000	0.499302
15.960000	0.000000	0.496117
15.970000	0.000000	0.492933
15.980000	0.000000	0.489748
15.990000	0.000000	0.486563
16.000000	0.000000	0.483379
16.010000	0.000000	0.480195
16.020000	0.000000	0.477010
16.030000	0.000000	0.473827
16.040000	0.000000	0.470643
16.050000	0.000000	0.467245
16.060000	0.000000	0.464062
16.070000	0.000000	0.460880
16.080000	0.000000	0.457697
16.090000	0.000000	0.454515
16.100000	0.000000	0.451333
16.110000	0.000000	0.448151
16.120000	0.000000	0.444985
16.130000	0.000000	0.442080
16.140000	0.000000	0.439483
16.150000	0.000000	0.436983
16.160000	0.000000	0.434542
16.170000	0.000000	0.432268
16.180000	0.000000	0.430129
16.190000	0.000000	0.427989
16.200000	0.000000	0.425850
16.210000	0.000000	0.423683
16.220000	0.000000	0.421438
16.230000	0.000000	0.419306
16.240000	0.000000	0.417174
16.250000	0.000000	0.415042
16.260000	0.000000	0.412910
16.270000	0.000000	0.410779
16.280000	0.000000	0.408649
16.290000	0.000000	0.406518
16.300000	0.000000	0.404388
16.310000	0.000000	0.402257
16.320000	0.000000	0.400126
16.330000	0.000000	0.397996
16.340000	0.000000	0.395865
16.350000	0.000000	0.393735
16.360000	0.000000	0.391604
16.370000	0.000000	0.389474
16.380000	0.000000	0.387283
16.390000	0.000000	0.385069
16.400000	0.000000	0.382938
16.410000	0.000000	0.380808
16.420000	0.000000	0.378677
16.430000	0.000000	0.376547
16.440000	0.000000	0.374416
16.450000	0.000000	0.372286
16.460000	0.000000	0.370155
16.470000	0.000000	0.368025
16.480000	0.000000	0.365894
16.490000	0.000000	0.363764
16.500000	0.000000	0.361634
16.510000	0.000000	0.359504
16.520000	0.000000	0.357375
16.530000	0.000000	0.355245
16.540000	0.000000	0.353115
16.550000	0.000000	0.350895
16.560000	0.000000	0.348712
16.570000	0.000000	0.346583
16.580000	0.000000	0.344453
16.590000	0.000000	0.342324
16.600000	0.000000	0.340195
16.610000	0.000000	0.338065
16.620000	0.000000	0.335936
16.630000	0.000000	0.333807
16.640000	0.000000	0.331677
16.650000	0.000000	0.329548
16.660000	0.000000	0.327419
16.670000	0.000000	0.325290
16.680000	0.000000	0.323161
16.690000	0.000000	0.321033
16.700000	0.000000	0.318905
16.710000	0.000000	0.316778
16.720000	0.000000	0.314529
16.730000	0.000000	0.312378
16.740000	0.000000	0.310250
16.750000	0.000000	0.308123
16.760000	0.000000	0.305995
16.770000	0.000000	0.303868
16.780000	0.000000	0.301742
16.790000	0.000000	0.299617
16.800000	0.000000	0.297491
16.810000	0.000000	0.295455
16.820000	0.000000	0.293711
16.830000	0.000000	0.292263
16.840000	0.000000	0.290832
16.850000	0.000000	0.289401
16.860000	0.000000	0.287971
16.870000	0.000000	0.286542
16.880000	0.000000	0.285109
16.890000	0.000000	0.283590
16.900000	0.000000	0.282163
16.910000	0.000000	0.280736
16.920000	0.000000	0.279310
16.930000	0.000000	0.277884
16.940000	0.000000	0.276459
16.950000	0.000000	0.275033
16.960000	0.000000	0.273608
16.970000	0.000000	0.272183
16.980000	0.000000	0.270758
16.990000	0.000000	0.269333
17.000000	0.000000	0.267907
17.010000	0.000000	0.266482
17.020000	0.000000	0.265057
17.030000	0.000000	0.263632
17.040000	0.000000	0.262207
17.050000	0.000000	0.260756
17.060000	0.000000	0.259260
17.070000	0.000000	0.257835
17.080000	0.000000	0.256410
17.090000	0.000000	0.254985
17.100000	0.000000	0.253560
17.110000	0.000000	0.252134
17.120000	0.000000	0.250709
17.130000	0.000000	0.249284
17.140000	0.000000	0.247859
17.150000	0.000000	0.246434
17.160000	0.000000	0.245009
17.170000	0.000000	0.243584
17.180000	0.000000	0.242160
17.190000	0.000000	0.240735
17.200000	0.000000	0.239311
17.210000	0.000000	0.237886
17.220000	0.000000	0.236416
17.230000	0.000000	0.234941
17.240000	0.000000	0.233516
17.250000	0.000000	0.232092
17.260000	0.000000	0.230668
17.270000	0.000000	0.229243
17.280000	0.000000	0.227819
17.290000	0.000000	0.226395
17.300000	0.000000	0.224970
17.310000	0.000000	0.223547
17.320000	0.000000	0.222123
17.330000	0.000000	0.220699
17.340000	0.000000	0.219276
17.350000	0.000000	0.217852
17.360000	0.000000	0.216428
17.370000	0.000000	0.215005
17.380000	0.000000	0.213581
17.390000	0.000000	0.212092
17.400000	0.000000	0.210639
17.410000	0.000000	0.209217
17.420000	0.000000	0.207795
17.430000	0.000000	0.206373
17.440000	0.000000	0.204950
17.450000	0.000000	0.203528
17.460000	0.000000	0.202106
17.470000	0.000000	0.200728
17.480000	0.000000	0.199425
17.490000	0.000000	0.198164
17.500000	0.000000	0.196939
17.510000	0.000000	0.195833
17.520000	0.000000	0.194872
17.530000	0.000000	0.193916
17.540000	0.000000	0.192962
17.550000	0.000000	0.192007
17.560000	0.000000	0.190994
17.570000	0.000000	0.190033
17.580000	0.000000	0.189078
17.590000	0.000000	0.188124
17.600000	0.000000	0.187169
17.610000	0.000000	0.186215
17.620000	0.000000	0.185262
17.630000	0.000000	0.184309
17.640000	0.000000	0.183356
17.650000	0.000000	0.182403
17.660000	0.000000	0.181449
17.670000	0.000000	0.180496
17.680000	0.000000	0.179543
17.690000	0.000000	0.178590
17.700000	0.000000	0.177637
17.710000	0.000000	0.176684
17.720000	0.000000	0.175724
17.730000	0.000000	0.174713
17.740000	0.000000	0.173760
17.750000	0.000000	0.172807
17.760000	0.000000	0.171854
17.770000	0.000000	0.170901
17.780000	0.000000	0.169948
17.790000	0.000000	0.168995
17.800000	0.000000	0.168042
17.810000	0.000000	0.167089
17.820000	0.000000	0.166136
17.830000	0.000000	0.165183
17.840000	0.000000	0.164230
17.850000	0.000000	0.163278
17.860000	0.000000	0.162325
17.870000	0.000000	0.161372
17.880000	0.000000	0.160420
17.890000	0.000000	0.159447
17.900000	0.000000	0.158450
17.910000	0.000000	0.157497
17.920000	0.000000	0.156545
17.930000	0.000000	0.155592
17.940000	0.000000	0.154640
17.950000	0.000000	0.153688
17.960000	0.000000	0.152736
17.970000	0.000000	0.151784
17.980000	0.000000	0.150831
17.990000	0.000000	0.149879
18.000000	0.000000	0.148927
18.010000	0.000000	0.147975
18.020000	0.000000	0.147023
18.030000	0.000000	0.146071
18.040000	0.000000	0.145120
18.050000	0.000000	0.144169
18.060000	0.000000	0.143184
18.070000	0.000000	0.142202
18.080000	0.000000	0.141251
18.090000	0.000000	0.140300
18.100000	0.000000	0.139349
18.110000	0.000000	0.138398
18.120000	0.000000	0.137449
18.130000	0.000000	0.136549
18.140000	0.000000	0.135694
18.150000	0.000000	0.134851
18.160000	0.000000	0.134008
18.170000	0.000000	0.133166
18.180000	0.000000	0.132323
18.190000	0.000000	0.131496
18.200000	0.000000	0.130743
18.210000	0.000000	0.130102
18.220000	0.000000	0.129463
18.230000	0.000000	0.128793
18.240000	0.000000	0.128143
18.250000	0.000000	0.127504
18.260000	0.000000	0.126865
18.270000	0.000000	0.126227
18.280000	0.000000	0.125588
18.290000	0.000000	0.124950
18.300000	0.000000	0.124311
18.310000	0.000000	0.123673
18.320000	0.000000	0.123036
18.330000	0.000000	0.122398
18.340000	0.000000	0.121760
18.350000	0.000000	0.121123
18.360000	0.000000	0.120485
18.370000	0.000000	0.119848
18.380000	0.000000	0.119210
18.390000	0.000000	0.118572
18.400000	0.000000	0.117894
18.410000	0.000000	0.117254
18.420000	0.000000	0.116616
18.430000	0.000000	0.115979
18.440000	0.000000	0.115341
18.450000	0.000000	0.114704
18.460000	0.000000	0.114066
18.470000	0.000000	0.113429
18.480000	0.000000	0.112791
18.490000	0.000000	0.112153
18.500000	0.000000	0.111516
18.510000	0.000000	0.110879
18.520000	0.000000	0.110241
18.530000	0.000000	0.109604
18.540000	0.000000	0.108967
18.550000	0.000000	0.108329
18.560000	0.000000	0.107685
18.570000	0.000000	0.107012
18.580000	0.000000	0.106375
18.590000	0.000000	0.105738
18.600000	0.000000	0.105101
18.610000	0.000000	0.104464
18.620000	0.000000	0.103827
18.630000	0.000000	0.103190
18.640000	0.000000	0.102553
18.650000	0.000000	0.101916
18.660000	0.000000	0.101279
18.670000	0.000000	0.100643
18.680000	0.000000	0.100006
18.690000	0.000000	0.099370
18.700000	0.000000	0.098733
18.710000	0.000000	0.098097
18.720000	0.000000	0.097461
18.730000	0.000000	0.096808
18.740000	0.000000	0.096145
18.750000	0.000000	0.095508
18.760000	0.000000	0.094872
18.770000	0.000000	0.094236
18.780000	0.000000	0.093601
18.790000	0.000000	0.093002
18.800000	0.000000	0.092430
18.810000	0.000000	0.091867
18.820000	0.000000	0.091303
18.830000	0.000000	0.090739
18.840000	0.000000	0.090175
18.850000	0.000000	0.089612
18.860000	0.000000	0.089048
18.870000	0.000000	0.088485
18.880000	0.000000	0.087924
18.890000	0.000000	0.087382
18.900000	0.000000	0.086920
18.910000	0.000000	0.086481
18.920000	0.000000	0.086054
18.930000	0.000000	0.085627
18.940000	0.000000	0.085199
18.950000	0.000000	0.084772
18.960000	0.000000	0.084345
18.970000	0.000000	0.083918
18.980000	0.000000	0.083491
18.990000	0.000000	0.083064
19.000000	0.000000	0.082637
19.010000	0.000000	0.082210
19.020000	0.000000	0.081783
19.030000	0.000000	0.081357
19.040000	0.000000	0.080930
19.050000	0.000000	0.080504
19.060000	0.000000	0.080077
19.070000	0.000000	0.079628
19.080000	0.000000	0.079195
19.090000	0.000000	0.078769
19.100000	0.000000	0.078342
19.110000	0.000000	0.077916
19.120000	0.000000	0.077489
19.130000	0.000000	0.077062
19.140000	0.000000	0.076636
19.150000	0.000000	0.076209
19.160000	0.000000	0.075783
19.170000	0.000000	0.075357
19.180000	0.000000	0.074930
19.190000	0.000000	0.074504
19.200000	0.000000	0.074077
19.210000	0.000000	0.073651
19.220000	0.000000	0.073225
19.230000	0.000000	0.072799
19.240000	0.000000	0.072344
19.250000	0.000000	0.071918
19.260000	0.000000	0.071492
19.270000	0.000000	0.071066
19.280000	0.000000	0.070640
19.290000	0.000000	0.070213
19.300000	0.000000	0.069787
19.310000	0.000000	0.069362
19.320000	0.000000	0.068936
19.330000	0.000000	0.068510
19.340000	0.000000	0.068084
19.350000	0.000000	0.067659
19.360000	0.000000	0.067233
19.370000	0.000000	0.066807
19.380000	0.000000	0.066381
19.390000	0.000000	0.065956
19.400000	0.000000	0.065524
19.410000	0.000000	0.065075
19.420000	0.000000	0.064650
19.430000	0.000000	0.064224
19.440000	0.000000	0.063799
19.450000	0.000000	0.063398
19.460000	0.000000	0.063016
19.470000	0.000000	0.062638
19.480000	0.000000	0.062261
19.490000	0.000000	0.061884
19.500000	0.000000	0.061507
19.510000	0.000000	0.061130
19.520000	0.000000	0.060753
19.530000	0.000000	0.060376
19.540000	0.000000	0.059999
19.550000	0.000000	0.059623
19.560000	0.000000	0.059246
19.570000	0.000000	0.058859
19.580000	0.000000	0.058468
19.590000	0.000000	0.058140
19.600000	0.000000	0.057850
19.610000	0.000000	0.057565
19.620000	0.000000	0.057279
19.630000	0.000000	0.056993
19.640000	0.000000	0.056707
19.650000	0.000000	0.056422
19.660000	0.000000	0.056136
19.670000	0.000000	0.055850
19.680000	0.000000	0.055565
19.690000	0.000000	0.055279
19.700000	0.000000	0.054993
19.710000	0.000000	0.054708
19.720000	0.000000	0.054422
19.730000	0.000000	0.054137
19.740000	0.000000	0.053839
19.750000	0.000000	0.053547
19.760000	0.000000	0.053262
19.770000	0.000000	0.052976
19.780000	0.000000	0.052691
19.790000	0.000000	0.052406
19.800000	0.000000	0.052120
19.810000	0.000000	0.051835
19.820000	0.000000	0.051550
19.830000	0.000000	0.051264
19.840000	0.000000	0.050979
19.850000	0.000000	0.050694
19.860000	0.000000	0.050409
19.870000	0.000000	0.050124
19.880000	0.000000	0.049839
19.890000	0.000000	0.049554
19.900000	0.000000	0.049269
19.910000	0.000000	0.048967
19.920000	0.000000	0.048679
19.930000	0.000000	0.048394
19.940000	0.000000	0.048109
19.950000	0.000000	0.047824
19.960000	0.000000	0.047540
19.970000	0.000000	0.047255
19.980000	0.000000	0.046970
19.990000	0.000000	0.046685
20.000000	0.000000	0.046400
20.010000	0.000000	0.046116
20.020000	0.000000	0.045831
20.030000	0.000000	0.045546
20.040000	0.000000	0.045261
20.050000	0.000000	0.044976
20.060000	0.000000	0.044692
20.070000	0.000000	0.044406
20.080000	0.000000	0.044103
20.090000	0.000000	0.043818
20.100000	0.000000	0.043533
20.110000	0.000000	0.043259
20.120000	0.000000	0.043002
20.130000	0.000000	0.042749
20.140000	0.000000	0.042497
20.150000	0.000000	0.042244
20.160000	0.000000	0.041992
20.170000	0.000000	0.041740
20.180000	0.000000	0.041487
20.190000	0.000000	0.041235
20.200000	0.000000	0.040983
20.210000	0.000000	0.040731
20.220000	0.000000	0.040479
20.230000	0.000000	0.040227
20.240000	0.000000	0.039970
20.250000	0.000000	0.039706
20.260000	0.000000	0.039454
20.270000	0.000000	0.039202
20.280000	0.000000	0.038953
20.290000	0.000000	0.038738
20.300000	0.000000	0.038543
20.310000	0.000000	0.038352
20.320000	0.000000	0.038161
20.330000	0.000000	0.037969
20.340000	0.000000	0.037778
20.350000	0.000000	0.037587
20.360000	0.000000	0.037395
20.370000	0.000000	0.037204
20.380000	0.000000	0.037013
20.390000	0.000000	0.036822
20.400000	0.000000	0.036630
20.410000	0.000000	0.036433
20.420000	0.000000	0.036235
20.430000	0.000000	0.036044
20.440000	0.000000	0.035853
20.450000	0.000000	0.035662
20.460000	0.000000	0.035471
20.470000	0.000000	0.035280
20.480000	0.000000	0.035089
20.490000	0.000000	0.034898
20.500000	0.000000	0.034707
20.510000	0.000000	0.034516
20.520000	0.000000	0.034325
20.530000	0.000000	0.034134
20.540000	0.000000	0.033943
20.550000	0.000000	0.033752
20.560000	0.000000	0.033561
20.570000	0.000000	0.033371
20.580000	0.000000	0.033171
20.590000	0.000000	0.032976
20.600000	0.000000	0.032785
20.610000	0.000000	0.032595
20.620000	0.000000	0.032404
20.630000	0.000000	0.032213
20.640000	0.000000	0.032023
20.650000	0.000000	0.031832
20.660000	0.000000	0.031641
20.670000	0.000000	0.031451
20.680000	0.000000	0.031260
20.690000	0.000000	0.031069
20.700000	0.000000	0.030878
20.710000	0.000000	0.030688
20.720000	0.000000	0.030497
20.730000	0.000000	0.030306
20.740000	0.000000	0.030116
20.750000	0.000000	0.029913
20.760000	0.000000	0.029721
20.770000	0.000000	0.029533
20.780000	0.000000	0.029358
20.790000	0.000000	0.029188
20.800000	0.000000	0.029019
20.810000	0.000000	0.028850
20.820000	0.000000	0.028681
20.830000	0.000000	0.028512
20.840000	0.000000	0.028343
20.850000	0.000000	0.028174
20.860000	0.000000	0.028005
20.870000	0.000000	0.027836
20.880000	0.000000	0.027667
20.890000	0.000000	0.027499
20.900000	0.000000	0.027330
20.910000	0.000000	0.027160
20.920000	0.000000	0.026982
20.930000	0.000000	0.026813
20.940000	0.000000	0.026644
20.950000	0.000000	0.026476
20.960000	0.000000	0.026307
20.970000	0.000000	0.026138
20.980000	0.000000	0.025974
20.990000	0.000000	0.025829
21.000000	0.000000	0.025699
21.010000	0.000000	0.025571
21.020000	0.000000	0.025443
21.030000	0.000000	0.025315
21.040000	0.000000	0.025187
21.050000	0.000000	0.025059
21.060000	0.000000	0.024931
21.070000	0.000000	0.024803
21.080000	0.000000	0.024672
21.090000	0.000000	0.024538
21.100000	0.000000	0.024410
21.110000	0.000000	0.024282
21.120000	0.000000	0.024154
21.130000	0.000000	0.024027
21.140000	0.000000	0.023899
21.150000	0.000000	0.023771
21.160000	0.000000	0.023643
21.170000	0.000000	0.023515
21.180000	0.000000	0.023388
21.190000	0.000000	0.023260
21.200000	0.000000	0.023132
21.210000	0.000000	0.023005
21.220000	0.000000	0.022877
21.230000	0.000000	0.022749
21.240000	0.000000	0.022622
21.250000	0.000000	0.022490
21.260000	0.000000	0.022358
21.270000	0.000000	0.022230
21.280000	0.000000	0.022103
21.290000	0.000000	0.021975
21.300000	0.000000	0.021847
21.310000	0.000000	0.021720
21.320000	0.000000	0.021592
21.330000	0.000000	0.021465
21.340000	0.000000	0.021337
21.350000	0.000000	0.021210
21.360000	0.000000	0.021082
21.370000	0.000000	0.020954
21.380000	0.000000	0.020827
21.390000	0.000000	0.020699
21.400000	0.000000	0.020572
21.410000	0.000000	0.020444
21.420000	0.000000	0.020310
21.430000	0.000000	0.020180
21.440000	0.000000	0.020058
21.450000	0.000000	0.019943
21.460000	0.000000	0.019830
21.470000	0.000000	0.019717
21.480000	0.000000	0.019604
21.490000	0.000000	0.019491
21.500000	0.000000	0.019378
21.510000	0.000000	0.019265
21.520000	0.000000	0.019152
21.530000	0.000000	0.019039
21.540000	0.000000	0.018926
21.550000	0.000000	0.018813
21.560000	0.000000	0.018700
21.570000	0.000000	0.018587
21.580000	0.000000	0.018474
21.590000	0.000000	0.018354
21.600000	0.000000	0.018241
21.610000	0.000000	0.018128
21.620000	0.000000	0.018015
21.630000	0.000000	0.017902
21.640000	0.000000	0.017789
21.650000	0.000000	0.017677
21.660000	0.000000	0.017564
21.670000	0.000000	0.017451
21.680000	0.000000	0.017340
21.690000	0.000000	0.017239
21.700000	0.000000	0.017151
21.710000	0.000000	0.017066
21.720000	0.000000	0.016980
21.730000	0.000000	0.016894
21.740000	0.000000	0.016809
21.750000	0.000000	0.016722
21.760000	0.000000	0.016632
21.770000	0.000000	0.016546
21.780000	0.000000	0.016460
21.790000	0.000000	0.016375
21.800000	0.000000	0.016289
21.810000	0.000000	0.016204
21.820000	0.000000	0.016118
21.830000	0.000000	0.016032
21.840000	0.000000	0.015947
21.850000	0.000000	0.015861
21.860000	0.000000	0.015776
21.870000	0.000000	0.015690
21.880000	0.000000	0.015605
21.890000	0.000000	0.015520
21.900000	0.000000	0.015434
21.910000	0.000000	0.015349
21.920000	0.000000	0.015261
21.930000	0.000000	0.015172
21.940000	0.000000	0.015087
21.950000	0.000000	0.015001
21.960000	0.000000	0.014916
21.970000	0.000000	0.014831
21.980000	0.000000	0.014745
21.990000	0.000000	0.014660
22.000000	0.000000	0.014574
22.010000	0.000000	0.014489
22.020000	0.000000	0.014404
22.030000	0.000000	0.014318
22.040000	0.000000	0.014233
22.050000	0.000000	0.014147
22.060000	0.000000	0.014062
22.070000	0.000000	0.013977
22.080000	0.000000	0.013891
22.090000	0.000000	0.013803
22.100000	0.000000	0.013715
22.110000	0.000000	0.013634
22.120000	0.000000	0.013558
22.130000	0.000000	0.013482
22.140000	0.000000	0.013407
22.150000	0.000000	0.013331
22.160000	0.000000	0.013255
22.170000	0.000000	0.013179
22.180000	0.000000	0.013104
22.190000	0.000000	0.013028
22.200000	0.000000	0.012952
22.210000	0.000000	0.012876
22.220000	0.000000	0.012801
22.230000	0.000000	0.012725
22.240000	0.000000	0.012650
22.250000	0.000000	0.012574
22.260000	0.000000	0.012494
22.270000	0.000000	0.012418
22.280000	0.000000	0.012342
22.290000	0.000000	0.012267
22.300000	0.000000	0.012191
22.310000	0.000000	0.012116
22.320000	0.000000	0.012040
22.330000	0.000000	0.011965
22.340000	0.000000	0.011889
22.350000	0.000000	0.011814
22.360000	0.000000	0.011738
22.370000	0.000000	0.011663
22.380000	0.000000	0.011587
22.390000	0.000000	0.011515
22.400000	0.000000	0.011454
22.410000	0.000000	0.011397
22.420000	0.000000	0.011340
22.430000	0.000000	0.011279
22.440000	0.000000	0.011221
22.450000	0.000000	0.011164
22.460000	0.000000	0.011107
22.470000	0.000000	0.011049
22.480000	0.000000	0.010992
22.490000	0.000000	0.010935
22.500000	0.000000	0.010878
22.510000	0.000000	0.010820
22.520000	0.000000	0.010763
22.530000	0.000000	0.010706
22.540000	0.000000	0.010649
22.550000	0.000000	0.010591
22.560000	0.000000	0.010534
22.570000	0.000000	0.010477
22.580000	0.000000	0.010420
22.590000	0.000000	0.010362
22.600000	0.000000	0.010302
22.610000	0.000000	0.010245
22.620000	0.000000	0.010187
22.630000	0.000000	0.010130
22.640000	0.000000	0.010073
22.650000	0.000000	0.010016
22.660000	0.000000	0.009959
22.670000	0.000000	0.009902
22.680000	0.000000	0.009845
22.690000	0.000000	0.009787
22.700000	0.000000	0.009730
22.710000	0.000000	0.009673
22.720000	0.000000	0.009616
22.730000	0.000000	0.009559
22.740000	0.000000	0.009502
22.750000	0.000000	0.009445
22.760000	0.000000	0.009386
22.770000	0.000000	0.009327
22.780000	0.000000	0.009273
22.790000	0.000000	0.009223
22.800000	0.000000	0.009172
22.810000	0.000000	0.009121
22.820000	0.000000	0.009071
22.830000	0.000000	0.009020
22.840000	0.000000	0.008969
22.850000	0.000000	0.008919
22.860000	0.000000	0.008868
22.870000	0.000000	0.008817
22.880000	0.000000	0.008766
22.890000	0.000000	0.008716
22.900000	0.000000	0.008665
22.910000	0.000000	0.008615
22.920000	0.000000	0.008564
22.930000	0.000000	0.008511
22.940000	0.000000	0.008459
22.950000	0.000000	0.008409
22.960000	0.000000	0.008358
22.970000	0.000000	0.008308
22.980000	0.000000	0.008257
22.990000	0.000000	0.008207
23.000000	0.000000	0.008156
23.010000	0.000000	0.008106
23.020000	0.000000	0.008055
23.030000	0.000000	0.008005
23.040000	0.000000	0.007954
23.050000	0.000000	0.007904
23.060000	0.000000	0.007853
23.070000	0.000000	0.007803
23.080000	0.000000	0.007752
23.090000	0.000000	0.007702
23.100000	0.000000	0.007654
23.110000	0.000000	0.007616
23.120000	0.000000	0.007577
23.130000	0.000000	0.007539
23.140000	0.000000	0.007501
23.150000	0.000000	0.007462
23.160000	0.000000	0.007424
23.170000	0.000000	0.007386
23.180000	0.000000	0.007347
23.190000	0.000000	0.007309
23.200000	0.000000	0.007271
23.210000	0.000000	0.007232
23.220000	0.000000	0.007194
23.230000	0.000000	0.007156
23.240000	0.000000	0.007117
23.250000	0.000000	0.007079
23.260000	0.000000	0.007041
23.270000	0.000000	0.007000
23.280000	0.000000	0.006962
23.290000	0.000000	0.006924
23.300000	0.000000	0.006885
23.310000	0.000000	0.006847
23.320000	0.000000	0.006809
23.330000	0.000000	0.006771
23.340000	0.000000	0.006732
23.350000	0.000000	0.006694
23.360000	0.000000	0.006656
23.370000	0.000000	0.006618
23.380000	0.000000	0.006579
23.390000	0.000000	0.006541
23.400000	0.000000	0.006503
23.410000	0.000000	0.006465
23.420000	0.000000	0.006426
23.430000	0.000000	0.006388
23.440000	0.000000	0.006347
23.450000	0.000000	0.006312
23.460000	0.000000	0.006278
23.470000	0.000000	0.006244
23.480000	0.000000	0.006210
23.490000	0.000000	0.006176
23.500000	0.000000	0.006142
23.510000	0.000000	0.006108
23.520000	0.000000	0.006074
23.530000	0.000000	0.006040
23.540000	0.000000	0.006006
23.550000	0.000000	0.005973
23.560000	0.000000	0.005939
23.570000	0.000000	0.005905
23.580000	0.000000	0.005871
23.590000	0.000000	0.005837
23.600000	0.000000	0.005802
23.610000	0.000000	0.005767
23.620000	0.000000	0.005733
23.630000	0.000000	0.005699
23.640000	0.000000	0.005665
23.650000	0.000000	0.005632
23.660000	0.000000	0.005598
23.670000	0.000000	0.005564
23.680000	0.000000	0.005530
23.690000	0.000000	0.005496
23.700000	0.000000	0.005463
23.710000	0.000000	0.005429
23.720000	0.000000	0.005395
23.730000	0.000000	0.005361
23.740000	0.000000	0.005327
23.750000	0.000000	0.005293
23.760000	0.000000	0.005260
23.770000	0.000000	0.005224
23.780000	0.000000	0.005190
23.790000	0.000000	0.005156
23.800000	0.000000	0.005123
23.810000	0.000000	0.005094
23.820000	0.000000	0.005068
23.830000	0.000000	0.005043
23.840000	0.000000	0.005017
23.850000	0.000000	0.004991
23.860000	0.000000	0.004966
23.870000	0.000000	0.004940
23.880000	0.000000	0.004914
23.890000	0.000000	0.004889
23.900000	0.000000	0.004863
23.910000	0.000000	0.004838
23.920000	0.000000	0.004812
23.930000	0.000000	0.004786
23.940000	0.000000	0.004759
23.950000	0.000000	0.004733
23.960000	0.000000	0.004708
23.970000	0.000000	0.004682
23.980000	0.000000	0.004656
23.990000	0.000000	0.004631
24.000000	0.000000	0.004605
24.010000	0.000000	0.004579
24.020000	0.000000	0.004554
24.030000	0.000000	0.004528
24.040000	0.000000	0.004503
24.050000	0.000000	0.004477
24.060000	0.000000	0.004451
24.070000	0.000000	0.004426
24.080000	0.000000	0.004400
24.090000	0.000000	0.004375
24.100000	0.000000	0.004349
24.110000	0.000000	0.004322
24.120000	0.000000	0.004297
24.130000	0.000000	0.004274
24.140000	0.000000	0.004251
24.150000	0.000000	0.004228
24.160000	0.000000	0.004206
24.170000	0.000000	0.004183
24.180000	0.000000	0.004160
24.190000	0.000000	0.004138
24.200000	0.000000	0.004115
24.210000	0.000000	0.004092
24.220000	0.000000	0.004069
24.230000	0.000000	0.004047
24.240000	0.000000	0.004024
24.250000	0.000000	0.004001
24.260000	0.000000	0.003979
24.270000	0.000000	0.003955
24.280000	0.000000	0.003932
24.290000	0.000000	0.003909
24.300000	0.000000	0.003886
24.310000	0.000000	0.003864
24.320000	0.000000	0.003841
24.330000	0.000000	0.003818
24.340000	0.000000	0.003796
24.350000	0.000000	0.003773
24.360000	0.000000	0.003750
24.370000	0.000000	0.003728
24.380000	0.000000	0.003705
24.390000	0.000000	0.003682
24.400000	0.000000	0.003660
24.410000	0.000000	0.003637
24.420000	0.000000	0.003614
24.430000	0.000000	0.003592
24.440000	0.000000	0.003568
24.450000	0.000000	0.003545
24.460000	0.000000	0.003522
24.470000	0.000000	0.003499
24.480000	0.000000	0.003477
24.490000	0.000000	0.003454
24.500000	0.000000	0.003432
24.510000	0.000000	0.003410
24.520000	0.000000	0.003391
24.530000	0.000000	0.003374
24.540000	0.000000	0.003357
24.550000	0.000000	0.003340
24.560000	0.000000	0.003322
24.570000	0.000000	0.003305
24.580000	0.000000	0.003288
24.590000	0.000000	0.003271
24.600000	0.000000	0.003254
24.610000	0.000000	0.003236
24.620000	0.000000	0.003218
24.630000	0.000000	0.003201
24.640000	0.000000	0.003184
24.650000	0.000000	0.003167
24.660000	0.000000	0.003150
24.670000	0.000000	0.003132
24.680000	0.000000	0.003115
24.690000	0.000000	0.003098
24.700000	0.000000	0.003081
24.710000	0.000000	0.003064
24.720000	0.000000	0.003047
24.730000	0.000000	0.003030
24.740000	0.000000	0.003012
24.750000	0.000000	0.002995
24.760000	0.000000	0.002978
24.770000	0.000000	0.002961
24.780000	0.000000	0.002943
24.790000	0.000000	0.002926
24.800000	0.000000	0.002910
24.810000	0.000000	0.002895
24.820000	0.000000	0.002880
24.830000	0.000000	0.002865
24.840000	0.000000	0.002850
24.850000	0.000000	0.002834
24.860000	0.000000	0.002819
24.870000	0.000000	0.002804
24.880000	0.000000	0.002789
24.890000	0.000000	0.002774
24.900000	0.000000	0.002758
24.910000	0.000000	0.002743
24.920000	0.000000	0.002728
24.930000	0.000000	0.002713
24.940000	0.000000	0.002697
24.950000	0.000000	0.002681
24.960000	0.000000	0.002666
24.970000	0.000000	0.002651
24.980000	0.000000	0.002636
24.990000	0.000000	0.002620
25.000000	0.000000	0.002605
25.010000	0.000000	0.002590
25.020000	0.000000	0.002575
25.030000	0.000000	0.002560
25.040000	0.000000	0.002545
25.050000	0.000000	0.002529
25.060000	0.000000	0.002514
25.070000	0.000000	0.002499
25.080000	0.000000	0.002484
25.090000	0.000000	0.002469
25.100000	0.000000	0.002454
25.110000	0.000000	0.002438
25.120000	0.000000	0.002422
25.130000	0.000000	0.002407
25.140000	0.000000	0.002392
25.150000	0.000000	0.002377
25.160000	0.000000	0.002362
25.170000	0.000000	0.002347
25.180000	0.000000	0.002331
25.190000	0.000000	0.002316
25.200000	0.000000	0.002301
25.210000	0.000000	0.002286
25.220000	0.000000	0.002272
25.230000	0.000000	0.002259
25.240000	0.000000	0.002248
25.250000	0.000000	0.002236
25.260000	0.000000	0.002225
25.270000	0.000000	0.002213
25.280000	0.000000	0.002201
25.290000	0.000000	0.002189
25.300000	0.000000	0.002178
25.310000	0.000000	0.002166
25.320000	0.000000	0.002155
25.330000	0.000000	0.002143
25.340000	0.000000	0.002132
25.350000	0.000000	0.002120
25.360000	0.000000	0.002109
25.370000	0.000000	0.002097
25.380000	0.000000	0.002086
25.390000	0.000000	0.002075
25.400000	0.000000	0.002063
25.410000	0.000000	0.002052
25.420000	0.000000	0.002040
25.430000	0.000000	0.002029
25.440000	0.000000	0.002017
25.450000	0.000000	0.002005
25.460000	0.000000	0.001993
25.470000	0.000000	0.001983
25.480000	0.000000	0.001973
25.490000	0.000000	0.001963
25.500000	0.000000	0.001952
25.510000	0.000000	0.001942
25.520000	0.000000	0.001932
25.530000	0.000000	0.001922
25.540000	0.000000	0.001912
25.550000	0.000000	0.001901
25.560000	0.000000	0.001891
25.570000	0.000000	0.001881
25.580000	0.000000	0.001871
25.590000	0.000000	0.001861
25.600000	0.000000	0.001851
25.610000	0.000000	0.001840
25.620000	0.000000	0.001829
25.630000	0.000000	0.001819
25.640000	0.000000	0.001809
25.650000	0.000000	0.001799
25.660000	0.000000	0.001789
25.670000	0.000000	0.001779
25.680000	0.000000	0.001768
25.690000	0.000000	0.001758
25.700000	0.000000	0.001748
25.710000	0.000000	0.001738
25.720000	0.000000	0.001728
25.730000	0.000000	0.001718
25.740000	0.000000	0.001707
25.750000	0.000000	0.001697
25.760000	0.000000	0.001687
25.770000	0.000000	0.001677
25.780000	0.000000	0.001667
25.790000	0.000000	0.001656
25.800000	0.000000	0.001646
25.810000	0.000000	0.001636
25.820000	0.000000	0.001626
25.830000	0.000000	0.001615
25.840000	0.000000	0.001605
25.850000	0.000000	0.001595
25.860000	0.000000	0.001585
25.870000	0.000000	0.001575
25.880000	0.000000	0.001565
25.890000	0.000000	0.001555
25.900000	0.000000	0.001544
25.910000	0.000000	0.001534
25.920000	0.000000	0.001524
25.930000	0.000000	0.001514
25.940000	0.000000	0.001506
25.950000	0.000000	0.001498
25.960000	0.000000	0.001490
25.970000	0.000000	0.001482
25.980000	0.000000	0.001475
25.990000	0.000000	0.001467
26.000000	0.000000	0.001459
26.010000	0.000000	0.001452
26.020000	0.000000	0.001444
26.030000	0.000000	0.001436
26.040000	0.000000	0.001428
26.050000	0.000000	0.001421
26.060000	0.000000	0.001413
26.070000	0.000000	0.001405
26.080000	0.000000	0.001398
26.090000	0.000000	0.001390
26.100000	0.000000	0.001382
26.110000	0.000000	0.001375
26.120000	0.000000	0.001367
26.130000	0.000000	0.001359
26.140000	0.000000	0.001351
26.150000	0.000000	0.001345
26.160000	0.000000	0.001338
26.170000	0.000000	0.001331
26.180000	0.000000	0.001324
26.190000	0.000000	0.001317
26.200000	0.000000	0.001310
26.210000	0.000000	0.001304
26.220000	0.000000	0.001297
26.230000	0.000000	0.001290
26.240000	0.000000	0.001283
26.250000	0.000000	0.001276
26.260000	0.000000	0.001270
26.270000	0.000000	0.001263
26.280000	0.000000	0.001256
26.290000	0.000000	0.001249
26.300000	0.000000	0.001242
26.310000	0.000000	0.001235
26.320000	0.000000	0.001228
26.330000	0.000000	0.001221
26.340000	0.000000	0.001215
26.350000	0.000000	0.001208
26.360000	0.000000	0.001201
26.370000	0.000000	0.001194
26.380000	0.000000	0.001187
26.390000	0.000000	0.001181
26.400000	0.000000	0.001174
26.410000	0.000000	0.001167
26.420000	0.000000	0.001160
26.430000	0.000000	0.001153
26.440000	0.000000	0.001147
26.450000	0.000000	0.001140
26.460000	0.000000	0.001133
26.470000	0.000000	0.001126
26.480000	0.000000	0.001119
26.490000	0.000000	0.001112
26.500000	0.000000	0.001105
26.510000	0.000000	0.001099
26.520000	0.000000	0.001092
26.530000	0.000000	0.001085
26.540000	0.000000	0.001078
26.550000	0.000000	0.001071
26.560000	0.000000	0.001065
26.570000	0.000000	0.001058
26.580000	0.000000	0.001051
26.590000	0.000000	0.001044
26.600000	0.000000	0.001037
26.610000	0.000000	0.001031
26.620000	0.000000	0.001024
26.630000	0.000000	0.001017
26.640000	0.000000	0.001010
26.650000	0.000000	0.001004
26.660000	0.000000	0.000999
26.670000	0.000000	0.000994
26.680000	0.000000	0.000989
26.690000	0.000000	0.000984
26.700000	0.000000	0.000978
26.710000	0.000000	0.000973
26.720000	0.000000	0.000968
26.730000	0.000000	0.000963
26.740000	0.000000	0.000958
26.750000	0.000000	0.000953
26.760000	0.000000	0.000948
26.770000	0.000000	0.000942
26.780000	0.000000	0.000937
26.790000	0.000000	0.000932
26.800000	0.000000	0.000927
26.810000	0.000000	0.000921
26.820000	0.000000	0.000917
26.830000	0.000000	0.000912
26.840000	0.000000	0.000908
26.850000	0.000000	0.000903
26.860000	0.000000	0.000898
26.870000	0.000000	0.000894
26.880000	0.000000	0.000889
26.890000	0.000000	0.000885
26.900000	0.000000	0.000880
26.910000	0.000000	0.000876
26.920000	0.000000	0.000871
26.930000	0.000000	0.000867
26.940000	0.000000	0.000862
26.950000	0.000000	0.000857
26.960000	0.000000	0.000853
26.970000	0.000000	0.000848
26.980000	0.000000	0.000843
26.990000	0.000000	0.000839
27.000000	0.000000	0.000834
27.010000	0.000000	0.000830
27.020000	0.000000	0.000825
27.030000	0.000000	0.000821
27.040000	0.000000	0.000816
27.050000	0.000000	0.000811
27.060000	0.000000	0.000807
27.070000	0.000000	0.000802
27.080000	0.000000	0.000798
27.090000	0.000000	0.000793
27.100000	0.000000	0.000789
27.110000	0.000000	0.000784
27.120000	0.000000	0.000780
27.130000	0.000000	0.000775
27.140000	0.000000	0.000770
27.150000	0.000000	0.000766
27.160000	0.000000	0.000761
27.170000	0.000000	0.000757
27.180000	0.000000	0.000752
27.190000	0.000000	0.000748
27.200000	0.000000	0.000743
27.210000	0.000000	0.000738
27.220000	0.000000	0.000734
27.230000	0.000000	0.000729
27.240000	0.000000	0.000725
27.250000	0.000000	0.000720
27.260000	0.000000	0.000716
27.270000	0.000000	0.000711
27.280000	0.000000	0.000707
27.290000	0.000000	0.000702
27.300000	0.000000	0.000697
27.310000	0.000000	0.000693
27.320000	0.000000	0.000688
27.330000	0.000000	0.000684
27.340000	0.000000	0.000679
27.350000	0.000000	0.000675
27.360000	0.000000	0.000671
27.370000	0.000000	0.000667
27.380000	0.000000	0.000664
27.390000	0.000000	0.000660
27.400000	0.000000	0.000657
27.410000	0.000000	0.000653
27.420000	0.000000	0.000650
27.430000	0.000000	0.000646
27.440000	0.000000	0.000643
27.450000	0.000000	0.000639
27.460000	0.000000	0.000636
27.470000	0.000000	0.000632
27.480000	0.000000	0.000629
27.490000	0.000000	0.000626
27.500000	0.000000	0.000623
27.510000	0.000000	0.000620
27.520000	0.000000	0.000616
27.530000	0.000000	0.000613
27.540000	0.000000	0.000610
27.550000	0.000000	0.000607
27.560000	0.000000	0.000604
27.570000	0.000000	0.000601
27.580000	0.000000	0.000598
27.590000	0.000000	0.000595
27.600000	0.000000	0.000592
27.610000	0.000000	0.000589
27.620000	0.000000	0.000586
27.630000	0.000000	0.000583
27.640000	0.000000	0.000580
27.650000	0.000000	0.000577
27.660000	0.000000	0.000574
27.670000	0.000000	0.000571
27.680000	0.000000	0.000567
27.690000	0.000000	0.000564
27.700000	0.000000	0.000561
27.710000	0.000000	0.000558
27.720000	0.000000	0.000555
27.730000	0.000000	0.000552
27.740000	0.000000	0.000549
27.750000	0.000000	0.000546
27.760000	0.000000	0.000543
27.770000	0.000000	0.000540
27.780000	0.000000	0.000537
27.790000	0.000000	0.000534
27.800000	0.000000	0.000531
27.810000	0.000000	0.000528
27.820000	0.000000	0.000525
27.830000	0.000000	0.000522
27.840000	0.000000	0.000519
27.850000	0.000000	0.000515
27.860000	0.000000	0.000512
27.870000	0.000000	0.000509
27.880000	0.000000	0.000506
27.890000	0.000000	0.000503
27.900000	0.000000	0.000500
27.910000	0.000000	0.000497
27.920000	0.000000	0.000494
27.930000	0.000000	0.000491
27.940000	0.000000	0.000488
27.950000	0.000000	0.000485
27.960000	0.000000	0.000482
27.970000	0.000000	0.000479
27.980000	0.000000	0.000476
27.990000	0.000000	0.000473
28.000000	0.000000	0.000470
28.010000	0.000000	0.000467
28.020000	0.000000	0.000464
28.030000	0.000000	0.000461
28.040000	0.000000	0.000458
28.050000	0.000000	0.000455
28.060000	0.000000	0.000451
28.070000	0.000000	0.000449
28.080000	0.000000	0.000446
28.090000	0.000000	0.000444
28.100000	0.000000	0.000441
28.110000	0.000000	0.000439
28.120000	0.000000	0.000437
28.130000	0.000000	0.000434
28.140000	0.000000	0.000432
28.150000	0.000000	0.000430
28.160000	0.000000	0.000427
28.170000	0.000000	0.000425
28.180000	0.000000	0.000423
28.190000	0.000000	0.000421
28.200000	0.000000	0.000419
28.210000	0.000000	0.000417
28.220000	0.000000	0.000415
28.230000	0.000000	0.000413
28.240000	0.000000	0.000411
28.250000	0.000000	0.000409
28.260000	0.000000	0.000407
28.270000	0.000000	0.000405
28.280000	0.000000	0.000403
28.290000	0.000000	0.000401
28.300000	0.000000	0.000399
28.310000	0.000000	0.000396
28.320000	0.000000	0.000394
28.330000	0.000000	0.000392
28.340000	0.000000	0.000390
28.350000	0.000000	0.000388
28.360000	0.000000	0.000386
28.370000	0.000000	0.000384
28.380000	0.000000	0.000382
28.390000	0.000000	0.000380
28.400000	0.000000	0.000378
28.410000	0.000000	0.000376
28.420000	0.000000	0.000374
28.430000	0.000000	0.000372
28.440000	0.000000	0.000370
28.450000	0.000000	0.000368
28.460000	0.000000	0.000366
28.470000	0.000000	0.000364
28.480000	0.000000	0.000362
28.490000	0.000000	0.000360
28.500000	0.000000	0.000357
28.510000	0.000000	0.000355
28.520000	0.000000	0.000353
28.530000	0.000000	0.000351
28.540000	0.000000	0.000349
28.550000	0.000000	0.000347
28.560000	0.000000	0.000345
28.570000	0.000000	0.000343
28.580000	0.000000	0.000341
28.590000	0.000000	0.000339
28.600000	0.000000	0.000337
28.610000	0.000000	0.000335
28.620000	0.000000	0.000333
28.630000	0.000000	0.000331
28.640000	0.000000	0.000329
28.650000	0.000000	0.000327
28.660000	0.000000	0.000325
28.670000	0.000000	0.000323
28.680000	0.000000	0.000321
28.690000	0.000000	0.000319
28.700000	0.000000	0.000317
28.710000	0.000000	0.000315
28.720000	0.000000	0.000313
28.730000	0.000000	0.000311
28.740000	0.000000	0.000309
28.750000	0.000000	0.000307
28.760000	0.000000	0.000304
28.770000	0.000000	0.000302
28.780000	0.000000	0.000300
28.790000	0.000000	0.000298
28.800000	0.000000	0.000297
28.810000	0.000000	0.000295
28.820000	0.000000	0.000294
28.830000	0.000000	0.000292
28.840000	0.000000	0.000290
28.850000	0.000000	0.000289
28.860000	0.000000	0.000288
28.870000	0.000000	0.000286
28.880000	0.000000	0.000285
28.890000	0.000000	0.000284
28.900000	0.000000	0.000282
28.910000	0.000000	0.000281
28.920000	0.000000	0.000279
28.930000	0.000000	0.000278
28.940000	0.000000	0.000277
28.950000	0.000000	0.000275
28.960000	0.000000	0.000274
28.970000	0.000000	0.000273
28.980000	0.000000	0.000271
28.990000	0.000000	0.000270
29.000000	0.000000	0.000268
29.010000	0.000000	0.000267
29.020000	0.000000	0.000266
29.030000	0.000000	0.000264
29.040000	0.000000	0.000263
29.050000	0.000000	0.000262
29.060000	0.000000	0.000260
29.070000	0.000000	0.000259
29.080000	0.000000	0.000257
29.090000	0.000000	0.000256
29.100000	0.000000	0.000255
29.110000	0.000000	0.000253
29.120000	0.000000	0.000252
29.130000	0.000000	0.000251
29.140000	0.000000	0.000249
29.150000	0.000000	0.000248
29.160000	0.000000	0.000246
29.170000	0.000000	0.000245
29.180000	0.000000	0.000244
29.190000	0.000000	0.000242
29.200000	0.000000	0.000241
29.210000	0.000000	0.000240
29.220000	0.000000	0.000238
29.230000	0.000000	0.000237
29.240000	0.000000	0.000236
29.250000	0.000000	0.000234
29.260000	0.000000	0.000233
29.270000	0.000000	0.000231
29.280000	0.000000	0.000230
29.290000	0.000000	0.000229
29.300000	0.000000	0.000227
29.310000	0.000000	0.000226
29.320000	0.000000	0.000225
29.330000	0.000000	0.000223
29.340000	0.000000	0.000222
29.350000	0.000000	0.000220
29.360000	0.000000	0.000219
29.370000	0.000000	0.000218
29.380000	0.000000	0.000216
29.390000	0.000000	0.000215
29.400000	0.000000	0.000214
29.410000	0.000000	0.000212
29.420000	0.000000	0.000211
29.430000	0.000000	0.000210
29.440000	0.000000	0.000208
29.450000	0.000000	0.000207
29.460000	0.000000	0.000205
29.470000	0.000000	0.000204
29.480000	0.000000	0.000203
29.490000	0.000000	0.000201
29.500000	0.000000	0.000200
29.510000	0.000000	0.000199
29.520000	0.000000	0.000198
29.530000	0.000000	0.000197
29.540000	0.000000	0.000196
29.550000	0.000000	0.000195
29.560000	0.000000	0.000194
29.570000	0.000000	0.000193
29.580000	0.000000	0.000192
29.590000	0.000000	0.000191
29.600000	0.000000	0.000190
29.610000	0.000000	0.000189
29.620000	0.000000	0.000188
29.630000	0.000000	0.000187
29.640000	0.000000	0.000186
29.650000	0.000000	0.000185
29.660000	0.000000	0.000185
29.670000	0.000000	0.000184
29.680000	0.000000	0.000183
29.690000	0.000000	0.000182
29.700000	0.000000	0.000181
29.710000	0.000000	0.000180
29.720000	0.000000	0.000179
29.730000	0.000000	0.000178
29.740000	0.000000	0.000177
29.750000	0.000000	0.000176
29.760000	0.000000	0.000175
29.770000	0.000000	0.000174
29.780000	0.000000	0.000174
29.790000	0.000000	0.000173
29.800000	0.000000	0.000172
29.810000	0.000000	0.000171
29.820000	0.000000	0.000170
29.830000	0.000000	0.000169
29.840000	0.000000	0.000168
29.850000	0.000000	0.000167
29.860000	0.000000	0.000166
29.870000	0.000000	0.000165
29.880000	0.000000	0.000164
29.890000	0.000000	0.000163
29.900000	0.000000	0.000163
29.910000	0.000000	0.000162
29.920000	0.000000	0.000161
29.930000	0.000000	0.000160
29.940000	0.000000	0.000159
29.950000	0.000000	0.000158
29.960000	0.000000	0.000157
29.970000	0.000000	0.000156
29.980000	0.000000	0.000155
29.990000	0.000000	0.000154
30.000000	0.000000	0.000153
30.010000	0.000000	0.000152
30.020000	0.000000	0.000152
30.030000	0.000000	0.000151
30.040000	0.000000	0.000150
30.050000	0.000000	0.000149
30.060000	0.000000	0.000148
30.070000	0.000000	0.000147
30.080000	0.000000	0.000146
30.090000	0.000000	0.000145
