0.100000	0.000000	66465.021370
0.110000	0.000000	32709.798381
0.120000	0.000000	31969.227657
0.130000	0.000000	28846.969244
0.140000	0.000000	24884.571767
0.150000	0.000000	20668.464851
0.160000	0.000000	18881.652854
0.170000	0.000000	16825.690250
0.180000	0.000000	15902.543345
0.190000	0.000000	15363.009780
0.200000	0.000000	13390.018512
0.210000	0.000000	12992.565115
0.220000	0.000000	13432.689198
0.230000	0.000000	11417.519009
0.240000	0.000000	11630.031868
0.250000	0.000000	10931.067495
0.260000	0.000000	9543.024894
0.270000	0.000000	9314.812546
0.280000	0.000000	9126.911245
0.290000	0.000000	8581.816791
0.300000	0.000000	8283.260281
0.310000	0.000000	7961.533643
0.320000	0.000000	8054.344447
0.330000	0.000000	8114.783639
0.340000	0.000000	7705.889107
0.350000	0.000000	7197.148118
0.360000	0.000000	15243.674673
0.370000	0.000000	36187.335357
0.380000	0.000000	39679.333869
0.390000	0.000000	15587.665693
0.400000	0.000000	41002.460115
0.410000	0.000000	6591.156615
0.420000	0.000000	16446.369007
0.430000	0.000000	12189.661149
0.440000	0.000000	15112.844331
0.450000	0.000000	5985.945733
0.460000	0.000000	4803.543329
0.470000	0.000000	4754.900562
0.480000	0.000000	13414.026181
0.490000	0.000000	9197.258079
0.500000	0.000000	9553.729828
0.510000	0.000000	8113.785652
0.520000	0.000000	4214.264454
0.530000	0.000000	6844.877485
0.540000	0.000000	8394.344190
0.550000	0.000000	3923.317703
0.560000	0.000000	4933.624358
0.570000	0.000000	7846.506930
0.580000	0.000000	6548.512883
0.590000	0.000000	5951.260715
0.600000	0.000000	7383.660017
0.610000	0.000000	3583.309991
0.620000	0.000000	4009.153832
0.630000	0.000000	4893.336131
0.640000	0.000000	4543.426706
0.650000	0.000000	11430.944093
0.660000	0.000000	7826.357335
0.670000	0.000000	3726.511308
0.680000	0.000000	3467.998206
0.690000	0.000000	3354.147965
0.700000	0.000000	3472.941554
0.710000	0.000000	3702.188485
0.720000	0.000000	3457.545753
0.730000	0.000000	4335.818965
0.740000	0.000000	2938.065646
0.750000	0.000000	2688.791734
0.760000	0.000000	2663.599790
0.770000	0.000000	4438.459587
0.780000	0.000000	2666.224806
0.790000	0.000000	2709.381338
0.800000	0.000000	2731.324436
0.810000	0.000000	3057.563343
0.820000	0.000000	2783.087411
0.830000	0.000000	2697.326816
0.840000	0.000000	2658.596231
0.850000	0.000000	2551.840434
0.860000	0.000000	2479.887006
0.870000	0.000000	2539.731749
0.880000	0.000000	2614.864613
0.890000	0.000000	2423.343401
0.900000	0.000000	2514.282022
0.910000	0.000000	2754.193925
0.920000	0.000000	2525.205143
0.930000	0.000000	2842.540149
0.940000	0.000000	2553.985390
0.950000	0.000000	2734.518280
0.960000	0.000000	2795.637452
0.970000	0.000000	3068.642782
0.980000	0.000000	2642.867903
0.990000	0.000000	3078.171757
1.000000	0.000000	3572.373328
1.010000	0.000000	5849.080483
1.020000	0.000000	5468.816112
1.030000	0.000000	3223.391745
1.040000	0.000000	5434.169914
1.050000	0.000000	7374.904268
1.060000	0.000000	2579.333060
1.070000	0.000000	3025.985004
1.080000	0.000000	5279.099339
1.090000	0.000000	2789.760881
1.100000	0.000000	7733.470382
1.110000	0.000000	2109.593433
1.120000	0.000000	7561.208474
1.130000	0.000000	2895.531518
1.140000	0.000000	1980.633198
1.150000	0.000000	3282.583423
1.160000	0.000000	4636.493335
1.170000	0.000000	3087.597569
1.180000	0.000000	1811.578418
1.190000	0.000000	1835.382270
1.200000	0.000000	2009.878738
1.210000	0.000000	2053.279965
1.220000	0.000000	1715.531791
1.230000	0.000000	1832.478678
1.240000	0.000000	1850.512186
1.250000	0.000000	1640.705406
1.260000	0.000000	1664.307141
1.270000	0.000000	1816.745758
1.280000	0.000000	1609.602002
1.290000	0.000000	1725.033057
1.300000	0.000000	1674.572884
1.310000	0.000000	1794.519680
1.320000	0.000000	1762.387027
1.330000	0.000000	1667.413690
1.340000	0.000000	1604.444361
1.350000	0.000000	1575.026136
1.360000	0.000000	1639.899071
1.370000	0.000000	1732.195493
1.380000	0.000000	1724.071845
1.390000	0.000000	1768.832847
1.400000	0.000000	1875.060606
1.410000	0.000000	1504.644442
1.420000	0.000000	1610.155353
1.430000	0.000000	1541.220604
1.440000	0.000000	1473.639759
1.450000	0.000000	1481.314184
1.460000	0.000000	1407.689328
1.470000	0.000000	1542.273041
1.480000	0.000000	1871.173739
1.490000	0.000000	1936.948397
1.500000	0.000000	1710.023500
1.510000	0.000000	1457.980135
1.520000	0.000000	1375.335805
1.530000	0.000000	1348.284239
1.540000	0.000000	1566.927583
1.550000	0.000000	1780.321479
1.560000	0.000000	1371.702807
1.570000	0.000000	1422.743618
1.580000	0.000000	1271.866958
1.590000	0.000000	1261.714735
1.600000	0.000000	1300.081717
1.610000	0.000000	1297.112407
1.620000	0.000000	1217.899993
1.630000	0.000000	1208.073178
1.640000	0.000000	1190.888202
1.650000	0.000000	1432.898392
1.660000	0.000000	1389.882549
1.670000	0.000000	1284.680769
1.680000	0.000000	1212.377998
1.690000	0.000000	1165.849011
1.700000	0.000000	1158.652576
1.710000	0.000000	1153.050874
1.720000	0.000000	1191.851809
1.730000	0.000000	1275.825816
1.740000	0.000000	1135.806439
1.750000	0.000000	1227.710835
1.760000	0.000000	1141.707094
1.770000	0.000000	1120.402648
1.780000	0.000000	1063.290494
1.790000	0.000000	1056.069600
1.800000	0.000000	1079.378515
1.810000	0.000000	1118.734095
1.820000	0.000000	1098.255508
1.830000	0.000000	1056.674368
1.840000	0.000000	1027.624840
1.850000	0.000000	1009.012067
1.860000	0.000000	997.306066
1.870000	0.000000	1011.213313
1.880000	0.000000	1015.416062
1.890000	0.000000	977.499565
1.900000	0.000000	970.093819
1.910000	0.000000	961.178466
1.920000	0.000000	953.863664
1.930000	0.000000	946.535120
1.940000	0.000000	950.456609
1.950000	0.000000	934.868970
1.960000	0.000000	923.431799
1.970000	0.000000	917.652035
1.980000	0.000000	911.360718
1.990000	0.000000	904.383337
2.000000	0.000000	898.158705
2.010000	0.000000	890.434979
2.020000	0.000000	885.161357
2.030000	0.000000	878.213101
2.040000	0.000000	870.334680
2.050000	0.000000	865.043415
2.060000	0.000000	856.563486
2.070000	0.000000	847.777146
2.080000	0.000000	840.901207
2.090000	0.000000	831.143798
2.100000	0.000000	820.677937
2.110000	0.000000	811.058736
2.120000	0.000000	802.903559
2.130000	0.000000	792.890114
2.140000	0.000000	779.249296
2.150000	0.000000	775.389836
2.160000	0.000000	760.081336
2.170000	0.000000	746.968683
2.180000	0.000000	736.694969
2.190000	0.000000	726.628960
2.200000	0.000000	716.718556
2.210000	0.000000	706.343299
2.220000	0.000000	695.628564
2.230000	0.000000	685.405617
2.240000	0.000000	675.141471
2.250000	0.000000	664.879910
2.260000	0.000000	654.633148
2.270000	0.000000	644.732521
2.280000	0.000000	633.817035
2.290000	0.000000	623.152509
2.300000	0.000000	624.952228
2.310000	0.000000	597.163044
2.320000	0.000000	579.035017
2.330000	0.000000	564.120589
2.340000	0.000000	549.522577
2.350000	0.000000	534.452593
2.360000	0.000000	519.305193
2.370000	0.000000	549.256832
2.380000	0.000000	551.276814
2.390000	0.000000	473.442927
2.400000	0.000000	509.643562
2.410000	0.000000	614.504517
2.420000	0.000000	8319.916138
2.430000	0.000000	58749.844320
2.440000	0.000000	28666.717634
2.450000	0.000000	12807.879795
2.460000	0.000000	124706.172996
2.470000	0.000000	16572.567470
2.480000	0.000000	346.640656
2.490000	0.000000	336.994217
2.500000	0.000000	327.350512
2.510000	0.000000	318.636417
2.520000	0.000000	308.719607
2.530000	0.000000	298.420108
2.540000	0.000000	288.776633
2.550000	0.000000	354.024891
2.560000	0.000000	411.992311
2.570000	0.000000	266.992482
2.580000	0.000000	1292.287680
2.590000	0.000000	5606.790248
2.600000	0.000000	5427.615888
2.610000	0.000000	54734.253131
2.620000	0.000000	106288.287994
2.630000	0.000000	8012.494881
2.640000	0.000000	192.849031
2.650000	0.000000	190.691726
2.660000	0.000000	188.797684
2.670000	0.000000	187.014067
2.680000	0.000000	185.250542
2.690000	0.000000	183.517128
2.700000	0.000000	181.917772
2.710000	0.000000	180.215579
2.720000	0.000000	179.188768
2.730000	0.000000	178.410443
2.740000	0.000000	176.949879
2.750000	0.000000	179.776162
2.760000	0.000000	173.217494
2.770000	0.000000	175.254305
2.780000	0.000000	187.708606
2.790000	0.000000	190.869149
2.800000	0.000000	247.575296
2.810000	0.000000	179.953616
2.820000	0.000000	1185.604598
2.830000	0.000000	622.654827
2.840000	0.000000	221.299869
2.850000	0.000000	166.373768
2.860000	0.000000	156.407927
2.870000	0.000000	9543.383179
2.880000	0.000000	12005.549246
2.890000	0.000000	152.027756
2.900000	0.000000	150.594980
2.910000	0.000000	149.143940
2.920000	0.000000	147.787220
2.930000	0.000000	146.936507
2.940000	0.000000	160.145086
2.950000	0.000000	699.983225
2.960000	0.000000	320.971681
2.970000	0.000000	158.728917
2.980000	0.000000	158.058293
2.990000	0.000000	143.089723
3.000000	0.000000	136.327597
3.010000	0.000000	323.563665
3.020000	0.000000	4354.519981
3.030000	0.000000	3575.369989
3.040000	0.000000	449.981094
3.050000	0.000000	529.786753
3.060000	0.000000	253.409993
3.070000	0.000000	127.511157
3.080000	0.000000	126.840147
3.090000	0.000000	3286.379753
3.100000	0.000000	20971.424045
3.110000	0.000000	133.067387
3.120000	0.000000	180.394302
3.130000	0.000000	2202.719444
3.140000	0.000000	367.785335
3.150000	0.000000	1099.575720
3.160000	0.000000	403.608159
3.170000	0.000000	657.356356
3.180000	0.000000	924.910678
3.190000	0.000000	512.677961
3.200000	0.000000	153.151686
3.210000	0.000000	151.533205
3.220000	0.000000	194.458279
3.230000	0.000000	198.795321
3.240000	0.000000	197.942781
3.250000	0.000000	203.841075
3.260000	0.000000	1005.769299
3.270000	0.000000	5984.820103
3.280000	0.000000	218.377280
3.290000	0.000000	192.860472
3.300000	0.000000	191.329111
3.310000	0.000000	215.506101
3.320000	0.000000	238.552053
3.330000	0.000000	199.464491
3.340000	0.000000	183.781697
3.350000	0.000000	1890.995932
3.360000	0.000000	1402.754555
3.370000	0.000000	179.677414
3.380000	0.000000	178.330679
3.390000	0.000000	716.106413
3.400000	0.000000	1199.972777
3.410000	0.000000	394.931632
3.420000	0.000000	929.782029
3.430000	0.000000	239.213012
3.440000	0.000000	765.829568
3.450000	0.000000	771.577811
3.460000	0.000000	175.932515
3.470000	0.000000	170.316403
3.480000	0.000000	165.992806
3.490000	0.000000	259.426260
3.500000	0.000000	312.249885
3.510000	0.000000	315.803159
3.520000	0.000000	310.828571
3.530000	0.000000	308.620917
3.540000	0.000000	306.568268
3.550000	0.000000	304.610954
3.560000	0.000000	302.623881
3.570000	0.000000	300.528873
3.580000	0.000000	298.678568
3.590000	0.000000	296.653152
3.600000	0.000000	295.032247
3.610000	0.000000	295.808182
3.620000	0.000000	291.325253
3.630000	0.000000	288.465320
3.640000	0.000000	286.497162
3.650000	0.000000	284.468081
3.660000	0.000000	282.603180
3.670000	0.000000	281.393481
3.680000	0.000000	296.177374
3.690000	0.000000	288.390208
3.700000	0.000000	275.553586
3.710000	0.000000	272.650125
3.720000	0.000000	270.599053
3.730000	0.000000	268.622174
3.740000	0.000000	266.654225
3.750000	0.000000	264.688825
3.760000	0.000000	262.717448
3.770000	0.000000	260.892873
3.780000	0.000000	260.392773
3.790000	0.000000	257.475818
3.800000	0.000000	254.954011
3.810000	0.000000	252.851524
3.820000	0.000000	250.812992
3.830000	0.000000	249.038232
3.840000	0.000000	247.730237
3.850000	0.000000	272.319440
3.860000	0.000000	274.435460
3.870000	0.000000	263.462925
3.880000	0.000000	259.894245
3.890000	0.000000	289.277697
3.900000	0.000000	303.740562
3.910000	0.000000	233.440911
3.920000	0.000000	233.364179
3.930000	0.000000	237.607292
3.940000	0.000000	227.674328
3.950000	0.000000	225.805136
3.960000	0.000000	227.832077
3.970000	0.000000	222.024550
3.980000	0.000000	219.911502
3.990000	0.000000	218.033005
4.000000	0.000000	217.938361
4.010000	0.000000	215.004391
4.020000	0.000000	212.520008
4.030000	0.000000	211.572181
4.040000	0.000000	209.911802
4.050000	0.000000	208.244651
4.060000	0.000000	207.909439
4.070000	0.000000	207.023745
4.080000	0.000000	204.699580
4.090000	0.000000	205.010313
4.100000	0.000000	211.578468
4.110000	0.000000	200.705662
4.120000	0.000000	199.171647
4.130000	0.000000	196.983555
4.140000	0.000000	198.374908
4.150000	0.000000	194.706260
4.160000	0.000000	192.973807
4.170000	0.000000	191.647725
4.180000	0.000000	190.306146
4.190000	0.000000	188.966708
4.200000	0.000000	187.632764
4.210000	0.000000	186.298935
4.220000	0.000000	184.966068
4.230000	0.000000	183.659397
4.240000	0.000000	182.743653
4.250000	0.000000	181.971788
4.260000	0.000000	179.654259
4.270000	0.000000	178.351176
4.280000	0.000000	177.017837
4.290000	0.000000	175.693024
4.300000	0.000000	174.992198
4.310000	0.000000	173.104281
4.320000	0.000000	171.711620
4.330000	0.000000	170.974977
4.340000	0.000000	169.301030
4.350000	0.000000	167.985057
4.360000	0.000000	166.710255
4.370000	0.000000	165.350040
4.380000	0.000000	164.038626
4.390000	0.000000	162.683864
4.400000	0.000000	161.299535
4.410000	0.000000	160.007020
4.420000	0.000000	158.768031
4.430000	0.000000	157.604185
4.440000	0.000000	156.232819
4.450000	0.000000	154.960963
4.460000	0.000000	153.686663
4.470000	0.000000	152.360014
4.480000	0.000000	151.318610
4.490000	0.000000	149.844742
4.500000	0.000000	150.464170
4.510000	0.000000	148.341780
4.520000	0.000000	146.167431
4.530000	0.000000	144.785402
4.540000	0.000000	143.585900
4.550000	0.000000	142.389048
4.560000	0.000000	141.230358
4.570000	0.000000	144.169183
4.580000	0.000000	147.838868
4.590000	0.000000	138.101171
4.600000	0.000000	137.212778
4.610000	0.000000	136.331204
4.620000	0.000000	135.497083
4.630000	0.000000	134.519617
4.640000	0.000000	133.604007
4.650000	0.000000	132.715889
4.660000	0.000000	131.827111
4.670000	0.000000	130.940163
4.680000	0.000000	130.101417
4.690000	0.000000	129.676029
4.700000	0.000000	129.012026
4.710000	0.000000	128.026652
4.720000	0.000000	127.631582
4.730000	0.000000	126.989284
4.740000	0.000000	125.814704
4.750000	0.000000	125.357048
4.760000	0.000000	123.144419
4.770000	0.000000	122.192389
4.780000	0.000000	121.354831
4.790000	0.000000	120.490090
4.800000	0.000000	119.543803
4.810000	0.000000	118.842216
4.820000	0.000000	121.344710
4.830000	0.000000	117.743604
4.840000	0.000000	116.056517
4.850000	0.000000	115.506868
4.860000	0.000000	114.987782
4.870000	0.000000	113.785365
4.880000	0.000000	112.580068
4.890000	0.000000	111.731004
4.900000	0.000000	110.882377
4.910000	0.000000	110.034432
4.920000	0.000000	109.577661
4.930000	0.000000	109.634645
4.940000	0.000000	107.500875
4.950000	0.000000	106.647960
4.960000	0.000000	105.821392
4.970000	0.000000	104.957613
4.980000	0.000000	104.816075
4.990000	0.000000	103.304950
5.000000	0.000000	102.347833
5.010000	0.000000	101.501332
5.020000	0.000000	101.004186
5.030000	0.000000	100.016106
5.040000	0.000000	99.153706
5.050000	0.000000	98.390838
5.060000	0.000000	97.475008
5.070000	0.000000	96.686418
5.080000	0.000000	95.936030
5.090000	0.000000	95.074224
5.100000	0.000000	94.310140
5.110000	0.000000	93.581170
5.120000	0.000000	93.112675
5.130000	0.000000	92.376771
5.140000	0.000000	91.663877
5.150000	0.000000	91.146733
5.160000	0.000000	90.528499
5.170000	0.000000	89.938546
5.180000	0.000000	89.351304
5.190000	0.000000	88.762687
5.200000	0.000000	88.225581
5.210000	0.000000	87.610229
5.220000	0.000000	86.973474
5.230000	0.000000	86.393527
5.240000	0.000000	85.869565
5.250000	0.000000	85.350155
5.260000	0.000000	84.655134
5.270000	0.000000	84.076727
5.280000	0.000000	83.498414
5.290000	0.000000	82.920163
5.300000	0.000000	82.321352
5.310000	0.000000	81.807008
5.320000	0.000000	81.155019
5.330000	0.000000	80.570447
5.340000	0.000000	79.998789
5.350000	0.000000	79.468987
5.360000	0.000000	78.882184
5.370000	0.000000	78.311979
5.380000	0.000000	77.746574
5.390000	0.000000	77.177730
5.400000	0.000000	76.616559
5.410000	0.000000	76.041401
5.420000	0.000000	75.464924
5.430000	0.000000	74.899730
5.440000	0.000000	74.336496
5.450000	0.000000	73.772930
5.460000	0.000000	73.205027
5.470000	0.000000	72.625490
5.480000	0.000000	72.051228
5.490000	0.000000	71.555021
5.500000	0.000000	70.946118
5.510000	0.000000	70.373262
5.520000	0.000000	69.802186
5.530000	0.000000	69.265296
5.540000	0.000000	68.712613
5.550000	0.000000	68.126543
5.560000	0.000000	67.559067
5.570000	0.000000	67.094058
5.580000	0.000000	66.617029
5.590000	0.000000	65.988045
5.600000	0.000000	65.571404
5.610000	0.000000	65.462064
5.620000	0.000000	66.418443
5.630000	0.000000	66.056034
5.640000	0.000000	64.625761
5.650000	0.000000	64.323524
5.660000	0.000000	63.627208
5.670000	0.000000	66.332897
5.680000	0.000000	62.889322
5.690000	0.000000	61.237119
5.700000	0.000000	60.849586
5.710000	0.000000	60.466436
5.720000	0.000000	60.083676
5.730000	0.000000	59.701141
5.740000	0.000000	59.318414
5.750000	0.000000	58.943561
5.760000	0.000000	58.576127
5.770000	0.000000	58.182702
5.780000	0.000000	57.795014
5.790000	0.000000	57.410774
5.800000	0.000000	57.026408
5.810000	0.000000	56.617167
5.820000	0.000000	56.237141
5.830000	0.000000	55.860301
5.840000	0.000000	55.486004
5.850000	0.000000	55.111438
5.860000	0.000000	54.774838
5.870000	0.000000	54.402523
5.880000	0.000000	54.018581
5.890000	0.000000	53.636666
5.900000	0.000000	53.255852
5.910000	0.000000	52.883022
5.920000	0.000000	52.517817
5.930000	0.000000	52.161156
5.940000	0.000000	51.746719
5.950000	0.000000	51.373023
5.960000	0.000000	51.000145
5.970000	0.000000	50.621111
5.980000	0.000000	50.229077
5.990000	0.000000	49.856207
6.000000	0.000000	49.506994
6.010000	0.000000	49.116886
6.020000	0.000000	48.758050
6.030000	0.000000	48.389044
6.040000	0.000000	48.002323
6.050000	0.000000	47.623899
6.060000	0.000000	47.258153
6.070000	0.000000	46.894325
6.080000	0.000000	46.523851
6.090000	0.000000	46.193136
6.100000	0.000000	45.942124
6.110000	0.000000	45.733041
6.120000	0.000000	46.217488
6.130000	0.000000	45.409633
6.140000	0.000000	44.844888
6.150000	0.000000	44.651150
6.160000	0.000000	44.222373
6.170000	0.000000	44.856968
6.180000	0.000000	43.495438
6.190000	0.000000	42.802184
6.200000	0.000000	42.499403
6.210000	0.000000	42.231406
6.220000	0.000000	41.976410
6.230000	0.000000	41.722408
6.240000	0.000000	41.468589
6.250000	0.000000	41.214988
6.260000	0.000000	40.961240
6.270000	0.000000	40.706875
6.280000	0.000000	40.453231
6.290000	0.000000	40.200141
6.300000	0.000000	39.945230
6.310000	0.000000	39.678032
6.320000	0.000000	39.426701
6.330000	0.000000	39.178037
6.340000	0.000000	38.925180
6.350000	0.000000	38.675589
6.360000	0.000000	38.426342
6.370000	0.000000	38.177266
6.380000	0.000000	37.937094
6.390000	0.000000	37.695261
6.400000	0.000000	37.483677
6.410000	0.000000	37.246887
6.420000	0.000000	36.941760
6.430000	0.000000	36.694380
6.440000	0.000000	36.457912
6.450000	0.000000	36.260244
6.460000	0.000000	36.256623
6.470000	0.000000	36.483557
6.480000	0.000000	35.555029
6.490000	0.000000	35.693336
6.500000	0.000000	35.338326
6.510000	0.000000	34.917408
6.520000	0.000000	34.698078
6.530000	0.000000	37.536201
6.540000	0.000000	38.523184
6.550000	0.000000	35.999383
6.560000	0.000000	34.942424
6.570000	0.000000	41.034131
6.580000	0.000000	44.823073
6.590000	0.000000	39.427639
6.600000	0.000000	50.628133
6.610000	0.000000	85.001368
6.620000	0.000000	86.160812
6.630000	0.000000	91.532490
6.640000	0.000000	107.019303
6.650000	0.000000	129.348008
6.660000	0.000000	115.445743
6.670000	0.000000	75.114648
6.680000	0.000000	75.777896
6.690000	0.000000	174.037717
6.700000	0.000000	91.560636
6.710000	0.000000	31.683303
6.720000	0.000000	29.960287
6.730000	0.000000	29.477268
6.740000	0.000000	29.257192
6.750000	0.000000	29.036874
6.760000	0.000000	28.818200
6.770000	0.000000	28.600422
6.780000	0.000000	28.391697
6.790000	0.000000	28.214544
6.800000	0.000000	28.046355
6.810000	0.000000	27.873457
6.820000	0.000000	27.698797
6.830000	0.000000	27.531241
6.840000	0.000000	27.378751
6.850000	0.000000	27.204418
6.860000	0.000000	27.036389
6.870000	0.000000	26.880362
6.880000	0.000000	26.712829
6.890000	0.000000	26.558230
6.900000	0.000000	26.456759
6.910000	0.000000	26.420792
6.920000	0.000000	26.310837
6.930000	0.000000	26.047495
6.940000	0.000000	25.902308
6.950000	0.000000	25.776398
6.960000	0.000000	25.533658
6.970000	0.000000	25.730712
6.980000	0.000000	25.061292
6.990000	0.000000	24.888377
7.000000	0.000000	24.724275
7.010000	0.000000	24.564212
7.020000	0.000000	24.487319
7.030000	0.000000	24.266916
7.040000	0.000000	24.069206
7.050000	0.000000	23.927238
7.060000	0.000000	23.767715
7.070000	0.000000	23.592028
7.080000	0.000000	23.422683
7.090000	0.000000	23.252794
7.100000	0.000000	23.093496
7.110000	0.000000	22.938955
7.120000	0.000000	22.769282
7.130000	0.000000	22.605892
7.140000	0.000000	22.442943
7.150000	0.000000	22.267565
7.160000	0.000000	22.122950
7.170000	0.000000	22.025076
7.180000	0.000000	21.810750
7.190000	0.000000	21.656716
7.200000	0.000000	21.473665
7.210000	0.000000	21.305282
7.220000	0.000000	21.153989
7.230000	0.000000	21.005623
7.240000	0.000000	20.859048
7.250000	0.000000	20.719892
7.260000	0.000000	20.613519
7.270000	0.000000	20.507892
7.280000	0.000000	20.293989
7.290000	0.000000	20.128763
7.300000	0.000000	19.983156
7.310000	0.000000	19.837242
7.320000	0.000000	19.682655
7.330000	0.000000	19.550523
7.340000	0.000000	19.393150
7.350000	0.000000	19.245906
7.360000	0.000000	19.108966
7.370000	0.000000	18.966989
7.380000	0.000000	18.848082
7.390000	0.000000	18.737239
7.400000	0.000000	18.626982
7.410000	0.000000	18.516929
7.420000	0.000000	18.405346
7.430000	0.000000	18.296827
7.440000	0.000000	18.185575
7.450000	0.000000	18.076064
7.460000	0.000000	17.968466
7.470000	0.000000	17.857670
7.480000	0.000000	17.752331
7.490000	0.000000	17.633138
7.500000	0.000000	17.523632
7.510000	0.000000	17.416191
7.520000	0.000000	17.349562
7.530000	0.000000	17.223025
7.540000	0.000000	17.104186
7.550000	0.000000	17.020349
7.560000	0.000000	16.903730
7.570000	0.000000	16.776900
7.580000	0.000000	16.671007
7.590000	0.000000	16.560341
7.600000	0.000000	16.450380
7.610000	0.000000	16.359358
7.620000	0.000000	16.304983
7.630000	0.000000	16.280379
7.640000	0.000000	16.104361
7.650000	0.000000	15.919450
7.660000	0.000000	15.819990
7.670000	0.000000	15.687625
7.680000	0.000000	15.795085
7.690000	0.000000	15.552097
7.700000	0.000000	15.491255
7.710000	0.000000	15.658572
7.720000	0.000000	16.562777
7.730000	0.000000	16.919349
7.740000	0.000000	16.048747
7.750000	0.000000	16.041419
7.760000	0.000000	17.314170
7.770000	0.000000	20.066940
7.780000	0.000000	24.959007
7.790000	0.000000	17.712899
7.800000	0.000000	16.705465
7.810000	0.000000	14.351780
7.820000	0.000000	15.325866
7.830000	0.000000	14.402433
7.840000	0.000000	13.935630
7.850000	0.000000	13.799172
7.860000	0.000000	15.390450
7.870000	0.000000	22.006423
7.880000	0.000000	17.472566
7.890000	0.000000	13.409420
7.900000	0.000000	13.313521
7.910000	0.000000	13.223149
7.920000	0.000000	13.129450
7.930000	0.000000	13.026797
7.940000	0.000000	12.931294
7.950000	0.000000	12.835877
7.960000	0.000000	12.742921
7.970000	0.000000	12.664097
7.980000	0.000000	12.569692
7.990000	0.000000	12.491891
8.000000	0.000000	12.418433
8.010000	0.000000	12.348318
8.020000	0.000000	12.273493
8.030000	0.000000	12.202083
8.040000	0.000000	12.128545
8.050000	0.000000	12.056287
8.060000	0.000000	11.983216
8.070000	0.000000	11.909582
8.080000	0.000000	11.837571
8.090000	0.000000	11.801291
8.100000	0.000000	11.769440
8.110000	0.000000	11.655216
8.120000	0.000000	11.582595
8.130000	0.000000	11.517210
8.140000	0.000000	11.454813
8.150000	0.000000	11.355567
8.160000	0.000000	16.933595
8.170000	0.000000	11.593484
8.180000	0.000000	11.945278
8.190000	0.000000	11.352492
8.200000	0.000000	11.025092
8.210000	0.000000	11.666277
8.220000	0.000000	11.275506
8.230000	0.000000	10.761068
8.240000	0.000000	10.696763
8.250000	0.000000	10.628419
8.260000	0.000000	10.531008
8.270000	0.000000	10.458848
8.280000	0.000000	11.226405
8.290000	0.000000	13.302052
8.300000	0.000000	10.247842
8.310000	0.000000	10.181815
8.320000	0.000000	10.099273
8.330000	0.000000	10.037326
8.340000	0.000000	12.248316
8.350000	0.000000	10.250437
8.360000	0.000000	10.244116
8.370000	0.000000	9.902183
8.380000	0.000000	9.711989
8.390000	0.000000	9.937309
8.400000	0.000000	9.789978
8.410000	0.000000	9.492915
8.420000	0.000000	9.427801
8.430000	0.000000	9.363274
8.440000	0.000000	9.299227
8.450000	0.000000	9.235401
8.460000	0.000000	9.171690
8.470000	0.000000	9.246143
8.480000	0.000000	10.480317
8.490000	0.000000	8.978281
8.500000	0.000000	8.912543
8.510000	0.000000	8.848960
8.520000	0.000000	8.785432
8.530000	0.000000	8.722042
8.540000	0.000000	8.658552
8.550000	0.000000	8.595220
8.560000	0.000000	8.534128
8.570000	0.000000	8.470950
8.580000	0.000000	8.762082
8.590000	0.000000	8.821144
8.600000	0.000000	8.313692
8.610000	0.000000	8.264496
8.620000	0.000000	8.216194
8.630000	0.000000	8.167958
8.640000	0.000000	8.155577
8.650000	0.000000	8.512226
8.660000	0.000000	8.020855
8.670000	0.000000	7.971780
8.680000	0.000000	7.969708
8.690000	0.000000	8.088598
8.700000	0.000000	7.885681
8.710000	0.000000	7.905890
8.720000	0.000000	7.796577
8.730000	0.000000	7.759124
8.740000	0.000000	7.699751
8.750000	0.000000	7.586292
8.760000	0.000000	7.538558
8.770000	0.000000	7.490274
8.780000	0.000000	7.441572
8.790000	0.000000	7.393907
8.800000	0.000000	7.346824
8.810000	0.000000	7.297101
8.820000	0.000000	7.251244
8.830000	0.000000	7.226135
8.840000	0.000000	7.177879
8.850000	0.000000	7.129806
8.860000	0.000000	7.081778
8.870000	0.000000	7.033897
8.880000	0.000000	6.986254
8.890000	0.000000	6.938750
8.900000	0.000000	6.897394
8.910000	0.000000	6.849060
8.920000	0.000000	6.795905
8.930000	0.000000	6.749987
8.940000	0.000000	6.706384
8.950000	0.000000	6.663057
8.960000	0.000000	6.619764
8.970000	0.000000	6.576490
8.980000	0.000000	6.533531
8.990000	0.000000	6.494048
9.000000	0.000000	6.445067
9.010000	0.000000	6.409208
9.020000	0.000000	6.385827
9.030000	0.000000	6.323069
9.040000	0.000000	6.280296
9.050000	0.000000	6.240188
9.060000	0.000000	6.217522
9.070000	0.000000	6.236225
9.080000	0.000000	6.179753
9.090000	0.000000	6.078094
9.100000	0.000000	6.030294
9.110000	0.000000	5.984045
9.120000	0.000000	5.947104
9.130000	0.000000	5.897283
9.140000	0.000000	5.849195
9.150000	0.000000	5.807166
9.160000	0.000000	5.770685
9.170000	0.000000	5.731945
9.180000	0.000000	5.750964
9.190000	0.000000	5.651007
9.200000	0.000000	5.605833
9.210000	0.000000	5.573435
9.220000	0.000000	5.541038
9.230000	0.000000	5.508646
9.240000	0.000000	5.476317
9.250000	0.000000	5.443927
9.260000	0.000000	5.411478
9.270000	0.000000	5.379089
9.280000	0.000000	5.346704
9.290000	0.000000	5.314323
9.300000	0.000000	5.281976
9.310000	0.000000	5.249887
9.320000	0.000000	5.217838
9.330000	0.000000	5.183556
9.340000	0.000000	5.150254
9.350000	0.000000	5.117885
9.360000	0.000000	5.085517
9.370000	0.000000	5.053151
9.380000	0.000000	5.020786
9.390000	0.000000	4.988421
9.400000	0.000000	4.956062
9.410000	0.000000	4.923736
9.420000	0.000000	4.891439
9.430000	0.000000	4.859262
9.440000	0.000000	4.828370
9.450000	0.000000	4.797947
9.460000	0.000000	4.764018
9.470000	0.000000	4.732104
9.480000	0.000000	4.700563
9.490000	0.000000	4.668161
9.500000	0.000000	4.634986
9.510000	0.000000	4.602856
9.520000	0.000000	4.628233
9.530000	0.000000	4.555783
9.540000	0.000000	4.523679
9.550000	0.000000	4.490179
9.560000	0.000000	4.460085
9.570000	0.000000	4.438806
9.580000	0.000000	4.408214
9.590000	0.000000	4.373112
9.600000	0.000000	4.344582
9.610000	0.000000	4.315928
9.620000	0.000000	4.287499
9.630000	0.000000	4.259073
9.640000	0.000000	4.230663
9.650000	0.000000	4.203899
9.660000	0.000000	4.199610
9.670000	0.000000	4.143709
9.680000	0.000000	4.115456
9.690000	0.000000	4.087144
9.700000	0.000000	4.058971
9.710000	0.000000	4.030721
9.720000	0.000000	4.002369
9.730000	0.000000	3.990682
9.740000	0.000000	3.957689
9.750000	0.000000	3.920403
9.760000	0.000000	3.892609
9.770000	0.000000	3.861115
9.780000	0.000000	3.834743
9.790000	0.000000	3.809328
9.800000	0.000000	3.777688
9.810000	0.000000	3.754625
9.820000	0.000000	3.732982
9.830000	0.000000	3.711043
9.840000	0.000000	3.688258
9.850000	0.000000	3.666629
9.860000	0.000000	3.644999
9.870000	0.000000	3.623370
9.880000	0.000000	3.603101
9.890000	0.000000	3.586368
9.900000	0.000000	3.561810
9.910000	0.000000	3.536883
9.920000	0.000000	3.515268
9.930000	0.000000	3.493653
9.940000	0.000000	3.472039
9.950000	0.000000	3.450428
9.960000	0.000000	3.428819
9.970000	0.000000	3.407203
9.980000	0.000000	3.385593
9.990000	0.000000	3.364184
10.000000	0.000000	3.347023
10.010000	0.000000	3.319677
10.020000	0.000000	3.298095
10.030000	0.000000	3.276729
10.040000	0.000000	3.255372
10.050000	0.000000	3.234032
10.060000	0.000000	3.212745
10.070000	0.000000	3.193305
10.080000	0.000000	3.171670
10.090000	0.000000	3.148998
10.100000	0.000000	3.128352
10.110000	0.000000	3.108666
10.120000	0.000000	3.089941
10.130000	0.000000	3.071787
10.140000	0.000000	3.051215
10.150000	0.000000	3.032332
10.160000	0.000000	3.014477
10.170000	0.000000	2.993435
10.180000	0.000000	2.974863
10.190000	0.000000	2.955084
10.200000	0.000000	2.936004
10.210000	0.000000	2.917069
10.220000	0.000000	2.898176
10.230000	0.000000	2.879292
10.240000	0.000000	2.860408
10.250000	0.000000	2.841524
10.260000	0.000000	2.822640
10.270000	0.000000	2.803759
10.280000	0.000000	2.784910
10.290000	0.000000	2.766099
10.300000	0.000000	2.747248
10.310000	0.000000	2.728368
10.320000	0.000000	2.709493
10.330000	0.000000	2.690620
10.340000	0.000000	2.670681
10.350000	0.000000	2.651599
10.360000	0.000000	2.632737
10.370000	0.000000	2.613886
10.380000	0.000000	2.595036
10.390000	0.000000	2.576186
10.400000	0.000000	2.557338
10.410000	0.000000	2.538500
10.420000	0.000000	2.521023
10.430000	0.000000	2.505590
10.440000	0.000000	2.491148
10.450000	0.000000	2.476706
10.460000	0.000000	2.462266
10.470000	0.000000	2.447826
10.480000	0.000000	2.433388
10.490000	0.000000	2.418954
10.500000	0.000000	2.404472
10.510000	0.000000	2.389116
10.520000	0.000000	2.374685
10.530000	0.000000	2.360253
10.540000	0.000000	2.345822
10.550000	0.000000	2.331396
10.560000	0.000000	2.316971
10.570000	0.000000	2.302546
10.580000	0.000000	2.288144
10.590000	0.000000	2.273793
10.600000	0.000000	2.259479
10.610000	0.000000	2.245174
10.620000	0.000000	2.230887
10.630000	0.000000	2.216627
10.640000	0.000000	2.202370
10.650000	0.000000	2.188112
10.660000	0.000000	2.173855
10.670000	0.000000	2.159344
10.680000	0.000000	2.144391
10.690000	0.000000	2.130384
10.700000	0.000000	2.117332
10.710000	0.000000	2.104597
10.720000	0.000000	2.091913
10.730000	0.000000	2.079231
10.740000	0.000000	2.066549
10.750000	0.000000	2.053867
10.760000	0.000000	2.041203
10.770000	0.000000	2.028567
10.780000	0.000000	2.015949
10.790000	0.000000	2.003337
10.800000	0.000000	1.990724
10.810000	0.000000	1.978112
10.820000	0.000000	1.965500
10.830000	0.000000	1.952887
10.840000	0.000000	1.939871
10.850000	0.000000	1.926810
10.860000	0.000000	1.914198
10.870000	0.000000	1.901585
10.880000	0.000000	1.888973
10.890000	0.000000	1.876362
10.900000	0.000000	1.863750
10.910000	0.000000	1.851140
10.920000	0.000000	1.838532
10.930000	0.000000	1.825925
10.940000	0.000000	1.813320
10.950000	0.000000	1.800715
10.960000	0.000000	1.788114
10.970000	0.000000	1.775520
10.980000	0.000000	1.762931
10.990000	0.000000	1.750342
11.000000	0.000000	1.737753
11.010000	0.000000	1.724582
11.020000	0.000000	1.711725
11.030000	0.000000	1.699139
11.040000	0.000000	1.686683
11.050000	0.000000	1.675962
11.060000	0.000000	1.666143
11.070000	0.000000	1.656498
11.080000	0.000000	1.646855
11.090000	0.000000	1.637214
11.100000	0.000000	1.627574
11.110000	0.000000	1.617934
11.120000	0.000000	1.608294
11.130000	0.000000	1.598655
11.140000	0.000000	1.589020
11.150000	0.000000	1.579384
11.160000	0.000000	1.569750
11.170000	0.000000	1.560135
11.180000	0.000000	1.549980
11.190000	0.000000	1.540345
11.200000	0.000000	1.530786
11.210000	0.000000	1.521228
11.220000	0.000000	1.511681
11.230000	0.000000	1.502151
11.240000	0.000000	1.492627
11.250000	0.000000	1.483105
11.260000	0.000000	1.473591
11.270000	0.000000	1.464084
11.280000	0.000000	1.454634
11.290000	0.000000	1.445511
11.300000	0.000000	1.436910
11.310000	0.000000	1.428410
11.320000	0.000000	1.419948
11.330000	0.000000	1.411512
11.340000	0.000000	1.403017
11.350000	0.000000	1.394076
11.360000	0.000000	1.385651
11.370000	0.000000	1.377227
11.380000	0.000000	1.368803
11.390000	0.000000	1.360379
11.400000	0.000000	1.351955
11.410000	0.000000	1.343531
11.420000	0.000000	1.335107
11.430000	0.000000	1.326684
11.440000	0.000000	1.318260
11.450000	0.000000	1.309836
11.460000	0.000000	1.301412
11.470000	0.000000	1.292988
11.480000	0.000000	1.284564
11.490000	0.000000	1.276141
11.500000	0.000000	1.267717
11.510000	0.000000	1.259114
11.520000	0.000000	1.250302
11.530000	0.000000	1.241881
11.540000	0.000000	1.233460
11.550000	0.000000	1.225040
11.560000	0.000000	1.216620
11.570000	0.000000	1.208201
11.580000	0.000000	1.199788
11.590000	0.000000	1.191380
11.600000	0.000000	1.182971
11.610000	0.000000	1.174563
11.620000	0.000000	1.166155
11.630000	0.000000	1.157747
11.640000	0.000000	1.149339
11.650000	0.000000	1.140933
11.660000	0.000000	1.132534
11.670000	0.000000	1.124239
11.680000	0.000000	1.117010
11.690000	0.000000	1.110363
11.700000	0.000000	1.103923
11.710000	0.000000	1.097484
11.720000	0.000000	1.091047
11.730000	0.000000	1.084610
11.740000	0.000000	1.078174
11.750000	0.000000	1.071738
11.760000	0.000000	1.065316
11.770000	0.000000	1.058912
11.780000	0.000000	1.052517
11.790000	0.000000	1.046126
11.800000	0.000000	1.039740
11.810000	0.000000	1.033356
11.820000	0.000000	1.026974
11.830000	0.000000	1.020606
11.840000	0.000000	1.014254
11.850000	0.000000	1.007588
11.860000	0.000000	1.001124
11.870000	0.000000	0.994781
11.880000	0.000000	0.988499
11.890000	0.000000	0.982539
11.900000	0.000000	0.976818
11.910000	0.000000	0.971153
11.920000	0.000000	0.965488
11.930000	0.000000	0.959826
11.940000	0.000000	0.954173
11.950000	0.000000	0.948536
11.960000	0.000000	0.942907
11.970000	0.000000	0.937279
11.980000	0.000000	0.931650
11.990000	0.000000	0.926021
12.000000	0.000000	0.920393
12.010000	0.000000	0.914764
12.020000	0.000000	0.908775
12.030000	0.000000	0.903127
12.040000	0.000000	0.897498
12.050000	0.000000	0.891870
12.060000	0.000000	0.886241
12.070000	0.000000	0.880613
12.080000	0.000000	0.874985
12.090000	0.000000	0.869356
12.100000	0.000000	0.863728
12.110000	0.000000	0.858100
12.120000	0.000000	0.852472
12.130000	0.000000	0.846845
12.140000	0.000000	0.841218
12.150000	0.000000	0.835591
12.160000	0.000000	0.829964
12.170000	0.000000	0.824338
12.180000	0.000000	0.818652
12.190000	0.000000	0.812707
12.200000	0.000000	0.807087
12.210000	0.000000	0.801468
12.220000	0.000000	0.795850
12.230000	0.000000	0.790232
12.240000	0.000000	0.784615
12.250000	0.000000	0.778997
12.260000	0.000000	0.773379
12.270000	0.000000	0.767762
12.280000	0.000000	0.762146
12.290000	0.000000	0.756532
12.300000	0.000000	0.751066
12.310000	0.000000	0.746126
12.320000	0.000000	0.741812
12.330000	0.000000	0.737510
12.340000	0.000000	0.733209
12.350000	0.000000	0.728800
12.360000	0.000000	0.724327
12.370000	0.000000	0.720053
12.380000	0.000000	0.715779
12.390000	0.000000	0.711508
12.400000	0.000000	0.707245
12.410000	0.000000	0.702986
12.420000	0.000000	0.698727
12.430000	0.000000	0.694469
12.440000	0.000000	0.690215
12.450000	0.000000	0.685973
12.460000	0.000000	0.681746
12.470000	0.000000	0.677535
12.480000	0.000000	0.673365
12.490000	0.000000	0.669291
12.500000	0.000000	0.665465
12.510000	0.000000	0.661679
12.520000	0.000000	0.657748
12.530000	0.000000	0.653859
12.540000	0.000000	0.650078
12.550000	0.000000	0.646297
12.560000	0.000000	0.642516
12.570000	0.000000	0.638735
12.580000	0.000000	0.634960
12.590000	0.000000	0.631194
12.600000	0.000000	0.627432
12.610000	0.000000	0.623670
12.620000	0.000000	0.619909
12.630000	0.000000	0.616147
12.640000	0.000000	0.612385
12.650000	0.000000	0.608623
12.660000	0.000000	0.604862
12.670000	0.000000	0.601100
12.680000	0.000000	0.597338
12.690000	0.000000	0.593376
12.700000	0.000000	0.589561
12.710000	0.000000	0.585799
12.720000	0.000000	0.582038
12.730000	0.000000	0.578276
12.740000	0.000000	0.574515
12.750000	0.000000	0.570754
12.760000	0.000000	0.566994
12.770000	0.000000	0.563233
12.780000	0.000000	0.559472
12.790000	0.000000	0.555712
12.800000	0.000000	0.551952
12.810000	0.000000	0.548193
12.820000	0.000000	0.544436
12.830000	0.000000	0.540681
12.840000	0.000000	0.536926
12.850000	0.000000	0.533171
12.860000	0.000000	0.529162
12.870000	0.000000	0.525407
12.880000	0.000000	0.521652
12.890000	0.000000	0.517898
12.900000	0.000000	0.514146
12.910000	0.000000	0.510396
12.920000	0.000000	0.506646
12.930000	0.000000	0.502898
12.940000	0.000000	0.499424
12.950000	0.000000	0.496356
12.960000	0.000000	0.493487
12.970000	0.000000	0.490628
12.980000	0.000000	0.487776
12.990000	0.000000	0.484925
13.000000	0.000000	0.482074
13.010000	0.000000	0.479227
13.020000	0.000000	0.476341
13.030000	0.000000	0.473353
13.040000	0.000000	0.470517
13.050000	0.000000	0.467681
13.060000	0.000000	0.464848
13.070000	0.000000	0.462035
13.080000	0.000000	0.459238
13.090000	0.000000	0.456480
13.100000	0.000000	0.453852
13.110000	0.000000	0.451314
13.120000	0.000000	0.448787
13.130000	0.000000	0.446260
13.140000	0.000000	0.443732
13.150000	0.000000	0.441205
13.160000	0.000000	0.438677
13.170000	0.000000	0.436150
13.180000	0.000000	0.433623
13.190000	0.000000	0.431024
13.200000	0.000000	0.428398
13.210000	0.000000	0.425871
13.220000	0.000000	0.423346
13.230000	0.000000	0.420828
13.240000	0.000000	0.418314
13.250000	0.000000	0.415799
13.260000	0.000000	0.413285
13.270000	0.000000	0.410771
13.280000	0.000000	0.408257
13.290000	0.000000	0.405742
13.300000	0.000000	0.403228
13.310000	0.000000	0.400714
13.320000	0.000000	0.398200
13.330000	0.000000	0.395686
13.340000	0.000000	0.393172
13.350000	0.000000	0.390657
13.360000	0.000000	0.388036
13.370000	0.000000	0.385460
13.380000	0.000000	0.382947
13.390000	0.000000	0.380433
13.400000	0.000000	0.377920
13.410000	0.000000	0.375407
13.420000	0.000000	0.372893
13.430000	0.000000	0.370380
13.440000	0.000000	0.367869
13.450000	0.000000	0.365358
13.460000	0.000000	0.362849
13.470000	0.000000	0.360339
13.480000	0.000000	0.357829
13.490000	0.000000	0.355319
13.500000	0.000000	0.352810
13.510000	0.000000	0.350302
13.520000	0.000000	0.347794
13.530000	0.000000	0.345144
13.540000	0.000000	0.342610
13.550000	0.000000	0.340105
13.560000	0.000000	0.337603
13.570000	0.000000	0.335105
13.580000	0.000000	0.332848
13.590000	0.000000	0.330854
13.600000	0.000000	0.328951
13.610000	0.000000	0.327052
13.620000	0.000000	0.325154
13.630000	0.000000	0.323258
13.640000	0.000000	0.321362
13.650000	0.000000	0.319466
13.660000	0.000000	0.317570
13.670000	0.000000	0.315676
13.680000	0.000000	0.313795
13.690000	0.000000	0.311920
13.700000	0.000000	0.309950
13.710000	0.000000	0.308228
13.720000	0.000000	0.306536
13.730000	0.000000	0.304847
13.740000	0.000000	0.303157
13.750000	0.000000	0.301467
13.760000	0.000000	0.299777
13.770000	0.000000	0.298087
13.780000	0.000000	0.296398
13.790000	0.000000	0.294708
13.800000	0.000000	0.293018
13.810000	0.000000	0.291329
13.820000	0.000000	0.289639
13.830000	0.000000	0.287950
13.840000	0.000000	0.286260
13.850000	0.000000	0.284571
13.860000	0.000000	0.282851
13.870000	0.000000	0.281080
13.880000	0.000000	0.279398
13.890000	0.000000	0.277718
13.900000	0.000000	0.276037
13.910000	0.000000	0.274356
13.920000	0.000000	0.272675
13.930000	0.000000	0.270994
13.940000	0.000000	0.269313
13.950000	0.000000	0.267632
13.960000	0.000000	0.265951
13.970000	0.000000	0.264271
13.980000	0.000000	0.262590
13.990000	0.000000	0.260910
14.000000	0.000000	0.259229
14.010000	0.000000	0.257549
14.020000	0.000000	0.255869
14.030000	0.000000	0.254135
14.040000	0.000000	0.252395
14.050000	0.000000	0.250714
14.060000	0.000000	0.249034
14.070000	0.000000	0.247355
14.080000	0.000000	0.245677
14.090000	0.000000	0.243999
14.100000	0.000000	0.242322
14.110000	0.000000	0.240644
14.120000	0.000000	0.238967
14.130000	0.000000	0.237291
14.140000	0.000000	0.235616
14.150000	0.000000	0.233942
14.160000	0.000000	0.232268
14.170000	0.000000	0.230594
14.180000	0.000000	0.228923
14.190000	0.000000	0.227260
14.200000	0.000000	0.225523
14.210000	0.000000	0.223827
14.220000	0.000000	0.222264
14.230000	0.000000	0.220949
14.240000	0.000000	0.219678
14.250000	0.000000	0.218411
14.260000	0.000000	0.217143
14.270000	0.000000	0.215875
14.280000	0.000000	0.214610
14.290000	0.000000	0.213352
14.300000	0.000000	0.212100
14.310000	0.000000	0.210868
14.320000	0.000000	0.209691
14.330000	0.000000	0.208561
14.340000	0.000000	0.207431
14.350000	0.000000	0.206301
14.360000	0.000000	0.205171
14.370000	0.000000	0.203973
14.380000	0.000000	0.202835
14.390000	0.000000	0.201705
14.400000	0.000000	0.200575
14.410000	0.000000	0.199445
14.420000	0.000000	0.198315
14.430000	0.000000	0.197185
14.440000	0.000000	0.196055
14.450000	0.000000	0.194926
14.460000	0.000000	0.193796
14.470000	0.000000	0.192666
14.480000	0.000000	0.191536
14.490000	0.000000	0.190406
14.500000	0.000000	0.189277
14.510000	0.000000	0.188147
14.520000	0.000000	0.187018
14.530000	0.000000	0.185884
14.540000	0.000000	0.184692
14.550000	0.000000	0.183568
14.560000	0.000000	0.182444
14.570000	0.000000	0.181320
14.580000	0.000000	0.180196
14.590000	0.000000	0.179072
14.600000	0.000000	0.177948
14.610000	0.000000	0.176824
14.620000	0.000000	0.175701
14.630000	0.000000	0.174577
14.640000	0.000000	0.173453
14.650000	0.000000	0.172329
14.660000	0.000000	0.171206
14.670000	0.000000	0.170082
14.680000	0.000000	0.168958
14.690000	0.000000	0.167835
14.700000	0.000000	0.166688
14.710000	0.000000	0.165514
14.720000	0.000000	0.164393
14.730000	0.000000	0.163273
14.740000	0.000000	0.162153
14.750000	0.000000	0.161033
14.760000	0.000000	0.159914
14.770000	0.000000	0.158796
14.780000	0.000000	0.157680
14.790000	0.000000	0.156564
14.800000	0.000000	0.155449
14.810000	0.000000	0.154337
14.820000	0.000000	0.153227
14.830000	0.000000	0.152116
14.840000	0.000000	0.151005
14.850000	0.000000	0.149895
14.860000	0.000000	0.148791
14.870000	0.000000	0.147793
14.880000	0.000000	0.146918
14.890000	0.000000	0.146071
14.900000	0.000000	0.145228
14.910000	0.000000	0.144391
14.920000	0.000000	0.143556
14.930000	0.000000	0.142758
14.940000	0.000000	0.141992
14.950000	0.000000	0.141236
14.960000	0.000000	0.140481
14.970000	0.000000	0.139725
14.980000	0.000000	0.138970
14.990000	0.000000	0.138215
15.000000	0.000000	0.137459
15.010000	0.000000	0.136704
15.020000	0.000000	0.135948
15.030000	0.000000	0.135193
15.040000	0.000000	0.134400
15.050000	0.000000	0.133631
15.060000	0.000000	0.132876
15.070000	0.000000	0.132121
15.080000	0.000000	0.131365
15.090000	0.000000	0.130610
15.100000	0.000000	0.129855
15.110000	0.000000	0.129099
15.120000	0.000000	0.128344
15.130000	0.000000	0.127589
15.140000	0.000000	0.126833
15.150000	0.000000	0.126078
15.160000	0.000000	0.125323
15.170000	0.000000	0.124567
15.180000	0.000000	0.123813
15.190000	0.000000	0.123061
15.200000	0.000000	0.122309
15.210000	0.000000	0.121510
15.220000	0.000000	0.120756
15.230000	0.000000	0.120004
15.240000	0.000000	0.119253
15.250000	0.000000	0.118502
15.260000	0.000000	0.117751
15.270000	0.000000	0.116999
15.280000	0.000000	0.116248
15.290000	0.000000	0.115497
15.300000	0.000000	0.114746
15.310000	0.000000	0.113995
15.320000	0.000000	0.113245
15.330000	0.000000	0.112496
15.340000	0.000000	0.111746
15.350000	0.000000	0.110998
15.360000	0.000000	0.110251
15.370000	0.000000	0.109496
15.380000	0.000000	0.108707
15.390000	0.000000	0.107960
15.400000	0.000000	0.107214
15.410000	0.000000	0.106468
15.420000	0.000000	0.105722
15.430000	0.000000	0.104979
15.440000	0.000000	0.104236
15.450000	0.000000	0.103494
15.460000	0.000000	0.102751
15.470000	0.000000	0.102008
15.480000	0.000000	0.101267
15.490000	0.000000	0.100525
15.500000	0.000000	0.099785
15.510000	0.000000	0.099068
15.520000	0.000000	0.098453
15.530000	0.000000	0.097894
15.540000	0.000000	0.097324
15.550000	0.000000	0.096783
15.560000	0.000000	0.096275
15.570000	0.000000	0.095768
15.580000	0.000000	0.095263
15.590000	0.000000	0.094758
15.600000	0.000000	0.094252
15.610000	0.000000	0.093747
15.620000	0.000000	0.093242
15.630000	0.000000	0.092736
15.640000	0.000000	0.092231
15.650000	0.000000	0.091726
15.660000	0.000000	0.091220
15.670000	0.000000	0.090715
15.680000	0.000000	0.090210
15.690000	0.000000	0.089705
15.700000	0.000000	0.089199
15.710000	0.000000	0.088674
15.720000	0.000000	0.088155
15.730000	0.000000	0.087649
15.740000	0.000000	0.087144
15.750000	0.000000	0.086639
15.760000	0.000000	0.086134
15.770000	0.000000	0.085628
15.780000	0.000000	0.085123
15.790000	0.000000	0.084618
15.800000	0.000000	0.084113
15.810000	0.000000	0.083608
15.820000	0.000000	0.083103
15.830000	0.000000	0.082597
15.840000	0.000000	0.082093
15.850000	0.000000	0.081590
15.860000	0.000000	0.081087
15.870000	0.000000	0.080585
15.880000	0.000000	0.080055
15.890000	0.000000	0.079546
15.900000	0.000000	0.079043
15.910000	0.000000	0.078541
15.920000	0.000000	0.078040
15.930000	0.000000	0.077538
15.940000	0.000000	0.077037
15.950000	0.000000	0.076537
15.960000	0.000000	0.076036
15.970000	0.000000	0.075536
15.980000	0.000000	0.075037
15.990000	0.000000	0.074537
16.000000	0.000000	0.074038
16.010000	0.000000	0.073538
16.020000	0.000000	0.073039
16.030000	0.000000	0.072539
16.040000	0.000000	0.072040
16.050000	0.000000	0.071509
16.060000	0.000000	0.071012
16.070000	0.000000	0.070515
16.080000	0.000000	0.070018
16.090000	0.000000	0.069521
16.100000	0.000000	0.069025
16.110000	0.000000	0.068529
16.120000	0.000000	0.068033
16.130000	0.000000	0.067537
16.140000	0.000000	0.067043
16.150000	0.000000	0.066552
16.160000	0.000000	0.066088
16.170000	0.000000	0.065697
16.180000	0.000000	0.065358
16.190000	0.000000	0.065018
16.200000	0.000000	0.064679
16.210000	0.000000	0.064336
16.220000	0.000000	0.063980
16.230000	0.000000	0.063642
16.240000	0.000000	0.063304
16.250000	0.000000	0.062966
16.260000	0.000000	0.062628
16.270000	0.000000	0.062290
16.280000	0.000000	0.061952
16.290000	0.000000	0.061614
16.300000	0.000000	0.061277
16.310000	0.000000	0.060939
16.320000	0.000000	0.060601
16.330000	0.000000	0.060263
16.340000	0.000000	0.059925
16.350000	0.000000	0.059587
16.360000	0.000000	0.059250
16.370000	0.000000	0.058912
16.380000	0.000000	0.058564
16.390000	0.000000	0.058213
16.400000	0.000000	0.057875
16.410000	0.000000	0.057538
16.420000	0.000000	0.057200
16.430000	0.000000	0.056862
16.440000	0.000000	0.056524
16.450000	0.000000	0.056186
16.460000	0.000000	0.055849
16.470000	0.000000	0.055511
16.480000	0.000000	0.055173
16.490000	0.000000	0.054835
16.500000	0.000000	0.054498
16.510000	0.000000	0.054162
16.520000	0.000000	0.053827
16.530000	0.000000	0.053491
16.540000	0.000000	0.053156
16.550000	0.000000	0.052808
16.560000	0.000000	0.052465
16.570000	0.000000	0.052130
16.580000	0.000000	0.051796
16.590000	0.000000	0.051462
16.600000	0.000000	0.051127
16.610000	0.000000	0.050793
16.620000	0.000000	0.050459
16.630000	0.000000	0.050125
16.640000	0.000000	0.049791
16.650000	0.000000	0.049457
16.660000	0.000000	0.049123
16.670000	0.000000	0.048789
16.680000	0.000000	0.048456
16.690000	0.000000	0.048124
16.700000	0.000000	0.047792
16.710000	0.000000	0.047459
16.720000	0.000000	0.047109
16.730000	0.000000	0.046773
16.740000	0.000000	0.046442
16.750000	0.000000	0.046110
16.760000	0.000000	0.045779
16.770000	0.000000	0.045450
16.780000	0.000000	0.045128
16.790000	0.000000	0.044818
16.800000	0.000000	0.044513
16.810000	0.000000	0.044216
16.820000	0.000000	0.043952
16.830000	0.000000	0.043722
16.840000	0.000000	0.043495
16.850000	0.000000	0.043268
16.860000	0.000000	0.043042
16.870000	0.000000	0.042816
16.880000	0.000000	0.042589
16.890000	0.000000	0.042349
16.900000	0.000000	0.042123
16.910000	0.000000	0.041897
16.920000	0.000000	0.041671
16.930000	0.000000	0.041445
16.940000	0.000000	0.041219
16.950000	0.000000	0.040993
16.960000	0.000000	0.040767
16.970000	0.000000	0.040541
16.980000	0.000000	0.040315
16.990000	0.000000	0.040089
17.000000	0.000000	0.039863
17.010000	0.000000	0.039637
17.020000	0.000000	0.039411
17.030000	0.000000	0.039185
17.040000	0.000000	0.038959
17.050000	0.000000	0.038729
17.060000	0.000000	0.038491
17.070000	0.000000	0.038265
17.080000	0.000000	0.038039
17.090000	0.000000	0.037813
17.100000	0.000000	0.037587
17.110000	0.000000	0.037362
17.120000	0.000000	0.037136
17.130000	0.000000	0.036910
17.140000	0.000000	0.036685
17.150000	0.000000	0.036460
17.160000	0.000000	0.036236
17.170000	0.000000	0.036011
17.180000	0.000000	0.035788
17.190000	0.000000	0.035564
17.200000	0.000000	0.035340
17.210000	0.000000	0.035116
17.220000	0.000000	0.034885
17.230000	0.000000	0.034654
17.240000	0.000000	0.034430
17.250000	0.000000	0.034206
17.260000	0.000000	0.033983
17.270000	0.000000	0.033759
17.280000	0.000000	0.033536
17.290000	0.000000	0.033312
17.300000	0.000000	0.033089
17.310000	0.000000	0.032866
17.320000	0.000000	0.032644
17.330000	0.000000	0.032422
17.340000	0.000000	0.032200
17.350000	0.000000	0.031977
17.360000	0.000000	0.031756
17.370000	0.000000	0.031534
17.380000	0.000000	0.031312
17.390000	0.000000	0.031080
17.400000	0.000000	0.030856
17.410000	0.000000	0.030649
17.420000	0.000000	0.030444
17.430000	0.000000	0.030240
17.440000	0.000000	0.030036
17.450000	0.000000	0.029832
17.460000	0.000000	0.029628
17.470000	0.000000	0.029437
17.480000	0.000000	0.029272
17.490000	0.000000	0.029120
17.500000	0.000000	0.028969
17.510000	0.000000	0.028817
17.520000	0.000000	0.028666
17.530000	0.000000	0.028515
17.540000	0.000000	0.028364
17.550000	0.000000	0.028213
17.560000	0.000000	0.028052
17.570000	0.000000	0.027900
17.580000	0.000000	0.027749
17.590000	0.000000	0.027598
17.600000	0.000000	0.027447
17.610000	0.000000	0.027295
17.620000	0.000000	0.027144
17.630000	0.000000	0.026993
17.640000	0.000000	0.026842
17.650000	0.000000	0.026691
17.660000	0.000000	0.026539
17.670000	0.000000	0.026388
17.680000	0.000000	0.026237
17.690000	0.000000	0.026086
17.700000	0.000000	0.025935
17.710000	0.000000	0.025784
17.720000	0.000000	0.025632
17.730000	0.000000	0.025472
17.740000	0.000000	0.025321
17.750000	0.000000	0.025171
17.760000	0.000000	0.025020
17.770000	0.000000	0.024870
17.780000	0.000000	0.024719
17.790000	0.000000	0.024569
17.800000	0.000000	0.024418
17.810000	0.000000	0.024268
17.820000	0.000000	0.024118
17.830000	0.000000	0.023967
17.840000	0.000000	0.023817
17.850000	0.000000	0.023668
17.860000	0.000000	0.023518
17.870000	0.000000	0.023368
17.880000	0.000000	0.023219
17.890000	0.000000	0.023066
17.900000	0.000000	0.022909
17.910000	0.000000	0.022760
17.920000	0.000000	0.022610
17.930000	0.000000	0.022461
17.940000	0.000000	0.022312
17.950000	0.000000	0.022163
17.960000	0.000000	0.022014
17.970000	0.000000	0.021866
17.980000	0.000000	0.021717
17.990000	0.000000	0.021569
18.000000	0.000000	0.021420
18.010000	0.000000	0.021272
18.020000	0.000000	0.021125
18.030000	0.000000	0.020982
18.040000	0.000000	0.020845
18.050000	0.000000	0.020708
18.060000	0.000000	0.020567
18.070000	0.000000	0.020426
18.080000	0.000000	0.020289
18.090000	0.000000	0.020153
18.100000	0.000000	0.020016
18.110000	0.000000	0.019880
18.120000	0.000000	0.019744
18.130000	0.000000	0.019624
18.140000	0.000000	0.019519
18.150000	0.000000	0.019418
18.160000	0.000000	0.019316
18.170000	0.000000	0.019215
18.180000	0.000000	0.019114
18.190000	0.000000	0.019013
18.200000	0.000000	0.018912
18.210000	0.000000	0.018811
18.220000	0.000000	0.018709
18.230000	0.000000	0.018603
18.240000	0.000000	0.018500
18.250000	0.000000	0.018399
18.260000	0.000000	0.018298
18.270000	0.000000	0.018197
18.280000	0.000000	0.018096
18.290000	0.000000	0.017995
18.300000	0.000000	0.017894
18.310000	0.000000	0.017792
18.320000	0.000000	0.017691
18.330000	0.000000	0.017590
18.340000	0.000000	0.017490
18.350000	0.000000	0.017389
18.360000	0.000000	0.017288
18.370000	0.000000	0.017187
18.380000	0.000000	0.017087
18.390000	0.000000	0.016986
18.400000	0.000000	0.016879
18.410000	0.000000	0.016778
18.420000	0.000000	0.016677
18.430000	0.000000	0.016577
18.440000	0.000000	0.016476
18.450000	0.000000	0.016375
18.460000	0.000000	0.016275
18.470000	0.000000	0.016174
18.480000	0.000000	0.016074
18.490000	0.000000	0.015973
18.500000	0.000000	0.015873
18.510000	0.000000	0.015772
18.520000	0.000000	0.015672
18.530000	0.000000	0.015572
18.540000	0.000000	0.015472
18.550000	0.000000	0.015372
18.560000	0.000000	0.015271
18.570000	0.000000	0.015165
18.580000	0.000000	0.015065
18.590000	0.000000	0.014966
18.600000	0.000000	0.014867
18.610000	0.000000	0.014767
18.620000	0.000000	0.014668
18.630000	0.000000	0.014569
18.640000	0.000000	0.014469
18.650000	0.000000	0.014372
18.660000	0.000000	0.014278
18.670000	0.000000	0.014186
18.680000	0.000000	0.014095
18.690000	0.000000	0.014003
18.700000	0.000000	0.013912
18.710000	0.000000	0.013821
18.720000	0.000000	0.013729
18.730000	0.000000	0.013636
18.740000	0.000000	0.013540
18.750000	0.000000	0.013449
18.760000	0.000000	0.013358
18.770000	0.000000	0.013266
18.780000	0.000000	0.013175
18.790000	0.000000	0.013096
18.800000	0.000000	0.013026
18.810000	0.000000	0.012959
18.820000	0.000000	0.012891
18.830000	0.000000	0.012823
18.840000	0.000000	0.012756
18.850000	0.000000	0.012688
18.860000	0.000000	0.012620
18.870000	0.000000	0.012552
18.880000	0.000000	0.012485
18.890000	0.000000	0.012417
18.900000	0.000000	0.012347
18.910000	0.000000	0.012277
18.920000	0.000000	0.012210
18.930000	0.000000	0.012142
18.940000	0.000000	0.012074
18.950000	0.000000	0.012007
18.960000	0.000000	0.011940
18.970000	0.000000	0.011872
18.980000	0.000000	0.011805
18.990000	0.000000	0.011738
19.000000	0.000000	0.011670
19.010000	0.000000	0.011603
19.020000	0.000000	0.011536
19.030000	0.000000	0.011468
19.040000	0.000000	0.011401
19.050000	0.000000	0.011333
19.060000	0.000000	0.011266
19.070000	0.000000	0.011195
19.080000	0.000000	0.011127
19.090000	0.000000	0.011060
19.100000	0.000000	0.010992
19.110000	0.000000	0.010925
19.120000	0.000000	0.010858
19.130000	0.000000	0.010790
19.140000	0.000000	0.010723
19.150000	0.000000	0.010656
19.160000	0.000000	0.010588
19.170000	0.000000	0.010521
19.180000	0.000000	0.010454
19.190000	0.000000	0.010387
19.200000	0.000000	0.010320
19.210000	0.000000	0.010253
19.220000	0.000000	0.010186
19.230000	0.000000	0.010120
19.240000	0.000000	0.010049
19.250000	0.000000	0.009982
19.260000	0.000000	0.009916
19.270000	0.000000	0.009849
19.280000	0.000000	0.009785
19.290000	0.000000	0.009723
19.300000	0.000000	0.009661
19.310000	0.000000	0.009600
19.320000	0.000000	0.009539
19.330000	0.000000	0.009478
19.340000	0.000000	0.009417
19.350000	0.000000	0.009356
19.360000	0.000000	0.009294
19.370000	0.000000	0.009233
19.380000	0.000000	0.009172
19.390000	0.000000	0.009111
19.400000	0.000000	0.009049
19.410000	0.000000	0.008985
19.420000	0.000000	0.008924
19.430000	0.000000	0.008862
19.440000	0.000000	0.008802
19.450000	0.000000	0.008749
19.460000	0.000000	0.008702
19.470000	0.000000	0.008657
19.480000	0.000000	0.008611
19.490000	0.000000	0.008566
19.500000	0.000000	0.008521
19.510000	0.000000	0.008475
19.520000	0.000000	0.008430
19.530000	0.000000	0.008385
19.540000	0.000000	0.008340
19.550000	0.000000	0.008295
19.560000	0.000000	0.008249
19.570000	0.000000	0.008203
19.580000	0.000000	0.008156
19.590000	0.000000	0.008111
19.600000	0.000000	0.008066
19.610000	0.000000	0.008021
19.620000	0.000000	0.007976
19.630000	0.000000	0.007931
19.640000	0.000000	0.007886
19.650000	0.000000	0.007841
19.660000	0.000000	0.007796
19.670000	0.000000	0.007751
19.680000	0.000000	0.007706
19.690000	0.000000	0.007661
19.700000	0.000000	0.007616
19.710000	0.000000	0.007570
19.720000	0.000000	0.007525
19.730000	0.000000	0.007480
19.740000	0.000000	0.007433
19.750000	0.000000	0.007387
19.760000	0.000000	0.007342
19.770000	0.000000	0.007297
19.780000	0.000000	0.007252
19.790000	0.000000	0.007207
19.800000	0.000000	0.007162
19.810000	0.000000	0.007117
19.820000	0.000000	0.007072
19.830000	0.000000	0.007027
19.840000	0.000000	0.006982
19.850000	0.000000	0.006937
19.860000	0.000000	0.006893
19.870000	0.000000	0.006848
19.880000	0.000000	0.006803
19.890000	0.000000	0.006759
19.900000	0.000000	0.006715
19.910000	0.000000	0.006669
19.920000	0.000000	0.006627
19.930000	0.000000	0.006586
19.940000	0.000000	0.006545
19.950000	0.000000	0.006504
19.960000	0.000000	0.006463
19.970000	0.000000	0.006422
19.980000	0.000000	0.006381
19.990000	0.000000	0.006340
20.000000	0.000000	0.006300
20.010000	0.000000	0.006259
20.020000	0.000000	0.006218
20.030000	0.000000	0.006177
20.040000	0.000000	0.006136
20.050000	0.000000	0.006095
20.060000	0.000000	0.006054
20.070000	0.000000	0.006013
20.080000	0.000000	0.005970
20.090000	0.000000	0.005929
20.100000	0.000000	0.005888
20.110000	0.000000	0.005851
20.120000	0.000000	0.005819
20.130000	0.000000	0.005789
20.140000	0.000000	0.005758
20.150000	0.000000	0.005728
20.160000	0.000000	0.005698
20.170000	0.000000	0.005667
20.180000	0.000000	0.005637
20.190000	0.000000	0.005607
20.200000	0.000000	0.005577
20.210000	0.000000	0.005547
20.220000	0.000000	0.005517
20.230000	0.000000	0.005486
20.240000	0.000000	0.005456
20.250000	0.000000	0.005424
20.260000	0.000000	0.005394
20.270000	0.000000	0.005364
20.280000	0.000000	0.005333
20.290000	0.000000	0.005303
20.300000	0.000000	0.005273
20.310000	0.000000	0.005243
20.320000	0.000000	0.005213
20.330000	0.000000	0.005183
20.340000	0.000000	0.005152
20.350000	0.000000	0.005122
20.360000	0.000000	0.005092
20.370000	0.000000	0.005062
20.380000	0.000000	0.005032
20.390000	0.000000	0.005002
20.400000	0.000000	0.004971
20.410000	0.000000	0.004940
20.420000	0.000000	0.004909
20.430000	0.000000	0.004879
20.440000	0.000000	0.004849
20.450000	0.000000	0.004819
20.460000	0.000000	0.004789
20.470000	0.000000	0.004758
20.480000	0.000000	0.004728
20.490000	0.000000	0.004698
20.500000	0.000000	0.004668
20.510000	0.000000	0.004638
20.520000	0.000000	0.004608
20.530000	0.000000	0.004579
20.540000	0.000000	0.004550
20.550000	0.000000	0.004522
20.560000	0.000000	0.004494
20.570000	0.000000	0.004467
20.580000	0.000000	0.004438
20.590000	0.000000	0.004410
20.600000	0.000000	0.004382
20.610000	0.000000	0.004355
20.620000	0.000000	0.004327
20.630000	0.000000	0.004300
20.640000	0.000000	0.004273
20.650000	0.000000	0.004245
20.660000	0.000000	0.004218
20.670000	0.000000	0.004190
20.680000	0.000000	0.004163
20.690000	0.000000	0.004136
20.700000	0.000000	0.004108
20.710000	0.000000	0.004081
20.720000	0.000000	0.004054
20.730000	0.000000	0.004026
20.740000	0.000000	0.003999
20.750000	0.000000	0.003970
20.760000	0.000000	0.003942
20.770000	0.000000	0.003916
20.780000	0.000000	0.003894
20.790000	0.000000	0.003873
20.800000	0.000000	0.003853
20.810000	0.000000	0.003833
20.820000	0.000000	0.003813
20.830000	0.000000	0.003792
20.840000	0.000000	0.003772
20.850000	0.000000	0.003752
20.860000	0.000000	0.003732
20.870000	0.000000	0.003712
20.880000	0.000000	0.003692
20.890000	0.000000	0.003671
20.900000	0.000000	0.003651
20.910000	0.000000	0.003631
20.920000	0.000000	0.003609
20.930000	0.000000	0.003589
20.940000	0.000000	0.003569
20.950000	0.000000	0.003549
20.960000	0.000000	0.003529
20.970000	0.000000	0.003508
20.980000	0.000000	0.003488
20.990000	0.000000	0.003468
21.000000	0.000000	0.003448
21.010000	0.000000	0.003428
21.020000	0.000000	0.003408
21.030000	0.000000	0.003387
21.040000	0.000000	0.003367
21.050000	0.000000	0.003347
21.060000	0.000000	0.003327
21.070000	0.000000	0.003307
21.080000	0.000000	0.003286
21.090000	0.000000	0.003265
21.100000	0.000000	0.003245
21.110000	0.000000	0.003225
21.120000	0.000000	0.003204
21.130000	0.000000	0.003184
21.140000	0.000000	0.003164
21.150000	0.000000	0.003144
21.160000	0.000000	0.003124
21.170000	0.000000	0.003104
21.180000	0.000000	0.003086
21.190000	0.000000	0.003067
21.200000	0.000000	0.003049
21.210000	0.000000	0.003030
21.220000	0.000000	0.003012
21.230000	0.000000	0.002993
21.240000	0.000000	0.002975
21.250000	0.000000	0.002956
21.260000	0.000000	0.002937
21.270000	0.000000	0.002919
21.280000	0.000000	0.002900
21.290000	0.000000	0.002882
21.300000	0.000000	0.002864
21.310000	0.000000	0.002845
21.320000	0.000000	0.002827
21.330000	0.000000	0.002809
21.340000	0.000000	0.002790
21.350000	0.000000	0.002772
21.360000	0.000000	0.002754
21.370000	0.000000	0.002735
21.380000	0.000000	0.002717
21.390000	0.000000	0.002699
21.400000	0.000000	0.002681
21.410000	0.000000	0.002662
21.420000	0.000000	0.002643
21.430000	0.000000	0.002625
21.440000	0.000000	0.002608
21.450000	0.000000	0.002594
21.460000	0.000000	0.002581
21.470000	0.000000	0.002567
21.480000	0.000000	0.002554
21.490000	0.000000	0.002540
21.500000	0.000000	0.002527
21.510000	0.000000	0.002513
21.520000	0.000000	0.002500
21.530000	0.000000	0.002486
21.540000	0.000000	0.002473
21.550000	0.000000	0.002459
21.560000	0.000000	0.002446
21.570000	0.000000	0.002432
21.580000	0.000000	0.002419
21.590000	0.000000	0.002404
21.600000	0.000000	0.002391
21.610000	0.000000	0.002377
21.620000	0.000000	0.002364
21.630000	0.000000	0.002350
21.640000	0.000000	0.002337
21.650000	0.000000	0.002323
21.660000	0.000000	0.002310
21.670000	0.000000	0.002296
21.680000	0.000000	0.002283
21.690000	0.000000	0.002269
21.700000	0.000000	0.002256
21.710000	0.000000	0.002242
21.720000	0.000000	0.002229
21.730000	0.000000	0.002215
21.740000	0.000000	0.002202
21.750000	0.000000	0.002188
21.760000	0.000000	0.002174
21.770000	0.000000	0.002160
21.780000	0.000000	0.002147
21.790000	0.000000	0.002133
21.800000	0.000000	0.002120
21.810000	0.000000	0.002107
21.820000	0.000000	0.002095
21.830000	0.000000	0.002082
21.840000	0.000000	0.002070
21.850000	0.000000	0.002058
21.860000	0.000000	0.002045
21.870000	0.000000	0.002033
21.880000	0.000000	0.002020
21.890000	0.000000	0.002008
21.900000	0.000000	0.001996
21.910000	0.000000	0.001984
21.920000	0.000000	0.001971
21.930000	0.000000	0.001958
21.940000	0.000000	0.001946
21.950000	0.000000	0.001934
21.960000	0.000000	0.001922
21.970000	0.000000	0.001909
21.980000	0.000000	0.001897
21.990000	0.000000	0.001885
22.000000	0.000000	0.001872
22.010000	0.000000	0.001860
22.020000	0.000000	0.001848
22.030000	0.000000	0.001836
22.040000	0.000000	0.001824
22.050000	0.000000	0.001811
22.060000	0.000000	0.001799
22.070000	0.000000	0.001787
22.080000	0.000000	0.001775
22.090000	0.000000	0.001762
22.100000	0.000000	0.001750
22.110000	0.000000	0.001739
22.120000	0.000000	0.001730
22.130000	0.000000	0.001721
22.140000	0.000000	0.001712
22.150000	0.000000	0.001703
22.160000	0.000000	0.001694
22.170000	0.000000	0.001685
22.180000	0.000000	0.001675
22.190000	0.000000	0.001666
22.200000	0.000000	0.001657
22.210000	0.000000	0.001648
22.220000	0.000000	0.001639
22.230000	0.000000	0.001630
22.240000	0.000000	0.001621
22.250000	0.000000	0.001612
22.260000	0.000000	0.001603
22.270000	0.000000	0.001593
22.280000	0.000000	0.001584
22.290000	0.000000	0.001575
22.300000	0.000000	0.001566
22.310000	0.000000	0.001557
22.320000	0.000000	0.001548
22.330000	0.000000	0.001539
22.340000	0.000000	0.001530
22.350000	0.000000	0.001521
22.360000	0.000000	0.001512
22.370000	0.000000	0.001503
22.380000	0.000000	0.001494
22.390000	0.000000	0.001485
22.400000	0.000000	0.001476
22.410000	0.000000	0.001467
22.420000	0.000000	0.001458
22.430000	0.000000	0.001448
22.440000	0.000000	0.001440
22.450000	0.000000	0.001431
22.460000	0.000000	0.001423
22.470000	0.000000	0.001415
22.480000	0.000000	0.001406
22.490000	0.000000	0.001398
22.500000	0.000000	0.001390
22.510000	0.000000	0.001381
22.520000	0.000000	0.001373
22.530000	0.000000	0.001365
22.540000	0.000000	0.001356
22.550000	0.000000	0.001348
22.560000	0.000000	0.001340
22.570000	0.000000	0.001332
22.580000	0.000000	0.001324
22.590000	0.000000	0.001315
22.600000	0.000000	0.001307
22.610000	0.000000	0.001298
22.620000	0.000000	0.001290
22.630000	0.000000	0.001282
22.640000	0.000000	0.001274
22.650000	0.000000	0.001266
22.660000	0.000000	0.001258
22.670000	0.000000	0.001249
22.680000	0.000000	0.001241
22.690000	0.000000	0.001233
22.700000	0.000000	0.001225
22.710000	0.000000	0.001217
22.720000	0.000000	0.001208
22.730000	0.000000	0.001200
22.740000	0.000000	0.001192
22.750000	0.000000	0.001184
22.760000	0.000000	0.001176
22.770000	0.000000	0.001167
22.780000	0.000000	0.001160
22.790000	0.000000	0.001154
22.800000	0.000000	0.001148
22.810000	0.000000	0.001142
22.820000	0.000000	0.001136
22.830000	0.000000	0.001130
22.840000	0.000000	0.001124
22.850000	0.000000	0.001118
22.860000	0.000000	0.001112
22.870000	0.000000	0.001106
22.880000	0.000000	0.001100
22.890000	0.000000	0.001094
22.900000	0.000000	0.001088
22.910000	0.000000	0.001082
22.920000	0.000000	0.001075
22.930000	0.000000	0.001069
22.940000	0.000000	0.001063
22.950000	0.000000	0.001057
22.960000	0.000000	0.001051
22.970000	0.000000	0.001045
22.980000	0.000000	0.001039
22.990000	0.000000	0.001033
23.000000	0.000000	0.001027
23.010000	0.000000	0.001021
23.020000	0.000000	0.001015
23.030000	0.000000	0.001009
23.040000	0.000000	0.001003
23.050000	0.000000	0.000996
23.060000	0.000000	0.000990
23.070000	0.000000	0.000985
23.080000	0.000000	0.000979
23.090000	0.000000	0.000973
23.100000	0.000000	0.000967
23.110000	0.000000	0.000962
23.120000	0.000000	0.000956
23.130000	0.000000	0.000950
23.140000	0.000000	0.000945
23.150000	0.000000	0.000939
23.160000	0.000000	0.000934
23.170000	0.000000	0.000928
23.180000	0.000000	0.000923
23.190000	0.000000	0.000917
23.200000	0.000000	0.000912
23.210000	0.000000	0.000906
23.220000	0.000000	0.000901
23.230000	0.000000	0.000895
23.240000	0.000000	0.000890
23.250000	0.000000	0.000884
23.260000	0.000000	0.000879
23.270000	0.000000	0.000873
23.280000	0.000000	0.000867
23.290000	0.000000	0.000862
23.300000	0.000000	0.000856
23.310000	0.000000	0.000851
23.320000	0.000000	0.000845
23.330000	0.000000	0.000840
23.340000	0.000000	0.000834
23.350000	0.000000	0.000829
23.360000	0.000000	0.000823
23.370000	0.000000	0.000818
23.380000	0.000000	0.000813
23.390000	0.000000	0.000807
23.400000	0.000000	0.000802
23.410000	0.000000	0.000796
23.420000	0.000000	0.000791
23.430000	0.000000	0.000785
23.440000	0.000000	0.000779
23.450000	0.000000	0.000775
23.460000	0.000000	0.000771
23.470000	0.000000	0.000767
23.480000	0.000000	0.000763
23.490000	0.000000	0.000759
23.500000	0.000000	0.000755
23.510000	0.000000	0.000750
23.520000	0.000000	0.000746
23.530000	0.000000	0.000742
23.540000	0.000000	0.000738
23.550000	0.000000	0.000734
23.560000	0.000000	0.000730
23.570000	0.000000	0.000726
23.580000	0.000000	0.000722
23.590000	0.000000	0.000718
23.600000	0.000000	0.000714
23.610000	0.000000	0.000710
23.620000	0.000000	0.000706
23.630000	0.000000	0.000702
23.640000	0.000000	0.000698
23.650000	0.000000	0.000694
23.660000	0.000000	0.000689
23.670000	0.000000	0.000685
23.680000	0.000000	0.000681
23.690000	0.000000	0.000677
23.700000	0.000000	0.000673
23.710000	0.000000	0.000669
23.720000	0.000000	0.000666
23.730000	0.000000	0.000662
23.740000	0.000000	0.000658
23.750000	0.000000	0.000654
23.760000	0.000000	0.000651
23.770000	0.000000	0.000647
23.780000	0.000000	0.000643
23.790000	0.000000	0.000639
23.800000	0.000000	0.000635
23.810000	0.000000	0.000632
23.820000	0.000000	0.000628
23.830000	0.000000	0.000624
23.840000	0.000000	0.000620
23.850000	0.000000	0.000617
23.860000	0.000000	0.000613
23.870000	0.000000	0.000609
23.880000	0.000000	0.000606
23.890000	0.000000	0.000602
23.900000	0.000000	0.000598
23.910000	0.000000	0.000595
23.920000	0.000000	0.000591
23.930000	0.000000	0.000587
23.940000	0.000000	0.000583
23.950000	0.000000	0.000580
23.960000	0.000000	0.000576
23.970000	0.000000	0.000572
23.980000	0.000000	0.000569
23.990000	0.000000	0.000565
24.000000	0.000000	0.000561
24.010000	0.000000	0.000558
24.020000	0.000000	0.000554
24.030000	0.000000	0.000550
24.040000	0.000000	0.000547
24.050000	0.000000	0.000543
24.060000	0.000000	0.000539
24.070000	0.000000	0.000536
24.080000	0.000000	0.000532
24.090000	0.000000	0.000528
24.100000	0.000000	0.000525
24.110000	0.000000	0.000521
24.120000	0.000000	0.000518
24.130000	0.000000	0.000515
24.140000	0.000000	0.000512
24.150000	0.000000	0.000509
24.160000	0.000000	0.000507
24.170000	0.000000	0.000504
24.180000	0.000000	0.000501
24.190000	0.000000	0.000499
24.200000	0.000000	0.000496
24.210000	0.000000	0.000493
24.220000	0.000000	0.000490
24.230000	0.000000	0.000488
24.240000	0.000000	0.000485
24.250000	0.000000	0.000482
24.260000	0.000000	0.000480
24.270000	0.000000	0.000477
24.280000	0.000000	0.000474
24.290000	0.000000	0.000471
24.300000	0.000000	0.000469
24.310000	0.000000	0.000466
24.320000	0.000000	0.000463
24.330000	0.000000	0.000460
24.340000	0.000000	0.000458
24.350000	0.000000	0.000455
24.360000	0.000000	0.000453
24.370000	0.000000	0.000450
24.380000	0.000000	0.000448
24.390000	0.000000	0.000445
24.400000	0.000000	0.000443
24.410000	0.000000	0.000440
24.420000	0.000000	0.000437
24.430000	0.000000	0.000435
24.440000	0.000000	0.000432
24.450000	0.000000	0.000430
24.460000	0.000000	0.000427
24.470000	0.000000	0.000425
24.480000	0.000000	0.000422
24.490000	0.000000	0.000420
24.500000	0.000000	0.000417
24.510000	0.000000	0.000415
24.520000	0.000000	0.000412
24.530000	0.000000	0.000410
24.540000	0.000000	0.000407
24.550000	0.000000	0.000405
24.560000	0.000000	0.000403
24.570000	0.000000	0.000400
24.580000	0.000000	0.000398
24.590000	0.000000	0.000395
24.600000	0.000000	0.000393
24.610000	0.000000	0.000390
24.620000	0.000000	0.000388
24.630000	0.000000	0.000385
24.640000	0.000000	0.000383
24.650000	0.000000	0.000380
24.660000	0.000000	0.000378
24.670000	0.000000	0.000375
24.680000	0.000000	0.000373
24.690000	0.000000	0.000370
24.700000	0.000000	0.000368
24.710000	0.000000	0.000366
24.720000	0.000000	0.000363
24.730000	0.000000	0.000361
24.740000	0.000000	0.000358
24.750000	0.000000	0.000356
24.760000	0.000000	0.000353
24.770000	0.000000	0.000351
24.780000	0.000000	0.000348
24.790000	0.000000	0.000346
24.800000	0.000000	0.000344
24.810000	0.000000	0.000342
24.820000	0.000000	0.000340
24.830000	0.000000	0.000339
24.840000	0.000000	0.000337
24.850000	0.000000	0.000335
24.860000	0.000000	0.000333
24.870000	0.000000	0.000331
24.880000	0.000000	0.000330
24.890000	0.000000	0.000328
24.900000	0.000000	0.000326
24.910000	0.000000	0.000324
24.920000	0.000000	0.000322
24.930000	0.000000	0.000320
24.940000	0.000000	0.000319
24.950000	0.000000	0.000317
24.960000	0.000000	0.000315
24.970000	0.000000	0.000313
24.980000	0.000000	0.000311
24.990000	0.000000	0.000310
25.000000	0.000000	0.000308
25.010000	0.000000	0.000306
25.020000	0.000000	0.000305
25.030000	0.000000	0.000303
25.040000	0.000000	0.000301
25.050000	0.000000	0.000299
25.060000	0.000000	0.000298
25.070000	0.000000	0.000296
25.080000	0.000000	0.000294
25.090000	0.000000	0.000293
25.100000	0.000000	0.000291
25.110000	0.000000	0.000289
25.120000	0.000000	0.000288
25.130000	0.000000	0.000286
25.140000	0.000000	0.000284
25.150000	0.000000	0.000283
25.160000	0.000000	0.000281
25.170000	0.000000	0.000279
25.180000	0.000000	0.000278
25.190000	0.000000	0.000276
25.200000	0.000000	0.000274
25.210000	0.000000	0.000273
25.220000	0.000000	0.000271
25.230000	0.000000	0.000269
25.240000	0.000000	0.000268
25.250000	0.000000	0.000266
25.260000	0.000000	0.000264
25.270000	0.000000	0.000263
25.280000	0.000000	0.000261
25.290000	0.000000	0.000259
25.300000	0.000000	0.000258
25.310000	0.000000	0.000256
25.320000	0.000000	0.000254
25.330000	0.000000	0.000253
25.340000	0.000000	0.000251
25.350000	0.000000	0.000250
25.360000	0.000000	0.000248
25.370000	0.000000	0.000246
25.380000	0.000000	0.000245
25.390000	0.000000	0.000243
25.400000	0.000000	0.000241
25.410000	0.000000	0.000240
25.420000	0.000000	0.000238
25.430000	0.000000	0.000236
25.440000	0.000000	0.000235
25.450000	0.000000	0.000233
25.460000	0.000000	0.000231
25.470000	0.000000	0.000230
25.480000	0.000000	0.000229
25.490000	0.000000	0.000228
25.500000	0.000000	0.000226
25.510000	0.000000	0.000225
25.520000	0.000000	0.000224
25.530000	0.000000	0.000223
25.540000	0.000000	0.000222
25.550000	0.000000	0.000220
25.560000	0.000000	0.000219
25.570000	0.000000	0.000218
25.580000	0.000000	0.000217
25.590000	0.000000	0.000215
25.600000	0.000000	0.000214
25.610000	0.000000	0.000213
25.620000	0.000000	0.000212
25.630000	0.000000	0.000211
25.640000	0.000000	0.000210
25.650000	0.000000	0.000208
25.660000	0.000000	0.000207
25.670000	0.000000	0.000206
25.680000	0.000000	0.000205
25.690000	0.000000	0.000204
25.700000	0.000000	0.000203
25.710000	0.000000	0.000202
25.720000	0.000000	0.000201
25.730000	0.000000	0.000199
25.740000	0.000000	0.000198
25.750000	0.000000	0.000197
25.760000	0.000000	0.000196
25.770000	0.000000	0.000195
25.780000	0.000000	0.000194
25.790000	0.000000	0.000193
25.800000	0.000000	0.000191
25.810000	0.000000	0.000190
25.820000	0.000000	0.000189
25.830000	0.000000	0.000188
25.840000	0.000000	0.000187
25.850000	0.000000	0.000186
25.860000	0.000000	0.000185
25.870000	0.000000	0.000184
25.880000	0.000000	0.000183
25.890000	0.000000	0.000181
25.900000	0.000000	0.000180
25.910000	0.000000	0.000179
25.920000	0.000000	0.000178
25.930000	0.000000	0.000177
25.940000	0.000000	0.000176
25.950000	0.000000	0.000175
25.960000	0.000000	0.000174
25.970000	0.000000	0.000173
25.980000	0.000000	0.000171
25.990000	0.000000	0.000170
26.000000	0.000000	0.000169
26.010000	0.000000	0.000168
26.020000	0.000000	0.000167
26.030000	0.000000	0.000166
26.040000	0.000000	0.000165
26.050000	0.000000	0.000164
26.060000	0.000000	0.000163
26.070000	0.000000	0.000162
26.080000	0.000000	0.000161
26.090000	0.000000	0.000159
26.100000	0.000000	0.000158
26.110000	0.000000	0.000157
26.120000	0.000000	0.000156
26.130000	0.000000	0.000155
26.140000	0.000000	0.000154
26.150000	0.000000	0.000153
26.160000	0.000000	0.000152
26.170000	0.000000	0.000152
26.180000	0.000000	0.000151
26.190000	0.000000	0.000150
26.200000	0.000000	0.000149
26.210000	0.000000	0.000148
26.220000	0.000000	0.000147
26.230000	0.000000	0.000147
26.240000	0.000000	0.000146
26.250000	0.000000	0.000145
26.260000	0.000000	0.000144
26.270000	0.000000	0.000143
26.280000	0.000000	0.000143
26.290000	0.000000	0.000142
26.300000	0.000000	0.000141
26.310000	0.000000	0.000140
26.320000	0.000000	0.000140
26.330000	0.000000	0.000139
26.340000	0.000000	0.000138
26.350000	0.000000	0.000137
26.360000	0.000000	0.000137
26.370000	0.000000	0.000136
26.380000	0.000000	0.000135
26.390000	0.000000	0.000134
26.400000	0.000000	0.000134
26.410000	0.000000	0.000133
26.420000	0.000000	0.000132
26.430000	0.000000	0.000131
26.440000	0.000000	0.000131
26.450000	0.000000	0.000130
26.460000	0.000000	0.000129
26.470000	0.000000	0.000128
26.480000	0.000000	0.000128
26.490000	0.000000	0.000127
26.500000	0.000000	0.000126
26.510000	0.000000	0.000125
26.520000	0.000000	0.000125
26.530000	0.000000	0.000124
26.540000	0.000000	0.000123
26.550000	0.000000	0.000122
26.560000	0.000000	0.000122
26.570000	0.000000	0.000121
26.580000	0.000000	0.000120
26.590000	0.000000	0.000119
26.600000	0.000000	0.000119
26.610000	0.000000	0.000118
26.620000	0.000000	0.000117
26.630000	0.000000	0.000116
26.640000	0.000000	0.000116
26.650000	0.000000	0.000115
26.660000	0.000000	0.000114
26.670000	0.000000	0.000113
26.680000	0.000000	0.000113
26.690000	0.000000	0.000112
26.700000	0.000000	0.000111
26.710000	0.000000	0.000111
26.720000	0.000000	0.000110
26.730000	0.000000	0.000109
26.740000	0.000000	0.000108
26.750000	0.000000	0.000108
26.760000	0.000000	0.000107
26.770000	0.000000	0.000106
26.780000	0.000000	0.000105
26.790000	0.000000	0.000105
26.800000	0.000000	0.000104
26.810000	0.000000	0.000103
26.820000	0.000000	0.000103
26.830000	0.000000	0.000102
26.840000	0.000000	0.000101
26.850000	0.000000	0.000101
26.860000	0.000000	0.000100
26.870000	0.000000	0.000100
26.880000	0.000000	0.000099
26.890000	0.000000	0.000099
26.900000	0.000000	0.000098
26.910000	0.000000	0.000098
26.920000	0.000000	0.000097
26.930000	0.000000	0.000097
26.940000	0.000000	0.000096
26.950000	0.000000	0.000096
26.960000	0.000000	0.000095
26.970000	0.000000	0.000095
26.980000	0.000000	0.000094
26.990000	0.000000	0.000094
27.000000	0.000000	0.000093
27.010000	0.000000	0.000093
27.020000	0.000000	0.000092
27.030000	0.000000	0.000092
27.040000	0.000000	0.000091
27.050000	0.000000	0.000091
27.060000	0.000000	0.000090
27.070000	0.000000	0.000090
27.080000	0.000000	0.000089
27.090000	0.000000	0.000089
27.100000	0.000000	0.000088
27.110000	0.000000	0.000088
27.120000	0.000000	0.000087
27.130000	0.000000	0.000087
27.140000	0.000000	0.000086
27.150000	0.000000	0.000086
27.160000	0.000000	0.000085
27.170000	0.000000	0.000085
27.180000	0.000000	0.000084
27.190000	0.000000	0.000084
27.200000	0.000000	0.000083
27.210000	0.000000	0.000083
27.220000	0.000000	0.000082
27.230000	0.000000	0.000082
27.240000	0.000000	0.000081
27.250000	0.000000	0.000081
27.260000	0.000000	0.000080
27.270000	0.000000	0.000080
27.280000	0.000000	0.000079
27.290000	0.000000	0.000079
27.300000	0.000000	0.000078
27.310000	0.000000	0.000078
27.320000	0.000000	0.000077
27.330000	0.000000	0.000077
27.340000	0.000000	0.000076
27.350000	0.000000	0.000076
27.360000	0.000000	0.000075
27.370000	0.000000	0.000075
27.380000	0.000000	0.000074
27.390000	0.000000	0.000074
27.400000	0.000000	0.000073
27.410000	0.000000	0.000073
27.420000	0.000000	0.000072
27.430000	0.000000	0.000072
27.440000	0.000000	0.000071
27.450000	0.000000	0.000071
27.460000	0.000000	0.000070
27.470000	0.000000	0.000070
27.480000	0.000000	0.000069
27.490000	0.000000	0.000069
27.500000	0.000000	0.000068
27.510000	0.000000	0.000068
27.520000	0.000000	0.000068
27.530000	0.000000	0.000067
27.540000	0.000000	0.000067
27.550000	0.000000	0.000067
27.560000	0.000000	0.000066
27.570000	0.000000	0.000066
27.580000	0.000000	0.000066
27.590000	0.000000	0.000065
27.600000	0.000000	0.000065
27.610000	0.000000	0.000065
27.620000	0.000000	0.000064
27.630000	0.000000	0.000064
27.640000	0.000000	0.000064
27.650000	0.000000	0.000063
27.660000	0.000000	0.000063
27.670000	0.000000	0.000063
27.680000	0.000000	0.000062
27.690000	0.000000	0.000062
27.700000	0.000000	0.000062
27.710000	0.000000	0.000061
27.720000	0.000000	0.000061
27.730000	0.000000	0.000060
27.740000	0.000000	0.000060
27.750000	0.000000	0.000060
27.760000	0.000000	0.000059
27.770000	0.000000	0.000059
27.780000	0.000000	0.000059
27.790000	0.000000	0.000058
27.800000	0.000000	0.000058
27.810000	0.000000	0.000058
27.820000	0.000000	0.000057
27.830000	0.000000	0.000057
27.840000	0.000000	0.000057
27.850000	0.000000	0.000056
27.860000	0.000000	0.000056
27.870000	0.000000	0.000056
27.880000	0.000000	0.000055
27.890000	0.000000	0.000055
27.900000	0.000000	0.000055
27.910000	0.000000	0.000054
27.920000	0.000000	0.000054
27.930000	0.000000	0.000054
27.940000	0.000000	0.000053
27.950000	0.000000	0.000053
27.960000	0.000000	0.000053
27.970000	0.000000	0.000052
27.980000	0.000000	0.000052
27.990000	0.000000	0.000052
28.000000	0.000000	0.000051
28.010000	0.000000	0.000051
28.020000	0.000000	0.000051
28.030000	0.000000	0.000050
28.040000	0.000000	0.000050
28.050000	0.000000	0.000050
28.060000	0.000000	0.000049
28.070000	0.000000	0.000049
28.080000	0.000000	0.000049
28.090000	0.000000	0.000048
28.100000	0.000000	0.000048
28.110000	0.000000	0.000048
28.120000	0.000000	0.000048
28.130000	0.000000	0.000047
28.140000	0.000000	0.000047
28.150000	0.000000	0.000047
28.160000	0.000000	0.000046
28.170000	0.000000	0.000046
28.180000	0.000000	0.000046
28.190000	0.000000	0.000045
28.200000	0.000000	0.000045
28.210000	0.000000	0.000045
28.220000	0.000000	0.000045
28.230000	0.000000	0.000045
28.240000	0.000000	0.000044
28.250000	0.000000	0.000044
28.260000	0.000000	0.000044
28.270000	0.000000	0.000044
28.280000	0.000000	0.000043
28.290000	0.000000	0.000043
28.300000	0.000000	0.000043
28.310000	0.000000	0.000043
28.320000	0.000000	0.000042
28.330000	0.000000	0.000042
28.340000	0.000000	0.000042
28.350000	0.000000	0.000042
28.360000	0.000000	0.000042
28.370000	0.000000	0.000041
28.380000	0.000000	0.000041
28.390000	0.000000	0.000041
28.400000	0.000000	0.000041
28.410000	0.000000	0.000040
28.420000	0.000000	0.000040
28.430000	0.000000	0.000040
28.440000	0.000000	0.000040
28.450000	0.000000	0.000040
28.460000	0.000000	0.000039
28.470000	0.000000	0.000039
28.480000	0.000000	0.000039
28.490000	0.000000	0.000039
28.500000	0.000000	0.000038
28.510000	0.000000	0.000038
28.520000	0.000000	0.000038
28.530000	0.000000	0.000038
28.540000	0.000000	0.000038
28.550000	0.000000	0.000037
28.560000	0.000000	0.000037
28.570000	0.000000	0.000037
28.580000	0.000000	0.000037
28.590000	0.000000	0.000036
28.600000	0.000000	0.000036
28.610000	0.000000	0.000036
28.620000	0.000000	0.000036
28.630000	0.000000	0.000036
28.640000	0.000000	0.000035
28.650000	0.000000	0.000035
28.660000	0.000000	0.000035
28.670000	0.000000	0.000035
28.680000	0.000000	0.000034
28.690000	0.000000	0.000034
28.700000	0.000000	0.000034
28.710000	0.000000	0.000034
28.720000	0.000000	0.000033
28.730000	0.000000	0.000033
28.740000	0.000000	0.000033
28.750000	0.000000	0.000033
28.760000	0.000000	0.000033
28.770000	0.000000	0.000032
28.780000	0.000000	0.000032
28.790000	0.000000	0.000032
28.800000	0.000000	0.000032
28.810000	0.000000	0.000032
28.820000	0.000000	0.000031
28.830000	0.000000	0.000031
28.840000	0.000000	0.000031
28.850000	0.000000	0.000031
28.860000	0.000000	0.000031
28.870000	0.000000	0.000030
28.880000	0.000000	0.000030
28.890000	0.000000	0.000030
28.900000	0.000000	0.000030
28.910000	0.000000	0.000030
28.920000	0.000000	0.000030
28.930000	0.000000	0.000029
28.940000	0.000000	0.000029
28.950000	0.000000	0.000029
28.960000	0.000000	0.000029
28.970000	0.000000	0.000029
28.980000	0.000000	0.000029
28.990000	0.000000	0.000029
29.000000	0.000000	0.000028
29.010000	0.000000	0.000028
29.020000	0.000000	0.000028
29.030000	0.000000	0.000028
29.040000	0.000000	0.000028
29.050000	0.000000	0.000028
29.060000	0.000000	0.000027
29.070000	0.000000	0.000027
29.080000	0.000000	0.000027
29.090000	0.000000	0.000027
29.100000	0.000000	0.000027
29.110000	0.000000	0.000027
29.120000	0.000000	0.000027
29.130000	0.000000	0.000026
29.140000	0.000000	0.000026
29.150000	0.000000	0.000026
29.160000	0.000000	0.000026
29.170000	0.000000	0.000026
29.180000	0.000000	0.000026
29.190000	0.000000	0.000026
29.200000	0.000000	0.000025
29.210000	0.000000	0.000025
29.220000	0.000000	0.000025
29.230000	0.000000	0.000025
29.240000	0.000000	0.000025
29.250000	0.000000	0.000025
29.260000	0.000000	0.000024
29.270000	0.000000	0.000024
29.280000	0.000000	0.000024
29.290000	0.000000	0.000024
29.300000	0.000000	0.000024
29.310000	0.000000	0.000024
29.320000	0.000000	0.000024
29.330000	0.000000	0.000023
29.340000	0.000000	0.000023
29.350000	0.000000	0.000023
29.360000	0.000000	0.000023
29.370000	0.000000	0.000023
29.380000	0.000000	0.000023
29.390000	0.000000	0.000023
29.400000	0.000000	0.000022
29.410000	0.000000	0.000022
29.420000	0.000000	0.000022
29.430000	0.000000	0.000022
29.440000	0.000000	0.000022
29.450000	0.000000	0.000022
29.460000	0.000000	0.000022
29.470000	0.000000	0.000021
29.480000	0.000000	0.000021
29.490000	0.000000	0.000021
29.500000	0.000000	0.000021
29.510000	0.000000	0.000021
29.520000	0.000000	0.000021
29.530000	0.000000	0.000021
29.540000	0.000000	0.000020
29.550000	0.000000	0.000020
29.560000	0.000000	0.000020
29.570000	0.000000	0.000020
29.580000	0.000000	0.000020
29.590000	0.000000	0.000020
29.600000	0.000000	0.000020
29.610000	0.000000	0.000020
29.620000	0.000000	0.000020
29.630000	0.000000	0.000020
29.640000	0.000000	0.000019
29.650000	0.000000	0.000019
29.660000	0.000000	0.000019
29.670000	0.000000	0.000019
29.680000	0.000000	0.000019
29.690000	0.000000	0.000019
29.700000	0.000000	0.000019
29.710000	0.000000	0.000019
29.720000	0.000000	0.000019
29.730000	0.000000	0.000018
29.740000	0.000000	0.000018
29.750000	0.000000	0.000018
29.760000	0.000000	0.000018
29.770000	0.000000	0.000018
29.780000	0.000000	0.000018
29.790000	0.000000	0.000018
29.800000	0.000000	0.000018
29.810000	0.000000	0.000018
29.820000	0.000000	0.000018
29.830000	0.000000	0.000017
29.840000	0.000000	0.000017
29.850000	0.000000	0.000017
29.860000	0.000000	0.000017
29.870000	0.000000	0.000017
29.880000	0.000000	0.000017
29.890000	0.000000	0.000017
29.900000	0.000000	0.000017
29.910000	0.000000	0.000017
29.920000	0.000000	0.000017
29.930000	0.000000	0.000016
29.940000	0.000000	0.000016
29.950000	0.000000	0.000016
29.960000	0.000000	0.000016
29.970000	0.000000	0.000016
29.980000	0.000000	0.000016
29.990000	0.000000	0.000016
30.000000	0.000000	0.000016
30.010000	0.000000	0.000016
30.020000	0.000000	0.000016
30.030000	0.000000	0.000015
30.040000	0.000000	0.000015
30.050000	0.000000	0.000015
30.060000	0.000000	0.000015
30.070000	0.000000	0.000015
30.080000	0.000000	0.000015
30.090000	0.000000	0.000015
