0.100000	0.000000	1386248.513942
0.110000	0.000000	1612130.361792
0.120000	0.000000	740111.255146
0.130000	0.000000	993039.588134
0.140000	0.000000	402916.497363
0.150000	0.000000	159583.036637
0.160000	0.000000	135614.421460
0.170000	0.000000	121078.119505
0.180000	0.000000	136539.946490
0.190000	0.000000	134891.040101
0.200000	0.000000	115098.946451
0.210000	0.000000	119428.190318
0.220000	0.000000	105316.231938
0.230000	0.000000	122671.345236
0.240000	0.000000	133133.023750
0.250000	0.000000	104902.384615
0.260000	0.000000	145403.453474
0.270000	0.000000	71795.200773
0.280000	0.000000	115055.080093
0.290000	0.000000	73563.798805
0.300000	0.000000	79686.076215
0.310000	0.000000	60116.149131
0.320000	0.000000	57095.356315
0.330000	0.000000	65440.209667
0.340000	0.000000	57092.661343
0.350000	0.000000	46900.895035
0.360000	0.000000	75544.978564
0.370000	0.000000	109704.823830
0.380000	0.000000	83689.462868
0.390000	0.000000	54287.067785
0.400000	0.000000	71543.321755
0.410000	0.000000	33809.119451
0.420000	0.000000	36803.221921
0.430000	0.000000	36176.345580
0.440000	0.000000	29977.984441
0.450000	0.000000	31197.899058
0.460000	0.000000	26602.413815
0.470000	0.000000	26459.049317
0.480000	0.000000	24273.625149
0.490000	0.000000	40281.095242
0.500000	0.000000	38287.304191
0.510000	0.000000	25219.455164
0.520000	0.000000	21869.019178
0.530000	0.000000	24470.436140
0.540000	0.000000	23045.250500
0.550000	0.000000	19916.663751
0.560000	0.000000	25939.350741
0.570000	0.000000	29800.234775
0.580000	0.000000	19424.884634
0.590000	0.000000	21017.454236
0.600000	0.000000	16762.774155
0.610000	0.000000	16512.740473
0.620000	0.000000	20324.650607
0.630000	0.000000	17471.733585
0.640000	0.000000	15506.668491
0.650000	0.000000	175549.178647
0.660000	0.000000	102448.796838
0.670000	0.000000	21352.817290
0.680000	0.000000	16385.638088
0.690000	0.000000	50600.082651
0.700000	0.000000	64378.366723
0.710000	0.000000	159622.710412
0.720000	0.000000	338669.370874
0.730000	0.000000	55518.888163
0.740000	0.000000	177812.933565
0.750000	0.000000	31850.968431
0.760000	0.000000	135954.778114
0.770000	0.000000	282529.462596
0.780000	0.000000	107799.475331
0.790000	0.000000	98949.013265
0.800000	0.000000	147768.916339
0.810000	0.000000	122563.918579
0.820000	0.000000	303822.338433
0.830000	0.000000	188930.101802
0.840000	0.000000	117745.909113
0.850000	0.000000	163598.334572
0.860000	0.000000	240703.357422
0.870000	0.000000	235454.962005
0.880000	0.000000	89591.207059
0.890000	0.000000	104891.477605
0.900000	0.000000	144866.304608
0.910000	0.000000	210505.973037
0.920000	0.000000	117353.440593
0.930000	0.000000	50066.153534
0.940000	0.000000	54200.753963
0.950000	0.000000	76378.776121
0.960000	0.000000	102894.469848
0.970000	0.000000	43284.501369
0.980000	0.000000	31137.545404
0.990000	0.000000	48938.675223
1.000000	0.000000	69877.551909
1.010000	0.000000	107219.283519
1.020000	0.000000	74167.814208
1.030000	0.000000	14830.154437
1.040000	0.000000	17425.830433
1.050000	0.000000	18990.971992
1.060000	0.000000	16957.297376
1.070000	0.000000	38435.299122
1.080000	0.000000	33038.580606
1.090000	0.000000	34260.393030
1.100000	0.000000	24494.373582
1.110000	0.000000	20371.100636
1.120000	0.000000	18788.522394
1.130000	0.000000	10257.330617
1.140000	0.000000	25667.839000
1.150000	0.000000	17915.833986
1.160000	0.000000	25240.343541
1.170000	0.000000	25578.290963
1.180000	0.000000	17367.102266
1.190000	0.000000	11693.255206
1.200000	0.000000	11714.322293
1.210000	0.000000	13049.182973
1.220000	0.000000	9462.881025
1.230000	0.000000	7435.265884
1.240000	0.000000	7780.379184
1.250000	0.000000	9517.030934
1.260000	0.000000	6074.940800
1.270000	0.000000	14335.887040
1.280000	0.000000	4889.153474
1.290000	0.000000	4534.767634
1.300000	0.000000	5875.970292
1.310000	0.000000	6643.808422
1.320000	0.000000	4939.003963
1.330000	0.000000	4920.781791
1.340000	0.000000	5790.854902
1.350000	0.000000	4852.869239
1.360000	0.000000	4191.248828
1.370000	0.000000	4103.541539
1.380000	0.000000	3026.289078
1.390000	0.000000	3019.852892
1.400000	0.000000	3324.739942
1.410000	0.000000	2653.902404
1.420000	0.000000	2844.156466
1.430000	0.000000	2763.513651
1.440000	0.000000	3177.018554
1.450000	0.000000	2251.028275
1.460000	0.000000	2271.709958
1.470000	0.000000	2078.945031
1.480000	0.000000	2157.598547
1.490000	0.000000	2057.534014
1.500000	0.000000	1921.156616
1.510000	0.000000	1875.976704
1.520000	0.000000	1888.982427
1.530000	0.000000	1845.294427
1.540000	0.000000	1748.915056
1.550000	0.000000	1686.733508
1.560000	0.000000	1652.752461
1.570000	0.000000	1655.741297
1.580000	0.000000	1593.348574
1.590000	0.000000	1556.099545
1.600000	0.000000	1586.008043
1.610000	0.000000	1552.120414
1.620000	0.000000	1466.608730
1.630000	0.000000	1428.057740
1.640000	0.000000	1399.701999
1.650000	0.000000	1412.073975
1.660000	0.000000	1363.567680
1.670000	0.000000	1320.601538
1.680000	0.000000	1295.400620
1.690000	0.000000	1269.031657
1.700000	0.000000	1243.686714
1.710000	0.000000	1219.920293
1.720000	0.000000	1194.159813
1.730000	0.000000	1171.522430
1.740000	0.000000	1149.367082
1.750000	0.000000	1131.420450
1.760000	0.000000	1103.353721
1.770000	0.000000	1081.458669
1.780000	0.000000	1058.893470
1.790000	0.000000	1038.823860
1.800000	0.000000	1021.666580
1.810000	0.000000	1000.203409
1.820000	0.000000	980.890702
1.830000	0.000000	962.348872
1.840000	0.000000	943.905979
1.850000	0.000000	925.578887
1.860000	0.000000	907.356749
1.870000	0.000000	890.054801
1.880000	0.000000	873.888221
1.890000	0.000000	857.980607
1.900000	0.000000	842.296223
1.910000	0.000000	826.530557
1.920000	0.000000	810.886807
1.930000	0.000000	795.476354
1.940000	0.000000	780.555372
1.950000	0.000000	765.365843
1.960000	0.000000	750.851922
1.970000	0.000000	736.369394
1.980000	0.000000	721.967867
1.990000	0.000000	707.748339
2.000000	0.000000	693.915117
2.010000	0.000000	680.444655
2.020000	0.000000	667.238020
2.030000	0.000000	654.610167
2.040000	0.000000	642.327588
2.050000	0.000000	630.098556
2.060000	0.000000	618.643733
2.070000	0.000000	608.067996
2.080000	0.000000	597.233616
2.090000	0.000000	586.576951
2.100000	0.000000	576.062454
2.110000	0.000000	565.849591
2.120000	0.000000	623.626939
2.130000	0.000000	580.642638
2.140000	0.000000	567.060923
2.150000	0.000000	611.417429
2.160000	0.000000	544.172585
2.170000	0.000000	505.041758
2.180000	0.000000	495.297330
2.190000	0.000000	485.593183
2.200000	0.000000	475.917729
2.210000	0.000000	466.351141
2.220000	0.000000	456.932306
2.230000	0.000000	447.620165
2.240000	0.000000	438.649561
2.250000	0.000000	430.397792
2.260000	0.000000	422.934448
2.270000	0.000000	416.611638
2.280000	0.000000	408.272260
2.290000	0.000000	401.121546
2.300000	0.000000	403.513387
2.310000	0.000000	387.223791
2.320000	0.000000	377.884239
2.330000	0.000000	370.982971
2.340000	0.000000	364.344805
2.350000	0.000000	357.262059
2.360000	0.000000	350.012492
2.370000	0.000000	365.658516
2.380000	0.000000	367.329980
2.390000	0.000000	328.896026
2.400000	0.000000	343.004530
2.410000	0.000000	385.987107
2.420000	0.000000	1473.882987
2.430000	0.000000	8806.614182
2.440000	0.000000	4284.872909
2.450000	0.000000	4592.741889
2.460000	0.000000	10307.117718
2.470000	0.000000	1558.985896
2.480000	0.000000	272.722013
2.490000	0.000000	268.051946
2.500000	0.000000	263.457768
2.510000	0.000000	266.127325
2.520000	0.000000	259.479278
2.530000	0.000000	249.999981
2.540000	0.000000	245.742611
2.550000	0.000000	242.824464
2.560000	0.000000	239.831830
2.570000	0.000000	233.607534
2.580000	0.000000	248.129995
2.590000	0.000000	318.092222
2.600000	0.000000	271.417318
2.610000	0.000000	437.870642
2.620000	0.000000	622.382651
2.630000	0.000000	238.461553
2.640000	0.000000	206.813375
2.650000	0.000000	200.348929
2.660000	0.000000	195.987187
2.670000	0.000000	192.469887
2.680000	0.000000	189.031164
2.690000	0.000000	185.983633
2.700000	0.000000	183.688914
2.710000	0.000000	180.647693
2.720000	0.000000	177.035730
2.730000	0.000000	174.914626
2.740000	0.000000	178.513746
2.750000	0.000000	192.762830
2.760000	0.000000	177.094927
2.770000	0.000000	182.200075
2.780000	0.000000	215.668870
2.790000	0.000000	167.224732
2.800000	0.000000	184.453120
2.810000	0.000000	157.019622
2.820000	0.000000	520.364291
2.830000	0.000000	313.406046
2.840000	0.000000	164.424208
2.850000	0.000000	142.599476
2.860000	0.000000	137.412782
2.870000	0.000000	650.000352
2.880000	0.000000	782.747487
2.890000	0.000000	130.154248
2.900000	0.000000	127.822263
2.910000	0.000000	125.559186
2.920000	0.000000	123.506153
2.930000	0.000000	121.544743
2.940000	0.000000	124.371720
2.950000	0.000000	298.367258
2.960000	0.000000	172.408297
2.970000	0.000000	119.025868
2.980000	0.000000	117.817558
2.990000	0.000000	111.612792
3.000000	0.000000	108.048649
3.010000	0.000000	164.876964
3.020000	0.000000	346.498766
3.030000	0.000000	273.552135
3.040000	0.000000	110.377836
3.050000	0.000000	108.526291
3.060000	0.000000	98.339237
3.070000	0.000000	96.044855
3.080000	0.000000	97.398164
3.090000	0.000000	155.632792
3.100000	0.000000	491.265839
3.110000	0.000000	137.447509
3.120000	0.000000	219.290183
3.130000	0.000000	504.452496
3.140000	0.000000	133.354030
3.150000	0.000000	117.728063
3.160000	0.000000	91.185070
3.170000	0.000000	98.906502
3.180000	0.000000	108.114172
3.190000	0.000000	90.849904
3.200000	0.000000	77.459968
3.210000	0.000000	77.107168
3.220000	0.000000	77.570128
3.230000	0.000000	78.908222
3.240000	0.000000	77.579080
3.250000	0.000000	76.378185
3.260000	0.000000	77.252676
3.270000	0.000000	87.752677
3.280000	0.000000	73.127701
3.290000	0.000000	71.310652
3.300000	0.000000	70.092851
3.310000	0.000000	69.558193
3.320000	0.000000	68.866039
3.330000	0.000000	66.712669
3.340000	0.000000	65.367921
3.350000	0.000000	67.499420
3.360000	0.000000	65.442135
3.370000	0.000000	61.922028
3.380000	0.000000	60.772346
3.390000	0.000000	60.701210
3.400000	0.000000	60.570048
3.410000	0.000000	58.340607
3.420000	0.000000	58.324675
3.430000	0.000000	56.782465
3.440000	0.000000	57.124838
3.450000	0.000000	55.442193
3.460000	0.000000	53.518060
3.470000	0.000000	58.363091
3.480000	0.000000	53.118033
3.490000	0.000000	53.080161
3.500000	0.000000	55.757388
3.510000	0.000000	51.683762
3.520000	0.000000	48.467623
3.530000	0.000000	47.515828
3.540000	0.000000	46.736294
3.550000	0.000000	46.047401
3.560000	0.000000	45.317930
3.570000	0.000000	44.572522
3.580000	0.000000	44.289555
3.590000	0.000000	43.730367
3.600000	0.000000	44.591845
3.610000	0.000000	58.769501
3.620000	0.000000	44.955575
3.630000	0.000000	40.271574
3.640000	0.000000	39.675644
3.650000	0.000000	38.855539
3.660000	0.000000	38.217693
3.670000	0.000000	38.398341
3.680000	0.000000	49.471391
3.690000	0.000000	43.888872
3.700000	0.000000	35.776779
3.710000	0.000000	35.151569
3.720000	0.000000	34.564049
3.730000	0.000000	34.023949
3.740000	0.000000	33.510611
3.750000	0.000000	32.969707
3.760000	0.000000	32.377797
3.770000	0.000000	32.379446
3.780000	0.000000	37.358884
3.790000	0.000000	34.221084
3.800000	0.000000	31.316084
3.810000	0.000000	30.461266
3.820000	0.000000	29.358775
3.830000	0.000000	29.027841
3.840000	0.000000	31.403165
3.850000	0.000000	55.342043
3.860000	0.000000	68.923304
3.870000	0.000000	56.508290
3.880000	0.000000	44.690912
3.890000	0.000000	58.304038
3.900000	0.000000	61.385226
3.910000	0.000000	25.218273
3.920000	0.000000	24.825121
3.930000	0.000000	24.485742
3.940000	0.000000	23.986312
3.950000	0.000000	23.627795
3.960000	0.000000	25.459937
3.970000	0.000000	22.963379
3.980000	0.000000	22.475929
3.990000	0.000000	22.110853
4.000000	0.000000	22.564423
4.010000	0.000000	21.720401
4.020000	0.000000	21.048974
4.030000	0.000000	21.036222
4.040000	0.000000	20.845874
4.050000	0.000000	20.417572
4.060000	0.000000	20.019388
4.070000	0.000000	19.547005
4.080000	0.000000	19.122998
4.090000	0.000000	18.661413
4.100000	0.000000	18.387595
4.110000	0.000000	18.112408
4.120000	0.000000	18.142108
4.130000	0.000000	17.563203
4.140000	0.000000	17.313468
4.150000	0.000000	17.015140
4.160000	0.000000	16.734063
4.170000	0.000000	16.463751
4.180000	0.000000	16.208469
4.190000	0.000000	15.960314
4.200000	0.000000	15.712662
4.210000	0.000000	15.465438
4.220000	0.000000	15.218719
4.230000	0.000000	15.036335
4.240000	0.000000	14.866293
4.250000	0.000000	14.523491
4.260000	0.000000	14.245078
4.270000	0.000000	14.016649
4.280000	0.000000	13.757646
4.290000	0.000000	13.510602
4.300000	0.000000	13.276488
4.310000	0.000000	13.061639
4.320000	0.000000	12.840915
4.330000	0.000000	12.758190
4.340000	0.000000	12.480072
4.350000	0.000000	12.230967
4.360000	0.000000	12.037343
4.370000	0.000000	11.841577
4.380000	0.000000	11.647397
4.390000	0.000000	11.462988
4.400000	0.000000	11.280260
4.410000	0.000000	11.105112
4.420000	0.000000	10.946158
4.430000	0.000000	10.801433
4.440000	0.000000	10.607566
4.450000	0.000000	10.444688
4.460000	0.000000	10.346544
4.470000	0.000000	10.170129
4.480000	0.000000	10.320565
4.490000	0.000000	9.871987
4.500000	0.000000	13.058302
4.510000	0.000000	11.333002
4.520000	0.000000	9.608695
4.530000	0.000000	9.203777
4.540000	0.000000	9.026289
4.550000	0.000000	8.824061
4.560000	0.000000	8.682132
4.570000	0.000000	9.321072
4.580000	0.000000	10.081971
4.590000	0.000000	8.260859
4.600000	0.000000	8.129667
4.610000	0.000000	8.003136
4.620000	0.000000	7.886293
4.630000	0.000000	7.745567
4.640000	0.000000	7.623956
4.650000	0.000000	7.528708
4.660000	0.000000	7.400187
4.670000	0.000000	7.285470
4.680000	0.000000	7.239186
4.690000	0.000000	7.198580
4.700000	0.000000	7.257825
4.710000	0.000000	7.614392
4.720000	0.000000	7.756094
4.730000	0.000000	7.370456
4.740000	0.000000	6.899439
4.750000	0.000000	6.588777
4.760000	0.000000	6.449574
4.770000	0.000000	6.188414
4.780000	0.000000	6.084913
4.790000	0.000000	5.983165
4.800000	0.000000	5.879353
4.810000	0.000000	5.832848
4.820000	0.000000	6.859860
4.830000	0.000000	5.982251
4.840000	0.000000	5.549442
4.850000	0.000000	5.511367
4.860000	0.000000	5.381777
4.870000	0.000000	5.244515
4.880000	0.000000	5.163587
4.890000	0.000000	5.088470
4.900000	0.000000	5.013897
4.910000	0.000000	4.939416
4.920000	0.000000	4.922186
4.930000	0.000000	4.979870
4.940000	0.000000	4.717039
4.950000	0.000000	4.643137
4.960000	0.000000	4.569359
4.970000	0.000000	4.491743
4.980000	0.000000	4.515667
4.990000	0.000000	4.359978
5.000000	0.000000	4.272973
5.010000	0.000000	4.201598
5.020000	0.000000	4.172442
5.030000	0.000000	4.085895
5.040000	0.000000	4.015374
5.050000	0.000000	3.956954
5.060000	0.000000	3.878319
5.070000	0.000000	3.811993
5.080000	0.000000	3.750558
5.090000	0.000000	3.679539
5.100000	0.000000	3.622607
5.110000	0.000000	3.563384
5.120000	0.000000	3.510097
5.130000	0.000000	3.464302
5.140000	0.000000	3.413832
5.150000	0.000000	3.367713
5.160000	0.000000	3.317841
5.170000	0.000000	3.264844
5.180000	0.000000	3.214703
5.190000	0.000000	3.165376
5.200000	0.000000	3.115544
5.210000	0.000000	3.064715
5.220000	0.000000	3.014748
5.230000	0.000000	2.965878
5.240000	0.000000	2.916870
5.250000	0.000000	2.868699
5.260000	0.000000	2.821690
5.270000	0.000000	2.775280
5.280000	0.000000	2.728910
5.290000	0.000000	2.683210
5.300000	0.000000	2.636656
5.310000	0.000000	2.591990
5.320000	0.000000	2.549190
5.330000	0.000000	2.507464
5.340000	0.000000	2.468051
5.350000	0.000000	2.429476
5.360000	0.000000	2.393121
5.370000	0.000000	2.357453
5.380000	0.000000	2.322101
5.390000	0.000000	2.287871
5.400000	0.000000	2.254540
5.410000	0.000000	2.221600
5.420000	0.000000	2.189116
5.430000	0.000000	2.156652
5.440000	0.000000	2.124267
5.450000	0.000000	2.093332
5.460000	0.000000	2.066488
5.470000	0.000000	2.029181
5.480000	0.000000	1.991170
5.490000	0.000000	1.994395
5.500000	0.000000	1.949232
5.510000	0.000000	1.901881
5.520000	0.000000	1.866456
5.530000	0.000000	1.852379
5.540000	0.000000	1.819904
5.550000	0.000000	1.775856
5.560000	0.000000	1.745156
5.570000	0.000000	1.732961
5.580000	0.000000	1.711844
5.590000	0.000000	1.659461
5.600000	0.000000	1.639490
5.610000	0.000000	1.634491
5.620000	0.000000	1.605884
5.630000	0.000000	1.617964
5.640000	0.000000	1.566794
5.650000	0.000000	1.528904
5.660000	0.000000	1.501708
5.670000	0.000000	1.489831
5.680000	0.000000	1.455848
5.690000	0.000000	1.426530
5.700000	0.000000	1.403545
5.710000	0.000000	1.381538
5.720000	0.000000	1.359534
5.730000	0.000000	1.337725
5.740000	0.000000	1.316217
5.750000	0.000000	1.297567
5.760000	0.000000	1.281228
5.770000	0.000000	1.257305
5.780000	0.000000	1.234971
5.790000	0.000000	1.213308
5.800000	0.000000	1.193810
5.810000	0.000000	1.171496
5.820000	0.000000	1.152275
5.830000	0.000000	1.133255
5.840000	0.000000	1.115278
5.850000	0.000000	1.098948
5.860000	0.000000	1.084101
5.870000	0.000000	1.068022
5.880000	0.000000	1.054259
5.890000	0.000000	1.038407
5.900000	0.000000	1.021446
5.910000	0.000000	1.007540
5.920000	0.000000	0.992418
5.930000	0.000000	0.977085
5.940000	0.000000	0.962822
5.950000	0.000000	0.950056
5.960000	0.000000	0.933510
5.970000	0.000000	0.916953
5.980000	0.000000	0.905077
5.990000	0.000000	0.891279
6.000000	0.000000	0.874740
6.010000	0.000000	0.860009
6.020000	0.000000	0.848349
6.030000	0.000000	0.835343
6.040000	0.000000	0.819374
6.050000	0.000000	0.804970
6.060000	0.000000	0.793817
6.070000	0.000000	0.781285
6.080000	0.000000	0.766446
6.090000	0.000000	0.754035
6.100000	0.000000	0.743650
6.110000	0.000000	0.734412
6.120000	0.000000	0.723703
6.130000	0.000000	0.712650
6.140000	0.000000	0.700816
6.150000	0.000000	0.690117
6.160000	0.000000	0.679540
6.170000	0.000000	0.669975
6.180000	0.000000	0.659593
6.190000	0.000000	0.649558
6.200000	0.000000	0.639727
6.210000	0.000000	0.629813
6.220000	0.000000	0.620031
6.230000	0.000000	0.610290
6.240000	0.000000	0.600677
6.250000	0.000000	0.591443
6.260000	0.000000	0.582266
6.270000	0.000000	0.573076
6.280000	0.000000	0.563954
6.290000	0.000000	0.554485
6.300000	0.000000	0.545068
6.310000	0.000000	0.535724
6.320000	0.000000	0.527834
6.330000	0.000000	0.520253
6.340000	0.000000	0.510949
6.350000	0.000000	0.502948
6.360000	0.000000	0.495645
6.370000	0.000000	0.488579
6.380000	0.000000	0.481612
6.390000	0.000000	0.475256
6.400000	0.000000	0.472868
6.410000	0.000000	0.577404
6.420000	0.000000	0.828776
6.430000	0.000000	0.876023
6.440000	0.000000	0.516185
6.450000	0.000000	0.661441
6.460000	0.000000	0.950642
6.470000	0.000000	0.846478
6.480000	0.000000	0.504193
6.490000	0.000000	1.674775
6.500000	0.000000	1.636874
6.510000	0.000000	0.736267
6.520000	0.000000	0.492486
6.530000	0.000000	0.782194
6.540000	0.000000	0.791482
6.550000	0.000000	0.543106
6.560000	0.000000	0.405413
6.570000	0.000000	0.548202
6.580000	0.000000	0.644905
6.590000	0.000000	0.451295
6.600000	0.000000	0.409138
6.610000	0.000000	0.452712
6.620000	0.000000	0.419914
6.630000	0.000000	0.348164
6.640000	0.000000	0.355328
6.650000	0.000000	0.379056
6.660000	0.000000	0.340126
6.670000	0.000000	0.334270
6.680000	0.000000	0.313763
6.690000	0.000000	0.307204
6.700000	0.000000	0.311515
6.710000	0.000000	0.299936
6.720000	0.000000	0.286581
6.730000	0.000000	0.280749
6.740000	0.000000	0.276463
6.750000	0.000000	0.272251
6.760000	0.000000	0.268083
6.770000	0.000000	0.263884
6.780000	0.000000	0.259711
6.790000	0.000000	0.255542
6.800000	0.000000	0.251384
6.810000	0.000000	0.247148
6.820000	0.000000	0.242980
6.830000	0.000000	0.238988
6.840000	0.000000	0.235228
6.850000	0.000000	0.231593
6.860000	0.000000	0.228078
6.870000	0.000000	0.224780
6.880000	0.000000	0.221584
6.890000	0.000000	0.218403
6.900000	0.000000	0.215783
6.910000	0.000000	0.212776
6.920000	0.000000	0.208991
6.930000	0.000000	0.205958
6.940000	0.000000	0.202800
6.950000	0.000000	0.199951
6.960000	0.000000	0.196804
6.970000	0.000000	0.193837
6.980000	0.000000	0.190768
6.990000	0.000000	0.187819
7.000000	0.000000	0.185019
7.010000	0.000000	0.182220
7.020000	0.000000	0.179518
7.030000	0.000000	0.176663
7.040000	0.000000	0.173836
7.050000	0.000000	0.171239
7.060000	0.000000	0.168496
7.070000	0.000000	0.165650
7.080000	0.000000	0.162913
7.090000	0.000000	0.160250
7.100000	0.000000	0.157790
7.110000	0.000000	0.155396
7.120000	0.000000	0.152938
7.130000	0.000000	0.150706
7.140000	0.000000	0.148584
7.150000	0.000000	0.146336
7.160000	0.000000	0.144237
7.170000	0.000000	0.142379
7.180000	0.000000	0.140369
7.190000	0.000000	0.144632
7.200000	0.000000	0.138532
7.210000	0.000000	0.133834
7.220000	0.000000	0.131850
7.230000	0.000000	0.129872
7.240000	0.000000	0.127921
7.250000	0.000000	0.126219
7.260000	0.000000	0.126013
7.270000	0.000000	0.125942
7.280000	0.000000	0.120661
7.290000	0.000000	0.118634
7.300000	0.000000	0.116661
7.310000	0.000000	0.114798
7.320000	0.000000	0.112804
7.330000	0.000000	0.111032
7.340000	0.000000	0.110347
7.350000	0.000000	0.109915
7.360000	0.000000	0.106925
7.370000	0.000000	0.104467
7.380000	0.000000	0.102666
7.390000	0.000000	0.101119
7.400000	0.000000	0.099679
7.410000	0.000000	0.098479
7.420000	0.000000	0.098039
7.430000	0.000000	0.097432
7.440000	0.000000	0.094994
7.450000	0.000000	0.093040
7.460000	0.000000	0.091579
7.470000	0.000000	0.089898
7.480000	0.000000	0.088612
7.490000	0.000000	0.089198
7.500000	0.000000	0.086778
7.510000	0.000000	0.087964
7.520000	0.000000	0.085667
7.530000	0.000000	0.083630
7.540000	0.000000	0.082621
7.550000	0.000000	0.080856
7.560000	0.000000	0.078725
7.570000	0.000000	0.077276
7.580000	0.000000	0.076218
7.590000	0.000000	0.074936
7.600000	0.000000	0.073578
7.610000	0.000000	0.072480
7.620000	0.000000	0.071778
7.630000	0.000000	0.071186
7.640000	0.000000	0.069125
7.650000	0.000000	0.067945
7.660000	0.000000	0.066937
7.670000	0.000000	0.065982
7.680000	0.000000	0.065055
7.690000	0.000000	0.064091
7.700000	0.000000	0.063133
7.710000	0.000000	0.062195
7.720000	0.000000	0.061813
7.730000	0.000000	0.060833
7.740000	0.000000	0.059540
7.750000	0.000000	0.058699
7.760000	0.000000	0.057995
7.770000	0.000000	0.057679
7.780000	0.000000	0.058052
7.790000	0.000000	0.058323
7.800000	0.000000	0.056295
7.810000	0.000000	0.053843
7.820000	0.000000	0.053221
7.830000	0.000000	0.052374
7.840000	0.000000	0.051051
7.850000	0.000000	0.050347
7.860000	0.000000	0.049478
7.870000	0.000000	0.048712
7.880000	0.000000	0.047937
7.890000	0.000000	0.047172
7.900000	0.000000	0.046434
7.910000	0.000000	0.045725
7.920000	0.000000	0.045052
7.930000	0.000000	0.044400
7.940000	0.000000	0.043765
7.950000	0.000000	0.043131
7.960000	0.000000	0.042511
7.970000	0.000000	0.041967
7.980000	0.000000	0.041226
7.990000	0.000000	0.040580
8.000000	0.000000	0.039980
8.010000	0.000000	0.039390
8.020000	0.000000	0.038821
8.030000	0.000000	0.038258
8.040000	0.000000	0.037696
8.050000	0.000000	0.037135
8.060000	0.000000	0.036573
8.070000	0.000000	0.036012
8.080000	0.000000	0.035452
8.090000	0.000000	0.034913
8.100000	0.000000	0.034375
8.110000	0.000000	0.033804
8.120000	0.000000	0.033302
8.130000	0.000000	0.032803
8.140000	0.000000	0.032305
8.150000	0.000000	0.031803
8.160000	0.000000	0.031558
8.170000	0.000000	0.030813
8.180000	0.000000	0.030380
8.190000	0.000000	0.029904
8.200000	0.000000	0.029462
8.210000	0.000000	0.029068
8.220000	0.000000	0.028627
8.230000	0.000000	0.028181
8.240000	0.000000	0.027756
8.250000	0.000000	0.027342
8.260000	0.000000	0.026939
8.270000	0.000000	0.026545
8.280000	0.000000	0.026166
8.290000	0.000000	0.025796
8.300000	0.000000	0.025411
8.310000	0.000000	0.025035
8.320000	0.000000	0.024651
8.330000	0.000000	0.024258
8.340000	0.000000	0.023981
8.350000	0.000000	0.023523
8.360000	0.000000	0.023154
8.370000	0.000000	0.022792
8.380000	0.000000	0.022450
8.390000	0.000000	0.022129
8.400000	0.000000	0.021796
8.410000	0.000000	0.021452
8.420000	0.000000	0.021149
8.430000	0.000000	0.020842
8.440000	0.000000	0.020475
8.450000	0.000000	0.020173
8.460000	0.000000	0.019872
8.470000	0.000000	0.019581
8.480000	0.000000	0.019299
8.490000	0.000000	0.019001
8.500000	0.000000	0.018711
8.510000	0.000000	0.018444
8.520000	0.000000	0.018171
8.530000	0.000000	0.017893
8.540000	0.000000	0.017633
8.550000	0.000000	0.017381
8.560000	0.000000	0.017129
8.570000	0.000000	0.016877
8.580000	0.000000	0.016626
8.590000	0.000000	0.016376
8.600000	0.000000	0.016128
8.610000	0.000000	0.015878
8.620000	0.000000	0.015624
8.630000	0.000000	0.015388
8.640000	0.000000	0.015162
8.650000	0.000000	0.014939
8.660000	0.000000	0.014704
8.670000	0.000000	0.014476
8.680000	0.000000	0.014254
8.690000	0.000000	0.014034
8.700000	0.000000	0.013820
8.710000	0.000000	0.013620
8.720000	0.000000	0.013414
8.730000	0.000000	0.013211
8.740000	0.000000	0.013015
8.750000	0.000000	0.012824
8.760000	0.000000	0.012633
8.770000	0.000000	0.012443
8.780000	0.000000	0.012257
8.790000	0.000000	0.012078
8.800000	0.000000	0.011906
8.810000	0.000000	0.011737
8.820000	0.000000	0.011569
8.830000	0.000000	0.011389
8.840000	0.000000	0.011218
8.850000	0.000000	0.011050
8.860000	0.000000	0.010881
8.870000	0.000000	0.010713
8.880000	0.000000	0.010548
8.890000	0.000000	0.010391
8.900000	0.000000	0.010239
8.910000	0.000000	0.010089
8.920000	0.000000	0.009939
8.930000	0.000000	0.009789
8.940000	0.000000	0.009640
8.950000	0.000000	0.009491
8.960000	0.000000	0.009343
8.970000	0.000000	0.009205
8.980000	0.000000	0.009069
8.990000	0.000000	0.008932
9.000000	0.000000	0.008789
9.010000	0.000000	0.008658
9.020000	0.000000	0.008530
9.030000	0.000000	0.008403
9.040000	0.000000	0.008276
9.050000	0.000000	0.008154
9.060000	0.000000	0.008038
9.070000	0.000000	0.007924
9.080000	0.000000	0.007811
9.090000	0.000000	0.007698
9.100000	0.000000	0.007585
9.110000	0.000000	0.007472
9.120000	0.000000	0.007359
9.130000	0.000000	0.007246
9.140000	0.000000	0.007135
9.150000	0.000000	0.007030
9.160000	0.000000	0.006924
9.170000	0.000000	0.006819
9.180000	0.000000	0.006719
9.190000	0.000000	0.006619
9.200000	0.000000	0.006518
9.210000	0.000000	0.006418
9.220000	0.000000	0.006319
9.230000	0.000000	0.006223
9.240000	0.000000	0.006131
9.250000	0.000000	0.006041
9.260000	0.000000	0.005950
9.270000	0.000000	0.005859
9.280000	0.000000	0.005771
9.290000	0.000000	0.005685
9.300000	0.000000	0.005600
9.310000	0.000000	0.005515
9.320000	0.000000	0.005435
9.330000	0.000000	0.005356
9.340000	0.000000	0.005278
9.350000	0.000000	0.005202
9.360000	0.000000	0.005127
9.370000	0.000000	0.005051
9.380000	0.000000	0.004975
9.390000	0.000000	0.004900
9.400000	0.000000	0.004826
9.410000	0.000000	0.004755
9.420000	0.000000	0.004685
9.430000	0.000000	0.004617
9.440000	0.000000	0.004550
9.450000	0.000000	0.004483
9.460000	0.000000	0.004416
9.470000	0.000000	0.004348
9.480000	0.000000	0.004282
9.490000	0.000000	0.004215
9.500000	0.000000	0.004149
9.510000	0.000000	0.004087
9.520000	0.000000	0.004027
9.530000	0.000000	0.003966
9.540000	0.000000	0.003905
9.550000	0.000000	0.003846
9.560000	0.000000	0.003788
9.570000	0.000000	0.003731
9.580000	0.000000	0.003676
9.590000	0.000000	0.003624
9.600000	0.000000	0.003573
9.610000	0.000000	0.003522
9.620000	0.000000	0.003471
9.630000	0.000000	0.003421
9.640000	0.000000	0.003370
9.650000	0.000000	0.003319
9.660000	0.000000	0.003269
9.670000	0.000000	0.003218
9.680000	0.000000	0.003171
9.690000	0.000000	0.003126
9.700000	0.000000	0.003080
9.710000	0.000000	0.003035
9.720000	0.000000	0.002990
9.730000	0.000000	0.002945
9.740000	0.000000	0.002900
9.750000	0.000000	0.002856
9.760000	0.000000	0.002812
9.770000	0.000000	0.002771
9.780000	0.000000	0.002730
9.790000	0.000000	0.002689
9.800000	0.000000	0.002648
9.810000	0.000000	0.002608
9.820000	0.000000	0.002567
9.830000	0.000000	0.002528
9.840000	0.000000	0.002488
9.850000	0.000000	0.002453
9.860000	0.000000	0.002418
9.870000	0.000000	0.002384
9.880000	0.000000	0.002350
9.890000	0.000000	0.002316
9.900000	0.000000	0.002282
9.910000	0.000000	0.002248
9.920000	0.000000	0.002215
9.930000	0.000000	0.002182
9.940000	0.000000	0.002151
9.950000	0.000000	0.002120
9.960000	0.000000	0.002089
9.970000	0.000000	0.002059
9.980000	0.000000	0.002029
9.990000	0.000000	0.001998
10.000000	0.000000	0.001967
10.010000	0.000000	0.001936
10.020000	0.000000	0.001906
10.030000	0.000000	0.001878
10.040000	0.000000	0.001850
10.050000	0.000000	0.001823
10.060000	0.000000	0.001796
10.070000	0.000000	0.001768
10.080000	0.000000	0.001741
10.090000	0.000000	0.001714
10.100000	0.000000	0.001688
10.110000	0.000000	0.001663
10.120000	0.000000	0.001639
10.130000	0.000000	0.001616
10.140000	0.000000	0.001593
10.150000	0.000000	0.001571
10.160000	0.000000	0.001548
10.170000	0.000000	0.001524
10.180000	0.000000	0.001501
10.190000	0.000000	0.001479
10.200000	0.000000	0.001458
10.210000	0.000000	0.001437
10.220000	0.000000	0.001416
10.230000	0.000000	0.001396
10.240000	0.000000	0.001375
10.250000	0.000000	0.001355
10.260000	0.000000	0.001335
10.270000	0.000000	0.001315
10.280000	0.000000	0.001295
10.290000	0.000000	0.001275
10.300000	0.000000	0.001256
10.310000	0.000000	0.001237
10.320000	0.000000	0.001219
10.330000	0.000000	0.001201
10.340000	0.000000	0.001182
10.350000	0.000000	0.001163
10.360000	0.000000	0.001145
10.370000	0.000000	0.001128
10.380000	0.000000	0.001111
10.390000	0.000000	0.001095
10.400000	0.000000	0.001080
10.410000	0.000000	0.001065
10.420000	0.000000	0.001049
10.430000	0.000000	0.001034
10.440000	0.000000	0.001019
10.450000	0.000000	0.001004
10.460000	0.000000	0.000990
10.470000	0.000000	0.000976
10.480000	0.000000	0.000962
10.490000	0.000000	0.000948
10.500000	0.000000	0.000934
10.510000	0.000000	0.000920
10.520000	0.000000	0.000906
10.530000	0.000000	0.000893
10.540000	0.000000	0.000879
10.550000	0.000000	0.000866
10.560000	0.000000	0.000852
10.570000	0.000000	0.000840
10.580000	0.000000	0.000827
10.590000	0.000000	0.000815
10.600000	0.000000	0.000803
10.610000	0.000000	0.000791
10.620000	0.000000	0.000778
10.630000	0.000000	0.000766
10.640000	0.000000	0.000755
10.650000	0.000000	0.000744
10.660000	0.000000	0.000733
10.670000	0.000000	0.000723
10.680000	0.000000	0.000712
10.690000	0.000000	0.000702
10.700000	0.000000	0.000691
10.710000	0.000000	0.000681
10.720000	0.000000	0.000672
10.730000	0.000000	0.000662
10.740000	0.000000	0.000653
10.750000	0.000000	0.000643
10.760000	0.000000	0.000634
10.770000	0.000000	0.000625
10.780000	0.000000	0.000616
10.790000	0.000000	0.000607
10.800000	0.000000	0.000598
10.810000	0.000000	0.000589
10.820000	0.000000	0.000580
10.830000	0.000000	0.000571
10.840000	0.000000	0.000562
10.850000	0.000000	0.000554
10.860000	0.000000	0.000545
10.870000	0.000000	0.000537
10.880000	0.000000	0.000529
10.890000	0.000000	0.000521
10.900000	0.000000	0.000513
10.910000	0.000000	0.000505
10.920000	0.000000	0.000498
10.930000	0.000000	0.000491
10.940000	0.000000	0.000484
10.950000	0.000000	0.000477
10.960000	0.000000	0.000470
10.970000	0.000000	0.000463
10.980000	0.000000	0.000457
10.990000	0.000000	0.000450
11.000000	0.000000	0.000444
11.010000	0.000000	0.000437
11.020000	0.000000	0.000431
11.030000	0.000000	0.000425
11.040000	0.000000	0.000419
11.050000	0.000000	0.000413
11.060000	0.000000	0.000406
11.070000	0.000000	0.000400
11.080000	0.000000	0.000394
11.090000	0.000000	0.000388
11.100000	0.000000	0.000382
11.110000	0.000000	0.000377
11.120000	0.000000	0.000371
11.130000	0.000000	0.000366
11.140000	0.000000	0.000360
11.150000	0.000000	0.000355
11.160000	0.000000	0.000349
11.170000	0.000000	0.000344
11.180000	0.000000	0.000338
11.190000	0.000000	0.000333
11.200000	0.000000	0.000328
11.210000	0.000000	0.000324
11.220000	0.000000	0.000319
11.230000	0.000000	0.000315
11.240000	0.000000	0.000310
11.250000	0.000000	0.000306
11.260000	0.000000	0.000302
11.270000	0.000000	0.000297
11.280000	0.000000	0.000293
11.290000	0.000000	0.000289
11.300000	0.000000	0.000285
11.310000	0.000000	0.000281
11.320000	0.000000	0.000277
11.330000	0.000000	0.000273
11.340000	0.000000	0.000268
11.350000	0.000000	0.000264
11.360000	0.000000	0.000260
11.370000	0.000000	0.000256
11.380000	0.000000	0.000252
11.390000	0.000000	0.000249
11.400000	0.000000	0.000245
11.410000	0.000000	0.000241
11.420000	0.000000	0.000238
11.430000	0.000000	0.000234
11.440000	0.000000	0.000230
11.450000	0.000000	0.000227
11.460000	0.000000	0.000224
11.470000	0.000000	0.000220
11.480000	0.000000	0.000217
11.490000	0.000000	0.000214
11.500000	0.000000	0.000211
11.510000	0.000000	0.000208
11.520000	0.000000	0.000205
11.530000	0.000000	0.000202
11.540000	0.000000	0.000199
11.550000	0.000000	0.000197
11.560000	0.000000	0.000194
11.570000	0.000000	0.000191
11.580000	0.000000	0.000188
11.590000	0.000000	0.000186
11.600000	0.000000	0.000183
11.610000	0.000000	0.000180
11.620000	0.000000	0.000177
11.630000	0.000000	0.000175
11.640000	0.000000	0.000172
11.650000	0.000000	0.000169
11.660000	0.000000	0.000167
11.670000	0.000000	0.000164
11.680000	0.000000	0.000162
11.690000	0.000000	0.000159
11.700000	0.000000	0.000157
11.710000	0.000000	0.000155
11.720000	0.000000	0.000152
11.730000	0.000000	0.000150
11.740000	0.000000	0.000148
11.750000	0.000000	0.000146
11.760000	0.000000	0.000144
11.770000	0.000000	0.000142
11.780000	0.000000	0.000140
11.790000	0.000000	0.000138
11.800000	0.000000	0.000136
11.810000	0.000000	0.000134
11.820000	0.000000	0.000132
11.830000	0.000000	0.000130
11.840000	0.000000	0.000128
11.850000	0.000000	0.000126
11.860000	0.000000	0.000124
11.870000	0.000000	0.000123
11.880000	0.000000	0.000121
11.890000	0.000000	0.000119
11.900000	0.000000	0.000117
11.910000	0.000000	0.000115
11.920000	0.000000	0.000114
11.930000	0.000000	0.000112
11.940000	0.000000	0.000110
11.950000	0.000000	0.000109
11.960000	0.000000	0.000107
11.970000	0.000000	0.000105
11.980000	0.000000	0.000104
11.990000	0.000000	0.000102
12.000000	0.000000	0.000101
12.010000	0.000000	0.000099
12.020000	0.000000	0.000098
12.030000	0.000000	0.000096
12.040000	0.000000	0.000095
12.050000	0.000000	0.000094
12.060000	0.000000	0.000092
12.070000	0.000000	0.000091
12.080000	0.000000	0.000090
12.090000	0.000000	0.000089
12.100000	0.000000	0.000087
12.110000	0.000000	0.000086
12.120000	0.000000	0.000085
12.130000	0.000000	0.000084
12.140000	0.000000	0.000082
12.150000	0.000000	0.000081
12.160000	0.000000	0.000080
12.170000	0.000000	0.000079
12.180000	0.000000	0.000077
12.190000	0.000000	0.000076
12.200000	0.000000	0.000075
12.210000	0.000000	0.000074
12.220000	0.000000	0.000073
12.230000	0.000000	0.000072
12.240000	0.000000	0.000071
12.250000	0.000000	0.000070
12.260000	0.000000	0.000069
12.270000	0.000000	0.000068
12.280000	0.000000	0.000067
12.290000	0.000000	0.000066
12.300000	0.000000	0.000065
12.310000	0.000000	0.000064
12.320000	0.000000	0.000063
12.330000	0.000000	0.000062
12.340000	0.000000	0.000061
12.350000	0.000000	0.000060
12.360000	0.000000	0.000059
12.370000	0.000000	0.000059
12.380000	0.000000	0.000058
12.390000	0.000000	0.000057
12.400000	0.000000	0.000056
12.410000	0.000000	0.000055
12.420000	0.000000	0.000054
12.430000	0.000000	0.000054
12.440000	0.000000	0.000053
12.450000	0.000000	0.000052
12.460000	0.000000	0.000051
12.470000	0.000000	0.000051
12.480000	0.000000	0.000050
12.490000	0.000000	0.000049
12.500000	0.000000	0.000048
12.510000	0.000000	0.000048
12.520000	0.000000	0.000047
12.530000	0.000000	0.000046
12.540000	0.000000	0.000045
12.550000	0.000000	0.000045
12.560000	0.000000	0.000044
12.570000	0.000000	0.000043
12.580000	0.000000	0.000043
12.590000	0.000000	0.000042
12.600000	0.000000	0.000042
12.610000	0.000000	0.000041
12.620000	0.000000	0.000041
12.630000	0.000000	0.000040
12.640000	0.000000	0.000039
12.650000	0.000000	0.000039
12.660000	0.000000	0.000038
12.670000	0.000000	0.000038
12.680000	0.000000	0.000037
12.690000	0.000000	0.000037
12.700000	0.000000	0.000036
12.710000	0.000000	0.000036
12.720000	0.000000	0.000035
12.730000	0.000000	0.000034
12.740000	0.000000	0.000034
12.750000	0.000000	0.000033
12.760000	0.000000	0.000033
12.770000	0.000000	0.000032
12.780000	0.000000	0.000032
12.790000	0.000000	0.000032
12.800000	0.000000	0.000031
12.810000	0.000000	0.000031
12.820000	0.000000	0.000030
12.830000	0.000000	0.000030
12.840000	0.000000	0.000029
12.850000	0.000000	0.000029
12.860000	0.000000	0.000028
12.870000	0.000000	0.000028
12.880000	0.000000	0.000028
12.890000	0.000000	0.000027
12.900000	0.000000	0.000027
12.910000	0.000000	0.000027
12.920000	0.000000	0.000026
12.930000	0.000000	0.000026
12.940000	0.000000	0.000025
12.950000	0.000000	0.000025
12.960000	0.000000	0.000025
12.970000	0.000000	0.000024
12.980000	0.000000	0.000024
12.990000	0.000000	0.000024
13.000000	0.000000	0.000023
13.010000	0.000000	0.000023
13.020000	0.000000	0.000023
13.030000	0.000000	0.000022
13.040000	0.000000	0.000022
13.050000	0.000000	0.000022
13.060000	0.000000	0.000021
13.070000	0.000000	0.000021
13.080000	0.000000	0.000021
13.090000	0.000000	0.000020
13.100000	0.000000	0.000020
13.110000	0.000000	0.000020
13.120000	0.000000	0.000019
13.130000	0.000000	0.000019
13.140000	0.000000	0.000019
13.150000	0.000000	0.000019
13.160000	0.000000	0.000018
13.170000	0.000000	0.000018
13.180000	0.000000	0.000018
13.190000	0.000000	0.000018
13.200000	0.000000	0.000017
13.210000	0.000000	0.000017
13.220000	0.000000	0.000017
13.230000	0.000000	0.000017
13.240000	0.000000	0.000016
13.250000	0.000000	0.000016
13.260000	0.000000	0.000016
13.270000	0.000000	0.000016
13.280000	0.000000	0.000015
13.290000	0.000000	0.000015
13.300000	0.000000	0.000015
13.310000	0.000000	0.000015
13.320000	0.000000	0.000014
13.330000	0.000000	0.000014
13.340000	0.000000	0.000014
13.350000	0.000000	0.000014
13.360000	0.000000	0.000014
13.370000	0.000000	0.000013
13.380000	0.000000	0.000013
13.390000	0.000000	0.000013
13.400000	0.000000	0.000013
13.410000	0.000000	0.000013
13.420000	0.000000	0.000013
13.430000	0.000000	0.000012
13.440000	0.000000	0.000012
13.450000	0.000000	0.000012
13.460000	0.000000	0.000012
13.470000	0.000000	0.000012
13.480000	0.000000	0.000012
13.490000	0.000000	0.000011
13.500000	0.000000	0.000011
13.510000	0.000000	0.000011
13.520000	0.000000	0.000011
13.530000	0.000000	0.000011
13.540000	0.000000	0.000011
13.550000	0.000000	0.000010
13.560000	0.000000	0.000010
13.570000	0.000000	0.000010
13.580000	0.000000	0.000010
13.590000	0.000000	0.000010
13.600000	0.000000	0.000010
13.610000	0.000000	0.000009
13.620000	0.000000	0.000009
13.630000	0.000000	0.000009
13.640000	0.000000	0.000009
13.650000	0.000000	0.000009
13.660000	0.000000	0.000009
13.670000	0.000000	0.000009
13.680000	0.000000	0.000009
13.690000	0.000000	0.000008
13.700000	0.000000	0.000008
13.710000	0.000000	0.000008
13.720000	0.000000	0.000008
13.730000	0.000000	0.000008
13.740000	0.000000	0.000008
13.750000	0.000000	0.000008
13.760000	0.000000	0.000008
13.770000	0.000000	0.000008
13.780000	0.000000	0.000007
13.790000	0.000000	0.000007
13.800000	0.000000	0.000007
13.810000	0.000000	0.000007
13.820000	0.000000	0.000007
13.830000	0.000000	0.000007
13.840000	0.000000	0.000007
13.850000	0.000000	0.000007
13.860000	0.000000	0.000007
13.870000	0.000000	0.000006
13.880000	0.000000	0.000006
13.890000	0.000000	0.000006
13.900000	0.000000	0.000006
13.910000	0.000000	0.000006
13.920000	0.000000	0.000006
13.930000	0.000000	0.000006
13.940000	0.000000	0.000006
13.950000	0.000000	0.000006
13.960000	0.000000	0.000006
13.970000	0.000000	0.000006
13.980000	0.000000	0.000006
13.990000	0.000000	0.000005
14.000000	0.000000	0.000005
14.010000	0.000000	0.000005
14.020000	0.000000	0.000005
14.030000	0.000000	0.000005
14.040000	0.000000	0.000005
14.050000	0.000000	0.000005
14.060000	0.000000	0.000005
14.070000	0.000000	0.000005
14.080000	0.000000	0.000005
14.090000	0.000000	0.000005
14.100000	0.000000	0.000005
14.110000	0.000000	0.000005
14.120000	0.000000	0.000004
14.130000	0.000000	0.000004
14.140000	0.000000	0.000004
14.150000	0.000000	0.000004
14.160000	0.000000	0.000004
14.170000	0.000000	0.000004
14.180000	0.000000	0.000004
14.190000	0.000000	0.000004
14.200000	0.000000	0.000004
14.210000	0.000000	0.000004
14.220000	0.000000	0.000004
14.230000	0.000000	0.000004
14.240000	0.000000	0.000004
14.250000	0.000000	0.000004
14.260000	0.000000	0.000004
14.270000	0.000000	0.000004
14.280000	0.000000	0.000004
14.290000	0.000000	0.000004
14.300000	0.000000	0.000003
14.310000	0.000000	0.000003
14.320000	0.000000	0.000003
14.330000	0.000000	0.000003
14.340000	0.000000	0.000003
14.350000	0.000000	0.000003
14.360000	0.000000	0.000003
14.370000	0.000000	0.000003
14.380000	0.000000	0.000003
14.390000	0.000000	0.000003
14.400000	0.000000	0.000003
14.410000	0.000000	0.000003
14.420000	0.000000	0.000003
14.430000	0.000000	0.000003
14.440000	0.000000	0.000003
14.450000	0.000000	0.000003
14.460000	0.000000	0.000003
14.470000	0.000000	0.000003
14.480000	0.000000	0.000003
14.490000	0.000000	0.000003
14.500000	0.000000	0.000003
14.510000	0.000000	0.000003
14.520000	0.000000	0.000003
14.530000	0.000000	0.000002
14.540000	0.000000	0.000002
14.550000	0.000000	0.000002
14.560000	0.000000	0.000002
14.570000	0.000000	0.000002
14.580000	0.000000	0.000002
14.590000	0.000000	0.000002
14.600000	0.000000	0.000002
14.610000	0.000000	0.000002
14.620000	0.000000	0.000002
14.630000	0.000000	0.000002
14.640000	0.000000	0.000002
14.650000	0.000000	0.000002
14.660000	0.000000	0.000002
14.670000	0.000000	0.000002
14.680000	0.000000	0.000002
14.690000	0.000000	0.000002
14.700000	0.000000	0.000002
14.710000	0.000000	0.000002
14.720000	0.000000	0.000002
14.730000	0.000000	0.000002
14.740000	0.000000	0.000002
14.750000	0.000000	0.000002
14.760000	0.000000	0.000002
14.770000	0.000000	0.000002
14.780000	0.000000	0.000002
14.790000	0.000000	0.000002
14.800000	0.000000	0.000002
14.810000	0.000000	0.000002
14.820000	0.000000	0.000002
14.830000	0.000000	0.000002
14.840000	0.000000	0.000002
14.850000	0.000000	0.000002
14.860000	0.000000	0.000002
14.870000	0.000000	0.000002
14.880000	0.000000	0.000001
14.890000	0.000000	0.000001
14.900000	0.000000	0.000001
14.910000	0.000000	0.000001
14.920000	0.000000	0.000001
14.930000	0.000000	0.000001
14.940000	0.000000	0.000001
14.950000	0.000000	0.000001
14.960000	0.000000	0.000001
14.970000	0.000000	0.000001
14.980000	0.000000	0.000001
14.990000	0.000000	0.000001
15.000000	0.000000	0.000001
15.010000	0.000000	0.000001
15.020000	0.000000	0.000001
15.030000	0.000000	0.000001
15.040000	0.000000	0.000001
15.050000	0.000000	0.000001
15.060000	0.000000	0.000001
15.070000	0.000000	0.000001
15.080000	0.000000	0.000001
15.090000	0.000000	0.000001
15.100000	0.000000	0.000001
15.110000	0.000000	0.000001
15.120000	0.000000	0.000001
15.130000	0.000000	0.000001
15.140000	0.000000	0.000001
15.150000	0.000000	0.000001
15.160000	0.000000	9.9e-07
15.170000	0.000000	9.7e-07
15.180000	0.000000	9.6e-07
15.190000	0.000000	9.5e-07
15.200000	0.000000	9.3e-07
15.210000	0.000000	9.2e-07
15.220000	0.000000	9.0e-07
15.230000	0.000000	8.9e-07
15.240000	0.000000	8.8e-07
15.250000	0.000000	8.7e-07
15.260000	0.000000	8.5e-07
15.270000	0.000000	8.4e-07
15.280000	0.000000	8.3e-07
15.290000	0.000000	8.2e-07
15.300000	0.000000	8.0e-07
15.310000	0.000000	7.9e-07
15.320000	0.000000	7.8e-07
15.330000	0.000000	7.7e-07
15.340000	0.000000	7.6e-07
15.350000	0.000000	7.5e-07
15.360000	0.000000	7.4e-07
15.370000	0.000000	7.3e-07
15.380000	0.000000	7.2e-07
15.390000	0.000000	7.1e-07
15.400000	0.000000	7.0e-07
15.410000	0.000000	6.9e-07
15.420000	0.000000	6.8e-07
15.430000	0.000000	6.7e-07
15.440000	0.000000	6.6e-07
15.450000	0.000000	6.5e-07
15.460000	0.000000	6.4e-07
15.470000	0.000000	6.3e-07
15.480000	0.000000	6.2e-07
15.490000	0.000000	6.1e-07
15.500000	0.000000	6.0e-07
15.510000	0.000000	5.9e-07
15.520000	0.000000	5.8e-07
15.530000	0.000000	5.8e-07
15.540000	0.000000	5.7e-07
15.550000	0.000000	5.6e-07
15.560000	0.000000	5.5e-07
15.570000	0.000000	5.4e-07
15.580000	0.000000	5.4e-07
15.590000	0.000000	5.3e-07
15.600000	0.000000	5.2e-07
15.610000	0.000000	5.1e-07
15.620000	0.000000	5.1e-07
15.630000	0.000000	5.0e-07
15.640000	0.000000	4.9e-07
15.650000	0.000000	4.9e-07
15.660000	0.000000	4.8e-07
15.670000	0.000000	4.7e-07
15.680000	0.000000	4.7e-07
15.690000	0.000000	4.6e-07
15.700000	0.000000	4.5e-07
15.710000	0.000000	4.4e-07
15.720000	0.000000	4.4e-07
15.730000	0.000000	4.3e-07
15.740000	0.000000	4.2e-07
15.750000	0.000000	4.2e-07
15.760000	0.000000	4.1e-07
15.770000	0.000000	4.1e-07
15.780000	0.000000	4.0e-07
15.790000	0.000000	4.0e-07
15.800000	0.000000	3.9e-07
15.810000	0.000000	3.8e-07
15.820000	0.000000	3.8e-07
15.830000	0.000000	3.7e-07
15.840000	0.000000	3.7e-07
15.850000	0.000000	3.6e-07
15.860000	0.000000	3.6e-07
15.870000	0.000000	3.5e-07
15.880000	0.000000	3.5e-07
15.890000	0.000000	3.4e-07
15.900000	0.000000	3.4e-07
15.910000	0.000000	3.3e-07
15.920000	0.000000	3.3e-07
15.930000	0.000000	3.2e-07
15.940000	0.000000	3.2e-07
15.950000	0.000000	3.1e-07
15.960000	0.000000	3.1e-07
15.970000	0.000000	3.1e-07
15.980000	0.000000	3.0e-07
15.990000	0.000000	3.0e-07
16.000000	0.000000	2.9e-07
16.010000	0.000000	2.9e-07
16.020000	0.000000	2.8e-07
16.030000	0.000000	2.8e-07
16.040000	0.000000	2.8e-07
16.050000	0.000000	2.7e-07
16.060000	0.000000	2.7e-07
16.070000	0.000000	2.6e-07
16.080000	0.000000	2.6e-07
16.090000	0.000000	2.6e-07
16.100000	0.000000	2.5e-07
16.110000	0.000000	2.5e-07
16.120000	0.000000	2.4e-07
16.130000	0.000000	2.4e-07
16.140000	0.000000	2.4e-07
16.150000	0.000000	2.3e-07
16.160000	0.000000	2.3e-07
16.170000	0.000000	2.3e-07
16.180000	0.000000	2.2e-07
16.190000	0.000000	2.2e-07
16.200000	0.000000	2.2e-07
16.210000	0.000000	2.2e-07
16.220000	0.000000	2.1e-07
16.230000	0.000000	2.1e-07
16.240000	0.000000	2.1e-07
16.250000	0.000000	2.0e-07
16.260000	0.000000	2.0e-07
16.270000	0.000000	2.0e-07
16.280000	0.000000	1.9e-07
16.290000	0.000000	1.9e-07
16.300000	0.000000	1.9e-07
16.310000	0.000000	1.9e-07
16.320000	0.000000	1.8e-07
16.330000	0.000000	1.8e-07
16.340000	0.000000	1.8e-07
16.350000	0.000000	1.8e-07
16.360000	0.000000	1.7e-07
16.370000	0.000000	1.7e-07
16.380000	0.000000	1.7e-07
16.390000	0.000000	1.7e-07
16.400000	0.000000	1.6e-07
16.410000	0.000000	1.6e-07
16.420000	0.000000	1.6e-07
16.430000	0.000000	1.6e-07
16.440000	0.000000	1.5e-07
16.450000	0.000000	1.5e-07
16.460000	0.000000	1.5e-07
16.470000	0.000000	1.5e-07
16.480000	0.000000	1.5e-07
16.490000	0.000000	1.4e-07
16.500000	0.000000	1.4e-07
16.510000	0.000000	1.4e-07
16.520000	0.000000	1.4e-07
16.530000	0.000000	1.4e-07
16.540000	0.000000	1.3e-07
16.550000	0.000000	1.3e-07
16.560000	0.000000	1.3e-07
16.570000	0.000000	1.3e-07
16.580000	0.000000	1.3e-07
16.590000	0.000000	1.2e-07
16.600000	0.000000	1.2e-07
16.610000	0.000000	1.2e-07
16.620000	0.000000	1.2e-07
16.630000	0.000000	1.2e-07
16.640000	0.000000	1.2e-07
16.650000	0.000000	1.1e-07
16.660000	0.000000	1.1e-07
16.670000	0.000000	1.1e-07
16.680000	0.000000	1.1e-07
16.690000	0.000000	1.1e-07
16.700000	0.000000	1.1e-07
16.710000	0.000000	1.0e-07
16.720000	0.000000	1.0e-07
16.730000	0.000000	1.0e-07
16.740000	0.000000	1.0e-07
16.750000	0.000000	9.9e-08
16.760000	0.000000	9.7e-08
16.770000	0.000000	9.6e-08
16.780000	0.000000	9.4e-08
16.790000	0.000000	9.3e-08
16.800000	0.000000	9.2e-08
16.810000	0.000000	9.0e-08
16.820000	0.000000	8.9e-08
16.830000	0.000000	8.8e-08
16.840000	0.000000	8.6e-08
16.850000	0.000000	8.5e-08
16.860000	0.000000	8.4e-08
16.870000	0.000000	8.3e-08
16.880000	0.000000	8.2e-08
16.890000	0.000000	8.0e-08
16.900000	0.000000	7.9e-08
16.910000	0.000000	7.8e-08
16.920000	0.000000	7.7e-08
16.930000	0.000000	7.6e-08
16.940000	0.000000	7.5e-08
16.950000	0.000000	7.4e-08
16.960000	0.000000	7.3e-08
16.970000	0.000000	7.2e-08
16.980000	0.000000	7.1e-08
16.990000	0.000000	7.0e-08
17.000000	0.000000	6.9e-08
17.010000	0.000000	6.8e-08
17.020000	0.000000	6.7e-08
17.030000	0.000000	6.6e-08
17.040000	0.000000	6.5e-08
17.050000	0.000000	6.4e-08
17.060000	0.000000	6.3e-08
17.070000	0.000000	6.2e-08
17.080000	0.000000	6.1e-08
17.090000	0.000000	6.0e-08
17.100000	0.000000	5.9e-08
17.110000	0.000000	5.8e-08
17.120000	0.000000	5.8e-08
17.130000	0.000000	5.7e-08
17.140000	0.000000	5.6e-08
17.150000	0.000000	5.5e-08
17.160000	0.000000	5.4e-08
17.170000	0.000000	5.4e-08
17.180000	0.000000	5.3e-08
17.190000	0.000000	5.2e-08
17.200000	0.000000	5.1e-08
17.210000	0.000000	5.1e-08
17.220000	0.000000	5.0e-08
17.230000	0.000000	4.9e-08
17.240000	0.000000	4.8e-08
17.250000	0.000000	4.8e-08
17.260000	0.000000	4.7e-08
17.270000	0.000000	4.6e-08
17.280000	0.000000	4.6e-08
17.290000	0.000000	4.5e-08
17.300000	0.000000	4.4e-08
17.310000	0.000000	4.4e-08
17.320000	0.000000	4.3e-08
17.330000	0.000000	4.3e-08
17.340000	0.000000	4.2e-08
17.350000	0.000000	4.1e-08
17.360000	0.000000	4.1e-08
17.370000	0.000000	4.0e-08
17.380000	0.000000	4.0e-08
17.390000	0.000000	3.9e-08
17.400000	0.000000	3.8e-08
17.410000	0.000000	3.8e-08
17.420000	0.000000	3.7e-08
17.430000	0.000000	3.7e-08
17.440000	0.000000	3.6e-08
17.450000	0.000000	3.6e-08
17.460000	0.000000	3.5e-08
17.470000	0.000000	3.5e-08
17.480000	0.000000	3.4e-08
17.490000	0.000000	3.4e-08
17.500000	0.000000	3.3e-08
17.510000	0.000000	3.3e-08
17.520000	0.000000	3.2e-08
17.530000	0.000000	3.2e-08
17.540000	0.000000	3.1e-08
17.550000	0.000000	3.1e-08
17.560000	0.000000	3.1e-08
17.570000	0.000000	3.0e-08
17.580000	0.000000	3.0e-08
17.590000	0.000000	2.9e-08
17.600000	0.000000	2.9e-08
17.610000	0.000000	2.8e-08
17.620000	0.000000	2.8e-08
17.630000	0.000000	2.8e-08
17.640000	0.000000	2.7e-08
17.650000	0.000000	2.7e-08
17.660000	0.000000	2.6e-08
17.670000	0.000000	2.6e-08
17.680000	0.000000	2.6e-08
17.690000	0.000000	2.5e-08
17.700000	0.000000	2.5e-08
17.710000	0.000000	2.5e-08
17.720000	0.000000	2.4e-08
17.730000	0.000000	2.4e-08
17.740000	0.000000	2.4e-08
17.750000	0.000000	2.3e-08
17.760000	0.000000	2.3e-08
17.770000	0.000000	2.3e-08
17.780000	0.000000	2.2e-08
17.790000	0.000000	2.2e-08
17.800000	0.000000	2.2e-08
17.810000	0.000000	2.1e-08
17.820000	0.000000	2.1e-08
17.830000	0.000000	2.1e-08
17.840000	0.000000	2.0e-08
17.850000	0.000000	2.0e-08
17.860000	0.000000	2.0e-08
17.870000	0.000000	2.0e-08
17.880000	0.000000	1.9e-08
17.890000	0.000000	1.9e-08
17.900000	0.000000	1.9e-08
17.910000	0.000000	1.8e-08
17.920000	0.000000	1.8e-08
17.930000	0.000000	1.8e-08
17.940000	0.000000	1.8e-08
17.950000	0.000000	1.7e-08
17.960000	0.000000	1.7e-08
17.970000	0.000000	1.7e-08
17.980000	0.000000	1.7e-08
17.990000	0.000000	1.6e-08
18.000000	0.000000	1.6e-08
18.010000	0.000000	1.6e-08
18.020000	0.000000	1.6e-08
18.030000	0.000000	1.6e-08
18.040000	0.000000	1.5e-08
18.050000	0.000000	1.5e-08
18.060000	0.000000	1.5e-08
18.070000	0.000000	1.5e-08
18.080000	0.000000	1.4e-08
18.090000	0.000000	1.4e-08
18.100000	0.000000	1.4e-08
18.110000	0.000000	1.4e-08
18.120000	0.000000	1.4e-08
18.130000	0.000000	1.3e-08
18.140000	0.000000	1.3e-08
18.150000	0.000000	1.3e-08
18.160000	0.000000	1.3e-08
18.170000	0.000000	1.3e-08
18.180000	0.000000	1.3e-08
18.190000	0.000000	1.2e-08
18.200000	0.000000	1.2e-08
18.210000	0.000000	1.2e-08
18.220000	0.000000	1.2e-08
18.230000	0.000000	1.2e-08
18.240000	0.000000	1.1e-08
18.250000	0.000000	1.1e-08
18.260000	0.000000	1.1e-08
18.270000	0.000000	1.1e-08
18.280000	0.000000	1.1e-08
18.290000	0.000000	1.1e-08
18.300000	0.000000	1.1e-08
18.310000	0.000000	1.0e-08
18.320000	0.000000	1.0e-08
18.330000	0.000000	1.0e-08
18.340000	0.000000	9.9e-09
18.350000	0.000000	9.8e-09
18.360000	0.000000	9.6e-09
18.370000	0.000000	9.5e-09
18.380000	0.000000	9.4e-09
18.390000	0.000000	9.2e-09
18.400000	0.000000	9.1e-09
18.410000	0.000000	9.0e-09
18.420000	0.000000	8.8e-09
18.430000	0.000000	8.7e-09
18.440000	0.000000	8.6e-09
18.450000	0.000000	8.5e-09
18.460000	0.000000	8.3e-09
18.470000	0.000000	8.2e-09
18.480000	0.000000	8.1e-09
18.490000	0.000000	8.0e-09
18.500000	0.000000	7.9e-09
18.510000	0.000000	7.8e-09
18.520000	0.000000	7.6e-09
18.530000	0.000000	7.5e-09
18.540000	0.000000	7.4e-09
18.550000	0.000000	7.3e-09
18.560000	0.000000	7.2e-09
18.570000	0.000000	7.1e-09
18.580000	0.000000	7.0e-09
18.590000	0.000000	6.9e-09
18.600000	0.000000	6.8e-09
18.610000	0.000000	6.7e-09
18.620000	0.000000	6.6e-09
18.630000	0.000000	6.5e-09
18.640000	0.000000	6.4e-09
18.650000	0.000000	6.3e-09
18.660000	0.000000	6.3e-09
18.670000	0.000000	6.2e-09
18.680000	0.000000	6.1e-09
18.690000	0.000000	6.0e-09
18.700000	0.000000	5.9e-09
18.710000	0.000000	5.8e-09
18.720000	0.000000	5.7e-09
18.730000	0.000000	5.7e-09
18.740000	0.000000	5.6e-09
18.750000	0.000000	5.5e-09
18.760000	0.000000	5.4e-09
18.770000	0.000000	5.3e-09
18.780000	0.000000	5.3e-09
18.790000	0.000000	5.2e-09
18.800000	0.000000	5.1e-09
18.810000	0.000000	5.0e-09
18.820000	0.000000	5.0e-09
18.830000	0.000000	4.9e-09
18.840000	0.000000	4.8e-09
18.850000	0.000000	4.8e-09
18.860000	0.000000	4.7e-09
18.870000	0.000000	4.6e-09
18.880000	0.000000	4.6e-09
18.890000	0.000000	4.5e-09
18.900000	0.000000	4.4e-09
18.910000	0.000000	4.4e-09
18.920000	0.000000	4.3e-09
18.930000	0.000000	4.2e-09
18.940000	0.000000	4.2e-09
18.950000	0.000000	4.1e-09
18.960000	0.000000	4.1e-09
18.970000	0.000000	4.0e-09
18.980000	0.000000	4.0e-09
18.990000	0.000000	3.9e-09
19.000000	0.000000	3.8e-09
19.010000	0.000000	3.8e-09
19.020000	0.000000	3.7e-09
19.030000	0.000000	3.7e-09
19.040000	0.000000	3.6e-09
19.050000	0.000000	3.6e-09
19.060000	0.000000	3.5e-09
19.070000	0.000000	3.5e-09
19.080000	0.000000	3.4e-09
19.090000	0.000000	3.4e-09
19.100000	0.000000	3.3e-09
19.110000	0.000000	3.3e-09
19.120000	0.000000	3.2e-09
19.130000	0.000000	3.2e-09
19.140000	0.000000	3.1e-09
19.150000	0.000000	3.1e-09
19.160000	0.000000	3.0e-09
19.170000	0.000000	3.0e-09
19.180000	0.000000	3.0e-09
19.190000	0.000000	2.9e-09
19.200000	0.000000	2.9e-09
19.210000	0.000000	2.8e-09
19.220000	0.000000	2.8e-09
19.230000	0.000000	2.8e-09
19.240000	0.000000	2.7e-09
19.250000	0.000000	2.7e-09
19.260000	0.000000	2.6e-09
19.270000	0.000000	2.6e-09
19.280000	0.000000	2.6e-09
19.290000	0.000000	2.5e-09
19.300000	0.000000	2.5e-09
19.310000	0.000000	2.5e-09
19.320000	0.000000	2.4e-09
19.330000	0.000000	2.4e-09
19.340000	0.000000	2.4e-09
19.350000	0.000000	2.3e-09
19.360000	0.000000	2.3e-09
19.370000	0.000000	2.3e-09
19.380000	0.000000	2.2e-09
19.390000	0.000000	2.2e-09
19.400000	0.000000	2.2e-09
19.410000	0.000000	2.1e-09
19.420000	0.000000	2.1e-09
19.430000	0.000000	2.1e-09
19.440000	0.000000	2.0e-09
19.450000	0.000000	2.0e-09
19.460000	0.000000	2.0e-09
19.470000	0.000000	2.0e-09
19.480000	0.000000	1.9e-09
19.490000	0.000000	1.9e-09
19.500000	0.000000	1.9e-09
19.510000	0.000000	1.8e-09
19.520000	0.000000	1.8e-09
19.530000	0.000000	1.8e-09
19.540000	0.000000	1.8e-09
19.550000	0.000000	1.7e-09
19.560000	0.000000	1.7e-09
19.570000	0.000000	1.7e-09
19.580000	0.000000	1.7e-09
19.590000	0.000000	1.6e-09
19.600000	0.000000	1.6e-09
19.610000	0.000000	1.6e-09
19.620000	0.000000	1.6e-09
19.630000	0.000000	1.5e-09
19.640000	0.000000	1.5e-09
19.650000	0.000000	1.5e-09
19.660000	0.000000	1.5e-09
19.670000	0.000000	1.5e-09
19.680000	0.000000	1.4e-09
19.690000	0.000000	1.4e-09
19.700000	0.000000	1.4e-09
19.710000	0.000000	1.4e-09
19.720000	0.000000	1.4e-09
19.730000	0.000000	1.3e-09
19.740000	0.000000	1.3e-09
19.750000	0.000000	1.3e-09
19.760000	0.000000	1.3e-09
19.770000	0.000000	1.3e-09
19.780000	0.000000	1.3e-09
19.790000	0.000000	1.2e-09
19.800000	0.000000	1.2e-09
19.810000	0.000000	1.2e-09
19.820000	0.000000	1.2e-09
19.830000	0.000000	1.2e-09
19.840000	0.000000	1.1e-09
19.850000	0.000000	1.1e-09
19.860000	0.000000	1.1e-09
19.870000	0.000000	1.1e-09
19.880000	0.000000	1.1e-09
19.890000	0.000000	1.1e-09
19.900000	0.000000	1.1e-09
19.910000	0.000000	1.0e-09
19.920000	0.000000	1.0e-09
19.930000	0.000000	1.0e-09
19.940000	0.000000	9.9e-10
19.950000	0.000000	9.8e-10
19.960000	0.000000	9.7e-10
19.970000	0.000000	9.5e-10
19.980000	0.000000	9.4e-10
19.990000	0.000000	9.3e-10
20.000000	0.000000	9.1e-10
20.010000	0.000000	9.0e-10
20.020000	0.000000	8.9e-10
20.030000	0.000000	8.7e-10
20.040000	0.000000	8.6e-10
20.050000	0.000000	8.5e-10
20.060000	0.000000	8.4e-10
20.070000	0.000000	8.3e-10
20.080000	0.000000	8.1e-10
20.090000	0.000000	8.0e-10
20.100000	0.000000	7.9e-10
20.110000	0.000000	7.8e-10
20.120000	0.000000	7.7e-10
20.130000	0.000000	7.6e-10
20.140000	0.000000	7.5e-10
20.150000	0.000000	7.3e-10
20.160000	0.000000	7.2e-10
20.170000	0.000000	7.1e-10
20.180000	0.000000	7.0e-10
20.190000	0.000000	6.9e-10
20.200000	0.000000	6.8e-10
20.210000	0.000000	6.8e-10
20.220000	0.000000	6.7e-10
20.230000	0.000000	6.6e-10
20.240000	0.000000	6.5e-10
20.250000	0.000000	6.4e-10
20.260000	0.000000	6.3e-10
20.270000	0.000000	6.2e-10
20.280000	0.000000	6.1e-10
20.290000	0.000000	6.0e-10
20.300000	0.000000	5.9e-10
20.310000	0.000000	5.9e-10
20.320000	0.000000	5.8e-10
20.330000	0.000000	5.7e-10
20.340000	0.000000	5.6e-10
20.350000	0.000000	5.5e-10
20.360000	0.000000	5.4e-10
20.370000	0.000000	5.4e-10
20.380000	0.000000	5.3e-10
20.390000	0.000000	5.2e-10
20.400000	0.000000	5.1e-10
20.410000	0.000000	5.1e-10
20.420000	0.000000	5.0e-10
20.430000	0.000000	4.9e-10
20.440000	0.000000	4.8e-10
20.450000	0.000000	4.8e-10
20.460000	0.000000	4.7e-10
20.470000	0.000000	4.6e-10
20.480000	0.000000	4.6e-10
20.490000	0.000000	4.5e-10
20.500000	0.000000	4.5e-10
20.510000	0.000000	4.4e-10
20.520000	0.000000	4.3e-10
20.530000	0.000000	4.3e-10
20.540000	0.000000	4.2e-10
20.550000	0.000000	4.2e-10
20.560000	0.000000	4.1e-10
20.570000	0.000000	4.0e-10
20.580000	0.000000	4.0e-10
20.590000	0.000000	3.9e-10
20.600000	0.000000	3.9e-10
20.610000	0.000000	3.8e-10
20.620000	0.000000	3.8e-10
20.630000	0.000000	3.7e-10
20.640000	0.000000	3.6e-10
20.650000	0.000000	3.6e-10
20.660000	0.000000	3.5e-10
20.670000	0.000000	3.5e-10
20.680000	0.000000	3.4e-10
20.690000	0.000000	3.4e-10
20.700000	0.000000	3.3e-10
20.710000	0.000000	3.3e-10
20.720000	0.000000	3.2e-10
20.730000	0.000000	3.2e-10
20.740000	0.000000	3.2e-10
20.750000	0.000000	3.1e-10
20.760000	0.000000	3.1e-10
20.770000	0.000000	3.0e-10
20.780000	0.000000	3.0e-10
20.790000	0.000000	2.9e-10
20.800000	0.000000	2.9e-10
20.810000	0.000000	2.9e-10
20.820000	0.000000	2.8e-10
20.830000	0.000000	2.8e-10
20.840000	0.000000	2.7e-10
20.850000	0.000000	2.7e-10
20.860000	0.000000	2.7e-10
20.870000	0.000000	2.6e-10
20.880000	0.000000	2.6e-10
20.890000	0.000000	2.5e-10
20.900000	0.000000	2.5e-10
20.910000	0.000000	2.5e-10
20.920000	0.000000	2.4e-10
20.930000	0.000000	2.4e-10
20.940000	0.000000	2.4e-10
20.950000	0.000000	2.3e-10
20.960000	0.000000	2.3e-10
20.970000	0.000000	2.3e-10
20.980000	0.000000	2.2e-10
20.990000	0.000000	2.2e-10
21.000000	0.000000	2.2e-10
21.010000	0.000000	2.1e-10
21.020000	0.000000	2.1e-10
21.030000	0.000000	2.1e-10
21.040000	0.000000	2.1e-10
21.050000	0.000000	2.0e-10
21.060000	0.000000	2.0e-10
21.070000	0.000000	2.0e-10
21.080000	0.000000	1.9e-10
21.090000	0.000000	1.9e-10
21.100000	0.000000	1.9e-10
21.110000	0.000000	1.9e-10
21.120000	0.000000	1.8e-10
21.130000	0.000000	1.8e-10
21.140000	0.000000	1.8e-10
21.150000	0.000000	1.8e-10
21.160000	0.000000	1.7e-10
21.170000	0.000000	1.7e-10
21.180000	0.000000	1.7e-10
21.190000	0.000000	1.7e-10
21.200000	0.000000	1.6e-10
21.210000	0.000000	1.6e-10
21.220000	0.000000	1.6e-10
21.230000	0.000000	1.6e-10
21.240000	0.000000	1.5e-10
21.250000	0.000000	1.5e-10
21.260000	0.000000	1.5e-10
21.270000	0.000000	1.5e-10
21.280000	0.000000	1.5e-10
21.290000	0.000000	1.4e-10
21.300000	0.000000	1.4e-10
21.310000	0.000000	1.4e-10
21.320000	0.000000	1.4e-10
21.330000	0.000000	1.4e-10
21.340000	0.000000	1.3e-10
21.350000	0.000000	1.3e-10
21.360000	0.000000	1.3e-10
21.370000	0.000000	1.3e-10
21.380000	0.000000	1.3e-10
21.390000	0.000000	1.2e-10
21.400000	0.000000	1.2e-10
21.410000	0.000000	1.2e-10
21.420000	0.000000	1.2e-10
21.430000	0.000000	1.2e-10
21.440000	0.000000	1.2e-10
21.450000	0.000000	1.1e-10
21.460000	0.000000	1.1e-10
21.470000	0.000000	1.1e-10
21.480000	0.000000	1.1e-10
21.490000	0.000000	1.1e-10
21.500000	0.000000	1.1e-10
21.510000	0.000000	1.0e-10
21.520000	0.000000	1.0e-10
21.530000	0.000000	1.0e-10
21.540000	0.000000	1.0e-10
21.550000	0.000000	9.9e-11
21.560000	0.000000	9.8e-11
21.570000	0.000000	9.6e-11
21.580000	0.000000	9.5e-11
21.590000	0.000000	9.4e-11
21.600000	0.000000	9.2e-11
21.610000	0.000000	9.1e-11
21.620000	0.000000	9.0e-11
21.630000	0.000000	8.9e-11
21.640000	0.000000	8.7e-11
21.650000	0.000000	8.6e-11
21.660000	0.000000	8.5e-11
21.670000	0.000000	8.4e-11
21.680000	0.000000	8.2e-11
21.690000	0.000000	8.1e-11
21.700000	0.000000	8.0e-11
21.710000	0.000000	7.9e-11
21.720000	0.000000	7.8e-11
21.730000	0.000000	7.7e-11
21.740000	0.000000	7.6e-11
21.750000	0.000000	7.5e-11
21.760000	0.000000	7.3e-11
21.770000	0.000000	7.2e-11
21.780000	0.000000	7.1e-11
21.790000	0.000000	7.0e-11
21.800000	0.000000	6.9e-11
21.810000	0.000000	6.8e-11
21.820000	0.000000	6.7e-11
21.830000	0.000000	6.6e-11
21.840000	0.000000	6.5e-11
21.850000	0.000000	6.4e-11
21.860000	0.000000	6.4e-11
21.870000	0.000000	6.3e-11
21.880000	0.000000	6.2e-11
21.890000	0.000000	6.1e-11
21.900000	0.000000	6.0e-11
21.910000	0.000000	5.9e-11
21.920000	0.000000	5.9e-11
21.930000	0.000000	5.8e-11
21.940000	0.000000	5.7e-11
21.950000	0.000000	5.6e-11
21.960000	0.000000	5.5e-11
21.970000	0.000000	5.4e-11
21.980000	0.000000	5.4e-11
21.990000	0.000000	5.3e-11
22.000000	0.000000	5.2e-11
22.010000	0.000000	5.1e-11
22.020000	0.000000	5.1e-11
22.030000	0.000000	5.0e-11
22.040000	0.000000	4.9e-11
22.050000	0.000000	4.9e-11
22.060000	0.000000	4.8e-11
22.070000	0.000000	4.7e-11
22.080000	0.000000	4.6e-11
22.090000	0.000000	4.6e-11
22.100000	0.000000	4.5e-11
22.110000	0.000000	4.4e-11
22.120000	0.000000	4.4e-11
22.130000	0.000000	4.3e-11
22.140000	0.000000	4.3e-11
22.150000	0.000000	4.2e-11
22.160000	0.000000	4.1e-11
22.170000	0.000000	4.1e-11
22.180000	0.000000	4.0e-11
22.190000	0.000000	4.0e-11
22.200000	0.000000	3.9e-11
22.210000	0.000000	3.9e-11
22.220000	0.000000	3.8e-11
22.230000	0.000000	3.8e-11
22.240000	0.000000	3.7e-11
22.250000	0.000000	3.7e-11
22.260000	0.000000	3.6e-11
22.270000	0.000000	3.5e-11
22.280000	0.000000	3.5e-11
22.290000	0.000000	3.4e-11
22.300000	0.000000	3.4e-11
22.310000	0.000000	3.3e-11
22.320000	0.000000	3.3e-11
22.330000	0.000000	3.3e-11
22.340000	0.000000	3.2e-11
22.350000	0.000000	3.2e-11
22.360000	0.000000	3.1e-11
22.370000	0.000000	3.1e-11
22.380000	0.000000	3.0e-11
22.390000	0.000000	3.0e-11
22.400000	0.000000	2.9e-11
22.410000	0.000000	2.9e-11
22.420000	0.000000	2.9e-11
22.430000	0.000000	2.8e-11
22.440000	0.000000	2.8e-11
22.450000	0.000000	2.7e-11
22.460000	0.000000	2.7e-11
22.470000	0.000000	2.7e-11
22.480000	0.000000	2.6e-11
22.490000	0.000000	2.6e-11
22.500000	0.000000	2.6e-11
22.510000	0.000000	2.5e-11
22.520000	0.000000	2.5e-11
22.530000	0.000000	2.4e-11
22.540000	0.000000	2.4e-11
22.550000	0.000000	2.4e-11
22.560000	0.000000	2.3e-11
22.570000	0.000000	2.3e-11
22.580000	0.000000	2.3e-11
22.590000	0.000000	2.2e-11
22.600000	0.000000	2.2e-11
22.610000	0.000000	2.2e-11
22.620000	0.000000	2.2e-11
22.630000	0.000000	2.1e-11
22.640000	0.000000	2.1e-11
22.650000	0.000000	2.1e-11
22.660000	0.000000	2.0e-11
22.670000	0.000000	2.0e-11
22.680000	0.000000	2.0e-11
22.690000	0.000000	1.9e-11
22.700000	0.000000	1.9e-11
22.710000	0.000000	1.9e-11
22.720000	0.000000	1.9e-11
22.730000	0.000000	1.8e-11
22.740000	0.000000	1.8e-11
22.750000	0.000000	1.8e-11
22.760000	0.000000	1.8e-11
22.770000	0.000000	1.7e-11
22.780000	0.000000	1.7e-11
22.790000	0.000000	1.7e-11
22.800000	0.000000	1.7e-11
22.810000	0.000000	1.6e-11
22.820000	0.000000	1.6e-11
22.830000	0.000000	1.6e-11
22.840000	0.000000	1.6e-11
22.850000	0.000000	1.6e-11
22.860000	0.000000	1.5e-11
22.870000	0.000000	1.5e-11
22.880000	0.000000	1.5e-11
22.890000	0.000000	1.5e-11
22.900000	0.000000	1.4e-11
22.910000	0.000000	1.4e-11
22.920000	0.000000	1.4e-11
22.930000	0.000000	1.3e-11
22.940000	0.000000	1.3e-11
22.950000	0.000000	1.3e-11
22.960000	0.000000	1.3e-11
22.970000	0.000000	1.2e-11
22.980000	0.000000	1.2e-11
22.990000	0.000000	1.2e-11
23.000000	0.000000	1.2e-11
23.010000	0.000000	1.2e-11
23.020000	0.000000	1.2e-11
23.030000	0.000000	1.1e-11
23.040000	0.000000	1.1e-11
23.050000	0.000000	1.1e-11
23.060000	0.000000	1.1e-11
23.070000	0.000000	1.1e-11
23.080000	0.000000	1.1e-11
23.090000	0.000000	1.1e-11
23.100000	0.000000	1.0e-11
23.110000	0.000000	1.0e-11
23.120000	0.000000	1.0e-11
23.130000	0.000000	9.9e-12
23.140000	0.000000	9.8e-12
23.150000	0.000000	9.6e-12
23.160000	0.000000	9.5e-12
23.170000	0.000000	9.3e-12
23.180000	0.000000	9.2e-12
23.190000	0.000000	9.0e-12
23.200000	0.000000	8.9e-12
23.210000	0.000000	8.7e-12
23.220000	0.000000	8.6e-12
23.230000	0.000000	8.5e-12
23.240000	0.000000	8.4e-12
23.250000	0.000000	8.3e-12
23.260000	0.000000	8.2e-12
23.270000	0.000000	8.1e-12
23.280000	0.000000	8.0e-12
23.290000	0.000000	7.9e-12
23.300000	0.000000	7.8e-12
23.310000	0.000000	7.7e-12
23.320000	0.000000	7.6e-12
23.330000	0.000000	7.5e-12
23.340000	0.000000	7.4e-12
23.350000	0.000000	7.3e-12
23.360000	0.000000	7.2e-12
23.370000	0.000000	7.1e-12
23.380000	0.000000	7.0e-12
23.390000	0.000000	6.9e-12
23.400000	0.000000	6.8e-12
23.410000	0.000000	6.7e-12
23.420000	0.000000	6.6e-12
23.430000	0.000000	6.5e-12
23.440000	0.000000	6.3e-12
23.450000	0.000000	6.2e-12
23.460000	0.000000	6.1e-12
23.470000	0.000000	6.0e-12
23.480000	0.000000	6.0e-12
23.490000	0.000000	5.9e-12
23.500000	0.000000	5.8e-12
23.510000	0.000000	5.7e-12
23.520000	0.000000	5.6e-12
23.530000	0.000000	5.6e-12
23.540000	0.000000	5.5e-12
23.550000	0.000000	5.4e-12
23.560000	0.000000	5.4e-12
23.570000	0.000000	5.3e-12
23.580000	0.000000	5.2e-12
23.590000	0.000000	5.1e-12
23.600000	0.000000	5.1e-12
23.610000	0.000000	5.0e-12
23.620000	0.000000	4.9e-12
23.630000	0.000000	4.9e-12
23.640000	0.000000	4.8e-12
23.650000	0.000000	4.7e-12
23.660000	0.000000	4.7e-12
23.670000	0.000000	4.6e-12
23.680000	0.000000	4.5e-12
23.690000	0.000000	4.5e-12
23.700000	0.000000	4.4e-12
23.710000	0.000000	4.3e-12
23.720000	0.000000	4.3e-12
23.730000	0.000000	4.2e-12
23.740000	0.000000	4.1e-12
23.750000	0.000000	4.1e-12
23.760000	0.000000	4.0e-12
23.770000	0.000000	3.9e-12
23.780000	0.000000	3.9e-12
23.790000	0.000000	3.8e-12
23.800000	0.000000	3.8e-12
23.810000	0.000000	3.7e-12
23.820000	0.000000	3.7e-12
23.830000	0.000000	3.6e-12
23.840000	0.000000	3.6e-12
23.850000	0.000000	3.5e-12
23.860000	0.000000	3.5e-12
23.870000	0.000000	3.5e-12
23.880000	0.000000	3.4e-12
23.890000	0.000000	3.4e-12
23.900000	0.000000	3.3e-12
23.910000	0.000000	3.3e-12
23.920000	0.000000	3.2e-12
23.930000	0.000000	3.2e-12
23.940000	0.000000	3.1e-12
23.950000	0.000000	3.1e-12
23.960000	0.000000	3.0e-12
23.970000	0.000000	3.0e-12
23.980000	0.000000	3.0e-12
23.990000	0.000000	2.9e-12
24.000000	0.000000	2.9e-12
24.010000	0.000000	2.8e-12
24.020000	0.000000	2.8e-12
24.030000	0.000000	2.7e-12
24.040000	0.000000	2.7e-12
24.050000	0.000000	2.6e-12
24.060000	0.000000	2.6e-12
24.070000	0.000000	2.6e-12
24.080000	0.000000	2.5e-12
24.090000	0.000000	2.5e-12
24.100000	0.000000	2.5e-12
24.110000	0.000000	2.4e-12
24.120000	0.000000	2.4e-12
24.130000	0.000000	2.4e-12
24.140000	0.000000	2.4e-12
24.150000	0.000000	2.3e-12
24.160000	0.000000	2.3e-12
24.170000	0.000000	2.3e-12
24.180000	0.000000	2.2e-12
24.190000	0.000000	2.2e-12
24.200000	0.000000	2.2e-12
24.210000	0.000000	2.1e-12
24.220000	0.000000	2.1e-12
24.230000	0.000000	2.1e-12
24.240000	0.000000	2.0e-12
24.250000	0.000000	2.0e-12
24.260000	0.000000	2.0e-12
24.270000	0.000000	2.0e-12
24.280000	0.000000	1.9e-12
24.290000	0.000000	1.9e-12
24.300000	0.000000	1.8e-12
24.310000	0.000000	1.8e-12
24.320000	0.000000	1.8e-12
24.330000	0.000000	1.8e-12
24.340000	0.000000	1.7e-12
24.350000	0.000000	1.7e-12
24.360000	0.000000	1.7e-12
24.370000	0.000000	1.7e-12
24.380000	0.000000	1.7e-12
24.390000	0.000000	1.6e-12
24.400000	0.000000	1.6e-12
24.410000	0.000000	1.6e-12
24.420000	0.000000	1.6e-12
24.430000	0.000000	1.6e-12
24.440000	0.000000	1.5e-12
24.450000	0.000000	1.5e-12
24.460000	0.000000	1.5e-12
24.470000	0.000000	1.5e-12
24.480000	0.000000	1.4e-12
24.490000	0.000000	1.4e-12
24.500000	0.000000	1.4e-12
24.510000	0.000000	1.4e-12
24.520000	0.000000	1.4e-12
24.530000	0.000000	1.3e-12
24.540000	0.000000	1.3e-12
24.550000	0.000000	1.3e-12
24.560000	0.000000	1.3e-12
24.570000	0.000000	1.3e-12
24.580000	0.000000	1.2e-12
24.590000	0.000000	1.2e-12
24.600000	0.000000	1.2e-12
24.610000	0.000000	1.2e-12
24.620000	0.000000	1.2e-12
24.630000	0.000000	1.2e-12
24.640000	0.000000	1.1e-12
24.650000	0.000000	1.1e-12
24.660000	0.000000	1.1e-12
24.670000	0.000000	1.1e-12
24.680000	0.000000	1.1e-12
24.690000	0.000000	1.1e-12
24.700000	0.000000	1.1e-12
24.710000	0.000000	1.0e-12
24.720000	0.000000	1.0e-12
24.730000	0.000000	1.0e-12
24.740000	0.000000	1.0e-12
24.750000	0.000000	9.9e-13
24.760000	0.000000	9.7e-13
24.770000	0.000000	9.6e-13
24.780000	0.000000	9.4e-13
24.790000	0.000000	9.3e-13
24.800000	0.000000	9.2e-13
24.810000	0.000000	9.0e-13
24.820000	0.000000	8.9e-13
24.830000	0.000000	8.7e-13
24.840000	0.000000	8.6e-13
24.850000	0.000000	8.5e-13
24.860000	0.000000	8.3e-13
24.870000	0.000000	8.2e-13
24.880000	0.000000	8.1e-13
24.890000	0.000000	7.9e-13
24.900000	0.000000	7.8e-13
24.910000	0.000000	7.7e-13
24.920000	0.000000	7.6e-13
24.930000	0.000000	7.6e-13
24.940000	0.000000	7.5e-13
24.950000	0.000000	7.4e-13
24.960000	0.000000	7.3e-13
24.970000	0.000000	7.2e-13
24.980000	0.000000	7.1e-13
24.990000	0.000000	7.0e-13
25.000000	0.000000	6.9e-13
25.010000	0.000000	6.8e-13
25.020000	0.000000	6.7e-13
25.030000	0.000000	6.6e-13
25.040000	0.000000	6.5e-13
25.050000	0.000000	6.4e-13
25.060000	0.000000	6.3e-13
25.070000	0.000000	6.3e-13
25.080000	0.000000	6.2e-13
25.090000	0.000000	6.1e-13
25.100000	0.000000	6.0e-13
25.110000	0.000000	5.9e-13
25.120000	0.000000	5.8e-13
25.130000	0.000000	5.7e-13
25.140000	0.000000	5.6e-13
25.150000	0.000000	5.5e-13
25.160000	0.000000	5.4e-13
25.170000	0.000000	5.3e-13
25.180000	0.000000	5.3e-13
25.190000	0.000000	5.2e-13
25.200000	0.000000	5.1e-13
25.210000	0.000000	5.1e-13
25.220000	0.000000	5.0e-13
25.230000	0.000000	4.9e-13
25.240000	0.000000	4.9e-13
25.250000	0.000000	4.8e-13
25.260000	0.000000	4.8e-13
25.270000	0.000000	4.7e-13
25.280000	0.000000	4.6e-13
25.290000	0.000000	4.6e-13
25.300000	0.000000	4.5e-13
25.310000	0.000000	4.4e-13
25.320000	0.000000	4.4e-13
25.330000	0.000000	4.3e-13
25.340000	0.000000	4.3e-13
25.350000	0.000000	4.2e-13
25.360000	0.000000	4.1e-13
25.370000	0.000000	4.1e-13
25.380000	0.000000	4.0e-13
25.390000	0.000000	4.0e-13
25.400000	0.000000	3.9e-13
25.410000	0.000000	3.8e-13
25.420000	0.000000	3.8e-13
25.430000	0.000000	3.7e-13
25.440000	0.000000	3.6e-13
25.450000	0.000000	3.6e-13
25.460000	0.000000	3.5e-13
25.470000	0.000000	3.5e-13
25.480000	0.000000	3.4e-13
25.490000	0.000000	3.4e-13
25.500000	0.000000	3.4e-13
25.510000	0.000000	3.3e-13
25.520000	0.000000	3.3e-13
25.530000	0.000000	3.2e-13
25.540000	0.000000	3.2e-13
25.550000	0.000000	3.2e-13
25.560000	0.000000	3.1e-13
25.570000	0.000000	3.1e-13
25.580000	0.000000	3.0e-13
25.590000	0.000000	3.0e-13
25.600000	0.000000	2.9e-13
25.610000	0.000000	2.9e-13
25.620000	0.000000	2.9e-13
25.630000	0.000000	2.8e-13
25.640000	0.000000	2.8e-13
25.650000	0.000000	2.7e-13
25.660000	0.000000	2.7e-13
25.670000	0.000000	2.7e-13
25.680000	0.000000	2.6e-13
25.690000	0.000000	2.6e-13
25.700000	0.000000	2.5e-13
25.710000	0.000000	2.5e-13
25.720000	0.000000	2.4e-13
25.730000	0.000000	2.4e-13
25.740000	0.000000	2.4e-13
25.750000	0.000000	2.3e-13
25.760000	0.000000	2.3e-13
25.770000	0.000000	2.3e-13
25.780000	0.000000	2.3e-13
25.790000	0.000000	2.2e-13
25.800000	0.000000	2.2e-13
25.810000	0.000000	2.2e-13
25.820000	0.000000	2.1e-13
25.830000	0.000000	2.1e-13
25.840000	0.000000	2.1e-13
25.850000	0.000000	2.1e-13
25.860000	0.000000	2.0e-13
25.870000	0.000000	2.0e-13
25.880000	0.000000	2.0e-13
25.890000	0.000000	2.0e-13
25.900000	0.000000	1.9e-13
25.910000	0.000000	1.9e-13
25.920000	0.000000	1.9e-13
25.930000	0.000000	1.8e-13
25.940000	0.000000	1.8e-13
25.950000	0.000000	1.8e-13
25.960000	0.000000	1.8e-13
25.970000	0.000000	1.7e-13
25.980000	0.000000	1.7e-13
25.990000	0.000000	1.7e-13
26.000000	0.000000	1.6e-13
26.010000	0.000000	1.6e-13
26.020000	0.000000	1.6e-13
26.030000	0.000000	1.6e-13
26.040000	0.000000	1.6e-13
26.050000	0.000000	1.5e-13
26.060000	0.000000	1.5e-13
26.070000	0.000000	1.5e-13
26.080000	0.000000	1.5e-13
26.090000	0.000000	1.5e-13
26.100000	0.000000	1.4e-13
26.110000	0.000000	1.4e-13
26.120000	0.000000	1.4e-13
26.130000	0.000000	1.4e-13
26.140000	0.000000	1.4e-13
26.150000	0.000000	1.4e-13
26.160000	0.000000	1.3e-13
26.170000	0.000000	1.3e-13
26.180000	0.000000	1.3e-13
26.190000	0.000000	1.3e-13
26.200000	0.000000	1.3e-13
26.210000	0.000000	1.2e-13
26.220000	0.000000	1.2e-13
26.230000	0.000000	1.2e-13
26.240000	0.000000	1.2e-13
26.250000	0.000000	1.2e-13
26.260000	0.000000	1.1e-13
26.270000	0.000000	1.1e-13
26.280000	0.000000	1.1e-13
26.290000	0.000000	1.1e-13
26.300000	0.000000	1.1e-13
26.310000	0.000000	1.1e-13
26.320000	0.000000	1.0e-13
26.330000	0.000000	1.0e-13
26.340000	0.000000	1.0e-13
26.350000	0.000000	1.0e-13
26.360000	0.000000	1.0e-13
26.370000	0.000000	9.8e-14
26.380000	0.000000	9.7e-14
26.390000	0.000000	9.6e-14
26.400000	0.000000	9.5e-14
26.410000	0.000000	9.3e-14
26.420000	0.000000	9.2e-14
26.430000	0.000000	9.1e-14
26.440000	0.000000	9.0e-14
26.450000	0.000000	8.8e-14
26.460000	0.000000	8.7e-14
26.470000	0.000000	8.6e-14
26.480000	0.000000	8.5e-14
26.490000	0.000000	8.3e-14
26.500000	0.000000	8.2e-14
26.510000	0.000000	8.1e-14
26.520000	0.000000	8.0e-14
26.530000	0.000000	7.8e-14
26.540000	0.000000	7.7e-14
26.550000	0.000000	7.6e-14
26.560000	0.000000	7.5e-14
26.570000	0.000000	7.3e-14
26.580000	0.000000	7.2e-14
26.590000	0.000000	7.1e-14
26.600000	0.000000	7.0e-14
26.610000	0.000000	7.0e-14
26.620000	0.000000	6.9e-14
26.630000	0.000000	6.8e-14
26.640000	0.000000	6.7e-14
26.650000	0.000000	6.6e-14
26.660000	0.000000	6.5e-14
26.670000	0.000000	6.4e-14
26.680000	0.000000	6.4e-14
26.690000	0.000000	6.3e-14
26.700000	0.000000	6.2e-14
26.710000	0.000000	6.1e-14
26.720000	0.000000	6.0e-14
26.730000	0.000000	5.9e-14
26.740000	0.000000	5.9e-14
26.750000	0.000000	5.8e-14
26.760000	0.000000	5.7e-14
26.770000	0.000000	5.6e-14
26.780000	0.000000	5.5e-14
26.790000	0.000000	5.4e-14
26.800000	0.000000	5.3e-14
26.810000	0.000000	5.3e-14
26.820000	0.000000	5.2e-14
26.830000	0.000000	5.1e-14
26.840000	0.000000	5.0e-14
26.850000	0.000000	4.9e-14
26.860000	0.000000	4.9e-14
26.870000	0.000000	4.8e-14
26.880000	0.000000	4.7e-14
26.890000	0.000000	4.7e-14
26.900000	0.000000	4.6e-14
26.910000	0.000000	4.6e-14
26.920000	0.000000	4.5e-14
26.930000	0.000000	4.4e-14
26.940000	0.000000	4.4e-14
26.950000	0.000000	4.3e-14
26.960000	0.000000	4.3e-14
26.970000	0.000000	4.2e-14
26.980000	0.000000	4.2e-14
26.990000	0.000000	4.1e-14
27.000000	0.000000	4.0e-14
27.010000	0.000000	4.0e-14
27.020000	0.000000	3.9e-14
27.030000	0.000000	3.9e-14
27.040000	0.000000	3.8e-14
27.050000	0.000000	3.8e-14
27.060000	0.000000	3.7e-14
27.070000	0.000000	3.7e-14
27.080000	0.000000	3.6e-14
27.090000	0.000000	3.5e-14
27.100000	0.000000	3.5e-14
27.110000	0.000000	3.4e-14
27.120000	0.000000	3.4e-14
27.130000	0.000000	3.3e-14
27.140000	0.000000	3.3e-14
27.150000	0.000000	3.2e-14
27.160000	0.000000	3.2e-14
27.170000	0.000000	3.1e-14
27.180000	0.000000	3.1e-14
27.190000	0.000000	3.1e-14
27.200000	0.000000	3.0e-14
27.210000	0.000000	3.0e-14
27.220000	0.000000	3.0e-14
27.230000	0.000000	2.9e-14
27.240000	0.000000	2.9e-14
27.250000	0.000000	2.8e-14
27.260000	0.000000	2.8e-14
27.270000	0.000000	2.8e-14
27.280000	0.000000	2.7e-14
27.290000	0.000000	2.7e-14
27.300000	0.000000	2.6e-14
27.310000	0.000000	2.6e-14
27.320000	0.000000	2.6e-14
27.330000	0.000000	2.5e-14
27.340000	0.000000	2.5e-14
27.350000	0.000000	2.5e-14
27.360000	0.000000	2.4e-14
27.370000	0.000000	2.4e-14
27.380000	0.000000	2.3e-14
27.390000	0.000000	2.3e-14
27.400000	0.000000	2.3e-14
27.410000	0.000000	2.2e-14
27.420000	0.000000	2.2e-14
27.430000	0.000000	2.2e-14
27.440000	0.000000	2.1e-14
27.450000	0.000000	2.1e-14
27.460000	0.000000	2.1e-14
27.470000	0.000000	2.1e-14
27.480000	0.000000	2.0e-14
27.490000	0.000000	2.0e-14
27.500000	0.000000	2.0e-14
27.510000	0.000000	2.0e-14
27.520000	0.000000	1.9e-14
27.530000	0.000000	1.9e-14
27.540000	0.000000	1.9e-14
27.550000	0.000000	1.9e-14
27.560000	0.000000	1.8e-14
27.570000	0.000000	1.8e-14
27.580000	0.000000	1.8e-14
27.590000	0.000000	1.8e-14
27.600000	0.000000	1.7e-14
27.610000	0.000000	1.7e-14
27.620000	0.000000	1.7e-14
27.630000	0.000000	1.7e-14
27.640000	0.000000	1.6e-14
27.650000	0.000000	1.6e-14
27.660000	0.000000	1.6e-14
27.670000	0.000000	1.6e-14
27.680000	0.000000	1.5e-14
27.690000	0.000000	1.5e-14
27.700000	0.000000	1.5e-14
27.710000	0.000000	1.5e-14
27.720000	0.000000	1.4e-14
27.730000	0.000000	1.4e-14
27.740000	0.000000	1.4e-14
27.750000	0.000000	1.4e-14
27.760000	0.000000	1.4e-14
27.770000	0.000000	1.4e-14
27.780000	0.000000	1.3e-14
27.790000	0.000000	1.3e-14
27.800000	0.000000	1.3e-14
27.810000	0.000000	1.3e-14
27.820000	0.000000	1.3e-14
27.830000	0.000000	1.3e-14
27.840000	0.000000	1.2e-14
27.850000	0.000000	1.2e-14
27.860000	0.000000	1.2e-14
27.870000	0.000000	1.2e-14
27.880000	0.000000	1.2e-14
27.890000	0.000000	1.1e-14
27.900000	0.000000	1.1e-14
27.910000	0.000000	1.1e-14
27.920000	0.000000	1.1e-14
27.930000	0.000000	1.1e-14
27.940000	0.000000	1.1e-14
27.950000	0.000000	1.0e-14
27.960000	0.000000	1.0e-14
27.970000	0.000000	1.0e-14
27.980000	0.000000	1.0e-14
27.990000	0.000000	9.8e-15
28.000000	0.000000	9.7e-15
28.010000	0.000000	9.6e-15
28.020000	0.000000	9.5e-15
28.030000	0.000000	9.4e-15
28.040000	0.000000	9.3e-15
28.050000	0.000000	9.1e-15
28.060000	0.000000	9.0e-15
28.070000	0.000000	8.9e-15
28.080000	0.000000	8.8e-15
28.090000	0.000000	8.7e-15
28.100000	0.000000	8.5e-15
28.110000	0.000000	8.4e-15
28.120000	0.000000	8.3e-15
28.130000	0.000000	8.2e-15
28.140000	0.000000	8.1e-15
28.150000	0.000000	8.0e-15
28.160000	0.000000	7.8e-15
28.170000	0.000000	7.7e-15
28.180000	0.000000	7.6e-15
28.190000	0.000000	7.5e-15
28.200000	0.000000	7.4e-15
28.210000	0.000000	7.3e-15
28.220000	0.000000	7.2e-15
28.230000	0.000000	7.1e-15
28.240000	0.000000	6.9e-15
28.250000	0.000000	6.8e-15
28.260000	0.000000	6.7e-15
28.270000	0.000000	6.6e-15
28.280000	0.000000	6.6e-15
28.290000	0.000000	6.5e-15
28.300000	0.000000	6.4e-15
28.310000	0.000000	6.3e-15
28.320000	0.000000	6.2e-15
28.330000	0.000000	6.1e-15
28.340000	0.000000	6.1e-15
28.350000	0.000000	6.0e-15
28.360000	0.000000	5.9e-15
28.370000	0.000000	5.8e-15
28.380000	0.000000	5.8e-15
28.390000	0.000000	5.7e-15
28.400000	0.000000	5.6e-15
28.410000	0.000000	5.5e-15
28.420000	0.000000	5.4e-15
28.430000	0.000000	5.4e-15
28.440000	0.000000	5.3e-15
28.450000	0.000000	5.2e-15
28.460000	0.000000	5.1e-15
28.470000	0.000000	5.1e-15
28.480000	0.000000	5.0e-15
28.490000	0.000000	4.9e-15
28.500000	0.000000	4.8e-15
28.510000	0.000000	4.8e-15
28.520000	0.000000	4.7e-15
28.530000	0.000000	4.6e-15
28.540000	0.000000	4.5e-15
28.550000	0.000000	4.5e-15
28.560000	0.000000	4.4e-15
28.570000	0.000000	4.4e-15
28.580000	0.000000	4.3e-15
28.590000	0.000000	4.2e-15
28.600000	0.000000	4.2e-15
28.610000	0.000000	4.1e-15
28.620000	0.000000	4.1e-15
28.630000	0.000000	4.0e-15
28.640000	0.000000	4.0e-15
28.650000	0.000000	3.9e-15
28.660000	0.000000	3.9e-15
28.670000	0.000000	3.8e-15
28.680000	0.000000	3.8e-15
28.690000	0.000000	3.7e-15
28.700000	0.000000	3.7e-15
28.710000	0.000000	3.6e-15
28.720000	0.000000	3.6e-15
28.730000	0.000000	3.5e-15
28.740000	0.000000	3.5e-15
28.750000	0.000000	3.4e-15
28.760000	0.000000	3.4e-15
28.770000	0.000000	3.3e-15
28.780000	0.000000	3.3e-15
28.790000	0.000000	3.2e-15
28.800000	0.000000	3.2e-15
28.810000	0.000000	3.1e-15
28.820000	0.000000	3.1e-15
28.830000	0.000000	3.0e-15
28.840000	0.000000	3.0e-15
28.850000	0.000000	2.9e-15
28.860000	0.000000	2.9e-15
28.870000	0.000000	2.9e-15
28.880000	0.000000	2.8e-15
28.890000	0.000000	2.8e-15
28.900000	0.000000	2.8e-15
28.910000	0.000000	2.7e-15
28.920000	0.000000	2.7e-15
28.930000	0.000000	2.6e-15
28.940000	0.000000	2.6e-15
28.950000	0.000000	2.6e-15
28.960000	0.000000	2.5e-15
28.970000	0.000000	2.5e-15
28.980000	0.000000	2.5e-15
28.990000	0.000000	2.4e-15
29.000000	0.000000	2.4e-15
29.010000	0.000000	2.4e-15
29.020000	0.000000	2.3e-15
29.030000	0.000000	2.3e-15
29.040000	0.000000	2.3e-15
29.050000	0.000000	2.2e-15
29.060000	0.000000	2.2e-15
29.070000	0.000000	2.2e-15
29.080000	0.000000	2.1e-15
29.090000	0.000000	2.1e-15
29.100000	0.000000	2.1e-15
29.110000	0.000000	2.0e-15
29.120000	0.000000	2.0e-15
29.130000	0.000000	2.0e-15
29.140000	0.000000	2.0e-15
29.150000	0.000000	1.9e-15
29.160000	0.000000	1.9e-15
29.170000	0.000000	1.9e-15
29.180000	0.000000	1.9e-15
29.190000	0.000000	1.8e-15
29.200000	0.000000	1.8e-15
29.210000	0.000000	1.8e-15
29.220000	0.000000	1.8e-15
29.230000	0.000000	1.7e-15
29.240000	0.000000	1.7e-15
29.250000	0.000000	1.7e-15
29.260000	0.000000	1.7e-15
29.270000	0.000000	1.6e-15
29.280000	0.000000	1.6e-15
29.290000	0.000000	1.6e-15
29.300000	0.000000	1.6e-15
29.310000	0.000000	1.5e-15
29.320000	0.000000	1.5e-15
29.330000	0.000000	1.5e-15
29.340000	0.000000	1.5e-15
29.350000	0.000000	1.5e-15
29.360000	0.000000	1.4e-15
29.370000	0.000000	1.4e-15
29.380000	0.000000	1.4e-15
29.390000	0.000000	1.4e-15
29.400000	0.000000	1.3e-15
29.410000	0.000000	1.3e-15
29.420000	0.000000	1.3e-15
29.430000	0.000000	1.3e-15
29.440000	0.000000	1.3e-15
29.450000	0.000000	1.3e-15
29.460000	0.000000	1.3e-15
29.470000	0.000000	1.2e-15
29.480000	0.000000	1.2e-15
29.490000	0.000000	1.2e-15
29.500000	0.000000	1.2e-15
29.510000	0.000000	1.2e-15
29.520000	0.000000	1.2e-15
29.530000	0.000000	1.1e-15
29.540000	0.000000	1.1e-15
29.550000	0.000000	1.1e-15
29.560000	0.000000	1.1e-15
29.570000	0.000000	1.1e-15
29.580000	0.000000	1.1e-15
29.590000	0.000000	1.0e-15
29.600000	0.000000	1.0e-15
29.610000	0.000000	1.0e-15
29.620000	0.000000	1.0e-15
29.630000	0.000000	9.8e-16
29.640000	0.000000	9.6e-16
29.650000	0.000000	9.5e-16
29.660000	0.000000	9.3e-16
29.670000	0.000000	9.2e-16
29.680000	0.000000	9.1e-16
29.690000	0.000000	9.0e-16
29.700000	0.000000	8.9e-16
29.710000	0.000000	8.7e-16
29.720000	0.000000	8.6e-16
29.730000	0.000000	8.5e-16
29.740000	0.000000	8.4e-16
29.750000	0.000000	8.3e-16
29.760000	0.000000	8.2e-16
29.770000	0.000000	8.1e-16
29.780000	0.000000	8.0e-16
29.790000	0.000000	7.9e-16
29.800000	0.000000	7.8e-16
29.810000	0.000000	7.7e-16
29.820000	0.000000	7.6e-16
29.830000	0.000000	7.5e-16
29.840000	0.000000	7.3e-16
29.850000	0.000000	7.2e-16
29.860000	0.000000	7.1e-16
29.870000	0.000000	7.0e-16
29.880000	0.000000	6.9e-16
29.890000	0.000000	6.8e-16
29.900000	0.000000	6.7e-16
29.910000	0.000000	6.6e-16
29.920000	0.000000	6.5e-16
29.930000	0.000000	6.4e-16
29.940000	0.000000	6.3e-16
29.950000	0.000000	6.2e-16
29.960000	0.000000	6.1e-16
29.970000	0.000000	6.0e-16
29.980000	0.000000	6.0e-16
29.990000	0.000000	5.9e-16
30.000000	0.000000	5.8e-16
30.010000	0.000000	5.7e-16
30.020000	0.000000	5.7e-16
30.030000	0.000000	5.6e-16
30.040000	0.000000	5.5e-16
30.050000	0.000000	5.5e-16
30.060000	0.000000	5.4e-16
30.070000	0.000000	5.3e-16
30.080000	0.000000	5.2e-16
30.090000	0.000000	5.2e-16
