0.100000	0.000000	204.558053
0.110000	0.000000	218.627687
0.120000	0.000000	127.922854
0.130000	0.000000	187.973792
0.140000	0.000000	119.379597
0.150000	0.000000	90.209245
0.160000	0.000000	90.353382
0.170000	0.000000	80.103660
0.180000	0.000000	174.562630
0.190000	0.000000	399.270327
0.200000	0.000000	519.746694
0.210000	0.000000	356.231298
0.220000	0.000000	172.469783
0.230000	0.000000	283.853496
0.240000	0.000000	172.575813
0.250000	0.000000	174.686322
0.260000	0.000000	127.477522
0.270000	0.000000	1588.707725
0.280000	0.000000	674.987906
0.290000	0.000000	137.733601
0.300000	0.000000	882.121660
0.310000	0.000000	405.113676
0.320000	0.000000	132.572238
0.330000	0.000000	129.239345
0.340000	0.000000	88.678442
0.350000	0.000000	50.850993
0.360000	0.000000	139.307960
0.370000	0.000000	204.539695
0.380000	0.000000	82.387751
0.390000	0.000000	76.126694
0.400000	0.000000	170.944602
0.410000	0.000000	58.033585
0.420000	0.000000	95.239503
0.430000	0.000000	52.725552
0.440000	0.000000	112.585727
0.450000	0.000000	71.775760
0.460000	0.000000	55.947498
0.470000	0.000000	36.707592
0.480000	0.000000	42.575097
0.490000	0.000000	37.653188
0.500000	0.000000	36.225828
0.510000	0.000000	35.413474
0.520000	0.000000	33.990506
0.530000	0.000000	33.639933
0.540000	0.000000	31.200823
0.550000	0.000000	31.615030
0.560000	0.000000	30.882620
0.570000	0.000000	29.286815
0.580000	0.000000	27.945770
0.590000	0.000000	28.346784
0.600000	0.000000	27.345761
0.610000	0.000000	27.433058
0.620000	0.000000	27.306148
0.630000	0.000000	26.823114
0.640000	0.000000	26.375450
0.650000	0.000000	36.236698
0.660000	0.000000	31.375358
0.670000	0.000000	26.002869
0.680000	0.000000	25.462042
0.690000	0.000000	27.317252
0.700000	0.000000	27.935580
0.710000	0.000000	34.958259
0.720000	0.000000	47.411280
0.730000	0.000000	27.023295
0.740000	0.000000	35.445664
0.750000	0.000000	24.755127
0.760000	0.000000	30.240764
0.770000	0.000000	39.665900
0.780000	0.000000	28.685115
0.790000	0.000000	27.942892
0.800000	0.000000	31.463819
0.810000	0.000000	28.750768
0.820000	0.000000	41.253305
0.830000	0.000000	33.271184
0.840000	0.000000	27.719240
0.850000	0.000000	30.317633
0.860000	0.000000	34.725254
0.870000	0.000000	34.095072
0.880000	0.000000	25.217105
0.890000	0.000000	26.075756
0.900000	0.000000	27.490769
0.910000	0.000000	30.427448
0.920000	0.000000	25.980105
0.930000	0.000000	21.973186
0.940000	0.000000	21.783419
0.950000	0.000000	22.634028
0.960000	0.000000	23.455526
0.970000	0.000000	20.785847
0.980000	0.000000	20.058812
0.990000	0.000000	20.776725
1.000000	0.000000	21.770152
1.010000	0.000000	24.345661
1.020000	0.000000	22.355504
1.030000	0.000000	18.382864
1.040000	0.000000	18.342541
1.050000	0.000000	18.247357
1.060000	0.000000	18.151827
1.070000	0.000000	19.245342
1.080000	0.000000	18.734748
1.090000	0.000000	18.673985
1.100000	0.000000	18.068976
1.110000	0.000000	17.535134
1.120000	0.000000	17.033167
1.130000	0.000000	16.306254
1.140000	0.000000	16.923495
1.150000	0.000000	16.213913
1.160000	0.000000	16.359920
1.170000	0.000000	16.206131
1.180000	0.000000	15.509860
1.190000	0.000000	14.908740
1.200000	0.000000	14.673780
1.210000	0.000000	14.493527
1.220000	0.000000	13.981328
1.230000	0.000000	13.548229
1.240000	0.000000	13.172555
1.250000	0.000000	12.857150
1.260000	0.000000	12.283515
1.270000	0.000000	12.326679
1.280000	0.000000	11.430453
1.290000	0.000000	11.573698
1.300000	0.000000	10.712707
1.310000	0.000000	11.027770
1.320000	0.000000	556.515036
1.330000	0.000000	445.528030
1.340000	0.000000	1021.627110
1.350000	0.000000	734.303828
1.360000	0.000000	7.947994
1.370000	0.000000	7.703510
1.380000	0.000000	7.422262
1.390000	0.000000	7.188317
1.400000	0.000000	6.963917
1.410000	0.000000	6.675464
1.420000	0.000000	6.477808
1.430000	0.000000	7.852120
1.440000	0.000000	33.756012
1.450000	0.000000	31.921807
1.460000	0.000000	467.176297
1.470000	0.000000	877.722597
1.480000	0.000000	225.495887
1.490000	0.000000	4.584585
1.500000	0.000000	4.508631
1.510000	0.000000	4.537569
1.520000	0.000000	4.769072
1.530000	0.000000	10.143732
1.540000	0.000000	11.761526
1.550000	0.000000	4.326064
1.560000	0.000000	22.467442
1.570000	0.000000	101.997191
1.580000	0.000000	207.385878
1.590000	0.000000	131.116452
1.600000	0.000000	7.470932
1.610000	0.000000	5.205966
1.620000	0.000000	3.796264
1.630000	0.000000	5.256753
1.640000	0.000000	4.357447
1.650000	0.000000	52.101032
1.660000	0.000000	23.188466
1.670000	0.000000	3.134340
1.680000	0.000000	3.622369
1.690000	0.000000	21.690382
1.700000	0.000000	33.081096
1.710000	0.000000	22.235836
1.720000	0.000000	31.511976
1.730000	0.000000	87.811331
1.740000	0.000000	135.696035
1.750000	0.000000	2.417936
1.760000	0.000000	3.284478
1.770000	0.000000	4.027689
1.780000	0.000000	3.647094
1.790000	0.000000	5.095073
1.800000	0.000000	3.394621
1.810000	0.000000	4.145345
1.820000	0.000000	7.656645
1.830000	0.000000	431.008188
1.840000	0.000000	374.910187
1.850000	0.000000	722.540917
1.860000	0.000000	596.013343
1.870000	0.000000	22.703920
1.880000	0.000000	15.643246
1.890000	0.000000	2.153641
1.900000	0.000000	5.035612
1.910000	0.000000	12.572834
1.920000	0.000000	8.612657
1.930000	0.000000	8.532541
1.940000	0.000000	4.007416
1.950000	0.000000	2.277432
1.960000	0.000000	7.542229
1.970000	0.000000	13.803214
1.980000	0.000000	13.507035
1.990000	0.000000	16.963169
2.000000	0.000000	134.427931
2.010000	0.000000	79.280204
2.020000	0.000000	3.910313
2.030000	0.000000	4.213061
2.040000	0.000000	5.952864
2.050000	0.000000	7.020552
2.060000	0.000000	3.365192
2.070000	0.000000	2.975425
2.080000	0.000000	2.960596
2.090000	0.000000	3.042912
2.100000	0.000000	3.289478
2.110000	0.000000	4.031684
2.120000	0.000000	3.935519
2.130000	0.000000	21.282371
2.140000	0.000000	6.020670
2.150000	0.000000	4.046700
2.160000	0.000000	3.116095
2.170000	0.000000	71.071850
2.180000	0.000000	46.073511
2.190000	0.000000	2.454269
2.200000	0.000000	2.726932
2.210000	0.000000	2.812183
2.220000	0.000000	5.303228
2.230000	0.000000	8.942048
2.240000	0.000000	3.065515
2.250000	0.000000	2.742797
2.260000	0.000000	2.634095
2.270000	0.000000	5.999269
2.280000	0.000000	3.384765
2.290000	0.000000	34.234249
2.300000	0.000000	5.785648
2.310000	0.000000	2.320329
2.320000	0.000000	3.054758
2.330000	0.000000	2.679057
2.340000	0.000000	11.847843
2.350000	0.000000	8.443232
2.360000	0.000000	6.083810
2.370000	0.000000	13.849749
2.380000	0.000000	13.985470
2.390000	0.000000	6.154213
2.400000	0.000000	4.944043
2.410000	0.000000	4.304172
2.420000	0.000000	1.725361
2.430000	0.000000	2.010502
2.440000	0.000000	2.519461
2.450000	0.000000	2.468761
2.460000	0.000000	2.311577
2.470000	0.000000	2.269588
2.480000	0.000000	2.292057
2.490000	0.000000	2.256322
2.500000	0.000000	5.569554
2.510000	0.000000	3.990624
2.520000	0.000000	2.098271
2.530000	0.000000	2.063954
2.540000	0.000000	2.030187
2.550000	0.000000	2.772806
2.560000	0.000000	3.417620
2.570000	0.000000	1.929626
2.580000	0.000000	1.895910
2.590000	0.000000	1.989708
2.600000	0.000000	2.897932
2.610000	0.000000	2.463512
2.620000	0.000000	1.765978
2.630000	0.000000	2.366457
2.640000	0.000000	1.948641
2.650000	0.000000	1.698796
2.660000	0.000000	1.635572
2.670000	0.000000	1.698409
2.680000	0.000000	1.718608
2.690000	0.000000	1.695382
2.700000	0.000000	1.670522
2.710000	0.000000	1.645626
2.720000	0.000000	1.620699
2.730000	0.000000	1.595844
2.740000	0.000000	1.571280
2.750000	0.000000	1.547247
2.760000	0.000000	1.521816
2.770000	0.000000	1.497606
2.780000	0.000000	1.474282
2.790000	0.000000	1.446157
2.800000	0.000000	1.421631
2.810000	0.000000	1.397186
2.820000	0.000000	1.372745
2.830000	0.000000	1.348312
2.840000	0.000000	1.323891
2.850000	0.000000	1.299476
2.860000	0.000000	1.275065
2.870000	0.000000	1.250830
2.880000	0.000000	1.228162
2.890000	0.000000	1.207609
2.900000	0.000000	1.187573
2.910000	0.000000	1.167866
2.920000	0.000000	1.149522
2.930000	0.000000	1.132578
2.940000	0.000000	1.115732
2.950000	0.000000	1.098238
2.960000	0.000000	1.080935
2.970000	0.000000	1.064084
2.980000	0.000000	1.047252
2.990000	0.000000	1.030435
3.000000	0.000000	1.013778
3.010000	0.000000	0.997201
3.020000	0.000000	0.980642
3.030000	0.000000	0.964142
3.040000	0.000000	0.947628
3.050000	0.000000	0.931051
3.060000	0.000000	0.914486
3.070000	0.000000	0.898003
3.080000	0.000000	0.881629
3.090000	0.000000	0.866820
3.100000	0.000000	0.859864
3.110000	0.000000	0.835255
3.120000	0.000000	0.824663
3.130000	0.000000	0.820944
3.140000	0.000000	0.792838
3.150000	0.000000	0.777280
3.160000	0.000000	0.763971
3.170000	0.000000	0.751996
3.180000	0.000000	0.740611
3.190000	0.000000	0.729334
3.200000	0.000000	0.718147
3.210000	0.000000	0.706914
3.220000	0.000000	0.695608
3.230000	0.000000	0.684413
3.240000	0.000000	0.673324
3.250000	0.000000	0.662267
3.260000	0.000000	0.651234
3.270000	0.000000	0.640300
3.280000	0.000000	0.629128
3.290000	0.000000	0.617331
3.300000	0.000000	0.606288
3.310000	0.000000	0.595269
3.320000	0.000000	0.584245
3.330000	0.000000	0.573176
3.340000	0.000000	0.562777
3.350000	0.000000	0.553345
3.360000	0.000000	0.544236
3.370000	0.000000	0.535110
3.380000	0.000000	0.526002
3.390000	0.000000	0.516919
3.400000	0.000000	0.508196
3.410000	0.000000	0.500275
3.420000	0.000000	0.492689
3.430000	0.000000	0.485144
3.440000	0.000000	0.477642
3.450000	0.000000	0.469983
3.460000	0.000000	0.462069
3.470000	0.000000	0.454900
3.480000	0.000000	0.447300
3.490000	0.000000	0.439939
3.500000	0.000000	0.432707
3.510000	0.000000	0.425174
3.520000	0.000000	0.417681
3.530000	0.000000	0.410293
3.540000	0.000000	0.402915
3.550000	0.000000	0.395541
3.560000	0.000000	0.388168
3.570000	0.000000	0.381024
3.580000	0.000000	0.374545
3.590000	0.000000	0.368478
3.600000	0.000000	0.362481
3.610000	0.000000	0.357149
3.620000	0.000000	0.350243
3.630000	0.000000	0.343731
3.640000	0.000000	0.338184
3.650000	0.000000	0.333016
3.660000	0.000000	0.327930
3.670000	0.000000	0.322893
3.680000	0.000000	0.318342
3.690000	0.000000	0.313094
3.700000	0.000000	0.307759
3.710000	0.000000	0.302784
3.720000	0.000000	0.297840
3.730000	0.000000	0.292900
3.740000	0.000000	0.287963
3.750000	0.000000	0.283023
3.760000	0.000000	0.278080
3.770000	0.000000	0.273167
3.780000	0.000000	0.268503
3.790000	0.000000	0.263228
3.800000	0.000000	0.258057
3.810000	0.000000	0.253467
3.820000	0.000000	0.249314
3.830000	0.000000	0.245256
3.840000	0.000000	0.241336
3.850000	0.000000	0.238355
3.860000	0.000000	0.234963
3.870000	0.000000	0.230607
3.880000	0.000000	0.226532
3.890000	0.000000	0.223679
3.900000	0.000000	0.220386
3.910000	0.000000	0.215487
3.920000	0.000000	0.212097
3.930000	0.000000	0.208720
3.940000	0.000000	0.205357
3.950000	0.000000	0.202034
3.960000	0.000000	0.198632
3.970000	0.000000	0.195200
3.980000	0.000000	0.191888
3.990000	0.000000	0.188582
4.000000	0.000000	0.185309
4.010000	0.000000	0.181984
4.020000	0.000000	0.178667
4.030000	0.000000	0.175379
4.040000	0.000000	0.172135
4.050000	0.000000	0.169126
4.060000	0.000000	0.166366
4.070000	0.000000	0.163636
4.080000	0.000000	0.160909
4.090000	0.000000	0.158183
4.100000	0.000000	0.155520
4.110000	0.000000	0.153131
4.120000	0.000000	0.150846
4.130000	0.000000	0.148397
4.140000	0.000000	0.146108
4.150000	0.000000	0.143824
4.160000	0.000000	0.141554
4.170000	0.000000	0.139293
4.180000	0.000000	0.137049
4.190000	0.000000	0.134829
4.200000	0.000000	0.132619
4.210000	0.000000	0.130410
4.220000	0.000000	0.128201
4.230000	0.000000	0.125996
4.240000	0.000000	0.123791
4.250000	0.000000	0.121579
4.260000	0.000000	0.119370
4.270000	0.000000	0.117165
4.280000	0.000000	0.114981
4.290000	0.000000	0.113011
4.300000	0.000000	0.111100
4.310000	0.000000	0.109280
4.320000	0.000000	0.107459
4.330000	0.000000	0.105645
4.340000	0.000000	0.103923
4.350000	0.000000	0.102343
4.360000	0.000000	0.100812
4.370000	0.000000	0.099280
4.380000	0.000000	0.097749
4.390000	0.000000	0.096217
4.400000	0.000000	0.094690
4.410000	0.000000	0.093171
4.420000	0.000000	0.091663
4.430000	0.000000	0.090174
4.440000	0.000000	0.088696
4.450000	0.000000	0.087219
4.460000	0.000000	0.085699
4.470000	0.000000	0.084170
4.480000	0.000000	0.082708
4.490000	0.000000	0.081219
4.500000	0.000000	0.079892
4.510000	0.000000	0.078347
4.520000	0.000000	0.076850
4.530000	0.000000	0.075546
4.540000	0.000000	0.074325
4.550000	0.000000	0.073106
4.560000	0.000000	0.071890
4.570000	0.000000	0.070738
4.580000	0.000000	0.069681
4.590000	0.000000	0.068599
4.600000	0.000000	0.067580
4.610000	0.000000	0.066561
4.620000	0.000000	0.065543
4.630000	0.000000	0.064477
4.640000	0.000000	0.063436
4.650000	0.000000	0.062420
4.660000	0.000000	0.061411
4.670000	0.000000	0.060419
4.680000	0.000000	0.059438
4.690000	0.000000	0.058458
4.700000	0.000000	0.057482
4.710000	0.000000	0.056521
4.720000	0.000000	0.055551
4.730000	0.000000	0.054557
4.740000	0.000000	0.053560
4.750000	0.000000	0.052570
4.760000	0.000000	0.051609
4.770000	0.000000	0.050728
4.780000	0.000000	0.049919
4.790000	0.000000	0.049110
4.800000	0.000000	0.048253
4.810000	0.000000	0.047483
4.820000	0.000000	0.046840
4.830000	0.000000	0.046127
4.840000	0.000000	0.045432
4.850000	0.000000	0.044753
4.860000	0.000000	0.044071
4.870000	0.000000	0.043387
4.880000	0.000000	0.042706
4.890000	0.000000	0.042026
4.900000	0.000000	0.041346
4.910000	0.000000	0.040673
4.920000	0.000000	0.040013
4.930000	0.000000	0.039362
4.940000	0.000000	0.038699
4.950000	0.000000	0.038043
4.960000	0.000000	0.037382
4.970000	0.000000	0.036686
4.980000	0.000000	0.036034
4.990000	0.000000	0.035374
5.000000	0.000000	0.034725
5.010000	0.000000	0.034145
5.020000	0.000000	0.033600
5.030000	0.000000	0.033059
5.040000	0.000000	0.032529
5.050000	0.000000	0.032041
5.060000	0.000000	0.031585
5.070000	0.000000	0.031131
5.080000	0.000000	0.030678
5.090000	0.000000	0.030224
5.100000	0.000000	0.029771
5.110000	0.000000	0.029318
5.120000	0.000000	0.028865
5.130000	0.000000	0.028403
5.140000	0.000000	0.027929
5.150000	0.000000	0.027477
5.160000	0.000000	0.027030
5.170000	0.000000	0.026591
5.180000	0.000000	0.026154
5.190000	0.000000	0.025717
5.200000	0.000000	0.025280
5.210000	0.000000	0.024844
5.220000	0.000000	0.024407
5.230000	0.000000	0.023970
5.240000	0.000000	0.023538
5.250000	0.000000	0.023129
5.260000	0.000000	0.022763
5.270000	0.000000	0.022404
5.280000	0.000000	0.022045
5.290000	0.000000	0.021691
5.300000	0.000000	0.021367
5.310000	0.000000	0.021054
5.320000	0.000000	0.020751
5.330000	0.000000	0.020448
5.340000	0.000000	0.020145
5.350000	0.000000	0.019842
5.360000	0.000000	0.019539
5.370000	0.000000	0.019237
5.380000	0.000000	0.018934
5.390000	0.000000	0.018631
5.400000	0.000000	0.018330
5.410000	0.000000	0.018031
5.420000	0.000000	0.017735
5.430000	0.000000	0.017442
5.440000	0.000000	0.017150
5.450000	0.000000	0.016858
5.460000	0.000000	0.016566
5.470000	0.000000	0.016260
5.480000	0.000000	0.015962
5.490000	0.000000	0.015682
5.500000	0.000000	0.015434
5.510000	0.000000	0.015192
5.520000	0.000000	0.014952
5.530000	0.000000	0.014712
5.540000	0.000000	0.014484
5.550000	0.000000	0.014273
5.560000	0.000000	0.014070
5.570000	0.000000	0.013867
5.580000	0.000000	0.013665
5.590000	0.000000	0.013462
5.600000	0.000000	0.013259
5.610000	0.000000	0.013057
5.620000	0.000000	0.012854
5.630000	0.000000	0.012653
5.640000	0.000000	0.012437
5.650000	0.000000	0.012235
5.660000	0.000000	0.012035
5.670000	0.000000	0.011836
5.680000	0.000000	0.011639
5.690000	0.000000	0.011442
5.700000	0.000000	0.011247
5.710000	0.000000	0.011052
5.720000	0.000000	0.010856
5.730000	0.000000	0.010664
5.740000	0.000000	0.010486
5.750000	0.000000	0.010324
5.760000	0.000000	0.010163
5.770000	0.000000	0.010003
5.780000	0.000000	0.009842
5.790000	0.000000	0.009687
5.800000	0.000000	0.009547
5.810000	0.000000	0.009404
5.820000	0.000000	0.009268
5.830000	0.000000	0.009132
5.840000	0.000000	0.008997
5.850000	0.000000	0.008861
5.860000	0.000000	0.008726
5.870000	0.000000	0.008590
5.880000	0.000000	0.008455
5.890000	0.000000	0.008319
5.900000	0.000000	0.008185
5.910000	0.000000	0.008052
5.920000	0.000000	0.007919
5.930000	0.000000	0.007785
5.940000	0.000000	0.007653
5.950000	0.000000	0.007522
5.960000	0.000000	0.007391
5.970000	0.000000	0.007257
5.980000	0.000000	0.007125
5.990000	0.000000	0.007015
6.000000	0.000000	0.006907
6.010000	0.000000	0.006799
6.020000	0.000000	0.006692
6.030000	0.000000	0.006584
6.040000	0.000000	0.006482
6.050000	0.000000	0.006388
6.060000	0.000000	0.006297
6.070000	0.000000	0.006207
6.080000	0.000000	0.006116
6.090000	0.000000	0.006025
6.100000	0.000000	0.005934
6.110000	0.000000	0.005844
6.120000	0.000000	0.005753
6.130000	0.000000	0.005662
6.140000	0.000000	0.005568
6.150000	0.000000	0.005476
6.160000	0.000000	0.005387
6.170000	0.000000	0.005298
6.180000	0.000000	0.005209
6.190000	0.000000	0.005120
6.200000	0.000000	0.005031
6.210000	0.000000	0.004943
6.220000	0.000000	0.004856
6.230000	0.000000	0.004776
6.240000	0.000000	0.004702
6.250000	0.000000	0.004630
6.260000	0.000000	0.004558
6.270000	0.000000	0.004486
6.280000	0.000000	0.004414
6.290000	0.000000	0.004344
6.300000	0.000000	0.004282
6.310000	0.000000	0.004218
6.320000	0.000000	0.004157
6.330000	0.000000	0.004096
6.340000	0.000000	0.004035
6.350000	0.000000	0.003974
6.360000	0.000000	0.003914
6.370000	0.000000	0.003853
6.380000	0.000000	0.003792
6.390000	0.000000	0.003732
6.400000	0.000000	0.003672
6.410000	0.000000	0.003617
6.420000	0.000000	0.003568
6.430000	0.000000	0.003510
6.440000	0.000000	0.003436
6.450000	0.000000	0.003381
6.460000	0.000000	0.003332
6.470000	0.000000	0.003269
6.480000	0.000000	0.003203
6.490000	0.000000	0.003188
6.500000	0.000000	0.003139
6.510000	0.000000	0.003065
6.520000	0.000000	0.003010
6.530000	0.000000	0.002969
6.540000	0.000000	0.002923
6.550000	0.000000	0.002874
6.560000	0.000000	0.002830
6.570000	0.000000	0.002792
6.580000	0.000000	0.002754
6.590000	0.000000	0.002709
6.600000	0.000000	0.002668
6.610000	0.000000	0.002628
6.620000	0.000000	0.002587
6.630000	0.000000	0.002545
6.640000	0.000000	0.002504
6.650000	0.000000	0.002463
6.660000	0.000000	0.002422
6.670000	0.000000	0.002382
6.680000	0.000000	0.002342
6.690000	0.000000	0.002302
6.700000	0.000000	0.002262
6.710000	0.000000	0.002222
6.720000	0.000000	0.002184
6.730000	0.000000	0.002150
6.740000	0.000000	0.002117
6.750000	0.000000	0.002085
6.760000	0.000000	0.002052
6.770000	0.000000	0.002020
6.780000	0.000000	0.001988
6.790000	0.000000	0.001956
6.800000	0.000000	0.001927
6.810000	0.000000	0.001899
6.820000	0.000000	0.001871
6.830000	0.000000	0.001844
6.840000	0.000000	0.001816
6.850000	0.000000	0.001789
6.860000	0.000000	0.001762
6.870000	0.000000	0.001735
6.880000	0.000000	0.001708
6.890000	0.000000	0.001681
6.900000	0.000000	0.001654
6.910000	0.000000	0.001627
6.920000	0.000000	0.001600
6.930000	0.000000	0.001574
6.940000	0.000000	0.001547
6.950000	0.000000	0.001520
6.960000	0.000000	0.001493
6.970000	0.000000	0.001468
6.980000	0.000000	0.001444
6.990000	0.000000	0.001422
7.000000	0.000000	0.001400
7.010000	0.000000	0.001378
7.020000	0.000000	0.001357
7.030000	0.000000	0.001335
7.040000	0.000000	0.001314
7.050000	0.000000	0.001294
7.060000	0.000000	0.001275
7.070000	0.000000	0.001257
7.080000	0.000000	0.001239
7.090000	0.000000	0.001221
7.100000	0.000000	0.001203
7.110000	0.000000	0.001184
7.120000	0.000000	0.001166
7.130000	0.000000	0.001148
7.140000	0.000000	0.001130
7.150000	0.000000	0.001111
7.160000	0.000000	0.001093
7.170000	0.000000	0.001075
7.180000	0.000000	0.001057
7.190000	0.000000	0.001039
7.200000	0.000000	0.001021
7.210000	0.000000	0.001003
7.220000	0.000000	0.000987
7.230000	0.000000	0.000972
7.240000	0.000000	0.000957
7.250000	0.000000	0.000942
7.260000	0.000000	0.000928
7.270000	0.000000	0.000913
7.280000	0.000000	0.000899
7.290000	0.000000	0.000884
7.300000	0.000000	0.000870
7.310000	0.000000	0.000858
7.320000	0.000000	0.000845
7.330000	0.000000	0.000833
7.340000	0.000000	0.000821
7.350000	0.000000	0.000808
7.360000	0.000000	0.000796
7.370000	0.000000	0.000784
7.380000	0.000000	0.000772
7.390000	0.000000	0.000760
7.400000	0.000000	0.000748
7.410000	0.000000	0.000736
7.420000	0.000000	0.000724
7.430000	0.000000	0.000712
7.440000	0.000000	0.000700
7.450000	0.000000	0.000688
7.460000	0.000000	0.000676
7.470000	0.000000	0.000665
7.480000	0.000000	0.000654
7.490000	0.000000	0.000644
7.500000	0.000000	0.000634
7.510000	0.000000	0.000625
7.520000	0.000000	0.000615
7.530000	0.000000	0.000605
7.540000	0.000000	0.000595
7.550000	0.000000	0.000586
7.560000	0.000000	0.000577
7.570000	0.000000	0.000569
7.580000	0.000000	0.000561
7.590000	0.000000	0.000553
7.600000	0.000000	0.000545
7.610000	0.000000	0.000536
7.620000	0.000000	0.000528
7.630000	0.000000	0.000520
7.640000	0.000000	0.000512
7.650000	0.000000	0.000504
7.660000	0.000000	0.000495
7.670000	0.000000	0.000487
7.680000	0.000000	0.000479
7.690000	0.000000	0.000471
7.700000	0.000000	0.000463
7.710000	0.000000	0.000455
7.720000	0.000000	0.000448
7.730000	0.000000	0.000441
7.740000	0.000000	0.000434
7.750000	0.000000	0.000428
7.760000	0.000000	0.000421
7.770000	0.000000	0.000415
7.780000	0.000000	0.000408
7.790000	0.000000	0.000402
7.800000	0.000000	0.000395
7.810000	0.000000	0.000389
7.820000	0.000000	0.000383
7.830000	0.000000	0.000378
7.840000	0.000000	0.000372
7.850000	0.000000	0.000367
7.860000	0.000000	0.000361
7.870000	0.000000	0.000356
7.880000	0.000000	0.000350
7.890000	0.000000	0.000345
7.900000	0.000000	0.000339
7.910000	0.000000	0.000334
7.920000	0.000000	0.000329
7.930000	0.000000	0.000323
7.940000	0.000000	0.000318
7.950000	0.000000	0.000313
7.960000	0.000000	0.000307
7.970000	0.000000	0.000302
7.980000	0.000000	0.000298
7.990000	0.000000	0.000293
8.000000	0.000000	0.000288
8.010000	0.000000	0.000284
8.020000	0.000000	0.000280
8.030000	0.000000	0.000275
8.040000	0.000000	0.000271
8.050000	0.000000	0.000266
8.060000	0.000000	0.000262
8.070000	0.000000	0.000258
8.080000	0.000000	0.000255
8.090000	0.000000	0.000251
8.100000	0.000000	0.000247
8.110000	0.000000	0.000244
8.120000	0.000000	0.000240
8.130000	0.000000	0.000237
8.140000	0.000000	0.000233
8.150000	0.000000	0.000229
8.160000	0.000000	0.000225
8.170000	0.000000	0.000222
8.180000	0.000000	0.000218
8.190000	0.000000	0.000215
8.200000	0.000000	0.000211
8.210000	0.000000	0.000207
8.220000	0.000000	0.000204
8.230000	0.000000	0.000201
8.240000	0.000000	0.000198
8.250000	0.000000	0.000195
8.260000	0.000000	0.000192
8.270000	0.000000	0.000189
8.280000	0.000000	0.000186
8.290000	0.000000	0.000183
8.300000	0.000000	0.000180
8.310000	0.000000	0.000177
8.320000	0.000000	0.000174
8.330000	0.000000	0.000172
8.340000	0.000000	0.000169
8.350000	0.000000	0.000167
8.360000	0.000000	0.000164
8.370000	0.000000	0.000162
8.380000	0.000000	0.000160
8.390000	0.000000	0.000157
8.400000	0.000000	0.000155
8.410000	0.000000	0.000152
8.420000	0.000000	0.000150
8.430000	0.000000	0.000147
8.440000	0.000000	0.000145
8.450000	0.000000	0.000143
8.460000	0.000000	0.000140
8.470000	0.000000	0.000138
8.480000	0.000000	0.000136
8.490000	0.000000	0.000134
8.500000	0.000000	0.000132
8.510000	0.000000	0.000130
8.520000	0.000000	0.000128
8.530000	0.000000	0.000126
8.540000	0.000000	0.000124
8.550000	0.000000	0.000122
8.560000	0.000000	0.000120
8.570000	0.000000	0.000118
8.580000	0.000000	0.000116
8.590000	0.000000	0.000114
8.600000	0.000000	0.000113
8.610000	0.000000	0.000111
8.620000	0.000000	0.000110
8.630000	0.000000	0.000108
8.640000	0.000000	0.000106
8.650000	0.000000	0.000105
8.660000	0.000000	0.000103
8.670000	0.000000	0.000101
8.680000	0.000000	0.000100
8.690000	0.000000	0.000098
8.700000	0.000000	0.000096
8.710000	0.000000	0.000095
8.720000	0.000000	0.000093
8.730000	0.000000	0.000092
8.740000	0.000000	0.000090
8.750000	0.000000	0.000089
8.760000	0.000000	0.000088
8.770000	0.000000	0.000086
8.780000	0.000000	0.000085
8.790000	0.000000	0.000084
8.800000	0.000000	0.000082
8.810000	0.000000	0.000081
8.820000	0.000000	0.000080
8.830000	0.000000	0.000078
8.840000	0.000000	0.000077
8.850000	0.000000	0.000076
8.860000	0.000000	0.000075
8.870000	0.000000	0.000074
8.880000	0.000000	0.000073
8.890000	0.000000	0.000072
8.900000	0.000000	0.000071
8.910000	0.000000	0.000070
8.920000	0.000000	0.000069
8.930000	0.000000	0.000067
8.940000	0.000000	0.000066
8.950000	0.000000	0.000065
8.960000	0.000000	0.000064
8.970000	0.000000	0.000063
8.980000	0.000000	0.000062
8.990000	0.000000	0.000061
9.000000	0.000000	0.000060
9.010000	0.000000	0.000059
9.020000	0.000000	0.000058
9.030000	0.000000	0.000058
9.040000	0.000000	0.000057
9.050000	0.000000	0.000056
9.060000	0.000000	0.000055
9.070000	0.000000	0.000054
9.080000	0.000000	0.000053
9.090000	0.000000	0.000052
9.100000	0.000000	0.000052
9.110000	0.000000	0.000051
9.120000	0.000000	0.000050
9.130000	0.000000	0.000049
9.140000	0.000000	0.000049
9.150000	0.000000	0.000048
9.160000	0.000000	0.000047
9.170000	0.000000	0.000046
9.180000	0.000000	0.000046
9.190000	0.000000	0.000045
9.200000	0.000000	0.000044
9.210000	0.000000	0.000043
9.220000	0.000000	0.000043
9.230000	0.000000	0.000042
9.240000	0.000000	0.000041
9.250000	0.000000	0.000041
9.260000	0.000000	0.000040
9.270000	0.000000	0.000040
9.280000	0.000000	0.000039
9.290000	0.000000	0.000038
9.300000	0.000000	0.000038
9.310000	0.000000	0.000037
9.320000	0.000000	0.000037
9.330000	0.000000	0.000036
9.340000	0.000000	0.000035
9.350000	0.000000	0.000035
9.360000	0.000000	0.000034
9.370000	0.000000	0.000034
9.380000	0.000000	0.000033
9.390000	0.000000	0.000033
9.400000	0.000000	0.000032
9.410000	0.000000	0.000032
9.420000	0.000000	0.000031
9.430000	0.000000	0.000031
9.440000	0.000000	0.000030
9.450000	0.000000	0.000030
9.460000	0.000000	0.000029
9.470000	0.000000	0.000029
9.480000	0.000000	0.000028
9.490000	0.000000	0.000028
9.500000	0.000000	0.000028
9.510000	0.000000	0.000027
9.520000	0.000000	0.000027
9.530000	0.000000	0.000026
9.540000	0.000000	0.000026
9.550000	0.000000	0.000026
9.560000	0.000000	0.000025
9.570000	0.000000	0.000025
9.580000	0.000000	0.000024
9.590000	0.000000	0.000024
9.600000	0.000000	0.000024
9.610000	0.000000	0.000023
9.620000	0.000000	0.000023
9.630000	0.000000	0.000023
9.640000	0.000000	0.000022
9.650000	0.000000	0.000022
9.660000	0.000000	0.000022
9.670000	0.000000	0.000021
9.680000	0.000000	0.000021
9.690000	0.000000	0.000021
9.700000	0.000000	0.000020
9.710000	0.000000	0.000020
9.720000	0.000000	0.000020
9.730000	0.000000	0.000019
9.740000	0.000000	0.000019
9.750000	0.000000	0.000019
9.760000	0.000000	0.000018
9.770000	0.000000	0.000018
9.780000	0.000000	0.000018
9.790000	0.000000	0.000018
9.800000	0.000000	0.000017
9.810000	0.000000	0.000017
9.820000	0.000000	0.000017
9.830000	0.000000	0.000017
9.840000	0.000000	0.000016
9.850000	0.000000	0.000016
9.860000	0.000000	0.000016
9.870000	0.000000	0.000016
9.880000	0.000000	0.000015
9.890000	0.000000	0.000015
9.900000	0.000000	0.000015
9.910000	0.000000	0.000015
9.920000	0.000000	0.000014
9.930000	0.000000	0.000014
9.940000	0.000000	0.000014
9.950000	0.000000	0.000014
9.960000	0.000000	0.000014
9.970000	0.000000	0.000013
9.980000	0.000000	0.000013
9.990000	0.000000	0.000013
10.000000	0.000000	0.000013
10.010000	0.000000	0.000012
10.020000	0.000000	0.000012
10.030000	0.000000	0.000012
10.040000	0.000000	0.000012
10.050000	0.000000	0.000012
10.060000	0.000000	0.000012
10.070000	0.000000	0.000011
10.080000	0.000000	0.000011
10.090000	0.000000	0.000011
10.100000	0.000000	0.000011
10.110000	0.000000	0.000011
10.120000	0.000000	0.000011
10.130000	0.000000	0.000010
10.140000	0.000000	0.000010
10.150000	0.000000	0.000010
10.160000	0.000000	0.000010
10.170000	0.000000	0.000010
10.180000	0.000000	0.000010
10.190000	0.000000	0.000009
10.200000	0.000000	0.000009
10.210000	0.000000	0.000009
10.220000	0.000000	0.000009
10.230000	0.000000	0.000009
10.240000	0.000000	0.000009
10.250000	0.000000	0.000009
10.260000	0.000000	0.000008
10.270000	0.000000	0.000008
10.280000	0.000000	0.000008
10.290000	0.000000	0.000008
10.300000	0.000000	0.000008
10.310000	0.000000	0.000008
10.320000	0.000000	0.000008
10.330000	0.000000	0.000008
10.340000	0.000000	0.000007
10.350000	0.000000	0.000007
10.360000	0.000000	0.000007
10.370000	0.000000	0.000007
10.380000	0.000000	0.000007
10.390000	0.000000	0.000007
10.400000	0.000000	0.000007
10.410000	0.000000	0.000007
10.420000	0.000000	0.000007
10.430000	0.000000	0.000007
10.440000	0.000000	0.000006
10.450000	0.000000	0.000006
10.460000	0.000000	0.000006
10.470000	0.000000	0.000006
10.480000	0.000000	0.000006
10.490000	0.000000	0.000006
10.500000	0.000000	0.000006
10.510000	0.000000	0.000006
10.520000	0.000000	0.000006
10.530000	0.000000	0.000006
10.540000	0.000000	0.000005
10.550000	0.000000	0.000005
10.560000	0.000000	0.000005
10.570000	0.000000	0.000005
10.580000	0.000000	0.000005
10.590000	0.000000	0.000005
10.600000	0.000000	0.000005
10.610000	0.000000	0.000005
10.620000	0.000000	0.000005
10.630000	0.000000	0.000005
10.640000	0.000000	0.000005
10.650000	0.000000	0.000005
10.660000	0.000000	0.000005
10.670000	0.000000	0.000005
10.680000	0.000000	0.000004
10.690000	0.000000	0.000004
10.700000	0.000000	0.000004
10.710000	0.000000	0.000004
10.720000	0.000000	0.000004
10.730000	0.000000	0.000004
10.740000	0.000000	0.000004
10.750000	0.000000	0.000004
10.760000	0.000000	0.000004
10.770000	0.000000	0.000004
10.780000	0.000000	0.000004
10.790000	0.000000	0.000004
10.800000	0.000000	0.000004
10.810000	0.000000	0.000004
10.820000	0.000000	0.000004
10.830000	0.000000	0.000004
10.840000	0.000000	0.000003
10.850000	0.000000	0.000003
10.860000	0.000000	0.000003
10.870000	0.000000	0.000003
10.880000	0.000000	0.000003
10.890000	0.000000	0.000003
10.900000	0.000000	0.000003
10.910000	0.000000	0.000003
10.920000	0.000000	0.000003
10.930000	0.000000	0.000003
10.940000	0.000000	0.000003
10.950000	0.000000	0.000003
10.960000	0.000000	0.000003
10.970000	0.000000	0.000003
10.980000	0.000000	0.000003
10.990000	0.000000	0.000003
11.000000	0.000000	0.000003
11.010000	0.000000	0.000003
11.020000	0.000000	0.000003
11.030000	0.000000	0.000003
11.040000	0.000000	0.000003
11.050000	0.000000	0.000002
11.060000	0.000000	0.000002
11.070000	0.000000	0.000002
11.080000	0.000000	0.000002
11.090000	0.000000	0.000002
11.100000	0.000000	0.000002
11.110000	0.000000	0.000002
11.120000	0.000000	0.000002
11.130000	0.000000	0.000002
11.140000	0.000000	0.000002
11.150000	0.000000	0.000002
11.160000	0.000000	0.000002
11.170000	0.000000	0.000002
11.180000	0.000000	0.000002
11.190000	0.000000	0.000002
11.200000	0.000000	0.000002
11.210000	0.000000	0.000002
11.220000	0.000000	0.000002
11.230000	0.000000	0.000002
11.240000	0.000000	0.000002
11.250000	0.000000	0.000002
11.260000	0.000000	0.000002
11.270000	0.000000	0.000002
11.280000	0.000000	0.000002
11.290000	0.000000	0.000002
11.300000	0.000000	0.000002
11.310000	0.000000	0.000002
11.320000	0.000000	0.000002
11.330000	0.000000	0.000002
11.340000	0.000000	0.000002
11.350000	0.000000	0.000002
11.360000	0.000000	0.000002
11.370000	0.000000	0.000002
11.380000	0.000000	0.000002
11.390000	0.000000	0.000001
11.400000	0.000000	0.000001
11.410000	0.000000	0.000001
11.420000	0.000000	0.000001
11.430000	0.000000	0.000001
11.440000	0.000000	0.000001
11.450000	0.000000	0.000001
11.460000	0.000000	0.000001
11.470000	0.000000	0.000001
11.480000	0.000000	0.000001
11.490000	0.000000	0.000001
11.500000	0.000000	0.000001
11.510000	0.000000	0.000001
11.520000	0.000000	0.000001
11.530000	0.000000	0.000001
11.540000	0.000000	0.000001
11.550000	0.000000	0.000001
11.560000	0.000000	0.000001
11.570000	0.000000	0.000001
11.580000	0.000000	0.000001
11.590000	0.000000	0.000001
11.600000	0.000000	0.000001
11.610000	0.000000	0.000001
11.620000	0.000000	0.000001
11.630000	0.000000	0.000001
11.640000	0.000000	0.000001
11.650000	0.000000	9.9e-07
11.660000	0.000000	9.7e-07
11.670000	0.000000	9.6e-07
11.680000	0.000000	9.5e-07
11.690000	0.000000	9.3e-07
11.700000	0.000000	9.2e-07
11.710000	0.000000	9.0e-07
11.720000	0.000000	8.9e-07
11.730000	0.000000	8.8e-07
11.740000	0.000000	8.6e-07
11.750000	0.000000	8.5e-07
11.760000	0.000000	8.4e-07
11.770000	0.000000	8.2e-07
11.780000	0.000000	8.1e-07
11.790000	0.000000	8.0e-07
11.800000	0.000000	7.8e-07
11.810000	0.000000	7.7e-07
11.820000	0.000000	7.6e-07
11.830000	0.000000	7.5e-07
11.840000	0.000000	7.4e-07
11.850000	0.000000	7.3e-07
11.860000	0.000000	7.2e-07
11.870000	0.000000	7.1e-07
11.880000	0.000000	6.9e-07
11.890000	0.000000	6.8e-07
11.900000	0.000000	6.7e-07
11.910000	0.000000	6.6e-07
11.920000	0.000000	6.5e-07
11.930000	0.000000	6.4e-07
11.940000	0.000000	6.3e-07
11.950000	0.000000	6.2e-07
11.960000	0.000000	6.2e-07
11.970000	0.000000	6.1e-07
11.980000	0.000000	6.0e-07
11.990000	0.000000	5.9e-07
12.000000	0.000000	5.8e-07
12.010000	0.000000	5.7e-07
12.020000	0.000000	5.6e-07
12.030000	0.000000	5.5e-07
12.040000	0.000000	5.4e-07
12.050000	0.000000	5.3e-07
12.060000	0.000000	5.2e-07
12.070000	0.000000	5.2e-07
12.080000	0.000000	5.1e-07
12.090000	0.000000	5.0e-07
12.100000	0.000000	5.0e-07
12.110000	0.000000	4.9e-07
12.120000	0.000000	4.8e-07
12.130000	0.000000	4.7e-07
12.140000	0.000000	4.7e-07
12.150000	0.000000	4.6e-07
12.160000	0.000000	4.5e-07
12.170000	0.000000	4.4e-07
12.180000	0.000000	4.4e-07
12.190000	0.000000	4.3e-07
12.200000	0.000000	4.2e-07
12.210000	0.000000	4.2e-07
12.220000	0.000000	4.1e-07
12.230000	0.000000	4.1e-07
12.240000	0.000000	4.0e-07
12.250000	0.000000	3.9e-07
12.260000	0.000000	3.9e-07
12.270000	0.000000	3.8e-07
12.280000	0.000000	3.8e-07
12.290000	0.000000	3.7e-07
12.300000	0.000000	3.6e-07
12.310000	0.000000	3.6e-07
12.320000	0.000000	3.5e-07
12.330000	0.000000	3.5e-07
12.340000	0.000000	3.4e-07
12.350000	0.000000	3.4e-07
12.360000	0.000000	3.3e-07
12.370000	0.000000	3.3e-07
12.380000	0.000000	3.2e-07
12.390000	0.000000	3.2e-07
12.400000	0.000000	3.1e-07
12.410000	0.000000	3.1e-07
12.420000	0.000000	3.0e-07
12.430000	0.000000	3.0e-07
12.440000	0.000000	2.9e-07
12.450000	0.000000	2.9e-07
12.460000	0.000000	2.8e-07
12.470000	0.000000	2.8e-07
12.480000	0.000000	2.8e-07
12.490000	0.000000	2.7e-07
12.500000	0.000000	2.7e-07
12.510000	0.000000	2.6e-07
12.520000	0.000000	2.6e-07
12.530000	0.000000	2.6e-07
12.540000	0.000000	2.5e-07
12.550000	0.000000	2.5e-07
12.560000	0.000000	2.4e-07
12.570000	0.000000	2.4e-07
12.580000	0.000000	2.4e-07
12.590000	0.000000	2.3e-07
12.600000	0.000000	2.3e-07
12.610000	0.000000	2.3e-07
12.620000	0.000000	2.2e-07
12.630000	0.000000	2.2e-07
12.640000	0.000000	2.2e-07
12.650000	0.000000	2.1e-07
12.660000	0.000000	2.1e-07
12.670000	0.000000	2.1e-07
12.680000	0.000000	2.0e-07
12.690000	0.000000	2.0e-07
12.700000	0.000000	2.0e-07
12.710000	0.000000	1.9e-07
12.720000	0.000000	1.9e-07
12.730000	0.000000	1.9e-07
12.740000	0.000000	1.9e-07
12.750000	0.000000	1.8e-07
12.760000	0.000000	1.8e-07
12.770000	0.000000	1.8e-07
12.780000	0.000000	1.7e-07
12.790000	0.000000	1.7e-07
12.800000	0.000000	1.7e-07
12.810000	0.000000	1.7e-07
12.820000	0.000000	1.6e-07
12.830000	0.000000	1.6e-07
12.840000	0.000000	1.6e-07
12.850000	0.000000	1.6e-07
12.860000	0.000000	1.5e-07
12.870000	0.000000	1.5e-07
12.880000	0.000000	1.5e-07
12.890000	0.000000	1.5e-07
12.900000	0.000000	1.4e-07
12.910000	0.000000	1.4e-07
12.920000	0.000000	1.4e-07
12.930000	0.000000	1.4e-07
12.940000	0.000000	1.4e-07
12.950000	0.000000	1.3e-07
12.960000	0.000000	1.3e-07
12.970000	0.000000	1.3e-07
12.980000	0.000000	1.3e-07
12.990000	0.000000	1.3e-07
13.000000	0.000000	1.2e-07
13.010000	0.000000	1.2e-07
13.020000	0.000000	1.2e-07
13.030000	0.000000	1.2e-07
13.040000	0.000000	1.2e-07
13.050000	0.000000	1.2e-07
13.060000	0.000000	1.1e-07
13.070000	0.000000	1.1e-07
13.080000	0.000000	1.1e-07
13.090000	0.000000	1.1e-07
13.100000	0.000000	1.1e-07
13.110000	0.000000	1.0e-07
13.120000	0.000000	1.0e-07
13.130000	0.000000	1.0e-07
13.140000	0.000000	1.0e-07
13.150000	0.000000	9.9e-08
13.160000	0.000000	9.7e-08
13.170000	0.000000	9.6e-08
13.180000	0.000000	9.4e-08
13.190000	0.000000	9.3e-08
13.200000	0.000000	9.1e-08
13.210000	0.000000	9.0e-08
13.220000	0.000000	8.9e-08
13.230000	0.000000	8.7e-08
13.240000	0.000000	8.6e-08
13.250000	0.000000	8.5e-08
13.260000	0.000000	8.4e-08
13.270000	0.000000	8.2e-08
13.280000	0.000000	8.1e-08
13.290000	0.000000	8.0e-08
13.300000	0.000000	7.9e-08
13.310000	0.000000	7.7e-08
13.320000	0.000000	7.6e-08
13.330000	0.000000	7.5e-08
13.340000	0.000000	7.4e-08
13.350000	0.000000	7.3e-08
13.360000	0.000000	7.1e-08
13.370000	0.000000	7.0e-08
13.380000	0.000000	6.9e-08
13.390000	0.000000	6.8e-08
13.400000	0.000000	6.7e-08
13.410000	0.000000	6.6e-08
13.420000	0.000000	6.5e-08
13.430000	0.000000	6.4e-08
13.440000	0.000000	6.3e-08
13.450000	0.000000	6.2e-08
13.460000	0.000000	6.1e-08
13.470000	0.000000	6.0e-08
13.480000	0.000000	6.0e-08
13.490000	0.000000	5.9e-08
13.500000	0.000000	5.8e-08
13.510000	0.000000	5.7e-08
13.520000	0.000000	5.6e-08
13.530000	0.000000	5.5e-08
13.540000	0.000000	5.4e-08
13.550000	0.000000	5.4e-08
13.560000	0.000000	5.3e-08
13.570000	0.000000	5.2e-08
13.580000	0.000000	5.1e-08
13.590000	0.000000	5.0e-08
13.600000	0.000000	5.0e-08
13.610000	0.000000	4.9e-08
13.620000	0.000000	4.8e-08
13.630000	0.000000	4.7e-08
13.640000	0.000000	4.7e-08
13.650000	0.000000	4.6e-08
13.660000	0.000000	4.5e-08
13.670000	0.000000	4.5e-08
13.680000	0.000000	4.4e-08
13.690000	0.000000	4.3e-08
13.700000	0.000000	4.3e-08
13.710000	0.000000	4.2e-08
13.720000	0.000000	4.1e-08
13.730000	0.000000	4.1e-08
13.740000	0.000000	4.0e-08
13.750000	0.000000	3.9e-08
13.760000	0.000000	3.9e-08
13.770000	0.000000	3.8e-08
13.780000	0.000000	3.8e-08
13.790000	0.000000	3.7e-08
13.800000	0.000000	3.7e-08
13.810000	0.000000	3.6e-08
13.820000	0.000000	3.5e-08
13.830000	0.000000	3.5e-08
13.840000	0.000000	3.4e-08
13.850000	0.000000	3.4e-08
13.860000	0.000000	3.3e-08
13.870000	0.000000	3.3e-08
13.880000	0.000000	3.2e-08
13.890000	0.000000	3.2e-08
13.900000	0.000000	3.1e-08
13.910000	0.000000	3.1e-08
13.920000	0.000000	3.0e-08
13.930000	0.000000	3.0e-08
13.940000	0.000000	3.0e-08
13.950000	0.000000	2.9e-08
13.960000	0.000000	2.9e-08
13.970000	0.000000	2.8e-08
13.980000	0.000000	2.8e-08
13.990000	0.000000	2.7e-08
14.000000	0.000000	2.7e-08
14.010000	0.000000	2.6e-08
14.020000	0.000000	2.6e-08
14.030000	0.000000	2.6e-08
14.040000	0.000000	2.5e-08
14.050000	0.000000	2.5e-08
14.060000	0.000000	2.5e-08
14.070000	0.000000	2.4e-08
14.080000	0.000000	2.4e-08
14.090000	0.000000	2.3e-08
14.100000	0.000000	2.3e-08
14.110000	0.000000	2.3e-08
14.120000	0.000000	2.2e-08
14.130000	0.000000	2.2e-08
14.140000	0.000000	2.2e-08
14.150000	0.000000	2.1e-08
14.160000	0.000000	2.1e-08
14.170000	0.000000	2.1e-08
14.180000	0.000000	2.0e-08
14.190000	0.000000	2.0e-08
14.200000	0.000000	2.0e-08
14.210000	0.000000	2.0e-08
14.220000	0.000000	1.9e-08
14.230000	0.000000	1.9e-08
14.240000	0.000000	1.9e-08
14.250000	0.000000	1.8e-08
14.260000	0.000000	1.8e-08
14.270000	0.000000	1.8e-08
14.280000	0.000000	1.8e-08
14.290000	0.000000	1.7e-08
14.300000	0.000000	1.7e-08
14.310000	0.000000	1.7e-08
14.320000	0.000000	1.7e-08
14.330000	0.000000	1.6e-08
14.340000	0.000000	1.6e-08
14.350000	0.000000	1.6e-08
14.360000	0.000000	1.6e-08
14.370000	0.000000	1.5e-08
14.380000	0.000000	1.5e-08
14.390000	0.000000	1.5e-08
14.400000	0.000000	1.5e-08
14.410000	0.000000	1.4e-08
14.420000	0.000000	1.4e-08
14.430000	0.000000	1.4e-08
14.440000	0.000000	1.4e-08
14.450000	0.000000	1.4e-08
14.460000	0.000000	1.3e-08
14.470000	0.000000	1.3e-08
14.480000	0.000000	1.3e-08
14.490000	0.000000	1.3e-08
14.500000	0.000000	1.3e-08
14.510000	0.000000	1.2e-08
14.520000	0.000000	1.2e-08
14.530000	0.000000	1.2e-08
14.540000	0.000000	1.2e-08
14.550000	0.000000	1.2e-08
14.560000	0.000000	1.1e-08
14.570000	0.000000	1.1e-08
14.580000	0.000000	1.1e-08
14.590000	0.000000	1.1e-08
14.600000	0.000000	1.1e-08
14.610000	0.000000	1.1e-08
14.620000	0.000000	1.0e-08
14.630000	0.000000	1.0e-08
14.640000	0.000000	1.0e-08
14.650000	0.000000	1.0e-08
14.660000	0.000000	9.8e-09
14.670000	0.000000	9.7e-09
14.680000	0.000000	9.5e-09
14.690000	0.000000	9.4e-09
14.700000	0.000000	9.3e-09
14.710000	0.000000	9.1e-09
14.720000	0.000000	9.0e-09
14.730000	0.000000	8.8e-09
14.740000	0.000000	8.7e-09
14.750000	0.000000	8.6e-09
14.760000	0.000000	8.4e-09
14.770000	0.000000	8.3e-09
14.780000	0.000000	8.2e-09
14.790000	0.000000	8.1e-09
14.800000	0.000000	7.9e-09
14.810000	0.000000	7.8e-09
14.820000	0.000000	7.7e-09
14.830000	0.000000	7.6e-09
14.840000	0.000000	7.5e-09
14.850000	0.000000	7.4e-09
14.860000	0.000000	7.3e-09
14.870000	0.000000	7.1e-09
14.880000	0.000000	7.0e-09
14.890000	0.000000	6.9e-09
14.900000	0.000000	6.8e-09
14.910000	0.000000	6.7e-09
14.920000	0.000000	6.6e-09
14.930000	0.000000	6.5e-09
14.940000	0.000000	6.4e-09
14.950000	0.000000	6.3e-09
14.960000	0.000000	6.2e-09
14.970000	0.000000	6.1e-09
14.980000	0.000000	6.0e-09
14.990000	0.000000	6.0e-09
15.000000	0.000000	5.9e-09
15.010000	0.000000	5.8e-09
15.020000	0.000000	5.7e-09
15.030000	0.000000	5.6e-09
15.040000	0.000000	5.5e-09
15.050000	0.000000	5.4e-09
15.060000	0.000000	5.3e-09
15.070000	0.000000	5.3e-09
15.080000	0.000000	5.2e-09
15.090000	0.000000	5.1e-09
15.100000	0.000000	5.0e-09
15.110000	0.000000	5.0e-09
15.120000	0.000000	4.9e-09
15.130000	0.000000	4.8e-09
15.140000	0.000000	4.7e-09
15.150000	0.000000	4.7e-09
15.160000	0.000000	4.6e-09
15.170000	0.000000	4.5e-09
15.180000	0.000000	4.4e-09
15.190000	0.000000	4.4e-09
15.200000	0.000000	4.3e-09
15.210000	0.000000	4.3e-09
15.220000	0.000000	4.2e-09
15.230000	0.000000	4.1e-09
15.240000	0.000000	4.1e-09
15.250000	0.000000	4.0e-09
15.260000	0.000000	3.9e-09
15.270000	0.000000	3.9e-09
15.280000	0.000000	3.8e-09
15.290000	0.000000	3.8e-09
15.300000	0.000000	3.7e-09
15.310000	0.000000	3.6e-09
15.320000	0.000000	3.6e-09
15.330000	0.000000	3.5e-09
15.340000	0.000000	3.5e-09
15.350000	0.000000	3.4e-09
15.360000	0.000000	3.4e-09
15.370000	0.000000	3.3e-09
15.380000	0.000000	3.3e-09
15.390000	0.000000	3.2e-09
15.400000	0.000000	3.2e-09
15.410000	0.000000	3.1e-09
15.420000	0.000000	3.1e-09
15.430000	0.000000	3.0e-09
15.440000	0.000000	3.0e-09
15.450000	0.000000	2.9e-09
15.460000	0.000000	2.9e-09
15.470000	0.000000	2.9e-09
15.480000	0.000000	2.8e-09
15.490000	0.000000	2.8e-09
15.500000	0.000000	2.7e-09
15.510000	0.000000	2.7e-09
15.520000	0.000000	2.7e-09
15.530000	0.000000	2.6e-09
15.540000	0.000000	2.6e-09
15.550000	0.000000	2.5e-09
15.560000	0.000000	2.5e-09
15.570000	0.000000	2.5e-09
15.580000	0.000000	2.4e-09
15.590000	0.000000	2.4e-09
15.600000	0.000000	2.4e-09
15.610000	0.000000	2.3e-09
15.620000	0.000000	2.3e-09
15.630000	0.000000	2.2e-09
15.640000	0.000000	2.2e-09
15.650000	0.000000	2.2e-09
15.660000	0.000000	2.1e-09
15.670000	0.000000	2.1e-09
15.680000	0.000000	2.1e-09
15.690000	0.000000	2.0e-09
15.700000	0.000000	2.0e-09
15.710000	0.000000	2.0e-09
15.720000	0.000000	2.0e-09
15.730000	0.000000	1.9e-09
15.740000	0.000000	1.9e-09
15.750000	0.000000	1.9e-09
15.760000	0.000000	1.8e-09
15.770000	0.000000	1.8e-09
15.780000	0.000000	1.8e-09
15.790000	0.000000	1.8e-09
15.800000	0.000000	1.7e-09
15.810000	0.000000	1.7e-09
15.820000	0.000000	1.7e-09
15.830000	0.000000	1.7e-09
15.840000	0.000000	1.6e-09
15.850000	0.000000	1.6e-09
15.860000	0.000000	1.6e-09
15.870000	0.000000	1.6e-09
15.880000	0.000000	1.5e-09
15.890000	0.000000	1.5e-09
15.900000	0.000000	1.5e-09
15.910000	0.000000	1.5e-09
15.920000	0.000000	1.4e-09
15.930000	0.000000	1.4e-09
15.940000	0.000000	1.4e-09
15.950000	0.000000	1.4e-09
15.960000	0.000000	1.4e-09
15.970000	0.000000	1.3e-09
15.980000	0.000000	1.3e-09
15.990000	0.000000	1.3e-09
16.000000	0.000000	1.3e-09
16.010000	0.000000	1.3e-09
16.020000	0.000000	1.2e-09
16.030000	0.000000	1.2e-09
16.040000	0.000000	1.2e-09
16.050000	0.000000	1.2e-09
16.060000	0.000000	1.2e-09
16.070000	0.000000	1.2e-09
16.080000	0.000000	1.1e-09
16.090000	0.000000	1.1e-09
16.100000	0.000000	1.1e-09
16.110000	0.000000	1.1e-09
16.120000	0.000000	1.1e-09
16.130000	0.000000	1.1e-09
16.140000	0.000000	1.0e-09
16.150000	0.000000	1.0e-09
16.160000	0.000000	1.0e-09
16.170000	0.000000	9.9e-10
16.180000	0.000000	9.7e-10
16.190000	0.000000	9.6e-10
16.200000	0.000000	9.4e-10
16.210000	0.000000	9.3e-10
16.220000	0.000000	9.1e-10
16.230000	0.000000	9.0e-10
16.240000	0.000000	8.9e-10
16.250000	0.000000	8.7e-10
16.260000	0.000000	8.6e-10
16.270000	0.000000	8.5e-10
16.280000	0.000000	8.4e-10
16.290000	0.000000	8.2e-10
16.300000	0.000000	8.1e-10
16.310000	0.000000	8.0e-10
16.320000	0.000000	7.9e-10
16.330000	0.000000	7.8e-10
16.340000	0.000000	7.6e-10
16.350000	0.000000	7.5e-10
16.360000	0.000000	7.4e-10
16.370000	0.000000	7.3e-10
16.380000	0.000000	7.2e-10
16.390000	0.000000	7.1e-10
16.400000	0.000000	7.0e-10
16.410000	0.000000	6.9e-10
16.420000	0.000000	6.8e-10
16.430000	0.000000	6.7e-10
16.440000	0.000000	6.6e-10
16.450000	0.000000	6.5e-10
16.460000	0.000000	6.4e-10
16.470000	0.000000	6.3e-10
16.480000	0.000000	6.2e-10
16.490000	0.000000	6.1e-10
16.500000	0.000000	6.0e-10
16.510000	0.000000	5.9e-10
16.520000	0.000000	5.8e-10
16.530000	0.000000	5.7e-10
16.540000	0.000000	5.6e-10
16.550000	0.000000	5.6e-10
16.560000	0.000000	5.5e-10
16.570000	0.000000	5.4e-10
16.580000	0.000000	5.3e-10
16.590000	0.000000	5.2e-10
16.600000	0.000000	5.1e-10
16.610000	0.000000	5.1e-10
16.620000	0.000000	5.0e-10
16.630000	0.000000	4.9e-10
16.640000	0.000000	4.8e-10
16.650000	0.000000	4.8e-10
16.660000	0.000000	4.7e-10
16.670000	0.000000	4.6e-10
16.680000	0.000000	4.6e-10
16.690000	0.000000	4.5e-10
16.700000	0.000000	4.4e-10
16.710000	0.000000	4.4e-10
16.720000	0.000000	4.3e-10
16.730000	0.000000	4.2e-10
16.740000	0.000000	4.2e-10
16.750000	0.000000	4.1e-10
16.760000	0.000000	4.0e-10
16.770000	0.000000	4.0e-10
16.780000	0.000000	3.9e-10
16.790000	0.000000	3.9e-10
16.800000	0.000000	3.8e-10
16.810000	0.000000	3.7e-10
16.820000	0.000000	3.7e-10
16.830000	0.000000	3.6e-10
16.840000	0.000000	3.6e-10
16.850000	0.000000	3.5e-10
16.860000	0.000000	3.5e-10
16.870000	0.000000	3.4e-10
16.880000	0.000000	3.4e-10
16.890000	0.000000	3.3e-10
16.900000	0.000000	3.3e-10
16.910000	0.000000	3.2e-10
16.920000	0.000000	3.2e-10
16.930000	0.000000	3.1e-10
16.940000	0.000000	3.1e-10
16.950000	0.000000	3.0e-10
16.960000	0.000000	3.0e-10
16.970000	0.000000	2.9e-10
16.980000	0.000000	2.9e-10
16.990000	0.000000	2.8e-10
17.000000	0.000000	2.8e-10
17.010000	0.000000	2.8e-10
17.020000	0.000000	2.7e-10
17.030000	0.000000	2.7e-10
17.040000	0.000000	2.6e-10
17.050000	0.000000	2.6e-10
17.060000	0.000000	2.6e-10
17.070000	0.000000	2.5e-10
17.080000	0.000000	2.5e-10
17.090000	0.000000	2.5e-10
17.100000	0.000000	2.4e-10
17.110000	0.000000	2.4e-10
17.120000	0.000000	2.3e-10
17.130000	0.000000	2.3e-10
17.140000	0.000000	2.3e-10
17.150000	0.000000	2.2e-10
17.160000	0.000000	2.2e-10
17.170000	0.000000	2.2e-10
17.180000	0.000000	2.1e-10
17.190000	0.000000	2.1e-10
17.200000	0.000000	2.1e-10
17.210000	0.000000	2.0e-10
17.220000	0.000000	2.0e-10
17.230000	0.000000	2.0e-10
17.240000	0.000000	2.0e-10
17.250000	0.000000	1.9e-10
17.260000	0.000000	1.9e-10
17.270000	0.000000	1.9e-10
17.280000	0.000000	1.8e-10
17.290000	0.000000	1.8e-10
17.300000	0.000000	1.8e-10
17.310000	0.000000	1.8e-10
17.320000	0.000000	1.7e-10
17.330000	0.000000	1.7e-10
17.340000	0.000000	1.7e-10
17.350000	0.000000	1.7e-10
17.360000	0.000000	1.6e-10
17.370000	0.000000	1.6e-10
17.380000	0.000000	1.6e-10
17.390000	0.000000	1.6e-10
17.400000	0.000000	1.5e-10
17.410000	0.000000	1.5e-10
17.420000	0.000000	1.5e-10
17.430000	0.000000	1.5e-10
17.440000	0.000000	1.4e-10
17.450000	0.000000	1.4e-10
17.460000	0.000000	1.4e-10
17.470000	0.000000	1.4e-10
17.480000	0.000000	1.4e-10
17.490000	0.000000	1.3e-10
17.500000	0.000000	1.3e-10
17.510000	0.000000	1.3e-10
17.520000	0.000000	1.3e-10
17.530000	0.000000	1.3e-10
17.540000	0.000000	1.2e-10
17.550000	0.000000	1.2e-10
17.560000	0.000000	1.2e-10
17.570000	0.000000	1.2e-10
17.580000	0.000000	1.2e-10
17.590000	0.000000	1.2e-10
17.600000	0.000000	1.1e-10
17.610000	0.000000	1.1e-10
17.620000	0.000000	1.1e-10
17.630000	0.000000	1.1e-10
17.640000	0.000000	1.1e-10
17.650000	0.000000	1.0e-10
17.660000	0.000000	1.0e-10
17.670000	0.000000	1.0e-10
17.680000	0.000000	1.0e-10
17.690000	0.000000	9.9e-11
17.700000	0.000000	9.7e-11
17.710000	0.000000	9.6e-11
17.720000	0.000000	9.5e-11
17.730000	0.000000	9.3e-11
17.740000	0.000000	9.2e-11
17.750000	0.000000	9.0e-11
17.760000	0.000000	8.9e-11
17.770000	0.000000	8.8e-11
17.780000	0.000000	8.6e-11
17.790000	0.000000	8.5e-11
17.800000	0.000000	8.4e-11
17.810000	0.000000	8.2e-11
17.820000	0.000000	8.1e-11
17.830000	0.000000	8.0e-11
17.840000	0.000000	7.9e-11
17.850000	0.000000	7.8e-11
17.860000	0.000000	7.7e-11
17.870000	0.000000	7.5e-11
17.880000	0.000000	7.4e-11
17.890000	0.000000	7.3e-11
17.900000	0.000000	7.2e-11
17.910000	0.000000	7.1e-11
17.920000	0.000000	7.0e-11
17.930000	0.000000	6.9e-11
17.940000	0.000000	6.8e-11
17.950000	0.000000	6.7e-11
17.960000	0.000000	6.6e-11
17.970000	0.000000	6.5e-11
17.980000	0.000000	6.4e-11
17.990000	0.000000	6.3e-11
18.000000	0.000000	6.2e-11
18.010000	0.000000	6.1e-11
18.020000	0.000000	6.0e-11
18.030000	0.000000	5.9e-11
18.040000	0.000000	5.8e-11
18.050000	0.000000	5.7e-11
18.060000	0.000000	5.6e-11
18.070000	0.000000	5.6e-11
18.080000	0.000000	5.5e-11
18.090000	0.000000	5.4e-11
18.100000	0.000000	5.3e-11
18.110000	0.000000	5.2e-11
18.120000	0.000000	5.2e-11
18.130000	0.000000	5.1e-11
18.140000	0.000000	5.0e-11
18.150000	0.000000	4.9e-11
18.160000	0.000000	4.9e-11
18.170000	0.000000	4.8e-11
18.180000	0.000000	4.7e-11
18.190000	0.000000	4.6e-11
18.200000	0.000000	4.6e-11
18.210000	0.000000	4.5e-11
18.220000	0.000000	4.4e-11
18.230000	0.000000	4.4e-11
18.240000	0.000000	4.3e-11
18.250000	0.000000	4.2e-11
18.260000	0.000000	4.2e-11
18.270000	0.000000	4.1e-11
18.280000	0.000000	4.1e-11
18.290000	0.000000	4.0e-11
18.300000	0.000000	3.9e-11
18.310000	0.000000	3.9e-11
18.320000	0.000000	3.8e-11
18.330000	0.000000	3.8e-11
18.340000	0.000000	3.7e-11
18.350000	0.000000	3.6e-11
18.360000	0.000000	3.6e-11
18.370000	0.000000	3.5e-11
18.380000	0.000000	3.5e-11
18.390000	0.000000	3.4e-11
18.400000	0.000000	3.4e-11
18.410000	0.000000	3.3e-11
18.420000	0.000000	3.3e-11
18.430000	0.000000	3.2e-11
18.440000	0.000000	3.2e-11
18.450000	0.000000	3.1e-11
18.460000	0.000000	3.1e-11
18.470000	0.000000	3.0e-11
18.480000	0.000000	3.0e-11
18.490000	0.000000	3.0e-11
18.500000	0.000000	2.9e-11
18.510000	0.000000	2.9e-11
18.520000	0.000000	2.8e-11
18.530000	0.000000	2.8e-11
18.540000	0.000000	2.7e-11
18.550000	0.000000	2.7e-11
18.560000	0.000000	2.7e-11
18.570000	0.000000	2.6e-11
18.580000	0.000000	2.6e-11
18.590000	0.000000	2.5e-11
18.600000	0.000000	2.5e-11
18.610000	0.000000	2.5e-11
18.620000	0.000000	2.4e-11
18.630000	0.000000	2.4e-11
18.640000	0.000000	2.4e-11
18.650000	0.000000	2.3e-11
18.660000	0.000000	2.3e-11
18.670000	0.000000	2.3e-11
18.680000	0.000000	2.2e-11
18.690000	0.000000	2.2e-11
18.700000	0.000000	2.1e-11
18.710000	0.000000	2.1e-11
18.720000	0.000000	2.1e-11
18.730000	0.000000	2.1e-11
18.740000	0.000000	2.0e-11
18.750000	0.000000	2.0e-11
18.760000	0.000000	2.0e-11
18.770000	0.000000	1.9e-11
18.780000	0.000000	1.9e-11
18.790000	0.000000	1.9e-11
18.800000	0.000000	1.8e-11
18.810000	0.000000	1.8e-11
18.820000	0.000000	1.8e-11
18.830000	0.000000	1.8e-11
18.840000	0.000000	1.7e-11
18.850000	0.000000	1.7e-11
18.860000	0.000000	1.7e-11
18.870000	0.000000	1.7e-11
18.880000	0.000000	1.6e-11
18.890000	0.000000	1.6e-11
18.900000	0.000000	1.6e-11
18.910000	0.000000	1.6e-11
18.920000	0.000000	1.5e-11
18.930000	0.000000	1.5e-11
18.940000	0.000000	1.5e-11
18.950000	0.000000	1.5e-11
18.960000	0.000000	1.5e-11
18.970000	0.000000	1.4e-11
18.980000	0.000000	1.4e-11
18.990000	0.000000	1.4e-11
19.000000	0.000000	1.4e-11
19.010000	0.000000	1.3e-11
19.020000	0.000000	1.3e-11
19.030000	0.000000	1.3e-11
19.040000	0.000000	1.3e-11
19.050000	0.000000	1.3e-11
19.060000	0.000000	1.2e-11
19.070000	0.000000	1.2e-11
19.080000	0.000000	1.2e-11
19.090000	0.000000	1.2e-11
19.100000	0.000000	1.2e-11
19.110000	0.000000	1.2e-11
19.120000	0.000000	1.1e-11
19.130000	0.000000	1.1e-11
19.140000	0.000000	1.1e-11
19.150000	0.000000	1.1e-11
19.160000	0.000000	1.1e-11
19.170000	0.000000	1.1e-11
19.180000	0.000000	1.0e-11
19.190000	0.000000	1.0e-11
19.200000	0.000000	1.0e-11
19.210000	0.000000	1.0e-11
19.220000	0.000000	9.8e-12
19.230000	0.000000	9.7e-12
19.240000	0.000000	9.5e-12
19.250000	0.000000	9.4e-12
19.260000	0.000000	9.2e-12
19.270000	0.000000	9.1e-12
19.280000	0.000000	9.0e-12
19.290000	0.000000	8.8e-12
19.300000	0.000000	8.7e-12
19.310000	0.000000	8.6e-12
19.320000	0.000000	8.4e-12
19.330000	0.000000	8.3e-12
19.340000	0.000000	8.2e-12
19.350000	0.000000	8.1e-12
19.360000	0.000000	7.9e-12
19.370000	0.000000	7.8e-12
19.380000	0.000000	7.7e-12
19.390000	0.000000	7.6e-12
19.400000	0.000000	7.5e-12
19.410000	0.000000	7.4e-12
19.420000	0.000000	7.3e-12
19.430000	0.000000	7.2e-12
19.440000	0.000000	7.1e-12
19.450000	0.000000	6.9e-12
19.460000	0.000000	6.8e-12
19.470000	0.000000	6.7e-12
19.480000	0.000000	6.6e-12
19.490000	0.000000	6.5e-12
19.500000	0.000000	6.4e-12
19.510000	0.000000	6.3e-12
19.520000	0.000000	6.2e-12
19.530000	0.000000	6.1e-12
19.540000	0.000000	6.1e-12
19.550000	0.000000	6.0e-12
19.560000	0.000000	5.9e-12
19.570000	0.000000	5.8e-12
19.580000	0.000000	5.7e-12
19.590000	0.000000	5.6e-12
19.600000	0.000000	5.5e-12
19.610000	0.000000	5.4e-12
19.620000	0.000000	5.4e-12
19.630000	0.000000	5.3e-12
19.640000	0.000000	5.2e-12
19.650000	0.000000	5.1e-12
19.660000	0.000000	5.1e-12
19.670000	0.000000	5.0e-12
19.680000	0.000000	4.9e-12
19.690000	0.000000	4.8e-12
19.700000	0.000000	4.8e-12
19.710000	0.000000	4.7e-12
19.720000	0.000000	4.6e-12
19.730000	0.000000	4.6e-12
19.740000	0.000000	4.5e-12
19.750000	0.000000	4.4e-12
19.760000	0.000000	4.3e-12
19.770000	0.000000	4.3e-12
19.780000	0.000000	4.2e-12
19.790000	0.000000	4.2e-12
19.800000	0.000000	4.1e-12
19.810000	0.000000	4.0e-12
19.820000	0.000000	4.0e-12
19.830000	0.000000	3.9e-12
19.840000	0.000000	3.9e-12
19.850000	0.000000	3.8e-12
19.860000	0.000000	3.7e-12
19.870000	0.000000	3.7e-12
19.880000	0.000000	3.6e-12
19.890000	0.000000	3.6e-12
19.900000	0.000000	3.5e-12
19.910000	0.000000	3.5e-12
19.920000	0.000000	3.4e-12
19.930000	0.000000	3.4e-12
19.940000	0.000000	3.3e-12
19.950000	0.000000	3.3e-12
19.960000	0.000000	3.2e-12
19.970000	0.000000	3.2e-12
19.980000	0.000000	3.1e-12
19.990000	0.000000	3.1e-12
20.000000	0.000000	3.0e-12
20.010000	0.000000	3.0e-12
20.020000	0.000000	2.9e-12
20.030000	0.000000	2.9e-12
20.040000	0.000000	2.8e-12
20.050000	0.000000	2.8e-12
20.060000	0.000000	2.8e-12
20.070000	0.000000	2.7e-12
20.080000	0.000000	2.7e-12
20.090000	0.000000	2.6e-12
20.100000	0.000000	2.6e-12
20.110000	0.000000	2.6e-12
20.120000	0.000000	2.5e-12
20.130000	0.000000	2.5e-12
20.140000	0.000000	2.4e-12
20.150000	0.000000	2.4e-12
20.160000	0.000000	2.4e-12
20.170000	0.000000	2.3e-12
20.180000	0.000000	2.3e-12
20.190000	0.000000	2.3e-12
20.200000	0.000000	2.2e-12
20.210000	0.000000	2.2e-12
20.220000	0.000000	2.2e-12
20.230000	0.000000	2.1e-12
20.240000	0.000000	2.1e-12
20.250000	0.000000	2.1e-12
20.260000	0.000000	2.0e-12
20.270000	0.000000	2.0e-12
20.280000	0.000000	2.0e-12
20.290000	0.000000	2.0e-12
20.300000	0.000000	1.9e-12
20.310000	0.000000	1.9e-12
20.320000	0.000000	1.9e-12
20.330000	0.000000	1.8e-12
20.340000	0.000000	1.8e-12
20.350000	0.000000	1.8e-12
20.360000	0.000000	1.8e-12
20.370000	0.000000	1.7e-12
20.380000	0.000000	1.7e-12
20.390000	0.000000	1.7e-12
20.400000	0.000000	1.7e-12
20.410000	0.000000	1.6e-12
20.420000	0.000000	1.6e-12
20.430000	0.000000	1.6e-12
20.440000	0.000000	1.6e-12
20.450000	0.000000	1.5e-12
20.460000	0.000000	1.5e-12
20.470000	0.000000	1.5e-12
20.480000	0.000000	1.5e-12
20.490000	0.000000	1.5e-12
20.500000	0.000000	1.4e-12
20.510000	0.000000	1.4e-12
20.520000	0.000000	1.4e-12
20.530000	0.000000	1.4e-12
20.540000	0.000000	1.3e-12
20.550000	0.000000	1.3e-12
20.560000	0.000000	1.3e-12
20.570000	0.000000	1.3e-12
20.580000	0.000000	1.3e-12
20.590000	0.000000	1.2e-12
20.600000	0.000000	1.2e-12
20.610000	0.000000	1.2e-12
20.620000	0.000000	1.2e-12
20.630000	0.000000	1.2e-12
20.640000	0.000000	1.2e-12
20.650000	0.000000	1.1e-12
20.660000	0.000000	1.1e-12
20.670000	0.000000	1.1e-12
20.680000	0.000000	1.1e-12
20.690000	0.000000	1.1e-12
20.700000	0.000000	1.1e-12
20.710000	0.000000	1.0e-12
20.720000	0.000000	1.0e-12
20.730000	0.000000	1.0e-12
20.740000	0.000000	1.0e-12
20.750000	0.000000	9.8e-13
20.760000	0.000000	9.7e-13
20.770000	0.000000	9.5e-13
20.780000	0.000000	9.4e-13
20.790000	0.000000	9.3e-13
20.800000	0.000000	9.1e-13
20.810000	0.000000	9.0e-13
20.820000	0.000000	8.8e-13
20.830000	0.000000	8.7e-13
20.840000	0.000000	8.6e-13
20.850000	0.000000	8.5e-13
20.860000	0.000000	8.3e-13
20.870000	0.000000	8.2e-13
20.880000	0.000000	8.1e-13
20.890000	0.000000	8.0e-13
20.900000	0.000000	7.8e-13
20.910000	0.000000	7.7e-13
20.920000	0.000000	7.6e-13
20.930000	0.000000	7.5e-13
20.940000	0.000000	7.4e-13
20.950000	0.000000	7.3e-13
20.960000	0.000000	7.1e-13
20.970000	0.000000	7.0e-13
20.980000	0.000000	6.9e-13
20.990000	0.000000	6.9e-13
21.000000	0.000000	6.8e-13
21.010000	0.000000	6.7e-13
21.020000	0.000000	6.6e-13
21.030000	0.000000	6.5e-13
21.040000	0.000000	6.4e-13
21.050000	0.000000	6.3e-13
21.060000	0.000000	6.2e-13
21.070000	0.000000	6.1e-13
21.080000	0.000000	6.0e-13
21.090000	0.000000	5.9e-13
21.100000	0.000000	5.8e-13
21.110000	0.000000	5.7e-13
21.120000	0.000000	5.6e-13
21.130000	0.000000	5.6e-13
21.140000	0.000000	5.5e-13
21.150000	0.000000	5.4e-13
21.160000	0.000000	5.3e-13
21.170000	0.000000	5.2e-13
21.180000	0.000000	5.2e-13
21.190000	0.000000	5.1e-13
21.200000	0.000000	5.0e-13
21.210000	0.000000	4.9e-13
21.220000	0.000000	4.8e-13
21.230000	0.000000	4.8e-13
21.240000	0.000000	4.7e-13
21.250000	0.000000	4.6e-13
21.260000	0.000000	4.6e-13
21.270000	0.000000	4.5e-13
21.280000	0.000000	4.4e-13
21.290000	0.000000	4.4e-13
21.300000	0.000000	4.3e-13
21.310000	0.000000	4.2e-13
21.320000	0.000000	4.2e-13
21.330000	0.000000	4.1e-13
21.340000	0.000000	4.1e-13
21.350000	0.000000	4.0e-13
21.360000	0.000000	3.9e-13
21.370000	0.000000	3.9e-13
21.380000	0.000000	3.8e-13
21.390000	0.000000	3.8e-13
21.400000	0.000000	3.7e-13
21.410000	0.000000	3.7e-13
21.420000	0.000000	3.6e-13
21.430000	0.000000	3.5e-13
21.440000	0.000000	3.5e-13
21.450000	0.000000	3.4e-13
21.460000	0.000000	3.4e-13
21.470000	0.000000	3.3e-13
21.480000	0.000000	3.3e-13
21.490000	0.000000	3.2e-13
21.500000	0.000000	3.2e-13
21.510000	0.000000	3.1e-13
21.520000	0.000000	3.1e-13
21.530000	0.000000	3.1e-13
21.540000	0.000000	3.0e-13
21.550000	0.000000	3.0e-13
21.560000	0.000000	2.9e-13
21.570000	0.000000	2.9e-13
21.580000	0.000000	2.8e-13
21.590000	0.000000	2.8e-13
21.600000	0.000000	2.7e-13
21.610000	0.000000	2.7e-13
21.620000	0.000000	2.7e-13
21.630000	0.000000	2.6e-13
21.640000	0.000000	2.6e-13
21.650000	0.000000	2.5e-13
21.660000	0.000000	2.5e-13
21.670000	0.000000	2.4e-13
21.680000	0.000000	2.4e-13
21.690000	0.000000	2.4e-13
21.700000	0.000000	2.3e-13
21.710000	0.000000	2.3e-13
21.720000	0.000000	2.3e-13
21.730000	0.000000	2.2e-13
21.740000	0.000000	2.2e-13
21.750000	0.000000	2.2e-13
21.760000	0.000000	2.1e-13
21.770000	0.000000	2.1e-13
21.780000	0.000000	2.1e-13
21.790000	0.000000	2.0e-13
21.800000	0.000000	2.0e-13
21.810000	0.000000	2.0e-13
21.820000	0.000000	2.0e-13
21.830000	0.000000	1.9e-13
21.840000	0.000000	1.9e-13
21.850000	0.000000	1.9e-13
21.860000	0.000000	1.8e-13
21.870000	0.000000	1.8e-13
21.880000	0.000000	1.8e-13
21.890000	0.000000	1.8e-13
21.900000	0.000000	1.7e-13
21.910000	0.000000	1.7e-13
21.920000	0.000000	1.7e-13
21.930000	0.000000	1.6e-13
21.940000	0.000000	1.6e-13
21.950000	0.000000	1.6e-13
21.960000	0.000000	1.6e-13
21.970000	0.000000	1.5e-13
21.980000	0.000000	1.5e-13
21.990000	0.000000	1.5e-13
22.000000	0.000000	1.5e-13
22.010000	0.000000	1.5e-13
22.020000	0.000000	1.4e-13
22.030000	0.000000	1.4e-13
22.040000	0.000000	1.4e-13
22.050000	0.000000	1.4e-13
22.060000	0.000000	1.4e-13
22.070000	0.000000	1.3e-13
22.080000	0.000000	1.3e-13
22.090000	0.000000	1.3e-13
22.100000	0.000000	1.3e-13
22.110000	0.000000	1.3e-13
22.120000	0.000000	1.2e-13
22.130000	0.000000	1.2e-13
22.140000	0.000000	1.2e-13
22.150000	0.000000	1.2e-13
22.160000	0.000000	1.2e-13
22.170000	0.000000	1.2e-13
22.180000	0.000000	1.1e-13
22.190000	0.000000	1.1e-13
22.200000	0.000000	1.1e-13
22.210000	0.000000	1.1e-13
22.220000	0.000000	1.1e-13
22.230000	0.000000	1.0e-13
22.240000	0.000000	1.0e-13
22.250000	0.000000	1.0e-13
22.260000	0.000000	1.0e-13
22.270000	0.000000	9.9e-14
22.280000	0.000000	9.8e-14
22.290000	0.000000	9.7e-14
22.300000	0.000000	9.5e-14
22.310000	0.000000	9.4e-14
22.320000	0.000000	9.3e-14
22.330000	0.000000	9.1e-14
22.340000	0.000000	9.0e-14
22.350000	0.000000	8.9e-14
22.360000	0.000000	8.7e-14
22.370000	0.000000	8.6e-14
22.380000	0.000000	8.5e-14
22.390000	0.000000	8.3e-14
22.400000	0.000000	8.2e-14
22.410000	0.000000	8.1e-14
22.420000	0.000000	8.0e-14
22.430000	0.000000	7.8e-14
22.440000	0.000000	7.7e-14
22.450000	0.000000	7.6e-14
22.460000	0.000000	7.4e-14
22.470000	0.000000	7.3e-14
22.480000	0.000000	7.2e-14
22.490000	0.000000	7.1e-14
22.500000	0.000000	7.0e-14
22.510000	0.000000	6.9e-14
22.520000	0.000000	6.8e-14
22.530000	0.000000	6.7e-14
22.540000	0.000000	6.6e-14
22.550000	0.000000	6.6e-14
22.560000	0.000000	6.5e-14
22.570000	0.000000	6.4e-14
22.580000	0.000000	6.3e-14
22.590000	0.000000	6.2e-14
22.600000	0.000000	6.1e-14
22.610000	0.000000	6.0e-14
22.620000	0.000000	5.9e-14
22.630000	0.000000	5.8e-14
22.640000	0.000000	5.7e-14
22.650000	0.000000	5.7e-14
22.660000	0.000000	5.6e-14
22.670000	0.000000	5.5e-14
22.680000	0.000000	5.4e-14
22.690000	0.000000	5.3e-14
22.700000	0.000000	5.2e-14
22.710000	0.000000	5.1e-14
22.720000	0.000000	5.1e-14
22.730000	0.000000	5.0e-14
22.740000	0.000000	4.9e-14
22.750000	0.000000	4.8e-14
22.760000	0.000000	4.8e-14
22.770000	0.000000	4.7e-14
22.780000	0.000000	4.6e-14
22.790000	0.000000	4.6e-14
22.800000	0.000000	4.5e-14
22.810000	0.000000	4.4e-14
22.820000	0.000000	4.4e-14
22.830000	0.000000	4.3e-14
22.840000	0.000000	4.3e-14
22.850000	0.000000	4.2e-14
22.860000	0.000000	4.1e-14
22.870000	0.000000	4.1e-14
22.880000	0.000000	4.0e-14
22.890000	0.000000	4.0e-14
22.900000	0.000000	3.9e-14
22.910000	0.000000	3.8e-14
22.920000	0.000000	3.8e-14
22.930000	0.000000	3.7e-14
22.940000	0.000000	3.6e-14
22.950000	0.000000	3.6e-14
22.960000	0.000000	3.5e-14
22.970000	0.000000	3.5e-14
22.980000	0.000000	3.4e-14
22.990000	0.000000	3.4e-14
23.000000	0.000000	3.3e-14
23.010000	0.000000	3.3e-14
23.020000	0.000000	3.2e-14
23.030000	0.000000	3.2e-14
23.040000	0.000000	3.1e-14
23.050000	0.000000	3.1e-14
23.060000	0.000000	3.0e-14
23.070000	0.000000	3.0e-14
23.080000	0.000000	3.0e-14
23.090000	0.000000	2.9e-14
23.100000	0.000000	2.9e-14
23.110000	0.000000	2.8e-14
23.120000	0.000000	2.8e-14
23.130000	0.000000	2.8e-14
23.140000	0.000000	2.7e-14
23.150000	0.000000	2.7e-14
23.160000	0.000000	2.6e-14
23.170000	0.000000	2.6e-14
23.180000	0.000000	2.6e-14
23.190000	0.000000	2.5e-14
23.200000	0.000000	2.5e-14
23.210000	0.000000	2.4e-14
23.220000	0.000000	2.4e-14
23.230000	0.000000	2.4e-14
23.240000	0.000000	2.3e-14
23.250000	0.000000	2.3e-14
23.260000	0.000000	2.2e-14
23.270000	0.000000	2.2e-14
23.280000	0.000000	2.2e-14
23.290000	0.000000	2.1e-14
23.300000	0.000000	2.1e-14
23.310000	0.000000	2.1e-14
23.320000	0.000000	2.1e-14
23.330000	0.000000	2.0e-14
23.340000	0.000000	2.0e-14
23.350000	0.000000	2.0e-14
23.360000	0.000000	2.0e-14
23.370000	0.000000	1.9e-14
23.380000	0.000000	1.9e-14
23.390000	0.000000	1.9e-14
23.400000	0.000000	1.8e-14
23.410000	0.000000	1.8e-14
23.420000	0.000000	1.8e-14
23.430000	0.000000	1.8e-14
23.440000	0.000000	1.7e-14
23.450000	0.000000	1.7e-14
23.460000	0.000000	1.7e-14
23.470000	0.000000	1.7e-14
23.480000	0.000000	1.6e-14
23.490000	0.000000	1.6e-14
23.500000	0.000000	1.6e-14
23.510000	0.000000	1.5e-14
23.520000	0.000000	1.5e-14
23.530000	0.000000	1.5e-14
23.540000	0.000000	1.5e-14
23.550000	0.000000	1.5e-14
23.560000	0.000000	1.4e-14
23.570000	0.000000	1.4e-14
23.580000	0.000000	1.4e-14
23.590000	0.000000	1.4e-14
23.600000	0.000000	1.4e-14
23.610000	0.000000	1.3e-14
23.620000	0.000000	1.3e-14
23.630000	0.000000	1.3e-14
23.640000	0.000000	1.3e-14
23.650000	0.000000	1.3e-14
23.660000	0.000000	1.3e-14
23.670000	0.000000	1.2e-14
23.680000	0.000000	1.2e-14
23.690000	0.000000	1.2e-14
23.700000	0.000000	1.2e-14
23.710000	0.000000	1.2e-14
23.720000	0.000000	1.1e-14
23.730000	0.000000	1.1e-14
23.740000	0.000000	1.1e-14
23.750000	0.000000	1.1e-14
23.760000	0.000000	1.1e-14
23.770000	0.000000	1.1e-14
23.780000	0.000000	1.0e-14
23.790000	0.000000	1.0e-14
23.800000	0.000000	1.0e-14
23.810000	0.000000	9.9e-15
23.820000	0.000000	9.7e-15
23.830000	0.000000	9.6e-15
23.840000	0.000000	9.5e-15
23.850000	0.000000	9.4e-15
23.860000	0.000000	9.2e-15
23.870000	0.000000	9.1e-15
23.880000	0.000000	9.0e-15
23.890000	0.000000	8.9e-15
23.900000	0.000000	8.7e-15
23.910000	0.000000	8.6e-15
23.920000	0.000000	8.5e-15
23.930000	0.000000	8.4e-15
23.940000	0.000000	8.3e-15
23.950000	0.000000	8.1e-15
23.960000	0.000000	8.0e-15
23.970000	0.000000	7.9e-15
23.980000	0.000000	7.8e-15
23.990000	0.000000	7.7e-15
24.000000	0.000000	7.5e-15
24.010000	0.000000	7.4e-15
24.020000	0.000000	7.3e-15
24.030000	0.000000	7.2e-15
24.040000	0.000000	7.0e-15
24.050000	0.000000	6.9e-15
24.060000	0.000000	6.8e-15
24.070000	0.000000	6.7e-15
24.080000	0.000000	6.6e-15
24.090000	0.000000	6.5e-15
24.100000	0.000000	6.4e-15
24.110000	0.000000	6.3e-15
24.120000	0.000000	6.3e-15
24.130000	0.000000	6.2e-15
24.140000	0.000000	6.1e-15
24.150000	0.000000	6.0e-15
24.160000	0.000000	5.9e-15
24.170000	0.000000	5.9e-15
24.180000	0.000000	5.8e-15
24.190000	0.000000	5.7e-15
24.200000	0.000000	5.6e-15
24.210000	0.000000	5.5e-15
24.220000	0.000000	5.4e-15
24.230000	0.000000	5.4e-15
24.240000	0.000000	5.3e-15
24.250000	0.000000	5.2e-15
24.260000	0.000000	5.1e-15
24.270000	0.000000	5.0e-15
24.280000	0.000000	5.0e-15
24.290000	0.000000	4.9e-15
24.300000	0.000000	4.8e-15
24.310000	0.000000	4.7e-15
24.320000	0.000000	4.6e-15
24.330000	0.000000	4.6e-15
24.340000	0.000000	4.5e-15
24.350000	0.000000	4.4e-15
24.360000	0.000000	4.4e-15
24.370000	0.000000	4.3e-15
24.380000	0.000000	4.2e-15
24.390000	0.000000	4.2e-15
24.400000	0.000000	4.1e-15
24.410000	0.000000	4.1e-15
24.420000	0.000000	4.0e-15
24.430000	0.000000	4.0e-15
24.440000	0.000000	3.9e-15
24.450000	0.000000	3.9e-15
24.460000	0.000000	3.8e-15
24.470000	0.000000	3.8e-15
24.480000	0.000000	3.7e-15
24.490000	0.000000	3.6e-15
24.500000	0.000000	3.6e-15
24.510000	0.000000	3.5e-15
24.520000	0.000000	3.5e-15
24.530000	0.000000	3.4e-15
24.540000	0.000000	3.4e-15
24.550000	0.000000	3.3e-15
24.560000	0.000000	3.3e-15
24.570000	0.000000	3.2e-15
24.580000	0.000000	3.2e-15
24.590000	0.000000	3.1e-15
24.600000	0.000000	3.1e-15
24.610000	0.000000	3.0e-15
24.620000	0.000000	3.0e-15
24.630000	0.000000	2.9e-15
24.640000	0.000000	2.9e-15
24.650000	0.000000	2.8e-15
24.660000	0.000000	2.8e-15
24.670000	0.000000	2.8e-15
24.680000	0.000000	2.7e-15
24.690000	0.000000	2.7e-15
24.700000	0.000000	2.7e-15
24.710000	0.000000	2.6e-15
24.720000	0.000000	2.6e-15
24.730000	0.000000	2.5e-15
24.740000	0.000000	2.5e-15
24.750000	0.000000	2.5e-15
24.760000	0.000000	2.4e-15
24.770000	0.000000	2.4e-15
24.780000	0.000000	2.4e-15
24.790000	0.000000	2.3e-15
24.800000	0.000000	2.3e-15
24.810000	0.000000	2.3e-15
24.820000	0.000000	2.2e-15
24.830000	0.000000	2.2e-15
24.840000	0.000000	2.1e-15
24.850000	0.000000	2.1e-15
24.860000	0.000000	2.1e-15
24.870000	0.000000	2.0e-15
24.880000	0.000000	2.0e-15
24.890000	0.000000	2.0e-15
24.900000	0.000000	2.0e-15
24.910000	0.000000	1.9e-15
24.920000	0.000000	1.9e-15
24.930000	0.000000	1.9e-15
24.940000	0.000000	1.9e-15
24.950000	0.000000	1.8e-15
24.960000	0.000000	1.8e-15
24.970000	0.000000	1.8e-15
24.980000	0.000000	1.8e-15
24.990000	0.000000	1.7e-15
25.000000	0.000000	1.7e-15
25.010000	0.000000	1.7e-15
25.020000	0.000000	1.7e-15
25.030000	0.000000	1.6e-15
25.040000	0.000000	1.6e-15
25.050000	0.000000	1.6e-15
25.060000	0.000000	1.6e-15
25.070000	0.000000	1.5e-15
25.080000	0.000000	1.5e-15
25.090000	0.000000	1.5e-15
25.100000	0.000000	1.5e-15
25.110000	0.000000	1.4e-15
25.120000	0.000000	1.4e-15
25.130000	0.000000	1.4e-15
25.140000	0.000000	1.4e-15
25.150000	0.000000	1.3e-15
25.160000	0.000000	1.3e-15
25.170000	0.000000	1.3e-15
25.180000	0.000000	1.3e-15
25.190000	0.000000	1.3e-15
25.200000	0.000000	1.3e-15
25.210000	0.000000	1.2e-15
25.220000	0.000000	1.2e-15
25.230000	0.000000	1.2e-15
25.240000	0.000000	1.2e-15
25.250000	0.000000	1.2e-15
25.260000	0.000000	1.2e-15
25.270000	0.000000	1.1e-15
25.280000	0.000000	1.1e-15
25.290000	0.000000	1.1e-15
25.300000	0.000000	1.1e-15
25.310000	0.000000	1.1e-15
25.320000	0.000000	1.1e-15
25.330000	0.000000	1.0e-15
25.340000	0.000000	1.0e-15
25.350000	0.000000	1.0e-15
25.360000	0.000000	9.9e-16
25.370000	0.000000	9.8e-16
25.380000	0.000000	9.6e-16
25.390000	0.000000	9.5e-16
25.400000	0.000000	9.3e-16
25.410000	0.000000	9.2e-16
25.420000	0.000000	9.0e-16
25.430000	0.000000	8.9e-16
25.440000	0.000000	8.8e-16
25.450000	0.000000	8.7e-16
25.460000	0.000000	8.5e-16
25.470000	0.000000	8.4e-16
25.480000	0.000000	8.3e-16
25.490000	0.000000	8.2e-16
25.500000	0.000000	8.1e-16
25.510000	0.000000	8.0e-16
25.520000	0.000000	7.9e-16
25.530000	0.000000	7.8e-16
25.540000	0.000000	7.6e-16
25.550000	0.000000	7.5e-16
25.560000	0.000000	7.4e-16
25.570000	0.000000	7.3e-16
25.580000	0.000000	7.2e-16
25.590000	0.000000	7.1e-16
25.600000	0.000000	7.0e-16
25.610000	0.000000	6.9e-16
25.620000	0.000000	6.8e-16
25.630000	0.000000	6.7e-16
25.640000	0.000000	6.5e-16
25.650000	0.000000	6.4e-16
25.660000	0.000000	6.3e-16
25.670000	0.000000	6.2e-16
25.680000	0.000000	6.1e-16
25.690000	0.000000	6.1e-16
25.700000	0.000000	6.0e-16
25.710000	0.000000	5.9e-16
25.720000	0.000000	5.8e-16
25.730000	0.000000	5.7e-16
25.740000	0.000000	5.6e-16
25.750000	0.000000	5.6e-16
25.760000	0.000000	5.5e-16
25.770000	0.000000	5.4e-16
25.780000	0.000000	5.3e-16
25.790000	0.000000	5.3e-16
25.800000	0.000000	5.2e-16
25.810000	0.000000	5.1e-16
25.820000	0.000000	5.0e-16
25.830000	0.000000	5.0e-16
25.840000	0.000000	4.9e-16
25.850000	0.000000	4.8e-16
25.860000	0.000000	4.8e-16
25.870000	0.000000	4.7e-16
25.880000	0.000000	4.6e-16
25.890000	0.000000	4.5e-16
25.900000	0.000000	4.5e-16
25.910000	0.000000	4.4e-16
25.920000	0.000000	4.3e-16
25.930000	0.000000	4.3e-16
25.940000	0.000000	4.2e-16
25.950000	0.000000	4.1e-16
25.960000	0.000000	4.1e-16
25.970000	0.000000	4.0e-16
25.980000	0.000000	3.9e-16
25.990000	0.000000	3.9e-16
26.000000	0.000000	3.8e-16
26.010000	0.000000	3.8e-16
26.020000	0.000000	3.7e-16
26.030000	0.000000	3.7e-16
26.040000	0.000000	3.6e-16
26.050000	0.000000	3.6e-16
26.060000	0.000000	3.5e-16
26.070000	0.000000	3.5e-16
26.080000	0.000000	3.4e-16
26.090000	0.000000	3.4e-16
26.100000	0.000000	3.3e-16
26.110000	0.000000	3.3e-16
26.120000	0.000000	3.2e-16
26.130000	0.000000	3.2e-16
26.140000	0.000000	3.1e-16
26.150000	0.000000	3.1e-16
26.160000	0.000000	3.0e-16
26.170000	0.000000	3.0e-16
26.180000	0.000000	2.9e-16
26.190000	0.000000	2.9e-16
26.200000	0.000000	2.8e-16
26.210000	0.000000	2.8e-16
26.220000	0.000000	2.8e-16
26.230000	0.000000	2.7e-16
26.240000	0.000000	2.7e-16
26.250000	0.000000	2.7e-16
26.260000	0.000000	2.6e-16
26.270000	0.000000	2.6e-16
26.280000	0.000000	2.5e-16
26.290000	0.000000	2.5e-16
26.300000	0.000000	2.5e-16
26.310000	0.000000	2.4e-16
26.320000	0.000000	2.4e-16
26.330000	0.000000	2.4e-16
26.340000	0.000000	2.3e-16
26.350000	0.000000	2.3e-16
26.360000	0.000000	2.3e-16
26.370000	0.000000	2.2e-16
26.380000	0.000000	2.2e-16
26.390000	0.000000	2.2e-16
26.400000	0.000000	2.1e-16
26.410000	0.000000	2.1e-16
26.420000	0.000000	2.1e-16
26.430000	0.000000	2.0e-16
26.440000	0.000000	2.0e-16
26.450000	0.000000	2.0e-16
26.460000	0.000000	1.9e-16
26.470000	0.000000	1.9e-16
26.480000	0.000000	1.9e-16
26.490000	0.000000	1.9e-16
26.500000	0.000000	1.8e-16
26.510000	0.000000	1.8e-16
26.520000	0.000000	1.8e-16
26.530000	0.000000	1.8e-16
26.540000	0.000000	1.7e-16
26.550000	0.000000	1.7e-16
26.560000	0.000000	1.7e-16
26.570000	0.000000	1.7e-16
26.580000	0.000000	1.6e-16
26.590000	0.000000	1.6e-16
26.600000	0.000000	1.6e-16
26.610000	0.000000	1.6e-16
26.620000	0.000000	1.5e-16
26.630000	0.000000	1.5e-16
26.640000	0.000000	1.5e-16
26.650000	0.000000	1.5e-16
26.660000	0.000000	1.4e-16
26.670000	0.000000	1.4e-16
26.680000	0.000000	1.4e-16
26.690000	0.000000	1.4e-16
26.700000	0.000000	1.4e-16
26.710000	0.000000	1.3e-16
26.720000	0.000000	1.3e-16
26.730000	0.000000	1.3e-16
26.740000	0.000000	1.3e-16
26.750000	0.000000	1.3e-16
26.760000	0.000000	1.2e-16
26.770000	0.000000	1.2e-16
26.780000	0.000000	1.2e-16
26.790000	0.000000	1.2e-16
26.800000	0.000000	1.2e-16
26.810000	0.000000	1.2e-16
26.820000	0.000000	1.1e-16
26.830000	0.000000	1.1e-16
26.840000	0.000000	1.1e-16
26.850000	0.000000	1.1e-16
26.860000	0.000000	1.1e-16
26.870000	0.000000	1.1e-16
26.880000	0.000000	1.0e-16
26.890000	0.000000	1.0e-16
26.900000	0.000000	1.0e-16
26.910000	0.000000	1.0e-16
26.920000	0.000000	9.9e-17
26.930000	0.000000	9.7e-17
26.940000	0.000000	9.6e-17
26.950000	0.000000	9.4e-17
26.960000	0.000000	9.3e-17
26.970000	0.000000	9.1e-17
26.980000	0.000000	9.0e-17
26.990000	0.000000	8.8e-17
27.000000	0.000000	8.7e-17
27.010000	0.000000	8.6e-17
27.020000	0.000000	8.4e-17
27.030000	0.000000	8.3e-17
27.040000	0.000000	8.2e-17
27.050000	0.000000	8.1e-17
27.060000	0.000000	8.0e-17
27.070000	0.000000	7.9e-17
27.080000	0.000000	7.8e-17
27.090000	0.000000	7.7e-17
27.100000	0.000000	7.6e-17
27.110000	0.000000	7.5e-17
27.120000	0.000000	7.4e-17
27.130000	0.000000	7.2e-17
27.140000	0.000000	7.1e-17
27.150000	0.000000	7.0e-17
27.160000	0.000000	6.9e-17
27.170000	0.000000	6.8e-17
27.180000	0.000000	6.7e-17
27.190000	0.000000	6.6e-17
27.200000	0.000000	6.5e-17
27.210000	0.000000	6.4e-17
27.220000	0.000000	6.3e-17
27.230000	0.000000	6.2e-17
27.240000	0.000000	6.1e-17
27.250000	0.000000	6.0e-17
27.260000	0.000000	5.9e-17
27.270000	0.000000	5.8e-17
27.280000	0.000000	5.8e-17
27.290000	0.000000	5.7e-17
27.300000	0.000000	5.6e-17
27.310000	0.000000	5.5e-17
27.320000	0.000000	5.4e-17
27.330000	0.000000	5.4e-17
27.340000	0.000000	5.3e-17
27.350000	0.000000	5.2e-17
27.360000	0.000000	5.2e-17
27.370000	0.000000	5.1e-17
27.380000	0.000000	5.0e-17
27.390000	0.000000	4.9e-17
27.400000	0.000000	4.9e-17
27.410000	0.000000	4.8e-17
27.420000	0.000000	4.7e-17
27.430000	0.000000	4.6e-17
27.440000	0.000000	4.6e-17
27.450000	0.000000	4.5e-17
27.460000	0.000000	4.4e-17
27.470000	0.000000	4.4e-17
27.480000	0.000000	4.3e-17
27.490000	0.000000	4.2e-17
27.500000	0.000000	4.2e-17
27.510000	0.000000	4.1e-17
27.520000	0.000000	4.0e-17
27.530000	0.000000	4.0e-17
27.540000	0.000000	3.9e-17
27.550000	0.000000	3.9e-17
27.560000	0.000000	3.8e-17
27.570000	0.000000	3.8e-17
27.580000	0.000000	3.7e-17
27.590000	0.000000	3.7e-17
27.600000	0.000000	3.6e-17
27.610000	0.000000	3.6e-17
27.620000	0.000000	3.5e-17
27.630000	0.000000	3.5e-17
27.640000	0.000000	3.4e-17
27.650000	0.000000	3.4e-17
27.660000	0.000000	3.3e-17
27.670000	0.000000	3.3e-17
27.680000	0.000000	3.2e-17
27.690000	0.000000	3.2e-17
27.700000	0.000000	3.1e-17
27.710000	0.000000	3.1e-17
27.720000	0.000000	3.0e-17
27.730000	0.000000	3.0e-17
27.740000	0.000000	2.9e-17
27.750000	0.000000	2.9e-17
27.760000	0.000000	2.8e-17
27.770000	0.000000	2.8e-17
27.780000	0.000000	2.7e-17
27.790000	0.000000	2.7e-17
27.800000	0.000000	2.7e-17
27.810000	0.000000	2.6e-17
27.820000	0.000000	2.6e-17
27.830000	0.000000	2.5e-17
27.840000	0.000000	2.5e-17
27.850000	0.000000	2.5e-17
27.860000	0.000000	2.5e-17
27.870000	0.000000	2.4e-17
27.880000	0.000000	2.4e-17
27.890000	0.000000	2.4e-17
27.900000	0.000000	2.3e-17
27.910000	0.000000	2.3e-17
27.920000	0.000000	2.3e-17
27.930000	0.000000	2.2e-17
27.940000	0.000000	2.2e-17
27.950000	0.000000	2.2e-17
27.960000	0.000000	2.1e-17
27.970000	0.000000	2.1e-17
27.980000	0.000000	2.1e-17
27.990000	0.000000	2.0e-17
28.000000	0.000000	2.0e-17
28.010000	0.000000	2.0e-17
28.020000	0.000000	1.9e-17
28.030000	0.000000	1.9e-17
28.040000	0.000000	1.9e-17
28.050000	0.000000	1.8e-17
28.060000	0.000000	1.8e-17
28.070000	0.000000	1.8e-17
28.080000	0.000000	1.8e-17
28.090000	0.000000	1.7e-17
28.100000	0.000000	1.7e-17
28.110000	0.000000	1.7e-17
28.120000	0.000000	1.7e-17
28.130000	0.000000	1.6e-17
28.140000	0.000000	1.6e-17
28.150000	0.000000	1.6e-17
28.160000	0.000000	1.6e-17
28.170000	0.000000	1.6e-17
28.180000	0.000000	1.5e-17
28.190000	0.000000	1.5e-17
28.200000	0.000000	1.5e-17
28.210000	0.000000	1.5e-17
28.220000	0.000000	1.4e-17
28.230000	0.000000	1.4e-17
28.240000	0.000000	1.4e-17
28.250000	0.000000	1.4e-17
28.260000	0.000000	1.4e-17
28.270000	0.000000	1.3e-17
28.280000	0.000000	1.3e-17
28.290000	0.000000	1.3e-17
28.300000	0.000000	1.3e-17
28.310000	0.000000	1.3e-17
28.320000	0.000000	1.2e-17
28.330000	0.000000	1.2e-17
28.340000	0.000000	1.2e-17
28.350000	0.000000	1.2e-17
28.360000	0.000000	1.2e-17
28.370000	0.000000	1.1e-17
28.380000	0.000000	1.1e-17
28.390000	0.000000	1.1e-17
28.400000	0.000000	1.1e-17
28.410000	0.000000	1.1e-17
28.420000	0.000000	1.1e-17
28.430000	0.000000	1.1e-17
28.440000	0.000000	1.0e-17
28.450000	0.000000	1.0e-17
28.460000	0.000000	1.0e-17
28.470000	0.000000	1.0e-17
28.480000	0.000000	9.9e-18
28.490000	0.000000	9.7e-18
28.500000	0.000000	9.6e-18
28.510000	0.000000	9.4e-18
28.520000	0.000000	9.3e-18
28.530000	0.000000	9.1e-18
28.540000	0.000000	9.0e-18
28.550000	0.000000	8.8e-18
28.560000	0.000000	8.7e-18
28.570000	0.000000	8.5e-18
28.580000	0.000000	8.4e-18
28.590000	0.000000	8.3e-18
28.600000	0.000000	8.2e-18
28.610000	0.000000	8.0e-18
28.620000	0.000000	7.9e-18
28.630000	0.000000	7.8e-18
28.640000	0.000000	7.7e-18
28.650000	0.000000	7.6e-18
28.660000	0.000000	7.5e-18
28.670000	0.000000	7.4e-18
28.680000	0.000000	7.3e-18
28.690000	0.000000	7.2e-18
28.700000	0.000000	7.1e-18
28.710000	0.000000	7.0e-18
28.720000	0.000000	6.9e-18
28.730000	0.000000	6.8e-18
28.740000	0.000000	6.7e-18
28.750000	0.000000	6.6e-18
28.760000	0.000000	6.5e-18
28.770000	0.000000	6.4e-18
28.780000	0.000000	6.3e-18
28.790000	0.000000	6.2e-18
28.800000	0.000000	6.1e-18
28.810000	0.000000	6.0e-18
28.820000	0.000000	5.9e-18
28.830000	0.000000	5.8e-18
28.840000	0.000000	5.7e-18
28.850000	0.000000	5.6e-18
28.860000	0.000000	5.5e-18
28.870000	0.000000	5.5e-18
28.880000	0.000000	5.4e-18
28.890000	0.000000	5.3e-18
28.900000	0.000000	5.2e-18
28.910000	0.000000	5.2e-18
28.920000	0.000000	5.1e-18
28.930000	0.000000	5.0e-18
28.940000	0.000000	5.0e-18
28.950000	0.000000	4.9e-18
28.960000	0.000000	4.8e-18
28.970000	0.000000	4.8e-18
28.980000	0.000000	4.7e-18
28.990000	0.000000	4.6e-18
29.000000	0.000000	4.6e-18
29.010000	0.000000	4.5e-18
29.020000	0.000000	4.4e-18
29.030000	0.000000	4.4e-18
29.040000	0.000000	4.3e-18
29.050000	0.000000	4.3e-18
29.060000	0.000000	4.2e-18
29.070000	0.000000	4.1e-18
29.080000	0.000000	4.1e-18
29.090000	0.000000	4.0e-18
29.100000	0.000000	3.9e-18
29.110000	0.000000	3.9e-18
29.120000	0.000000	3.8e-18
29.130000	0.000000	3.7e-18
29.140000	0.000000	3.7e-18
29.150000	0.000000	3.6e-18
29.160000	0.000000	3.6e-18
29.170000	0.000000	3.5e-18
29.180000	0.000000	3.5e-18
29.190000	0.000000	3.4e-18
29.200000	0.000000	3.4e-18
29.210000	0.000000	3.3e-18
29.220000	0.000000	3.3e-18
29.230000	0.000000	3.3e-18
29.240000	0.000000	3.2e-18
29.250000	0.000000	3.2e-18
29.260000	0.000000	3.1e-18
29.270000	0.000000	3.1e-18
29.280000	0.000000	3.0e-18
29.290000	0.000000	3.0e-18
29.300000	0.000000	2.9e-18
29.310000	0.000000	2.9e-18
29.320000	0.000000	2.9e-18
29.330000	0.000000	2.8e-18
29.340000	0.000000	2.8e-18
29.350000	0.000000	2.7e-18
29.360000	0.000000	2.7e-18
29.370000	0.000000	2.6e-18
29.380000	0.000000	2.6e-18
29.390000	0.000000	2.5e-18
29.400000	0.000000	2.5e-18
29.410000	0.000000	2.5e-18
29.420000	0.000000	2.4e-18
29.430000	0.000000	2.4e-18
29.440000	0.000000	2.4e-18
29.450000	0.000000	2.3e-18
29.460000	0.000000	2.3e-18
29.470000	0.000000	2.3e-18
29.480000	0.000000	2.2e-18
29.490000	0.000000	2.2e-18
29.500000	0.000000	2.2e-18
29.510000	0.000000	2.2e-18
29.520000	0.000000	2.1e-18
29.530000	0.000000	2.1e-18
29.540000	0.000000	2.1e-18
29.550000	0.000000	2.0e-18
29.560000	0.000000	2.0e-18
29.570000	0.000000	2.0e-18
29.580000	0.000000	1.9e-18
29.590000	0.000000	1.9e-18
29.600000	0.000000	1.9e-18
29.610000	0.000000	1.9e-18
29.620000	0.000000	1.8e-18
29.630000	0.000000	1.8e-18
29.640000	0.000000	1.8e-18
29.650000	0.000000	1.7e-18
29.660000	0.000000	1.7e-18
29.670000	0.000000	1.7e-18
29.680000	0.000000	1.7e-18
29.690000	0.000000	1.6e-18
29.700000	0.000000	1.6e-18
29.710000	0.000000	1.6e-18
29.720000	0.000000	1.6e-18
29.730000	0.000000	1.5e-18
29.740000	0.000000	1.5e-18
29.750000	0.000000	1.5e-18
29.760000	0.000000	1.5e-18
29.770000	0.000000	1.5e-18
29.780000	0.000000	1.4e-18
29.790000	0.000000	1.4e-18
29.800000	0.000000	1.4e-18
29.810000	0.000000	1.4e-18
29.820000	0.000000	1.4e-18
29.830000	0.000000	1.3e-18
29.840000	0.000000	1.3e-18
29.850000	0.000000	1.3e-18
29.860000	0.000000	1.3e-18
29.870000	0.000000	1.3e-18
29.880000	0.000000	1.2e-18
29.890000	0.000000	1.2e-18
29.900000	0.000000	1.2e-18
29.910000	0.000000	1.2e-18
29.920000	0.000000	1.2e-18
29.930000	0.000000	1.2e-18
29.940000	0.000000	1.1e-18
29.950000	0.000000	1.1e-18
29.960000	0.000000	1.1e-18
29.970000	0.000000	1.1e-18
29.980000	0.000000	1.1e-18
29.990000	0.000000	1.1e-18
30.000000	0.000000	1.0e-18
30.010000	0.000000	1.0e-18
30.020000	0.000000	1.0e-18
30.030000	0.000000	1.0e-18
30.040000	0.000000	9.9e-19
30.050000	0.000000	9.7e-19
30.060000	0.000000	9.6e-19
30.070000	0.000000	9.5e-19
30.080000	0.000000	9.3e-19
30.090000	0.000000	9.2e-19
