0.100000	0.000000	20688.447493
0.110000	0.000000	15131.047423
0.120000	0.000000	16902.358221
0.130000	0.000000	15130.644151
0.140000	0.000000	15024.088646
0.150000	0.000000	12147.768865
0.160000	0.000000	11710.720854
0.170000	0.000000	10080.494889
0.180000	0.000000	8834.379711
0.190000	0.000000	8713.328331
0.200000	0.000000	7576.223664
0.210000	0.000000	7642.974709
0.220000	0.000000	8284.695568
0.230000	0.000000	6611.303793
0.240000	0.000000	7343.065650
0.250000	0.000000	6612.341524
0.260000	0.000000	5585.850976
0.270000	0.000000	5520.915470
0.280000	0.000000	5618.682000
0.290000	0.000000	5200.699148
0.300000	0.000000	4793.529934
0.310000	0.000000	4779.208442
0.320000	0.000000	4787.679712
0.330000	0.000000	4783.662858
0.340000	0.000000	4468.505297
0.350000	0.000000	4096.679582
0.360000	0.000000	9829.383218
0.370000	0.000000	25061.704539
0.380000	0.000000	28015.246688
0.390000	0.000000	10924.290983
0.400000	0.000000	30428.009566
0.410000	0.000000	4629.017338
0.420000	0.000000	14978.438897
0.430000	0.000000	10596.605236
0.440000	0.000000	13250.735256
0.450000	0.000000	4150.616412
0.460000	0.000000	3086.378331
0.470000	0.000000	3017.569023
0.480000	0.000000	15702.074804
0.490000	0.000000	9054.587635
0.500000	0.000000	6480.630289
0.510000	0.000000	5608.481528
0.520000	0.000000	2705.887501
0.530000	0.000000	4762.822891
0.540000	0.000000	6041.513109
0.550000	0.000000	2588.173328
0.560000	0.000000	3410.045452
0.570000	0.000000	6221.956943
0.580000	0.000000	5481.663690
0.590000	0.000000	4255.171095
0.600000	0.000000	6038.571097
0.610000	0.000000	2497.454695
0.620000	0.000000	2722.602129
0.630000	0.000000	3734.477490
0.640000	0.000000	3509.752842
0.650000	0.000000	7335.304310
0.660000	0.000000	5366.178040
0.670000	0.000000	2898.518822
0.680000	0.000000	2686.752057
0.690000	0.000000	2593.562104
0.700000	0.000000	2723.119868
0.710000	0.000000	2996.059712
0.720000	0.000000	2922.008284
0.730000	0.000000	4147.840414
0.740000	0.000000	2270.624337
0.750000	0.000000	2030.750795
0.760000	0.000000	1999.683811
0.770000	0.000000	3213.934622
0.780000	0.000000	2019.979483
0.790000	0.000000	2189.426185
0.800000	0.000000	2252.972788
0.810000	0.000000	2354.263076
0.820000	0.000000	2171.868843
0.830000	0.000000	2060.651966
0.840000	0.000000	1966.576306
0.850000	0.000000	1886.825376
0.860000	0.000000	1871.420994
0.870000	0.000000	1901.002692
0.880000	0.000000	1936.922045
0.890000	0.000000	1905.960104
0.900000	0.000000	1903.746720
0.910000	0.000000	1915.089410
0.920000	0.000000	1886.278719
0.930000	0.000000	1915.516428
0.940000	0.000000	1860.208720
0.950000	0.000000	1868.630741
0.960000	0.000000	1854.407634
0.970000	0.000000	1895.514785
0.980000	0.000000	1833.755838
0.990000	0.000000	1876.552839
1.000000	0.000000	1906.587278
1.010000	0.000000	2328.121716
1.020000	0.000000	2280.133072
1.030000	0.000000	1869.159391
1.040000	0.000000	2203.087168
1.050000	0.000000	2491.518703
1.060000	0.000000	1760.782240
1.070000	0.000000	1842.143753
1.080000	0.000000	2256.480974
1.090000	0.000000	1780.582769
1.100000	0.000000	2857.345225
1.110000	0.000000	1654.055992
1.120000	0.000000	2657.180021
1.130000	0.000000	1779.614734
1.140000	0.000000	1600.609096
1.150000	0.000000	1868.621692
1.160000	0.000000	2178.599013
1.170000	0.000000	1835.377025
1.180000	0.000000	1537.609623
1.190000	0.000000	1534.817115
1.200000	0.000000	1562.015126
1.210000	0.000000	1562.407401
1.220000	0.000000	1496.886483
1.230000	0.000000	1512.516366
1.240000	0.000000	1512.508055
1.250000	0.000000	1465.969463
1.260000	0.000000	1461.746745
1.270000	0.000000	1492.763778
1.280000	0.000000	1443.738513
1.290000	0.000000	1470.211928
1.300000	0.000000	1444.225816
1.310000	0.000000	1455.757593
1.320000	0.000000	1447.113610
1.330000	0.000000	1423.513789
1.340000	0.000000	1404.767433
1.350000	0.000000	1397.378195
1.360000	0.000000	1405.412982
1.370000	0.000000	1408.914442
1.380000	0.000000	1396.699551
1.390000	0.000000	1405.111482
1.400000	0.000000	1418.416257
1.410000	0.000000	1350.673760
1.420000	0.000000	1357.324207
1.430000	0.000000	1345.892199
1.440000	0.000000	1325.321688
1.450000	0.000000	1323.978209
1.460000	0.000000	1307.214659
1.470000	0.000000	1331.964194
1.480000	0.000000	1395.231535
1.490000	0.000000	1389.532742
1.500000	0.000000	1345.288653
1.510000	0.000000	1291.838774
1.520000	0.000000	1265.315769
1.530000	0.000000	1256.056211
1.540000	0.000000	1305.139189
1.550000	0.000000	1347.360450
1.560000	0.000000	1244.223941
1.570000	0.000000	1246.473240
1.580000	0.000000	1216.932294
1.590000	0.000000	1210.060386
1.600000	0.000000	1209.220986
1.610000	0.000000	1202.247003
1.620000	0.000000	1185.145997
1.630000	0.000000	1177.994303
1.640000	0.000000	1169.181093
1.650000	0.000000	1206.909897
1.660000	0.000000	1198.686132
1.670000	0.000000	1174.848782
1.680000	0.000000	1153.092693
1.690000	0.000000	1137.691577
1.700000	0.000000	1130.909330
1.710000	0.000000	1124.454461
1.720000	0.000000	1129.921451
1.730000	0.000000	1144.565059
1.740000	0.000000	1105.958760
1.750000	0.000000	1118.920063
1.760000	0.000000	1098.481738
1.770000	0.000000	1088.871165
1.780000	0.000000	1070.425825
1.790000	0.000000	1063.624281
1.800000	0.000000	1062.437012
1.810000	0.000000	1068.796006
1.820000	0.000000	1058.742412
1.830000	0.000000	1043.840671
1.840000	0.000000	1032.075146
1.850000	0.000000	1022.824532
1.860000	0.000000	1015.133959
1.870000	0.000000	1013.247780
1.880000	0.000000	1009.064283
1.890000	0.000000	995.137290
1.900000	0.000000	988.430265
1.910000	0.000000	981.164412
1.920000	0.000000	974.472075
1.930000	0.000000	967.806947
1.940000	0.000000	963.476557
1.950000	0.000000	955.168953
1.960000	0.000000	947.324518
1.970000	0.000000	941.107642
1.980000	0.000000	934.587252
1.990000	0.000000	927.939530
2.000000	0.000000	921.512429
2.010000	0.000000	914.805654
2.020000	0.000000	908.785225
2.030000	0.000000	902.388054
2.040000	0.000000	895.403149
2.050000	0.000000	888.861763
2.060000	0.000000	881.952032
2.070000	0.000000	874.860637
2.080000	0.000000	868.364665
2.090000	0.000000	861.415518
2.100000	0.000000	854.670552
2.110000	0.000000	845.247990
2.120000	0.000000	834.292003
2.130000	0.000000	823.717182
2.140000	0.000000	811.938951
2.150000	0.000000	801.970840
2.160000	0.000000	790.133256
2.170000	0.000000	778.667689
2.180000	0.000000	767.680528
2.190000	0.000000	756.756358
2.200000	0.000000	745.878737
2.210000	0.000000	734.861447
2.220000	0.000000	723.754062
2.230000	0.000000	712.835349
2.240000	0.000000	701.953450
2.250000	0.000000	691.071700
2.260000	0.000000	680.193170
2.270000	0.000000	669.376749
2.280000	0.000000	657.920790
2.290000	0.000000	646.908398
2.300000	0.000000	639.419057
2.310000	0.000000	625.105362
2.320000	0.000000	609.228227
2.330000	0.000000	592.624075
2.340000	0.000000	576.017071
2.350000	0.000000	559.041076
2.360000	0.000000	541.994424
2.370000	0.000000	560.477062
2.380000	0.000000	557.156816
2.390000	0.000000	491.334706
2.400000	0.000000	515.209243
2.410000	0.000000	592.441984
2.420000	0.000000	7965.165662
2.430000	0.000000	56067.722755
2.440000	0.000000	27242.051991
2.450000	0.000000	10546.014846
2.460000	0.000000	126437.708935
2.470000	0.000000	16823.229569
2.480000	0.000000	350.959353
2.490000	0.000000	338.836852
2.500000	0.000000	326.719896
2.510000	0.000000	314.760746
2.520000	0.000000	302.601717
2.530000	0.000000	290.378880
2.540000	0.000000	278.265433
2.550000	0.000000	350.184360
2.560000	0.000000	413.573948
2.570000	0.000000	248.592714
2.580000	0.000000	1401.159162
2.590000	0.000000	6258.143316
2.600000	0.000000	6781.548134
2.610000	0.000000	75112.343100
2.620000	0.000000	146693.800018
2.630000	0.000000	10957.479179
2.640000	0.000000	157.524187
2.650000	0.000000	156.284021
2.660000	0.000000	155.088421
2.670000	0.000000	153.909483
2.680000	0.000000	152.727086
2.690000	0.000000	151.545413
2.700000	0.000000	150.390056
2.710000	0.000000	149.213179
2.720000	0.000000	148.187824
2.730000	0.000000	147.202428
2.740000	0.000000	145.993846
2.750000	0.000000	145.660357
2.760000	0.000000	143.519682
2.770000	0.000000	143.053113
2.780000	0.000000	144.655860
2.790000	0.000000	158.894151
2.800000	0.000000	205.516540
2.810000	0.000000	150.521186
2.820000	0.000000	969.658280
2.830000	0.000000	511.317137
2.840000	0.000000	184.733063
2.850000	0.000000	139.862657
2.860000	0.000000	131.593668
2.870000	0.000000	9969.210062
2.880000	0.000000	12549.859498
2.890000	0.000000	128.142446
2.900000	0.000000	127.002262
2.910000	0.000000	125.862614
2.920000	0.000000	124.727861
2.930000	0.000000	123.715858
2.940000	0.000000	134.679132
2.950000	0.000000	576.492810
2.960000	0.000000	262.161384
2.970000	0.000000	133.740382
2.980000	0.000000	133.623089
2.990000	0.000000	121.413666
3.000000	0.000000	115.897115
3.010000	0.000000	270.570985
3.020000	0.000000	4570.986155
3.030000	0.000000	3777.747638
3.040000	0.000000	476.770165
3.050000	0.000000	569.627125
3.060000	0.000000	254.370665
3.070000	0.000000	108.665042
3.080000	0.000000	107.983367
3.090000	0.000000	4488.315332
3.100000	0.000000	29001.107652
3.110000	0.000000	107.512067
3.120000	0.000000	117.023492
3.130000	0.000000	2192.705824
3.140000	0.000000	352.400661
3.150000	0.000000	1176.595635
3.160000	0.000000	415.000182
3.170000	0.000000	693.887821
3.180000	0.000000	982.110841
3.190000	0.000000	535.520860
3.200000	0.000000	145.086288
3.210000	0.000000	141.647535
3.220000	0.000000	185.477104
3.230000	0.000000	183.368316
3.240000	0.000000	182.837403
3.250000	0.000000	190.189818
3.260000	0.000000	1355.996848
3.270000	0.000000	8631.325471
3.280000	0.000000	204.653380
3.290000	0.000000	177.366975
3.300000	0.000000	176.214586
3.310000	0.000000	183.432063
3.320000	0.000000	190.348220
3.330000	0.000000	177.059701
3.340000	0.000000	171.451128
3.350000	0.000000	2678.248837
3.360000	0.000000	1962.472597
3.370000	0.000000	168.099559
3.380000	0.000000	167.036709
3.390000	0.000000	959.958433
3.400000	0.000000	1673.483018
3.410000	0.000000	488.907862
3.420000	0.000000	1277.913922
3.430000	0.000000	261.162470
3.440000	0.000000	1037.407947
3.450000	0.000000	1040.771782
3.460000	0.000000	170.502357
3.470000	0.000000	158.362283
3.480000	0.000000	156.573634
3.490000	0.000000	293.809894
3.500000	0.000000	366.243551
3.510000	0.000000	376.904883
3.520000	0.000000	374.030513
3.530000	0.000000	371.854805
3.540000	0.000000	369.712232
3.550000	0.000000	367.590407
3.560000	0.000000	365.459354
3.570000	0.000000	363.297856
3.580000	0.000000	361.184009
3.590000	0.000000	359.031879
3.600000	0.000000	356.958059
3.610000	0.000000	355.314709
3.620000	0.000000	352.674680
3.630000	0.000000	350.310713
3.640000	0.000000	348.180463
3.650000	0.000000	346.038640
3.660000	0.000000	343.941023
3.670000	0.000000	341.978307
3.680000	0.000000	343.788655
3.690000	0.000000	340.434124
3.700000	0.000000	335.724469
3.710000	0.000000	333.262728
3.720000	0.000000	331.107220
3.730000	0.000000	328.975047
3.740000	0.000000	326.845183
3.750000	0.000000	324.715703
3.760000	0.000000	322.584779
3.770000	0.000000	320.484302
3.780000	0.000000	318.656222
3.790000	0.000000	316.281991
3.800000	0.000000	314.015093
3.810000	0.000000	311.877588
3.820000	0.000000	309.751759
3.830000	0.000000	307.686772
3.840000	0.000000	305.704837
3.850000	0.000000	310.246170
3.860000	0.000000	308.821863
3.870000	0.000000	304.550840
3.880000	0.000000	302.259314
3.890000	0.000000	308.572317
3.900000	0.000000	311.114378
3.910000	0.000000	290.753168
3.920000	0.000000	289.277818
3.930000	0.000000	289.288474
3.940000	0.000000	284.419306
3.950000	0.000000	282.321151
3.960000	0.000000	281.066352
3.970000	0.000000	278.001142
3.980000	0.000000	275.838722
3.990000	0.000000	273.730146
4.000000	0.000000	272.060604
4.010000	0.000000	269.692074
4.020000	0.000000	267.421792
4.030000	0.000000	265.509030
4.040000	0.000000	263.383629
4.050000	0.000000	261.220129
4.060000	0.000000	259.427268
4.070000	0.000000	257.506694
4.080000	0.000000	255.189779
4.090000	0.000000	254.272834
4.100000	0.000000	256.196359
4.110000	0.000000	250.676724
4.120000	0.000000	249.092326
4.130000	0.000000	247.367617
4.140000	0.000000	246.886361
4.150000	0.000000	244.639111
4.160000	0.000000	243.068653
4.170000	0.000000	241.637921
4.180000	0.000000	240.202858
4.190000	0.000000	238.768379
4.200000	0.000000	237.335441
4.210000	0.000000	235.902524
4.220000	0.000000	234.470371
4.230000	0.000000	233.047956
4.240000	0.000000	231.768539
4.250000	0.000000	230.550680
4.260000	0.000000	228.785266
4.270000	0.000000	227.370415
4.280000	0.000000	225.947130
4.290000	0.000000	224.504615
4.300000	0.000000	223.251629
4.310000	0.000000	221.624724
4.320000	0.000000	220.176711
4.330000	0.000000	218.935489
4.340000	0.000000	217.398401
4.350000	0.000000	215.981709
4.360000	0.000000	214.571289
4.370000	0.000000	213.131558
4.380000	0.000000	211.712255
4.390000	0.000000	210.274432
4.400000	0.000000	208.821898
4.410000	0.000000	207.403968
4.420000	0.000000	205.998122
4.430000	0.000000	204.612343
4.440000	0.000000	203.167600
4.450000	0.000000	201.749471
4.460000	0.000000	200.294273
4.470000	0.000000	198.823575
4.480000	0.000000	197.459195
4.490000	0.000000	195.994187
4.500000	0.000000	194.988893
4.510000	0.000000	193.387112
4.520000	0.000000	191.770613
4.530000	0.000000	190.322596
4.540000	0.000000	188.902806
4.550000	0.000000	187.477389
4.560000	0.000000	186.062036
4.570000	0.000000	185.820813
4.580000	0.000000	185.767347
4.590000	0.000000	181.820855
4.600000	0.000000	180.407905
4.610000	0.000000	178.997289
4.620000	0.000000	177.604789
4.630000	0.000000	176.109627
4.640000	0.000000	174.667807
4.650000	0.000000	173.258140
4.660000	0.000000	171.865847
4.670000	0.000000	170.740798
4.680000	0.000000	169.771024
4.690000	0.000000	168.955984
4.700000	0.000000	168.045765
4.710000	0.000000	167.053091
4.720000	0.000000	166.237004
4.730000	0.000000	165.355444
4.740000	0.000000	164.363109
4.750000	0.000000	163.566621
4.760000	0.000000	162.208705
4.770000	0.000000	161.249401
4.780000	0.000000	160.316875
4.790000	0.000000	159.375094
4.800000	0.000000	158.364927
4.810000	0.000000	157.459693
4.820000	0.000000	157.468419
4.830000	0.000000	155.748241
4.840000	0.000000	154.577377
4.850000	0.000000	153.769272
4.860000	0.000000	152.990049
4.870000	0.000000	151.899220
4.880000	0.000000	150.795222
4.890000	0.000000	149.851352
4.900000	0.000000	148.907492
4.910000	0.000000	147.963908
4.920000	0.000000	147.135706
4.930000	0.000000	146.459161
4.940000	0.000000	145.137398
4.950000	0.000000	144.192135
4.960000	0.000000	143.256311
4.970000	0.000000	142.273769
4.980000	0.000000	141.530319
4.990000	0.000000	140.386629
5.000000	0.000000	139.410520
5.010000	0.000000	138.467648
5.020000	0.000000	137.630405
5.030000	0.000000	136.643484
5.040000	0.000000	135.695056
5.050000	0.000000	134.770729
5.060000	0.000000	133.789590
5.070000	0.000000	132.841665
5.080000	0.000000	131.905350
5.090000	0.000000	130.935632
5.100000	0.000000	129.995178
5.110000	0.000000	129.073133
5.120000	0.000000	128.280005
5.130000	0.000000	127.168913
5.140000	0.000000	126.184227
5.150000	0.000000	125.264540
5.160000	0.000000	124.313406
5.170000	0.000000	123.373303
5.180000	0.000000	122.433485
5.190000	0.000000	121.493551
5.200000	0.000000	120.573554
5.210000	0.000000	119.629872
5.220000	0.000000	118.679106
5.230000	0.000000	117.746645
5.240000	0.000000	116.840033
5.250000	0.000000	115.977702
5.260000	0.000000	115.170545
5.270000	0.000000	114.542772
5.280000	0.000000	113.915250
5.290000	0.000000	113.288181
5.300000	0.000000	112.639322
5.310000	0.000000	112.030894
5.320000	0.000000	111.369942
5.330000	0.000000	110.739903
5.340000	0.000000	110.113136
5.350000	0.000000	109.504277
5.360000	0.000000	108.868695
5.370000	0.000000	108.240638
5.380000	0.000000	107.614607
5.390000	0.000000	106.986866
5.400000	0.000000	106.362679
5.410000	0.000000	105.732045
5.420000	0.000000	105.100842
5.430000	0.000000	104.474919
5.440000	0.000000	103.849205
5.450000	0.000000	103.222189
5.460000	0.000000	102.594825
5.470000	0.000000	101.941434
5.480000	0.000000	101.303770
5.490000	0.000000	100.694160
5.500000	0.000000	100.056155
5.510000	0.000000	99.427581
5.520000	0.000000	98.799112
5.530000	0.000000	98.179169
5.540000	0.000000	97.554926
5.550000	0.000000	96.922146
5.560000	0.000000	96.295316
5.570000	0.000000	95.697120
5.580000	0.000000	95.087573
5.590000	0.000000	94.423284
5.600000	0.000000	93.821916
5.610000	0.000000	93.316025
5.620000	0.000000	93.187015
5.630000	0.000000	92.470460
5.640000	0.000000	91.588847
5.650000	0.000000	91.067369
5.660000	0.000000	90.387081
5.670000	0.000000	90.796006
5.680000	0.000000	89.171407
5.690000	0.000000	88.131835
5.700000	0.000000	87.506426
5.710000	0.000000	86.881941
5.720000	0.000000	86.258327
5.730000	0.000000	85.636268
5.740000	0.000000	85.015083
5.750000	0.000000	84.396236
5.760000	0.000000	83.780073
5.770000	0.000000	83.157677
5.780000	0.000000	82.536645
5.790000	0.000000	81.916612
5.800000	0.000000	81.290808
5.810000	0.000000	80.634432
5.820000	0.000000	80.015150
5.830000	0.000000	79.394979
5.840000	0.000000	78.795179
5.850000	0.000000	78.321484
5.860000	0.000000	77.915349
5.870000	0.000000	77.507390
5.880000	0.000000	77.093374
5.890000	0.000000	76.679494
5.900000	0.000000	76.267724
5.910000	0.000000	75.858357
5.920000	0.000000	75.453666
5.930000	0.000000	75.052906
5.940000	0.000000	74.618575
5.950000	0.000000	74.208074
5.960000	0.000000	73.797764
5.970000	0.000000	73.377797
5.980000	0.000000	72.948993
5.990000	0.000000	72.538420
6.000000	0.000000	72.135827
6.010000	0.000000	71.719349
6.020000	0.000000	71.312127
6.030000	0.000000	70.902533
6.040000	0.000000	70.488222
6.050000	0.000000	70.075944
6.060000	0.000000	69.666456
6.070000	0.000000	69.258219
6.080000	0.000000	68.847953
6.090000	0.000000	68.444047
6.100000	0.000000	68.057409
6.110000	0.000000	67.686932
6.120000	0.000000	67.539209
6.130000	0.000000	66.961732
6.140000	0.000000	66.472382
6.150000	0.000000	66.127995
6.160000	0.000000	65.685779
6.170000	0.000000	65.621394
6.180000	0.000000	64.850693
6.190000	0.000000	64.314650
6.200000	0.000000	63.905949
6.210000	0.000000	63.496551
6.220000	0.000000	63.086911
6.230000	0.000000	62.677823
6.240000	0.000000	62.268797
6.250000	0.000000	61.859950
6.260000	0.000000	61.451715
6.270000	0.000000	61.044460
6.280000	0.000000	60.637556
6.290000	0.000000	60.230796
6.300000	0.000000	59.823593
6.310000	0.000000	59.394901
6.320000	0.000000	58.983201
6.330000	0.000000	58.576369
6.340000	0.000000	58.169721
6.350000	0.000000	57.764032
6.360000	0.000000	57.357922
6.370000	0.000000	56.951716
6.380000	0.000000	56.548212
6.390000	0.000000	56.143490
6.400000	0.000000	55.743785
6.410000	0.000000	55.340759
6.420000	0.000000	54.925000
6.430000	0.000000	54.519848
6.440000	0.000000	54.119310
6.450000	0.000000	53.725809
6.460000	0.000000	53.413415
6.470000	0.000000	53.242966
6.480000	0.000000	52.798203
6.490000	0.000000	52.573076
6.500000	0.000000	52.272156
6.510000	0.000000	51.981685
6.520000	0.000000	51.714956
6.530000	0.000000	52.201462
6.540000	0.000000	52.252820
6.550000	0.000000	51.425441
6.560000	0.000000	50.901710
6.570000	0.000000	51.761764
6.580000	0.000000	52.235115
6.590000	0.000000	51.179579
6.600000	0.000000	53.899193
6.610000	0.000000	62.489857
6.620000	0.000000	63.820867
6.630000	0.000000	70.890760
6.640000	0.000000	70.953255
6.650000	0.000000	77.419145
6.660000	0.000000	76.833106
6.670000	0.000000	61.452871
6.680000	0.000000	63.475843
6.690000	0.000000	101.809842
6.700000	0.000000	69.882648
6.710000	0.000000	46.890641
6.720000	0.000000	46.265958
6.730000	0.000000	45.932676
6.740000	0.000000	45.660713
6.750000	0.000000	45.388658
6.760000	0.000000	45.117019
6.770000	0.000000	44.845395
6.780000	0.000000	44.573749
6.790000	0.000000	44.302088
6.800000	0.000000	44.030403
6.810000	0.000000	43.751298
6.820000	0.000000	43.470375
6.830000	0.000000	43.200137
6.840000	0.000000	42.937986
6.850000	0.000000	42.661835
6.860000	0.000000	42.389612
6.870000	0.000000	42.124711
6.880000	0.000000	41.852754
6.890000	0.000000	41.589095
6.900000	0.000000	41.339630
6.910000	0.000000	41.145502
6.920000	0.000000	40.924241
6.930000	0.000000	40.586531
6.940000	0.000000	40.369622
6.950000	0.000000	40.125648
6.960000	0.000000	39.790981
6.970000	0.000000	39.816672
6.980000	0.000000	39.141789
6.990000	0.000000	38.862090
7.000000	0.000000	38.592439
7.010000	0.000000	38.325645
7.020000	0.000000	38.088572
7.030000	0.000000	37.797475
7.040000	0.000000	37.515342
7.050000	0.000000	37.252385
7.060000	0.000000	36.984235
7.070000	0.000000	36.711316
7.080000	0.000000	36.440201
7.090000	0.000000	36.177267
7.100000	0.000000	35.950007
7.110000	0.000000	35.768376
7.120000	0.000000	35.584680
7.130000	0.000000	35.403001
7.140000	0.000000	35.221273
7.150000	0.000000	35.028136
7.160000	0.000000	34.850321
7.170000	0.000000	34.687866
7.180000	0.000000	34.491084
7.190000	0.000000	34.314523
7.200000	0.000000	34.124530
7.210000	0.000000	33.937439
7.220000	0.000000	33.755254
7.230000	0.000000	33.573662
7.240000	0.000000	33.392483
7.250000	0.000000	33.214054
7.260000	0.000000	33.048818
7.270000	0.000000	32.884086
7.280000	0.000000	32.675552
7.290000	0.000000	32.486627
7.300000	0.000000	32.305493
7.310000	0.000000	32.123800
7.320000	0.000000	31.931237
7.330000	0.000000	31.755593
7.340000	0.000000	31.569961
7.350000	0.000000	31.388286
7.360000	0.000000	31.210263
7.370000	0.000000	31.027733
7.380000	0.000000	30.847570
7.390000	0.000000	30.667603
7.400000	0.000000	30.487397
7.410000	0.000000	30.307095
7.420000	0.000000	30.126215
7.430000	0.000000	29.946417
7.440000	0.000000	29.766174
7.450000	0.000000	29.586229
7.460000	0.000000	29.406641
7.470000	0.000000	29.226382
7.480000	0.000000	29.044594
7.490000	0.000000	28.854614
7.500000	0.000000	28.674641
7.510000	0.000000	28.494790
7.520000	0.000000	28.326943
7.530000	0.000000	28.141599
7.540000	0.000000	27.958509
7.550000	0.000000	27.785690
7.560000	0.000000	27.604475
7.570000	0.000000	27.419441
7.580000	0.000000	27.239160
7.590000	0.000000	27.058730
7.600000	0.000000	26.879634
7.610000	0.000000	26.706473
7.620000	0.000000	26.543676
7.630000	0.000000	26.371912
7.640000	0.000000	26.190844
7.650000	0.000000	25.986777
7.660000	0.000000	25.799379
7.670000	0.000000	25.613682
7.680000	0.000000	25.484005
7.690000	0.000000	25.276577
7.700000	0.000000	25.129881
7.710000	0.000000	25.050749
7.720000	0.000000	25.229455
7.730000	0.000000	25.242950
7.740000	0.000000	24.808590
7.750000	0.000000	24.734476
7.760000	0.000000	25.105837
7.770000	0.000000	25.791753
7.780000	0.000000	27.347871
7.790000	0.000000	24.849210
7.800000	0.000000	24.674438
7.810000	0.000000	23.536555
7.820000	0.000000	23.761599
7.830000	0.000000	23.368635
7.840000	0.000000	23.131288
7.850000	0.000000	22.998090
7.860000	0.000000	23.600803
7.870000	0.000000	26.476469
7.880000	0.000000	24.396428
7.890000	0.000000	22.514852
7.900000	0.000000	22.394120
7.910000	0.000000	22.275378
7.920000	0.000000	22.155407
7.930000	0.000000	22.032106
7.940000	0.000000	21.911480
7.950000	0.000000	21.790921
7.960000	0.000000	21.671173
7.970000	0.000000	21.554937
7.980000	0.000000	21.430840
7.990000	0.000000	21.303584
8.000000	0.000000	21.182741
8.010000	0.000000	21.064022
8.020000	0.000000	20.943164
8.030000	0.000000	20.824085
8.040000	0.000000	20.703860
8.050000	0.000000	20.584301
8.060000	0.000000	20.464254
8.070000	0.000000	20.343703
8.080000	0.000000	20.223788
8.090000	0.000000	20.114080
8.100000	0.000000	20.006150
8.110000	0.000000	19.875672
8.120000	0.000000	19.755583
8.130000	0.000000	19.638864
8.140000	0.000000	19.525931
8.150000	0.000000	19.393839
8.160000	0.000000	21.157094
8.170000	0.000000	19.276664
8.180000	0.000000	19.296753
8.190000	0.000000	19.004934
8.200000	0.000000	18.791775
8.210000	0.000000	18.919633
8.220000	0.000000	18.694103
8.230000	0.000000	18.423162
8.240000	0.000000	18.318352
8.250000	0.000000	18.202447
8.260000	0.000000	18.060017
8.270000	0.000000	17.940537
8.280000	0.000000	18.202815
8.290000	0.000000	19.059787
8.300000	0.000000	17.583780
8.310000	0.000000	17.466316
8.320000	0.000000	17.341173
8.330000	0.000000	17.220556
8.340000	0.000000	17.874507
8.350000	0.000000	17.101370
8.360000	0.000000	17.001599
8.370000	0.000000	16.788495
8.380000	0.000000	16.626684
8.390000	0.000000	16.605898
8.400000	0.000000	16.466504
8.410000	0.000000	16.294515
8.420000	0.000000	16.213628
8.430000	0.000000	16.133119
8.440000	0.000000	16.052611
8.450000	0.000000	15.972087
8.460000	0.000000	15.891579
8.470000	0.000000	15.874829
8.480000	0.000000	16.393325
8.490000	0.000000	15.647165
8.500000	0.000000	15.564077
8.510000	0.000000	15.483567
8.520000	0.000000	15.403057
8.530000	0.000000	15.322618
8.540000	0.000000	15.242102
8.550000	0.000000	15.161864
8.560000	0.000000	15.083391
8.570000	0.000000	15.003190
8.580000	0.000000	15.086943
8.590000	0.000000	15.058482
8.600000	0.000000	14.762028
8.610000	0.000000	14.681348
8.620000	0.000000	14.601358
8.630000	0.000000	14.521374
8.640000	0.000000	14.458384
8.650000	0.000000	14.570298
8.660000	0.000000	14.277438
8.670000	0.000000	14.196035
8.680000	0.000000	14.131883
8.690000	0.000000	14.146812
8.700000	0.000000	13.986934
8.710000	0.000000	13.936394
8.720000	0.000000	13.827423
8.730000	0.000000	13.752385
8.740000	0.000000	13.667129
8.750000	0.000000	13.556380
8.760000	0.000000	13.476730
8.770000	0.000000	13.396678
8.780000	0.000000	13.316290
8.790000	0.000000	13.236481
8.800000	0.000000	13.156805
8.810000	0.000000	13.076456
8.820000	0.000000	12.997588
8.830000	0.000000	12.924883
8.840000	0.000000	12.844842
8.850000	0.000000	12.765031
8.860000	0.000000	12.685220
8.870000	0.000000	12.605465
8.880000	0.000000	12.525757
8.890000	0.000000	12.446062
8.900000	0.000000	12.369878
8.910000	0.000000	12.289782
8.920000	0.000000	12.206823
8.930000	0.000000	12.127023
8.940000	0.000000	12.047272
8.950000	0.000000	11.967525
8.960000	0.000000	11.887786
8.970000	0.000000	11.808052
8.980000	0.000000	11.728416
8.990000	0.000000	11.649550
9.000000	0.000000	11.563533
9.010000	0.000000	11.487439
9.020000	0.000000	11.414847
9.030000	0.000000	11.327159
9.040000	0.000000	11.247907
9.050000	0.000000	11.169481
9.060000	0.000000	11.099776
9.070000	0.000000	11.060133
9.080000	0.000000	10.996915
9.090000	0.000000	10.915658
9.100000	0.000000	10.858933
9.110000	0.000000	10.803442
9.120000	0.000000	10.752366
9.130000	0.000000	10.695451
9.140000	0.000000	10.638557
9.150000	0.000000	10.584993
9.160000	0.000000	10.534629
9.170000	0.000000	10.481977
9.180000	0.000000	10.468305
9.190000	0.000000	10.374821
9.200000	0.000000	10.313611
9.210000	0.000000	10.260124
9.220000	0.000000	10.206637
9.230000	0.000000	10.153152
9.240000	0.000000	10.099688
9.250000	0.000000	10.046203
9.260000	0.000000	9.992697
9.270000	0.000000	9.939213
9.280000	0.000000	9.885729
9.290000	0.000000	9.832247
9.300000	0.000000	9.778772
9.310000	0.000000	9.725359
9.320000	0.000000	9.671958
9.330000	0.000000	9.616217
9.340000	0.000000	9.561207
9.350000	0.000000	9.507723
9.360000	0.000000	9.454240
9.370000	0.000000	9.400758
9.380000	0.000000	9.347276
9.390000	0.000000	9.293794
9.400000	0.000000	9.240311
9.410000	0.000000	9.186831
9.420000	0.000000	9.133352
9.430000	0.000000	9.079878
9.440000	0.000000	9.026779
9.450000	0.000000	8.973827
9.460000	0.000000	8.919724
9.470000	0.000000	8.866360
9.480000	0.000000	8.813162
9.490000	0.000000	8.759601
9.500000	0.000000	8.703657
9.510000	0.000000	8.649451
9.520000	0.000000	8.622421
9.530000	0.000000	8.548297
9.540000	0.000000	8.493513
9.550000	0.000000	8.438063
9.560000	0.000000	8.384157
9.570000	0.000000	8.334420
9.580000	0.000000	8.280208
9.590000	0.000000	8.223790
9.600000	0.000000	8.170491
9.610000	0.000000	8.117168
9.620000	0.000000	8.063989
9.630000	0.000000	8.010854
9.640000	0.000000	7.957721
9.650000	0.000000	7.905676
9.660000	0.000000	7.868590
9.670000	0.000000	7.794759
9.680000	0.000000	7.741637
9.690000	0.000000	7.688485
9.700000	0.000000	7.635402
9.710000	0.000000	7.582282
9.720000	0.000000	7.529110
9.730000	0.000000	7.484056
9.740000	0.000000	7.434132
9.750000	0.000000	7.390062
9.760000	0.000000	7.354404
9.770000	0.000000	7.317019
9.780000	0.000000	7.282196
9.790000	0.000000	7.247805
9.800000	0.000000	7.209854
9.810000	0.000000	7.174141
9.820000	0.000000	7.138419
9.830000	0.000000	7.102195
9.840000	0.000000	7.064584
9.850000	0.000000	7.028885
9.860000	0.000000	6.993187
9.870000	0.000000	6.957489
9.880000	0.000000	6.922699
9.890000	0.000000	6.890332
9.900000	0.000000	6.852643
9.910000	0.000000	6.814696
9.920000	0.000000	6.778999
9.930000	0.000000	6.743302
9.940000	0.000000	6.707605
9.950000	0.000000	6.671912
9.960000	0.000000	6.636220
9.970000	0.000000	6.600519
9.980000	0.000000	6.564817
9.990000	0.000000	6.529255
10.000000	0.000000	6.496018
10.010000	0.000000	6.455438
10.020000	0.000000	6.419618
10.030000	0.000000	6.383919
10.040000	0.000000	6.348222
10.050000	0.000000	6.312525
10.060000	0.000000	6.276830
10.070000	0.000000	6.242402
10.080000	0.000000	6.206448
10.090000	0.000000	6.169764
10.100000	0.000000	6.134095
10.110000	0.000000	6.098448
10.120000	0.000000	6.063212
10.130000	0.000000	6.028310
10.140000	0.000000	5.991628
10.150000	0.000000	5.956106
10.160000	0.000000	5.921311
10.170000	0.000000	5.883382
10.180000	0.000000	5.847588
10.190000	0.000000	5.811516
10.200000	0.000000	5.775923
10.210000	0.000000	5.740397
10.220000	0.000000	5.704878
10.230000	0.000000	5.669390
10.240000	0.000000	5.633922
10.250000	0.000000	5.598458
10.260000	0.000000	5.562995
10.270000	0.000000	5.527531
10.280000	0.000000	5.492089
10.290000	0.000000	5.456679
10.300000	0.000000	5.421242
10.310000	0.000000	5.385778
10.320000	0.000000	5.350316
10.330000	0.000000	5.314856
10.340000	0.000000	5.277391
10.350000	0.000000	5.241539
10.360000	0.000000	5.206098
10.370000	0.000000	5.170734
10.380000	0.000000	5.135388
10.390000	0.000000	5.100044
10.400000	0.000000	5.064701
10.410000	0.000000	5.029375
10.420000	0.000000	4.997562
10.430000	0.000000	4.971095
10.440000	0.000000	4.947259
10.450000	0.000000	4.923424
10.460000	0.000000	4.899589
10.470000	0.000000	4.875757
10.480000	0.000000	4.851921
10.490000	0.000000	4.828083
10.500000	0.000000	4.804171
10.510000	0.000000	4.778821
10.520000	0.000000	4.754998
10.530000	0.000000	4.731175
10.540000	0.000000	4.707352
10.550000	0.000000	4.683533
10.560000	0.000000	4.659708
10.570000	0.000000	4.635884
10.580000	0.000000	4.612061
10.590000	0.000000	4.588238
10.600000	0.000000	4.564417
10.610000	0.000000	4.540595
10.620000	0.000000	4.516770
10.630000	0.000000	4.492948
10.640000	0.000000	4.469126
10.650000	0.000000	4.445302
10.660000	0.000000	4.421481
10.670000	0.000000	4.397233
10.680000	0.000000	4.372224
10.690000	0.000000	4.348401
10.700000	0.000000	4.324578
10.710000	0.000000	4.300757
10.720000	0.000000	4.276937
10.730000	0.000000	4.253118
10.740000	0.000000	4.229299
10.750000	0.000000	4.205482
10.760000	0.000000	4.181689
10.770000	0.000000	4.157922
10.780000	0.000000	4.134162
10.790000	0.000000	4.110402
10.800000	0.000000	4.086644
10.810000	0.000000	4.062891
10.820000	0.000000	4.039152
10.830000	0.000000	4.015414
10.840000	0.000000	3.990915
10.850000	0.000000	3.966333
10.860000	0.000000	3.942605
10.870000	0.000000	3.918922
10.880000	0.000000	3.895253
10.890000	0.000000	3.871586
10.900000	0.000000	3.847919
10.910000	0.000000	3.824252
10.920000	0.000000	3.800585
10.930000	0.000000	3.776919
10.940000	0.000000	3.753252
10.950000	0.000000	3.729585
10.960000	0.000000	3.705918
10.970000	0.000000	3.682251
10.980000	0.000000	3.658585
10.990000	0.000000	3.634923
11.000000	0.000000	3.611302
11.010000	0.000000	3.586627
11.020000	0.000000	3.562539
11.030000	0.000000	3.538956
11.040000	0.000000	3.515372
11.050000	0.000000	3.491788
11.060000	0.000000	3.468205
11.070000	0.000000	3.444621
11.080000	0.000000	3.421038
11.090000	0.000000	3.397454
11.100000	0.000000	3.374148
11.110000	0.000000	3.353480
11.120000	0.000000	3.336635
11.130000	0.000000	3.320731
11.140000	0.000000	3.304828
11.150000	0.000000	3.288926
11.160000	0.000000	3.273025
11.170000	0.000000	3.257129
11.180000	0.000000	3.240272
11.190000	0.000000	3.224263
11.200000	0.000000	3.208368
11.210000	0.000000	3.192473
11.220000	0.000000	3.176577
11.230000	0.000000	3.160682
11.240000	0.000000	3.144787
11.250000	0.000000	3.128892
11.260000	0.000000	3.112996
11.270000	0.000000	3.097101
11.280000	0.000000	3.081206
11.290000	0.000000	3.065311
11.300000	0.000000	3.049416
11.310000	0.000000	3.033521
11.320000	0.000000	3.017626
11.330000	0.000000	3.001731
11.340000	0.000000	2.985722
11.350000	0.000000	2.968866
11.360000	0.000000	2.952971
11.370000	0.000000	2.937077
11.380000	0.000000	2.921184
11.390000	0.000000	2.905291
11.400000	0.000000	2.889399
11.410000	0.000000	2.873511
11.420000	0.000000	2.857642
11.430000	0.000000	2.841787
11.440000	0.000000	2.825932
11.450000	0.000000	2.810078
11.460000	0.000000	2.794224
11.470000	0.000000	2.778373
11.480000	0.000000	2.762529
11.490000	0.000000	2.746691
11.500000	0.000000	2.730853
11.510000	0.000000	2.714693
11.520000	0.000000	2.698151
11.530000	0.000000	2.682340
11.540000	0.000000	2.666529
11.550000	0.000000	2.650718
11.560000	0.000000	2.634910
11.570000	0.000000	2.619113
11.580000	0.000000	2.603321
11.590000	0.000000	2.587530
11.600000	0.000000	2.571739
11.610000	0.000000	2.555947
11.620000	0.000000	2.540156
11.630000	0.000000	2.524369
11.640000	0.000000	2.508599
11.650000	0.000000	2.492859
11.660000	0.000000	2.477121
11.670000	0.000000	2.461383
11.680000	0.000000	2.445085
11.690000	0.000000	2.428845
11.700000	0.000000	2.413109
11.710000	0.000000	2.397373
11.720000	0.000000	2.381637
11.730000	0.000000	2.365901
11.740000	0.000000	2.350166
11.750000	0.000000	2.334430
11.760000	0.000000	2.318694
11.770000	0.000000	2.302959
11.780000	0.000000	2.287224
11.790000	0.000000	2.271524
11.800000	0.000000	2.256862
11.810000	0.000000	2.244965
11.820000	0.000000	2.234349
11.830000	0.000000	2.223734
11.840000	0.000000	2.213120
11.850000	0.000000	2.201980
11.860000	0.000000	2.191180
11.870000	0.000000	2.180569
11.880000	0.000000	2.169958
11.890000	0.000000	2.159346
11.900000	0.000000	2.148735
11.910000	0.000000	2.138124
11.920000	0.000000	2.127513
11.930000	0.000000	2.116902
11.940000	0.000000	2.106291
11.950000	0.000000	2.095680
11.960000	0.000000	2.085069
11.970000	0.000000	2.074458
11.980000	0.000000	2.063847
11.990000	0.000000	2.053235
12.000000	0.000000	2.042624
12.010000	0.000000	2.032013
12.020000	0.000000	2.020723
12.030000	0.000000	2.010074
12.040000	0.000000	1.999465
12.050000	0.000000	1.988855
12.060000	0.000000	1.978246
12.070000	0.000000	1.967638
12.080000	0.000000	1.957043
12.090000	0.000000	1.946457
12.100000	0.000000	1.935873
12.110000	0.000000	1.925290
12.120000	0.000000	1.914706
12.130000	0.000000	1.904122
12.140000	0.000000	1.893540
12.150000	0.000000	1.882963
12.160000	0.000000	1.872396
12.170000	0.000000	1.861840
12.180000	0.000000	1.851171
12.190000	0.000000	1.840015
12.200000	0.000000	1.829460
12.210000	0.000000	1.818905
12.220000	0.000000	1.808350
12.230000	0.000000	1.797795
12.240000	0.000000	1.787240
12.250000	0.000000	1.776685
12.260000	0.000000	1.766131
12.270000	0.000000	1.755582
12.280000	0.000000	1.745042
12.290000	0.000000	1.734517
12.300000	0.000000	1.724009
12.310000	0.000000	1.713502
12.320000	0.000000	1.702996
12.330000	0.000000	1.692489
12.340000	0.000000	1.681983
12.350000	0.000000	1.671215
12.360000	0.000000	1.660260
12.370000	0.000000	1.649754
12.380000	0.000000	1.639248
12.390000	0.000000	1.628743
12.400000	0.000000	1.618239
12.410000	0.000000	1.607734
12.420000	0.000000	1.597229
12.430000	0.000000	1.586725
12.440000	0.000000	1.576220
12.450000	0.000000	1.565715
12.460000	0.000000	1.555210
12.470000	0.000000	1.544706
12.480000	0.000000	1.534201
12.490000	0.000000	1.523812
12.500000	0.000000	1.514251
12.510000	0.000000	1.506946
12.520000	0.000000	1.499576
12.530000	0.000000	1.492283
12.540000	0.000000	1.485192
12.550000	0.000000	1.478102
12.560000	0.000000	1.471011
12.570000	0.000000	1.463920
12.580000	0.000000	1.456829
12.590000	0.000000	1.449738
12.600000	0.000000	1.442648
12.610000	0.000000	1.435557
12.620000	0.000000	1.428466
12.630000	0.000000	1.421375
12.640000	0.000000	1.414285
12.650000	0.000000	1.407194
12.660000	0.000000	1.400103
12.670000	0.000000	1.393013
12.680000	0.000000	1.385922
12.690000	0.000000	1.378453
12.700000	0.000000	1.371261
12.710000	0.000000	1.364172
12.720000	0.000000	1.357082
12.730000	0.000000	1.349992
12.740000	0.000000	1.342906
12.750000	0.000000	1.335828
12.760000	0.000000	1.328755
12.770000	0.000000	1.321683
12.780000	0.000000	1.314610
12.790000	0.000000	1.307538
12.800000	0.000000	1.300465
12.810000	0.000000	1.293394
12.820000	0.000000	1.286328
12.830000	0.000000	1.279272
12.840000	0.000000	1.272218
12.850000	0.000000	1.265165
12.860000	0.000000	1.257634
12.870000	0.000000	1.250580
12.880000	0.000000	1.243526
12.890000	0.000000	1.236472
12.900000	0.000000	1.229419
12.910000	0.000000	1.222365
12.920000	0.000000	1.215312
12.930000	0.000000	1.208259
12.940000	0.000000	1.201210
12.950000	0.000000	1.194171
12.960000	0.000000	1.187141
12.970000	0.000000	1.180113
12.980000	0.000000	1.173087
12.990000	0.000000	1.166066
13.000000	0.000000	1.159045
13.010000	0.000000	1.152024
13.020000	0.000000	1.144904
13.030000	0.000000	1.137508
13.040000	0.000000	1.130487
13.050000	0.000000	1.123466
13.060000	0.000000	1.116446
13.070000	0.000000	1.109425
13.080000	0.000000	1.102405
13.090000	0.000000	1.095385
13.100000	0.000000	1.088365
13.110000	0.000000	1.081345
13.120000	0.000000	1.074326
13.130000	0.000000	1.067306
13.140000	0.000000	1.060286
13.150000	0.000000	1.053266
13.160000	0.000000	1.046246
13.170000	0.000000	1.039227
13.180000	0.000000	1.032208
13.190000	0.000000	1.024989
13.200000	0.000000	1.018178
13.210000	0.000000	1.013245
13.220000	0.000000	1.008495
13.230000	0.000000	1.003759
13.240000	0.000000	0.999022
13.250000	0.000000	0.994286
13.260000	0.000000	0.989550
13.270000	0.000000	0.984814
13.280000	0.000000	0.980077
13.290000	0.000000	0.975341
13.300000	0.000000	0.970605
13.310000	0.000000	0.965869
13.320000	0.000000	0.961132
13.330000	0.000000	0.956396
13.340000	0.000000	0.951660
13.350000	0.000000	0.946924
13.360000	0.000000	0.941985
13.370000	0.000000	0.937131
13.380000	0.000000	0.932396
13.390000	0.000000	0.927660
13.400000	0.000000	0.922925
13.410000	0.000000	0.918191
13.420000	0.000000	0.913463
13.430000	0.000000	0.908739
13.440000	0.000000	0.904015
13.450000	0.000000	0.899291
13.460000	0.000000	0.894567
13.470000	0.000000	0.889843
13.480000	0.000000	0.885120
13.490000	0.000000	0.880401
13.500000	0.000000	0.875686
13.510000	0.000000	0.870973
13.520000	0.000000	0.866261
13.530000	0.000000	0.861281
13.540000	0.000000	0.856519
13.550000	0.000000	0.851808
13.560000	0.000000	0.847096
13.570000	0.000000	0.842385
13.580000	0.000000	0.837673
13.590000	0.000000	0.832961
13.600000	0.000000	0.828251
13.610000	0.000000	0.823547
13.620000	0.000000	0.818850
13.630000	0.000000	0.814154
13.640000	0.000000	0.809458
13.650000	0.000000	0.804763
13.660000	0.000000	0.800068
13.670000	0.000000	0.795372
13.680000	0.000000	0.790677
13.690000	0.000000	0.785966
13.700000	0.000000	0.780975
13.710000	0.000000	0.776286
13.720000	0.000000	0.771596
13.730000	0.000000	0.766907
13.740000	0.000000	0.762217
13.750000	0.000000	0.757527
13.760000	0.000000	0.752838
13.770000	0.000000	0.748148
13.780000	0.000000	0.743459
13.790000	0.000000	0.738770
13.800000	0.000000	0.734081
13.810000	0.000000	0.729392
13.820000	0.000000	0.724703
13.830000	0.000000	0.720014
13.840000	0.000000	0.715325
13.850000	0.000000	0.710637
13.860000	0.000000	0.705865
13.870000	0.000000	0.700942
13.880000	0.000000	0.696254
13.890000	0.000000	0.691565
13.900000	0.000000	0.686883
13.910000	0.000000	0.682894
13.920000	0.000000	0.679549
13.930000	0.000000	0.676385
13.940000	0.000000	0.673221
13.950000	0.000000	0.670057
13.960000	0.000000	0.666894
13.970000	0.000000	0.663730
13.980000	0.000000	0.660566
13.990000	0.000000	0.657402
14.000000	0.000000	0.654239
14.010000	0.000000	0.651075
14.020000	0.000000	0.647911
14.030000	0.000000	0.644646
14.040000	0.000000	0.641370
14.050000	0.000000	0.638206
14.060000	0.000000	0.635043
14.070000	0.000000	0.631879
14.080000	0.000000	0.628716
14.090000	0.000000	0.625557
14.100000	0.000000	0.622401
14.110000	0.000000	0.619245
14.120000	0.000000	0.616090
14.130000	0.000000	0.612934
14.140000	0.000000	0.609779
14.150000	0.000000	0.606623
14.160000	0.000000	0.603470
14.170000	0.000000	0.600320
14.180000	0.000000	0.597170
14.190000	0.000000	0.594020
14.200000	0.000000	0.590726
14.210000	0.000000	0.587512
14.220000	0.000000	0.584364
14.230000	0.000000	0.581217
14.240000	0.000000	0.578070
14.250000	0.000000	0.574923
14.260000	0.000000	0.571775
14.270000	0.000000	0.568629
14.280000	0.000000	0.565486
14.290000	0.000000	0.562349
14.300000	0.000000	0.559212
14.310000	0.000000	0.556075
14.320000	0.000000	0.552938
14.330000	0.000000	0.549802
14.340000	0.000000	0.546665
14.350000	0.000000	0.543528
14.360000	0.000000	0.540392
14.370000	0.000000	0.537066
14.380000	0.000000	0.533907
14.390000	0.000000	0.530770
14.400000	0.000000	0.527634
14.410000	0.000000	0.524499
14.420000	0.000000	0.521366
14.430000	0.000000	0.518234
14.440000	0.000000	0.515101
14.450000	0.000000	0.511969
14.460000	0.000000	0.508836
14.470000	0.000000	0.505703
14.480000	0.000000	0.502571
14.490000	0.000000	0.499438
14.500000	0.000000	0.496306
14.510000	0.000000	0.493173
14.520000	0.000000	0.490041
14.530000	0.000000	0.486887
14.540000	0.000000	0.483565
14.550000	0.000000	0.480433
14.560000	0.000000	0.477301
14.570000	0.000000	0.474169
14.580000	0.000000	0.471037
14.590000	0.000000	0.467905
14.600000	0.000000	0.464774
14.610000	0.000000	0.461656
14.620000	0.000000	0.458898
14.630000	0.000000	0.456608
14.640000	0.000000	0.454493
14.650000	0.000000	0.452377
14.660000	0.000000	0.450262
14.670000	0.000000	0.448146
14.680000	0.000000	0.446031
14.690000	0.000000	0.443916
14.700000	0.000000	0.441755
14.710000	0.000000	0.439542
14.720000	0.000000	0.437426
14.730000	0.000000	0.435311
14.740000	0.000000	0.433196
14.750000	0.000000	0.431081
14.760000	0.000000	0.428966
14.770000	0.000000	0.426854
14.780000	0.000000	0.424744
14.790000	0.000000	0.422634
14.800000	0.000000	0.420524
14.810000	0.000000	0.418414
14.820000	0.000000	0.416304
14.830000	0.000000	0.414195
14.840000	0.000000	0.412087
14.850000	0.000000	0.409981
14.860000	0.000000	0.407874
14.870000	0.000000	0.405693
14.880000	0.000000	0.403519
14.890000	0.000000	0.401414
14.900000	0.000000	0.399309
14.910000	0.000000	0.397205
14.920000	0.000000	0.395101
14.930000	0.000000	0.392996
14.940000	0.000000	0.390892
14.950000	0.000000	0.388789
14.960000	0.000000	0.386689
14.970000	0.000000	0.384592
14.980000	0.000000	0.382495
14.990000	0.000000	0.380397
15.000000	0.000000	0.378300
15.010000	0.000000	0.376202
15.020000	0.000000	0.374105
15.030000	0.000000	0.372008
15.040000	0.000000	0.369806
15.050000	0.000000	0.367671
15.060000	0.000000	0.365574
15.070000	0.000000	0.363476
15.080000	0.000000	0.361379
15.090000	0.000000	0.359282
15.100000	0.000000	0.357185
15.110000	0.000000	0.355087
15.120000	0.000000	0.352990
15.130000	0.000000	0.350893
15.140000	0.000000	0.348797
15.150000	0.000000	0.346702
15.160000	0.000000	0.344608
15.170000	0.000000	0.342513
15.180000	0.000000	0.340418
15.190000	0.000000	0.338324
15.200000	0.000000	0.336229
15.210000	0.000000	0.334000
15.220000	0.000000	0.331898
15.230000	0.000000	0.329804
15.240000	0.000000	0.327710
15.250000	0.000000	0.325616
15.260000	0.000000	0.323521
15.270000	0.000000	0.321427
15.280000	0.000000	0.319333
15.290000	0.000000	0.317239
15.300000	0.000000	0.315145
15.310000	0.000000	0.313051
15.320000	0.000000	0.310958
15.330000	0.000000	0.308963
15.340000	0.000000	0.307303
15.350000	0.000000	0.305889
15.360000	0.000000	0.304475
15.370000	0.000000	0.303046
15.380000	0.000000	0.301552
15.390000	0.000000	0.300138
15.400000	0.000000	0.298724
15.410000	0.000000	0.297310
15.420000	0.000000	0.295896
15.430000	0.000000	0.294482
15.440000	0.000000	0.293068
15.450000	0.000000	0.291656
15.460000	0.000000	0.290246
15.470000	0.000000	0.288835
15.480000	0.000000	0.287425
15.490000	0.000000	0.286015
15.500000	0.000000	0.284604
15.510000	0.000000	0.283194
15.520000	0.000000	0.281784
15.530000	0.000000	0.280376
15.540000	0.000000	0.278933
15.550000	0.000000	0.277465
15.560000	0.000000	0.276057
15.570000	0.000000	0.274649
15.580000	0.000000	0.273241
15.590000	0.000000	0.271834
15.600000	0.000000	0.270428
15.610000	0.000000	0.269021
15.620000	0.000000	0.267614
15.630000	0.000000	0.266208
15.640000	0.000000	0.264805
15.650000	0.000000	0.263402
15.660000	0.000000	0.262000
15.670000	0.000000	0.260598
15.680000	0.000000	0.259196
15.690000	0.000000	0.257795
15.700000	0.000000	0.256393
15.710000	0.000000	0.254936
15.720000	0.000000	0.253494
15.730000	0.000000	0.252092
15.740000	0.000000	0.250690
15.750000	0.000000	0.249288
15.760000	0.000000	0.247886
15.770000	0.000000	0.246484
15.780000	0.000000	0.245082
15.790000	0.000000	0.243680
15.800000	0.000000	0.242278
15.810000	0.000000	0.240876
15.820000	0.000000	0.239474
15.830000	0.000000	0.238072
15.840000	0.000000	0.236670
15.850000	0.000000	0.235268
15.860000	0.000000	0.233867
15.870000	0.000000	0.232465
15.880000	0.000000	0.230990
15.890000	0.000000	0.229570
15.900000	0.000000	0.228170
15.910000	0.000000	0.226770
15.920000	0.000000	0.225370
15.930000	0.000000	0.223970
15.940000	0.000000	0.222570
15.950000	0.000000	0.221170
15.960000	0.000000	0.219770
15.970000	0.000000	0.218370
15.980000	0.000000	0.216970
15.990000	0.000000	0.215570
16.000000	0.000000	0.214171
16.010000	0.000000	0.212771
16.020000	0.000000	0.211372
16.030000	0.000000	0.209972
16.040000	0.000000	0.208573
16.050000	0.000000	0.207122
16.060000	0.000000	0.206102
16.070000	0.000000	0.205151
16.080000	0.000000	0.204206
16.090000	0.000000	0.203260
16.100000	0.000000	0.202315
16.110000	0.000000	0.201370
16.120000	0.000000	0.200424
16.130000	0.000000	0.199480
16.140000	0.000000	0.198537
16.150000	0.000000	0.197594
16.160000	0.000000	0.196651
16.170000	0.000000	0.195708
16.180000	0.000000	0.194765
16.190000	0.000000	0.193822
16.200000	0.000000	0.192879
16.210000	0.000000	0.191923
16.220000	0.000000	0.190932
16.230000	0.000000	0.189991
16.240000	0.000000	0.189049
16.250000	0.000000	0.188108
16.260000	0.000000	0.187167
16.270000	0.000000	0.186225
16.280000	0.000000	0.185284
16.290000	0.000000	0.184343
16.300000	0.000000	0.183403
16.310000	0.000000	0.182462
16.320000	0.000000	0.181523
16.330000	0.000000	0.180585
16.340000	0.000000	0.179647
16.350000	0.000000	0.178710
16.360000	0.000000	0.177773
16.370000	0.000000	0.176835
16.380000	0.000000	0.175871
16.390000	0.000000	0.174897
16.400000	0.000000	0.173960
16.410000	0.000000	0.173023
16.420000	0.000000	0.172085
16.430000	0.000000	0.171148
16.440000	0.000000	0.170211
16.450000	0.000000	0.169273
16.460000	0.000000	0.168336
16.470000	0.000000	0.167399
16.480000	0.000000	0.166461
16.490000	0.000000	0.165524
16.500000	0.000000	0.164587
16.510000	0.000000	0.163650
16.520000	0.000000	0.162712
16.530000	0.000000	0.161775
16.540000	0.000000	0.160838
16.550000	0.000000	0.159860
16.560000	0.000000	0.158900
16.570000	0.000000	0.157963
16.580000	0.000000	0.157025
16.590000	0.000000	0.156088
16.600000	0.000000	0.155151
16.610000	0.000000	0.154215
16.620000	0.000000	0.153279
16.630000	0.000000	0.152342
16.640000	0.000000	0.151406
16.650000	0.000000	0.150470
16.660000	0.000000	0.149534
16.670000	0.000000	0.148598
16.680000	0.000000	0.147662
16.690000	0.000000	0.146726
16.700000	0.000000	0.145791
16.710000	0.000000	0.144855
16.720000	0.000000	0.143866
16.730000	0.000000	0.142920
16.740000	0.000000	0.141985
16.750000	0.000000	0.141049
16.760000	0.000000	0.140113
16.770000	0.000000	0.139217
16.780000	0.000000	0.138487
16.790000	0.000000	0.137845
16.800000	0.000000	0.137213
16.810000	0.000000	0.136581
16.820000	0.000000	0.135950
16.830000	0.000000	0.135319
16.840000	0.000000	0.134689
16.850000	0.000000	0.134058
16.860000	0.000000	0.133428
16.870000	0.000000	0.132797
16.880000	0.000000	0.132164
16.890000	0.000000	0.131494
16.900000	0.000000	0.130863
16.910000	0.000000	0.130234
16.920000	0.000000	0.129604
16.930000	0.000000	0.128975
16.940000	0.000000	0.128345
16.950000	0.000000	0.127716
16.960000	0.000000	0.127087
16.970000	0.000000	0.126457
16.980000	0.000000	0.125828
16.990000	0.000000	0.125199
17.000000	0.000000	0.124569
17.010000	0.000000	0.123941
17.020000	0.000000	0.123314
17.030000	0.000000	0.122687
17.040000	0.000000	0.122060
17.050000	0.000000	0.121422
17.060000	0.000000	0.120764
17.070000	0.000000	0.120138
17.080000	0.000000	0.119511
17.090000	0.000000	0.118884
17.100000	0.000000	0.118257
17.110000	0.000000	0.117631
17.120000	0.000000	0.117004
17.130000	0.000000	0.116377
17.140000	0.000000	0.115750
17.150000	0.000000	0.115124
17.160000	0.000000	0.114497
17.170000	0.000000	0.113870
17.180000	0.000000	0.113243
17.190000	0.000000	0.112617
17.200000	0.000000	0.111990
17.210000	0.000000	0.111363
17.220000	0.000000	0.110716
17.230000	0.000000	0.110067
17.240000	0.000000	0.109441
17.250000	0.000000	0.108814
17.260000	0.000000	0.108187
17.270000	0.000000	0.107560
17.280000	0.000000	0.106934
17.290000	0.000000	0.106307
17.300000	0.000000	0.105680
17.310000	0.000000	0.105054
17.320000	0.000000	0.104427
17.330000	0.000000	0.103800
17.340000	0.000000	0.103174
17.350000	0.000000	0.102548
17.360000	0.000000	0.101922
17.370000	0.000000	0.101296
17.380000	0.000000	0.100670
17.390000	0.000000	0.100015
17.400000	0.000000	0.099376
17.410000	0.000000	0.098750
17.420000	0.000000	0.098124
17.430000	0.000000	0.097499
17.440000	0.000000	0.096873
17.450000	0.000000	0.096247
17.460000	0.000000	0.095622
17.470000	0.000000	0.094996
17.480000	0.000000	0.094371
17.490000	0.000000	0.093748
17.500000	0.000000	0.093177
17.510000	0.000000	0.092714
17.520000	0.000000	0.092292
17.530000	0.000000	0.091871
17.540000	0.000000	0.091449
17.550000	0.000000	0.091027
17.560000	0.000000	0.090580
17.570000	0.000000	0.090156
17.580000	0.000000	0.089734
17.590000	0.000000	0.089313
17.600000	0.000000	0.088891
17.610000	0.000000	0.088471
17.620000	0.000000	0.088050
17.630000	0.000000	0.087629
17.640000	0.000000	0.087208
17.650000	0.000000	0.086787
17.660000	0.000000	0.086366
17.670000	0.000000	0.085946
17.680000	0.000000	0.085525
17.690000	0.000000	0.085104
17.700000	0.000000	0.084683
17.710000	0.000000	0.084263
17.720000	0.000000	0.083841
17.730000	0.000000	0.083397
17.740000	0.000000	0.082978
17.750000	0.000000	0.082559
17.760000	0.000000	0.082140
17.770000	0.000000	0.081720
17.780000	0.000000	0.081301
17.790000	0.000000	0.080882
17.800000	0.000000	0.080463
17.810000	0.000000	0.080044
17.820000	0.000000	0.079625
17.830000	0.000000	0.079206
17.840000	0.000000	0.078787
17.850000	0.000000	0.078368
17.860000	0.000000	0.077949
17.870000	0.000000	0.077530
17.880000	0.000000	0.077111
17.890000	0.000000	0.076683
17.900000	0.000000	0.076244
17.910000	0.000000	0.075825
17.920000	0.000000	0.075406
17.930000	0.000000	0.074987
17.940000	0.000000	0.074568
17.950000	0.000000	0.074149
17.960000	0.000000	0.073730
17.970000	0.000000	0.073311
17.980000	0.000000	0.072892
17.990000	0.000000	0.072473
18.000000	0.000000	0.072054
18.010000	0.000000	0.071635
18.020000	0.000000	0.071216
18.030000	0.000000	0.070797
18.040000	0.000000	0.070378
18.050000	0.000000	0.069959
18.060000	0.000000	0.069525
18.070000	0.000000	0.069093
18.080000	0.000000	0.068674
18.090000	0.000000	0.068255
18.100000	0.000000	0.067837
18.110000	0.000000	0.067418
18.120000	0.000000	0.067000
18.130000	0.000000	0.066581
18.140000	0.000000	0.066163
18.150000	0.000000	0.065745
18.160000	0.000000	0.065326
18.170000	0.000000	0.064908
18.180000	0.000000	0.064490
18.190000	0.000000	0.064072
18.200000	0.000000	0.063654
18.210000	0.000000	0.063236
18.220000	0.000000	0.062819
18.230000	0.000000	0.062434
18.240000	0.000000	0.062146
18.250000	0.000000	0.061864
18.260000	0.000000	0.061582
18.270000	0.000000	0.061300
18.280000	0.000000	0.061018
18.290000	0.000000	0.060736
18.300000	0.000000	0.060454
18.310000	0.000000	0.060173
18.320000	0.000000	0.059891
18.330000	0.000000	0.059610
18.340000	0.000000	0.059328
18.350000	0.000000	0.059047
18.360000	0.000000	0.058766
18.370000	0.000000	0.058484
18.380000	0.000000	0.058203
18.390000	0.000000	0.057921
18.400000	0.000000	0.057622
18.410000	0.000000	0.057340
18.420000	0.000000	0.057059
18.430000	0.000000	0.056779
18.440000	0.000000	0.056499
18.450000	0.000000	0.056218
18.460000	0.000000	0.055938
18.470000	0.000000	0.055658
18.480000	0.000000	0.055377
18.490000	0.000000	0.055097
18.500000	0.000000	0.054817
18.510000	0.000000	0.054537
18.520000	0.000000	0.054256
18.530000	0.000000	0.053976
18.540000	0.000000	0.053696
18.550000	0.000000	0.053416
18.560000	0.000000	0.053132
18.570000	0.000000	0.052836
18.580000	0.000000	0.052556
18.590000	0.000000	0.052275
18.600000	0.000000	0.051995
18.610000	0.000000	0.051715
18.620000	0.000000	0.051435
18.630000	0.000000	0.051154
18.640000	0.000000	0.050874
18.650000	0.000000	0.050594
18.660000	0.000000	0.050313
18.670000	0.000000	0.050033
18.680000	0.000000	0.049753
18.690000	0.000000	0.049473
18.700000	0.000000	0.049192
18.710000	0.000000	0.048912
18.720000	0.000000	0.048632
18.730000	0.000000	0.048345
18.740000	0.000000	0.048052
18.750000	0.000000	0.047772
18.760000	0.000000	0.047492
18.770000	0.000000	0.047212
18.780000	0.000000	0.046931
18.790000	0.000000	0.046651
18.800000	0.000000	0.046371
18.810000	0.000000	0.046091
18.820000	0.000000	0.045810
18.830000	0.000000	0.045530
18.840000	0.000000	0.045251
18.850000	0.000000	0.044971
18.860000	0.000000	0.044691
18.870000	0.000000	0.044411
18.880000	0.000000	0.044131
18.890000	0.000000	0.043852
18.900000	0.000000	0.043561
18.910000	0.000000	0.043274
18.920000	0.000000	0.042995
18.930000	0.000000	0.042715
18.940000	0.000000	0.042436
18.950000	0.000000	0.042157
18.960000	0.000000	0.041915
18.970000	0.000000	0.041713
18.980000	0.000000	0.041524
18.990000	0.000000	0.041335
19.000000	0.000000	0.041147
19.010000	0.000000	0.040958
19.020000	0.000000	0.040770
19.030000	0.000000	0.040582
19.040000	0.000000	0.040394
19.050000	0.000000	0.040205
19.060000	0.000000	0.040017
19.070000	0.000000	0.039819
19.080000	0.000000	0.039628
19.090000	0.000000	0.039440
19.100000	0.000000	0.039252
19.110000	0.000000	0.039064
19.120000	0.000000	0.038876
19.130000	0.000000	0.038688
19.140000	0.000000	0.038501
19.150000	0.000000	0.038313
19.160000	0.000000	0.038126
19.170000	0.000000	0.037938
19.180000	0.000000	0.037751
19.190000	0.000000	0.037564
19.200000	0.000000	0.037376
19.210000	0.000000	0.037189
19.220000	0.000000	0.037001
19.230000	0.000000	0.036814
19.240000	0.000000	0.036614
19.250000	0.000000	0.036426
19.260000	0.000000	0.036239
19.270000	0.000000	0.036051
19.280000	0.000000	0.035864
19.290000	0.000000	0.035677
19.300000	0.000000	0.035489
19.310000	0.000000	0.035302
19.320000	0.000000	0.035114
19.330000	0.000000	0.034927
19.340000	0.000000	0.034739
19.350000	0.000000	0.034552
19.360000	0.000000	0.034365
19.370000	0.000000	0.034177
19.380000	0.000000	0.033990
19.390000	0.000000	0.033802
19.400000	0.000000	0.033612
19.410000	0.000000	0.033415
19.420000	0.000000	0.033227
19.430000	0.000000	0.033040
19.440000	0.000000	0.032852
19.450000	0.000000	0.032665
19.460000	0.000000	0.032478
19.470000	0.000000	0.032290
19.480000	0.000000	0.032103
19.490000	0.000000	0.031915
19.500000	0.000000	0.031728
19.510000	0.000000	0.031541
19.520000	0.000000	0.031353
19.530000	0.000000	0.031166
19.540000	0.000000	0.030978
19.550000	0.000000	0.030791
19.560000	0.000000	0.030603
19.570000	0.000000	0.030411
19.580000	0.000000	0.030216
19.590000	0.000000	0.030029
19.600000	0.000000	0.029843
19.610000	0.000000	0.029656
19.620000	0.000000	0.029469
19.630000	0.000000	0.029282
19.640000	0.000000	0.029095
19.650000	0.000000	0.028909
19.660000	0.000000	0.028722
19.670000	0.000000	0.028535
19.680000	0.000000	0.028349
19.690000	0.000000	0.028174
19.700000	0.000000	0.028033
19.710000	0.000000	0.027907
19.720000	0.000000	0.027781
19.730000	0.000000	0.027655
19.740000	0.000000	0.027523
19.750000	0.000000	0.027394
19.760000	0.000000	0.027269
19.770000	0.000000	0.027143
19.780000	0.000000	0.027017
19.790000	0.000000	0.026891
19.800000	0.000000	0.026765
19.810000	0.000000	0.026639
19.820000	0.000000	0.026513
19.830000	0.000000	0.026388
19.840000	0.000000	0.026263
19.850000	0.000000	0.026137
19.860000	0.000000	0.026012
19.870000	0.000000	0.025886
19.880000	0.000000	0.025761
19.890000	0.000000	0.025636
19.900000	0.000000	0.025510
19.910000	0.000000	0.025378
19.920000	0.000000	0.025251
19.930000	0.000000	0.025126
19.940000	0.000000	0.025000
19.950000	0.000000	0.024875
19.960000	0.000000	0.024750
19.970000	0.000000	0.024624
19.980000	0.000000	0.024499
19.990000	0.000000	0.024373
20.000000	0.000000	0.024248
20.010000	0.000000	0.024123
20.020000	0.000000	0.023997
20.030000	0.000000	0.023872
20.040000	0.000000	0.023747
20.050000	0.000000	0.023621
20.060000	0.000000	0.023496
20.070000	0.000000	0.023370
20.080000	0.000000	0.023237
20.090000	0.000000	0.023111
20.100000	0.000000	0.022986
20.110000	0.000000	0.022861
20.120000	0.000000	0.022735
20.130000	0.000000	0.022610
20.140000	0.000000	0.022485
20.150000	0.000000	0.022359
20.160000	0.000000	0.022234
20.170000	0.000000	0.022109
20.180000	0.000000	0.021983
20.190000	0.000000	0.021858
20.200000	0.000000	0.021733
20.210000	0.000000	0.021607
20.220000	0.000000	0.021482
20.230000	0.000000	0.021357
20.240000	0.000000	0.021229
20.250000	0.000000	0.021097
20.260000	0.000000	0.020972
20.270000	0.000000	0.020847
20.280000	0.000000	0.020721
20.290000	0.000000	0.020596
20.300000	0.000000	0.020471
20.310000	0.000000	0.020346
20.320000	0.000000	0.020221
20.330000	0.000000	0.020096
20.340000	0.000000	0.019971
20.350000	0.000000	0.019846
20.360000	0.000000	0.019721
20.370000	0.000000	0.019596
20.380000	0.000000	0.019471
20.390000	0.000000	0.019346
20.400000	0.000000	0.019222
20.410000	0.000000	0.019093
20.420000	0.000000	0.018963
20.430000	0.000000	0.018853
20.440000	0.000000	0.018765
20.450000	0.000000	0.018681
20.460000	0.000000	0.018597
20.470000	0.000000	0.018513
20.480000	0.000000	0.018428
20.490000	0.000000	0.018344
20.500000	0.000000	0.018260
20.510000	0.000000	0.018176
20.520000	0.000000	0.018091
20.530000	0.000000	0.018007
20.540000	0.000000	0.017923
20.550000	0.000000	0.017839
20.560000	0.000000	0.017755
20.570000	0.000000	0.017671
20.580000	0.000000	0.017584
20.590000	0.000000	0.017498
20.600000	0.000000	0.017414
20.610000	0.000000	0.017330
20.620000	0.000000	0.017246
20.630000	0.000000	0.017162
20.640000	0.000000	0.017078
20.650000	0.000000	0.016995
20.660000	0.000000	0.016911
20.670000	0.000000	0.016827
20.680000	0.000000	0.016743
20.690000	0.000000	0.016659
20.700000	0.000000	0.016575
20.710000	0.000000	0.016491
20.720000	0.000000	0.016407
20.730000	0.000000	0.016323
20.740000	0.000000	0.016240
20.750000	0.000000	0.016151
20.760000	0.000000	0.016066
20.770000	0.000000	0.015982
20.780000	0.000000	0.015898
20.790000	0.000000	0.015815
20.800000	0.000000	0.015731
20.810000	0.000000	0.015647
20.820000	0.000000	0.015563
20.830000	0.000000	0.015479
20.840000	0.000000	0.015395
20.850000	0.000000	0.015311
20.860000	0.000000	0.015227
20.870000	0.000000	0.015143
20.880000	0.000000	0.015060
20.890000	0.000000	0.014976
20.900000	0.000000	0.014892
20.910000	0.000000	0.014807
20.920000	0.000000	0.014718
20.930000	0.000000	0.014634
20.940000	0.000000	0.014551
20.950000	0.000000	0.014467
20.960000	0.000000	0.014383
20.970000	0.000000	0.014299
20.980000	0.000000	0.014215
20.990000	0.000000	0.014131
21.000000	0.000000	0.014048
21.010000	0.000000	0.013964
21.020000	0.000000	0.013880
21.030000	0.000000	0.013796
21.040000	0.000000	0.013713
21.050000	0.000000	0.013629
21.060000	0.000000	0.013545
21.070000	0.000000	0.013462
21.080000	0.000000	0.013376
21.090000	0.000000	0.013289
21.100000	0.000000	0.013205
21.110000	0.000000	0.013121
21.120000	0.000000	0.013038
21.130000	0.000000	0.012954
21.140000	0.000000	0.012871
21.150000	0.000000	0.012787
21.160000	0.000000	0.012706
21.170000	0.000000	0.012636
21.180000	0.000000	0.012578
21.190000	0.000000	0.012522
21.200000	0.000000	0.012465
21.210000	0.000000	0.012409
21.220000	0.000000	0.012353
21.230000	0.000000	0.012296
21.240000	0.000000	0.012240
21.250000	0.000000	0.012182
21.260000	0.000000	0.012124
21.270000	0.000000	0.012068
21.280000	0.000000	0.012011
21.290000	0.000000	0.011955
21.300000	0.000000	0.011899
21.310000	0.000000	0.011843
21.320000	0.000000	0.011787
21.330000	0.000000	0.011731
21.340000	0.000000	0.011675
21.350000	0.000000	0.011618
21.360000	0.000000	0.011562
21.370000	0.000000	0.011506
21.380000	0.000000	0.011450
21.390000	0.000000	0.011394
21.400000	0.000000	0.011338
21.410000	0.000000	0.011282
21.420000	0.000000	0.011223
21.430000	0.000000	0.011166
21.440000	0.000000	0.011110
21.450000	0.000000	0.011054
21.460000	0.000000	0.010997
21.470000	0.000000	0.010941
21.480000	0.000000	0.010885
21.490000	0.000000	0.010829
21.500000	0.000000	0.010773
21.510000	0.000000	0.010717
21.520000	0.000000	0.010661
21.530000	0.000000	0.010605
21.540000	0.000000	0.010548
21.550000	0.000000	0.010492
21.560000	0.000000	0.010436
21.570000	0.000000	0.010380
21.580000	0.000000	0.010324
21.590000	0.000000	0.010264
21.600000	0.000000	0.010208
21.610000	0.000000	0.010152
21.620000	0.000000	0.010096
21.630000	0.000000	0.010040
21.640000	0.000000	0.009984
21.650000	0.000000	0.009927
21.660000	0.000000	0.009871
21.670000	0.000000	0.009815
21.680000	0.000000	0.009759
21.690000	0.000000	0.009703
21.700000	0.000000	0.009647
21.710000	0.000000	0.009591
21.720000	0.000000	0.009535
21.730000	0.000000	0.009479
21.740000	0.000000	0.009423
21.750000	0.000000	0.009366
21.760000	0.000000	0.009307
21.770000	0.000000	0.009251
21.780000	0.000000	0.009195
21.790000	0.000000	0.009139
21.800000	0.000000	0.009083
21.810000	0.000000	0.009027
21.820000	0.000000	0.008971
21.830000	0.000000	0.008915
21.840000	0.000000	0.008859
21.850000	0.000000	0.008803
21.860000	0.000000	0.008748
21.870000	0.000000	0.008692
21.880000	0.000000	0.008636
21.890000	0.000000	0.008580
21.900000	0.000000	0.008525
21.910000	0.000000	0.008477
21.920000	0.000000	0.008438
21.930000	0.000000	0.008399
21.940000	0.000000	0.008361
21.950000	0.000000	0.008324
21.960000	0.000000	0.008286
21.970000	0.000000	0.008248
21.980000	0.000000	0.008211
21.990000	0.000000	0.008173
22.000000	0.000000	0.008136
22.010000	0.000000	0.008098
22.020000	0.000000	0.008060
22.030000	0.000000	0.008023
22.040000	0.000000	0.007985
22.050000	0.000000	0.007948
22.060000	0.000000	0.007910
22.070000	0.000000	0.007872
22.080000	0.000000	0.007835
22.090000	0.000000	0.007796
22.100000	0.000000	0.007757
22.110000	0.000000	0.007720
22.120000	0.000000	0.007682
22.130000	0.000000	0.007645
22.140000	0.000000	0.007607
22.150000	0.000000	0.007569
22.160000	0.000000	0.007532
22.170000	0.000000	0.007494
22.180000	0.000000	0.007457
22.190000	0.000000	0.007419
22.200000	0.000000	0.007382
22.210000	0.000000	0.007344
22.220000	0.000000	0.007306
22.230000	0.000000	0.007269
22.240000	0.000000	0.007231
22.250000	0.000000	0.007194
22.260000	0.000000	0.007154
22.270000	0.000000	0.007116
22.280000	0.000000	0.007078
22.290000	0.000000	0.007041
22.300000	0.000000	0.007003
22.310000	0.000000	0.006966
22.320000	0.000000	0.006928
22.330000	0.000000	0.006891
22.340000	0.000000	0.006853
22.350000	0.000000	0.006816
22.360000	0.000000	0.006778
22.370000	0.000000	0.006740
22.380000	0.000000	0.006703
22.390000	0.000000	0.006665
22.400000	0.000000	0.006628
22.410000	0.000000	0.006590
22.420000	0.000000	0.006553
22.430000	0.000000	0.006513
22.440000	0.000000	0.006475
22.450000	0.000000	0.006438
22.460000	0.000000	0.006400
22.470000	0.000000	0.006363
22.480000	0.000000	0.006325
22.490000	0.000000	0.006288
22.500000	0.000000	0.006250
22.510000	0.000000	0.006213
22.520000	0.000000	0.006175
22.530000	0.000000	0.006138
22.540000	0.000000	0.006100
22.550000	0.000000	0.006063
22.560000	0.000000	0.006025
22.570000	0.000000	0.005988
22.580000	0.000000	0.005950
22.590000	0.000000	0.005912
22.600000	0.000000	0.005873
22.610000	0.000000	0.005836
22.620000	0.000000	0.005798
22.630000	0.000000	0.005761
22.640000	0.000000	0.005724
22.650000	0.000000	0.005692
22.660000	0.000000	0.005665
22.670000	0.000000	0.005640
22.680000	0.000000	0.005615
22.690000	0.000000	0.005590
22.700000	0.000000	0.005564
22.710000	0.000000	0.005539
22.720000	0.000000	0.005514
22.730000	0.000000	0.005489
22.740000	0.000000	0.005464
22.750000	0.000000	0.005439
22.760000	0.000000	0.005413
22.770000	0.000000	0.005387
22.780000	0.000000	0.005361
22.790000	0.000000	0.005336
22.800000	0.000000	0.005311
22.810000	0.000000	0.005286
22.820000	0.000000	0.005261
22.830000	0.000000	0.005236
22.840000	0.000000	0.005211
22.850000	0.000000	0.005186
22.860000	0.000000	0.005160
22.870000	0.000000	0.005135
22.880000	0.000000	0.005110
22.890000	0.000000	0.005085
22.900000	0.000000	0.005060
22.910000	0.000000	0.005035
22.920000	0.000000	0.005010
22.930000	0.000000	0.004983
22.940000	0.000000	0.004958
22.950000	0.000000	0.004932
22.960000	0.000000	0.004907
22.970000	0.000000	0.004882
22.980000	0.000000	0.004857
22.990000	0.000000	0.004832
23.000000	0.000000	0.004807
23.010000	0.000000	0.004782
23.020000	0.000000	0.004757
23.030000	0.000000	0.004731
23.040000	0.000000	0.004706
23.050000	0.000000	0.004681
23.060000	0.000000	0.004656
23.070000	0.000000	0.004631
23.080000	0.000000	0.004606
23.090000	0.000000	0.004581
23.100000	0.000000	0.004554
23.110000	0.000000	0.004529
23.120000	0.000000	0.004504
23.130000	0.000000	0.004479
23.140000	0.000000	0.004453
23.150000	0.000000	0.004428
23.160000	0.000000	0.004403
23.170000	0.000000	0.004378
23.180000	0.000000	0.004353
23.190000	0.000000	0.004328
23.200000	0.000000	0.004303
23.210000	0.000000	0.004278
23.220000	0.000000	0.004253
23.230000	0.000000	0.004228
23.240000	0.000000	0.004203
23.250000	0.000000	0.004177
23.260000	0.000000	0.004152
23.270000	0.000000	0.004126
23.280000	0.000000	0.004101
23.290000	0.000000	0.004075
23.300000	0.000000	0.004050
23.310000	0.000000	0.004025
23.320000	0.000000	0.004000
23.330000	0.000000	0.003975
23.340000	0.000000	0.003950
23.350000	0.000000	0.003925
23.360000	0.000000	0.003900
23.370000	0.000000	0.003875
23.380000	0.000000	0.003850
23.390000	0.000000	0.003827
23.400000	0.000000	0.003808
23.410000	0.000000	0.003791
23.420000	0.000000	0.003774
23.430000	0.000000	0.003757
23.440000	0.000000	0.003739
23.450000	0.000000	0.003722
23.460000	0.000000	0.003705
23.470000	0.000000	0.003689
23.480000	0.000000	0.003672
23.490000	0.000000	0.003655
23.500000	0.000000	0.003638
23.510000	0.000000	0.003621
23.520000	0.000000	0.003604
23.530000	0.000000	0.003588
23.540000	0.000000	0.003571
23.550000	0.000000	0.003554
23.560000	0.000000	0.003537
23.570000	0.000000	0.003520
23.580000	0.000000	0.003503
23.590000	0.000000	0.003487
23.600000	0.000000	0.003469
23.610000	0.000000	0.003452
23.620000	0.000000	0.003435
23.630000	0.000000	0.003418
23.640000	0.000000	0.003401
23.650000	0.000000	0.003385
23.660000	0.000000	0.003368
23.670000	0.000000	0.003351
23.680000	0.000000	0.003334
23.690000	0.000000	0.003317
23.700000	0.000000	0.003300
23.710000	0.000000	0.003284
23.720000	0.000000	0.003267
23.730000	0.000000	0.003250
23.740000	0.000000	0.003233
23.750000	0.000000	0.003216
23.760000	0.000000	0.003200
23.770000	0.000000	0.003182
23.780000	0.000000	0.003165
23.790000	0.000000	0.003148
23.800000	0.000000	0.003131
23.810000	0.000000	0.003114
23.820000	0.000000	0.003098
23.830000	0.000000	0.003081
23.840000	0.000000	0.003064
23.850000	0.000000	0.003047
23.860000	0.000000	0.003030
23.870000	0.000000	0.003014
23.880000	0.000000	0.002997
23.890000	0.000000	0.002980
23.900000	0.000000	0.002963
23.910000	0.000000	0.002946
23.920000	0.000000	0.002930
23.930000	0.000000	0.002913
23.940000	0.000000	0.002895
23.950000	0.000000	0.002878
23.960000	0.000000	0.002861
23.970000	0.000000	0.002844
23.980000	0.000000	0.002828
23.990000	0.000000	0.002811
24.000000	0.000000	0.002794
24.010000	0.000000	0.002777
24.020000	0.000000	0.002761
24.030000	0.000000	0.002744
24.040000	0.000000	0.002727
24.050000	0.000000	0.002710
24.060000	0.000000	0.002693
24.070000	0.000000	0.002677
24.080000	0.000000	0.002660
24.090000	0.000000	0.002643
24.100000	0.000000	0.002626
24.110000	0.000000	0.002609
24.120000	0.000000	0.002592
24.130000	0.000000	0.002575
24.140000	0.000000	0.002560
24.150000	0.000000	0.002548
24.160000	0.000000	0.002537
24.170000	0.000000	0.002525
24.180000	0.000000	0.002514
24.190000	0.000000	0.002503
24.200000	0.000000	0.002492
24.210000	0.000000	0.002480
24.220000	0.000000	0.002469
24.230000	0.000000	0.002458
24.240000	0.000000	0.002447
24.250000	0.000000	0.002435
24.260000	0.000000	0.002424
24.270000	0.000000	0.002413
24.280000	0.000000	0.002401
24.290000	0.000000	0.002389
24.300000	0.000000	0.002378
24.310000	0.000000	0.002367
24.320000	0.000000	0.002356
24.330000	0.000000	0.002344
24.340000	0.000000	0.002333
24.350000	0.000000	0.002322
24.360000	0.000000	0.002311
24.370000	0.000000	0.002299
24.380000	0.000000	0.002288
24.390000	0.000000	0.002277
24.400000	0.000000	0.002266
24.410000	0.000000	0.002254
24.420000	0.000000	0.002243
24.430000	0.000000	0.002232
24.440000	0.000000	0.002220
24.450000	0.000000	0.002209
24.460000	0.000000	0.002197
24.470000	0.000000	0.002186
24.480000	0.000000	0.002175
24.490000	0.000000	0.002163
24.500000	0.000000	0.002152
24.510000	0.000000	0.002141
24.520000	0.000000	0.002130
24.530000	0.000000	0.002118
24.540000	0.000000	0.002107
24.550000	0.000000	0.002096
24.560000	0.000000	0.002085
24.570000	0.000000	0.002073
24.580000	0.000000	0.002062
24.590000	0.000000	0.002051
24.600000	0.000000	0.002040
24.610000	0.000000	0.002028
24.620000	0.000000	0.002017
24.630000	0.000000	0.002005
24.640000	0.000000	0.001994
24.650000	0.000000	0.001983
24.660000	0.000000	0.001972
24.670000	0.000000	0.001960
24.680000	0.000000	0.001949
24.690000	0.000000	0.001938
24.700000	0.000000	0.001927
24.710000	0.000000	0.001915
24.720000	0.000000	0.001904
24.730000	0.000000	0.001893
24.740000	0.000000	0.001882
24.750000	0.000000	0.001870
24.760000	0.000000	0.001859
24.770000	0.000000	0.001848
24.780000	0.000000	0.001836
24.790000	0.000000	0.001825
24.800000	0.000000	0.001813
24.810000	0.000000	0.001802
24.820000	0.000000	0.001791
24.830000	0.000000	0.001780
24.840000	0.000000	0.001769
24.850000	0.000000	0.001757
24.860000	0.000000	0.001746
24.870000	0.000000	0.001735
24.880000	0.000000	0.001724
24.890000	0.000000	0.001715
24.900000	0.000000	0.001707
24.910000	0.000000	0.001699
24.920000	0.000000	0.001692
24.930000	0.000000	0.001684
24.940000	0.000000	0.001677
24.950000	0.000000	0.001669
24.960000	0.000000	0.001661
24.970000	0.000000	0.001654
24.980000	0.000000	0.001646
24.990000	0.000000	0.001638
25.000000	0.000000	0.001631
25.010000	0.000000	0.001623
25.020000	0.000000	0.001616
25.030000	0.000000	0.001608
25.040000	0.000000	0.001601
25.050000	0.000000	0.001593
25.060000	0.000000	0.001586
25.070000	0.000000	0.001578
25.080000	0.000000	0.001571
25.090000	0.000000	0.001563
25.100000	0.000000	0.001556
25.110000	0.000000	0.001548
25.120000	0.000000	0.001540
25.130000	0.000000	0.001532
25.140000	0.000000	0.001525
25.150000	0.000000	0.001517
25.160000	0.000000	0.001510
25.170000	0.000000	0.001502
25.180000	0.000000	0.001495
25.190000	0.000000	0.001487
25.200000	0.000000	0.001480
25.210000	0.000000	0.001472
25.220000	0.000000	0.001465
25.230000	0.000000	0.001457
25.240000	0.000000	0.001450
25.250000	0.000000	0.001442
25.260000	0.000000	0.001435
25.270000	0.000000	0.001427
25.280000	0.000000	0.001419
25.290000	0.000000	0.001411
25.300000	0.000000	0.001404
25.310000	0.000000	0.001396
25.320000	0.000000	0.001389
25.330000	0.000000	0.001381
25.340000	0.000000	0.001374
25.350000	0.000000	0.001366
25.360000	0.000000	0.001359
25.370000	0.000000	0.001351
25.380000	0.000000	0.001344
25.390000	0.000000	0.001336
25.400000	0.000000	0.001329
25.410000	0.000000	0.001321
25.420000	0.000000	0.001314
25.430000	0.000000	0.001306
25.440000	0.000000	0.001299
25.450000	0.000000	0.001291
25.460000	0.000000	0.001283
25.470000	0.000000	0.001276
25.480000	0.000000	0.001268
25.490000	0.000000	0.001260
25.500000	0.000000	0.001253
25.510000	0.000000	0.001245
25.520000	0.000000	0.001238
25.530000	0.000000	0.001230
25.540000	0.000000	0.001223
25.550000	0.000000	0.001215
25.560000	0.000000	0.001208
25.570000	0.000000	0.001200
25.580000	0.000000	0.001193
25.590000	0.000000	0.001185
25.600000	0.000000	0.001178
25.610000	0.000000	0.001170
25.620000	0.000000	0.001162
25.630000	0.000000	0.001155
25.640000	0.000000	0.001149
25.650000	0.000000	0.001144
25.660000	0.000000	0.001139
25.670000	0.000000	0.001134
25.680000	0.000000	0.001129
25.690000	0.000000	0.001124
25.700000	0.000000	0.001119
25.710000	0.000000	0.001114
25.720000	0.000000	0.001109
25.730000	0.000000	0.001103
25.740000	0.000000	0.001098
25.750000	0.000000	0.001093
25.760000	0.000000	0.001088
25.770000	0.000000	0.001083
25.780000	0.000000	0.001078
25.790000	0.000000	0.001073
25.800000	0.000000	0.001068
25.810000	0.000000	0.001063
25.820000	0.000000	0.001058
25.830000	0.000000	0.001053
25.840000	0.000000	0.001048
25.850000	0.000000	0.001043
25.860000	0.000000	0.001038
25.870000	0.000000	0.001033
25.880000	0.000000	0.001027
25.890000	0.000000	0.001022
25.900000	0.000000	0.001017
25.910000	0.000000	0.001012
25.920000	0.000000	0.001007
25.930000	0.000000	0.001002
25.940000	0.000000	0.000997
25.950000	0.000000	0.000992
25.960000	0.000000	0.000987
25.970000	0.000000	0.000982
25.980000	0.000000	0.000977
25.990000	0.000000	0.000972
26.000000	0.000000	0.000967
26.010000	0.000000	0.000962
26.020000	0.000000	0.000957
26.030000	0.000000	0.000952
26.040000	0.000000	0.000947
26.050000	0.000000	0.000941
26.060000	0.000000	0.000936
26.070000	0.000000	0.000931
26.080000	0.000000	0.000926
26.090000	0.000000	0.000921
26.100000	0.000000	0.000916
26.110000	0.000000	0.000911
26.120000	0.000000	0.000906
26.130000	0.000000	0.000901
26.140000	0.000000	0.000896
26.150000	0.000000	0.000891
26.160000	0.000000	0.000886
26.170000	0.000000	0.000881
26.180000	0.000000	0.000876
26.190000	0.000000	0.000871
26.200000	0.000000	0.000866
26.210000	0.000000	0.000861
26.220000	0.000000	0.000856
26.230000	0.000000	0.000850
26.240000	0.000000	0.000845
26.250000	0.000000	0.000840
26.260000	0.000000	0.000835
26.270000	0.000000	0.000830
26.280000	0.000000	0.000825
26.290000	0.000000	0.000820
26.300000	0.000000	0.000815
26.310000	0.000000	0.000810
26.320000	0.000000	0.000805
26.330000	0.000000	0.000800
26.340000	0.000000	0.000795
26.350000	0.000000	0.000790
26.360000	0.000000	0.000785
26.370000	0.000000	0.000780
26.380000	0.000000	0.000775
26.390000	0.000000	0.000771
26.400000	0.000000	0.000767
26.410000	0.000000	0.000764
26.420000	0.000000	0.000761
26.430000	0.000000	0.000757
26.440000	0.000000	0.000754
26.450000	0.000000	0.000750
26.460000	0.000000	0.000747
26.470000	0.000000	0.000743
26.480000	0.000000	0.000740
26.490000	0.000000	0.000737
26.500000	0.000000	0.000733
26.510000	0.000000	0.000730
26.520000	0.000000	0.000727
26.530000	0.000000	0.000723
26.540000	0.000000	0.000720
26.550000	0.000000	0.000716
26.560000	0.000000	0.000713
26.570000	0.000000	0.000710
26.580000	0.000000	0.000706
26.590000	0.000000	0.000703
26.600000	0.000000	0.000700
26.610000	0.000000	0.000696
26.620000	0.000000	0.000693
26.630000	0.000000	0.000689
26.640000	0.000000	0.000686
26.650000	0.000000	0.000682
26.660000	0.000000	0.000679
26.670000	0.000000	0.000676
26.680000	0.000000	0.000672
26.690000	0.000000	0.000669
26.700000	0.000000	0.000666
26.710000	0.000000	0.000662
26.720000	0.000000	0.000659
26.730000	0.000000	0.000655
26.740000	0.000000	0.000652
26.750000	0.000000	0.000649
26.760000	0.000000	0.000645
26.770000	0.000000	0.000642
26.780000	0.000000	0.000639
26.790000	0.000000	0.000635
26.800000	0.000000	0.000632
26.810000	0.000000	0.000628
26.820000	0.000000	0.000625
26.830000	0.000000	0.000622
26.840000	0.000000	0.000618
26.850000	0.000000	0.000615
26.860000	0.000000	0.000611
26.870000	0.000000	0.000608
26.880000	0.000000	0.000605
26.890000	0.000000	0.000601
26.900000	0.000000	0.000598
26.910000	0.000000	0.000595
26.920000	0.000000	0.000591
26.930000	0.000000	0.000588
26.940000	0.000000	0.000584
26.950000	0.000000	0.000581
26.960000	0.000000	0.000578
26.970000	0.000000	0.000574
26.980000	0.000000	0.000571
26.990000	0.000000	0.000567
27.000000	0.000000	0.000564
27.010000	0.000000	0.000561
27.020000	0.000000	0.000557
27.030000	0.000000	0.000554
27.040000	0.000000	0.000551
27.050000	0.000000	0.000547
27.060000	0.000000	0.000544
27.070000	0.000000	0.000541
27.080000	0.000000	0.000537
27.090000	0.000000	0.000534
27.100000	0.000000	0.000530
27.110000	0.000000	0.000527
27.120000	0.000000	0.000524
27.130000	0.000000	0.000520
27.140000	0.000000	0.000517
27.150000	0.000000	0.000515
27.160000	0.000000	0.000513
27.170000	0.000000	0.000510
27.180000	0.000000	0.000508
27.190000	0.000000	0.000506
27.200000	0.000000	0.000504
27.210000	0.000000	0.000501
27.220000	0.000000	0.000499
27.230000	0.000000	0.000497
27.240000	0.000000	0.000495
27.250000	0.000000	0.000492
27.260000	0.000000	0.000490
27.270000	0.000000	0.000488
27.280000	0.000000	0.000486
27.290000	0.000000	0.000483
27.300000	0.000000	0.000481
27.310000	0.000000	0.000479
27.320000	0.000000	0.000476
27.330000	0.000000	0.000474
27.340000	0.000000	0.000472
27.350000	0.000000	0.000470
27.360000	0.000000	0.000467
27.370000	0.000000	0.000465
27.380000	0.000000	0.000463
27.390000	0.000000	0.000461
27.400000	0.000000	0.000458
27.410000	0.000000	0.000456
27.420000	0.000000	0.000454
27.430000	0.000000	0.000452
27.440000	0.000000	0.000449
27.450000	0.000000	0.000447
27.460000	0.000000	0.000445
27.470000	0.000000	0.000443
27.480000	0.000000	0.000440
27.490000	0.000000	0.000438
27.500000	0.000000	0.000436
27.510000	0.000000	0.000434
27.520000	0.000000	0.000431
27.530000	0.000000	0.000429
27.540000	0.000000	0.000427
27.550000	0.000000	0.000425
27.560000	0.000000	0.000422
27.570000	0.000000	0.000420
27.580000	0.000000	0.000418
27.590000	0.000000	0.000416
27.600000	0.000000	0.000413
27.610000	0.000000	0.000411
27.620000	0.000000	0.000409
27.630000	0.000000	0.000406
27.640000	0.000000	0.000404
27.650000	0.000000	0.000402
27.660000	0.000000	0.000400
27.670000	0.000000	0.000397
27.680000	0.000000	0.000395
27.690000	0.000000	0.000393
27.700000	0.000000	0.000391
27.710000	0.000000	0.000388
27.720000	0.000000	0.000386
27.730000	0.000000	0.000384
27.740000	0.000000	0.000382
27.750000	0.000000	0.000379
27.760000	0.000000	0.000377
27.770000	0.000000	0.000375
27.780000	0.000000	0.000373
27.790000	0.000000	0.000370
27.800000	0.000000	0.000368
27.810000	0.000000	0.000366
27.820000	0.000000	0.000364
27.830000	0.000000	0.000361
27.840000	0.000000	0.000359
27.850000	0.000000	0.000357
27.860000	0.000000	0.000355
27.870000	0.000000	0.000352
27.880000	0.000000	0.000350
27.890000	0.000000	0.000348
27.900000	0.000000	0.000346
27.910000	0.000000	0.000345
27.920000	0.000000	0.000343
27.930000	0.000000	0.000342
27.940000	0.000000	0.000340
27.950000	0.000000	0.000339
27.960000	0.000000	0.000337
27.970000	0.000000	0.000336
27.980000	0.000000	0.000334
27.990000	0.000000	0.000333
28.000000	0.000000	0.000331
28.010000	0.000000	0.000329
28.020000	0.000000	0.000328
28.030000	0.000000	0.000326
28.040000	0.000000	0.000325
28.050000	0.000000	0.000323
28.060000	0.000000	0.000322
28.070000	0.000000	0.000320
28.080000	0.000000	0.000319
28.090000	0.000000	0.000317
28.100000	0.000000	0.000316
28.110000	0.000000	0.000314
28.120000	0.000000	0.000313
28.130000	0.000000	0.000311
28.140000	0.000000	0.000310
28.150000	0.000000	0.000308
28.160000	0.000000	0.000307
28.170000	0.000000	0.000305
28.180000	0.000000	0.000304
28.190000	0.000000	0.000302
28.200000	0.000000	0.000301
28.210000	0.000000	0.000299
28.220000	0.000000	0.000298
28.230000	0.000000	0.000296
28.240000	0.000000	0.000295
28.250000	0.000000	0.000293
28.260000	0.000000	0.000292
28.270000	0.000000	0.000290
28.280000	0.000000	0.000289
28.290000	0.000000	0.000287
28.300000	0.000000	0.000286
28.310000	0.000000	0.000284
28.320000	0.000000	0.000283
28.330000	0.000000	0.000281
28.340000	0.000000	0.000280
28.350000	0.000000	0.000278
28.360000	0.000000	0.000277
28.370000	0.000000	0.000275
28.380000	0.000000	0.000274
28.390000	0.000000	0.000272
28.400000	0.000000	0.000271
28.410000	0.000000	0.000269
28.420000	0.000000	0.000267
28.430000	0.000000	0.000266
28.440000	0.000000	0.000264
28.450000	0.000000	0.000263
28.460000	0.000000	0.000261
28.470000	0.000000	0.000260
28.480000	0.000000	0.000258
28.490000	0.000000	0.000257
28.500000	0.000000	0.000255
28.510000	0.000000	0.000254
28.520000	0.000000	0.000252
28.530000	0.000000	0.000251
28.540000	0.000000	0.000249
28.550000	0.000000	0.000248
28.560000	0.000000	0.000246
28.570000	0.000000	0.000245
28.580000	0.000000	0.000243
28.590000	0.000000	0.000242
28.600000	0.000000	0.000240
28.610000	0.000000	0.000239
28.620000	0.000000	0.000237
28.630000	0.000000	0.000236
28.640000	0.000000	0.000234
28.650000	0.000000	0.000233
28.660000	0.000000	0.000232
28.670000	0.000000	0.000231
28.680000	0.000000	0.000230
28.690000	0.000000	0.000229
28.700000	0.000000	0.000228
28.710000	0.000000	0.000227
28.720000	0.000000	0.000226
28.730000	0.000000	0.000225
28.740000	0.000000	0.000224
28.750000	0.000000	0.000223
28.760000	0.000000	0.000222
28.770000	0.000000	0.000221
28.780000	0.000000	0.000220
28.790000	0.000000	0.000219
28.800000	0.000000	0.000218
28.810000	0.000000	0.000217
28.820000	0.000000	0.000216
28.830000	0.000000	0.000215
28.840000	0.000000	0.000214
28.850000	0.000000	0.000213
28.860000	0.000000	0.000212
28.870000	0.000000	0.000211
28.880000	0.000000	0.000210
28.890000	0.000000	0.000209
28.900000	0.000000	0.000208
28.910000	0.000000	0.000207
28.920000	0.000000	0.000205
28.930000	0.000000	0.000204
28.940000	0.000000	0.000203
28.950000	0.000000	0.000202
28.960000	0.000000	0.000201
28.970000	0.000000	0.000200
28.980000	0.000000	0.000199
28.990000	0.000000	0.000198
29.000000	0.000000	0.000197
29.010000	0.000000	0.000196
29.020000	0.000000	0.000195
29.030000	0.000000	0.000194
29.040000	0.000000	0.000193
29.050000	0.000000	0.000192
29.060000	0.000000	0.000191
29.070000	0.000000	0.000190
29.080000	0.000000	0.000189
29.090000	0.000000	0.000188
29.100000	0.000000	0.000187
29.110000	0.000000	0.000186
29.120000	0.000000	0.000185
29.130000	0.000000	0.000184
29.140000	0.000000	0.000183
29.150000	0.000000	0.000182
29.160000	0.000000	0.000181
29.170000	0.000000	0.000180
29.180000	0.000000	0.000179
29.190000	0.000000	0.000178
29.200000	0.000000	0.000177
29.210000	0.000000	0.000176
29.220000	0.000000	0.000175
29.230000	0.000000	0.000174
29.240000	0.000000	0.000173
29.250000	0.000000	0.000172
29.260000	0.000000	0.000171
29.270000	0.000000	0.000170
29.280000	0.000000	0.000169
29.290000	0.000000	0.000168
29.300000	0.000000	0.000167
29.310000	0.000000	0.000166
29.320000	0.000000	0.000165
29.330000	0.000000	0.000164
29.340000	0.000000	0.000163
29.350000	0.000000	0.000162
29.360000	0.000000	0.000161
29.370000	0.000000	0.000160
29.380000	0.000000	0.000159
29.390000	0.000000	0.000158
29.400000	0.000000	0.000157
29.410000	0.000000	0.000156
29.420000	0.000000	0.000155
29.430000	0.000000	0.000155
29.440000	0.000000	0.000154
29.450000	0.000000	0.000153
29.460000	0.000000	0.000153
29.470000	0.000000	0.000152
29.480000	0.000000	0.000151
29.490000	0.000000	0.000151
29.500000	0.000000	0.000150
29.510000	0.000000	0.000149
29.520000	0.000000	0.000149
29.530000	0.000000	0.000148
29.540000	0.000000	0.000147
29.550000	0.000000	0.000147
29.560000	0.000000	0.000146
29.570000	0.000000	0.000145
29.580000	0.000000	0.000144
29.590000	0.000000	0.000144
29.600000	0.000000	0.000143
29.610000	0.000000	0.000142
29.620000	0.000000	0.000142
29.630000	0.000000	0.000141
29.640000	0.000000	0.000140
29.650000	0.000000	0.000140
29.660000	0.000000	0.000139
29.670000	0.000000	0.000138
29.680000	0.000000	0.000138
29.690000	0.000000	0.000137
29.700000	0.000000	0.000136
29.710000	0.000000	0.000136
29.720000	0.000000	0.000135
29.730000	0.000000	0.000134
29.740000	0.000000	0.000134
29.750000	0.000000	0.000133
29.760000	0.000000	0.000132
29.770000	0.000000	0.000132
29.780000	0.000000	0.000131
29.790000	0.000000	0.000130
29.800000	0.000000	0.000130
29.810000	0.000000	0.000129
29.820000	0.000000	0.000128
29.830000	0.000000	0.000128
29.840000	0.000000	0.000127
29.850000	0.000000	0.000126
29.860000	0.000000	0.000126
29.870000	0.000000	0.000125
29.880000	0.000000	0.000124
29.890000	0.000000	0.000123
29.900000	0.000000	0.000123
29.910000	0.000000	0.000122
29.920000	0.000000	0.000121
29.930000	0.000000	0.000121
29.940000	0.000000	0.000120
29.950000	0.000000	0.000119
29.960000	0.000000	0.000119
29.970000	0.000000	0.000118
29.980000	0.000000	0.000117
29.990000	0.000000	0.000117
30.000000	0.000000	0.000116
30.010000	0.000000	0.000115
30.020000	0.000000	0.000115
30.030000	0.000000	0.000114
30.040000	0.000000	0.000113
30.050000	0.000000	0.000113
30.060000	0.000000	0.000112
30.070000	0.000000	0.000111
30.080000	0.000000	0.000111
30.090000	0.000000	0.000110
