0.100000	0.000000	1644385.804606
0.110000	0.000000	1918254.085596
0.120000	0.000000	872746.972922
0.130000	0.000000	1178523.833248
0.140000	0.000000	478338.337278
0.150000	0.000000	189207.826459
0.160000	0.000000	160782.450025
0.170000	0.000000	143484.234519
0.180000	0.000000	160672.735401
0.190000	0.000000	158287.733787
0.200000	0.000000	136156.272436
0.210000	0.000000	141467.237938
0.220000	0.000000	123973.526723
0.230000	0.000000	145408.830972
0.240000	0.000000	157811.297612
0.250000	0.000000	124343.557614
0.260000	0.000000	173022.894673
0.270000	0.000000	85077.703562
0.280000	0.000000	136611.814290
0.290000	0.000000	87204.443639
0.300000	0.000000	94189.598701
0.310000	0.000000	70804.477538
0.320000	0.000000	65150.527354
0.330000	0.000000	72176.431201
0.340000	0.000000	64421.947289
0.350000	0.000000	54974.524157
0.360000	0.000000	76548.422754
0.370000	0.000000	85342.171275
0.380000	0.000000	48418.506606
0.390000	0.000000	53372.163562
0.400000	0.000000	44442.896461
0.410000	0.000000	39824.442972
0.420000	0.000000	42730.830402
0.430000	0.000000	42335.671030
0.440000	0.000000	34374.198907
0.450000	0.000000	35924.991636
0.460000	0.000000	31244.019109
0.470000	0.000000	31130.164692
0.480000	0.000000	28585.440226
0.490000	0.000000	47766.099316
0.500000	0.000000	38441.842914
0.510000	0.000000	24305.616414
0.520000	0.000000	25814.735588
0.530000	0.000000	25977.612987
0.540000	0.000000	22443.129418
0.550000	0.000000	23485.587324
0.560000	0.000000	29912.697637
0.570000	0.000000	32581.588184
0.580000	0.000000	22595.034516
0.590000	0.000000	22514.865327
0.600000	0.000000	18223.310653
0.610000	0.000000	19441.167746
0.620000	0.000000	23431.720705
0.630000	0.000000	19670.625174
0.640000	0.000000	17638.644125
0.650000	0.000000	209189.603148
0.660000	0.000000	122054.835720
0.670000	0.000000	25233.306456
0.680000	0.000000	19282.591927
0.690000	0.000000	60121.417554
0.700000	0.000000	76559.010459
0.710000	0.000000	190692.371297
0.720000	0.000000	405044.295281
0.730000	0.000000	66070.567054
0.740000	0.000000	212468.953753
0.750000	0.000000	37734.888303
0.760000	0.000000	161784.725199
0.770000	0.000000	337053.248488
0.780000	0.000000	128432.738959
0.790000	0.000000	117863.457365
0.800000	0.000000	176370.296528
0.810000	0.000000	145923.846521
0.820000	0.000000	362840.909475
0.830000	0.000000	225432.511214
0.840000	0.000000	140135.631032
0.850000	0.000000	194879.587115
0.860000	0.000000	286895.833584
0.870000	0.000000	280568.930714
0.880000	0.000000	106473.532170
0.890000	0.000000	124797.864610
0.900000	0.000000	172179.863263
0.910000	0.000000	250166.988504
0.920000	0.000000	139535.919492
0.930000	0.000000	59339.093244
0.940000	0.000000	64146.849870
0.950000	0.000000	90492.319467
0.960000	0.000000	121838.998497
0.970000	0.000000	51214.786441
0.980000	0.000000	36809.973185
0.990000	0.000000	57961.372869
1.000000	0.000000	82855.024806
1.010000	0.000000	127623.539798
1.020000	0.000000	88306.262796
1.030000	0.000000	17435.174570
1.040000	0.000000	20509.217190
1.050000	0.000000	22356.294276
1.060000	0.000000	20049.242456
1.070000	0.000000	45669.781058
1.080000	0.000000	39214.478339
1.090000	0.000000	40696.651437
1.100000	0.000000	29101.313267
1.110000	0.000000	24182.253444
1.120000	0.000000	22219.955026
1.130000	0.000000	12075.057720
1.140000	0.000000	30447.662894
1.150000	0.000000	21203.995194
1.160000	0.000000	29931.394696
1.170000	0.000000	30370.399808
1.180000	0.000000	20592.360902
1.190000	0.000000	13819.917859
1.200000	0.000000	13851.680747
1.210000	0.000000	15440.166028
1.220000	0.000000	11153.376512
1.230000	0.000000	8737.451394
1.240000	0.000000	9146.020805
1.250000	0.000000	11210.602228
1.260000	0.000000	7111.288617
1.270000	0.000000	16951.132201
1.280000	0.000000	5715.635607
1.290000	0.000000	5287.894830
1.300000	0.000000	6884.958612
1.310000	0.000000	7776.588145
1.320000	0.000000	5769.349865
1.330000	0.000000	5758.522164
1.340000	0.000000	6786.231763
1.350000	0.000000	5671.426254
1.360000	0.000000	4886.378272
1.370000	0.000000	4781.258013
1.380000	0.000000	3506.833620
1.390000	0.000000	3503.050723
1.400000	0.000000	3866.500868
1.410000	0.000000	3073.601629
1.420000	0.000000	3296.306269
1.430000	0.000000	3203.627184
1.440000	0.000000	3688.585433
1.450000	0.000000	2597.831594
1.460000	0.000000	2624.465498
1.470000	0.000000	2395.069332
1.480000	0.000000	2487.214760
1.490000	0.000000	2369.479402
1.500000	0.000000	2209.363381
1.510000	0.000000	2156.100857
1.520000	0.000000	2171.382635
1.530000	0.000000	2121.061839
1.540000	0.000000	2008.476628
1.550000	0.000000	1935.007280
1.560000	0.000000	1895.201798
1.570000	0.000000	1898.872944
1.580000	0.000000	1826.896838
1.590000	0.000000	1783.140595
1.600000	0.000000	1818.690509
1.610000	0.000000	1779.088103
1.620000	0.000000	1679.272495
1.630000	0.000000	1634.272612
1.640000	0.000000	1601.275799
1.650000	0.000000	1615.698908
1.660000	0.000000	1559.038384
1.670000	0.000000	1508.818963
1.680000	0.000000	1479.309442
1.690000	0.000000	1448.480835
1.700000	0.000000	1418.918237
1.710000	0.000000	1391.243844
1.720000	0.000000	1361.253958
1.730000	0.000000	1334.892443
1.740000	0.000000	1309.115907
1.750000	0.000000	1288.229768
1.760000	0.000000	1255.591227
1.770000	0.000000	1230.111354
1.780000	0.000000	1203.882942
1.790000	0.000000	1180.584764
1.800000	0.000000	1160.643877
1.810000	0.000000	1135.699440
1.820000	0.000000	1113.302430
1.830000	0.000000	1091.820718
1.840000	0.000000	1070.456252
1.850000	0.000000	1049.211198
1.860000	0.000000	1028.074234
1.870000	0.000000	1008.038524
1.880000	0.000000	989.386840
1.890000	0.000000	971.048429
1.900000	0.000000	952.949662
1.910000	0.000000	934.838538
1.920000	0.000000	916.827538
1.930000	0.000000	899.094852
1.940000	0.000000	881.950460
1.950000	0.000000	864.478408
1.960000	0.000000	847.780224
1.970000	0.000000	831.119713
1.980000	0.000000	814.558925
1.990000	0.000000	798.211502
2.000000	0.000000	782.313629
2.010000	0.000000	766.840204
2.020000	0.000000	751.697331
2.030000	0.000000	737.160473
2.040000	0.000000	723.108922
2.050000	0.000000	709.268610
2.060000	0.000000	696.235966
2.070000	0.000000	684.258438
2.080000	0.000000	671.966438
2.090000	0.000000	659.882290
2.100000	0.000000	647.967510
2.110000	0.000000	636.433900
2.120000	0.000000	705.794093
2.130000	0.000000	655.254276
2.140000	0.000000	639.719545
2.150000	0.000000	692.972109
2.160000	0.000000	613.580300
2.170000	0.000000	567.630021
2.180000	0.000000	556.617198
2.190000	0.000000	545.648295
2.200000	0.000000	534.709719
2.210000	0.000000	523.903840
2.220000	0.000000	513.329572
2.230000	0.000000	503.007336
2.240000	0.000000	493.175360
2.250000	0.000000	484.213210
2.260000	0.000000	476.204204
2.270000	0.000000	469.543802
2.280000	0.000000	460.533909
2.290000	0.000000	452.900639
2.300000	0.000000	456.516546
2.310000	0.000000	438.062655
2.320000	0.000000	427.798847
2.330000	0.000000	420.328168
2.340000	0.000000	412.968497
2.350000	0.000000	405.623211
2.360000	0.000000	398.281017
2.370000	0.000000	390.941163
2.380000	0.000000	383.604168
2.390000	0.000000	376.287944
2.400000	0.000000	369.009536
2.410000	0.000000	361.741587
2.420000	0.000000	354.485222
2.430000	0.000000	347.299342
2.440000	0.000000	340.310781
2.450000	0.000000	333.446039
2.460000	0.000000	330.998664
2.470000	0.000000	322.957187
2.480000	0.000000	316.951561
2.490000	0.000000	311.543268
2.500000	0.000000	306.222923
2.510000	0.000000	309.530317
2.520000	0.000000	301.767211
2.530000	0.000000	290.639570
2.540000	0.000000	285.712127
2.550000	0.000000	280.799421
2.560000	0.000000	275.919419
2.570000	0.000000	271.408486
2.580000	0.000000	267.400364
2.590000	0.000000	261.575702
2.600000	0.000000	256.456123
2.610000	0.000000	251.486015
2.620000	0.000000	246.387540
2.630000	0.000000	242.216284
2.640000	0.000000	240.651800
2.650000	0.000000	233.039845
2.660000	0.000000	227.924998
2.670000	0.000000	223.814955
2.680000	0.000000	219.800857
2.690000	0.000000	216.256341
2.700000	0.000000	213.601268
2.710000	0.000000	210.062953
2.720000	0.000000	205.852352
2.730000	0.000000	203.406336
2.740000	0.000000	207.766064
2.750000	0.000000	224.776230
2.760000	0.000000	206.251034
2.770000	0.000000	212.360161
2.780000	0.000000	252.160363
2.790000	0.000000	184.196348
2.800000	0.000000	178.888679
2.810000	0.000000	175.611184
2.820000	0.000000	172.413274
2.830000	0.000000	169.189871
2.840000	0.000000	165.968935
2.850000	0.000000	162.768257
2.860000	0.000000	159.722197
2.870000	0.000000	156.989664
2.880000	0.000000	154.214327
2.890000	0.000000	151.253487
2.900000	0.000000	148.523483
2.910000	0.000000	145.871232
2.920000	0.000000	143.494404
2.930000	0.000000	141.219869
2.940000	0.000000	138.903156
2.950000	0.000000	136.765302
2.960000	0.000000	134.833804
2.970000	0.000000	131.990084
2.980000	0.000000	129.794447
2.990000	0.000000	127.590131
3.000000	0.000000	125.473549
3.010000	0.000000	123.252819
3.020000	0.000000	121.032070
3.030000	0.000000	120.045116
3.040000	0.000000	118.576904
3.050000	0.000000	115.442581
3.060000	0.000000	112.475317
3.070000	0.000000	111.580541
3.080000	0.000000	113.236640
3.090000	0.000000	152.004213
3.100000	0.000000	380.319708
3.110000	0.000000	160.973072
3.120000	0.000000	258.089685
3.130000	0.000000	514.590537
3.140000	0.000000	146.333839
3.150000	0.000000	95.522667
3.160000	0.000000	93.855022
3.170000	0.000000	92.427972
3.180000	0.000000	91.087748
3.190000	0.000000	89.577785
3.200000	0.000000	89.471179
3.210000	0.000000	88.297178
3.220000	0.000000	85.343473
3.230000	0.000000	83.715069
3.240000	0.000000	82.255495
3.250000	0.000000	80.867375
3.260000	0.000000	80.043287
3.270000	0.000000	81.812143
3.280000	0.000000	77.201143
3.290000	0.000000	75.434262
3.300000	0.000000	74.112424
3.310000	0.000000	73.592747
3.320000	0.000000	72.887982
3.330000	0.000000	70.467853
3.340000	0.000000	68.784692
3.350000	0.000000	68.222581
3.360000	0.000000	66.968206
3.370000	0.000000	65.282327
3.380000	0.000000	64.043602
3.390000	0.000000	63.024453
3.400000	0.000000	62.041069
3.410000	0.000000	61.118402
3.420000	0.000000	60.180026
3.430000	0.000000	59.751099
3.440000	0.000000	59.432936
3.450000	0.000000	57.434678
3.460000	0.000000	56.416393
3.470000	0.000000	62.333195
3.480000	0.000000	56.203688
3.490000	0.000000	56.077409
3.500000	0.000000	59.263642
3.510000	0.000000	54.507579
3.520000	0.000000	50.778736
3.530000	0.000000	49.734146
3.540000	0.000000	48.893718
3.550000	0.000000	48.160699
3.560000	0.000000	47.379613
3.570000	0.000000	46.580218
3.580000	0.000000	46.329978
3.590000	0.000000	45.752287
3.600000	0.000000	46.862620
3.610000	0.000000	63.799578
3.620000	0.000000	47.473857
3.630000	0.000000	41.999914
3.640000	0.000000	41.381084
3.650000	0.000000	40.496091
3.660000	0.000000	39.826621
3.670000	0.000000	40.126097
3.680000	0.000000	53.324258
3.690000	0.000000	46.797272
3.700000	0.000000	37.274939
3.710000	0.000000	36.619462
3.720000	0.000000	36.009178
3.730000	0.000000	35.455875
3.740000	0.000000	34.934035
3.750000	0.000000	34.375254
3.760000	0.000000	33.742873
3.770000	0.000000	33.801260
3.780000	0.000000	39.761968
3.790000	0.000000	36.121712
3.800000	0.000000	32.715543
3.810000	0.000000	31.758551
3.820000	0.000000	30.504789
3.830000	0.000000	30.168635
3.840000	0.000000	33.050321
3.850000	0.000000	61.483371
3.860000	0.000000	77.663703
3.870000	0.000000	62.993674
3.880000	0.000000	49.015540
3.890000	0.000000	65.179115
3.900000	0.000000	68.868242
3.910000	0.000000	26.112863
3.920000	0.000000	25.703653
3.930000	0.000000	25.357333
3.940000	0.000000	24.823717
3.950000	0.000000	24.456460
3.960000	0.000000	26.685375
3.970000	0.000000	23.788940
3.980000	0.000000	23.269546
3.990000	0.000000	22.894638
4.000000	0.000000	23.487461
4.010000	0.000000	22.544592
4.020000	0.000000	21.806001
4.030000	0.000000	21.846673
4.040000	0.000000	21.672751
4.050000	0.000000	21.208194
4.060000	0.000000	20.773905
4.070000	0.000000	20.253070
4.080000	0.000000	19.789951
4.090000	0.000000	19.282054
4.100000	0.000000	18.996372
4.110000	0.000000	18.710171
4.120000	0.000000	18.784413
4.130000	0.000000	18.140569
4.140000	0.000000	17.883231
4.150000	0.000000	17.569008
4.160000	0.000000	17.274958
4.170000	0.000000	16.993570
4.180000	0.000000	16.730340
4.190000	0.000000	16.475743
4.200000	0.000000	16.221772
4.210000	0.000000	15.968312
4.220000	0.000000	15.715464
4.230000	0.000000	15.538909
4.240000	0.000000	15.376766
4.250000	0.000000	15.009282
4.260000	0.000000	14.718018
4.270000	0.000000	14.485770
4.280000	0.000000	14.217242
4.290000	0.000000	13.962378
4.300000	0.000000	13.714298
4.310000	0.000000	13.486161
4.320000	0.000000	13.251043
4.330000	0.000000	13.179319
4.340000	0.000000	12.876427
4.350000	0.000000	12.607846
4.360000	0.000000	12.404923
4.370000	0.000000	12.199235
4.380000	0.000000	11.995354
4.390000	0.000000	11.803125
4.400000	0.000000	11.612934
4.410000	0.000000	11.431911
4.420000	0.000000	11.270229
4.430000	0.000000	11.125299
4.440000	0.000000	10.922259
4.450000	0.000000	10.755868
4.460000	0.000000	10.667112
4.470000	0.000000	10.485703
4.480000	0.000000	10.690618
4.490000	0.000000	10.185332
4.500000	0.000000	13.989861
4.510000	0.000000	11.970473
4.520000	0.000000	9.952103
4.530000	0.000000	9.498067
4.540000	0.000000	9.312834
4.550000	0.000000	9.094525
4.560000	0.000000	8.944307
4.570000	0.000000	9.715404
4.580000	0.000000	10.630507
4.590000	0.000000	8.498304
4.600000	0.000000	8.360749
4.610000	0.000000	8.228565
4.620000	0.000000	8.107541
4.630000	0.000000	7.959024
4.640000	0.000000	7.833034
4.650000	0.000000	7.738083
4.660000	0.000000	7.603577
4.670000	0.000000	7.485501
4.680000	0.000000	7.448348
4.690000	0.000000	7.417320
4.700000	0.000000	7.504371
4.710000	0.000000	7.945308
4.720000	0.000000	8.131477
4.730000	0.000000	7.691770
4.740000	0.000000	7.151231
4.750000	0.000000	6.800588
4.760000	0.000000	6.654692
4.770000	0.000000	6.362748
4.780000	0.000000	6.257612
4.790000	0.000000	6.154496
4.800000	0.000000	6.048573
4.810000	0.000000	6.005467
4.820000	0.000000	7.232100
4.830000	0.000000	6.205986
4.840000	0.000000	5.705642
4.850000	0.000000	5.672566
4.860000	0.000000	5.530917
4.870000	0.000000	5.380132
4.880000	0.000000	5.296180
4.890000	0.000000	5.219183
4.900000	0.000000	5.142841
4.910000	0.000000	5.066607
4.920000	0.000000	5.057920
4.930000	0.000000	5.137612
4.940000	0.000000	4.839142
4.950000	0.000000	4.763525
4.960000	0.000000	4.688158
4.970000	0.000000	4.608880
4.980000	0.000000	4.648581
4.990000	0.000000	4.476432
5.000000	0.000000	4.385285
5.010000	0.000000	4.312622
5.020000	0.000000	4.289789
5.030000	0.000000	4.199215
5.040000	0.000000	4.127450
5.050000	0.000000	4.068598
5.060000	0.000000	3.984121
5.070000	0.000000	3.913471
5.080000	0.000000	3.848627
5.090000	0.000000	3.772583
5.100000	0.000000	3.713178
5.110000	0.000000	3.651013
5.120000	0.000000	3.595857
5.130000	0.000000	3.549791
5.140000	0.000000	3.498463
5.150000	0.000000	3.451793
5.160000	0.000000	3.400751
5.170000	0.000000	3.346042
5.180000	0.000000	3.294681
5.190000	0.000000	3.244268
5.200000	0.000000	3.193245
5.210000	0.000000	3.141054
5.220000	0.000000	3.089871
5.230000	0.000000	3.039936
5.240000	0.000000	2.989810
5.250000	0.000000	2.940689
5.260000	0.000000	2.892984
5.270000	0.000000	2.845997
5.280000	0.000000	2.799058
5.290000	0.000000	2.752900
5.300000	0.000000	2.705928
5.310000	0.000000	2.659440
5.320000	0.000000	2.614055
5.330000	0.000000	2.569928
5.340000	0.000000	2.528599
5.350000	0.000000	2.488288
5.360000	0.000000	2.450623
5.370000	0.000000	2.413755
5.380000	0.000000	2.377257
5.390000	0.000000	2.342113
5.400000	0.000000	2.308041
5.410000	0.000000	2.274406
5.420000	0.000000	2.241296
5.430000	0.000000	2.208225
5.440000	0.000000	2.175225
5.450000	0.000000	2.143929
5.460000	0.000000	2.117544
5.470000	0.000000	2.078899
5.480000	0.000000	2.039270
5.490000	0.000000	2.048242
5.500000	0.000000	2.000185
5.510000	0.000000	1.949464
5.520000	0.000000	1.912844
5.530000	0.000000	1.901417
5.540000	0.000000	1.868294
5.550000	0.000000	1.821395
5.560000	0.000000	1.789461
5.570000	0.000000	1.778484
5.580000	0.000000	1.756928
5.590000	0.000000	1.698700
5.600000	0.000000	1.678528
5.610000	0.000000	1.675860
5.620000	0.000000	1.645554
5.630000	0.000000	1.662439
5.640000	0.000000	1.606354
5.650000	0.000000	1.565477
5.660000	0.000000	1.537003
5.670000	0.000000	1.526158
5.680000	0.000000	1.489850
5.690000	0.000000	1.458938
5.700000	0.000000	1.435323
5.710000	0.000000	1.412827
5.720000	0.000000	1.390330
5.730000	0.000000	1.368052
5.740000	0.000000	1.346121
5.750000	0.000000	1.327556
5.760000	0.000000	1.311713
5.770000	0.000000	1.286946
5.780000	0.000000	1.264050
5.790000	0.000000	1.241948
5.800000	0.000000	1.222448
5.810000	0.000000	1.199354
5.820000	0.000000	1.179015
5.830000	0.000000	1.158864
5.840000	0.000000	1.139971
5.850000	0.000000	1.123060
5.860000	0.000000	1.107895
5.870000	0.000000	1.091272
5.880000	0.000000	1.077354
5.890000	0.000000	1.060967
5.900000	0.000000	1.043293
5.910000	0.000000	1.029231
5.920000	0.000000	1.013731
5.930000	0.000000	0.997967
5.940000	0.000000	0.983474
5.950000	0.000000	0.970737
5.960000	0.000000	0.953522
5.970000	0.000000	0.936353
5.980000	0.000000	0.924757
5.990000	0.000000	0.910800
6.000000	0.000000	0.893595
6.010000	0.000000	0.878520
6.020000	0.000000	0.867045
6.030000	0.000000	0.853994
6.040000	0.000000	0.837476
6.050000	0.000000	0.822535
6.060000	0.000000	0.811051
6.070000	0.000000	0.797818
6.080000	0.000000	0.781900
6.090000	0.000000	0.768821
6.100000	0.000000	0.758133
6.110000	0.000000	0.748791
6.120000	0.000000	0.737730
6.130000	0.000000	0.726273
6.140000	0.000000	0.713949
6.150000	0.000000	0.702915
6.160000	0.000000	0.692009
6.170000	0.000000	0.682269
6.180000	0.000000	0.671605
6.190000	0.000000	0.661339
6.200000	0.000000	0.651303
6.210000	0.000000	0.641169
6.220000	0.000000	0.631182
6.230000	0.000000	0.621240
6.240000	0.000000	0.611456
6.250000	0.000000	0.602121
6.260000	0.000000	0.592846
6.270000	0.000000	0.583543
6.280000	0.000000	0.574316
6.290000	0.000000	0.564685
6.300000	0.000000	0.555120
6.310000	0.000000	0.545717
6.320000	0.000000	0.537621
6.330000	0.000000	0.529710
6.340000	0.000000	0.519807
6.350000	0.000000	0.511447
6.360000	0.000000	0.503907
6.370000	0.000000	0.496638
6.380000	0.000000	0.489479
6.390000	0.000000	0.483033
6.400000	0.000000	0.481247
6.410000	0.000000	0.606041
6.420000	0.000000	0.904678
6.430000	0.000000	0.961592
6.440000	0.000000	0.536439
6.450000	0.000000	0.708521
6.460000	0.000000	1.050068
6.470000	0.000000	0.926986
6.480000	0.000000	0.525866
6.490000	0.000000	1.897540
6.500000	0.000000	1.854007
6.510000	0.000000	0.800149
6.520000	0.000000	0.515413
6.530000	0.000000	0.853002
6.540000	0.000000	0.864579
6.550000	0.000000	0.576752
6.560000	0.000000	0.417471
6.570000	0.000000	0.582646
6.580000	0.000000	0.694836
6.590000	0.000000	0.472318
6.600000	0.000000	0.423986
6.610000	0.000000	0.473996
6.620000	0.000000	0.437128
6.630000	0.000000	0.355648
6.640000	0.000000	0.364271
6.650000	0.000000	0.392026
6.660000	0.000000	0.348120
6.670000	0.000000	0.341976
6.680000	0.000000	0.319069
6.690000	0.000000	0.312046
6.700000	0.000000	0.317624
6.710000	0.000000	0.304952
6.720000	0.000000	0.290189
6.730000	0.000000	0.284059
6.740000	0.000000	0.279706
6.750000	0.000000	0.275445
6.760000	0.000000	0.271234
6.770000	0.000000	0.266985
6.780000	0.000000	0.262764
6.790000	0.000000	0.258541
6.800000	0.000000	0.254325
6.810000	0.000000	0.250038
6.820000	0.000000	0.245841
6.830000	0.000000	0.241825
6.840000	0.000000	0.238088
6.850000	0.000000	0.234398
6.860000	0.000000	0.230752
6.870000	0.000000	0.227343
6.880000	0.000000	0.224059
6.890000	0.000000	0.220792
6.900000	0.000000	0.218169
6.910000	0.000000	0.215095
6.920000	0.000000	0.211121
6.930000	0.000000	0.208009
6.940000	0.000000	0.204756
6.950000	0.000000	0.201860
6.960000	0.000000	0.198621
6.970000	0.000000	0.195590
6.980000	0.000000	0.192458
6.990000	0.000000	0.189462
7.000000	0.000000	0.186631
7.010000	0.000000	0.183802
7.020000	0.000000	0.181084
7.030000	0.000000	0.178192
7.040000	0.000000	0.175329
7.050000	0.000000	0.172731
7.060000	0.000000	0.169961
7.070000	0.000000	0.167070
7.080000	0.000000	0.164307
7.090000	0.000000	0.161634
7.100000	0.000000	0.159201
7.110000	0.000000	0.156836
7.120000	0.000000	0.154347
7.130000	0.000000	0.152041
7.140000	0.000000	0.149864
7.150000	0.000000	0.147556
7.160000	0.000000	0.145408
7.170000	0.000000	0.143540
7.180000	0.000000	0.141492
7.190000	0.000000	0.146871
7.200000	0.000000	0.139968
7.210000	0.000000	0.134729
7.220000	0.000000	0.132703
7.230000	0.000000	0.130684
7.240000	0.000000	0.128697
7.250000	0.000000	0.127006
7.260000	0.000000	0.127082
7.270000	0.000000	0.127317
7.280000	0.000000	0.121401
7.290000	0.000000	0.119326
7.300000	0.000000	0.117316
7.310000	0.000000	0.115436
7.320000	0.000000	0.113419
7.330000	0.000000	0.111644
7.340000	0.000000	0.111146
7.350000	0.000000	0.110945
7.360000	0.000000	0.107739
7.370000	0.000000	0.105158
7.380000	0.000000	0.103341
7.390000	0.000000	0.101773
7.400000	0.000000	0.100296
7.410000	0.000000	0.099099
7.420000	0.000000	0.098788
7.430000	0.000000	0.098275
7.440000	0.000000	0.095629
7.450000	0.000000	0.093546
7.460000	0.000000	0.092034
7.470000	0.000000	0.090268
7.480000	0.000000	0.088967
7.490000	0.000000	0.089871
7.500000	0.000000	0.087235
7.510000	0.000000	0.088828
7.520000	0.000000	0.086322
7.530000	0.000000	0.084136
7.540000	0.000000	0.083157
7.550000	0.000000	0.081294
7.560000	0.000000	0.079005
7.570000	0.000000	0.077510
7.580000	0.000000	0.076470
7.590000	0.000000	0.075170
7.600000	0.000000	0.073786
7.610000	0.000000	0.072704
7.620000	0.000000	0.072082
7.630000	0.000000	0.071573
7.640000	0.000000	0.069383
7.650000	0.000000	0.068211
7.660000	0.000000	0.067191
7.670000	0.000000	0.066212
7.680000	0.000000	0.065263
7.690000	0.000000	0.064273
7.700000	0.000000	0.063288
7.710000	0.000000	0.062328
7.720000	0.000000	0.062002
7.730000	0.000000	0.060992
7.740000	0.000000	0.059623
7.750000	0.000000	0.058773
7.760000	0.000000	0.058078
7.770000	0.000000	0.057823
7.780000	0.000000	0.058356
7.790000	0.000000	0.058797
7.800000	0.000000	0.056590
7.810000	0.000000	0.053892
7.820000	0.000000	0.053301
7.830000	0.000000	0.052446
7.840000	0.000000	0.051045
7.850000	0.000000	0.050355
7.860000	0.000000	0.049477
7.870000	0.000000	0.048715
7.880000	0.000000	0.047947
7.890000	0.000000	0.047189
7.900000	0.000000	0.046461
7.910000	0.000000	0.045769
7.920000	0.000000	0.045110
7.930000	0.000000	0.044456
7.940000	0.000000	0.043805
7.950000	0.000000	0.043155
7.960000	0.000000	0.042521
7.970000	0.000000	0.041973
7.980000	0.000000	0.041201
7.990000	0.000000	0.040543
8.000000	0.000000	0.039931
8.010000	0.000000	0.039331
8.020000	0.000000	0.038756
8.030000	0.000000	0.038188
8.040000	0.000000	0.037622
8.050000	0.000000	0.037055
8.060000	0.000000	0.036488
8.070000	0.000000	0.035922
8.080000	0.000000	0.035356
8.090000	0.000000	0.034814
8.100000	0.000000	0.034275
8.110000	0.000000	0.033699
8.120000	0.000000	0.033204
8.130000	0.000000	0.032712
8.140000	0.000000	0.032221
8.150000	0.000000	0.031726
8.160000	0.000000	0.031519
8.170000	0.000000	0.030754
8.180000	0.000000	0.030339
8.190000	0.000000	0.029871
8.200000	0.000000	0.029425
8.210000	0.000000	0.029024
8.220000	0.000000	0.028570
8.230000	0.000000	0.028111
8.240000	0.000000	0.027675
8.250000	0.000000	0.027252
8.260000	0.000000	0.026843
8.270000	0.000000	0.026443
8.280000	0.000000	0.026060
8.290000	0.000000	0.025688
8.300000	0.000000	0.025299
8.310000	0.000000	0.024920
8.320000	0.000000	0.024532
8.330000	0.000000	0.024136
8.340000	0.000000	0.023866
8.350000	0.000000	0.023396
8.360000	0.000000	0.023024
8.370000	0.000000	0.022663
8.380000	0.000000	0.022324
8.390000	0.000000	0.022010
8.400000	0.000000	0.021682
8.410000	0.000000	0.021342
8.420000	0.000000	0.021048
8.430000	0.000000	0.020750
8.440000	0.000000	0.020383
8.450000	0.000000	0.020091
8.460000	0.000000	0.019799
8.470000	0.000000	0.019508
8.480000	0.000000	0.019219
8.490000	0.000000	0.018913
8.500000	0.000000	0.018617
8.510000	0.000000	0.018345
8.520000	0.000000	0.018068
8.530000	0.000000	0.017783
8.540000	0.000000	0.017521
8.550000	0.000000	0.017267
8.560000	0.000000	0.017013
8.570000	0.000000	0.016760
8.580000	0.000000	0.016507
8.590000	0.000000	0.016256
8.600000	0.000000	0.016006
8.610000	0.000000	0.015754
8.620000	0.000000	0.015497
8.630000	0.000000	0.015262
8.640000	0.000000	0.015039
8.650000	0.000000	0.014820
8.660000	0.000000	0.014588
8.670000	0.000000	0.014364
8.680000	0.000000	0.014145
8.690000	0.000000	0.013929
8.700000	0.000000	0.013720
8.710000	0.000000	0.013527
8.720000	0.000000	0.013328
8.730000	0.000000	0.013130
8.740000	0.000000	0.012934
8.750000	0.000000	0.012739
8.760000	0.000000	0.012543
8.770000	0.000000	0.012349
8.780000	0.000000	0.012158
8.790000	0.000000	0.011977
8.800000	0.000000	0.011804
8.810000	0.000000	0.011634
8.820000	0.000000	0.011466
8.830000	0.000000	0.011284
8.840000	0.000000	0.011113
8.850000	0.000000	0.010943
8.860000	0.000000	0.010773
8.870000	0.000000	0.010603
8.880000	0.000000	0.010438
8.890000	0.000000	0.010281
8.900000	0.000000	0.010131
8.910000	0.000000	0.009983
8.920000	0.000000	0.009836
8.930000	0.000000	0.009689
8.940000	0.000000	0.009542
8.950000	0.000000	0.009394
8.960000	0.000000	0.009250
8.970000	0.000000	0.009115
8.980000	0.000000	0.008984
8.990000	0.000000	0.008852
9.000000	0.000000	0.008714
9.010000	0.000000	0.008583
9.020000	0.000000	0.008453
9.030000	0.000000	0.008322
9.040000	0.000000	0.008192
9.050000	0.000000	0.008069
9.060000	0.000000	0.007951
9.070000	0.000000	0.007837
9.080000	0.000000	0.007724
9.090000	0.000000	0.007610
9.100000	0.000000	0.007496
9.110000	0.000000	0.007383
9.120000	0.000000	0.007269
9.130000	0.000000	0.007156
9.140000	0.000000	0.007044
9.150000	0.000000	0.006939
9.160000	0.000000	0.006835
9.170000	0.000000	0.006731
9.180000	0.000000	0.006633
9.190000	0.000000	0.006534
9.200000	0.000000	0.006435
9.210000	0.000000	0.006337
9.220000	0.000000	0.006239
9.230000	0.000000	0.006146
9.240000	0.000000	0.006057
9.250000	0.000000	0.005970
9.260000	0.000000	0.005882
9.270000	0.000000	0.005795
9.280000	0.000000	0.005707
9.290000	0.000000	0.005620
9.300000	0.000000	0.005533
9.310000	0.000000	0.005446
9.320000	0.000000	0.005366
9.330000	0.000000	0.005287
9.340000	0.000000	0.005208
9.350000	0.000000	0.005132
9.360000	0.000000	0.005056
9.370000	0.000000	0.004980
9.380000	0.000000	0.004904
9.390000	0.000000	0.004828
9.400000	0.000000	0.004754
9.410000	0.000000	0.004683
9.420000	0.000000	0.004615
9.430000	0.000000	0.004547
9.440000	0.000000	0.004481
9.450000	0.000000	0.004415
9.460000	0.000000	0.004349
9.470000	0.000000	0.004283
9.480000	0.000000	0.004217
9.490000	0.000000	0.004152
9.500000	0.000000	0.004088
9.510000	0.000000	0.004028
9.520000	0.000000	0.003970
9.530000	0.000000	0.003911
9.540000	0.000000	0.003853
9.550000	0.000000	0.003794
9.560000	0.000000	0.003736
9.570000	0.000000	0.003678
9.580000	0.000000	0.003622
9.590000	0.000000	0.003569
9.600000	0.000000	0.003518
9.610000	0.000000	0.003468
9.620000	0.000000	0.003417
9.630000	0.000000	0.003366
9.640000	0.000000	0.003315
9.650000	0.000000	0.003264
9.660000	0.000000	0.003213
9.670000	0.000000	0.003163
9.680000	0.000000	0.003117
9.690000	0.000000	0.003071
9.700000	0.000000	0.003027
9.710000	0.000000	0.002983
9.720000	0.000000	0.002938
9.730000	0.000000	0.002894
9.740000	0.000000	0.002850
9.750000	0.000000	0.002806
9.760000	0.000000	0.002764
9.770000	0.000000	0.002723
9.780000	0.000000	0.002684
9.790000	0.000000	0.002645
9.800000	0.000000	0.002606
9.810000	0.000000	0.002566
9.820000	0.000000	0.002527
9.830000	0.000000	0.002488
9.840000	0.000000	0.002447
9.850000	0.000000	0.002411
9.860000	0.000000	0.002376
9.870000	0.000000	0.002342
9.880000	0.000000	0.002308
9.890000	0.000000	0.002274
9.900000	0.000000	0.002240
9.910000	0.000000	0.002206
9.920000	0.000000	0.002172
9.930000	0.000000	0.002140
9.940000	0.000000	0.002109
9.950000	0.000000	0.002078
9.960000	0.000000	0.002048
9.970000	0.000000	0.002018
9.980000	0.000000	0.001989
9.990000	0.000000	0.001959
10.000000	0.000000	0.001929
10.010000	0.000000	0.001898
10.020000	0.000000	0.001869
10.030000	0.000000	0.001841
10.040000	0.000000	0.001814
10.050000	0.000000	0.001788
10.060000	0.000000	0.001762
10.070000	0.000000	0.001736
10.080000	0.000000	0.001709
10.090000	0.000000	0.001683
10.100000	0.000000	0.001657
10.110000	0.000000	0.001632
10.120000	0.000000	0.001608
10.130000	0.000000	0.001585
10.140000	0.000000	0.001562
10.150000	0.000000	0.001539
10.160000	0.000000	0.001516
10.170000	0.000000	0.001493
10.180000	0.000000	0.001469
10.190000	0.000000	0.001448
10.200000	0.000000	0.001427
10.210000	0.000000	0.001406
10.220000	0.000000	0.001385
10.230000	0.000000	0.001365
10.240000	0.000000	0.001346
10.250000	0.000000	0.001326
10.260000	0.000000	0.001306
10.270000	0.000000	0.001286
10.280000	0.000000	0.001266
10.290000	0.000000	0.001247
10.300000	0.000000	0.001228
10.310000	0.000000	0.001211
10.320000	0.000000	0.001193
10.330000	0.000000	0.001176
10.340000	0.000000	0.001157
10.350000	0.000000	0.001139
10.360000	0.000000	0.001122
10.370000	0.000000	0.001105
10.380000	0.000000	0.001088
10.390000	0.000000	0.001072
10.400000	0.000000	0.001057
10.410000	0.000000	0.001041
10.420000	0.000000	0.001026
10.430000	0.000000	0.001011
10.440000	0.000000	0.000996
10.450000	0.000000	0.000981
10.460000	0.000000	0.000967
10.470000	0.000000	0.000953
10.480000	0.000000	0.000939
10.490000	0.000000	0.000925
10.500000	0.000000	0.000912
10.510000	0.000000	0.000898
10.520000	0.000000	0.000884
10.530000	0.000000	0.000871
10.540000	0.000000	0.000858
10.550000	0.000000	0.000845
10.560000	0.000000	0.000832
10.570000	0.000000	0.000820
10.580000	0.000000	0.000808
10.590000	0.000000	0.000796
10.600000	0.000000	0.000784
10.610000	0.000000	0.000772
10.620000	0.000000	0.000761
10.630000	0.000000	0.000749
10.640000	0.000000	0.000738
10.650000	0.000000	0.000727
10.660000	0.000000	0.000716
10.670000	0.000000	0.000706
10.680000	0.000000	0.000695
10.690000	0.000000	0.000685
10.700000	0.000000	0.000674
10.710000	0.000000	0.000664
10.720000	0.000000	0.000655
10.730000	0.000000	0.000645
10.740000	0.000000	0.000636
10.750000	0.000000	0.000627
10.760000	0.000000	0.000618
10.770000	0.000000	0.000609
10.780000	0.000000	0.000600
10.790000	0.000000	0.000591
10.800000	0.000000	0.000582
10.810000	0.000000	0.000573
10.820000	0.000000	0.000564
10.830000	0.000000	0.000556
10.840000	0.000000	0.000547
10.850000	0.000000	0.000539
10.860000	0.000000	0.000531
10.870000	0.000000	0.000523
10.880000	0.000000	0.000516
10.890000	0.000000	0.000508
10.900000	0.000000	0.000500
10.910000	0.000000	0.000493
10.920000	0.000000	0.000485
10.930000	0.000000	0.000478
10.940000	0.000000	0.000471
10.950000	0.000000	0.000464
10.960000	0.000000	0.000458
10.970000	0.000000	0.000451
10.980000	0.000000	0.000444
10.990000	0.000000	0.000438
11.000000	0.000000	0.000432
11.010000	0.000000	0.000425
11.020000	0.000000	0.000419
11.030000	0.000000	0.000413
11.040000	0.000000	0.000407
11.050000	0.000000	0.000401
11.060000	0.000000	0.000395
11.070000	0.000000	0.000389
11.080000	0.000000	0.000383
11.090000	0.000000	0.000377
11.100000	0.000000	0.000371
11.110000	0.000000	0.000366
11.120000	0.000000	0.000361
11.130000	0.000000	0.000355
11.140000	0.000000	0.000350
11.150000	0.000000	0.000345
11.160000	0.000000	0.000340
11.170000	0.000000	0.000335
11.180000	0.000000	0.000329
11.190000	0.000000	0.000324
11.200000	0.000000	0.000320
11.210000	0.000000	0.000315
11.220000	0.000000	0.000310
11.230000	0.000000	0.000306
11.240000	0.000000	0.000301
11.250000	0.000000	0.000297
11.260000	0.000000	0.000293
11.270000	0.000000	0.000289
11.280000	0.000000	0.000285
11.290000	0.000000	0.000280
11.300000	0.000000	0.000276
11.310000	0.000000	0.000272
11.320000	0.000000	0.000268
11.330000	0.000000	0.000264
11.340000	0.000000	0.000260
11.350000	0.000000	0.000256
11.360000	0.000000	0.000252
11.370000	0.000000	0.000248
11.380000	0.000000	0.000245
11.390000	0.000000	0.000241
11.400000	0.000000	0.000238
11.410000	0.000000	0.000234
11.420000	0.000000	0.000231
11.430000	0.000000	0.000227
11.440000	0.000000	0.000224
11.450000	0.000000	0.000220
11.460000	0.000000	0.000217
11.470000	0.000000	0.000214
11.480000	0.000000	0.000211
11.490000	0.000000	0.000208
11.500000	0.000000	0.000205
11.510000	0.000000	0.000202
11.520000	0.000000	0.000199
11.530000	0.000000	0.000196
11.540000	0.000000	0.000193
11.550000	0.000000	0.000190
11.560000	0.000000	0.000188
11.570000	0.000000	0.000185
11.580000	0.000000	0.000182
11.590000	0.000000	0.000180
11.600000	0.000000	0.000177
11.610000	0.000000	0.000174
11.620000	0.000000	0.000172
11.630000	0.000000	0.000169
11.640000	0.000000	0.000166
11.650000	0.000000	0.000164
11.660000	0.000000	0.000162
11.670000	0.000000	0.000159
11.680000	0.000000	0.000157
11.690000	0.000000	0.000154
11.700000	0.000000	0.000152
11.710000	0.000000	0.000150
11.720000	0.000000	0.000147
11.730000	0.000000	0.000145
11.740000	0.000000	0.000143
11.750000	0.000000	0.000141
11.760000	0.000000	0.000139
11.770000	0.000000	0.000137
11.780000	0.000000	0.000135
11.790000	0.000000	0.000133
11.800000	0.000000	0.000131
11.810000	0.000000	0.000129
11.820000	0.000000	0.000128
11.830000	0.000000	0.000126
11.840000	0.000000	0.000124
11.850000	0.000000	0.000122
11.860000	0.000000	0.000120
11.870000	0.000000	0.000118
11.880000	0.000000	0.000117
11.890000	0.000000	0.000115
11.900000	0.000000	0.000113
11.910000	0.000000	0.000111
11.920000	0.000000	0.000110
11.930000	0.000000	0.000108
11.940000	0.000000	0.000107
11.950000	0.000000	0.000105
11.960000	0.000000	0.000103
11.970000	0.000000	0.000102
11.980000	0.000000	0.000100
11.990000	0.000000	0.000099
12.000000	0.000000	0.000097
12.010000	0.000000	0.000096
12.020000	0.000000	0.000094
12.030000	0.000000	0.000093
12.040000	0.000000	0.000092
12.050000	0.000000	0.000090
12.060000	0.000000	0.000089
12.070000	0.000000	0.000088
12.080000	0.000000	0.000087
12.090000	0.000000	0.000085
12.100000	0.000000	0.000084
12.110000	0.000000	0.000083
12.120000	0.000000	0.000082
12.130000	0.000000	0.000081
12.140000	0.000000	0.000079
12.150000	0.000000	0.000078
12.160000	0.000000	0.000077
12.170000	0.000000	0.000076
12.180000	0.000000	0.000075
12.190000	0.000000	0.000073
12.200000	0.000000	0.000072
12.210000	0.000000	0.000071
12.220000	0.000000	0.000070
12.230000	0.000000	0.000069
12.240000	0.000000	0.000068
12.250000	0.000000	0.000067
12.260000	0.000000	0.000066
12.270000	0.000000	0.000065
12.280000	0.000000	0.000064
12.290000	0.000000	0.000063
12.300000	0.000000	0.000062
12.310000	0.000000	0.000062
12.320000	0.000000	0.000061
12.330000	0.000000	0.000060
12.340000	0.000000	0.000059
12.350000	0.000000	0.000058
12.360000	0.000000	0.000057
12.370000	0.000000	0.000056
12.380000	0.000000	0.000056
12.390000	0.000000	0.000055
12.400000	0.000000	0.000054
12.410000	0.000000	0.000053
12.420000	0.000000	0.000052
12.430000	0.000000	0.000052
12.440000	0.000000	0.000051
12.450000	0.000000	0.000050
12.460000	0.000000	0.000049
12.470000	0.000000	0.000049
12.480000	0.000000	0.000048
12.490000	0.000000	0.000047
12.500000	0.000000	0.000046
12.510000	0.000000	0.000046
12.520000	0.000000	0.000045
12.530000	0.000000	0.000044
12.540000	0.000000	0.000044
12.550000	0.000000	0.000043
12.560000	0.000000	0.000042
12.570000	0.000000	0.000042
12.580000	0.000000	0.000041
12.590000	0.000000	0.000041
12.600000	0.000000	0.000040
12.610000	0.000000	0.000040
12.620000	0.000000	0.000039
12.630000	0.000000	0.000038
12.640000	0.000000	0.000038
12.650000	0.000000	0.000037
12.660000	0.000000	0.000037
12.670000	0.000000	0.000036
12.680000	0.000000	0.000036
12.690000	0.000000	0.000035
12.700000	0.000000	0.000035
12.710000	0.000000	0.000034
12.720000	0.000000	0.000034
12.730000	0.000000	0.000033
12.740000	0.000000	0.000033
12.750000	0.000000	0.000032
12.760000	0.000000	0.000032
12.770000	0.000000	0.000031
12.780000	0.000000	0.000031
12.790000	0.000000	0.000030
12.800000	0.000000	0.000030
12.810000	0.000000	0.000029
12.820000	0.000000	0.000029
12.830000	0.000000	0.000028
12.840000	0.000000	0.000028
12.850000	0.000000	0.000028
12.860000	0.000000	0.000027
12.870000	0.000000	0.000027
12.880000	0.000000	0.000027
12.890000	0.000000	0.000026
12.900000	0.000000	0.000026
12.910000	0.000000	0.000025
12.920000	0.000000	0.000025
12.930000	0.000000	0.000025
12.940000	0.000000	0.000024
12.950000	0.000000	0.000024
12.960000	0.000000	0.000024
12.970000	0.000000	0.000023
12.980000	0.000000	0.000023
12.990000	0.000000	0.000023
13.000000	0.000000	0.000022
13.010000	0.000000	0.000022
13.020000	0.000000	0.000022
13.030000	0.000000	0.000021
13.040000	0.000000	0.000021
13.050000	0.000000	0.000021
13.060000	0.000000	0.000020
13.070000	0.000000	0.000020
13.080000	0.000000	0.000020
13.090000	0.000000	0.000019
13.100000	0.000000	0.000019
13.110000	0.000000	0.000019
13.120000	0.000000	0.000019
13.130000	0.000000	0.000018
13.140000	0.000000	0.000018
13.150000	0.000000	0.000018
13.160000	0.000000	0.000018
13.170000	0.000000	0.000017
13.180000	0.000000	0.000017
13.190000	0.000000	0.000017
13.200000	0.000000	0.000017
13.210000	0.000000	0.000016
13.220000	0.000000	0.000016
13.230000	0.000000	0.000016
13.240000	0.000000	0.000016
13.250000	0.000000	0.000015
13.260000	0.000000	0.000015
13.270000	0.000000	0.000015
13.280000	0.000000	0.000015
13.290000	0.000000	0.000014
13.300000	0.000000	0.000014
13.310000	0.000000	0.000014
13.320000	0.000000	0.000014
13.330000	0.000000	0.000014
13.340000	0.000000	0.000013
13.350000	0.000000	0.000013
13.360000	0.000000	0.000013
13.370000	0.000000	0.000013
13.380000	0.000000	0.000013
13.390000	0.000000	0.000012
13.400000	0.000000	0.000012
13.410000	0.000000	0.000012
13.420000	0.000000	0.000012
13.430000	0.000000	0.000012
13.440000	0.000000	0.000012
13.450000	0.000000	0.000011
13.460000	0.000000	0.000011
13.470000	0.000000	0.000011
13.480000	0.000000	0.000011
13.490000	0.000000	0.000011
13.500000	0.000000	0.000011
13.510000	0.000000	0.000011
13.520000	0.000000	0.000010
13.530000	0.000000	0.000010
13.540000	0.000000	0.000010
13.550000	0.000000	0.000010
13.560000	0.000000	0.000010
13.570000	0.000000	0.000010
13.580000	0.000000	0.000009
13.590000	0.000000	0.000009
13.600000	0.000000	0.000009
13.610000	0.000000	0.000009
13.620000	0.000000	0.000009
13.630000	0.000000	0.000009
13.640000	0.000000	0.000009
13.650000	0.000000	0.000009
13.660000	0.000000	0.000008
13.670000	0.000000	0.000008
13.680000	0.000000	0.000008
13.690000	0.000000	0.000008
13.700000	0.000000	0.000008
13.710000	0.000000	0.000008
13.720000	0.000000	0.000008
13.730000	0.000000	0.000008
13.740000	0.000000	0.000007
13.750000	0.000000	0.000007
13.760000	0.000000	0.000007
13.770000	0.000000	0.000007
13.780000	0.000000	0.000007
13.790000	0.000000	0.000007
13.800000	0.000000	0.000007
13.810000	0.000000	0.000007
13.820000	0.000000	0.000007
13.830000	0.000000	0.000007
13.840000	0.000000	0.000006
13.850000	0.000000	0.000006
13.860000	0.000000	0.000006
13.870000	0.000000	0.000006
13.880000	0.000000	0.000006
13.890000	0.000000	0.000006
13.900000	0.000000	0.000006
13.910000	0.000000	0.000006
13.920000	0.000000	0.000006
13.930000	0.000000	0.000006
13.940000	0.000000	0.000006
13.950000	0.000000	0.000005
13.960000	0.000000	0.000005
13.970000	0.000000	0.000005
13.980000	0.000000	0.000005
13.990000	0.000000	0.000005
14.000000	0.000000	0.000005
14.010000	0.000000	0.000005
14.020000	0.000000	0.000005
14.030000	0.000000	0.000005
14.040000	0.000000	0.000005
14.050000	0.000000	0.000005
14.060000	0.000000	0.000005
14.070000	0.000000	0.000005
14.080000	0.000000	0.000005
14.090000	0.000000	0.000004
14.100000	0.000000	0.000004
14.110000	0.000000	0.000004
14.120000	0.000000	0.000004
14.130000	0.000000	0.000004
14.140000	0.000000	0.000004
14.150000	0.000000	0.000004
14.160000	0.000000	0.000004
14.170000	0.000000	0.000004
14.180000	0.000000	0.000004
14.190000	0.000000	0.000004
14.200000	0.000000	0.000004
14.210000	0.000000	0.000004
14.220000	0.000000	0.000004
14.230000	0.000000	0.000004
14.240000	0.000000	0.000004
14.250000	0.000000	0.000004
14.260000	0.000000	0.000003
14.270000	0.000000	0.000003
14.280000	0.000000	0.000003
14.290000	0.000000	0.000003
14.300000	0.000000	0.000003
14.310000	0.000000	0.000003
14.320000	0.000000	0.000003
14.330000	0.000000	0.000003
14.340000	0.000000	0.000003
14.350000	0.000000	0.000003
14.360000	0.000000	0.000003
14.370000	0.000000	0.000003
14.380000	0.000000	0.000003
14.390000	0.000000	0.000003
14.400000	0.000000	0.000003
14.410000	0.000000	0.000003
14.420000	0.000000	0.000003
14.430000	0.000000	0.000003
14.440000	0.000000	0.000003
14.450000	0.000000	0.000003
14.460000	0.000000	0.000003
14.470000	0.000000	0.000003
14.480000	0.000000	0.000003
14.490000	0.000000	0.000002
14.500000	0.000000	0.000002
14.510000	0.000000	0.000002
14.520000	0.000000	0.000002
14.530000	0.000000	0.000002
14.540000	0.000000	0.000002
14.550000	0.000000	0.000002
14.560000	0.000000	0.000002
14.570000	0.000000	0.000002
14.580000	0.000000	0.000002
14.590000	0.000000	0.000002
14.600000	0.000000	0.000002
14.610000	0.000000	0.000002
14.620000	0.000000	0.000002
14.630000	0.000000	0.000002
14.640000	0.000000	0.000002
14.650000	0.000000	0.000002
14.660000	0.000000	0.000002
14.670000	0.000000	0.000002
14.680000	0.000000	0.000002
14.690000	0.000000	0.000002
14.700000	0.000000	0.000002
14.710000	0.000000	0.000002
14.720000	0.000000	0.000002
14.730000	0.000000	0.000002
14.740000	0.000000	0.000002
14.750000	0.000000	0.000002
14.760000	0.000000	0.000002
14.770000	0.000000	0.000002
14.780000	0.000000	0.000002
14.790000	0.000000	0.000002
14.800000	0.000000	0.000002
14.810000	0.000000	0.000002
14.820000	0.000000	0.000002
14.830000	0.000000	0.000002
14.840000	0.000000	0.000001
14.850000	0.000000	0.000001
14.860000	0.000000	0.000001
14.870000	0.000000	0.000001
14.880000	0.000000	0.000001
14.890000	0.000000	0.000001
14.900000	0.000000	0.000001
14.910000	0.000000	0.000001
14.920000	0.000000	0.000001
14.930000	0.000000	0.000001
14.940000	0.000000	0.000001
14.950000	0.000000	0.000001
14.960000	0.000000	0.000001
14.970000	0.000000	0.000001
14.980000	0.000000	0.000001
14.990000	0.000000	0.000001
15.000000	0.000000	0.000001
15.010000	0.000000	0.000001
15.020000	0.000000	0.000001
15.030000	0.000000	0.000001
15.040000	0.000000	0.000001
15.050000	0.000000	0.000001
15.060000	0.000000	0.000001
15.070000	0.000000	0.000001
15.080000	0.000000	0.000001
15.090000	0.000000	0.000001
15.100000	0.000000	0.000001
15.110000	0.000000	0.000001
15.120000	0.000000	9.9e-07
15.130000	0.000000	9.8e-07
15.140000	0.000000	9.6e-07
15.150000	0.000000	9.5e-07
15.160000	0.000000	9.3e-07
15.170000	0.000000	9.2e-07
15.180000	0.000000	9.0e-07
15.190000	0.000000	8.9e-07
15.200000	0.000000	8.8e-07
15.210000	0.000000	8.6e-07
15.220000	0.000000	8.5e-07
15.230000	0.000000	8.4e-07
15.240000	0.000000	8.3e-07
15.250000	0.000000	8.2e-07
15.260000	0.000000	8.0e-07
15.270000	0.000000	7.9e-07
15.280000	0.000000	7.8e-07
15.290000	0.000000	7.7e-07
15.300000	0.000000	7.6e-07
15.310000	0.000000	7.5e-07
15.320000	0.000000	7.4e-07
15.330000	0.000000	7.3e-07
15.340000	0.000000	7.2e-07
15.350000	0.000000	7.1e-07
15.360000	0.000000	7.0e-07
15.370000	0.000000	6.9e-07
15.380000	0.000000	6.8e-07
15.390000	0.000000	6.7e-07
15.400000	0.000000	6.6e-07
15.410000	0.000000	6.5e-07
15.420000	0.000000	6.4e-07
15.430000	0.000000	6.3e-07
15.440000	0.000000	6.2e-07
15.450000	0.000000	6.1e-07
15.460000	0.000000	6.0e-07
15.470000	0.000000	5.9e-07
15.480000	0.000000	5.8e-07
15.490000	0.000000	5.7e-07
15.500000	0.000000	5.7e-07
15.510000	0.000000	5.6e-07
15.520000	0.000000	5.5e-07
15.530000	0.000000	5.4e-07
15.540000	0.000000	5.3e-07
15.550000	0.000000	5.3e-07
15.560000	0.000000	5.2e-07
15.570000	0.000000	5.1e-07
15.580000	0.000000	5.0e-07
15.590000	0.000000	5.0e-07
15.600000	0.000000	4.9e-07
15.610000	0.000000	4.8e-07
15.620000	0.000000	4.8e-07
15.630000	0.000000	4.7e-07
15.640000	0.000000	4.6e-07
15.650000	0.000000	4.6e-07
15.660000	0.000000	4.5e-07
15.670000	0.000000	4.4e-07
15.680000	0.000000	4.4e-07
15.690000	0.000000	4.3e-07
15.700000	0.000000	4.2e-07
15.710000	0.000000	4.2e-07
15.720000	0.000000	4.1e-07
15.730000	0.000000	4.0e-07
15.740000	0.000000	4.0e-07
15.750000	0.000000	3.9e-07
15.760000	0.000000	3.9e-07
15.770000	0.000000	3.8e-07
15.780000	0.000000	3.8e-07
15.790000	0.000000	3.7e-07
15.800000	0.000000	3.7e-07
15.810000	0.000000	3.6e-07
15.820000	0.000000	3.6e-07
15.830000	0.000000	3.5e-07
15.840000	0.000000	3.5e-07
15.850000	0.000000	3.4e-07
15.860000	0.000000	3.4e-07
15.870000	0.000000	3.3e-07
15.880000	0.000000	3.3e-07
15.890000	0.000000	3.2e-07
15.900000	0.000000	3.2e-07
15.910000	0.000000	3.1e-07
15.920000	0.000000	3.1e-07
15.930000	0.000000	3.0e-07
15.940000	0.000000	3.0e-07
15.950000	0.000000	3.0e-07
15.960000	0.000000	2.9e-07
15.970000	0.000000	2.9e-07
15.980000	0.000000	2.8e-07
15.990000	0.000000	2.8e-07
16.000000	0.000000	2.7e-07
16.010000	0.000000	2.7e-07
16.020000	0.000000	2.7e-07
16.030000	0.000000	2.6e-07
16.040000	0.000000	2.6e-07
16.050000	0.000000	2.5e-07
16.060000	0.000000	2.5e-07
16.070000	0.000000	2.5e-07
16.080000	0.000000	2.4e-07
16.090000	0.000000	2.4e-07
16.100000	0.000000	2.4e-07
16.110000	0.000000	2.3e-07
16.120000	0.000000	2.3e-07
16.130000	0.000000	2.3e-07
16.140000	0.000000	2.2e-07
16.150000	0.000000	2.2e-07
16.160000	0.000000	2.2e-07
16.170000	0.000000	2.1e-07
16.180000	0.000000	2.1e-07
16.190000	0.000000	2.1e-07
16.200000	0.000000	2.1e-07
16.210000	0.000000	2.0e-07
16.220000	0.000000	2.0e-07
16.230000	0.000000	2.0e-07
16.240000	0.000000	1.9e-07
16.250000	0.000000	1.9e-07
16.260000	0.000000	1.9e-07
16.270000	0.000000	1.8e-07
16.280000	0.000000	1.8e-07
16.290000	0.000000	1.8e-07
16.300000	0.000000	1.8e-07
16.310000	0.000000	1.7e-07
16.320000	0.000000	1.7e-07
16.330000	0.000000	1.7e-07
16.340000	0.000000	1.7e-07
16.350000	0.000000	1.6e-07
16.360000	0.000000	1.6e-07
16.370000	0.000000	1.6e-07
16.380000	0.000000	1.6e-07
16.390000	0.000000	1.5e-07
16.400000	0.000000	1.5e-07
16.410000	0.000000	1.5e-07
16.420000	0.000000	1.5e-07
16.430000	0.000000	1.5e-07
16.440000	0.000000	1.4e-07
16.450000	0.000000	1.4e-07
16.460000	0.000000	1.4e-07
16.470000	0.000000	1.4e-07
16.480000	0.000000	1.4e-07
16.490000	0.000000	1.3e-07
16.500000	0.000000	1.3e-07
16.510000	0.000000	1.3e-07
16.520000	0.000000	1.3e-07
16.530000	0.000000	1.3e-07
16.540000	0.000000	1.2e-07
16.550000	0.000000	1.2e-07
16.560000	0.000000	1.2e-07
16.570000	0.000000	1.2e-07
16.580000	0.000000	1.2e-07
16.590000	0.000000	1.2e-07
16.600000	0.000000	1.1e-07
16.610000	0.000000	1.1e-07
16.620000	0.000000	1.1e-07
16.630000	0.000000	1.1e-07
16.640000	0.000000	1.1e-07
16.650000	0.000000	1.1e-07
16.660000	0.000000	1.0e-07
16.670000	0.000000	1.0e-07
16.680000	0.000000	1.0e-07
16.690000	0.000000	1.0e-07
16.700000	0.000000	9.9e-08
16.710000	0.000000	9.8e-08
16.720000	0.000000	9.6e-08
16.730000	0.000000	9.5e-08
16.740000	0.000000	9.3e-08
16.750000	0.000000	9.2e-08
16.760000	0.000000	9.1e-08
16.770000	0.000000	8.9e-08
16.780000	0.000000	8.8e-08
16.790000	0.000000	8.7e-08
16.800000	0.000000	8.5e-08
16.810000	0.000000	8.4e-08
16.820000	0.000000	8.3e-08
16.830000	0.000000	8.2e-08
16.840000	0.000000	8.0e-08
16.850000	0.000000	7.9e-08
16.860000	0.000000	7.8e-08
16.870000	0.000000	7.7e-08
16.880000	0.000000	7.6e-08
16.890000	0.000000	7.5e-08
16.900000	0.000000	7.4e-08
16.910000	0.000000	7.3e-08
16.920000	0.000000	7.2e-08
16.930000	0.000000	7.1e-08
16.940000	0.000000	7.0e-08
16.950000	0.000000	6.9e-08
16.960000	0.000000	6.8e-08
16.970000	0.000000	6.7e-08
16.980000	0.000000	6.6e-08
16.990000	0.000000	6.5e-08
17.000000	0.000000	6.4e-08
17.010000	0.000000	6.3e-08
17.020000	0.000000	6.2e-08
17.030000	0.000000	6.1e-08
17.040000	0.000000	6.0e-08
17.050000	0.000000	6.0e-08
17.060000	0.000000	5.9e-08
17.070000	0.000000	5.8e-08
17.080000	0.000000	5.7e-08
17.090000	0.000000	5.6e-08
17.100000	0.000000	5.5e-08
17.110000	0.000000	5.4e-08
17.120000	0.000000	5.4e-08
17.130000	0.000000	5.3e-08
17.140000	0.000000	5.2e-08
17.150000	0.000000	5.1e-08
17.160000	0.000000	5.1e-08
17.170000	0.000000	5.0e-08
17.180000	0.000000	4.9e-08
17.190000	0.000000	4.8e-08
17.200000	0.000000	4.8e-08
17.210000	0.000000	4.7e-08
17.220000	0.000000	4.6e-08
17.230000	0.000000	4.6e-08
17.240000	0.000000	4.5e-08
17.250000	0.000000	4.4e-08
17.260000	0.000000	4.4e-08
17.270000	0.000000	4.3e-08
17.280000	0.000000	4.3e-08
17.290000	0.000000	4.2e-08
17.300000	0.000000	4.1e-08
17.310000	0.000000	4.1e-08
17.320000	0.000000	4.0e-08
17.330000	0.000000	4.0e-08
17.340000	0.000000	3.9e-08
17.350000	0.000000	3.8e-08
17.360000	0.000000	3.8e-08
17.370000	0.000000	3.7e-08
17.380000	0.000000	3.7e-08
17.390000	0.000000	3.6e-08
17.400000	0.000000	3.6e-08
17.410000	0.000000	3.5e-08
17.420000	0.000000	3.5e-08
17.430000	0.000000	3.4e-08
17.440000	0.000000	3.4e-08
17.450000	0.000000	3.3e-08
17.460000	0.000000	3.3e-08
17.470000	0.000000	3.2e-08
17.480000	0.000000	3.2e-08
17.490000	0.000000	3.1e-08
17.500000	0.000000	3.1e-08
17.510000	0.000000	3.0e-08
17.520000	0.000000	3.0e-08
17.530000	0.000000	3.0e-08
17.540000	0.000000	2.9e-08
17.550000	0.000000	2.9e-08
17.560000	0.000000	2.8e-08
17.570000	0.000000	2.8e-08
17.580000	0.000000	2.8e-08
17.590000	0.000000	2.7e-08
17.600000	0.000000	2.7e-08
17.610000	0.000000	2.6e-08
17.620000	0.000000	2.6e-08
17.630000	0.000000	2.6e-08
17.640000	0.000000	2.5e-08
17.650000	0.000000	2.5e-08
17.660000	0.000000	2.4e-08
17.670000	0.000000	2.4e-08
17.680000	0.000000	2.4e-08
17.690000	0.000000	2.3e-08
17.700000	0.000000	2.3e-08
17.710000	0.000000	2.3e-08
17.720000	0.000000	2.2e-08
17.730000	0.000000	2.2e-08
17.740000	0.000000	2.2e-08
17.750000	0.000000	2.1e-08
17.760000	0.000000	2.1e-08
17.770000	0.000000	2.1e-08
17.780000	0.000000	2.1e-08
17.790000	0.000000	2.0e-08
17.800000	0.000000	2.0e-08
17.810000	0.000000	2.0e-08
17.820000	0.000000	1.9e-08
17.830000	0.000000	1.9e-08
17.840000	0.000000	1.9e-08
17.850000	0.000000	1.9e-08
17.860000	0.000000	1.8e-08
17.870000	0.000000	1.8e-08
17.880000	0.000000	1.8e-08
17.890000	0.000000	1.8e-08
17.900000	0.000000	1.7e-08
17.910000	0.000000	1.7e-08
17.920000	0.000000	1.7e-08
17.930000	0.000000	1.7e-08
17.940000	0.000000	1.6e-08
17.950000	0.000000	1.6e-08
17.960000	0.000000	1.6e-08
17.970000	0.000000	1.6e-08
17.980000	0.000000	1.5e-08
17.990000	0.000000	1.5e-08
18.000000	0.000000	1.5e-08
18.010000	0.000000	1.5e-08
18.020000	0.000000	1.5e-08
18.030000	0.000000	1.4e-08
18.040000	0.000000	1.4e-08
18.050000	0.000000	1.4e-08
18.060000	0.000000	1.4e-08
18.070000	0.000000	1.4e-08
18.080000	0.000000	1.3e-08
18.090000	0.000000	1.3e-08
18.100000	0.000000	1.3e-08
18.110000	0.000000	1.3e-08
18.120000	0.000000	1.3e-08
18.130000	0.000000	1.2e-08
18.140000	0.000000	1.2e-08
18.150000	0.000000	1.2e-08
18.160000	0.000000	1.2e-08
18.170000	0.000000	1.2e-08
18.180000	0.000000	1.2e-08
18.190000	0.000000	1.1e-08
18.200000	0.000000	1.1e-08
18.210000	0.000000	1.1e-08
18.220000	0.000000	1.1e-08
18.230000	0.000000	1.1e-08
18.240000	0.000000	1.1e-08
18.250000	0.000000	1.0e-08
18.260000	0.000000	1.0e-08
18.270000	0.000000	1.0e-08
18.280000	0.000000	1.0e-08
18.290000	0.000000	9.8e-09
18.300000	0.000000	9.7e-09
18.310000	0.000000	9.6e-09
18.320000	0.000000	9.4e-09
18.330000	0.000000	9.3e-09
18.340000	0.000000	9.2e-09
18.350000	0.000000	9.0e-09
18.360000	0.000000	8.9e-09
18.370000	0.000000	8.8e-09
18.380000	0.000000	8.7e-09
18.390000	0.000000	8.5e-09
18.400000	0.000000	8.4e-09
18.410000	0.000000	8.3e-09
18.420000	0.000000	8.2e-09
18.430000	0.000000	8.0e-09
18.440000	0.000000	7.9e-09
18.450000	0.000000	7.8e-09
18.460000	0.000000	7.7e-09
18.470000	0.000000	7.6e-09
18.480000	0.000000	7.5e-09
18.490000	0.000000	7.3e-09
18.500000	0.000000	7.2e-09
18.510000	0.000000	7.1e-09
18.520000	0.000000	7.0e-09
18.530000	0.000000	6.9e-09
18.540000	0.000000	6.8e-09
18.550000	0.000000	6.7e-09
18.560000	0.000000	6.6e-09
18.570000	0.000000	6.6e-09
18.580000	0.000000	6.5e-09
18.590000	0.000000	6.4e-09
18.600000	0.000000	6.3e-09
18.610000	0.000000	6.2e-09
18.620000	0.000000	6.1e-09
18.630000	0.000000	6.0e-09
18.640000	0.000000	5.9e-09
18.650000	0.000000	5.9e-09
18.660000	0.000000	5.8e-09
18.670000	0.000000	5.7e-09
18.680000	0.000000	5.6e-09
18.690000	0.000000	5.5e-09
18.700000	0.000000	5.4e-09
18.710000	0.000000	5.4e-09
18.720000	0.000000	5.3e-09
18.730000	0.000000	5.2e-09
18.740000	0.000000	5.1e-09
18.750000	0.000000	5.0e-09
18.760000	0.000000	5.0e-09
18.770000	0.000000	4.9e-09
18.780000	0.000000	4.8e-09
18.790000	0.000000	4.8e-09
18.800000	0.000000	4.7e-09
18.810000	0.000000	4.6e-09
18.820000	0.000000	4.6e-09
18.830000	0.000000	4.5e-09
18.840000	0.000000	4.4e-09
18.850000	0.000000	4.4e-09
18.860000	0.000000	4.3e-09
18.870000	0.000000	4.3e-09
18.880000	0.000000	4.2e-09
18.890000	0.000000	4.1e-09
18.900000	0.000000	4.1e-09
18.910000	0.000000	4.0e-09
18.920000	0.000000	4.0e-09
18.930000	0.000000	3.9e-09
18.940000	0.000000	3.9e-09
18.950000	0.000000	3.8e-09
18.960000	0.000000	3.7e-09
18.970000	0.000000	3.7e-09
18.980000	0.000000	3.6e-09
18.990000	0.000000	3.6e-09
19.000000	0.000000	3.5e-09
19.010000	0.000000	3.5e-09
19.020000	0.000000	3.4e-09
19.030000	0.000000	3.4e-09
19.040000	0.000000	3.3e-09
19.050000	0.000000	3.3e-09
19.060000	0.000000	3.2e-09
19.070000	0.000000	3.2e-09
19.080000	0.000000	3.1e-09
19.090000	0.000000	3.1e-09
19.100000	0.000000	3.0e-09
19.110000	0.000000	3.0e-09
19.120000	0.000000	3.0e-09
19.130000	0.000000	2.9e-09
19.140000	0.000000	2.9e-09
19.150000	0.000000	2.8e-09
19.160000	0.000000	2.8e-09
19.170000	0.000000	2.8e-09
19.180000	0.000000	2.7e-09
19.190000	0.000000	2.7e-09
19.200000	0.000000	2.6e-09
19.210000	0.000000	2.6e-09
19.220000	0.000000	2.6e-09
19.230000	0.000000	2.5e-09
19.240000	0.000000	2.5e-09
19.250000	0.000000	2.5e-09
19.260000	0.000000	2.4e-09
19.270000	0.000000	2.4e-09
19.280000	0.000000	2.4e-09
19.290000	0.000000	2.3e-09
19.300000	0.000000	2.3e-09
19.310000	0.000000	2.2e-09
19.320000	0.000000	2.2e-09
19.330000	0.000000	2.2e-09
19.340000	0.000000	2.1e-09
19.350000	0.000000	2.1e-09
19.360000	0.000000	2.1e-09
19.370000	0.000000	2.1e-09
19.380000	0.000000	2.0e-09
19.390000	0.000000	2.0e-09
19.400000	0.000000	2.0e-09
19.410000	0.000000	1.9e-09
19.420000	0.000000	1.9e-09
19.430000	0.000000	1.9e-09
19.440000	0.000000	1.9e-09
19.450000	0.000000	1.8e-09
19.460000	0.000000	1.8e-09
19.470000	0.000000	1.8e-09
19.480000	0.000000	1.8e-09
19.490000	0.000000	1.7e-09
19.500000	0.000000	1.7e-09
19.510000	0.000000	1.7e-09
19.520000	0.000000	1.7e-09
19.530000	0.000000	1.6e-09
19.540000	0.000000	1.6e-09
19.550000	0.000000	1.6e-09
19.560000	0.000000	1.6e-09
19.570000	0.000000	1.5e-09
19.580000	0.000000	1.5e-09
19.590000	0.000000	1.5e-09
19.600000	0.000000	1.5e-09
19.610000	0.000000	1.5e-09
19.620000	0.000000	1.4e-09
19.630000	0.000000	1.4e-09
19.640000	0.000000	1.4e-09
19.650000	0.000000	1.4e-09
19.660000	0.000000	1.4e-09
19.670000	0.000000	1.3e-09
19.680000	0.000000	1.3e-09
19.690000	0.000000	1.3e-09
19.700000	0.000000	1.3e-09
19.710000	0.000000	1.3e-09
19.720000	0.000000	1.2e-09
19.730000	0.000000	1.2e-09
19.740000	0.000000	1.2e-09
19.750000	0.000000	1.2e-09
19.760000	0.000000	1.2e-09
19.770000	0.000000	1.2e-09
19.780000	0.000000	1.1e-09
19.790000	0.000000	1.1e-09
19.800000	0.000000	1.1e-09
19.810000	0.000000	1.1e-09
19.820000	0.000000	1.1e-09
19.830000	0.000000	1.1e-09
19.840000	0.000000	1.0e-09
19.850000	0.000000	1.0e-09
19.860000	0.000000	1.0e-09
19.870000	0.000000	1.0e-09
19.880000	0.000000	9.9e-10
19.890000	0.000000	9.7e-10
19.900000	0.000000	9.6e-10
19.910000	0.000000	9.4e-10
19.920000	0.000000	9.3e-10
19.930000	0.000000	9.2e-10
19.940000	0.000000	9.1e-10
19.950000	0.000000	8.9e-10
19.960000	0.000000	8.8e-10
19.970000	0.000000	8.7e-10
19.980000	0.000000	8.6e-10
19.990000	0.000000	8.4e-10
20.000000	0.000000	8.3e-10
20.010000	0.000000	8.2e-10
20.020000	0.000000	8.1e-10
20.030000	0.000000	8.0e-10
20.040000	0.000000	7.9e-10
20.050000	0.000000	7.8e-10
20.060000	0.000000	7.7e-10
20.070000	0.000000	7.5e-10
20.080000	0.000000	7.4e-10
20.090000	0.000000	7.3e-10
20.100000	0.000000	7.2e-10
20.110000	0.000000	7.1e-10
20.120000	0.000000	7.0e-10
20.130000	0.000000	6.9e-10
20.140000	0.000000	6.8e-10
20.150000	0.000000	6.7e-10
20.160000	0.000000	6.6e-10
20.170000	0.000000	6.5e-10
20.180000	0.000000	6.4e-10
20.190000	0.000000	6.3e-10
20.200000	0.000000	6.2e-10
20.210000	0.000000	6.1e-10
20.220000	0.000000	6.1e-10
20.230000	0.000000	6.0e-10
20.240000	0.000000	5.9e-10
20.250000	0.000000	5.8e-10
20.260000	0.000000	5.7e-10
20.270000	0.000000	5.6e-10
20.280000	0.000000	5.6e-10
20.290000	0.000000	5.5e-10
20.300000	0.000000	5.4e-10
20.310000	0.000000	5.3e-10
20.320000	0.000000	5.3e-10
20.330000	0.000000	5.2e-10
20.340000	0.000000	5.1e-10
20.350000	0.000000	5.0e-10
20.360000	0.000000	5.0e-10
20.370000	0.000000	4.9e-10
20.380000	0.000000	4.8e-10
20.390000	0.000000	4.7e-10
20.400000	0.000000	4.7e-10
20.410000	0.000000	4.6e-10
20.420000	0.000000	4.5e-10
20.430000	0.000000	4.5e-10
20.440000	0.000000	4.4e-10
20.450000	0.000000	4.3e-10
20.460000	0.000000	4.3e-10
20.470000	0.000000	4.2e-10
20.480000	0.000000	4.2e-10
20.490000	0.000000	4.1e-10
20.500000	0.000000	4.0e-10
20.510000	0.000000	4.0e-10
20.520000	0.000000	3.9e-10
20.530000	0.000000	3.9e-10
20.540000	0.000000	3.8e-10
20.550000	0.000000	3.8e-10
20.560000	0.000000	3.7e-10
20.570000	0.000000	3.7e-10
20.580000	0.000000	3.6e-10
20.590000	0.000000	3.6e-10
20.600000	0.000000	3.5e-10
20.610000	0.000000	3.5e-10
20.620000	0.000000	3.4e-10
20.630000	0.000000	3.4e-10
20.640000	0.000000	3.3e-10
20.650000	0.000000	3.3e-10
20.660000	0.000000	3.2e-10
20.670000	0.000000	3.2e-10
20.680000	0.000000	3.1e-10
20.690000	0.000000	3.1e-10
20.700000	0.000000	3.0e-10
20.710000	0.000000	3.0e-10
20.720000	0.000000	2.9e-10
20.730000	0.000000	2.9e-10
20.740000	0.000000	2.9e-10
20.750000	0.000000	2.8e-10
20.760000	0.000000	2.8e-10
20.770000	0.000000	2.7e-10
20.780000	0.000000	2.7e-10
20.790000	0.000000	2.7e-10
20.800000	0.000000	2.6e-10
20.810000	0.000000	2.6e-10
20.820000	0.000000	2.6e-10
20.830000	0.000000	2.5e-10
20.840000	0.000000	2.5e-10
20.850000	0.000000	2.4e-10
20.860000	0.000000	2.4e-10
20.870000	0.000000	2.4e-10
20.880000	0.000000	2.3e-10
20.890000	0.000000	2.3e-10
20.900000	0.000000	2.3e-10
20.910000	0.000000	2.2e-10
20.920000	0.000000	2.2e-10
20.930000	0.000000	2.2e-10
20.940000	0.000000	2.1e-10
20.950000	0.000000	2.1e-10
20.960000	0.000000	2.1e-10
20.970000	0.000000	2.1e-10
20.980000	0.000000	2.0e-10
20.990000	0.000000	2.0e-10
21.000000	0.000000	2.0e-10
21.010000	0.000000	1.9e-10
21.020000	0.000000	1.9e-10
21.030000	0.000000	1.9e-10
21.040000	0.000000	1.9e-10
21.050000	0.000000	1.8e-10
21.060000	0.000000	1.8e-10
21.070000	0.000000	1.8e-10
21.080000	0.000000	1.8e-10
21.090000	0.000000	1.7e-10
21.100000	0.000000	1.7e-10
21.110000	0.000000	1.7e-10
21.120000	0.000000	1.7e-10
21.130000	0.000000	1.6e-10
21.140000	0.000000	1.6e-10
21.150000	0.000000	1.6e-10
21.160000	0.000000	1.6e-10
21.170000	0.000000	1.5e-10
21.180000	0.000000	1.5e-10
21.190000	0.000000	1.5e-10
21.200000	0.000000	1.5e-10
21.210000	0.000000	1.5e-10
21.220000	0.000000	1.4e-10
21.230000	0.000000	1.4e-10
21.240000	0.000000	1.4e-10
21.250000	0.000000	1.4e-10
21.260000	0.000000	1.4e-10
21.270000	0.000000	1.3e-10
21.280000	0.000000	1.3e-10
21.290000	0.000000	1.3e-10
21.300000	0.000000	1.3e-10
21.310000	0.000000	1.3e-10
21.320000	0.000000	1.2e-10
21.330000	0.000000	1.2e-10
21.340000	0.000000	1.2e-10
21.350000	0.000000	1.2e-10
21.360000	0.000000	1.2e-10
21.370000	0.000000	1.2e-10
21.380000	0.000000	1.1e-10
21.390000	0.000000	1.1e-10
21.400000	0.000000	1.1e-10
21.410000	0.000000	1.1e-10
21.420000	0.000000	1.1e-10
21.430000	0.000000	1.1e-10
21.440000	0.000000	1.0e-10
21.450000	0.000000	1.0e-10
21.460000	0.000000	1.0e-10
21.470000	0.000000	1.0e-10
21.480000	0.000000	9.9e-11
21.490000	0.000000	9.8e-11
21.500000	0.000000	9.6e-11
21.510000	0.000000	9.5e-11
21.520000	0.000000	9.3e-11
21.530000	0.000000	9.2e-11
21.540000	0.000000	9.0e-11
21.550000	0.000000	8.9e-11
21.560000	0.000000	8.8e-11
21.570000	0.000000	8.7e-11
21.580000	0.000000	8.5e-11
21.590000	0.000000	8.4e-11
21.600000	0.000000	8.3e-11
21.610000	0.000000	8.2e-11
21.620000	0.000000	8.1e-11
21.630000	0.000000	8.0e-11
21.640000	0.000000	7.9e-11
21.650000	0.000000	7.7e-11
21.660000	0.000000	7.6e-11
21.670000	0.000000	7.5e-11
21.680000	0.000000	7.4e-11
21.690000	0.000000	7.3e-11
21.700000	0.000000	7.2e-11
21.710000	0.000000	7.1e-11
21.720000	0.000000	7.0e-11
21.730000	0.000000	6.9e-11
21.740000	0.000000	6.8e-11
21.750000	0.000000	6.7e-11
21.760000	0.000000	6.6e-11
21.770000	0.000000	6.5e-11
21.780000	0.000000	6.4e-11
21.790000	0.000000	6.3e-11
21.800000	0.000000	6.2e-11
21.810000	0.000000	6.1e-11
21.820000	0.000000	6.0e-11
21.830000	0.000000	6.0e-11
21.840000	0.000000	5.9e-11
21.850000	0.000000	5.8e-11
21.860000	0.000000	5.7e-11
21.870000	0.000000	5.6e-11
21.880000	0.000000	5.6e-11
21.890000	0.000000	5.5e-11
21.900000	0.000000	5.4e-11
21.910000	0.000000	5.3e-11
21.920000	0.000000	5.3e-11
21.930000	0.000000	5.2e-11
21.940000	0.000000	5.1e-11
21.950000	0.000000	5.0e-11
21.960000	0.000000	5.0e-11
21.970000	0.000000	4.9e-11
21.980000	0.000000	4.8e-11
21.990000	0.000000	4.8e-11
22.000000	0.000000	4.7e-11
22.010000	0.000000	4.6e-11
22.020000	0.000000	4.6e-11
22.030000	0.000000	4.5e-11
22.040000	0.000000	4.4e-11
22.050000	0.000000	4.4e-11
22.060000	0.000000	4.3e-11
22.070000	0.000000	4.2e-11
22.080000	0.000000	4.2e-11
22.090000	0.000000	4.1e-11
22.100000	0.000000	4.0e-11
22.110000	0.000000	4.0e-11
22.120000	0.000000	3.9e-11
22.130000	0.000000	3.9e-11
22.140000	0.000000	3.8e-11
22.150000	0.000000	3.8e-11
22.160000	0.000000	3.7e-11
22.170000	0.000000	3.7e-11
22.180000	0.000000	3.6e-11
22.190000	0.000000	3.6e-11
22.200000	0.000000	3.5e-11
22.210000	0.000000	3.5e-11
22.220000	0.000000	3.4e-11
22.230000	0.000000	3.4e-11
22.240000	0.000000	3.3e-11
22.250000	0.000000	3.3e-11
22.260000	0.000000	3.2e-11
22.270000	0.000000	3.2e-11
22.280000	0.000000	3.1e-11
22.290000	0.000000	3.1e-11
22.300000	0.000000	3.0e-11
22.310000	0.000000	3.0e-11
22.320000	0.000000	3.0e-11
22.330000	0.000000	2.9e-11
22.340000	0.000000	2.9e-11
22.350000	0.000000	2.8e-11
22.360000	0.000000	2.8e-11
22.370000	0.000000	2.7e-11
22.380000	0.000000	2.7e-11
22.390000	0.000000	2.7e-11
22.400000	0.000000	2.6e-11
22.410000	0.000000	2.6e-11
22.420000	0.000000	2.6e-11
22.430000	0.000000	2.5e-11
22.440000	0.000000	2.5e-11
22.450000	0.000000	2.5e-11
22.460000	0.000000	2.4e-11
22.470000	0.000000	2.4e-11
22.480000	0.000000	2.4e-11
22.490000	0.000000	2.3e-11
22.500000	0.000000	2.3e-11
22.510000	0.000000	2.3e-11
22.520000	0.000000	2.2e-11
22.530000	0.000000	2.2e-11
22.540000	0.000000	2.2e-11
22.550000	0.000000	2.1e-11
22.560000	0.000000	2.1e-11
22.570000	0.000000	2.1e-11
22.580000	0.000000	2.0e-11
22.590000	0.000000	2.0e-11
22.600000	0.000000	2.0e-11
22.610000	0.000000	2.0e-11
22.620000	0.000000	1.9e-11
22.630000	0.000000	1.9e-11
22.640000	0.000000	1.9e-11
22.650000	0.000000	1.8e-11
22.660000	0.000000	1.8e-11
22.670000	0.000000	1.8e-11
22.680000	0.000000	1.8e-11
22.690000	0.000000	1.7e-11
22.700000	0.000000	1.7e-11
22.710000	0.000000	1.7e-11
22.720000	0.000000	1.7e-11
22.730000	0.000000	1.6e-11
22.740000	0.000000	1.6e-11
22.750000	0.000000	1.6e-11
22.760000	0.000000	1.6e-11
22.770000	0.000000	1.6e-11
22.780000	0.000000	1.5e-11
22.790000	0.000000	1.5e-11
22.800000	0.000000	1.5e-11
22.810000	0.000000	1.5e-11
22.820000	0.000000	1.5e-11
22.830000	0.000000	1.4e-11
22.840000	0.000000	1.4e-11
22.850000	0.000000	1.4e-11
22.860000	0.000000	1.4e-11
22.870000	0.000000	1.3e-11
22.880000	0.000000	1.3e-11
22.890000	0.000000	1.3e-11
22.900000	0.000000	1.3e-11
22.910000	0.000000	1.3e-11
22.920000	0.000000	1.2e-11
22.930000	0.000000	1.1e-11
22.940000	0.000000	1.1e-11
22.950000	0.000000	1.1e-11
22.960000	0.000000	1.1e-11
22.970000	0.000000	1.1e-11
22.980000	0.000000	1.1e-11
22.990000	0.000000	1.1e-11
23.000000	0.000000	1.0e-11
23.010000	0.000000	1.0e-11
23.020000	0.000000	1.0e-11
23.030000	0.000000	1.0e-11
23.040000	0.000000	9.9e-12
23.050000	0.000000	9.8e-12
23.060000	0.000000	9.7e-12
23.070000	0.000000	9.5e-12
23.080000	0.000000	9.4e-12
23.090000	0.000000	9.3e-12
23.100000	0.000000	9.1e-12
23.110000	0.000000	9.0e-12
23.120000	0.000000	8.8e-12
23.130000	0.000000	8.7e-12
23.140000	0.000000	8.6e-12
23.150000	0.000000	8.4e-12
23.160000	0.000000	8.3e-12
23.170000	0.000000	8.2e-12
23.180000	0.000000	8.0e-12
23.190000	0.000000	7.9e-12
23.200000	0.000000	7.8e-12
23.210000	0.000000	7.7e-12
23.220000	0.000000	7.6e-12
23.230000	0.000000	7.5e-12
23.240000	0.000000	7.4e-12
23.250000	0.000000	7.3e-12
23.260000	0.000000	7.2e-12
23.270000	0.000000	7.1e-12
23.280000	0.000000	7.0e-12
23.290000	0.000000	6.9e-12
23.300000	0.000000	6.8e-12
23.310000	0.000000	6.7e-12
23.320000	0.000000	6.6e-12
23.330000	0.000000	6.6e-12
23.340000	0.000000	6.5e-12
23.350000	0.000000	6.4e-12
23.360000	0.000000	6.3e-12
23.370000	0.000000	6.2e-12
23.380000	0.000000	6.1e-12
23.390000	0.000000	6.0e-12
23.400000	0.000000	5.9e-12
23.410000	0.000000	5.8e-12
23.420000	0.000000	5.7e-12
23.430000	0.000000	5.7e-12
23.440000	0.000000	5.6e-12
23.450000	0.000000	5.5e-12
23.460000	0.000000	5.4e-12
23.470000	0.000000	5.3e-12
23.480000	0.000000	5.2e-12
23.490000	0.000000	5.1e-12
23.500000	0.000000	5.1e-12
23.510000	0.000000	5.0e-12
23.520000	0.000000	4.9e-12
23.530000	0.000000	4.9e-12
23.540000	0.000000	4.8e-12
23.550000	0.000000	4.7e-12
23.560000	0.000000	4.7e-12
23.570000	0.000000	4.6e-12
23.580000	0.000000	4.6e-12
23.590000	0.000000	4.5e-12
23.600000	0.000000	4.4e-12
23.610000	0.000000	4.4e-12
23.620000	0.000000	4.3e-12
23.630000	0.000000	4.3e-12
23.640000	0.000000	4.2e-12
23.650000	0.000000	4.1e-12
23.660000	0.000000	4.1e-12
23.670000	0.000000	4.0e-12
23.680000	0.000000	4.0e-12
23.690000	0.000000	3.9e-12
23.700000	0.000000	3.8e-12
23.710000	0.000000	3.8e-12
23.720000	0.000000	3.7e-12
23.730000	0.000000	3.7e-12
23.740000	0.000000	3.6e-12
23.750000	0.000000	3.5e-12
23.760000	0.000000	3.5e-12
23.770000	0.000000	3.4e-12
23.780000	0.000000	3.4e-12
23.790000	0.000000	3.3e-12
23.800000	0.000000	3.3e-12
23.810000	0.000000	3.3e-12
23.820000	0.000000	3.2e-12
23.830000	0.000000	3.2e-12
23.840000	0.000000	3.1e-12
23.850000	0.000000	3.1e-12
23.860000	0.000000	3.1e-12
23.870000	0.000000	3.0e-12
23.880000	0.000000	3.0e-12
23.890000	0.000000	2.9e-12
23.900000	0.000000	2.9e-12
23.910000	0.000000	2.9e-12
23.920000	0.000000	2.8e-12
23.930000	0.000000	2.8e-12
23.940000	0.000000	2.7e-12
23.950000	0.000000	2.7e-12
23.960000	0.000000	2.7e-12
23.970000	0.000000	2.6e-12
23.980000	0.000000	2.6e-12
23.990000	0.000000	2.5e-12
24.000000	0.000000	2.5e-12
24.010000	0.000000	2.5e-12
24.020000	0.000000	2.4e-12
24.030000	0.000000	2.4e-12
24.040000	0.000000	2.3e-12
24.050000	0.000000	2.3e-12
24.060000	0.000000	2.3e-12
24.070000	0.000000	2.2e-12
24.080000	0.000000	2.2e-12
24.090000	0.000000	2.2e-12
24.100000	0.000000	2.2e-12
24.110000	0.000000	2.1e-12
24.120000	0.000000	2.1e-12
24.130000	0.000000	2.1e-12
24.140000	0.000000	2.0e-12
24.150000	0.000000	2.0e-12
24.160000	0.000000	2.0e-12
24.170000	0.000000	2.0e-12
24.180000	0.000000	1.9e-12
24.190000	0.000000	1.9e-12
24.200000	0.000000	1.9e-12
24.210000	0.000000	1.9e-12
24.220000	0.000000	1.8e-12
24.230000	0.000000	1.8e-12
24.240000	0.000000	1.8e-12
24.250000	0.000000	1.8e-12
24.260000	0.000000	1.7e-12
24.270000	0.000000	1.7e-12
24.280000	0.000000	1.7e-12
24.290000	0.000000	1.6e-12
24.300000	0.000000	1.6e-12
24.310000	0.000000	1.6e-12
24.320000	0.000000	1.6e-12
24.330000	0.000000	1.5e-12
24.340000	0.000000	1.5e-12
24.350000	0.000000	1.5e-12
24.360000	0.000000	1.5e-12
24.370000	0.000000	1.5e-12
24.380000	0.000000	1.4e-12
24.390000	0.000000	1.4e-12
24.400000	0.000000	1.4e-12
24.410000	0.000000	1.4e-12
24.420000	0.000000	1.4e-12
24.430000	0.000000	1.4e-12
24.440000	0.000000	1.3e-12
24.450000	0.000000	1.3e-12
24.460000	0.000000	1.3e-12
24.470000	0.000000	1.3e-12
24.480000	0.000000	1.3e-12
24.490000	0.000000	1.2e-12
24.500000	0.000000	1.2e-12
24.510000	0.000000	1.2e-12
24.520000	0.000000	1.2e-12
24.530000	0.000000	1.2e-12
24.540000	0.000000	1.2e-12
24.550000	0.000000	1.1e-12
24.560000	0.000000	1.1e-12
24.570000	0.000000	1.1e-12
24.580000	0.000000	1.1e-12
24.590000	0.000000	1.1e-12
24.600000	0.000000	1.0e-12
24.610000	0.000000	1.0e-12
24.620000	0.000000	1.0e-12
24.630000	0.000000	1.0e-12
24.640000	0.000000	9.9e-13
24.650000	0.000000	9.8e-13
24.660000	0.000000	9.7e-13
24.670000	0.000000	9.6e-13
24.680000	0.000000	9.4e-13
24.690000	0.000000	9.3e-13
24.700000	0.000000	9.2e-13
24.710000	0.000000	9.1e-13
24.720000	0.000000	9.0e-13
24.730000	0.000000	8.8e-13
24.740000	0.000000	8.7e-13
24.750000	0.000000	8.6e-13
24.760000	0.000000	8.5e-13
24.770000	0.000000	8.4e-13
24.780000	0.000000	8.2e-13
24.790000	0.000000	8.1e-13
24.800000	0.000000	8.0e-13
24.810000	0.000000	7.9e-13
24.820000	0.000000	7.7e-13
24.830000	0.000000	7.6e-13
24.840000	0.000000	7.5e-13
24.850000	0.000000	7.4e-13
24.860000	0.000000	7.3e-13
24.870000	0.000000	7.1e-13
24.880000	0.000000	7.0e-13
24.890000	0.000000	6.9e-13
24.900000	0.000000	6.8e-13
24.910000	0.000000	6.7e-13
24.920000	0.000000	6.7e-13
24.930000	0.000000	6.6e-13
24.940000	0.000000	6.5e-13
24.950000	0.000000	6.4e-13
24.960000	0.000000	6.3e-13
24.970000	0.000000	6.2e-13
24.980000	0.000000	6.2e-13
24.990000	0.000000	6.1e-13
25.000000	0.000000	6.0e-13
25.010000	0.000000	5.9e-13
25.020000	0.000000	5.8e-13
25.030000	0.000000	5.8e-13
25.040000	0.000000	5.7e-13
25.050000	0.000000	5.6e-13
25.060000	0.000000	5.5e-13
25.070000	0.000000	5.4e-13
25.080000	0.000000	5.4e-13
25.090000	0.000000	5.3e-13
25.100000	0.000000	5.2e-13
25.110000	0.000000	5.1e-13
25.120000	0.000000	5.0e-13
25.130000	0.000000	4.9e-13
25.140000	0.000000	4.9e-13
25.150000	0.000000	4.8e-13
25.160000	0.000000	4.7e-13
25.170000	0.000000	4.6e-13
25.180000	0.000000	4.6e-13
25.190000	0.000000	4.5e-13
25.200000	0.000000	4.5e-13
25.210000	0.000000	4.4e-13
25.220000	0.000000	4.3e-13
25.230000	0.000000	4.3e-13
25.240000	0.000000	4.2e-13
25.250000	0.000000	4.2e-13
25.260000	0.000000	4.1e-13
25.270000	0.000000	4.1e-13
25.280000	0.000000	4.0e-13
25.290000	0.000000	4.0e-13
25.300000	0.000000	3.9e-13
25.310000	0.000000	3.9e-13
25.320000	0.000000	3.8e-13
25.330000	0.000000	3.8e-13
25.340000	0.000000	3.7e-13
25.350000	0.000000	3.6e-13
25.360000	0.000000	3.6e-13
25.370000	0.000000	3.5e-13
25.380000	0.000000	3.5e-13
25.390000	0.000000	3.4e-13
25.400000	0.000000	3.4e-13
25.410000	0.000000	3.3e-13
25.420000	0.000000	3.3e-13
25.430000	0.000000	3.2e-13
25.440000	0.000000	3.2e-13
25.450000	0.000000	3.1e-13
25.460000	0.000000	3.1e-13
25.470000	0.000000	3.0e-13
25.480000	0.000000	3.0e-13
25.490000	0.000000	2.9e-13
25.500000	0.000000	2.9e-13
25.510000	0.000000	2.9e-13
25.520000	0.000000	2.8e-13
25.530000	0.000000	2.8e-13
25.540000	0.000000	2.8e-13
25.550000	0.000000	2.7e-13
25.560000	0.000000	2.7e-13
25.570000	0.000000	2.7e-13
25.580000	0.000000	2.6e-13
25.590000	0.000000	2.6e-13
25.600000	0.000000	2.6e-13
25.610000	0.000000	2.5e-13
25.620000	0.000000	2.5e-13
25.630000	0.000000	2.4e-13
25.640000	0.000000	2.4e-13
25.650000	0.000000	2.4e-13
25.660000	0.000000	2.3e-13
25.670000	0.000000	2.3e-13
25.680000	0.000000	2.3e-13
25.690000	0.000000	2.2e-13
25.700000	0.000000	2.2e-13
25.710000	0.000000	2.2e-13
25.720000	0.000000	2.1e-13
25.730000	0.000000	2.1e-13
25.740000	0.000000	2.1e-13
25.750000	0.000000	2.0e-13
25.760000	0.000000	2.0e-13
25.770000	0.000000	2.0e-13
25.780000	0.000000	2.0e-13
25.790000	0.000000	1.9e-13
25.800000	0.000000	1.9e-13
25.810000	0.000000	1.9e-13
25.820000	0.000000	1.9e-13
25.830000	0.000000	1.8e-13
25.840000	0.000000	1.8e-13
25.850000	0.000000	1.8e-13
25.860000	0.000000	1.8e-13
25.870000	0.000000	1.7e-13
25.880000	0.000000	1.7e-13
25.890000	0.000000	1.7e-13
25.900000	0.000000	1.7e-13
25.910000	0.000000	1.6e-13
25.920000	0.000000	1.6e-13
25.930000	0.000000	1.6e-13
25.940000	0.000000	1.6e-13
25.950000	0.000000	1.5e-13
25.960000	0.000000	1.5e-13
25.970000	0.000000	1.5e-13
25.980000	0.000000	1.5e-13
25.990000	0.000000	1.4e-13
26.000000	0.000000	1.4e-13
26.010000	0.000000	1.4e-13
26.020000	0.000000	1.4e-13
26.030000	0.000000	1.4e-13
26.040000	0.000000	1.3e-13
26.050000	0.000000	1.3e-13
26.060000	0.000000	1.3e-13
26.070000	0.000000	1.3e-13
26.080000	0.000000	1.3e-13
26.090000	0.000000	1.3e-13
26.100000	0.000000	1.2e-13
26.110000	0.000000	1.2e-13
26.120000	0.000000	1.2e-13
26.130000	0.000000	1.2e-13
26.140000	0.000000	1.2e-13
26.150000	0.000000	1.2e-13
26.160000	0.000000	1.1e-13
26.170000	0.000000	1.1e-13
26.180000	0.000000	1.1e-13
26.190000	0.000000	1.1e-13
26.200000	0.000000	1.1e-13
26.210000	0.000000	1.1e-13
26.220000	0.000000	1.0e-13
26.230000	0.000000	1.0e-13
26.240000	0.000000	1.0e-13
26.250000	0.000000	1.0e-13
26.260000	0.000000	9.8e-14
26.270000	0.000000	9.7e-14
26.280000	0.000000	9.5e-14
26.290000	0.000000	9.4e-14
26.300000	0.000000	9.2e-14
26.310000	0.000000	9.1e-14
26.320000	0.000000	9.0e-14
26.330000	0.000000	8.9e-14
26.340000	0.000000	8.8e-14
26.350000	0.000000	8.7e-14
26.360000	0.000000	8.6e-14
26.370000	0.000000	8.5e-14
26.380000	0.000000	8.3e-14
26.390000	0.000000	8.2e-14
26.400000	0.000000	8.1e-14
26.410000	0.000000	8.0e-14
26.420000	0.000000	7.9e-14
26.430000	0.000000	7.8e-14
26.440000	0.000000	7.7e-14
26.450000	0.000000	7.6e-14
26.460000	0.000000	7.5e-14
26.470000	0.000000	7.4e-14
26.480000	0.000000	7.3e-14
26.490000	0.000000	7.1e-14
26.500000	0.000000	7.0e-14
26.510000	0.000000	6.9e-14
26.520000	0.000000	6.8e-14
26.530000	0.000000	6.7e-14
26.540000	0.000000	6.6e-14
26.550000	0.000000	6.5e-14
26.560000	0.000000	6.4e-14
26.570000	0.000000	6.3e-14
26.580000	0.000000	6.2e-14
26.590000	0.000000	6.1e-14
26.600000	0.000000	6.0e-14
26.610000	0.000000	6.0e-14
26.620000	0.000000	5.9e-14
26.630000	0.000000	5.8e-14
26.640000	0.000000	5.7e-14
26.650000	0.000000	5.7e-14
26.660000	0.000000	5.6e-14
26.670000	0.000000	5.5e-14
26.680000	0.000000	5.5e-14
26.690000	0.000000	5.4e-14
26.700000	0.000000	5.3e-14
26.710000	0.000000	5.2e-14
26.720000	0.000000	5.2e-14
26.730000	0.000000	5.1e-14
26.740000	0.000000	5.0e-14
26.750000	0.000000	4.9e-14
26.760000	0.000000	4.9e-14
26.770000	0.000000	4.8e-14
26.780000	0.000000	4.7e-14
26.790000	0.000000	4.6e-14
26.800000	0.000000	4.6e-14
26.810000	0.000000	4.5e-14
26.820000	0.000000	4.4e-14
26.830000	0.000000	4.4e-14
26.840000	0.000000	4.3e-14
26.850000	0.000000	4.2e-14
26.860000	0.000000	4.2e-14
26.870000	0.000000	4.1e-14
26.880000	0.000000	4.0e-14
26.890000	0.000000	4.0e-14
26.900000	0.000000	4.0e-14
26.910000	0.000000	3.9e-14
26.920000	0.000000	3.9e-14
26.930000	0.000000	3.8e-14
26.940000	0.000000	3.8e-14
26.950000	0.000000	3.7e-14
26.960000	0.000000	3.7e-14
26.970000	0.000000	3.6e-14
26.980000	0.000000	3.6e-14
26.990000	0.000000	3.5e-14
27.000000	0.000000	3.5e-14
27.010000	0.000000	3.4e-14
27.020000	0.000000	3.4e-14
27.030000	0.000000	3.3e-14
27.040000	0.000000	3.3e-14
27.050000	0.000000	3.2e-14
27.060000	0.000000	3.2e-14
27.070000	0.000000	3.1e-14
27.080000	0.000000	3.1e-14
27.090000	0.000000	3.0e-14
27.100000	0.000000	3.0e-14
27.110000	0.000000	2.9e-14
27.120000	0.000000	2.9e-14
27.130000	0.000000	2.8e-14
27.140000	0.000000	2.8e-14
27.150000	0.000000	2.7e-14
27.160000	0.000000	2.7e-14
27.170000	0.000000	2.7e-14
27.180000	0.000000	2.7e-14
27.190000	0.000000	2.6e-14
27.200000	0.000000	2.6e-14
27.210000	0.000000	2.6e-14
27.220000	0.000000	2.5e-14
27.230000	0.000000	2.5e-14
27.240000	0.000000	2.5e-14
27.250000	0.000000	2.4e-14
27.260000	0.000000	2.4e-14
27.270000	0.000000	2.4e-14
27.280000	0.000000	2.3e-14
27.290000	0.000000	2.3e-14
27.300000	0.000000	2.3e-14
27.310000	0.000000	2.2e-14
27.320000	0.000000	2.2e-14
27.330000	0.000000	2.2e-14
27.340000	0.000000	2.1e-14
27.350000	0.000000	2.1e-14
27.360000	0.000000	2.1e-14
27.370000	0.000000	2.0e-14
27.380000	0.000000	2.0e-14
27.390000	0.000000	2.0e-14
27.400000	0.000000	1.9e-14
27.410000	0.000000	1.9e-14
27.420000	0.000000	1.9e-14
27.430000	0.000000	1.8e-14
27.440000	0.000000	1.8e-14
27.450000	0.000000	1.8e-14
27.460000	0.000000	1.8e-14
27.470000	0.000000	1.8e-14
27.480000	0.000000	1.7e-14
27.490000	0.000000	1.7e-14
27.500000	0.000000	1.7e-14
27.510000	0.000000	1.7e-14
27.520000	0.000000	1.6e-14
27.530000	0.000000	1.6e-14
27.540000	0.000000	1.6e-14
27.550000	0.000000	1.6e-14
27.560000	0.000000	1.6e-14
27.570000	0.000000	1.5e-14
27.580000	0.000000	1.5e-14
27.590000	0.000000	1.5e-14
27.600000	0.000000	1.5e-14
27.610000	0.000000	1.4e-14
27.620000	0.000000	1.4e-14
27.630000	0.000000	1.4e-14
27.640000	0.000000	1.4e-14
27.650000	0.000000	1.4e-14
27.660000	0.000000	1.3e-14
27.670000	0.000000	1.3e-14
27.680000	0.000000	1.3e-14
27.690000	0.000000	1.3e-14
27.700000	0.000000	1.3e-14
27.710000	0.000000	1.2e-14
27.720000	0.000000	1.2e-14
27.730000	0.000000	1.2e-14
27.740000	0.000000	1.2e-14
27.750000	0.000000	1.2e-14
27.760000	0.000000	1.2e-14
27.770000	0.000000	1.1e-14
27.780000	0.000000	1.1e-14
27.790000	0.000000	1.1e-14
27.800000	0.000000	1.1e-14
27.810000	0.000000	1.1e-14
27.820000	0.000000	1.1e-14
27.830000	0.000000	1.1e-14
27.840000	0.000000	1.0e-14
27.850000	0.000000	1.0e-14
27.860000	0.000000	1.0e-14
27.870000	0.000000	1.0e-14
27.880000	0.000000	9.9e-15
27.890000	0.000000	9.7e-15
27.900000	0.000000	9.6e-15
27.910000	0.000000	9.4e-15
27.920000	0.000000	9.3e-15
27.930000	0.000000	9.1e-15
27.940000	0.000000	9.0e-15
27.950000	0.000000	8.8e-15
27.960000	0.000000	8.7e-15
27.970000	0.000000	8.5e-15
27.980000	0.000000	8.4e-15
27.990000	0.000000	8.3e-15
28.000000	0.000000	8.2e-15
28.010000	0.000000	8.1e-15
28.020000	0.000000	8.0e-15
28.030000	0.000000	7.9e-15
28.040000	0.000000	7.8e-15
28.050000	0.000000	7.7e-15
28.060000	0.000000	7.6e-15
28.070000	0.000000	7.5e-15
28.080000	0.000000	7.4e-15
28.090000	0.000000	7.3e-15
28.100000	0.000000	7.2e-15
28.110000	0.000000	7.1e-15
28.120000	0.000000	7.0e-15
28.130000	0.000000	6.9e-15
28.140000	0.000000	6.8e-15
28.150000	0.000000	6.7e-15
28.160000	0.000000	6.6e-15
28.170000	0.000000	6.5e-15
28.180000	0.000000	6.4e-15
28.190000	0.000000	6.3e-15
28.200000	0.000000	6.2e-15
28.210000	0.000000	6.1e-15
28.220000	0.000000	6.0e-15
28.230000	0.000000	5.9e-15
28.240000	0.000000	5.8e-15
28.250000	0.000000	5.7e-15
28.260000	0.000000	5.7e-15
28.270000	0.000000	5.6e-15
28.280000	0.000000	5.5e-15
28.290000	0.000000	5.4e-15
28.300000	0.000000	5.4e-15
28.310000	0.000000	5.3e-15
28.320000	0.000000	5.2e-15
28.330000	0.000000	5.2e-15
28.340000	0.000000	5.1e-15
28.350000	0.000000	5.0e-15
28.360000	0.000000	5.0e-15
28.370000	0.000000	4.9e-15
28.380000	0.000000	4.8e-15
28.390000	0.000000	4.8e-15
28.400000	0.000000	4.7e-15
28.410000	0.000000	4.6e-15
28.420000	0.000000	4.6e-15
28.430000	0.000000	4.5e-15
28.440000	0.000000	4.4e-15
28.450000	0.000000	4.4e-15
28.460000	0.000000	4.3e-15
28.470000	0.000000	4.2e-15
28.480000	0.000000	4.2e-15
28.490000	0.000000	4.1e-15
28.500000	0.000000	4.1e-15
28.510000	0.000000	4.0e-15
28.520000	0.000000	3.9e-15
28.530000	0.000000	3.9e-15
28.540000	0.000000	3.8e-15
28.550000	0.000000	3.7e-15
28.560000	0.000000	3.7e-15
28.570000	0.000000	3.7e-15
28.580000	0.000000	3.6e-15
28.590000	0.000000	3.6e-15
28.600000	0.000000	3.5e-15
28.610000	0.000000	3.5e-15
28.620000	0.000000	3.4e-15
28.630000	0.000000	3.4e-15
28.640000	0.000000	3.3e-15
28.650000	0.000000	3.3e-15
28.660000	0.000000	3.3e-15
28.670000	0.000000	3.2e-15
28.680000	0.000000	3.2e-15
28.690000	0.000000	3.1e-15
28.700000	0.000000	3.1e-15
28.710000	0.000000	3.0e-15
28.720000	0.000000	3.0e-15
28.730000	0.000000	2.9e-15
28.740000	0.000000	2.9e-15
28.750000	0.000000	2.9e-15
28.760000	0.000000	2.8e-15
28.770000	0.000000	2.8e-15
28.780000	0.000000	2.7e-15
28.790000	0.000000	2.7e-15
28.800000	0.000000	2.6e-15
28.810000	0.000000	2.6e-15
28.820000	0.000000	2.5e-15
28.830000	0.000000	2.5e-15
28.840000	0.000000	2.5e-15
28.850000	0.000000	2.4e-15
28.860000	0.000000	2.4e-15
28.870000	0.000000	2.4e-15
28.880000	0.000000	2.4e-15
28.890000	0.000000	2.3e-15
28.900000	0.000000	2.3e-15
28.910000	0.000000	2.3e-15
28.920000	0.000000	2.2e-15
28.930000	0.000000	2.2e-15
28.940000	0.000000	2.2e-15
28.950000	0.000000	2.2e-15
28.960000	0.000000	2.1e-15
28.970000	0.000000	2.1e-15
28.980000	0.000000	2.1e-15
28.990000	0.000000	2.0e-15
29.000000	0.000000	2.0e-15
29.010000	0.000000	2.0e-15
29.020000	0.000000	1.9e-15
29.030000	0.000000	1.9e-15
29.040000	0.000000	1.9e-15
29.050000	0.000000	1.9e-15
29.060000	0.000000	1.8e-15
29.070000	0.000000	1.8e-15
29.080000	0.000000	1.8e-15
29.090000	0.000000	1.7e-15
29.100000	0.000000	1.7e-15
29.110000	0.000000	1.7e-15
29.120000	0.000000	1.7e-15
29.130000	0.000000	1.6e-15
29.140000	0.000000	1.6e-15
29.150000	0.000000	1.6e-15
29.160000	0.000000	1.6e-15
29.170000	0.000000	1.6e-15
29.180000	0.000000	1.5e-15
29.190000	0.000000	1.5e-15
29.200000	0.000000	1.5e-15
29.210000	0.000000	1.5e-15
29.220000	0.000000	1.5e-15
29.230000	0.000000	1.4e-15
29.240000	0.000000	1.4e-15
29.250000	0.000000	1.4e-15
29.260000	0.000000	1.4e-15
29.270000	0.000000	1.4e-15
29.280000	0.000000	1.3e-15
29.290000	0.000000	1.3e-15
29.300000	0.000000	1.3e-15
29.310000	0.000000	1.3e-15
29.320000	0.000000	1.3e-15
29.330000	0.000000	1.2e-15
29.340000	0.000000	1.2e-15
29.350000	0.000000	1.2e-15
29.360000	0.000000	1.2e-15
29.370000	0.000000	1.2e-15
29.380000	0.000000	1.1e-15
29.390000	0.000000	1.1e-15
29.400000	0.000000	1.1e-15
29.410000	0.000000	1.1e-15
29.420000	0.000000	1.1e-15
29.430000	0.000000	1.1e-15
29.440000	0.000000	1.1e-15
29.450000	0.000000	1.1e-15
29.460000	0.000000	1.0e-15
29.470000	0.000000	1.0e-15
29.480000	0.000000	1.0e-15
29.490000	0.000000	1.0e-15
29.500000	0.000000	9.8e-16
29.510000	0.000000	9.7e-16
29.520000	0.000000	9.6e-16
29.530000	0.000000	9.4e-16
29.540000	0.000000	9.3e-16
29.550000	0.000000	9.2e-16
29.560000	0.000000	9.0e-16
29.570000	0.000000	8.9e-16
29.580000	0.000000	8.8e-16
29.590000	0.000000	8.6e-16
29.600000	0.000000	8.5e-16
29.610000	0.000000	8.4e-16
29.620000	0.000000	8.3e-16
29.630000	0.000000	8.1e-16
29.640000	0.000000	8.0e-16
29.650000	0.000000	7.8e-16
29.660000	0.000000	7.7e-16
29.670000	0.000000	7.6e-16
29.680000	0.000000	7.5e-16
29.690000	0.000000	7.4e-16
29.700000	0.000000	7.3e-16
29.710000	0.000000	7.2e-16
29.720000	0.000000	7.1e-16
29.730000	0.000000	7.1e-16
29.740000	0.000000	7.0e-16
29.750000	0.000000	6.9e-16
29.760000	0.000000	6.8e-16
29.770000	0.000000	6.7e-16
29.780000	0.000000	6.6e-16
29.790000	0.000000	6.5e-16
29.800000	0.000000	6.4e-16
29.810000	0.000000	6.3e-16
29.820000	0.000000	6.3e-16
29.830000	0.000000	6.2e-16
29.840000	0.000000	6.1e-16
29.850000	0.000000	6.0e-16
29.860000	0.000000	5.9e-16
29.870000	0.000000	5.8e-16
29.880000	0.000000	5.7e-16
29.890000	0.000000	5.6e-16
29.900000	0.000000	5.5e-16
29.910000	0.000000	5.5e-16
29.920000	0.000000	5.4e-16
29.930000	0.000000	5.3e-16
29.940000	0.000000	5.2e-16
29.950000	0.000000	5.1e-16
29.960000	0.000000	5.0e-16
29.970000	0.000000	5.0e-16
29.980000	0.000000	4.9e-16
29.990000	0.000000	4.9e-16
30.000000	0.000000	4.8e-16
30.010000	0.000000	4.7e-16
30.020000	0.000000	4.7e-16
30.030000	0.000000	4.6e-16
30.040000	0.000000	4.6e-16
30.050000	0.000000	4.5e-16
30.060000	0.000000	4.4e-16
30.070000	0.000000	4.4e-16
30.080000	0.000000	4.3e-16
30.090000	0.000000	4.3e-16
