0.100000	0.000000	3821735.903633
0.110000	0.000000	4506673.743574
0.120000	0.000000	2045794.197914
0.130000	0.000000	2788267.236139
0.140000	0.000000	1131431.501710
0.150000	0.000000	446709.008157
0.160000	0.000000	379855.506020
0.170000	0.000000	339117.369485
0.180000	0.000000	381383.275540
0.190000	0.000000	376123.818935
0.200000	0.000000	322423.602632
0.210000	0.000000	335260.735627
0.220000	0.000000	293747.355153
0.230000	0.000000	344233.655260
0.240000	0.000000	375101.644443
0.250000	0.000000	293379.226212
0.260000	0.000000	409876.117474
0.270000	0.000000	200537.565026
0.280000	0.000000	321640.326358
0.290000	0.000000	205850.507823
0.300000	0.000000	221836.636293
0.310000	0.000000	166841.110475
0.320000	0.000000	153523.714632
0.330000	0.000000	170590.816704
0.340000	0.000000	152266.425943
0.350000	0.000000	129644.893495
0.360000	0.000000	180876.848737
0.370000	0.000000	201864.040083
0.380000	0.000000	114298.365521
0.390000	0.000000	125887.134514
0.400000	0.000000	104564.709450
0.410000	0.000000	93987.911206
0.420000	0.000000	100873.538202
0.430000	0.000000	99864.773499
0.440000	0.000000	81039.252903
0.450000	0.000000	84769.144227
0.460000	0.000000	73666.066620
0.470000	0.000000	73409.439399
0.480000	0.000000	67416.711917
0.490000	0.000000	113002.934695
0.500000	0.000000	90899.070021
0.510000	0.000000	57346.943669
0.520000	0.000000	60932.242618
0.530000	0.000000	61356.324366
0.540000	0.000000	52989.372260
0.550000	0.000000	55485.752314
0.560000	0.000000	70966.422472
0.570000	0.000000	77433.241331
0.580000	0.000000	53455.452546
0.590000	0.000000	53232.870294
0.600000	0.000000	43022.496371
0.610000	0.000000	45873.476327
0.620000	0.000000	55352.247489
0.630000	0.000000	46492.736737
0.640000	0.000000	41694.761539
0.650000	0.000000	496847.947797
0.660000	0.000000	289777.070000
0.670000	0.000000	59656.375187
0.680000	0.000000	45533.307884
0.690000	0.000000	142249.927773
0.700000	0.000000	181214.674601
0.710000	0.000000	457379.838960
0.720000	0.000000	972180.438283
0.730000	0.000000	157660.548327
0.740000	0.000000	509218.638059
0.750000	0.000000	89063.437022
0.760000	0.000000	380302.260081
0.770000	0.000000	798346.687178
0.780000	0.000000	303861.507365
0.790000	0.000000	278793.574378
0.800000	0.000000	420304.616238
0.810000	0.000000	344176.854275
0.820000	0.000000	864518.054185
0.830000	0.000000	535865.358239
0.840000	0.000000	329678.256836
0.850000	0.000000	459263.756770
0.860000	0.000000	676734.196398
0.870000	0.000000	661232.392181
0.880000	0.000000	249717.732978
0.890000	0.000000	293544.464718
0.900000	0.000000	402370.819881
0.910000	0.000000	583509.976877
0.920000	0.000000	327196.110035
0.930000	0.000000	138378.073206
0.940000	0.000000	148766.738437
0.950000	0.000000	209870.801909
0.960000	0.000000	281648.148192
0.970000	0.000000	118990.561505
0.980000	0.000000	85657.252886
0.990000	0.000000	135005.814596
1.000000	0.000000	193558.385272
1.010000	0.000000	301472.093369
1.020000	0.000000	209090.313205
1.030000	0.000000	40444.145811
1.040000	0.000000	47566.368601
1.050000	0.000000	51812.337450
1.060000	0.000000	47089.806461
1.070000	0.000000	107544.832328
1.080000	0.000000	92165.918812
1.090000	0.000000	95774.580986
1.100000	0.000000	69043.332163
1.110000	0.000000	57314.553884
1.120000	0.000000	52033.242538
1.130000	0.000000	28218.423685
1.140000	0.000000	71460.509078
1.150000	0.000000	49637.349096
1.160000	0.000000	70119.903728
1.170000	0.000000	71481.111053
1.180000	0.000000	48559.712229
1.190000	0.000000	32516.378509
1.200000	0.000000	32664.449679
1.210000	0.000000	36397.277154
1.220000	0.000000	26137.472167
1.230000	0.000000	20448.617719
1.240000	0.000000	21374.498738
1.250000	0.000000	26145.011600
1.260000	0.000000	16554.863317
1.270000	0.000000	39635.738958
1.280000	0.000000	13378.391978
1.290000	0.000000	12326.784005
1.300000	0.000000	16079.126932
1.310000	0.000000	18006.050779
1.320000	0.000000	13441.443837
1.330000	0.000000	13479.754999
1.340000	0.000000	15816.933534
1.350000	0.000000	13202.578964
1.360000	0.000000	11372.262801
1.370000	0.000000	11119.960994
1.380000	0.000000	8184.748494
1.390000	0.000000	8186.389335
1.400000	0.000000	9033.896036
1.410000	0.000000	7205.677190
1.420000	0.000000	7700.305036
1.430000	0.000000	7495.255385
1.440000	0.000000	8576.441294
1.450000	0.000000	6089.773249
1.460000	0.000000	6158.780762
1.470000	0.000000	5615.669647
1.480000	0.000000	5817.939638
1.490000	0.000000	5548.078386
1.500000	0.000000	5180.897998
1.510000	0.000000	5054.674606
1.520000	0.000000	5085.015977
1.530000	0.000000	4971.152926
1.540000	0.000000	4713.941926
1.550000	0.000000	4539.513125
1.560000	0.000000	4444.989293
1.570000	0.000000	4449.747244
1.580000	0.000000	4286.997871
1.590000	0.000000	4182.242929
1.600000	0.000000	4261.159474
1.610000	0.000000	4167.236547
1.620000	0.000000	3938.328500
1.630000	0.000000	3832.444339
1.640000	0.000000	3754.731875
1.650000	0.000000	3784.361682
1.660000	0.000000	3654.084030
1.670000	0.000000	3538.264122
1.680000	0.000000	3469.007976
1.690000	0.000000	3396.767615
1.700000	0.000000	3327.384867
1.710000	0.000000	3262.279666
1.720000	0.000000	3191.978280
1.730000	0.000000	3129.824420
1.740000	0.000000	3069.022654
1.750000	0.000000	3019.079648
1.760000	0.000000	2942.786781
1.770000	0.000000	2882.594730
1.780000	0.000000	2820.838472
1.790000	0.000000	2766.053664
1.800000	0.000000	2718.798304
1.810000	0.000000	2660.664517
1.820000	0.000000	2608.362943
1.830000	0.000000	2558.122235
1.840000	0.000000	2508.139640
1.850000	0.000000	2458.422027
1.860000	0.000000	2408.953454
1.870000	0.000000	2361.987052
1.880000	0.000000	2318.156634
1.890000	0.000000	2275.030146
1.900000	0.000000	2232.437500
1.910000	0.000000	2189.814958
1.920000	0.000000	2147.415167
1.930000	0.000000	2105.640019
1.940000	0.000000	2065.072267
1.950000	0.000000	2023.710313
1.960000	0.000000	1984.180272
1.970000	0.000000	1944.738063
1.980000	0.000000	1905.740082
1.990000	0.000000	1867.688699
2.000000	0.000000	1830.783386
2.010000	0.000000	1794.815893
2.020000	0.000000	1759.564544
2.030000	0.000000	1725.626044
2.040000	0.000000	1692.739286
2.050000	0.000000	1660.351361
2.060000	0.000000	1629.820467
2.070000	0.000000	1601.642034
2.080000	0.000000	1572.720954
2.090000	0.000000	1544.290573
2.100000	0.000000	1516.256464
2.110000	0.000000	1489.117322
2.120000	0.000000	1651.294418
2.130000	0.000000	1532.691813
2.140000	0.000000	1496.379743
2.150000	0.000000	1619.857995
2.160000	0.000000	1434.057350
2.170000	0.000000	1326.582746
2.180000	0.000000	1300.749082
2.190000	0.000000	1275.174309
2.200000	0.000000	1249.812945
2.210000	0.000000	1224.782931
2.220000	0.000000	1200.254711
2.230000	0.000000	1176.275508
2.240000	0.000000	1153.386122
2.250000	0.000000	1132.454037
2.260000	0.000000	1113.610785
2.270000	0.000000	1097.872192
2.280000	0.000000	1076.694508
2.290000	0.000000	1058.797016
2.300000	0.000000	1066.464002
2.310000	0.000000	1023.697721
2.320000	0.000000	999.671251
2.330000	0.000000	982.009816
2.340000	0.000000	964.591136
2.350000	0.000000	947.221644
2.360000	0.000000	929.939984
2.370000	0.000000	912.728850
2.380000	0.000000	895.531699
2.390000	0.000000	878.388368
2.400000	0.000000	861.381728
2.410000	0.000000	844.510213
2.420000	0.000000	827.713149
2.430000	0.000000	811.078632
2.440000	0.000000	794.926542
2.450000	0.000000	779.021032
2.460000	0.000000	773.324981
2.470000	0.000000	754.405502
2.480000	0.000000	740.269674
2.490000	0.000000	727.542031
2.500000	0.000000	715.022176
2.510000	0.000000	722.593912
2.520000	0.000000	704.374755
2.530000	0.000000	678.295637
2.540000	0.000000	666.644592
2.550000	0.000000	655.065759
2.560000	0.000000	643.617300
2.570000	0.000000	633.046612
2.580000	0.000000	623.657100
2.590000	0.000000	609.999384
2.600000	0.000000	597.998598
2.610000	0.000000	586.356396
2.620000	0.000000	574.495609
2.630000	0.000000	564.850531
2.640000	0.000000	561.302979
2.650000	0.000000	543.666650
2.660000	0.000000	531.777165
2.670000	0.000000	522.208676
2.680000	0.000000	512.844951
2.690000	0.000000	504.532506
2.700000	0.000000	498.259539
2.710000	0.000000	489.929506
2.720000	0.000000	480.024615
2.730000	0.000000	474.219205
2.740000	0.000000	484.302755
2.750000	0.000000	523.859519
2.760000	0.000000	480.782400
2.770000	0.000000	494.811931
2.780000	0.000000	587.270326
2.790000	0.000000	429.127833
2.800000	0.000000	416.718686
2.810000	0.000000	409.036852
2.820000	0.000000	401.540324
2.830000	0.000000	394.018747
2.840000	0.000000	386.551401
2.850000	0.000000	379.154265
2.860000	0.000000	372.105980
2.870000	0.000000	365.762717
2.880000	0.000000	359.312382
2.890000	0.000000	352.431096
2.900000	0.000000	346.074710
2.910000	0.000000	339.888923
2.920000	0.000000	334.311182
2.930000	0.000000	328.953979
2.940000	0.000000	323.499176
2.950000	0.000000	318.453553
2.960000	0.000000	313.907279
2.970000	0.000000	307.287280
2.980000	0.000000	302.145225
2.990000	0.000000	296.984548
3.000000	0.000000	292.025076
3.010000	0.000000	286.820067
3.020000	0.000000	281.615562
3.030000	0.000000	279.297590
3.040000	0.000000	275.864020
3.050000	0.000000	268.562122
3.060000	0.000000	261.673791
3.070000	0.000000	259.599099
3.080000	0.000000	263.473881
3.090000	0.000000	353.881377
3.100000	0.000000	885.408183
3.110000	0.000000	374.994951
3.120000	0.000000	600.106763
3.130000	0.000000	1194.887136
3.140000	0.000000	340.201000
3.150000	0.000000	222.246132
3.160000	0.000000	218.348792
3.170000	0.000000	215.006448
3.180000	0.000000	211.865449
3.190000	0.000000	208.328103
3.200000	0.000000	208.071519
3.210000	0.000000	205.319893
3.220000	0.000000	198.407960
3.230000	0.000000	194.593659
3.240000	0.000000	191.173850
3.250000	0.000000	187.924969
3.260000	0.000000	185.991725
3.270000	0.000000	190.060707
3.280000	0.000000	179.366202
3.290000	0.000000	175.275669
3.300000	0.000000	172.196197
3.310000	0.000000	170.944266
3.320000	0.000000	169.276185
3.330000	0.000000	163.717154
3.340000	0.000000	159.830459
3.350000	0.000000	158.530076
3.360000	0.000000	155.620128
3.370000	0.000000	151.709663
3.380000	0.000000	148.834459
3.390000	0.000000	146.457181
3.400000	0.000000	144.157160
3.410000	0.000000	141.995473
3.420000	0.000000	139.797563
3.430000	0.000000	138.786046
3.440000	0.000000	138.013438
3.450000	0.000000	133.368363
3.460000	0.000000	130.994533
3.470000	0.000000	144.726317
3.480000	0.000000	130.480276
3.490000	0.000000	130.162328
3.500000	0.000000	137.518212
3.510000	0.000000	126.499014
3.520000	0.000000	117.857401
3.530000	0.000000	115.426858
3.540000	0.000000	113.471964
3.550000	0.000000	111.768551
3.560000	0.000000	109.954584
3.570000	0.000000	108.103763
3.580000	0.000000	107.534275
3.590000	0.000000	106.208186
3.600000	0.000000	108.811865
3.610000	0.000000	148.306871
3.620000	0.000000	110.248511
3.630000	0.000000	97.487403
3.640000	0.000000	96.039139
3.650000	0.000000	93.968896
3.660000	0.000000	92.400893
3.670000	0.000000	93.077361
3.680000	0.000000	123.517979
3.690000	0.000000	108.437836
3.700000	0.000000	86.446651
3.710000	0.000000	84.917522
3.720000	0.000000	83.490969
3.730000	0.000000	82.197815
3.740000	0.000000	80.982785
3.750000	0.000000	79.680744
3.760000	0.000000	78.205941
3.770000	0.000000	78.342581
3.780000	0.000000	92.231507
3.790000	0.000000	83.749225
3.800000	0.000000	75.838729
3.810000	0.000000	73.641357
3.820000	0.000000	70.721051
3.830000	0.000000	69.943009
3.840000	0.000000	76.671883
3.850000	0.000000	142.407291
3.860000	0.000000	179.966000
3.870000	0.000000	145.960320
3.880000	0.000000	113.440300
3.890000	0.000000	150.615629
3.900000	0.000000	159.018975
3.910000	0.000000	60.506062
3.920000	0.000000	59.550248
3.930000	0.000000	58.736811
3.940000	0.000000	57.499495
3.950000	0.000000	56.636984
3.960000	0.000000	61.761629
3.970000	0.000000	55.076729
3.980000	0.000000	53.870278
3.990000	0.000000	52.996433
4.000000	0.000000	54.352335
4.010000	0.000000	52.177188
4.020000	0.000000	50.475685
4.030000	0.000000	50.568619
4.040000	0.000000	50.173080
4.050000	0.000000	49.104093
4.060000	0.000000	48.096230
4.070000	0.000000	46.892525
4.080000	0.000000	45.822126
4.090000	0.000000	44.647366
4.100000	0.000000	43.981062
4.110000	0.000000	43.317167
4.120000	0.000000	43.481918
4.130000	0.000000	41.992491
4.140000	0.000000	41.390236
4.150000	0.000000	40.659472
4.160000	0.000000	39.974252
4.170000	0.000000	39.317091
4.180000	0.000000	38.699929
4.190000	0.000000	38.104813
4.200000	0.000000	37.512979
4.210000	0.000000	36.922622
4.220000	0.000000	36.334063
4.230000	0.000000	35.924322
4.240000	0.000000	35.550413
4.250000	0.000000	34.701105
4.260000	0.000000	34.029850
4.270000	0.000000	33.494887
4.280000	0.000000	32.876246
4.290000	0.000000	32.289163
4.300000	0.000000	31.716493
4.310000	0.000000	31.188403
4.320000	0.000000	30.644428
4.330000	0.000000	30.478563
4.340000	0.000000	29.778215
4.350000	0.000000	29.155452
4.360000	0.000000	28.684144
4.370000	0.000000	28.206256
4.380000	0.000000	27.731815
4.390000	0.000000	27.283787
4.400000	0.000000	26.839798
4.410000	0.000000	26.415801
4.420000	0.000000	26.036393
4.430000	0.000000	25.697611
4.440000	0.000000	25.225895
4.450000	0.000000	24.839398
4.460000	0.000000	24.634226
4.470000	0.000000	24.214942
4.480000	0.000000	24.689528
4.490000	0.000000	23.522321
4.500000	0.000000	32.320729
4.510000	0.000000	27.653354
4.520000	0.000000	22.987639
4.530000	0.000000	21.938769
4.540000	0.000000	21.511064
4.550000	0.000000	21.006723
4.560000	0.000000	20.660007
4.570000	0.000000	22.422949
4.580000	0.000000	24.515379
4.590000	0.000000	19.629327
4.600000	0.000000	19.309766
4.610000	0.000000	19.002842
4.620000	0.000000	18.721692
4.630000	0.000000	18.375648
4.640000	0.000000	18.081226
4.650000	0.000000	17.857983
4.660000	0.000000	17.544246
4.670000	0.000000	17.269759
4.680000	0.000000	17.182075
4.690000	0.000000	17.106343
4.700000	0.000000	17.300964
4.710000	0.000000	18.322566
4.720000	0.000000	18.756348
4.730000	0.000000	17.739101
4.740000	0.000000	16.491424
4.750000	0.000000	15.681873
4.760000	0.000000	15.352713
4.770000	0.000000	14.678900
4.780000	0.000000	14.436616
4.790000	0.000000	14.199178
4.800000	0.000000	13.954835
4.810000	0.000000	13.854489
4.820000	0.000000	16.675893
4.830000	0.000000	14.316065
4.840000	0.000000	13.162167
4.850000	0.000000	13.084570
4.860000	0.000000	12.756231
4.870000	0.000000	12.406624
4.880000	0.000000	12.210505
4.890000	0.000000	12.030318
4.900000	0.000000	11.852843
4.910000	0.000000	11.676551
4.920000	0.000000	11.654779
4.930000	0.000000	11.835069
4.940000	0.000000	11.150681
4.950000	0.000000	10.975921
4.960000	0.000000	10.802154
4.970000	0.000000	10.619552
4.980000	0.000000	10.708934
4.990000	0.000000	10.314213
5.000000	0.000000	10.104760
5.010000	0.000000	9.937675
5.020000	0.000000	9.884357
5.030000	0.000000	9.676211
5.040000	0.000000	9.510880
5.050000	0.000000	9.374915
5.060000	0.000000	9.180388
5.070000	0.000000	9.017431
5.080000	0.000000	8.867522
5.090000	0.000000	8.691649
5.100000	0.000000	8.553646
5.110000	0.000000	8.409257
5.120000	0.000000	8.280558
5.130000	0.000000	8.173116
5.140000	0.000000	8.054372
5.150000	0.000000	7.946170
5.160000	0.000000	7.828188
5.170000	0.000000	7.701923
5.180000	0.000000	7.583211
5.190000	0.000000	7.466727
5.200000	0.000000	7.349133
5.210000	0.000000	7.229061
5.220000	0.000000	7.111274
5.230000	0.000000	6.996379
5.240000	0.000000	6.881242
5.250000	0.000000	6.768453
5.260000	0.000000	6.658716
5.270000	0.000000	6.550559
5.280000	0.000000	6.442504
5.290000	0.000000	6.336162
5.300000	0.000000	6.227769
5.310000	0.000000	6.120491
5.320000	0.000000	6.015778
5.330000	0.000000	5.913828
5.340000	0.000000	5.817961
5.350000	0.000000	5.724342
5.360000	0.000000	5.636935
5.370000	0.000000	5.551705
5.380000	0.000000	5.467539
5.390000	0.000000	5.386420
5.400000	0.000000	5.307663
5.410000	0.000000	5.229889
5.420000	0.000000	5.153349
5.430000	0.000000	5.077032
5.440000	0.000000	5.000918
5.450000	0.000000	4.928767
5.460000	0.000000	4.868317
5.470000	0.000000	4.779239
5.480000	0.000000	4.688184
5.490000	0.000000	4.708303
5.500000	0.000000	4.598288
5.510000	0.000000	4.481745
5.520000	0.000000	4.397489
5.530000	0.000000	4.370725
5.540000	0.000000	4.294408
5.550000	0.000000	4.186674
5.560000	0.000000	4.112996
5.570000	0.000000	4.086785
5.580000	0.000000	4.036625
5.590000	0.000000	3.903548
5.600000	0.000000	3.856491
5.610000	0.000000	3.848762
5.620000	0.000000	3.779127
5.630000	0.000000	3.815000
5.640000	0.000000	3.687970
5.650000	0.000000	3.594887
5.660000	0.000000	3.529530
5.670000	0.000000	3.503400
5.680000	0.000000	3.420742
5.690000	0.000000	3.350221
5.700000	0.000000	3.296053
5.710000	0.000000	3.244432
5.720000	0.000000	3.192834
5.730000	0.000000	3.141732
5.740000	0.000000	3.091371
5.750000	0.000000	3.048585
5.760000	0.000000	3.011960
5.770000	0.000000	2.955068
5.780000	0.000000	2.902418
5.790000	0.000000	2.851554
5.800000	0.000000	2.806533
5.810000	0.000000	2.753311
5.820000	0.000000	2.706461
5.830000	0.000000	2.660204
5.840000	0.000000	2.616747
5.850000	0.000000	2.577705
5.860000	0.000000	2.542692
5.870000	0.000000	2.504435
5.880000	0.000000	2.472324
5.890000	0.000000	2.434590
5.900000	0.000000	2.393911
5.910000	0.000000	2.361420
5.920000	0.000000	2.325648
5.930000	0.000000	2.289294
5.940000	0.000000	2.256045
5.950000	0.000000	2.226854
5.960000	0.000000	2.187353
5.970000	0.000000	2.147964
5.980000	0.000000	2.121307
5.990000	0.000000	2.089211
6.000000	0.000000	2.049681
6.010000	0.000000	2.015017
6.020000	0.000000	1.988489
6.030000	0.000000	1.958400
6.040000	0.000000	1.920479
6.050000	0.000000	1.886110
6.060000	0.000000	1.859583
6.070000	0.000000	1.829204
6.080000	0.000000	1.792831
6.090000	0.000000	1.762838
6.100000	0.000000	1.738190
6.110000	0.000000	1.716566
6.120000	0.000000	1.691101
6.130000	0.000000	1.664757
6.140000	0.000000	1.636469
6.150000	0.000000	1.611051
6.160000	0.000000	1.585916
6.170000	0.000000	1.563444
6.180000	0.000000	1.539018
6.190000	0.000000	1.515503
6.200000	0.000000	1.492497
6.210000	0.000000	1.469259
6.220000	0.000000	1.446354
6.230000	0.000000	1.423542
6.240000	0.000000	1.401059
6.250000	0.000000	1.379575
6.260000	0.000000	1.358226
6.270000	0.000000	1.336815
6.280000	0.000000	1.315568
6.290000	0.000000	1.293431
6.300000	0.000000	1.271509
6.310000	0.000000	1.249924
6.320000	0.000000	1.231312
6.330000	0.000000	1.213139
6.340000	0.000000	1.190540
6.350000	0.000000	1.171399
6.360000	0.000000	1.154062
6.370000	0.000000	1.137326
6.380000	0.000000	1.120830
6.390000	0.000000	1.105977
6.400000	0.000000	1.101803
6.410000	0.000000	1.388572
6.420000	0.000000	2.074870
6.430000	0.000000	2.205311
6.440000	0.000000	1.227031
6.450000	0.000000	1.618364
6.460000	0.000000	2.395187
6.470000	0.000000	2.110432
6.480000	0.000000	1.200368
6.490000	0.000000	4.296003
6.500000	0.000000	4.197061
6.510000	0.000000	1.817573
6.520000	0.000000	1.174049
6.530000	0.000000	1.929932
6.540000	0.000000	1.955341
6.550000	0.000000	1.309999
6.560000	0.000000	0.952533
6.570000	0.000000	1.319696
6.580000	0.000000	1.569185
6.590000	0.000000	1.073182
6.600000	0.000000	0.964872
6.610000	0.000000	1.075117
6.620000	0.000000	0.992977
6.630000	0.000000	0.811765
6.640000	0.000000	0.830426
6.650000	0.000000	0.891683
6.660000	0.000000	0.793933
6.670000	0.000000	0.779989
6.680000	0.000000	0.728825
6.690000	0.000000	0.712866
6.700000	0.000000	0.725000
6.710000	0.000000	0.696557
6.720000	0.000000	0.663434
6.730000	0.000000	0.649491
6.740000	0.000000	0.639492
6.750000	0.000000	0.629690
6.760000	0.000000	0.620005
6.770000	0.000000	0.610254
6.780000	0.000000	0.600589
6.790000	0.000000	0.590922
6.800000	0.000000	0.581271
6.810000	0.000000	0.571461
6.820000	0.000000	0.561851
6.830000	0.000000	0.552688
6.840000	0.000000	0.544154
6.850000	0.000000	0.535715
6.860000	0.000000	0.527370
6.870000	0.000000	0.519540
6.880000	0.000000	0.511984
6.890000	0.000000	0.504476
6.900000	0.000000	0.498415
6.910000	0.000000	0.491363
6.920000	0.000000	0.482323
6.930000	0.000000	0.475205
6.940000	0.000000	0.467768
6.950000	0.000000	0.461122
6.960000	0.000000	0.453712
6.970000	0.000000	0.446765
6.980000	0.000000	0.439582
6.990000	0.000000	0.432701
7.000000	0.000000	0.426191
7.010000	0.000000	0.419704
7.020000	0.000000	0.413474
7.030000	0.000000	0.406857
7.040000	0.000000	0.400307
7.050000	0.000000	0.394349
7.060000	0.000000	0.388012
7.070000	0.000000	0.381418
7.080000	0.000000	0.375122
7.090000	0.000000	0.369029
7.100000	0.000000	0.363464
7.110000	0.000000	0.358049
7.120000	0.000000	0.352357
7.130000	0.000000	0.347071
7.140000	0.000000	0.342075
7.150000	0.000000	0.336781
7.160000	0.000000	0.331864
7.170000	0.000000	0.327599
7.180000	0.000000	0.322929
7.190000	0.000000	0.335372
7.200000	0.000000	0.319496
7.210000	0.000000	0.307446
7.220000	0.000000	0.302804
7.230000	0.000000	0.298173
7.240000	0.000000	0.293618
7.250000	0.000000	0.289741
7.260000	0.000000	0.289904
7.270000	0.000000	0.290431
7.280000	0.000000	0.276908
7.290000	0.000000	0.272161
7.300000	0.000000	0.267563
7.310000	0.000000	0.263267
7.320000	0.000000	0.258667
7.330000	0.000000	0.254629
7.340000	0.000000	0.253479
7.350000	0.000000	0.252989
7.360000	0.000000	0.245690
7.370000	0.000000	0.239812
7.380000	0.000000	0.235665
7.390000	0.000000	0.232078
7.400000	0.000000	0.228693
7.410000	0.000000	0.225952
7.420000	0.000000	0.225206
7.430000	0.000000	0.223986
7.440000	0.000000	0.217984
7.450000	0.000000	0.213248
7.460000	0.000000	0.209796
7.470000	0.000000	0.205765
7.480000	0.000000	0.202783
7.490000	0.000000	0.204808
7.500000	0.000000	0.198813
7.510000	0.000000	0.202383
7.520000	0.000000	0.196640
7.530000	0.000000	0.191657
7.540000	0.000000	0.189411
7.550000	0.000000	0.185175
7.560000	0.000000	0.179981
7.570000	0.000000	0.176581
7.580000	0.000000	0.174208
7.590000	0.000000	0.171253
7.600000	0.000000	0.168106
7.610000	0.000000	0.165634
7.620000	0.000000	0.164193
7.630000	0.000000	0.162990
7.640000	0.000000	0.158058
7.650000	0.000000	0.155382
7.660000	0.000000	0.153049
7.670000	0.000000	0.150813
7.680000	0.000000	0.148643
7.690000	0.000000	0.146384
7.700000	0.000000	0.144136
7.710000	0.000000	0.141941
7.720000	0.000000	0.141158
7.730000	0.000000	0.138855
7.740000	0.000000	0.135758
7.750000	0.000000	0.133815
7.760000	0.000000	0.132213
7.770000	0.000000	0.131584
7.780000	0.000000	0.132704
7.790000	0.000000	0.133640
7.800000	0.000000	0.128685
7.810000	0.000000	0.122637
7.820000	0.000000	0.121275
7.830000	0.000000	0.119335
7.840000	0.000000	0.116179
7.850000	0.000000	0.114605
7.860000	0.000000	0.112607
7.870000	0.000000	0.110869
7.880000	0.000000	0.109121
7.890000	0.000000	0.107393
7.900000	0.000000	0.105735
7.910000	0.000000	0.104155
7.920000	0.000000	0.102651
7.930000	0.000000	0.101158
7.940000	0.000000	0.099670
7.950000	0.000000	0.098185
7.960000	0.000000	0.096737
7.970000	0.000000	0.095481
7.980000	0.000000	0.093730
7.990000	0.000000	0.092230
8.000000	0.000000	0.090835
8.010000	0.000000	0.089465
8.020000	0.000000	0.088150
8.030000	0.000000	0.086851
8.040000	0.000000	0.085555
8.050000	0.000000	0.084260
8.060000	0.000000	0.082966
8.070000	0.000000	0.081677
8.080000	0.000000	0.080392
8.090000	0.000000	0.079160
8.100000	0.000000	0.077934
8.110000	0.000000	0.076626
8.120000	0.000000	0.075498
8.130000	0.000000	0.074377
8.140000	0.000000	0.073257
8.150000	0.000000	0.072128
8.160000	0.000000	0.071635
8.170000	0.000000	0.069916
8.180000	0.000000	0.068966
8.190000	0.000000	0.067901
8.200000	0.000000	0.066881
8.210000	0.000000	0.065964
8.220000	0.000000	0.064931
8.230000	0.000000	0.063888
8.240000	0.000000	0.062899
8.250000	0.000000	0.061935
8.260000	0.000000	0.061002
8.270000	0.000000	0.060089
8.280000	0.000000	0.059213
8.290000	0.000000	0.058361
8.300000	0.000000	0.057474
8.310000	0.000000	0.056608
8.320000	0.000000	0.055726
8.330000	0.000000	0.054827
8.340000	0.000000	0.054206
8.350000	0.000000	0.053145
8.360000	0.000000	0.052302
8.370000	0.000000	0.051482
8.380000	0.000000	0.050711
8.390000	0.000000	0.049992
8.400000	0.000000	0.049245
8.410000	0.000000	0.048472
8.420000	0.000000	0.047806
8.430000	0.000000	0.047128
8.440000	0.000000	0.046291
8.450000	0.000000	0.045625
8.460000	0.000000	0.044958
8.470000	0.000000	0.044295
8.480000	0.000000	0.043640
8.490000	0.000000	0.042944
8.500000	0.000000	0.042270
8.510000	0.000000	0.041652
8.520000	0.000000	0.041021
8.530000	0.000000	0.040371
8.540000	0.000000	0.039773
8.550000	0.000000	0.039192
8.560000	0.000000	0.038613
8.570000	0.000000	0.038035
8.580000	0.000000	0.037461
8.590000	0.000000	0.036891
8.600000	0.000000	0.036323
8.610000	0.000000	0.035752
8.620000	0.000000	0.035171
8.630000	0.000000	0.034637
8.640000	0.000000	0.034129
8.650000	0.000000	0.033629
8.660000	0.000000	0.033100
8.670000	0.000000	0.032592
8.680000	0.000000	0.032095
8.690000	0.000000	0.031603
8.700000	0.000000	0.031128
8.710000	0.000000	0.030689
8.720000	0.000000	0.030237
8.730000	0.000000	0.029786
8.740000	0.000000	0.029341
8.750000	0.000000	0.028897
8.760000	0.000000	0.028453
8.770000	0.000000	0.028011
8.780000	0.000000	0.027577
8.790000	0.000000	0.027163
8.800000	0.000000	0.026770
8.810000	0.000000	0.026380
8.820000	0.000000	0.025998
8.830000	0.000000	0.025586
8.840000	0.000000	0.025195
8.850000	0.000000	0.024811
8.860000	0.000000	0.024426
8.870000	0.000000	0.024041
8.880000	0.000000	0.023666
8.890000	0.000000	0.023310
8.900000	0.000000	0.022968
8.910000	0.000000	0.022632
8.920000	0.000000	0.022296
8.930000	0.000000	0.021962
8.940000	0.000000	0.021629
8.950000	0.000000	0.021294
8.960000	0.000000	0.020967
8.970000	0.000000	0.020661
8.980000	0.000000	0.020364
8.990000	0.000000	0.020063
9.000000	0.000000	0.019749
9.010000	0.000000	0.019452
9.020000	0.000000	0.019155
9.030000	0.000000	0.018858
9.040000	0.000000	0.018563
9.050000	0.000000	0.018282
9.060000	0.000000	0.018015
9.070000	0.000000	0.017755
9.080000	0.000000	0.017497
9.090000	0.000000	0.017239
9.100000	0.000000	0.016981
9.110000	0.000000	0.016724
9.120000	0.000000	0.016466
9.130000	0.000000	0.016209
9.140000	0.000000	0.015956
9.150000	0.000000	0.015718
9.160000	0.000000	0.015480
9.170000	0.000000	0.015246
9.180000	0.000000	0.015022
9.190000	0.000000	0.014797
9.200000	0.000000	0.014574
9.210000	0.000000	0.014351
9.220000	0.000000	0.014129
9.230000	0.000000	0.013918
9.240000	0.000000	0.013717
9.250000	0.000000	0.013518
9.260000	0.000000	0.013319
9.270000	0.000000	0.013120
9.280000	0.000000	0.012921
9.290000	0.000000	0.012723
9.300000	0.000000	0.012525
9.310000	0.000000	0.012329
9.320000	0.000000	0.012146
9.330000	0.000000	0.011966
9.340000	0.000000	0.011788
9.350000	0.000000	0.011616
9.360000	0.000000	0.011444
9.370000	0.000000	0.011271
9.380000	0.000000	0.011099
9.390000	0.000000	0.010927
9.400000	0.000000	0.010759
9.410000	0.000000	0.010598
9.420000	0.000000	0.010442
9.430000	0.000000	0.010290
9.440000	0.000000	0.010139
9.450000	0.000000	0.009989
9.460000	0.000000	0.009840
9.470000	0.000000	0.009691
9.480000	0.000000	0.009542
9.490000	0.000000	0.009394
9.500000	0.000000	0.009249
9.510000	0.000000	0.009114
9.520000	0.000000	0.008981
9.530000	0.000000	0.008848
9.540000	0.000000	0.008715
9.550000	0.000000	0.008582
9.560000	0.000000	0.008449
9.570000	0.000000	0.008317
9.580000	0.000000	0.008191
9.590000	0.000000	0.008072
9.600000	0.000000	0.007957
9.610000	0.000000	0.007841
9.620000	0.000000	0.007726
9.630000	0.000000	0.007611
9.640000	0.000000	0.007495
9.650000	0.000000	0.007380
9.660000	0.000000	0.007266
9.670000	0.000000	0.007151
9.680000	0.000000	0.007046
9.690000	0.000000	0.006943
9.700000	0.000000	0.006843
9.710000	0.000000	0.006743
9.720000	0.000000	0.006642
9.730000	0.000000	0.006543
9.740000	0.000000	0.006443
9.750000	0.000000	0.006343
9.760000	0.000000	0.006247
9.770000	0.000000	0.006156
9.780000	0.000000	0.006067
9.790000	0.000000	0.005977
9.800000	0.000000	0.005888
9.810000	0.000000	0.005800
9.820000	0.000000	0.005711
9.830000	0.000000	0.005621
9.840000	0.000000	0.005529
9.850000	0.000000	0.005447
9.860000	0.000000	0.005370
9.870000	0.000000	0.005292
9.880000	0.000000	0.005215
9.890000	0.000000	0.005138
9.900000	0.000000	0.005061
9.910000	0.000000	0.004984
9.920000	0.000000	0.004908
9.930000	0.000000	0.004834
9.940000	0.000000	0.004764
9.950000	0.000000	0.004694
9.960000	0.000000	0.004626
9.970000	0.000000	0.004559
9.980000	0.000000	0.004492
9.990000	0.000000	0.004425
10.000000	0.000000	0.004356
10.010000	0.000000	0.004287
10.020000	0.000000	0.004220
10.030000	0.000000	0.004157
10.040000	0.000000	0.004097
10.050000	0.000000	0.004037
10.060000	0.000000	0.003978
10.070000	0.000000	0.003918
10.080000	0.000000	0.003859
10.090000	0.000000	0.003800
10.100000	0.000000	0.003741
10.110000	0.000000	0.003684
10.120000	0.000000	0.003630
10.130000	0.000000	0.003578
10.140000	0.000000	0.003526
10.150000	0.000000	0.003474
10.160000	0.000000	0.003423
10.170000	0.000000	0.003369
10.180000	0.000000	0.003316
10.190000	0.000000	0.003267
10.200000	0.000000	0.003220
10.210000	0.000000	0.003173
10.220000	0.000000	0.003127
10.230000	0.000000	0.003082
10.240000	0.000000	0.003037
10.250000	0.000000	0.002992
10.260000	0.000000	0.002947
10.270000	0.000000	0.002902
10.280000	0.000000	0.002858
10.290000	0.000000	0.002813
10.300000	0.000000	0.002771
10.310000	0.000000	0.002731
10.320000	0.000000	0.002691
10.330000	0.000000	0.002652
10.340000	0.000000	0.002610
10.350000	0.000000	0.002570
10.360000	0.000000	0.002530
10.370000	0.000000	0.002492
10.380000	0.000000	0.002454
10.390000	0.000000	0.002418
10.400000	0.000000	0.002383
10.410000	0.000000	0.002349
10.420000	0.000000	0.002314
10.430000	0.000000	0.002280
10.440000	0.000000	0.002245
10.450000	0.000000	0.002212
10.460000	0.000000	0.002180
10.470000	0.000000	0.002149
10.480000	0.000000	0.002117
10.490000	0.000000	0.002086
10.500000	0.000000	0.002056
10.510000	0.000000	0.002024
10.520000	0.000000	0.001994
10.530000	0.000000	0.001964
10.540000	0.000000	0.001934
10.550000	0.000000	0.001904
10.560000	0.000000	0.001875
10.570000	0.000000	0.001847
10.580000	0.000000	0.001821
10.590000	0.000000	0.001794
10.600000	0.000000	0.001767
10.610000	0.000000	0.001741
10.620000	0.000000	0.001714
10.630000	0.000000	0.001688
10.640000	0.000000	0.001663
10.650000	0.000000	0.001638
10.660000	0.000000	0.001614
10.670000	0.000000	0.001590
10.680000	0.000000	0.001566
10.690000	0.000000	0.001543
10.700000	0.000000	0.001520
10.710000	0.000000	0.001497
10.720000	0.000000	0.001475
10.730000	0.000000	0.001454
10.740000	0.000000	0.001433
10.750000	0.000000	0.001412
10.760000	0.000000	0.001392
10.770000	0.000000	0.001372
10.780000	0.000000	0.001352
10.790000	0.000000	0.001331
10.800000	0.000000	0.001311
10.810000	0.000000	0.001291
10.820000	0.000000	0.001271
10.830000	0.000000	0.001252
10.840000	0.000000	0.001233
10.850000	0.000000	0.001214
10.860000	0.000000	0.001197
10.870000	0.000000	0.001179
10.880000	0.000000	0.001161
10.890000	0.000000	0.001143
10.900000	0.000000	0.001126
10.910000	0.000000	0.001109
10.920000	0.000000	0.001093
10.930000	0.000000	0.001077
10.940000	0.000000	0.001061
10.950000	0.000000	0.001046
10.960000	0.000000	0.001030
10.970000	0.000000	0.001015
10.980000	0.000000	0.001001
10.990000	0.000000	0.000986
11.000000	0.000000	0.000972
11.010000	0.000000	0.000958
11.020000	0.000000	0.000943
11.030000	0.000000	0.000930
11.040000	0.000000	0.000916
11.050000	0.000000	0.000903
11.060000	0.000000	0.000889
11.070000	0.000000	0.000876
11.080000	0.000000	0.000862
11.090000	0.000000	0.000849
11.100000	0.000000	0.000836
11.110000	0.000000	0.000824
11.120000	0.000000	0.000812
11.130000	0.000000	0.000800
11.140000	0.000000	0.000788
11.150000	0.000000	0.000776
11.160000	0.000000	0.000764
11.170000	0.000000	0.000753
11.180000	0.000000	0.000741
11.190000	0.000000	0.000730
11.200000	0.000000	0.000719
11.210000	0.000000	0.000708
11.220000	0.000000	0.000698
11.230000	0.000000	0.000688
11.240000	0.000000	0.000678
11.250000	0.000000	0.000668
11.260000	0.000000	0.000659
11.270000	0.000000	0.000650
11.280000	0.000000	0.000640
11.290000	0.000000	0.000631
11.300000	0.000000	0.000622
11.310000	0.000000	0.000613
11.320000	0.000000	0.000604
11.330000	0.000000	0.000595
11.340000	0.000000	0.000585
11.350000	0.000000	0.000576
11.360000	0.000000	0.000567
11.370000	0.000000	0.000558
11.380000	0.000000	0.000550
11.390000	0.000000	0.000542
11.400000	0.000000	0.000534
11.410000	0.000000	0.000526
11.420000	0.000000	0.000518
11.430000	0.000000	0.000511
11.440000	0.000000	0.000503
11.450000	0.000000	0.000495
11.460000	0.000000	0.000488
11.470000	0.000000	0.000481
11.480000	0.000000	0.000474
11.490000	0.000000	0.000467
11.500000	0.000000	0.000460
11.510000	0.000000	0.000453
11.520000	0.000000	0.000447
11.530000	0.000000	0.000441
11.540000	0.000000	0.000434
11.550000	0.000000	0.000428
11.560000	0.000000	0.000422
11.570000	0.000000	0.000416
11.580000	0.000000	0.000410
11.590000	0.000000	0.000403
11.600000	0.000000	0.000397
11.610000	0.000000	0.000391
11.620000	0.000000	0.000385
11.630000	0.000000	0.000379
11.640000	0.000000	0.000374
11.650000	0.000000	0.000368
11.660000	0.000000	0.000363
11.670000	0.000000	0.000358
11.680000	0.000000	0.000352
11.690000	0.000000	0.000346
11.700000	0.000000	0.000341
11.710000	0.000000	0.000336
11.720000	0.000000	0.000331
11.730000	0.000000	0.000326
11.740000	0.000000	0.000321
11.750000	0.000000	0.000317
11.760000	0.000000	0.000312
11.770000	0.000000	0.000308
11.780000	0.000000	0.000303
11.790000	0.000000	0.000299
11.800000	0.000000	0.000295
11.810000	0.000000	0.000291
11.820000	0.000000	0.000286
11.830000	0.000000	0.000282
11.840000	0.000000	0.000278
11.850000	0.000000	0.000274
11.860000	0.000000	0.000270
11.870000	0.000000	0.000266
11.880000	0.000000	0.000262
11.890000	0.000000	0.000258
11.900000	0.000000	0.000254
11.910000	0.000000	0.000250
11.920000	0.000000	0.000246
11.930000	0.000000	0.000243
11.940000	0.000000	0.000239
11.950000	0.000000	0.000236
11.960000	0.000000	0.000232
11.970000	0.000000	0.000229
11.980000	0.000000	0.000225
11.990000	0.000000	0.000222
12.000000	0.000000	0.000219
12.010000	0.000000	0.000215
12.020000	0.000000	0.000212
12.030000	0.000000	0.000209
12.040000	0.000000	0.000206
12.050000	0.000000	0.000203
12.060000	0.000000	0.000200
12.070000	0.000000	0.000197
12.080000	0.000000	0.000195
12.090000	0.000000	0.000192
12.100000	0.000000	0.000189
12.110000	0.000000	0.000186
12.120000	0.000000	0.000184
12.130000	0.000000	0.000181
12.140000	0.000000	0.000178
12.150000	0.000000	0.000175
12.160000	0.000000	0.000173
12.170000	0.000000	0.000170
12.180000	0.000000	0.000167
12.190000	0.000000	0.000165
12.200000	0.000000	0.000162
12.210000	0.000000	0.000160
12.220000	0.000000	0.000158
12.230000	0.000000	0.000155
12.240000	0.000000	0.000153
12.250000	0.000000	0.000151
12.260000	0.000000	0.000149
12.270000	0.000000	0.000146
12.280000	0.000000	0.000144
12.290000	0.000000	0.000142
12.300000	0.000000	0.000140
12.310000	0.000000	0.000138
12.320000	0.000000	0.000136
12.330000	0.000000	0.000134
12.340000	0.000000	0.000132
12.350000	0.000000	0.000130
12.360000	0.000000	0.000128
12.370000	0.000000	0.000127
12.380000	0.000000	0.000125
12.390000	0.000000	0.000123
12.400000	0.000000	0.000121
12.410000	0.000000	0.000119
12.420000	0.000000	0.000118
12.430000	0.000000	0.000116
12.440000	0.000000	0.000114
12.450000	0.000000	0.000112
12.460000	0.000000	0.000111
12.470000	0.000000	0.000109
12.480000	0.000000	0.000107
12.490000	0.000000	0.000106
12.500000	0.000000	0.000104
12.510000	0.000000	0.000103
12.520000	0.000000	0.000101
12.530000	0.000000	0.000099
12.540000	0.000000	0.000098
12.550000	0.000000	0.000097
12.560000	0.000000	0.000095
12.570000	0.000000	0.000094
12.580000	0.000000	0.000092
12.590000	0.000000	0.000091
12.600000	0.000000	0.000090
12.610000	0.000000	0.000089
12.620000	0.000000	0.000087
12.630000	0.000000	0.000086
12.640000	0.000000	0.000085
12.650000	0.000000	0.000084
12.660000	0.000000	0.000082
12.670000	0.000000	0.000081
12.680000	0.000000	0.000080
12.690000	0.000000	0.000079
12.700000	0.000000	0.000078
12.710000	0.000000	0.000076
12.720000	0.000000	0.000075
12.730000	0.000000	0.000074
12.740000	0.000000	0.000073
12.750000	0.000000	0.000072
12.760000	0.000000	0.000071
12.770000	0.000000	0.000070
12.780000	0.000000	0.000069
12.790000	0.000000	0.000068
12.800000	0.000000	0.000067
12.810000	0.000000	0.000066
12.820000	0.000000	0.000065
12.830000	0.000000	0.000064
12.840000	0.000000	0.000063
12.850000	0.000000	0.000062
12.860000	0.000000	0.000061
12.870000	0.000000	0.000060
12.880000	0.000000	0.000059
12.890000	0.000000	0.000059
12.900000	0.000000	0.000058
12.910000	0.000000	0.000057
12.920000	0.000000	0.000056
12.930000	0.000000	0.000055
12.940000	0.000000	0.000054
12.950000	0.000000	0.000054
12.960000	0.000000	0.000053
12.970000	0.000000	0.000052
12.980000	0.000000	0.000051
12.990000	0.000000	0.000050
13.000000	0.000000	0.000050
13.010000	0.000000	0.000049
13.020000	0.000000	0.000048
13.030000	0.000000	0.000047
13.040000	0.000000	0.000047
13.050000	0.000000	0.000046
13.060000	0.000000	0.000045
13.070000	0.000000	0.000045
13.080000	0.000000	0.000044
13.090000	0.000000	0.000043
13.100000	0.000000	0.000043
13.110000	0.000000	0.000042
13.120000	0.000000	0.000042
13.130000	0.000000	0.000041
13.140000	0.000000	0.000040
13.150000	0.000000	0.000040
13.160000	0.000000	0.000039
13.170000	0.000000	0.000039
13.180000	0.000000	0.000038
13.190000	0.000000	0.000038
13.200000	0.000000	0.000037
13.210000	0.000000	0.000037
13.220000	0.000000	0.000036
13.230000	0.000000	0.000035
13.240000	0.000000	0.000035
13.250000	0.000000	0.000034
13.260000	0.000000	0.000034
13.270000	0.000000	0.000033
13.280000	0.000000	0.000033
13.290000	0.000000	0.000032
13.300000	0.000000	0.000032
13.310000	0.000000	0.000031
13.320000	0.000000	0.000031
13.330000	0.000000	0.000031
13.340000	0.000000	0.000030
13.350000	0.000000	0.000030
13.360000	0.000000	0.000029
13.370000	0.000000	0.000029
13.380000	0.000000	0.000028
13.390000	0.000000	0.000028
13.400000	0.000000	0.000028
13.410000	0.000000	0.000027
13.420000	0.000000	0.000027
13.430000	0.000000	0.000026
13.440000	0.000000	0.000026
13.450000	0.000000	0.000026
13.460000	0.000000	0.000025
13.470000	0.000000	0.000025
13.480000	0.000000	0.000025
13.490000	0.000000	0.000024
13.500000	0.000000	0.000024
13.510000	0.000000	0.000023
13.520000	0.000000	0.000023
13.530000	0.000000	0.000023
13.540000	0.000000	0.000022
13.550000	0.000000	0.000022
13.560000	0.000000	0.000022
13.570000	0.000000	0.000021
13.580000	0.000000	0.000021
13.590000	0.000000	0.000021
13.600000	0.000000	0.000020
13.610000	0.000000	0.000020
13.620000	0.000000	0.000020
13.630000	0.000000	0.000020
13.640000	0.000000	0.000019
13.650000	0.000000	0.000019
13.660000	0.000000	0.000019
13.670000	0.000000	0.000019
13.680000	0.000000	0.000018
13.690000	0.000000	0.000018
13.700000	0.000000	0.000018
13.710000	0.000000	0.000017
13.720000	0.000000	0.000017
13.730000	0.000000	0.000017
13.740000	0.000000	0.000017
13.750000	0.000000	0.000016
13.760000	0.000000	0.000016
13.770000	0.000000	0.000016
13.780000	0.000000	0.000016
13.790000	0.000000	0.000016
13.800000	0.000000	0.000015
13.810000	0.000000	0.000015
13.820000	0.000000	0.000015
13.830000	0.000000	0.000015
13.840000	0.000000	0.000014
13.850000	0.000000	0.000014
13.860000	0.000000	0.000014
13.870000	0.000000	0.000014
13.880000	0.000000	0.000014
13.890000	0.000000	0.000013
13.900000	0.000000	0.000013
13.910000	0.000000	0.000013
13.920000	0.000000	0.000013
13.930000	0.000000	0.000013
13.940000	0.000000	0.000012
13.950000	0.000000	0.000012
13.960000	0.000000	0.000012
13.970000	0.000000	0.000012
13.980000	0.000000	0.000012
13.990000	0.000000	0.000012
14.000000	0.000000	0.000011
14.010000	0.000000	0.000011
14.020000	0.000000	0.000011
14.030000	0.000000	0.000011
14.040000	0.000000	0.000011
14.050000	0.000000	0.000011
14.060000	0.000000	0.000010
14.070000	0.000000	0.000010
14.080000	0.000000	0.000010
14.090000	0.000000	0.000010
14.100000	0.000000	0.000010
14.110000	0.000000	0.000010
14.120000	0.000000	0.000010
14.130000	0.000000	0.000009
14.140000	0.000000	0.000009
14.150000	0.000000	0.000009
14.160000	0.000000	0.000009
14.170000	0.000000	0.000009
14.180000	0.000000	0.000009
14.190000	0.000000	0.000009
14.200000	0.000000	0.000008
14.210000	0.000000	0.000008
14.220000	0.000000	0.000008
14.230000	0.000000	0.000008
14.240000	0.000000	0.000008
14.250000	0.000000	0.000008
14.260000	0.000000	0.000008
14.270000	0.000000	0.000008
14.280000	0.000000	0.000008
14.290000	0.000000	0.000007
14.300000	0.000000	0.000007
14.310000	0.000000	0.000007
14.320000	0.000000	0.000007
14.330000	0.000000	0.000007
14.340000	0.000000	0.000007
14.350000	0.000000	0.000007
14.360000	0.000000	0.000007
14.370000	0.000000	0.000007
14.380000	0.000000	0.000007
14.390000	0.000000	0.000006
14.400000	0.000000	0.000006
14.410000	0.000000	0.000006
14.420000	0.000000	0.000006
14.430000	0.000000	0.000006
14.440000	0.000000	0.000006
14.450000	0.000000	0.000006
14.460000	0.000000	0.000006
14.470000	0.000000	0.000006
14.480000	0.000000	0.000006
14.490000	0.000000	0.000006
14.500000	0.000000	0.000005
14.510000	0.000000	0.000005
14.520000	0.000000	0.000005
14.530000	0.000000	0.000005
14.540000	0.000000	0.000005
14.550000	0.000000	0.000005
14.560000	0.000000	0.000005
14.570000	0.000000	0.000005
14.580000	0.000000	0.000005
14.590000	0.000000	0.000005
14.600000	0.000000	0.000005
14.610000	0.000000	0.000005
14.620000	0.000000	0.000005
14.630000	0.000000	0.000005
14.640000	0.000000	0.000004
14.650000	0.000000	0.000004
14.660000	0.000000	0.000004
14.670000	0.000000	0.000004
14.680000	0.000000	0.000004
14.690000	0.000000	0.000004
14.700000	0.000000	0.000004
14.710000	0.000000	0.000004
14.720000	0.000000	0.000004
14.730000	0.000000	0.000004
14.740000	0.000000	0.000004
14.750000	0.000000	0.000004
14.760000	0.000000	0.000004
14.770000	0.000000	0.000004
14.780000	0.000000	0.000004
14.790000	0.000000	0.000004
14.800000	0.000000	0.000004
14.810000	0.000000	0.000003
14.820000	0.000000	0.000003
14.830000	0.000000	0.000003
14.840000	0.000000	0.000003
14.850000	0.000000	0.000003
14.860000	0.000000	0.000003
14.870000	0.000000	0.000003
14.880000	0.000000	0.000003
14.890000	0.000000	0.000003
14.900000	0.000000	0.000003
14.910000	0.000000	0.000003
14.920000	0.000000	0.000003
14.930000	0.000000	0.000003
14.940000	0.000000	0.000003
14.950000	0.000000	0.000003
14.960000	0.000000	0.000003
14.970000	0.000000	0.000003
14.980000	0.000000	0.000003
14.990000	0.000000	0.000003
15.000000	0.000000	0.000003
15.010000	0.000000	0.000003
15.020000	0.000000	0.000003
15.030000	0.000000	0.000003
15.040000	0.000000	0.000002
15.050000	0.000000	0.000002
15.060000	0.000000	0.000002
15.070000	0.000000	0.000002
15.080000	0.000000	0.000002
15.090000	0.000000	0.000002
15.100000	0.000000	0.000002
15.110000	0.000000	0.000002
15.120000	0.000000	0.000002
15.130000	0.000000	0.000002
15.140000	0.000000	0.000002
15.150000	0.000000	0.000002
15.160000	0.000000	0.000002
15.170000	0.000000	0.000002
15.180000	0.000000	0.000002
15.190000	0.000000	0.000002
15.200000	0.000000	0.000002
15.210000	0.000000	0.000002
15.220000	0.000000	0.000002
15.230000	0.000000	0.000002
15.240000	0.000000	0.000002
15.250000	0.000000	0.000002
15.260000	0.000000	0.000002
15.270000	0.000000	0.000002
15.280000	0.000000	0.000002
15.290000	0.000000	0.000002
15.300000	0.000000	0.000002
15.310000	0.000000	0.000002
15.320000	0.000000	0.000002
15.330000	0.000000	0.000002
15.340000	0.000000	0.000002
15.350000	0.000000	0.000002
15.360000	0.000000	0.000002
15.370000	0.000000	0.000002
15.380000	0.000000	0.000002
15.390000	0.000000	0.000001
15.400000	0.000000	0.000001
15.410000	0.000000	0.000001
15.420000	0.000000	0.000001
15.430000	0.000000	0.000001
15.440000	0.000000	0.000001
15.450000	0.000000	0.000001
15.460000	0.000000	0.000001
15.470000	0.000000	0.000001
15.480000	0.000000	0.000001
15.490000	0.000000	0.000001
15.500000	0.000000	0.000001
15.510000	0.000000	0.000001
15.520000	0.000000	0.000001
15.530000	0.000000	0.000001
15.540000	0.000000	0.000001
15.550000	0.000000	0.000001
15.560000	0.000000	0.000001
15.570000	0.000000	0.000001
15.580000	0.000000	0.000001
15.590000	0.000000	0.000001
15.600000	0.000000	0.000001
15.610000	0.000000	0.000001
15.620000	0.000000	0.000001
15.630000	0.000000	0.000001
15.640000	0.000000	0.000001
15.650000	0.000000	0.000001
15.660000	0.000000	0.000001
15.670000	0.000000	9.9e-07
15.680000	0.000000	9.7e-07
15.690000	0.000000	9.6e-07
15.700000	0.000000	9.4e-07
15.710000	0.000000	9.3e-07
15.720000	0.000000	9.1e-07
15.730000	0.000000	9.0e-07
15.740000	0.000000	8.9e-07
15.750000	0.000000	8.7e-07
15.760000	0.000000	8.6e-07
15.770000	0.000000	8.5e-07
15.780000	0.000000	8.4e-07
15.790000	0.000000	8.2e-07
15.800000	0.000000	8.1e-07
15.810000	0.000000	8.0e-07
15.820000	0.000000	7.9e-07
15.830000	0.000000	7.8e-07
15.840000	0.000000	7.7e-07
15.850000	0.000000	7.6e-07
15.860000	0.000000	7.5e-07
15.870000	0.000000	7.4e-07
15.880000	0.000000	7.3e-07
15.890000	0.000000	7.2e-07
15.900000	0.000000	7.1e-07
15.910000	0.000000	7.0e-07
15.920000	0.000000	6.9e-07
15.930000	0.000000	6.8e-07
15.940000	0.000000	6.7e-07
15.950000	0.000000	6.6e-07
15.960000	0.000000	6.5e-07
15.970000	0.000000	6.4e-07
15.980000	0.000000	6.3e-07
15.990000	0.000000	6.2e-07
16.000000	0.000000	6.1e-07
16.010000	0.000000	6.0e-07
16.020000	0.000000	5.9e-07
16.030000	0.000000	5.8e-07
16.040000	0.000000	5.7e-07
16.050000	0.000000	5.6e-07
16.060000	0.000000	5.6e-07
16.070000	0.000000	5.5e-07
16.080000	0.000000	5.4e-07
16.090000	0.000000	5.3e-07
16.100000	0.000000	5.2e-07
16.110000	0.000000	5.2e-07
16.120000	0.000000	5.1e-07
16.130000	0.000000	5.0e-07
16.140000	0.000000	5.0e-07
16.150000	0.000000	4.9e-07
16.160000	0.000000	4.8e-07
16.170000	0.000000	4.8e-07
16.180000	0.000000	4.7e-07
16.190000	0.000000	4.6e-07
16.200000	0.000000	4.6e-07
16.210000	0.000000	4.5e-07
16.220000	0.000000	4.4e-07
16.230000	0.000000	4.4e-07
16.240000	0.000000	4.3e-07
16.250000	0.000000	4.2e-07
16.260000	0.000000	4.2e-07
16.270000	0.000000	4.1e-07
16.280000	0.000000	4.0e-07
16.290000	0.000000	4.0e-07
16.300000	0.000000	3.9e-07
16.310000	0.000000	3.9e-07
16.320000	0.000000	3.8e-07
16.330000	0.000000	3.8e-07
16.340000	0.000000	3.7e-07
16.350000	0.000000	3.6e-07
16.360000	0.000000	3.6e-07
16.370000	0.000000	3.5e-07
16.380000	0.000000	3.5e-07
16.390000	0.000000	3.4e-07
16.400000	0.000000	3.4e-07
16.410000	0.000000	3.3e-07
16.420000	0.000000	3.3e-07
16.430000	0.000000	3.3e-07
16.440000	0.000000	3.2e-07
16.450000	0.000000	3.2e-07
16.460000	0.000000	3.1e-07
16.470000	0.000000	3.1e-07
16.480000	0.000000	3.0e-07
16.490000	0.000000	3.0e-07
16.500000	0.000000	2.9e-07
16.510000	0.000000	2.9e-07
16.520000	0.000000	2.9e-07
16.530000	0.000000	2.8e-07
16.540000	0.000000	2.8e-07
16.550000	0.000000	2.7e-07
16.560000	0.000000	2.7e-07
16.570000	0.000000	2.6e-07
16.580000	0.000000	2.6e-07
16.590000	0.000000	2.6e-07
16.600000	0.000000	2.5e-07
16.610000	0.000000	2.5e-07
16.620000	0.000000	2.5e-07
16.630000	0.000000	2.4e-07
16.640000	0.000000	2.4e-07
16.650000	0.000000	2.4e-07
16.660000	0.000000	2.3e-07
16.670000	0.000000	2.3e-07
16.680000	0.000000	2.3e-07
16.690000	0.000000	2.2e-07
16.700000	0.000000	2.2e-07
16.710000	0.000000	2.2e-07
16.720000	0.000000	2.1e-07
16.730000	0.000000	2.1e-07
16.740000	0.000000	2.1e-07
16.750000	0.000000	2.0e-07
16.760000	0.000000	2.0e-07
16.770000	0.000000	2.0e-07
16.780000	0.000000	2.0e-07
16.790000	0.000000	1.9e-07
16.800000	0.000000	1.9e-07
16.810000	0.000000	1.9e-07
16.820000	0.000000	1.8e-07
16.830000	0.000000	1.8e-07
16.840000	0.000000	1.8e-07
16.850000	0.000000	1.8e-07
16.860000	0.000000	1.7e-07
16.870000	0.000000	1.7e-07
16.880000	0.000000	1.7e-07
16.890000	0.000000	1.7e-07
16.900000	0.000000	1.6e-07
16.910000	0.000000	1.6e-07
16.920000	0.000000	1.6e-07
16.930000	0.000000	1.6e-07
16.940000	0.000000	1.5e-07
16.950000	0.000000	1.5e-07
16.960000	0.000000	1.5e-07
16.970000	0.000000	1.5e-07
16.980000	0.000000	1.5e-07
16.990000	0.000000	1.4e-07
17.000000	0.000000	1.4e-07
17.010000	0.000000	1.4e-07
17.020000	0.000000	1.4e-07
17.030000	0.000000	1.4e-07
17.040000	0.000000	1.3e-07
17.050000	0.000000	1.3e-07
17.060000	0.000000	1.3e-07
17.070000	0.000000	1.3e-07
17.080000	0.000000	1.3e-07
17.090000	0.000000	1.2e-07
17.100000	0.000000	1.2e-07
17.110000	0.000000	1.2e-07
17.120000	0.000000	1.2e-07
17.130000	0.000000	1.2e-07
17.140000	0.000000	1.2e-07
17.150000	0.000000	1.1e-07
17.160000	0.000000	1.1e-07
17.170000	0.000000	1.1e-07
17.180000	0.000000	1.1e-07
17.190000	0.000000	1.1e-07
17.200000	0.000000	1.1e-07
17.210000	0.000000	1.0e-07
17.220000	0.000000	1.0e-07
17.230000	0.000000	1.0e-07
17.240000	0.000000	1.0e-07
17.250000	0.000000	9.9e-08
17.260000	0.000000	9.7e-08
17.270000	0.000000	9.6e-08
17.280000	0.000000	9.5e-08
17.290000	0.000000	9.3e-08
17.300000	0.000000	9.2e-08
17.310000	0.000000	9.1e-08
17.320000	0.000000	8.9e-08
17.330000	0.000000	8.8e-08
17.340000	0.000000	8.7e-08
17.350000	0.000000	8.5e-08
17.360000	0.000000	8.4e-08
17.370000	0.000000	8.3e-08
17.380000	0.000000	8.1e-08
17.390000	0.000000	8.0e-08
17.400000	0.000000	7.9e-08
17.410000	0.000000	7.8e-08
17.420000	0.000000	7.7e-08
17.430000	0.000000	7.6e-08
17.440000	0.000000	7.5e-08
17.450000	0.000000	7.3e-08
17.460000	0.000000	7.2e-08
17.470000	0.000000	7.1e-08
17.480000	0.000000	7.0e-08
17.490000	0.000000	6.9e-08
17.500000	0.000000	6.8e-08
17.510000	0.000000	6.8e-08
17.520000	0.000000	6.7e-08
17.530000	0.000000	6.6e-08
17.540000	0.000000	6.5e-08
17.550000	0.000000	6.4e-08
17.560000	0.000000	6.3e-08
17.570000	0.000000	6.2e-08
17.580000	0.000000	6.1e-08
17.590000	0.000000	6.0e-08
17.600000	0.000000	5.9e-08
17.610000	0.000000	5.8e-08
17.620000	0.000000	5.8e-08
17.630000	0.000000	5.7e-08
17.640000	0.000000	5.6e-08
17.650000	0.000000	5.5e-08
17.660000	0.000000	5.4e-08
17.670000	0.000000	5.3e-08
17.680000	0.000000	5.3e-08
17.690000	0.000000	5.2e-08
17.700000	0.000000	5.1e-08
17.710000	0.000000	5.0e-08
17.720000	0.000000	5.0e-08
17.730000	0.000000	4.9e-08
17.740000	0.000000	4.8e-08
17.750000	0.000000	4.8e-08
17.760000	0.000000	4.7e-08
17.770000	0.000000	4.6e-08
17.780000	0.000000	4.6e-08
17.790000	0.000000	4.5e-08
17.800000	0.000000	4.4e-08
17.810000	0.000000	4.4e-08
17.820000	0.000000	4.3e-08
17.830000	0.000000	4.3e-08
17.840000	0.000000	4.2e-08
17.850000	0.000000	4.1e-08
17.860000	0.000000	4.1e-08
17.870000	0.000000	4.0e-08
17.880000	0.000000	4.0e-08
17.890000	0.000000	3.9e-08
17.900000	0.000000	3.8e-08
17.910000	0.000000	3.8e-08
17.920000	0.000000	3.7e-08
17.930000	0.000000	3.7e-08
17.940000	0.000000	3.6e-08
17.950000	0.000000	3.6e-08
17.960000	0.000000	3.5e-08
17.970000	0.000000	3.5e-08
17.980000	0.000000	3.4e-08
17.990000	0.000000	3.4e-08
18.000000	0.000000	3.3e-08
18.010000	0.000000	3.3e-08
18.020000	0.000000	3.2e-08
18.030000	0.000000	3.2e-08
18.040000	0.000000	3.1e-08
18.050000	0.000000	3.1e-08
18.060000	0.000000	3.0e-08
18.070000	0.000000	3.0e-08
18.080000	0.000000	3.0e-08
18.090000	0.000000	2.9e-08
18.100000	0.000000	2.9e-08
18.110000	0.000000	2.8e-08
18.120000	0.000000	2.8e-08
18.130000	0.000000	2.8e-08
18.140000	0.000000	2.7e-08
18.150000	0.000000	2.7e-08
18.160000	0.000000	2.6e-08
18.170000	0.000000	2.6e-08
18.180000	0.000000	2.6e-08
18.190000	0.000000	2.5e-08
18.200000	0.000000	2.5e-08
18.210000	0.000000	2.4e-08
18.220000	0.000000	2.4e-08
18.230000	0.000000	2.4e-08
18.240000	0.000000	2.3e-08
18.250000	0.000000	2.3e-08
18.260000	0.000000	2.3e-08
18.270000	0.000000	2.2e-08
18.280000	0.000000	2.2e-08
18.290000	0.000000	2.2e-08
18.300000	0.000000	2.1e-08
18.310000	0.000000	2.1e-08
18.320000	0.000000	2.1e-08
18.330000	0.000000	2.1e-08
18.340000	0.000000	2.0e-08
18.350000	0.000000	2.0e-08
18.360000	0.000000	2.0e-08
18.370000	0.000000	1.9e-08
18.380000	0.000000	1.9e-08
18.390000	0.000000	1.9e-08
18.400000	0.000000	1.9e-08
18.410000	0.000000	1.8e-08
18.420000	0.000000	1.8e-08
18.430000	0.000000	1.8e-08
18.440000	0.000000	1.8e-08
18.450000	0.000000	1.7e-08
18.460000	0.000000	1.7e-08
18.470000	0.000000	1.7e-08
18.480000	0.000000	1.6e-08
18.490000	0.000000	1.6e-08
18.500000	0.000000	1.6e-08
18.510000	0.000000	1.6e-08
18.520000	0.000000	1.6e-08
18.530000	0.000000	1.5e-08
18.540000	0.000000	1.5e-08
18.550000	0.000000	1.5e-08
18.560000	0.000000	1.5e-08
18.570000	0.000000	1.4e-08
18.580000	0.000000	1.4e-08
18.590000	0.000000	1.4e-08
18.600000	0.000000	1.4e-08
18.610000	0.000000	1.4e-08
18.620000	0.000000	1.4e-08
18.630000	0.000000	1.3e-08
18.640000	0.000000	1.3e-08
18.650000	0.000000	1.3e-08
18.660000	0.000000	1.3e-08
18.670000	0.000000	1.3e-08
18.680000	0.000000	1.2e-08
18.690000	0.000000	1.2e-08
18.700000	0.000000	1.2e-08
18.710000	0.000000	1.2e-08
18.720000	0.000000	1.2e-08
18.730000	0.000000	1.2e-08
18.740000	0.000000	1.1e-08
18.750000	0.000000	1.1e-08
18.760000	0.000000	1.1e-08
18.770000	0.000000	1.1e-08
18.780000	0.000000	1.1e-08
18.790000	0.000000	1.1e-08
18.800000	0.000000	1.0e-08
18.810000	0.000000	1.0e-08
18.820000	0.000000	1.0e-08
18.830000	0.000000	9.9e-09
18.840000	0.000000	9.8e-09
18.850000	0.000000	9.7e-09
18.860000	0.000000	9.5e-09
18.870000	0.000000	9.4e-09
18.880000	0.000000	9.3e-09
18.890000	0.000000	9.1e-09
18.900000	0.000000	9.0e-09
18.910000	0.000000	8.9e-09
18.920000	0.000000	8.8e-09
18.930000	0.000000	8.6e-09
18.940000	0.000000	8.5e-09
18.950000	0.000000	8.4e-09
18.960000	0.000000	8.3e-09
18.970000	0.000000	8.2e-09
18.980000	0.000000	8.0e-09
18.990000	0.000000	7.9e-09
19.000000	0.000000	7.8e-09
19.010000	0.000000	7.7e-09
19.020000	0.000000	7.6e-09
19.030000	0.000000	7.4e-09
19.040000	0.000000	7.3e-09
19.050000	0.000000	7.2e-09
19.060000	0.000000	7.1e-09
19.070000	0.000000	7.0e-09
19.080000	0.000000	6.9e-09
19.090000	0.000000	6.8e-09
19.100000	0.000000	6.7e-09
19.110000	0.000000	6.6e-09
19.120000	0.000000	6.5e-09
19.130000	0.000000	6.4e-09
19.140000	0.000000	6.4e-09
19.150000	0.000000	6.3e-09
19.160000	0.000000	6.2e-09
19.170000	0.000000	6.1e-09
19.180000	0.000000	6.0e-09
19.190000	0.000000	5.9e-09
19.200000	0.000000	5.8e-09
19.210000	0.000000	5.8e-09
19.220000	0.000000	5.7e-09
19.230000	0.000000	5.6e-09
19.240000	0.000000	5.5e-09
19.250000	0.000000	5.4e-09
19.260000	0.000000	5.4e-09
19.270000	0.000000	5.3e-09
19.280000	0.000000	5.2e-09
19.290000	0.000000	5.1e-09
19.300000	0.000000	5.0e-09
19.310000	0.000000	5.0e-09
19.320000	0.000000	4.9e-09
19.330000	0.000000	4.8e-09
19.340000	0.000000	4.7e-09
19.350000	0.000000	4.7e-09
19.360000	0.000000	4.6e-09
19.370000	0.000000	4.5e-09
19.380000	0.000000	4.5e-09
19.390000	0.000000	4.4e-09
19.400000	0.000000	4.4e-09
19.410000	0.000000	4.3e-09
19.420000	0.000000	4.2e-09
19.430000	0.000000	4.2e-09
19.440000	0.000000	4.1e-09
19.450000	0.000000	4.1e-09
19.460000	0.000000	4.0e-09
19.470000	0.000000	4.0e-09
19.480000	0.000000	3.9e-09
19.490000	0.000000	3.8e-09
19.500000	0.000000	3.8e-09
19.510000	0.000000	3.7e-09
19.520000	0.000000	3.7e-09
19.530000	0.000000	3.6e-09
19.540000	0.000000	3.6e-09
19.550000	0.000000	3.5e-09
19.560000	0.000000	3.5e-09
19.570000	0.000000	3.4e-09
19.580000	0.000000	3.4e-09
19.590000	0.000000	3.3e-09
19.600000	0.000000	3.3e-09
19.610000	0.000000	3.2e-09
19.620000	0.000000	3.2e-09
19.630000	0.000000	3.1e-09
19.640000	0.000000	3.1e-09
19.650000	0.000000	3.0e-09
19.660000	0.000000	3.0e-09
19.670000	0.000000	3.0e-09
19.680000	0.000000	2.9e-09
19.690000	0.000000	2.9e-09
19.700000	0.000000	2.8e-09
19.710000	0.000000	2.8e-09
19.720000	0.000000	2.8e-09
19.730000	0.000000	2.7e-09
19.740000	0.000000	2.7e-09
19.750000	0.000000	2.6e-09
19.760000	0.000000	2.6e-09
19.770000	0.000000	2.6e-09
19.780000	0.000000	2.5e-09
19.790000	0.000000	2.5e-09
19.800000	0.000000	2.5e-09
19.810000	0.000000	2.4e-09
19.820000	0.000000	2.4e-09
19.830000	0.000000	2.3e-09
19.840000	0.000000	2.3e-09
19.850000	0.000000	2.3e-09
19.860000	0.000000	2.2e-09
19.870000	0.000000	2.2e-09
19.880000	0.000000	2.2e-09
19.890000	0.000000	2.1e-09
19.900000	0.000000	2.1e-09
19.910000	0.000000	2.1e-09
19.920000	0.000000	2.1e-09
19.930000	0.000000	2.0e-09
19.940000	0.000000	2.0e-09
19.950000	0.000000	2.0e-09
19.960000	0.000000	1.9e-09
19.970000	0.000000	1.9e-09
19.980000	0.000000	1.9e-09
19.990000	0.000000	1.9e-09
20.000000	0.000000	1.8e-09
20.010000	0.000000	1.8e-09
20.020000	0.000000	1.8e-09
20.030000	0.000000	1.8e-09
20.040000	0.000000	1.7e-09
20.050000	0.000000	1.7e-09
20.060000	0.000000	1.7e-09
20.070000	0.000000	1.7e-09
20.080000	0.000000	1.6e-09
20.090000	0.000000	1.6e-09
20.100000	0.000000	1.6e-09
20.110000	0.000000	1.6e-09
20.120000	0.000000	1.5e-09
20.130000	0.000000	1.5e-09
20.140000	0.000000	1.5e-09
20.150000	0.000000	1.5e-09
20.160000	0.000000	1.5e-09
20.170000	0.000000	1.4e-09
20.180000	0.000000	1.4e-09
20.190000	0.000000	1.4e-09
20.200000	0.000000	1.4e-09
20.210000	0.000000	1.4e-09
20.220000	0.000000	1.3e-09
20.230000	0.000000	1.3e-09
20.240000	0.000000	1.3e-09
20.250000	0.000000	1.3e-09
20.260000	0.000000	1.3e-09
20.270000	0.000000	1.2e-09
20.280000	0.000000	1.2e-09
20.290000	0.000000	1.2e-09
20.300000	0.000000	1.2e-09
20.310000	0.000000	1.2e-09
20.320000	0.000000	1.2e-09
20.330000	0.000000	1.1e-09
20.340000	0.000000	1.1e-09
20.350000	0.000000	1.1e-09
20.360000	0.000000	1.1e-09
20.370000	0.000000	1.1e-09
20.380000	0.000000	1.1e-09
20.390000	0.000000	1.0e-09
20.400000	0.000000	1.0e-09
20.410000	0.000000	1.0e-09
20.420000	0.000000	1.0e-09
20.430000	0.000000	9.8e-10
20.440000	0.000000	9.7e-10
20.450000	0.000000	9.6e-10
20.460000	0.000000	9.4e-10
20.470000	0.000000	9.3e-10
20.480000	0.000000	9.2e-10
20.490000	0.000000	9.0e-10
20.500000	0.000000	8.9e-10
20.510000	0.000000	8.8e-10
20.520000	0.000000	8.7e-10
20.530000	0.000000	8.6e-10
20.540000	0.000000	8.4e-10
20.550000	0.000000	8.3e-10
20.560000	0.000000	8.2e-10
20.570000	0.000000	8.1e-10
20.580000	0.000000	8.0e-10
20.590000	0.000000	7.9e-10
20.600000	0.000000	7.7e-10
20.610000	0.000000	7.6e-10
20.620000	0.000000	7.5e-10
20.630000	0.000000	7.4e-10
20.640000	0.000000	7.3e-10
20.650000	0.000000	7.2e-10
20.660000	0.000000	7.1e-10
20.670000	0.000000	7.0e-10
20.680000	0.000000	6.9e-10
20.690000	0.000000	6.8e-10
20.700000	0.000000	6.7e-10
20.710000	0.000000	6.6e-10
20.720000	0.000000	6.5e-10
20.730000	0.000000	6.4e-10
20.740000	0.000000	6.3e-10
20.750000	0.000000	6.2e-10
20.760000	0.000000	6.1e-10
20.770000	0.000000	6.0e-10
20.780000	0.000000	6.0e-10
20.790000	0.000000	5.9e-10
20.800000	0.000000	5.8e-10
20.810000	0.000000	5.7e-10
20.820000	0.000000	5.6e-10
20.830000	0.000000	5.6e-10
20.840000	0.000000	5.5e-10
20.850000	0.000000	5.4e-10
20.860000	0.000000	5.3e-10
20.870000	0.000000	5.3e-10
20.880000	0.000000	5.2e-10
20.890000	0.000000	5.1e-10
20.900000	0.000000	5.0e-10
20.910000	0.000000	5.0e-10
20.920000	0.000000	4.9e-10
20.930000	0.000000	4.8e-10
20.940000	0.000000	4.7e-10
20.950000	0.000000	4.7e-10
20.960000	0.000000	4.6e-10
20.970000	0.000000	4.5e-10
20.980000	0.000000	4.5e-10
20.990000	0.000000	4.4e-10
21.000000	0.000000	4.3e-10
21.010000	0.000000	4.3e-10
21.020000	0.000000	4.2e-10
21.030000	0.000000	4.1e-10
21.040000	0.000000	4.1e-10
21.050000	0.000000	4.0e-10
21.060000	0.000000	4.0e-10
21.070000	0.000000	3.9e-10
21.080000	0.000000	3.9e-10
21.090000	0.000000	3.8e-10
21.100000	0.000000	3.8e-10
21.110000	0.000000	3.7e-10
21.120000	0.000000	3.7e-10
21.130000	0.000000	3.6e-10
21.140000	0.000000	3.6e-10
21.150000	0.000000	3.5e-10
21.160000	0.000000	3.5e-10
21.170000	0.000000	3.4e-10
21.180000	0.000000	3.4e-10
21.190000	0.000000	3.3e-10
21.200000	0.000000	3.3e-10
21.210000	0.000000	3.2e-10
21.220000	0.000000	3.2e-10
21.230000	0.000000	3.1e-10
21.240000	0.000000	3.1e-10
21.250000	0.000000	3.0e-10
21.260000	0.000000	3.0e-10
21.270000	0.000000	2.9e-10
21.280000	0.000000	2.9e-10
21.290000	0.000000	2.8e-10
21.300000	0.000000	2.8e-10
21.310000	0.000000	2.8e-10
21.320000	0.000000	2.7e-10
21.330000	0.000000	2.7e-10
21.340000	0.000000	2.7e-10
21.350000	0.000000	2.6e-10
21.360000	0.000000	2.6e-10
21.370000	0.000000	2.6e-10
21.380000	0.000000	2.5e-10
21.390000	0.000000	2.5e-10
21.400000	0.000000	2.4e-10
21.410000	0.000000	2.4e-10
21.420000	0.000000	2.4e-10
21.430000	0.000000	2.3e-10
21.440000	0.000000	2.3e-10
21.450000	0.000000	2.3e-10
21.460000	0.000000	2.2e-10
21.470000	0.000000	2.2e-10
21.480000	0.000000	2.2e-10
21.490000	0.000000	2.1e-10
21.500000	0.000000	2.1e-10
21.510000	0.000000	2.1e-10
21.520000	0.000000	2.1e-10
21.530000	0.000000	2.0e-10
21.540000	0.000000	2.0e-10
21.550000	0.000000	2.0e-10
21.560000	0.000000	1.9e-10
21.570000	0.000000	1.9e-10
21.580000	0.000000	1.9e-10
21.590000	0.000000	1.9e-10
21.600000	0.000000	1.8e-10
21.610000	0.000000	1.8e-10
21.620000	0.000000	1.8e-10
21.630000	0.000000	1.8e-10
21.640000	0.000000	1.7e-10
21.650000	0.000000	1.7e-10
21.660000	0.000000	1.7e-10
21.670000	0.000000	1.7e-10
21.680000	0.000000	1.6e-10
21.690000	0.000000	1.6e-10
21.700000	0.000000	1.6e-10
21.710000	0.000000	1.6e-10
21.720000	0.000000	1.5e-10
21.730000	0.000000	1.5e-10
21.740000	0.000000	1.5e-10
21.750000	0.000000	1.5e-10
21.760000	0.000000	1.5e-10
21.770000	0.000000	1.4e-10
21.780000	0.000000	1.4e-10
21.790000	0.000000	1.4e-10
21.800000	0.000000	1.4e-10
21.810000	0.000000	1.3e-10
21.820000	0.000000	1.3e-10
21.830000	0.000000	1.3e-10
21.840000	0.000000	1.3e-10
21.850000	0.000000	1.3e-10
21.860000	0.000000	1.3e-10
21.870000	0.000000	1.2e-10
21.880000	0.000000	1.2e-10
21.890000	0.000000	1.2e-10
21.900000	0.000000	1.2e-10
21.910000	0.000000	1.2e-10
21.920000	0.000000	1.2e-10
21.930000	0.000000	1.1e-10
21.940000	0.000000	1.1e-10
21.950000	0.000000	1.1e-10
21.960000	0.000000	1.1e-10
21.970000	0.000000	1.1e-10
21.980000	0.000000	1.1e-10
21.990000	0.000000	1.0e-10
22.000000	0.000000	1.0e-10
22.010000	0.000000	1.0e-10
22.020000	0.000000	1.0e-10
22.030000	0.000000	9.9e-11
22.040000	0.000000	9.7e-11
22.050000	0.000000	9.6e-11
22.060000	0.000000	9.4e-11
22.070000	0.000000	9.3e-11
22.080000	0.000000	9.2e-11
22.090000	0.000000	9.0e-11
22.100000	0.000000	8.9e-11
22.110000	0.000000	8.7e-11
22.120000	0.000000	8.6e-11
22.130000	0.000000	8.5e-11
22.140000	0.000000	8.4e-11
22.150000	0.000000	8.3e-11
22.160000	0.000000	8.2e-11
22.170000	0.000000	8.1e-11
22.180000	0.000000	8.0e-11
22.190000	0.000000	7.8e-11
22.200000	0.000000	7.7e-11
22.210000	0.000000	7.6e-11
22.220000	0.000000	7.5e-11
22.230000	0.000000	7.4e-11
22.240000	0.000000	7.3e-11
22.250000	0.000000	7.2e-11
22.260000	0.000000	7.1e-11
22.270000	0.000000	7.0e-11
22.280000	0.000000	6.9e-11
22.290000	0.000000	6.8e-11
22.300000	0.000000	6.7e-11
22.310000	0.000000	6.6e-11
22.320000	0.000000	6.5e-11
22.330000	0.000000	6.4e-11
22.340000	0.000000	6.3e-11
22.350000	0.000000	6.2e-11
22.360000	0.000000	6.1e-11
22.370000	0.000000	6.0e-11
22.380000	0.000000	5.9e-11
22.390000	0.000000	5.9e-11
22.400000	0.000000	5.8e-11
22.410000	0.000000	5.7e-11
22.420000	0.000000	5.6e-11
22.430000	0.000000	5.5e-11
22.440000	0.000000	5.5e-11
22.450000	0.000000	5.4e-11
22.460000	0.000000	5.3e-11
22.470000	0.000000	5.2e-11
22.480000	0.000000	5.2e-11
22.490000	0.000000	5.1e-11
22.500000	0.000000	5.0e-11
22.510000	0.000000	5.0e-11
22.520000	0.000000	4.9e-11
22.530000	0.000000	4.8e-11
22.540000	0.000000	4.8e-11
22.550000	0.000000	4.7e-11
22.560000	0.000000	4.6e-11
22.570000	0.000000	4.5e-11
22.580000	0.000000	4.5e-11
22.590000	0.000000	4.4e-11
22.600000	0.000000	4.4e-11
22.610000	0.000000	4.3e-11
22.620000	0.000000	4.2e-11
22.630000	0.000000	4.2e-11
22.640000	0.000000	4.1e-11
22.650000	0.000000	4.0e-11
22.660000	0.000000	4.0e-11
22.670000	0.000000	3.9e-11
22.680000	0.000000	3.9e-11
22.690000	0.000000	3.8e-11
22.700000	0.000000	3.8e-11
22.710000	0.000000	3.7e-11
22.720000	0.000000	3.7e-11
22.730000	0.000000	3.6e-11
22.740000	0.000000	3.6e-11
22.750000	0.000000	3.5e-11
22.760000	0.000000	3.5e-11
22.770000	0.000000	3.4e-11
22.780000	0.000000	3.4e-11
22.790000	0.000000	3.3e-11
22.800000	0.000000	3.3e-11
22.810000	0.000000	3.2e-11
22.820000	0.000000	3.2e-11
22.830000	0.000000	3.1e-11
22.840000	0.000000	3.1e-11
22.850000	0.000000	3.0e-11
22.860000	0.000000	3.0e-11
22.870000	0.000000	3.0e-11
22.880000	0.000000	2.9e-11
22.890000	0.000000	2.9e-11
22.900000	0.000000	2.8e-11
22.910000	0.000000	2.8e-11
22.920000	0.000000	2.7e-11
22.930000	0.000000	2.5e-11
22.940000	0.000000	2.5e-11
22.950000	0.000000	2.4e-11
22.960000	0.000000	2.4e-11
22.970000	0.000000	2.4e-11
22.980000	0.000000	2.4e-11
22.990000	0.000000	2.3e-11
23.000000	0.000000	2.3e-11
23.010000	0.000000	2.3e-11
23.020000	0.000000	2.2e-11
23.030000	0.000000	2.2e-11
23.040000	0.000000	2.2e-11
23.050000	0.000000	2.2e-11
23.060000	0.000000	2.1e-11
23.070000	0.000000	2.1e-11
23.080000	0.000000	2.1e-11
23.090000	0.000000	2.0e-11
23.100000	0.000000	2.0e-11
23.110000	0.000000	2.0e-11
23.120000	0.000000	1.9e-11
23.130000	0.000000	1.9e-11
23.140000	0.000000	1.9e-11
23.150000	0.000000	1.9e-11
23.160000	0.000000	1.8e-11
23.170000	0.000000	1.8e-11
23.180000	0.000000	1.8e-11
23.190000	0.000000	1.7e-11
23.200000	0.000000	1.7e-11
23.210000	0.000000	1.7e-11
23.220000	0.000000	1.7e-11
23.230000	0.000000	1.6e-11
23.240000	0.000000	1.6e-11
23.250000	0.000000	1.6e-11
23.260000	0.000000	1.6e-11
23.270000	0.000000	1.6e-11
23.280000	0.000000	1.5e-11
23.290000	0.000000	1.5e-11
23.300000	0.000000	1.5e-11
23.310000	0.000000	1.5e-11
23.320000	0.000000	1.5e-11
23.330000	0.000000	1.4e-11
23.340000	0.000000	1.4e-11
23.350000	0.000000	1.4e-11
23.360000	0.000000	1.4e-11
23.370000	0.000000	1.4e-11
23.380000	0.000000	1.3e-11
23.390000	0.000000	1.3e-11
23.400000	0.000000	1.3e-11
23.410000	0.000000	1.3e-11
23.420000	0.000000	1.3e-11
23.430000	0.000000	1.2e-11
23.440000	0.000000	1.2e-11
23.450000	0.000000	1.2e-11
23.460000	0.000000	1.2e-11
23.470000	0.000000	1.2e-11
23.480000	0.000000	1.1e-11
23.490000	0.000000	1.1e-11
23.500000	0.000000	1.1e-11
23.510000	0.000000	1.1e-11
23.520000	0.000000	1.1e-11
23.530000	0.000000	1.1e-11
23.540000	0.000000	1.1e-11
23.550000	0.000000	1.0e-11
23.560000	0.000000	1.0e-11
23.570000	0.000000	1.0e-11
23.580000	0.000000	1.0e-11
23.590000	0.000000	9.9e-12
23.600000	0.000000	9.8e-12
23.610000	0.000000	9.6e-12
23.620000	0.000000	9.5e-12
23.630000	0.000000	9.4e-12
23.640000	0.000000	9.2e-12
23.650000	0.000000	9.1e-12
23.660000	0.000000	9.0e-12
23.670000	0.000000	8.8e-12
23.680000	0.000000	8.7e-12
23.690000	0.000000	8.6e-12
23.700000	0.000000	8.5e-12
23.710000	0.000000	8.3e-12
23.720000	0.000000	8.2e-12
23.730000	0.000000	8.1e-12
23.740000	0.000000	7.9e-12
23.750000	0.000000	7.8e-12
23.760000	0.000000	7.7e-12
23.770000	0.000000	7.5e-12
23.780000	0.000000	7.4e-12
23.790000	0.000000	7.3e-12
23.800000	0.000000	7.2e-12
23.810000	0.000000	7.2e-12
23.820000	0.000000	7.1e-12
23.830000	0.000000	7.0e-12
23.840000	0.000000	6.9e-12
23.850000	0.000000	6.8e-12
23.860000	0.000000	6.7e-12
23.870000	0.000000	6.6e-12
23.880000	0.000000	6.5e-12
23.890000	0.000000	6.5e-12
23.900000	0.000000	6.4e-12
23.910000	0.000000	6.3e-12
23.920000	0.000000	6.2e-12
23.930000	0.000000	6.1e-12
23.940000	0.000000	6.0e-12
23.950000	0.000000	5.9e-12
23.960000	0.000000	5.8e-12
23.970000	0.000000	5.7e-12
23.980000	0.000000	5.7e-12
23.990000	0.000000	5.6e-12
24.000000	0.000000	5.5e-12
24.010000	0.000000	5.4e-12
24.020000	0.000000	5.3e-12
24.030000	0.000000	5.2e-12
24.040000	0.000000	5.1e-12
24.050000	0.000000	5.1e-12
24.060000	0.000000	5.0e-12
24.070000	0.000000	4.9e-12
24.080000	0.000000	4.9e-12
24.090000	0.000000	4.8e-12
24.100000	0.000000	4.7e-12
24.110000	0.000000	4.7e-12
24.120000	0.000000	4.6e-12
24.130000	0.000000	4.6e-12
24.140000	0.000000	4.5e-12
24.150000	0.000000	4.4e-12
24.160000	0.000000	4.4e-12
24.170000	0.000000	4.3e-12
24.180000	0.000000	4.3e-12
24.190000	0.000000	4.2e-12
24.200000	0.000000	4.1e-12
24.210000	0.000000	4.1e-12
24.220000	0.000000	4.0e-12
24.230000	0.000000	4.0e-12
24.240000	0.000000	3.9e-12
24.250000	0.000000	3.8e-12
24.260000	0.000000	3.8e-12
24.270000	0.000000	3.7e-12
24.280000	0.000000	3.7e-12
24.290000	0.000000	3.6e-12
24.300000	0.000000	3.6e-12
24.310000	0.000000	3.5e-12
24.320000	0.000000	3.4e-12
24.330000	0.000000	3.4e-12
24.340000	0.000000	3.3e-12
24.350000	0.000000	3.3e-12
24.360000	0.000000	3.3e-12
24.370000	0.000000	3.2e-12
24.380000	0.000000	3.2e-12
24.390000	0.000000	3.1e-12
24.400000	0.000000	3.1e-12
24.410000	0.000000	3.1e-12
24.420000	0.000000	3.0e-12
24.430000	0.000000	3.0e-12
24.440000	0.000000	2.9e-12
24.450000	0.000000	2.9e-12
24.460000	0.000000	2.9e-12
24.470000	0.000000	2.8e-12
24.480000	0.000000	2.8e-12
24.490000	0.000000	2.7e-12
24.500000	0.000000	2.7e-12
24.510000	0.000000	2.7e-12
24.520000	0.000000	2.6e-12
24.530000	0.000000	2.6e-12
24.540000	0.000000	2.5e-12
24.550000	0.000000	2.5e-12
24.560000	0.000000	2.5e-12
24.570000	0.000000	2.4e-12
24.580000	0.000000	2.4e-12
24.590000	0.000000	2.3e-12
24.600000	0.000000	2.3e-12
24.610000	0.000000	2.3e-12
24.620000	0.000000	2.2e-12
24.630000	0.000000	2.2e-12
24.640000	0.000000	2.2e-12
24.650000	0.000000	2.2e-12
24.660000	0.000000	2.1e-12
24.670000	0.000000	2.1e-12
24.680000	0.000000	2.1e-12
24.690000	0.000000	2.0e-12
24.700000	0.000000	2.0e-12
24.710000	0.000000	2.0e-12
24.720000	0.000000	2.0e-12
24.730000	0.000000	1.9e-12
24.740000	0.000000	1.9e-12
24.750000	0.000000	1.9e-12
24.760000	0.000000	1.9e-12
24.770000	0.000000	1.8e-12
24.780000	0.000000	1.8e-12
24.790000	0.000000	1.8e-12
24.800000	0.000000	1.8e-12
24.810000	0.000000	1.7e-12
24.820000	0.000000	1.7e-12
24.830000	0.000000	1.7e-12
24.840000	0.000000	1.6e-12
24.850000	0.000000	1.6e-12
24.860000	0.000000	1.6e-12
24.870000	0.000000	1.6e-12
24.880000	0.000000	1.5e-12
24.890000	0.000000	1.5e-12
24.900000	0.000000	1.5e-12
24.910000	0.000000	1.5e-12
24.920000	0.000000	1.5e-12
24.930000	0.000000	1.4e-12
24.940000	0.000000	1.4e-12
24.950000	0.000000	1.4e-12
24.960000	0.000000	1.4e-12
24.970000	0.000000	1.4e-12
24.980000	0.000000	1.4e-12
24.990000	0.000000	1.3e-12
25.000000	0.000000	1.3e-12
25.010000	0.000000	1.3e-12
25.020000	0.000000	1.3e-12
25.030000	0.000000	1.3e-12
25.040000	0.000000	1.2e-12
25.050000	0.000000	1.2e-12
25.060000	0.000000	1.2e-12
25.070000	0.000000	1.2e-12
25.080000	0.000000	1.2e-12
25.090000	0.000000	1.2e-12
25.100000	0.000000	1.1e-12
25.110000	0.000000	1.1e-12
25.120000	0.000000	1.1e-12
25.130000	0.000000	1.1e-12
25.140000	0.000000	1.1e-12
25.150000	0.000000	1.0e-12
25.160000	0.000000	1.0e-12
25.170000	0.000000	1.0e-12
25.180000	0.000000	1.0e-12
25.190000	0.000000	9.9e-13
25.200000	0.000000	9.8e-13
25.210000	0.000000	9.7e-13
25.220000	0.000000	9.5e-13
25.230000	0.000000	9.4e-13
25.240000	0.000000	9.3e-13
25.250000	0.000000	9.2e-13
25.260000	0.000000	9.1e-13
25.270000	0.000000	8.9e-13
25.280000	0.000000	8.8e-13
25.290000	0.000000	8.7e-13
25.300000	0.000000	8.6e-13
25.310000	0.000000	8.5e-13
25.320000	0.000000	8.3e-13
25.330000	0.000000	8.2e-13
25.340000	0.000000	8.1e-13
25.350000	0.000000	8.0e-13
25.360000	0.000000	7.9e-13
25.370000	0.000000	7.7e-13
25.380000	0.000000	7.6e-13
25.390000	0.000000	7.5e-13
25.400000	0.000000	7.4e-13
25.410000	0.000000	7.3e-13
25.420000	0.000000	7.2e-13
25.430000	0.000000	7.0e-13
25.440000	0.000000	6.9e-13
25.450000	0.000000	6.8e-13
25.460000	0.000000	6.7e-13
25.470000	0.000000	6.6e-13
25.480000	0.000000	6.5e-13
25.490000	0.000000	6.5e-13
25.500000	0.000000	6.4e-13
25.510000	0.000000	6.3e-13
25.520000	0.000000	6.2e-13
25.530000	0.000000	6.2e-13
25.540000	0.000000	6.1e-13
25.550000	0.000000	6.0e-13
25.560000	0.000000	5.9e-13
25.570000	0.000000	5.8e-13
25.580000	0.000000	5.8e-13
25.590000	0.000000	5.7e-13
25.600000	0.000000	5.6e-13
25.610000	0.000000	5.5e-13
25.620000	0.000000	5.4e-13
25.630000	0.000000	5.4e-13
25.640000	0.000000	5.3e-13
25.650000	0.000000	5.2e-13
25.660000	0.000000	5.1e-13
25.670000	0.000000	5.0e-13
25.680000	0.000000	5.0e-13
25.690000	0.000000	4.9e-13
25.700000	0.000000	4.8e-13
25.710000	0.000000	4.7e-13
25.720000	0.000000	4.6e-13
25.730000	0.000000	4.6e-13
25.740000	0.000000	4.5e-13
25.750000	0.000000	4.4e-13
25.760000	0.000000	4.4e-13
25.770000	0.000000	4.3e-13
25.780000	0.000000	4.3e-13
25.790000	0.000000	4.2e-13
25.800000	0.000000	4.2e-13
25.810000	0.000000	4.1e-13
25.820000	0.000000	4.1e-13
25.830000	0.000000	4.0e-13
25.840000	0.000000	4.0e-13
25.850000	0.000000	3.9e-13
25.860000	0.000000	3.9e-13
25.870000	0.000000	3.8e-13
25.880000	0.000000	3.7e-13
25.890000	0.000000	3.7e-13
25.900000	0.000000	3.6e-13
25.910000	0.000000	3.6e-13
25.920000	0.000000	3.5e-13
25.930000	0.000000	3.5e-13
25.940000	0.000000	3.4e-13
25.950000	0.000000	3.4e-13
25.960000	0.000000	3.3e-13
25.970000	0.000000	3.3e-13
25.980000	0.000000	3.2e-13
25.990000	0.000000	3.2e-13
26.000000	0.000000	3.1e-13
26.010000	0.000000	3.1e-13
26.020000	0.000000	3.0e-13
26.030000	0.000000	3.0e-13
26.040000	0.000000	2.9e-13
26.050000	0.000000	2.9e-13
26.060000	0.000000	2.9e-13
26.070000	0.000000	2.8e-13
26.080000	0.000000	2.8e-13
26.090000	0.000000	2.8e-13
26.100000	0.000000	2.7e-13
26.110000	0.000000	2.7e-13
26.120000	0.000000	2.7e-13
26.130000	0.000000	2.6e-13
26.140000	0.000000	2.6e-13
26.150000	0.000000	2.5e-13
26.160000	0.000000	2.5e-13
26.170000	0.000000	2.5e-13
26.180000	0.000000	2.4e-13
26.190000	0.000000	2.4e-13
26.200000	0.000000	2.4e-13
26.210000	0.000000	2.3e-13
26.220000	0.000000	2.3e-13
26.230000	0.000000	2.3e-13
26.240000	0.000000	2.2e-13
26.250000	0.000000	2.2e-13
26.260000	0.000000	2.2e-13
26.270000	0.000000	2.1e-13
26.280000	0.000000	2.1e-13
26.290000	0.000000	2.1e-13
26.300000	0.000000	2.0e-13
26.310000	0.000000	2.0e-13
26.320000	0.000000	2.0e-13
26.330000	0.000000	1.9e-13
26.340000	0.000000	1.9e-13
26.350000	0.000000	1.9e-13
26.360000	0.000000	1.9e-13
26.370000	0.000000	1.9e-13
26.380000	0.000000	1.8e-13
26.390000	0.000000	1.8e-13
26.400000	0.000000	1.8e-13
26.410000	0.000000	1.8e-13
26.420000	0.000000	1.7e-13
26.430000	0.000000	1.7e-13
26.440000	0.000000	1.7e-13
26.450000	0.000000	1.7e-13
26.460000	0.000000	1.6e-13
26.470000	0.000000	1.6e-13
26.480000	0.000000	1.6e-13
26.490000	0.000000	1.6e-13
26.500000	0.000000	1.5e-13
26.510000	0.000000	1.5e-13
26.520000	0.000000	1.5e-13
26.530000	0.000000	1.5e-13
26.540000	0.000000	1.4e-13
26.550000	0.000000	1.4e-13
26.560000	0.000000	1.4e-13
26.570000	0.000000	1.4e-13
26.580000	0.000000	1.4e-13
26.590000	0.000000	1.3e-13
26.600000	0.000000	1.3e-13
26.610000	0.000000	1.3e-13
26.620000	0.000000	1.3e-13
26.630000	0.000000	1.3e-13
26.640000	0.000000	1.3e-13
26.650000	0.000000	1.2e-13
26.660000	0.000000	1.2e-13
26.670000	0.000000	1.2e-13
26.680000	0.000000	1.2e-13
26.690000	0.000000	1.2e-13
26.700000	0.000000	1.2e-13
26.710000	0.000000	1.1e-13
26.720000	0.000000	1.1e-13
26.730000	0.000000	1.1e-13
26.740000	0.000000	1.1e-13
26.750000	0.000000	1.1e-13
26.760000	0.000000	1.1e-13
26.770000	0.000000	1.1e-13
26.780000	0.000000	1.0e-13
26.790000	0.000000	1.0e-13
26.800000	0.000000	1.0e-13
26.810000	0.000000	9.9e-14
26.820000	0.000000	9.7e-14
26.830000	0.000000	9.5e-14
26.840000	0.000000	9.4e-14
26.850000	0.000000	9.2e-14
26.860000	0.000000	9.1e-14
26.870000	0.000000	9.0e-14
26.880000	0.000000	8.9e-14
26.890000	0.000000	8.8e-14
26.900000	0.000000	8.7e-14
26.910000	0.000000	8.5e-14
26.920000	0.000000	8.4e-14
26.930000	0.000000	8.3e-14
26.940000	0.000000	8.2e-14
26.950000	0.000000	8.1e-14
26.960000	0.000000	8.0e-14
26.970000	0.000000	7.9e-14
26.980000	0.000000	7.8e-14
26.990000	0.000000	7.7e-14
27.000000	0.000000	7.6e-14
27.010000	0.000000	7.5e-14
27.020000	0.000000	7.4e-14
27.030000	0.000000	7.3e-14
27.040000	0.000000	7.1e-14
27.050000	0.000000	7.0e-14
27.060000	0.000000	6.9e-14
27.070000	0.000000	6.8e-14
27.080000	0.000000	6.7e-14
27.090000	0.000000	6.6e-14
27.100000	0.000000	6.5e-14
27.110000	0.000000	6.4e-14
27.120000	0.000000	6.3e-14
27.130000	0.000000	6.2e-14
27.140000	0.000000	6.1e-14
27.150000	0.000000	6.0e-14
27.160000	0.000000	5.9e-14
27.170000	0.000000	5.9e-14
27.180000	0.000000	5.8e-14
27.190000	0.000000	5.7e-14
27.200000	0.000000	5.7e-14
27.210000	0.000000	5.6e-14
27.220000	0.000000	5.5e-14
27.230000	0.000000	5.4e-14
27.240000	0.000000	5.4e-14
27.250000	0.000000	5.3e-14
27.260000	0.000000	5.2e-14
27.270000	0.000000	5.2e-14
27.280000	0.000000	5.1e-14
27.290000	0.000000	5.0e-14
27.300000	0.000000	4.9e-14
27.310000	0.000000	4.9e-14
27.320000	0.000000	4.8e-14
27.330000	0.000000	4.7e-14
27.340000	0.000000	4.7e-14
27.350000	0.000000	4.6e-14
27.360000	0.000000	4.5e-14
27.370000	0.000000	4.4e-14
27.380000	0.000000	4.4e-14
27.390000	0.000000	4.3e-14
27.400000	0.000000	4.2e-14
27.410000	0.000000	4.2e-14
27.420000	0.000000	4.1e-14
27.430000	0.000000	4.0e-14
27.440000	0.000000	4.0e-14
27.450000	0.000000	3.9e-14
27.460000	0.000000	3.9e-14
27.470000	0.000000	3.8e-14
27.480000	0.000000	3.8e-14
27.490000	0.000000	3.7e-14
27.500000	0.000000	3.7e-14
27.510000	0.000000	3.6e-14
27.520000	0.000000	3.6e-14
27.530000	0.000000	3.6e-14
27.540000	0.000000	3.5e-14
27.550000	0.000000	3.5e-14
27.560000	0.000000	3.4e-14
27.570000	0.000000	3.4e-14
27.580000	0.000000	3.3e-14
27.590000	0.000000	3.3e-14
27.600000	0.000000	3.2e-14
27.610000	0.000000	3.2e-14
27.620000	0.000000	3.1e-14
27.630000	0.000000	3.1e-14
27.640000	0.000000	3.0e-14
27.650000	0.000000	3.0e-14
27.660000	0.000000	2.9e-14
27.670000	0.000000	2.9e-14
27.680000	0.000000	2.8e-14
27.690000	0.000000	2.8e-14
27.700000	0.000000	2.7e-14
27.710000	0.000000	2.7e-14
27.720000	0.000000	2.7e-14
27.730000	0.000000	2.6e-14
27.740000	0.000000	2.6e-14
27.750000	0.000000	2.6e-14
27.760000	0.000000	2.5e-14
27.770000	0.000000	2.5e-14
27.780000	0.000000	2.5e-14
27.790000	0.000000	2.5e-14
27.800000	0.000000	2.4e-14
27.810000	0.000000	2.4e-14
27.820000	0.000000	2.4e-14
27.830000	0.000000	2.3e-14
27.840000	0.000000	2.3e-14
27.850000	0.000000	2.3e-14
27.860000	0.000000	2.2e-14
27.870000	0.000000	2.2e-14
27.880000	0.000000	2.2e-14
27.890000	0.000000	2.1e-14
27.900000	0.000000	2.1e-14
27.910000	0.000000	2.1e-14
27.920000	0.000000	2.0e-14
27.930000	0.000000	2.0e-14
27.940000	0.000000	2.0e-14
27.950000	0.000000	1.9e-14
27.960000	0.000000	1.9e-14
27.970000	0.000000	1.9e-14
27.980000	0.000000	1.8e-14
27.990000	0.000000	1.8e-14
28.000000	0.000000	1.8e-14
28.010000	0.000000	1.8e-14
28.020000	0.000000	1.8e-14
28.030000	0.000000	1.7e-14
28.040000	0.000000	1.7e-14
28.050000	0.000000	1.7e-14
28.060000	0.000000	1.7e-14
28.070000	0.000000	1.6e-14
28.080000	0.000000	1.6e-14
28.090000	0.000000	1.6e-14
28.100000	0.000000	1.6e-14
28.110000	0.000000	1.6e-14
28.120000	0.000000	1.5e-14
28.130000	0.000000	1.5e-14
28.140000	0.000000	1.5e-14
28.150000	0.000000	1.5e-14
28.160000	0.000000	1.4e-14
28.170000	0.000000	1.4e-14
28.180000	0.000000	1.4e-14
28.190000	0.000000	1.4e-14
28.200000	0.000000	1.4e-14
28.210000	0.000000	1.3e-14
28.220000	0.000000	1.3e-14
28.230000	0.000000	1.3e-14
28.240000	0.000000	1.3e-14
28.250000	0.000000	1.3e-14
28.260000	0.000000	1.2e-14
28.270000	0.000000	1.2e-14
28.280000	0.000000	1.2e-14
28.290000	0.000000	1.2e-14
28.300000	0.000000	1.2e-14
28.310000	0.000000	1.2e-14
28.320000	0.000000	1.1e-14
28.330000	0.000000	1.1e-14
28.340000	0.000000	1.1e-14
28.350000	0.000000	1.1e-14
28.360000	0.000000	1.1e-14
28.370000	0.000000	1.1e-14
28.380000	0.000000	1.1e-14
28.390000	0.000000	1.0e-14
28.400000	0.000000	1.0e-14
28.410000	0.000000	1.0e-14
28.420000	0.000000	1.0e-14
28.430000	0.000000	9.9e-15
28.440000	0.000000	9.7e-15
28.450000	0.000000	9.6e-15
28.460000	0.000000	9.4e-15
28.470000	0.000000	9.3e-15
28.480000	0.000000	9.1e-15
28.490000	0.000000	9.0e-15
28.500000	0.000000	8.9e-15
28.510000	0.000000	8.7e-15
28.520000	0.000000	8.6e-15
28.530000	0.000000	8.4e-15
28.540000	0.000000	8.3e-15
28.550000	0.000000	8.2e-15
28.560000	0.000000	8.1e-15
28.570000	0.000000	8.0e-15
28.580000	0.000000	7.9e-15
28.590000	0.000000	7.8e-15
28.600000	0.000000	7.7e-15
28.610000	0.000000	7.6e-15
28.620000	0.000000	7.5e-15
28.630000	0.000000	7.4e-15
28.640000	0.000000	7.3e-15
28.650000	0.000000	7.2e-15
28.660000	0.000000	7.1e-15
28.670000	0.000000	7.0e-15
28.680000	0.000000	6.9e-15
28.690000	0.000000	6.8e-15
28.700000	0.000000	6.7e-15
28.710000	0.000000	6.6e-15
28.720000	0.000000	6.5e-15
28.730000	0.000000	6.4e-15
28.740000	0.000000	6.3e-15
28.750000	0.000000	6.2e-15
28.760000	0.000000	6.1e-15
28.770000	0.000000	6.0e-15
28.780000	0.000000	6.0e-15
28.790000	0.000000	5.9e-15
28.800000	0.000000	5.8e-15
28.810000	0.000000	5.7e-15
28.820000	0.000000	5.6e-15
28.830000	0.000000	5.5e-15
28.840000	0.000000	5.4e-15
28.850000	0.000000	5.4e-15
28.860000	0.000000	5.3e-15
28.870000	0.000000	5.2e-15
28.880000	0.000000	5.2e-15
28.890000	0.000000	5.1e-15
28.900000	0.000000	5.0e-15
28.910000	0.000000	5.0e-15
28.920000	0.000000	4.9e-15
28.930000	0.000000	4.8e-15
28.940000	0.000000	4.8e-15
28.950000	0.000000	4.7e-15
28.960000	0.000000	4.6e-15
28.970000	0.000000	4.6e-15
28.980000	0.000000	4.5e-15
28.990000	0.000000	4.4e-15
29.000000	0.000000	4.4e-15
29.010000	0.000000	4.3e-15
29.020000	0.000000	4.3e-15
29.030000	0.000000	4.2e-15
29.040000	0.000000	4.1e-15
29.050000	0.000000	4.1e-15
29.060000	0.000000	4.0e-15
29.070000	0.000000	3.9e-15
29.080000	0.000000	3.9e-15
29.090000	0.000000	3.8e-15
29.100000	0.000000	3.7e-15
29.110000	0.000000	3.7e-15
29.120000	0.000000	3.6e-15
29.130000	0.000000	3.6e-15
29.140000	0.000000	3.6e-15
29.150000	0.000000	3.5e-15
29.160000	0.000000	3.5e-15
29.170000	0.000000	3.4e-15
29.180000	0.000000	3.4e-15
29.190000	0.000000	3.3e-15
29.200000	0.000000	3.3e-15
29.210000	0.000000	3.2e-15
29.220000	0.000000	3.2e-15
29.230000	0.000000	3.2e-15
29.240000	0.000000	3.1e-15
29.250000	0.000000	3.1e-15
29.260000	0.000000	3.0e-15
29.270000	0.000000	3.0e-15
29.280000	0.000000	2.9e-15
29.290000	0.000000	2.9e-15
29.300000	0.000000	2.9e-15
29.310000	0.000000	2.8e-15
29.320000	0.000000	2.8e-15
29.330000	0.000000	2.7e-15
29.340000	0.000000	2.7e-15
29.350000	0.000000	2.6e-15
29.360000	0.000000	2.6e-15
29.370000	0.000000	2.6e-15
29.380000	0.000000	2.5e-15
29.390000	0.000000	2.5e-15
29.400000	0.000000	2.4e-15
29.410000	0.000000	2.4e-15
29.420000	0.000000	2.4e-15
29.430000	0.000000	2.4e-15
29.440000	0.000000	2.3e-15
29.450000	0.000000	2.3e-15
29.460000	0.000000	2.3e-15
29.470000	0.000000	2.2e-15
29.480000	0.000000	2.2e-15
29.490000	0.000000	2.2e-15
29.500000	0.000000	2.2e-15
29.510000	0.000000	2.1e-15
29.520000	0.000000	2.1e-15
29.530000	0.000000	2.1e-15
29.540000	0.000000	2.0e-15
29.550000	0.000000	2.0e-15
29.560000	0.000000	2.0e-15
29.570000	0.000000	1.9e-15
29.580000	0.000000	1.9e-15
29.590000	0.000000	1.9e-15
29.600000	0.000000	1.9e-15
29.610000	0.000000	1.8e-15
29.620000	0.000000	1.8e-15
29.630000	0.000000	1.8e-15
29.640000	0.000000	1.7e-15
29.650000	0.000000	1.7e-15
29.660000	0.000000	1.7e-15
29.670000	0.000000	1.7e-15
29.680000	0.000000	1.6e-15
29.690000	0.000000	1.6e-15
29.700000	0.000000	1.6e-15
29.710000	0.000000	1.6e-15
29.720000	0.000000	1.6e-15
29.730000	0.000000	1.5e-15
29.740000	0.000000	1.5e-15
29.750000	0.000000	1.5e-15
29.760000	0.000000	1.5e-15
29.770000	0.000000	1.5e-15
29.780000	0.000000	1.4e-15
29.790000	0.000000	1.4e-15
29.800000	0.000000	1.4e-15
29.810000	0.000000	1.4e-15
29.820000	0.000000	1.4e-15
29.830000	0.000000	1.3e-15
29.840000	0.000000	1.3e-15
29.850000	0.000000	1.3e-15
29.860000	0.000000	1.3e-15
29.870000	0.000000	1.3e-15
29.880000	0.000000	1.2e-15
29.890000	0.000000	1.2e-15
29.900000	0.000000	1.2e-15
29.910000	0.000000	1.2e-15
29.920000	0.000000	1.2e-15
29.930000	0.000000	1.2e-15
29.940000	0.000000	1.1e-15
29.950000	0.000000	1.1e-15
29.960000	0.000000	1.1e-15
29.970000	0.000000	1.1e-15
29.980000	0.000000	1.1e-15
29.990000	0.000000	1.1e-15
30.000000	0.000000	1.0e-15
30.010000	0.000000	1.0e-15
30.020000	0.000000	1.0e-15
30.030000	0.000000	1.0e-15
30.040000	0.000000	1.0e-15
30.050000	0.000000	9.8e-16
30.060000	0.000000	9.7e-16
30.070000	0.000000	9.6e-16
30.080000	0.000000	9.4e-16
30.090000	0.000000	9.3e-16
