0.100000	0.000000	75904.351582
0.110000	0.000000	52866.287702
0.120000	0.000000	61828.664082
0.130000	0.000000	55317.240981
0.140000	0.000000	53389.226932
0.150000	0.000000	42286.730448
0.160000	0.000000	39804.100021
0.170000	0.000000	34166.746154
0.180000	0.000000	30990.750126
0.190000	0.000000	30953.837691
0.200000	0.000000	26267.801195
0.210000	0.000000	26609.973475
0.220000	0.000000	29420.817892
0.230000	0.000000	22812.580717
0.240000	0.000000	25316.136416
0.250000	0.000000	22981.472941
0.260000	0.000000	19187.824981
0.270000	0.000000	19032.592411
0.280000	0.000000	19367.101722
0.290000	0.000000	17774.603916
0.300000	0.000000	16468.131597
0.310000	0.000000	16356.225302
0.320000	0.000000	16650.914289
0.330000	0.000000	17083.929312
0.340000	0.000000	15772.139330
0.350000	0.000000	14151.479706
0.360000	0.000000	39916.804653
0.370000	0.000000	108017.205567
0.380000	0.000000	121275.098837
0.390000	0.000000	44452.251565
0.400000	0.000000	130136.516416
0.410000	0.000000	16359.247772
0.420000	0.000000	56043.333623
0.430000	0.000000	39118.270085
0.440000	0.000000	50293.954996
0.450000	0.000000	14808.620266
0.460000	0.000000	10614.970947
0.470000	0.000000	10373.901235
0.480000	0.000000	52049.059675
0.490000	0.000000	30227.221474
0.500000	0.000000	25948.354341
0.510000	0.000000	22170.404283
0.520000	0.000000	9298.342353
0.530000	0.000000	18351.780342
0.540000	0.000000	23995.562793
0.550000	0.000000	8894.325619
0.560000	0.000000	12281.061577
0.570000	0.000000	23699.341235
0.580000	0.000000	20048.126038
0.590000	0.000000	16305.553934
0.600000	0.000000	22865.518090
0.610000	0.000000	8632.973478
0.620000	0.000000	9782.586968
0.630000	0.000000	13788.693588
0.640000	0.000000	12831.085725
0.650000	0.000000	25255.091876
0.660000	0.000000	18724.160748
0.670000	0.000000	10302.281919
0.680000	0.000000	9472.433686
0.690000	0.000000	9131.843098
0.700000	0.000000	9643.655459
0.710000	0.000000	10697.521584
0.720000	0.000000	10128.118575
0.730000	0.000000	14239.453173
0.740000	0.000000	7966.021097
0.750000	0.000000	7063.935581
0.760000	0.000000	6944.148260
0.770000	0.000000	10980.633417
0.780000	0.000000	7025.379947
0.790000	0.000000	7572.377696
0.800000	0.000000	7776.493591
0.810000	0.000000	8130.507809
0.820000	0.000000	7527.210643
0.830000	0.000000	7164.212359
0.840000	0.000000	6855.190140
0.850000	0.000000	6589.525016
0.860000	0.000000	6534.748889
0.870000	0.000000	6638.466150
0.880000	0.000000	6760.947116
0.890000	0.000000	6629.703658
0.900000	0.000000	6638.732238
0.910000	0.000000	6718.080644
0.920000	0.000000	6583.622380
0.930000	0.000000	6729.497192
0.940000	0.000000	6510.783698
0.950000	0.000000	6572.877035
0.960000	0.000000	6543.731266
0.970000	0.000000	6711.416525
0.980000	0.000000	6443.511543
0.990000	0.000000	6651.237045
1.000000	0.000000	6842.394714
1.010000	0.000000	8425.321325
1.020000	0.000000	8206.942440
1.030000	0.000000	6642.275486
1.040000	0.000000	8014.049501
1.050000	0.000000	9206.251775
1.060000	0.000000	6190.129461
1.070000	0.000000	6486.580200
1.080000	0.000000	8035.695557
1.090000	0.000000	6263.582481
1.100000	0.000000	10029.449328
1.110000	0.000000	5768.712217
1.120000	0.000000	9546.846015
1.130000	0.000000	6253.374646
1.140000	0.000000	5585.058824
1.150000	0.000000	6535.440571
1.160000	0.000000	7588.633493
1.170000	0.000000	6384.275331
1.180000	0.000000	5359.382980
1.190000	0.000000	5352.573352
1.200000	0.000000	5456.480742
1.210000	0.000000	5462.819948
1.220000	0.000000	5213.275717
1.230000	0.000000	5276.081841
1.240000	0.000000	5275.460969
1.250000	0.000000	5103.324219
1.260000	0.000000	5094.460125
1.270000	0.000000	5199.580688
1.280000	0.000000	5026.417043
1.290000	0.000000	5109.555107
1.300000	0.000000	5032.043276
1.310000	0.000000	5084.926846
1.320000	0.000000	5052.116898
1.330000	0.000000	4965.686496
1.340000	0.000000	4898.412895
1.350000	0.000000	4867.021988
1.360000	0.000000	4897.145878
1.370000	0.000000	4925.993957
1.380000	0.000000	4892.013751
1.390000	0.000000	4917.745855
1.400000	0.000000	4971.752002
1.410000	0.000000	4707.644986
1.420000	0.000000	4746.356436
1.430000	0.000000	4695.162114
1.440000	0.000000	4622.513374
1.450000	0.000000	4616.063707
1.460000	0.000000	4550.961471
1.470000	0.000000	4636.885053
1.480000	0.000000	4863.240373
1.490000	0.000000	4865.767442
1.500000	0.000000	4695.968244
1.510000	0.000000	4498.845125
1.520000	0.000000	4410.651709
1.530000	0.000000	4375.948473
1.540000	0.000000	4538.536548
1.550000	0.000000	4685.119325
1.560000	0.000000	4337.321084
1.570000	0.000000	4350.388959
1.580000	0.000000	4234.785326
1.590000	0.000000	4209.542541
1.600000	0.000000	4212.644393
1.610000	0.000000	4190.224484
1.620000	0.000000	4123.333771
1.630000	0.000000	4098.831022
1.640000	0.000000	4067.868257
1.650000	0.000000	4214.939812
1.660000	0.000000	4176.952927
1.670000	0.000000	4087.328716
1.680000	0.000000	4012.583390
1.690000	0.000000	3958.914032
1.700000	0.000000	3935.374622
1.710000	0.000000	3913.061026
1.720000	0.000000	3929.023437
1.730000	0.000000	3978.076495
1.740000	0.000000	3847.537763
1.750000	0.000000	3896.288498
1.760000	0.000000	3819.125521
1.770000	0.000000	3785.494115
1.780000	0.000000	3721.978612
1.790000	0.000000	3698.514156
1.800000	0.000000	3696.117709
1.810000	0.000000	3714.010839
1.820000	0.000000	3679.569886
1.830000	0.000000	3628.546003
1.840000	0.000000	3587.803597
1.850000	0.000000	3555.394025
1.860000	0.000000	3528.366407
1.870000	0.000000	3521.489617
1.880000	0.000000	3507.076080
1.890000	0.000000	3459.670707
1.900000	0.000000	3436.774825
1.910000	0.000000	3411.706840
1.920000	0.000000	3388.462015
1.930000	0.000000	3365.171296
1.940000	0.000000	3350.243148
1.950000	0.000000	3320.366723
1.960000	0.000000	3293.352897
1.970000	0.000000	3271.467158
1.980000	0.000000	3248.745009
1.990000	0.000000	3225.540153
2.000000	0.000000	3203.058144
2.010000	0.000000	3179.546101
2.020000	0.000000	3158.192304
2.030000	0.000000	3136.062160
2.040000	0.000000	3111.977022
2.050000	0.000000	3088.774585
2.060000	0.000000	3064.587539
2.070000	0.000000	3040.048372
2.080000	0.000000	3017.340995
2.090000	0.000000	2992.181205
2.100000	0.000000	2960.529535
2.110000	0.000000	2921.627289
2.120000	0.000000	2883.475292
2.130000	0.000000	2845.968365
2.140000	0.000000	2804.684867
2.150000	0.000000	2770.309450
2.160000	0.000000	2728.445641
2.170000	0.000000	2688.122484
2.180000	0.000000	2649.852261
2.190000	0.000000	2611.853770
2.200000	0.000000	2573.999840
2.210000	0.000000	2535.715263
2.220000	0.000000	2497.112697
2.230000	0.000000	2458.960436
2.240000	0.000000	2420.775089
2.250000	0.000000	2382.589661
2.260000	0.000000	2344.415917
2.270000	0.000000	2306.481200
2.280000	0.000000	2266.275988
2.290000	0.000000	2227.636723
2.300000	0.000000	2199.207043
2.310000	0.000000	2136.000613
2.320000	0.000000	2075.273834
2.330000	0.000000	2016.301013
2.340000	0.000000	1958.243772
2.350000	0.000000	1898.547862
2.360000	0.000000	1838.544151
2.370000	0.000000	1932.076922
2.380000	0.000000	1931.149176
2.390000	0.000000	1659.197897
2.400000	0.000000	1774.893392
2.410000	0.000000	2123.190554
2.420000	0.000000	31453.118562
2.430000	0.000000	223040.811706
2.440000	0.000000	108420.344714
2.450000	0.000000	44615.275876
2.460000	0.000000	487617.006639
2.470000	0.000000	64674.041778
2.480000	0.000000	1159.259328
2.490000	0.000000	1118.735553
2.500000	0.000000	1078.258009
2.510000	0.000000	1038.512705
2.520000	0.000000	998.030626
2.530000	0.000000	957.299568
2.540000	0.000000	917.001924
2.550000	0.000000	1186.719200
2.560000	0.000000	1425.601319
2.570000	0.000000	823.033904
2.580000	0.000000	5073.369261
2.590000	0.000000	22966.213996
2.600000	0.000000	23596.718308
2.610000	0.000000	252303.464740
2.620000	0.000000	491712.290932
2.630000	0.000000	36715.426009
2.640000	0.000000	513.685831
2.650000	0.000000	509.418123
2.660000	0.000000	505.325950
2.670000	0.000000	501.300885
2.680000	0.000000	497.265674
2.690000	0.000000	493.234089
2.700000	0.000000	489.307305
2.710000	0.000000	485.293170
2.720000	0.000000	481.779336
2.730000	0.000000	478.436631
2.740000	0.000000	474.458494
2.750000	0.000000	473.676235
2.760000	0.000000	466.166408
2.770000	0.000000	464.859386
2.780000	0.000000	471.144375
2.790000	0.000000	535.226104
2.800000	0.000000	735.190348
2.810000	0.000000	501.534912
2.820000	0.000000	4000.530315
2.830000	0.000000	2042.790208
2.840000	0.000000	649.316143
2.850000	0.000000	459.676300
2.860000	0.000000	425.807599
2.870000	0.000000	37881.965608
2.880000	0.000000	47708.098383
2.890000	0.000000	414.452048
2.900000	0.000000	410.725372
2.910000	0.000000	407.006392
2.920000	0.000000	403.283331
2.930000	0.000000	399.998678
2.940000	0.000000	447.674083
2.950000	0.000000	2324.180256
2.960000	0.000000	992.027963
2.970000	0.000000	446.527554
2.980000	0.000000	447.040037
2.990000	0.000000	396.193197
3.000000	0.000000	373.687084
3.010000	0.000000	1030.354013
3.020000	0.000000	17293.194119
3.030000	0.000000	14233.843796
3.040000	0.000000	1694.237443
3.050000	0.000000	2031.901468
3.060000	0.000000	879.480614
3.070000	0.000000	350.331025
3.080000	0.000000	348.019720
3.090000	0.000000	14980.243944
3.100000	0.000000	96864.177261
3.110000	0.000000	346.956367
3.120000	0.000000	380.913325
3.130000	0.000000	8150.141966
3.140000	0.000000	1264.107379
3.150000	0.000000	4351.180422
3.160000	0.000000	1499.682382
3.170000	0.000000	2543.113016
3.180000	0.000000	3622.402049
3.190000	0.000000	1944.909455
3.200000	0.000000	484.076645
3.210000	0.000000	474.740425
3.220000	0.000000	644.275761
3.230000	0.000000	648.562081
3.240000	0.000000	646.602946
3.250000	0.000000	673.097379
3.260000	0.000000	4493.198743
3.270000	0.000000	28273.277525
3.280000	0.000000	724.924956
3.290000	0.000000	626.772557
3.300000	0.000000	622.668150
3.310000	0.000000	643.207614
3.320000	0.000000	662.699053
3.330000	0.000000	622.893848
3.340000	0.000000	605.754906
3.350000	0.000000	8783.354470
3.360000	0.000000	6447.832646
3.370000	0.000000	593.568613
3.380000	0.000000	589.670001
3.390000	0.000000	3172.143859
3.400000	0.000000	5495.987838
3.410000	0.000000	1636.647446
3.420000	0.000000	4205.856477
3.430000	0.000000	893.958861
3.440000	0.000000	3421.295105
3.450000	0.000000	3442.466853
3.460000	0.000000	597.615627
3.470000	0.000000	557.631591
3.480000	0.000000	551.271109
3.490000	0.000000	998.305067
3.500000	0.000000	1233.955953
3.510000	0.000000	1268.151223
3.520000	0.000000	1258.216828
3.530000	0.000000	1250.592056
3.540000	0.000000	1243.095954
3.550000	0.000000	1235.674302
3.560000	0.000000	1228.220956
3.570000	0.000000	1220.663485
3.580000	0.000000	1213.277946
3.590000	0.000000	1205.756705
3.600000	0.000000	1198.524863
3.610000	0.000000	1192.950215
3.620000	0.000000	1183.550593
3.630000	0.000000	1175.207537
3.640000	0.000000	1167.728589
3.650000	0.000000	1160.206282
3.660000	0.000000	1152.856177
3.670000	0.000000	1146.025114
3.680000	0.000000	1152.016474
3.690000	0.000000	1140.192889
3.700000	0.000000	1124.052076
3.710000	0.000000	1115.709813
3.720000	0.000000	1108.224324
3.730000	0.000000	1100.805656
3.740000	0.000000	1093.389584
3.750000	0.000000	1085.972854
3.760000	0.000000	1078.550561
3.770000	0.000000	1071.234728
3.780000	0.000000	1064.880567
3.790000	0.000000	1056.514564
3.800000	0.000000	1048.538340
3.810000	0.000000	1041.023278
3.820000	0.000000	1033.553920
3.830000	0.000000	1026.292094
3.840000	0.000000	1019.352167
3.850000	0.000000	1033.817024
3.860000	0.000000	1029.163222
3.870000	0.000000	1014.483522
3.880000	0.000000	1006.122598
3.890000	0.000000	1025.543935
3.900000	0.000000	1032.611132
3.910000	0.000000	966.853160
3.920000	0.000000	961.264296
3.930000	0.000000	959.928809
3.940000	0.000000	944.629843
3.950000	0.000000	937.265541
3.960000	0.000000	932.730900
3.970000	0.000000	922.130839
3.980000	0.000000	914.572192
3.990000	0.000000	907.191645
4.000000	0.000000	901.271867
4.010000	0.000000	893.023793
4.020000	0.000000	885.097129
4.030000	0.000000	878.367156
4.040000	0.000000	870.984430
4.050000	0.000000	863.543372
4.060000	0.000000	857.693599
4.070000	0.000000	852.396476
4.080000	0.000000	846.422621
4.090000	0.000000	843.312748
4.100000	0.000000	846.982560
4.110000	0.000000	831.422766
4.120000	0.000000	826.068463
4.130000	0.000000	820.084319
4.140000	0.000000	817.780232
4.150000	0.000000	810.454052
4.160000	0.000000	805.051553
4.170000	0.000000	800.049016
4.180000	0.000000	795.032813
4.190000	0.000000	790.018463
4.200000	0.000000	785.008962
4.210000	0.000000	779.999542
4.220000	0.000000	774.990128
4.230000	0.000000	769.998694
4.240000	0.000000	765.394437
4.250000	0.000000	760.950330
4.260000	0.000000	754.957433
4.270000	0.000000	749.962204
4.280000	0.000000	744.939510
4.290000	0.000000	739.847769
4.300000	0.000000	735.258328
4.310000	0.000000	729.666151
4.320000	0.000000	724.575574
4.330000	0.000000	720.098031
4.340000	0.000000	714.742232
4.350000	0.000000	709.734102
4.360000	0.000000	704.753343
4.370000	0.000000	699.688566
4.380000	0.000000	694.677210
4.390000	0.000000	689.617701
4.400000	0.000000	684.522241
4.410000	0.000000	679.521595
4.420000	0.000000	674.564730
4.430000	0.000000	669.673904
4.440000	0.000000	664.602352
4.450000	0.000000	659.617360
4.460000	0.000000	654.502036
4.470000	0.000000	649.332290
4.480000	0.000000	644.530165
4.490000	0.000000	639.385293
4.500000	0.000000	635.849776
4.510000	0.000000	630.216385
4.520000	0.000000	624.536801
4.530000	0.000000	619.447293
4.540000	0.000000	614.454429
4.550000	0.000000	609.445676
4.560000	0.000000	604.477013
4.570000	0.000000	603.147460
4.580000	0.000000	602.433700
4.590000	0.000000	589.739694
4.600000	0.000000	584.898663
4.610000	0.000000	580.071895
4.620000	0.000000	575.395680
4.630000	0.000000	571.507197
4.640000	0.000000	568.093746
4.650000	0.000000	564.759593
4.660000	0.000000	561.425056
4.670000	0.000000	558.091890
4.680000	0.000000	554.796613
4.690000	0.000000	551.881551
4.700000	0.000000	548.704270
4.710000	0.000000	545.252050
4.720000	0.000000	542.331923
4.730000	0.000000	539.200556
4.740000	0.000000	535.665495
4.750000	0.000000	532.746425
4.760000	0.000000	528.177540
4.770000	0.000000	524.785116
4.780000	0.000000	521.483572
4.790000	0.000000	518.155410
4.800000	0.000000	514.595160
4.810000	0.000000	511.384886
4.820000	0.000000	511.018727
4.830000	0.000000	505.273003
4.840000	0.000000	501.227907
4.850000	0.000000	498.245749
4.860000	0.000000	495.321555
4.870000	0.000000	491.611930
4.880000	0.000000	487.878215
4.890000	0.000000	484.551257
4.900000	0.000000	481.228196
4.910000	0.000000	477.906674
4.920000	0.000000	474.937839
4.930000	0.000000	472.432424
4.940000	0.000000	467.953402
4.950000	0.000000	464.627069
4.960000	0.000000	461.315571
4.970000	0.000000	457.835935
4.980000	0.000000	455.139939
4.990000	0.000000	451.212760
5.000000	0.000000	447.791824
5.010000	0.000000	444.473208
5.020000	0.000000	441.477683
5.030000	0.000000	438.039085
5.040000	0.000000	434.718164
5.050000	0.000000	431.467315
5.060000	0.000000	428.043549
5.070000	0.000000	424.719626
5.080000	0.000000	421.430628
5.090000	0.000000	418.040147
5.100000	0.000000	414.738492
5.110000	0.000000	411.484659
5.120000	0.000000	408.571058
5.130000	0.000000	404.919583
5.140000	0.000000	401.540656
5.150000	0.000000	398.383034
5.160000	0.000000	395.132899
5.170000	0.000000	391.912071
5.180000	0.000000	388.745907
5.190000	0.000000	386.111961
5.200000	0.000000	383.870023
5.210000	0.000000	381.622722
5.220000	0.000000	379.351536
5.230000	0.000000	377.133534
5.240000	0.000000	374.979904
5.250000	0.000000	372.830898
5.260000	0.000000	370.479169
5.270000	0.000000	368.261222
5.280000	0.000000	366.043191
5.290000	0.000000	363.825192
5.300000	0.000000	361.528271
5.310000	0.000000	359.334324
5.320000	0.000000	357.030902
5.330000	0.000000	354.804581
5.340000	0.000000	352.586684
5.350000	0.000000	350.413649
5.360000	0.000000	348.174126
5.370000	0.000000	345.953605
5.380000	0.000000	343.739894
5.390000	0.000000	341.524756
5.400000	0.000000	339.320058
5.410000	0.000000	337.099271
5.420000	0.000000	334.877030
5.430000	0.000000	332.667827
5.440000	0.000000	330.459513
5.450000	0.000000	328.248785
5.460000	0.000000	326.035662
5.470000	0.000000	323.727707
5.480000	0.000000	321.478198
5.490000	0.000000	319.323554
5.500000	0.000000	317.075378
5.510000	0.000000	314.857986
5.520000	0.000000	312.647188
5.530000	0.000000	310.467606
5.540000	0.000000	308.274850
5.550000	0.000000	306.053974
5.560000	0.000000	303.849380
5.570000	0.000000	301.727891
5.580000	0.000000	299.572194
5.590000	0.000000	297.257716
5.600000	0.000000	295.133833
5.610000	0.000000	293.292574
5.620000	0.000000	292.511649
5.630000	0.000000	290.222185
5.640000	0.000000	287.157871
5.650000	0.000000	285.209392
5.660000	0.000000	282.838403
5.670000	0.000000	283.675938
5.680000	0.000000	278.623484
5.690000	0.000000	275.275051
5.700000	0.000000	273.131132
5.710000	0.000000	270.990218
5.720000	0.000000	268.849478
5.730000	0.000000	266.708895
5.740000	0.000000	264.572473
5.750000	0.000000	262.594111
5.760000	0.000000	260.979343
5.770000	0.000000	259.513358
5.780000	0.000000	258.051868
5.790000	0.000000	256.593437
5.800000	0.000000	255.122447
5.810000	0.000000	253.577940
5.820000	0.000000	252.121870
5.830000	0.000000	250.663972
5.840000	0.000000	249.207867
5.850000	0.000000	247.751291
5.860000	0.000000	246.331566
5.870000	0.000000	244.879830
5.880000	0.000000	243.413386
5.890000	0.000000	241.948977
5.900000	0.000000	240.489854
5.910000	0.000000	239.039093
5.920000	0.000000	237.598781
5.930000	0.000000	236.168321
5.940000	0.000000	234.663293
5.950000	0.000000	233.211268
5.960000	0.000000	231.759872
5.970000	0.000000	230.274260
5.980000	0.000000	228.757520
5.990000	0.000000	227.305248
6.000000	0.000000	225.875940
6.010000	0.000000	224.406906
6.020000	0.000000	222.966498
6.030000	0.000000	221.521764
6.040000	0.000000	220.064278
6.050000	0.000000	218.613840
6.060000	0.000000	217.172893
6.070000	0.000000	215.734666
6.080000	0.000000	214.289283
6.090000	0.000000	212.865283
6.100000	0.000000	211.493605
6.110000	0.000000	210.163582
6.120000	0.000000	209.488202
6.130000	0.000000	207.570870
6.140000	0.000000	205.860657
6.150000	0.000000	204.586684
6.160000	0.000000	203.037293
6.170000	0.000000	202.556634
6.180000	0.000000	200.093072
6.190000	0.000000	198.291153
6.200000	0.000000	196.860655
6.210000	0.000000	195.444880
6.220000	0.000000	194.034658
6.230000	0.000000	192.625973
6.240000	0.000000	191.218058
6.250000	0.000000	189.810762
6.260000	0.000000	188.403355
6.270000	0.000000	186.995430
6.280000	0.000000	185.588136
6.290000	0.000000	184.181313
6.300000	0.000000	182.773009
6.310000	0.000000	181.290399
6.320000	0.000000	179.866546
6.330000	0.000000	178.670422
6.340000	0.000000	177.672986
6.350000	0.000000	176.704155
6.360000	0.000000	175.734777
6.370000	0.000000	174.765282
6.380000	0.000000	173.803597
6.390000	0.000000	172.839178
6.400000	0.000000	171.894900
6.410000	0.000000	170.935080
6.420000	0.000000	169.927843
6.430000	0.000000	168.961909
6.440000	0.000000	168.007958
6.450000	0.000000	167.075248
6.460000	0.000000	166.296957
6.470000	0.000000	165.702264
6.480000	0.000000	164.148312
6.490000	0.000000	163.395636
6.500000	0.000000	162.339759
6.510000	0.000000	161.288986
6.520000	0.000000	160.346958
6.530000	0.000000	161.868225
6.540000	0.000000	161.954140
6.550000	0.000000	159.165230
6.560000	0.000000	157.455714
6.570000	0.000000	160.860651
6.580000	0.000000	162.726822
6.590000	0.000000	158.491330
6.600000	0.000000	167.227162
6.610000	0.000000	195.197738
6.620000	0.000000	197.475756
6.630000	0.000000	210.696776
6.640000	0.000000	217.392056
6.650000	0.000000	236.893452
6.660000	0.000000	229.385225
6.670000	0.000000	187.041908
6.680000	0.000000	190.054586
6.690000	0.000000	292.925623
6.700000	0.000000	206.093618
6.710000	0.000000	143.266919
6.720000	0.000000	141.111819
6.730000	0.000000	139.943649
6.740000	0.000000	138.983847
6.750000	0.000000	138.023791
6.760000	0.000000	137.065148
6.770000	0.000000	136.106967
6.780000	0.000000	135.152909
6.790000	0.000000	134.213376
6.800000	0.000000	133.278215
6.810000	0.000000	132.317066
6.820000	0.000000	131.345954
6.830000	0.000000	130.411465
6.840000	0.000000	129.494781
6.850000	0.000000	128.547701
6.860000	0.000000	127.609146
6.870000	0.000000	126.686616
6.880000	0.000000	125.748615
6.890000	0.000000	124.828533
6.900000	0.000000	123.954104
6.910000	0.000000	123.189268
6.920000	0.000000	122.361077
6.930000	0.000000	121.314831
6.940000	0.000000	120.560609
6.950000	0.000000	119.985140
6.960000	0.000000	119.217798
6.970000	0.000000	119.142448
6.980000	0.000000	117.702811
6.990000	0.000000	117.036729
7.000000	0.000000	116.393524
7.010000	0.000000	115.756113
7.020000	0.000000	115.202016
7.030000	0.000000	114.500267
7.040000	0.000000	113.822389
7.050000	0.000000	113.198942
7.060000	0.000000	112.559469
7.070000	0.000000	111.905282
7.080000	0.000000	111.256885
7.090000	0.000000	110.609083
7.100000	0.000000	109.972346
7.110000	0.000000	109.340187
7.120000	0.000000	108.694496
7.130000	0.000000	108.054771
7.140000	0.000000	107.415098
7.150000	0.000000	106.735795
7.160000	0.000000	106.107149
7.170000	0.000000	105.526191
7.180000	0.000000	104.840116
7.190000	0.000000	104.212174
7.200000	0.000000	103.550188
7.210000	0.000000	102.895603
7.220000	0.000000	102.253496
7.230000	0.000000	101.612861
7.240000	0.000000	100.973480
7.250000	0.000000	100.341533
7.260000	0.000000	99.744567
7.270000	0.000000	99.148670
7.280000	0.000000	98.436826
7.290000	0.000000	97.776827
7.300000	0.000000	97.137494
7.310000	0.000000	96.496357
7.320000	0.000000	95.817016
7.330000	0.000000	95.192465
7.340000	0.000000	94.541212
7.350000	0.000000	93.900498
7.360000	0.000000	93.269576
7.370000	0.000000	92.629355
7.380000	0.000000	92.002908
7.390000	0.000000	91.380047
7.400000	0.000000	90.757036
7.410000	0.000000	90.134024
7.420000	0.000000	89.509313
7.430000	0.000000	88.887575
7.440000	0.000000	88.264022
7.450000	0.000000	87.641614
7.460000	0.000000	87.020546
7.470000	0.000000	86.396930
7.480000	0.000000	85.768091
7.490000	0.000000	85.110841
7.500000	0.000000	84.488269
7.510000	0.000000	83.866618
7.520000	0.000000	83.282343
7.530000	0.000000	82.644875
7.540000	0.000000	82.014225
7.550000	0.000000	81.443917
7.560000	0.000000	80.941212
7.570000	0.000000	80.490729
7.580000	0.000000	80.061495
7.590000	0.000000	79.630519
7.600000	0.000000	79.202365
7.610000	0.000000	78.791653
7.620000	0.000000	78.412676
7.630000	0.000000	78.029982
7.640000	0.000000	77.573075
7.650000	0.000000	77.070598
7.660000	0.000000	76.632318
7.670000	0.000000	76.185035
7.680000	0.000000	75.932936
7.690000	0.000000	75.402943
7.700000	0.000000	75.050114
7.710000	0.000000	74.904395
7.720000	0.000000	75.482744
7.730000	0.000000	75.570290
7.740000	0.000000	74.397691
7.750000	0.000000	74.125649
7.760000	0.000000	75.087227
7.770000	0.000000	77.192799
7.780000	0.000000	81.612026
7.790000	0.000000	74.272832
7.800000	0.000000	73.333669
7.810000	0.000000	70.346160
7.820000	0.000000	70.929131
7.830000	0.000000	69.703790
7.840000	0.000000	68.932149
7.850000	0.000000	68.469065
7.860000	0.000000	69.912836
7.870000	0.000000	77.086454
7.880000	0.000000	71.666255
7.890000	0.000000	66.762682
7.900000	0.000000	66.336514
7.910000	0.000000	65.915915
7.920000	0.000000	65.492068
7.930000	0.000000	65.059157
7.940000	0.000000	64.633542
7.950000	0.000000	64.207992
7.960000	0.000000	63.784433
7.970000	0.000000	63.372012
7.980000	0.000000	62.941219
7.990000	0.000000	62.500698
8.000000	0.000000	62.082544
8.010000	0.000000	61.670513
8.020000	0.000000	61.253149
8.030000	0.000000	60.839912
8.040000	0.000000	60.424057
8.050000	0.000000	60.009745
8.060000	0.000000	59.594365
8.070000	0.000000	59.178076
8.080000	0.000000	58.763557
8.090000	0.000000	58.380698
8.100000	0.000000	58.002856
8.110000	0.000000	57.554073
8.120000	0.000000	57.139401
8.130000	0.000000	56.732974
8.140000	0.000000	56.333132
8.150000	0.000000	55.887018
8.160000	0.000000	60.927524
8.170000	0.000000	55.409069
8.180000	0.000000	55.439732
8.190000	0.000000	54.635914
8.200000	0.000000	54.080793
8.210000	0.000000	54.514513
8.220000	0.000000	53.922479
8.230000	0.000000	53.199299
8.240000	0.000000	52.937042
8.250000	0.000000	52.659088
8.260000	0.000000	52.332635
8.270000	0.000000	52.048183
8.280000	0.000000	52.723985
8.290000	0.000000	54.895635
8.300000	0.000000	51.199966
8.310000	0.000000	50.921407
8.320000	0.000000	50.621999
8.330000	0.000000	50.337125
8.340000	0.000000	52.281568
8.350000	0.000000	50.113632
8.360000	0.000000	49.886605
8.370000	0.000000	49.332138
8.380000	0.000000	48.925651
8.390000	0.000000	48.924445
8.400000	0.000000	48.559692
8.410000	0.000000	48.048846
8.420000	0.000000	47.764234
8.430000	0.000000	47.479975
8.440000	0.000000	47.195756
8.450000	0.000000	46.911528
8.460000	0.000000	46.627338
8.470000	0.000000	46.502515
8.480000	0.000000	47.715488
8.490000	0.000000	45.764646
8.500000	0.000000	45.471385
8.510000	0.000000	45.187230
8.520000	0.000000	44.903075
8.530000	0.000000	44.619191
8.540000	0.000000	44.335216
8.550000	0.000000	44.051478
8.560000	0.000000	43.771099
8.570000	0.000000	43.487319
8.580000	0.000000	43.612203
8.590000	0.000000	43.462065
8.600000	0.000000	42.649817
8.610000	0.000000	42.371561
8.620000	0.000000	42.094681
8.630000	0.000000	41.817836
8.640000	0.000000	41.582954
8.650000	0.000000	41.779875
8.660000	0.000000	40.973743
8.670000	0.000000	40.692462
8.680000	0.000000	40.456604
8.690000	0.000000	40.405524
8.700000	0.000000	39.937265
8.710000	0.000000	39.735262
8.720000	0.000000	39.387593
8.730000	0.000000	39.123830
8.740000	0.000000	38.834426
8.750000	0.000000	38.481929
8.760000	0.000000	38.206248
8.770000	0.000000	37.929931
8.780000	0.000000	37.653401
8.790000	0.000000	37.378427
8.800000	0.000000	37.103963
8.810000	0.000000	36.831395
8.820000	0.000000	36.610135
8.830000	0.000000	36.438585
8.840000	0.000000	36.248282
8.850000	0.000000	36.058528
8.860000	0.000000	35.868772
8.870000	0.000000	35.679071
8.880000	0.000000	35.489485
8.890000	0.000000	35.299993
8.900000	0.000000	35.118122
8.910000	0.000000	34.927712
8.920000	0.000000	34.731018
8.930000	0.000000	34.541173
8.940000	0.000000	34.351498
8.950000	0.000000	34.161835
8.960000	0.000000	33.972195
8.970000	0.000000	33.782560
8.980000	0.000000	33.593176
8.990000	0.000000	33.405911
9.000000	0.000000	33.200978
9.010000	0.000000	33.019687
9.020000	0.000000	32.849916
9.030000	0.000000	32.638681
9.040000	0.000000	32.449577
9.050000	0.000000	32.262950
9.060000	0.000000	32.096822
9.070000	0.000000	31.979334
9.080000	0.000000	31.773810
9.090000	0.000000	31.514755
9.100000	0.000000	31.318468
9.110000	0.000000	31.124552
9.120000	0.000000	30.941671
9.130000	0.000000	30.743750
9.140000	0.000000	30.546947
9.150000	0.000000	30.357802
9.160000	0.000000	30.173240
9.170000	0.000000	29.982857
9.180000	0.000000	29.879581
9.190000	0.000000	29.605454
9.200000	0.000000	29.403490
9.210000	0.000000	29.218639
9.220000	0.000000	29.033788
9.230000	0.000000	28.848941
9.240000	0.000000	28.664227
9.250000	0.000000	28.479596
9.260000	0.000000	28.294994
9.270000	0.000000	28.110457
9.280000	0.000000	27.925930
9.290000	0.000000	27.741406
9.300000	0.000000	27.556908
9.310000	0.000000	27.372621
9.320000	0.000000	27.188369
9.330000	0.000000	26.996068
9.340000	0.000000	26.806276
9.350000	0.000000	26.621821
9.360000	0.000000	26.437767
9.370000	0.000000	26.253823
9.380000	0.000000	26.069892
9.390000	0.000000	25.885961
9.400000	0.000000	25.702031
9.410000	0.000000	25.518110
9.420000	0.000000	25.334195
9.430000	0.000000	25.150288
9.440000	0.000000	24.967479
9.450000	0.000000	24.788916
9.460000	0.000000	24.625451
9.470000	0.000000	24.496507
9.480000	0.000000	24.370372
9.490000	0.000000	24.243223
9.500000	0.000000	24.110447
9.510000	0.000000	23.981720
9.520000	0.000000	23.920596
9.530000	0.000000	23.742089
9.540000	0.000000	23.611794
9.550000	0.000000	23.479830
9.560000	0.000000	23.351728
9.570000	0.000000	23.234008
9.580000	0.000000	23.105124
9.590000	0.000000	22.970798
9.600000	0.000000	22.844277
9.610000	0.000000	22.717617
9.620000	0.000000	22.591225
9.630000	0.000000	22.464832
9.640000	0.000000	22.338440
9.650000	0.000000	22.214369
9.660000	0.000000	22.122295
9.670000	0.000000	21.950771
9.680000	0.000000	21.824401
9.690000	0.000000	21.697972
9.700000	0.000000	21.571717
9.710000	0.000000	21.445370
9.720000	0.000000	21.318897
9.730000	0.000000	21.212503
9.740000	0.000000	21.080425
9.750000	0.000000	20.943162
9.760000	0.000000	20.817327
9.770000	0.000000	20.687026
9.780000	0.000000	20.562915
9.790000	0.000000	20.439957
9.800000	0.000000	20.308707
9.810000	0.000000	20.184837
9.820000	0.000000	20.061687
9.830000	0.000000	19.936906
9.840000	0.000000	19.807311
9.850000	0.000000	19.684282
9.860000	0.000000	19.561254
9.870000	0.000000	19.438226
9.880000	0.000000	19.317135
9.890000	0.000000	19.201161
9.900000	0.000000	19.073914
9.910000	0.000000	18.946169
9.920000	0.000000	18.823365
9.930000	0.000000	18.700713
9.940000	0.000000	18.578078
9.950000	0.000000	18.455448
9.960000	0.000000	18.332822
9.970000	0.000000	18.210179
9.980000	0.000000	18.087537
9.990000	0.000000	17.965184
10.000000	0.000000	17.846365
10.010000	0.000000	17.711613
10.020000	0.000000	17.588734
10.030000	0.000000	17.466112
10.040000	0.000000	17.343495
10.050000	0.000000	17.220883
10.060000	0.000000	17.098280
10.070000	0.000000	16.978332
10.080000	0.000000	16.855183
10.090000	0.000000	16.730495
10.100000	0.000000	16.612478
10.110000	0.000000	16.510039
10.120000	0.000000	16.425527
10.130000	0.000000	16.342608
10.140000	0.000000	16.255993
10.150000	0.000000	16.171800
10.160000	0.000000	16.089092
10.170000	0.000000	15.999330
10.180000	0.000000	15.914169
10.190000	0.000000	15.828666
10.200000	0.000000	15.744170
10.210000	0.000000	15.659817
10.220000	0.000000	15.575467
10.230000	0.000000	15.491114
10.240000	0.000000	15.406761
10.250000	0.000000	15.322409
10.260000	0.000000	15.238057
10.270000	0.000000	15.153705
10.280000	0.000000	15.069400
10.290000	0.000000	14.985163
10.300000	0.000000	14.900868
10.310000	0.000000	14.816528
10.320000	0.000000	14.732190
10.330000	0.000000	14.647853
10.340000	0.000000	14.558732
10.350000	0.000000	14.473476
10.360000	0.000000	14.389139
10.370000	0.000000	14.304803
10.380000	0.000000	14.220467
10.390000	0.000000	14.136132
10.400000	0.000000	14.051806
10.410000	0.000000	13.967525
10.420000	0.000000	13.883945
10.430000	0.000000	13.801369
10.440000	0.000000	13.719268
10.450000	0.000000	13.637167
10.460000	0.000000	13.555067
10.470000	0.000000	13.472970
10.480000	0.000000	13.390869
10.490000	0.000000	13.308764
10.500000	0.000000	13.226372
10.510000	0.000000	13.139019
10.520000	0.000000	13.057101
10.530000	0.000000	12.975265
10.540000	0.000000	12.893436
10.550000	0.000000	12.811612
10.560000	0.000000	12.729781
10.570000	0.000000	12.647951
10.580000	0.000000	12.566124
10.590000	0.000000	12.484301
10.600000	0.000000	12.402482
10.610000	0.000000	12.320662
10.620000	0.000000	12.238841
10.630000	0.000000	12.157024
10.640000	0.000000	12.075209
10.650000	0.000000	11.993390
10.660000	0.000000	11.911575
10.670000	0.000000	11.828301
10.680000	0.000000	11.742409
10.690000	0.000000	11.660597
10.700000	0.000000	11.578792
10.710000	0.000000	11.496999
10.720000	0.000000	11.415210
10.730000	0.000000	11.333423
10.740000	0.000000	11.251638
10.750000	0.000000	11.170977
10.760000	0.000000	11.100667
10.770000	0.000000	11.041635
10.780000	0.000000	10.985259
10.790000	0.000000	10.928909
10.800000	0.000000	10.872559
10.810000	0.000000	10.816209
10.820000	0.000000	10.759859
10.830000	0.000000	10.703508
10.840000	0.000000	10.645354
10.850000	0.000000	10.586999
10.860000	0.000000	10.530650
10.870000	0.000000	10.474301
10.880000	0.000000	10.417952
10.890000	0.000000	10.361602
10.900000	0.000000	10.305253
10.910000	0.000000	10.248904
10.920000	0.000000	10.192556
10.930000	0.000000	10.136213
10.940000	0.000000	10.079872
10.950000	0.000000	10.023533
10.960000	0.000000	9.967195
10.970000	0.000000	9.910858
10.980000	0.000000	9.854521
10.990000	0.000000	9.798184
11.000000	0.000000	9.741846
11.010000	0.000000	9.682903
11.020000	0.000000	9.625363
11.030000	0.000000	9.569061
11.040000	0.000000	9.512903
11.050000	0.000000	9.457561
11.060000	0.000000	9.402635
11.070000	0.000000	9.347789
11.080000	0.000000	9.292943
11.090000	0.000000	9.238097
11.100000	0.000000	9.183251
11.110000	0.000000	9.128405
11.120000	0.000000	9.073594
11.130000	0.000000	9.018869
11.140000	0.000000	8.964201
11.150000	0.000000	8.909533
11.160000	0.000000	8.854866
11.170000	0.000000	8.800199
11.180000	0.000000	8.742229
11.190000	0.000000	8.687177
11.200000	0.000000	8.632517
11.210000	0.000000	8.577857
11.220000	0.000000	8.523197
11.230000	0.000000	8.468539
11.240000	0.000000	8.413882
11.250000	0.000000	8.359225
11.260000	0.000000	8.304567
11.270000	0.000000	8.249910
11.280000	0.000000	8.195254
11.290000	0.000000	8.140602
11.300000	0.000000	8.085953
11.310000	0.000000	8.031306
11.320000	0.000000	7.976661
11.330000	0.000000	7.922017
11.340000	0.000000	7.866983
11.350000	0.000000	7.809034
11.360000	0.000000	7.754396
11.370000	0.000000	7.699760
11.380000	0.000000	7.645123
11.390000	0.000000	7.590487
11.400000	0.000000	7.535857
11.410000	0.000000	7.483428
11.420000	0.000000	7.439446
11.430000	0.000000	7.401200
11.440000	0.000000	7.363536
11.450000	0.000000	7.325894
11.460000	0.000000	7.288254
11.470000	0.000000	7.250613
11.480000	0.000000	7.212973
11.490000	0.000000	7.175332
11.500000	0.000000	7.137692
11.510000	0.000000	7.099249
11.520000	0.000000	7.059867
11.530000	0.000000	7.022228
11.540000	0.000000	6.984588
11.550000	0.000000	6.946949
11.560000	0.000000	6.909313
11.570000	0.000000	6.871679
11.580000	0.000000	6.834045
11.590000	0.000000	6.796411
11.600000	0.000000	6.758778
11.610000	0.000000	6.721146
11.620000	0.000000	6.683514
11.630000	0.000000	6.645882
11.640000	0.000000	6.608254
11.650000	0.000000	6.570645
11.660000	0.000000	6.533076
11.670000	0.000000	6.495562
11.680000	0.000000	6.457362
11.690000	0.000000	6.419553
11.700000	0.000000	6.382916
11.710000	0.000000	6.346280
11.720000	0.000000	6.309643
11.730000	0.000000	6.273009
11.740000	0.000000	6.236431
11.750000	0.000000	6.199900
11.760000	0.000000	6.163383
11.770000	0.000000	6.126868
11.780000	0.000000	6.090353
11.790000	0.000000	6.053838
11.800000	0.000000	6.017323
11.810000	0.000000	5.980808
11.820000	0.000000	5.944294
11.830000	0.000000	5.907779
11.840000	0.000000	5.871266
11.850000	0.000000	5.832934
11.860000	0.000000	5.795771
11.870000	0.000000	5.759261
11.880000	0.000000	5.722754
11.890000	0.000000	5.686249
11.900000	0.000000	5.649744
11.910000	0.000000	5.613239
11.920000	0.000000	5.576734
11.930000	0.000000	5.540229
11.940000	0.000000	5.503725
11.950000	0.000000	5.467222
11.960000	0.000000	5.430719
11.970000	0.000000	5.394217
11.980000	0.000000	5.357714
11.990000	0.000000	5.321213
12.000000	0.000000	5.284712
12.010000	0.000000	5.248213
12.020000	0.000000	5.209378
12.030000	0.000000	5.172751
12.040000	0.000000	5.136254
12.050000	0.000000	5.099763
12.060000	0.000000	5.063275
12.070000	0.000000	5.027441
12.080000	0.000000	4.997411
12.090000	0.000000	4.971411
12.100000	0.000000	4.946246
12.110000	0.000000	4.921098
12.120000	0.000000	4.895961
12.130000	0.000000	4.870825
12.140000	0.000000	4.845689
12.150000	0.000000	4.820552
12.160000	0.000000	4.795416
12.170000	0.000000	4.770280
12.180000	0.000000	4.744876
12.190000	0.000000	4.718310
12.200000	0.000000	4.693178
12.210000	0.000000	4.668046
12.220000	0.000000	4.642914
12.230000	0.000000	4.617782
12.240000	0.000000	4.592650
12.250000	0.000000	4.567518
12.260000	0.000000	4.542386
12.270000	0.000000	4.517264
12.280000	0.000000	4.492162
12.290000	0.000000	4.467072
12.300000	0.000000	4.442049
12.310000	0.000000	4.417272
12.320000	0.000000	4.392795
12.330000	0.000000	4.368328
12.340000	0.000000	4.343862
12.350000	0.000000	4.318786
12.360000	0.000000	4.293300
12.370000	0.000000	4.268911
12.380000	0.000000	4.244526
12.390000	0.000000	4.220140
12.400000	0.000000	4.195755
12.410000	0.000000	4.171370
12.420000	0.000000	4.146985
12.430000	0.000000	4.122599
12.440000	0.000000	4.098215
12.450000	0.000000	4.073830
12.460000	0.000000	4.049446
12.470000	0.000000	4.025064
12.480000	0.000000	4.000683
12.490000	0.000000	3.976303
12.500000	0.000000	3.951923
12.510000	0.000000	3.927543
12.520000	0.000000	3.902209
12.530000	0.000000	3.877135
12.540000	0.000000	3.852755
12.550000	0.000000	3.828376
12.560000	0.000000	3.803998
12.570000	0.000000	3.779619
12.580000	0.000000	3.755241
12.590000	0.000000	3.730864
12.600000	0.000000	3.706486
12.610000	0.000000	3.682109
12.620000	0.000000	3.657732
12.630000	0.000000	3.633356
12.640000	0.000000	3.608980
12.650000	0.000000	3.584604
12.660000	0.000000	3.560229
12.670000	0.000000	3.535853
12.680000	0.000000	3.511479
12.690000	0.000000	3.485805
12.700000	0.000000	3.461089
12.710000	0.000000	3.436721
12.720000	0.000000	3.412354
12.730000	0.000000	3.387988
12.740000	0.000000	3.364823
12.750000	0.000000	3.345781
12.760000	0.000000	3.328790
12.770000	0.000000	3.311979
12.780000	0.000000	3.295179
12.790000	0.000000	3.278388
12.800000	0.000000	3.261598
12.810000	0.000000	3.244808
12.820000	0.000000	3.228018
12.830000	0.000000	3.211229
12.840000	0.000000	3.194442
12.850000	0.000000	3.177655
12.860000	0.000000	3.159733
12.870000	0.000000	3.142945
12.880000	0.000000	3.126158
12.890000	0.000000	3.109371
12.900000	0.000000	3.092588
12.910000	0.000000	3.075821
12.920000	0.000000	3.059060
12.930000	0.000000	3.042301
12.940000	0.000000	3.025668
12.950000	0.000000	3.009223
12.960000	0.000000	2.992872
12.970000	0.000000	2.976528
12.980000	0.000000	2.960190
12.990000	0.000000	2.943869
13.000000	0.000000	2.927579
13.010000	0.000000	2.911290
13.020000	0.000000	2.894770
13.030000	0.000000	2.877612
13.040000	0.000000	2.861324
13.050000	0.000000	2.845035
13.060000	0.000000	2.828747
13.070000	0.000000	2.812461
13.080000	0.000000	2.796176
13.090000	0.000000	2.779891
13.100000	0.000000	2.763606
13.110000	0.000000	2.747321
13.120000	0.000000	2.731036
13.130000	0.000000	2.714751
13.140000	0.000000	2.698466
13.150000	0.000000	2.682181
13.160000	0.000000	2.665897
13.170000	0.000000	2.649612
13.180000	0.000000	2.633327
13.190000	0.000000	2.616578
13.200000	0.000000	2.599656
13.210000	0.000000	2.583371
13.220000	0.000000	2.567086
13.230000	0.000000	2.550803
13.240000	0.000000	2.534520
13.250000	0.000000	2.518237
13.260000	0.000000	2.501954
13.270000	0.000000	2.485671
13.280000	0.000000	2.469389
13.290000	0.000000	2.453107
13.300000	0.000000	2.436825
13.310000	0.000000	2.420543
13.320000	0.000000	2.404261
13.330000	0.000000	2.387979
13.340000	0.000000	2.371697
13.350000	0.000000	2.355416
13.360000	0.000000	2.338444
13.370000	0.000000	2.321763
13.380000	0.000000	2.305486
13.390000	0.000000	2.289210
13.400000	0.000000	2.272934
13.410000	0.000000	2.257445
13.420000	0.000000	2.244734
13.430000	0.000000	2.233372
13.440000	0.000000	2.222132
13.450000	0.000000	2.210896
13.460000	0.000000	2.199667
13.470000	0.000000	2.188444
13.480000	0.000000	2.177221
13.490000	0.000000	2.165998
13.500000	0.000000	2.154776
13.510000	0.000000	2.143554
13.520000	0.000000	2.132332
13.530000	0.000000	2.120471
13.540000	0.000000	2.109134
13.550000	0.000000	2.097928
13.560000	0.000000	2.086724
13.570000	0.000000	2.075521
13.580000	0.000000	2.064425
13.590000	0.000000	2.053451
13.600000	0.000000	2.042516
13.610000	0.000000	2.031585
13.620000	0.000000	2.020668
13.630000	0.000000	2.009770
13.640000	0.000000	1.998881
13.650000	0.000000	1.987992
13.660000	0.000000	1.977103
13.670000	0.000000	1.966214
13.680000	0.000000	1.955326
13.690000	0.000000	1.944400
13.700000	0.000000	1.932816
13.710000	0.000000	1.921929
13.720000	0.000000	1.911043
13.730000	0.000000	1.900156
13.740000	0.000000	1.889269
13.750000	0.000000	1.878382
13.760000	0.000000	1.867496
13.770000	0.000000	1.856609
13.780000	0.000000	1.845722
13.790000	0.000000	1.834835
13.800000	0.000000	1.823949
13.810000	0.000000	1.813062
13.820000	0.000000	1.802175
13.830000	0.000000	1.791288
13.840000	0.000000	1.780401
13.850000	0.000000	1.769515
13.860000	0.000000	1.758434
13.870000	0.000000	1.747005
13.880000	0.000000	1.736119
13.890000	0.000000	1.725233
13.900000	0.000000	1.714347
13.910000	0.000000	1.703461
13.920000	0.000000	1.692576
13.930000	0.000000	1.681691
13.940000	0.000000	1.670806
13.950000	0.000000	1.659921
13.960000	0.000000	1.649036
13.970000	0.000000	1.638151
13.980000	0.000000	1.627266
13.990000	0.000000	1.616381
14.000000	0.000000	1.605497
14.010000	0.000000	1.594612
14.020000	0.000000	1.583730
14.030000	0.000000	1.572500
14.040000	0.000000	1.561232
14.050000	0.000000	1.550351
14.060000	0.000000	1.539470
14.070000	0.000000	1.528589
14.080000	0.000000	1.517826
14.090000	0.000000	1.508768
14.100000	0.000000	1.500950
14.110000	0.000000	1.493436
14.120000	0.000000	1.485923
14.130000	0.000000	1.478413
14.140000	0.000000	1.470910
14.150000	0.000000	1.463408
14.160000	0.000000	1.455906
14.170000	0.000000	1.448404
14.180000	0.000000	1.440903
14.190000	0.000000	1.433410
14.200000	0.000000	1.425574
14.210000	0.000000	1.417925
14.220000	0.000000	1.410480
14.230000	0.000000	1.403149
14.240000	0.000000	1.395837
14.250000	0.000000	1.388528
14.260000	0.000000	1.381225
14.270000	0.000000	1.373937
14.280000	0.000000	1.366656
14.290000	0.000000	1.359377
14.300000	0.000000	1.352098
14.310000	0.000000	1.344820
14.320000	0.000000	1.337542
14.330000	0.000000	1.330264
14.340000	0.000000	1.322986
14.350000	0.000000	1.315708
14.360000	0.000000	1.308430
14.370000	0.000000	1.300711
14.380000	0.000000	1.293381
14.390000	0.000000	1.286103
14.400000	0.000000	1.278825
14.410000	0.000000	1.271547
14.420000	0.000000	1.264269
14.430000	0.000000	1.256991
14.440000	0.000000	1.249713
14.450000	0.000000	1.242435
14.460000	0.000000	1.235157
14.470000	0.000000	1.227879
14.480000	0.000000	1.220601
14.490000	0.000000	1.213323
14.500000	0.000000	1.206044
14.510000	0.000000	1.198766
14.520000	0.000000	1.191488
14.530000	0.000000	1.184159
14.540000	0.000000	1.176441
14.550000	0.000000	1.169163
14.560000	0.000000	1.161886
14.570000	0.000000	1.154608
14.580000	0.000000	1.147330
14.590000	0.000000	1.140053
14.600000	0.000000	1.132776
14.610000	0.000000	1.125499
14.620000	0.000000	1.118222
14.630000	0.000000	1.110946
14.640000	0.000000	1.103669
14.650000	0.000000	1.096392
14.660000	0.000000	1.089115
14.670000	0.000000	1.081839
14.680000	0.000000	1.074563
14.690000	0.000000	1.067288
14.700000	0.000000	1.059858
14.710000	0.000000	1.052247
14.720000	0.000000	1.044973
14.730000	0.000000	1.037699
14.740000	0.000000	1.030425
14.750000	0.000000	1.023151
14.760000	0.000000	1.016144
14.770000	0.000000	1.010320
14.780000	0.000000	1.005211
14.790000	0.000000	1.000188
14.800000	0.000000	0.995165
14.810000	0.000000	0.990143
14.820000	0.000000	0.985123
14.830000	0.000000	0.980108
14.840000	0.000000	0.975100
14.850000	0.000000	0.970092
14.860000	0.000000	0.965087
14.870000	0.000000	0.959971
14.880000	0.000000	0.954927
14.890000	0.000000	0.950039
14.900000	0.000000	0.945154
14.910000	0.000000	0.940278
14.920000	0.000000	0.935406
14.930000	0.000000	0.930537
14.940000	0.000000	0.925670
14.950000	0.000000	0.920803
14.960000	0.000000	0.915937
14.970000	0.000000	0.911071
14.980000	0.000000	0.906205
14.990000	0.000000	0.901339
15.000000	0.000000	0.896473
15.010000	0.000000	0.891607
15.020000	0.000000	0.886741
15.030000	0.000000	0.881875
15.040000	0.000000	0.876766
15.050000	0.000000	0.871814
15.060000	0.000000	0.866948
15.070000	0.000000	0.862082
15.080000	0.000000	0.857216
15.090000	0.000000	0.852350
15.100000	0.000000	0.847483
15.110000	0.000000	0.842617
15.120000	0.000000	0.837751
15.130000	0.000000	0.832885
15.140000	0.000000	0.828019
15.150000	0.000000	0.823153
15.160000	0.000000	0.818287
15.170000	0.000000	0.813421
15.180000	0.000000	0.808555
15.190000	0.000000	0.803690
15.200000	0.000000	0.798824
15.210000	0.000000	0.793646
15.220000	0.000000	0.788763
15.230000	0.000000	0.783898
15.240000	0.000000	0.779032
15.250000	0.000000	0.774166
15.260000	0.000000	0.769301
15.270000	0.000000	0.764435
15.280000	0.000000	0.759570
15.290000	0.000000	0.754705
15.300000	0.000000	0.749840
15.310000	0.000000	0.744974
15.320000	0.000000	0.740109
15.330000	0.000000	0.735244
15.340000	0.000000	0.730379
15.350000	0.000000	0.725515
15.360000	0.000000	0.720651
15.370000	0.000000	0.715735
15.380000	0.000000	0.710595
15.390000	0.000000	0.705731
15.400000	0.000000	0.700868
15.410000	0.000000	0.696004
15.420000	0.000000	0.691141
15.430000	0.000000	0.686278
15.440000	0.000000	0.681610
15.450000	0.000000	0.677689
15.460000	0.000000	0.674280
15.470000	0.000000	0.670921
15.480000	0.000000	0.667563
15.490000	0.000000	0.664208
15.500000	0.000000	0.660855
15.510000	0.000000	0.657513
15.520000	0.000000	0.654221
15.530000	0.000000	0.650953
15.540000	0.000000	0.647603
15.550000	0.000000	0.644196
15.560000	0.000000	0.640936
15.570000	0.000000	0.637678
15.580000	0.000000	0.634421
15.590000	0.000000	0.631164
15.600000	0.000000	0.627908
15.610000	0.000000	0.624653
15.620000	0.000000	0.621399
15.630000	0.000000	0.618144
15.640000	0.000000	0.614889
15.650000	0.000000	0.611635
15.660000	0.000000	0.608380
15.670000	0.000000	0.605126
15.680000	0.000000	0.601871
15.690000	0.000000	0.598617
15.700000	0.000000	0.595363
15.710000	0.000000	0.591981
15.720000	0.000000	0.588634
15.730000	0.000000	0.585379
15.740000	0.000000	0.582125
15.750000	0.000000	0.578870
15.760000	0.000000	0.575616
15.770000	0.000000	0.572361
15.780000	0.000000	0.569107
15.790000	0.000000	0.565853
15.800000	0.000000	0.562598
15.810000	0.000000	0.559344
15.820000	0.000000	0.556089
15.830000	0.000000	0.552835
15.840000	0.000000	0.549580
15.850000	0.000000	0.546326
15.860000	0.000000	0.543072
15.870000	0.000000	0.539818
15.880000	0.000000	0.536390
15.890000	0.000000	0.533089
15.900000	0.000000	0.529835
15.910000	0.000000	0.526581
15.920000	0.000000	0.523327
15.930000	0.000000	0.520073
15.940000	0.000000	0.516819
15.950000	0.000000	0.513565
15.960000	0.000000	0.510311
15.970000	0.000000	0.507057
15.980000	0.000000	0.503803
15.990000	0.000000	0.500549
16.000000	0.000000	0.497295
16.010000	0.000000	0.494041
16.020000	0.000000	0.490788
16.030000	0.000000	0.487535
16.040000	0.000000	0.484282
16.050000	0.000000	0.480810
16.060000	0.000000	0.477557
16.070000	0.000000	0.474304
16.080000	0.000000	0.471052
16.090000	0.000000	0.467799
16.100000	0.000000	0.464547
16.110000	0.000000	0.461294
16.120000	0.000000	0.458066
16.130000	0.000000	0.455225
16.140000	0.000000	0.452840
16.150000	0.000000	0.450597
16.160000	0.000000	0.448364
16.170000	0.000000	0.446156
16.180000	0.000000	0.443968
16.190000	0.000000	0.441779
16.200000	0.000000	0.439592
16.210000	0.000000	0.437377
16.220000	0.000000	0.435083
16.230000	0.000000	0.432905
16.240000	0.000000	0.430727
16.250000	0.000000	0.428549
16.260000	0.000000	0.426371
16.270000	0.000000	0.424195
16.280000	0.000000	0.422019
16.290000	0.000000	0.419843
16.300000	0.000000	0.417667
16.310000	0.000000	0.415491
16.320000	0.000000	0.413315
16.330000	0.000000	0.411139
16.340000	0.000000	0.408963
16.350000	0.000000	0.406787
16.360000	0.000000	0.404611
16.370000	0.000000	0.402435
16.380000	0.000000	0.400197
16.390000	0.000000	0.397936
16.400000	0.000000	0.395761
16.410000	0.000000	0.393585
16.420000	0.000000	0.391409
16.430000	0.000000	0.389233
16.440000	0.000000	0.387057
16.450000	0.000000	0.384881
16.460000	0.000000	0.382705
16.470000	0.000000	0.380530
16.480000	0.000000	0.378354
16.490000	0.000000	0.376178
16.500000	0.000000	0.374002
16.510000	0.000000	0.371826
16.520000	0.000000	0.369651
16.530000	0.000000	0.367475
16.540000	0.000000	0.365299
16.550000	0.000000	0.363031
16.560000	0.000000	0.360801
16.570000	0.000000	0.358625
16.580000	0.000000	0.356449
16.590000	0.000000	0.354274
16.600000	0.000000	0.352098
16.610000	0.000000	0.349923
16.620000	0.000000	0.347747
16.630000	0.000000	0.345571
16.640000	0.000000	0.343396
16.650000	0.000000	0.341220
16.660000	0.000000	0.339045
16.670000	0.000000	0.336869
16.680000	0.000000	0.334694
16.690000	0.000000	0.332519
16.700000	0.000000	0.330344
16.710000	0.000000	0.328169
16.720000	0.000000	0.325871
16.730000	0.000000	0.323673
16.740000	0.000000	0.321498
16.750000	0.000000	0.319323
16.760000	0.000000	0.317149
16.770000	0.000000	0.314974
16.780000	0.000000	0.312800
16.790000	0.000000	0.310626
16.800000	0.000000	0.308453
16.810000	0.000000	0.306377
16.820000	0.000000	0.304604
16.830000	0.000000	0.303127
16.840000	0.000000	0.301663
16.850000	0.000000	0.300200
16.860000	0.000000	0.298737
16.870000	0.000000	0.297276
16.880000	0.000000	0.295812
16.890000	0.000000	0.294259
16.900000	0.000000	0.292801
16.910000	0.000000	0.291343
16.920000	0.000000	0.289887
16.930000	0.000000	0.288430
16.940000	0.000000	0.286974
16.950000	0.000000	0.285518
16.960000	0.000000	0.284063
16.970000	0.000000	0.282607
16.980000	0.000000	0.281152
16.990000	0.000000	0.279696
17.000000	0.000000	0.278241
17.010000	0.000000	0.276785
17.020000	0.000000	0.275330
17.030000	0.000000	0.273875
17.040000	0.000000	0.272419
17.050000	0.000000	0.270938
17.060000	0.000000	0.269410
17.070000	0.000000	0.267955
17.080000	0.000000	0.266499
17.090000	0.000000	0.265044
17.100000	0.000000	0.263588
17.110000	0.000000	0.262133
17.120000	0.000000	0.260678
17.130000	0.000000	0.259222
17.140000	0.000000	0.257767
17.150000	0.000000	0.256312
17.160000	0.000000	0.254856
17.170000	0.000000	0.253401
17.180000	0.000000	0.251946
17.190000	0.000000	0.250490
17.200000	0.000000	0.249035
17.210000	0.000000	0.247580
17.220000	0.000000	0.246078
17.230000	0.000000	0.244571
17.240000	0.000000	0.243116
17.250000	0.000000	0.241660
17.260000	0.000000	0.240205
17.270000	0.000000	0.238750
17.280000	0.000000	0.237295
17.290000	0.000000	0.235840
17.300000	0.000000	0.234384
17.310000	0.000000	0.232929
17.320000	0.000000	0.231474
17.330000	0.000000	0.230019
17.340000	0.000000	0.228564
17.350000	0.000000	0.227109
17.360000	0.000000	0.225654
17.370000	0.000000	0.224199
17.380000	0.000000	0.222744
17.390000	0.000000	0.221222
17.400000	0.000000	0.219737
17.410000	0.000000	0.218282
17.420000	0.000000	0.216828
17.430000	0.000000	0.215374
17.440000	0.000000	0.213919
17.450000	0.000000	0.212465
17.460000	0.000000	0.211011
17.470000	0.000000	0.209564
17.480000	0.000000	0.208129
17.490000	0.000000	0.206700
17.500000	0.000000	0.205322
17.510000	0.000000	0.204123
17.520000	0.000000	0.203138
17.530000	0.000000	0.202161
17.540000	0.000000	0.201185
17.550000	0.000000	0.200209
17.560000	0.000000	0.199175
17.570000	0.000000	0.198192
17.580000	0.000000	0.197217
17.590000	0.000000	0.196241
17.600000	0.000000	0.195266
17.610000	0.000000	0.194291
17.620000	0.000000	0.193318
17.630000	0.000000	0.192344
17.640000	0.000000	0.191371
17.650000	0.000000	0.190398
17.660000	0.000000	0.189425
17.670000	0.000000	0.188451
17.680000	0.000000	0.187478
17.690000	0.000000	0.186505
17.700000	0.000000	0.185531
17.710000	0.000000	0.184558
17.720000	0.000000	0.183578
17.730000	0.000000	0.182546
17.740000	0.000000	0.181573
17.750000	0.000000	0.180599
17.760000	0.000000	0.179626
17.770000	0.000000	0.178653
17.780000	0.000000	0.177680
17.790000	0.000000	0.176707
17.800000	0.000000	0.175733
17.810000	0.000000	0.174760
17.820000	0.000000	0.173787
17.830000	0.000000	0.172814
17.840000	0.000000	0.171841
17.850000	0.000000	0.170867
17.860000	0.000000	0.169894
17.870000	0.000000	0.168921
17.880000	0.000000	0.167948
17.890000	0.000000	0.166954
17.900000	0.000000	0.165936
17.910000	0.000000	0.164963
17.920000	0.000000	0.163990
17.930000	0.000000	0.163016
17.940000	0.000000	0.162043
17.950000	0.000000	0.161070
17.960000	0.000000	0.160097
17.970000	0.000000	0.159124
17.980000	0.000000	0.158151
17.990000	0.000000	0.157178
18.000000	0.000000	0.156205
18.010000	0.000000	0.155232
18.020000	0.000000	0.154259
18.030000	0.000000	0.153286
18.040000	0.000000	0.152313
18.050000	0.000000	0.151340
18.060000	0.000000	0.150333
18.070000	0.000000	0.149329
18.080000	0.000000	0.148357
18.090000	0.000000	0.147384
18.100000	0.000000	0.146412
18.110000	0.000000	0.145439
18.120000	0.000000	0.144467
18.130000	0.000000	0.143502
18.140000	0.000000	0.142545
18.150000	0.000000	0.141589
18.160000	0.000000	0.140634
18.170000	0.000000	0.139679
18.180000	0.000000	0.138723
18.190000	0.000000	0.137791
18.200000	0.000000	0.136969
18.210000	0.000000	0.136312
18.220000	0.000000	0.135660
18.230000	0.000000	0.134975
18.240000	0.000000	0.134311
18.250000	0.000000	0.133658
18.260000	0.000000	0.133005
18.270000	0.000000	0.132353
18.280000	0.000000	0.131700
18.290000	0.000000	0.131048
18.300000	0.000000	0.130395
18.310000	0.000000	0.129744
18.320000	0.000000	0.129093
18.330000	0.000000	0.128442
18.340000	0.000000	0.127791
18.350000	0.000000	0.127140
18.360000	0.000000	0.126488
18.370000	0.000000	0.125837
18.380000	0.000000	0.125186
18.390000	0.000000	0.124535
18.400000	0.000000	0.123842
18.410000	0.000000	0.123189
18.420000	0.000000	0.122538
18.430000	0.000000	0.121887
18.440000	0.000000	0.121236
18.450000	0.000000	0.120585
18.460000	0.000000	0.119934
18.470000	0.000000	0.119283
18.480000	0.000000	0.118632
18.490000	0.000000	0.117981
18.500000	0.000000	0.117330
18.510000	0.000000	0.116679
18.520000	0.000000	0.116028
18.530000	0.000000	0.115377
18.540000	0.000000	0.114726
18.550000	0.000000	0.114075
18.560000	0.000000	0.113417
18.570000	0.000000	0.112729
18.580000	0.000000	0.112078
18.590000	0.000000	0.111427
18.600000	0.000000	0.110776
18.610000	0.000000	0.110125
18.620000	0.000000	0.109474
18.630000	0.000000	0.108823
18.640000	0.000000	0.108172
18.650000	0.000000	0.107521
18.660000	0.000000	0.106870
18.670000	0.000000	0.106220
18.680000	0.000000	0.105569
18.690000	0.000000	0.104918
18.700000	0.000000	0.104267
18.710000	0.000000	0.103616
18.720000	0.000000	0.102965
18.730000	0.000000	0.102298
18.740000	0.000000	0.101620
18.750000	0.000000	0.100969
18.760000	0.000000	0.100319
18.770000	0.000000	0.099668
18.780000	0.000000	0.099018
18.790000	0.000000	0.098373
18.800000	0.000000	0.097732
18.810000	0.000000	0.097092
18.820000	0.000000	0.096453
18.830000	0.000000	0.095814
18.840000	0.000000	0.095175
18.850000	0.000000	0.094536
18.860000	0.000000	0.093897
18.870000	0.000000	0.093260
18.880000	0.000000	0.092624
18.890000	0.000000	0.092017
18.900000	0.000000	0.091537
18.910000	0.000000	0.091088
18.920000	0.000000	0.090652
18.930000	0.000000	0.090215
18.940000	0.000000	0.089779
18.950000	0.000000	0.089342
18.960000	0.000000	0.088906
18.970000	0.000000	0.088469
18.980000	0.000000	0.088033
18.990000	0.000000	0.087597
19.000000	0.000000	0.087160
19.010000	0.000000	0.086724
19.020000	0.000000	0.086289
19.030000	0.000000	0.085853
19.040000	0.000000	0.085418
19.050000	0.000000	0.084982
19.060000	0.000000	0.084547
19.070000	0.000000	0.084088
19.080000	0.000000	0.083646
19.090000	0.000000	0.083211
19.100000	0.000000	0.082775
19.110000	0.000000	0.082340
19.120000	0.000000	0.081904
19.130000	0.000000	0.081469
19.140000	0.000000	0.081033
19.150000	0.000000	0.080598
19.160000	0.000000	0.080162
19.170000	0.000000	0.079727
19.180000	0.000000	0.079291
19.190000	0.000000	0.078856
19.200000	0.000000	0.078420
19.210000	0.000000	0.077985
19.220000	0.000000	0.077550
19.230000	0.000000	0.077114
19.240000	0.000000	0.076649
19.250000	0.000000	0.076214
19.260000	0.000000	0.075778
19.270000	0.000000	0.075343
19.280000	0.000000	0.074908
19.290000	0.000000	0.074472
19.300000	0.000000	0.074037
19.310000	0.000000	0.073601
19.320000	0.000000	0.073166
19.330000	0.000000	0.072731
19.340000	0.000000	0.072295
19.350000	0.000000	0.071860
19.360000	0.000000	0.071425
19.370000	0.000000	0.070989
19.380000	0.000000	0.070554
19.390000	0.000000	0.070119
19.400000	0.000000	0.069677
19.410000	0.000000	0.069219
19.420000	0.000000	0.068783
19.430000	0.000000	0.068348
19.440000	0.000000	0.067913
19.450000	0.000000	0.067481
19.460000	0.000000	0.067053
19.470000	0.000000	0.066625
19.480000	0.000000	0.066197
19.490000	0.000000	0.065769
19.500000	0.000000	0.065342
19.510000	0.000000	0.064914
19.520000	0.000000	0.064487
19.530000	0.000000	0.064059
19.540000	0.000000	0.063633
19.550000	0.000000	0.063206
19.560000	0.000000	0.062780
19.570000	0.000000	0.062341
19.580000	0.000000	0.061898
19.590000	0.000000	0.061543
19.600000	0.000000	0.061246
19.610000	0.000000	0.060954
19.620000	0.000000	0.060662
19.630000	0.000000	0.060370
19.640000	0.000000	0.060078
19.650000	0.000000	0.059786
19.660000	0.000000	0.059494
19.670000	0.000000	0.059202
19.680000	0.000000	0.058910
19.690000	0.000000	0.058618
19.700000	0.000000	0.058327
19.710000	0.000000	0.058035
19.720000	0.000000	0.057743
19.730000	0.000000	0.057452
19.740000	0.000000	0.057148
19.750000	0.000000	0.056850
19.760000	0.000000	0.056558
19.770000	0.000000	0.056267
19.780000	0.000000	0.055976
19.790000	0.000000	0.055685
19.800000	0.000000	0.055393
19.810000	0.000000	0.055102
19.820000	0.000000	0.054811
19.830000	0.000000	0.054519
19.840000	0.000000	0.054228
19.850000	0.000000	0.053937
19.860000	0.000000	0.053645
19.870000	0.000000	0.053354
19.880000	0.000000	0.053063
19.890000	0.000000	0.052772
19.900000	0.000000	0.052480
19.910000	0.000000	0.052173
19.920000	0.000000	0.051878
19.930000	0.000000	0.051587
19.940000	0.000000	0.051296
19.950000	0.000000	0.051004
19.960000	0.000000	0.050713
19.970000	0.000000	0.050422
19.980000	0.000000	0.050131
19.990000	0.000000	0.049840
20.000000	0.000000	0.049548
20.010000	0.000000	0.049257
20.020000	0.000000	0.048966
20.030000	0.000000	0.048675
20.040000	0.000000	0.048383
20.050000	0.000000	0.048092
20.060000	0.000000	0.047801
20.070000	0.000000	0.047509
20.080000	0.000000	0.047199
20.090000	0.000000	0.046908
20.100000	0.000000	0.046617
20.110000	0.000000	0.046327
20.120000	0.000000	0.046040
20.130000	0.000000	0.045754
20.140000	0.000000	0.045467
20.150000	0.000000	0.045181
20.160000	0.000000	0.044895
20.170000	0.000000	0.044609
20.180000	0.000000	0.044323
20.190000	0.000000	0.044037
20.200000	0.000000	0.043751
20.210000	0.000000	0.043465
20.220000	0.000000	0.043180
20.230000	0.000000	0.042895
20.240000	0.000000	0.042604
20.250000	0.000000	0.042305
20.260000	0.000000	0.042019
20.270000	0.000000	0.041734
20.280000	0.000000	0.041453
20.290000	0.000000	0.041223
20.300000	0.000000	0.041022
20.310000	0.000000	0.040826
20.320000	0.000000	0.040631
20.330000	0.000000	0.040435
20.340000	0.000000	0.040240
20.350000	0.000000	0.040044
20.360000	0.000000	0.039849
20.370000	0.000000	0.039654
20.380000	0.000000	0.039458
20.390000	0.000000	0.039263
20.400000	0.000000	0.039068
20.410000	0.000000	0.038866
20.420000	0.000000	0.038664
20.430000	0.000000	0.038469
20.440000	0.000000	0.038274
20.450000	0.000000	0.038079
20.460000	0.000000	0.037884
20.470000	0.000000	0.037689
20.480000	0.000000	0.037494
20.490000	0.000000	0.037299
20.500000	0.000000	0.037104
20.510000	0.000000	0.036909
20.520000	0.000000	0.036714
20.530000	0.000000	0.036519
20.540000	0.000000	0.036324
20.550000	0.000000	0.036129
20.560000	0.000000	0.035934
20.570000	0.000000	0.035739
20.580000	0.000000	0.035535
20.590000	0.000000	0.035335
20.600000	0.000000	0.035140
20.610000	0.000000	0.034945
20.620000	0.000000	0.034750
20.630000	0.000000	0.034555
20.640000	0.000000	0.034361
20.650000	0.000000	0.034166
20.660000	0.000000	0.033971
20.670000	0.000000	0.033776
20.680000	0.000000	0.033581
20.690000	0.000000	0.033386
20.700000	0.000000	0.033191
20.710000	0.000000	0.032996
20.720000	0.000000	0.032801
20.730000	0.000000	0.032606
20.740000	0.000000	0.032411
20.750000	0.000000	0.032204
20.760000	0.000000	0.032008
20.770000	0.000000	0.031813
20.780000	0.000000	0.031621
20.790000	0.000000	0.031429
20.800000	0.000000	0.031237
20.810000	0.000000	0.031045
20.820000	0.000000	0.030854
20.830000	0.000000	0.030662
20.840000	0.000000	0.030470
20.850000	0.000000	0.030279
20.860000	0.000000	0.030087
20.870000	0.000000	0.029896
20.880000	0.000000	0.029705
20.890000	0.000000	0.029513
20.900000	0.000000	0.029322
20.910000	0.000000	0.029130
20.920000	0.000000	0.028927
20.930000	0.000000	0.028736
20.940000	0.000000	0.028545
20.950000	0.000000	0.028354
20.960000	0.000000	0.028163
20.970000	0.000000	0.027972
20.980000	0.000000	0.027787
20.990000	0.000000	0.027631
21.000000	0.000000	0.027497
21.010000	0.000000	0.027367
21.020000	0.000000	0.027236
21.030000	0.000000	0.027105
21.040000	0.000000	0.026974
21.050000	0.000000	0.026844
21.060000	0.000000	0.026713
21.070000	0.000000	0.026582
21.080000	0.000000	0.026449
21.090000	0.000000	0.026312
21.100000	0.000000	0.026181
21.110000	0.000000	0.026051
21.120000	0.000000	0.025920
21.130000	0.000000	0.025789
21.140000	0.000000	0.025659
21.150000	0.000000	0.025528
21.160000	0.000000	0.025398
21.170000	0.000000	0.025267
21.180000	0.000000	0.025137
21.190000	0.000000	0.025007
21.200000	0.000000	0.024876
21.210000	0.000000	0.024746
21.220000	0.000000	0.024615
21.230000	0.000000	0.024485
21.240000	0.000000	0.024354
21.250000	0.000000	0.024219
21.260000	0.000000	0.024085
21.270000	0.000000	0.023954
21.280000	0.000000	0.023824
21.290000	0.000000	0.023693
21.300000	0.000000	0.023563
21.310000	0.000000	0.023432
21.320000	0.000000	0.023302
21.330000	0.000000	0.023171
21.340000	0.000000	0.023041
21.350000	0.000000	0.022911
21.360000	0.000000	0.022780
21.370000	0.000000	0.022650
21.380000	0.000000	0.022519
21.390000	0.000000	0.022389
21.400000	0.000000	0.022258
21.410000	0.000000	0.022128
21.420000	0.000000	0.021991
21.430000	0.000000	0.021858
21.440000	0.000000	0.021729
21.450000	0.000000	0.021600
21.460000	0.000000	0.021472
21.470000	0.000000	0.021344
21.480000	0.000000	0.021215
21.490000	0.000000	0.021087
21.500000	0.000000	0.020959
21.510000	0.000000	0.020831
21.520000	0.000000	0.020702
21.530000	0.000000	0.020574
21.540000	0.000000	0.020446
21.550000	0.000000	0.020318
21.560000	0.000000	0.020190
21.570000	0.000000	0.020062
21.580000	0.000000	0.019934
21.590000	0.000000	0.019798
21.600000	0.000000	0.019670
21.610000	0.000000	0.019542
21.620000	0.000000	0.019414
21.630000	0.000000	0.019287
21.640000	0.000000	0.019159
21.650000	0.000000	0.019031
21.660000	0.000000	0.018903
21.670000	0.000000	0.018775
21.680000	0.000000	0.018650
21.690000	0.000000	0.018540
21.700000	0.000000	0.018450
21.710000	0.000000	0.018362
21.720000	0.000000	0.018275
21.730000	0.000000	0.018187
21.740000	0.000000	0.018100
21.750000	0.000000	0.018011
21.760000	0.000000	0.017919
21.770000	0.000000	0.017831
21.780000	0.000000	0.017744
21.790000	0.000000	0.017656
21.800000	0.000000	0.017569
21.810000	0.000000	0.017482
21.820000	0.000000	0.017394
21.830000	0.000000	0.017307
21.840000	0.000000	0.017219
21.850000	0.000000	0.017132
21.860000	0.000000	0.017045
21.870000	0.000000	0.016957
21.880000	0.000000	0.016870
21.890000	0.000000	0.016783
21.900000	0.000000	0.016695
21.910000	0.000000	0.016608
21.920000	0.000000	0.016518
21.930000	0.000000	0.016427
21.940000	0.000000	0.016340
21.950000	0.000000	0.016253
21.960000	0.000000	0.016165
21.970000	0.000000	0.016078
21.980000	0.000000	0.015991
21.990000	0.000000	0.015903
22.000000	0.000000	0.015816
22.010000	0.000000	0.015729
22.020000	0.000000	0.015642
22.030000	0.000000	0.015554
22.040000	0.000000	0.015467
22.050000	0.000000	0.015380
22.060000	0.000000	0.015292
22.070000	0.000000	0.015205
22.080000	0.000000	0.015118
22.090000	0.000000	0.015027
22.100000	0.000000	0.014937
22.110000	0.000000	0.014851
22.120000	0.000000	0.014765
22.130000	0.000000	0.014679
22.140000	0.000000	0.014593
22.150000	0.000000	0.014507
22.160000	0.000000	0.014421
22.170000	0.000000	0.014335
22.180000	0.000000	0.014249
22.190000	0.000000	0.014164
22.200000	0.000000	0.014078
22.210000	0.000000	0.013992
22.220000	0.000000	0.013906
22.230000	0.000000	0.013821
22.240000	0.000000	0.013735
22.250000	0.000000	0.013649
22.260000	0.000000	0.013559
22.270000	0.000000	0.013472
22.280000	0.000000	0.013387
22.290000	0.000000	0.013301
22.300000	0.000000	0.013216
22.310000	0.000000	0.013130
22.320000	0.000000	0.013045
22.330000	0.000000	0.012959
22.340000	0.000000	0.012873
22.350000	0.000000	0.012788
22.360000	0.000000	0.012702
22.370000	0.000000	0.012617
22.380000	0.000000	0.012532
22.390000	0.000000	0.012451
22.400000	0.000000	0.012387
22.410000	0.000000	0.012329
22.420000	0.000000	0.012270
22.430000	0.000000	0.012208
22.440000	0.000000	0.012149
22.450000	0.000000	0.012091
22.460000	0.000000	0.012032
22.470000	0.000000	0.011973
22.480000	0.000000	0.011915
22.490000	0.000000	0.011856
22.500000	0.000000	0.011798
22.510000	0.000000	0.011739
22.520000	0.000000	0.011681
22.530000	0.000000	0.011622
22.540000	0.000000	0.011564
22.550000	0.000000	0.011505
22.560000	0.000000	0.011447
22.570000	0.000000	0.011388
22.580000	0.000000	0.011330
22.590000	0.000000	0.011271
22.600000	0.000000	0.011209
22.610000	0.000000	0.011151
22.620000	0.000000	0.011092
22.630000	0.000000	0.011034
22.640000	0.000000	0.010976
22.650000	0.000000	0.010917
22.660000	0.000000	0.010859
22.670000	0.000000	0.010800
22.680000	0.000000	0.010742
22.690000	0.000000	0.010683
22.700000	0.000000	0.010625
22.710000	0.000000	0.010567
22.720000	0.000000	0.010508
22.730000	0.000000	0.010450
22.740000	0.000000	0.010391
22.750000	0.000000	0.010333
22.760000	0.000000	0.010273
22.770000	0.000000	0.010212
22.780000	0.000000	0.010154
22.790000	0.000000	0.010097
22.800000	0.000000	0.010039
22.810000	0.000000	0.009982
22.820000	0.000000	0.009924
22.830000	0.000000	0.009867
22.840000	0.000000	0.009809
22.850000	0.000000	0.009752
22.860000	0.000000	0.009695
22.870000	0.000000	0.009637
22.880000	0.000000	0.009580
22.890000	0.000000	0.009522
22.900000	0.000000	0.009465
22.910000	0.000000	0.009407
22.920000	0.000000	0.009350
22.930000	0.000000	0.009290
22.940000	0.000000	0.009232
22.950000	0.000000	0.009174
22.960000	0.000000	0.009117
22.970000	0.000000	0.009060
22.980000	0.000000	0.009003
22.990000	0.000000	0.008945
23.000000	0.000000	0.008888
23.010000	0.000000	0.008831
23.020000	0.000000	0.008774
23.030000	0.000000	0.008716
23.040000	0.000000	0.008659
23.050000	0.000000	0.008602
23.060000	0.000000	0.008545
23.070000	0.000000	0.008487
23.080000	0.000000	0.008430
23.090000	0.000000	0.008373
23.100000	0.000000	0.008322
23.110000	0.000000	0.008282
23.120000	0.000000	0.008243
23.130000	0.000000	0.008204
23.140000	0.000000	0.008165
23.150000	0.000000	0.008125
23.160000	0.000000	0.008086
23.170000	0.000000	0.008047
23.180000	0.000000	0.008008
23.190000	0.000000	0.007969
23.200000	0.000000	0.007930
23.210000	0.000000	0.007890
23.220000	0.000000	0.007851
23.230000	0.000000	0.007812
23.240000	0.000000	0.007773
23.250000	0.000000	0.007734
23.260000	0.000000	0.007695
23.270000	0.000000	0.007653
23.280000	0.000000	0.007614
23.290000	0.000000	0.007575
23.300000	0.000000	0.007536
23.310000	0.000000	0.007497
23.320000	0.000000	0.007457
23.330000	0.000000	0.007418
23.340000	0.000000	0.007379
23.350000	0.000000	0.007340
23.360000	0.000000	0.007301
23.370000	0.000000	0.007262
23.380000	0.000000	0.007223
23.390000	0.000000	0.007184
23.400000	0.000000	0.007145
23.410000	0.000000	0.007106
23.420000	0.000000	0.007067
23.430000	0.000000	0.007027
23.440000	0.000000	0.006986
23.450000	0.000000	0.006947
23.460000	0.000000	0.006909
23.470000	0.000000	0.006870
23.480000	0.000000	0.006832
23.490000	0.000000	0.006793
23.500000	0.000000	0.006755
23.510000	0.000000	0.006716
23.520000	0.000000	0.006678
23.530000	0.000000	0.006639
23.540000	0.000000	0.006601
23.550000	0.000000	0.006562
23.560000	0.000000	0.006524
23.570000	0.000000	0.006486
23.580000	0.000000	0.006447
23.590000	0.000000	0.006409
23.600000	0.000000	0.006369
23.610000	0.000000	0.006329
23.620000	0.000000	0.006291
23.630000	0.000000	0.006253
23.640000	0.000000	0.006214
23.650000	0.000000	0.006176
23.660000	0.000000	0.006138
23.670000	0.000000	0.006099
23.680000	0.000000	0.006061
23.690000	0.000000	0.006023
23.700000	0.000000	0.005985
23.710000	0.000000	0.005946
23.720000	0.000000	0.005908
23.730000	0.000000	0.005870
23.740000	0.000000	0.005831
23.750000	0.000000	0.005793
23.760000	0.000000	0.005755
23.770000	0.000000	0.005715
23.780000	0.000000	0.005676
23.790000	0.000000	0.005637
23.800000	0.000000	0.005600
23.810000	0.000000	0.005570
23.820000	0.000000	0.005543
23.830000	0.000000	0.005517
23.840000	0.000000	0.005491
23.850000	0.000000	0.005464
23.860000	0.000000	0.005438
23.870000	0.000000	0.005412
23.880000	0.000000	0.005386
23.890000	0.000000	0.005359
23.900000	0.000000	0.005333
23.910000	0.000000	0.005307
23.920000	0.000000	0.005281
23.930000	0.000000	0.005254
23.940000	0.000000	0.005227
23.950000	0.000000	0.005200
23.960000	0.000000	0.005174
23.970000	0.000000	0.005148
23.980000	0.000000	0.005121
23.990000	0.000000	0.005095
24.000000	0.000000	0.005069
24.010000	0.000000	0.005043
24.020000	0.000000	0.005017
24.030000	0.000000	0.004990
24.040000	0.000000	0.004964
24.050000	0.000000	0.004938
24.060000	0.000000	0.004912
24.070000	0.000000	0.004886
24.080000	0.000000	0.004859
24.090000	0.000000	0.004833
24.100000	0.000000	0.004807
24.110000	0.000000	0.004779
24.120000	0.000000	0.004753
24.130000	0.000000	0.004727
24.140000	0.000000	0.004701
24.150000	0.000000	0.004676
24.160000	0.000000	0.004650
24.170000	0.000000	0.004624
24.180000	0.000000	0.004598
24.190000	0.000000	0.004573
24.200000	0.000000	0.004547
24.210000	0.000000	0.004521
24.220000	0.000000	0.004495
24.230000	0.000000	0.004470
24.240000	0.000000	0.004444
24.250000	0.000000	0.004418
24.260000	0.000000	0.004392
24.270000	0.000000	0.004366
24.280000	0.000000	0.004339
24.290000	0.000000	0.004313
24.300000	0.000000	0.004288
24.310000	0.000000	0.004262
24.320000	0.000000	0.004236
24.330000	0.000000	0.004211
24.340000	0.000000	0.004185
24.350000	0.000000	0.004159
24.360000	0.000000	0.004134
24.370000	0.000000	0.004108
24.380000	0.000000	0.004082
24.390000	0.000000	0.004057
24.400000	0.000000	0.004031
24.410000	0.000000	0.004005
24.420000	0.000000	0.003979
24.430000	0.000000	0.003954
24.440000	0.000000	0.003927
24.450000	0.000000	0.003901
24.460000	0.000000	0.003875
24.470000	0.000000	0.003849
24.480000	0.000000	0.003824
24.490000	0.000000	0.003798
24.500000	0.000000	0.003772
24.510000	0.000000	0.003748
24.520000	0.000000	0.003728
24.530000	0.000000	0.003711
24.540000	0.000000	0.003693
24.550000	0.000000	0.003676
24.560000	0.000000	0.003658
24.570000	0.000000	0.003640
24.580000	0.000000	0.003623
24.590000	0.000000	0.003605
24.600000	0.000000	0.003588
24.610000	0.000000	0.003569
24.620000	0.000000	0.003551
24.630000	0.000000	0.003534
24.640000	0.000000	0.003516
24.650000	0.000000	0.003499
24.660000	0.000000	0.003481
24.670000	0.000000	0.003464
24.680000	0.000000	0.003446
24.690000	0.000000	0.003429
24.700000	0.000000	0.003411
24.710000	0.000000	0.003393
24.720000	0.000000	0.003376
24.730000	0.000000	0.003358
24.740000	0.000000	0.003341
24.750000	0.000000	0.003323
24.760000	0.000000	0.003306
24.770000	0.000000	0.003288
24.780000	0.000000	0.003270
24.790000	0.000000	0.003252
24.800000	0.000000	0.003235
24.810000	0.000000	0.003218
24.820000	0.000000	0.003200
24.830000	0.000000	0.003183
24.840000	0.000000	0.003166
24.850000	0.000000	0.003149
24.860000	0.000000	0.003131
24.870000	0.000000	0.003114
24.880000	0.000000	0.003097
24.890000	0.000000	0.003080
24.900000	0.000000	0.003062
24.910000	0.000000	0.003045
24.920000	0.000000	0.003028
24.930000	0.000000	0.003011
24.940000	0.000000	0.002993
24.950000	0.000000	0.002975
24.960000	0.000000	0.002958
24.970000	0.000000	0.002941
24.980000	0.000000	0.002923
24.990000	0.000000	0.002906
25.000000	0.000000	0.002889
25.010000	0.000000	0.002872
25.020000	0.000000	0.002855
25.030000	0.000000	0.002837
25.040000	0.000000	0.002820
25.050000	0.000000	0.002803
25.060000	0.000000	0.002786
25.070000	0.000000	0.002769
25.080000	0.000000	0.002751
25.090000	0.000000	0.002734
25.100000	0.000000	0.002717
25.110000	0.000000	0.002699
25.120000	0.000000	0.002682
25.130000	0.000000	0.002664
25.140000	0.000000	0.002647
25.150000	0.000000	0.002630
25.160000	0.000000	0.002613
25.170000	0.000000	0.002596
25.180000	0.000000	0.002578
25.190000	0.000000	0.002561
25.200000	0.000000	0.002544
25.210000	0.000000	0.002527
25.220000	0.000000	0.002511
25.230000	0.000000	0.002498
25.240000	0.000000	0.002486
25.250000	0.000000	0.002474
25.260000	0.000000	0.002462
25.270000	0.000000	0.002451
25.280000	0.000000	0.002439
25.290000	0.000000	0.002426
25.300000	0.000000	0.002415
25.310000	0.000000	0.002403
25.320000	0.000000	0.002391
25.330000	0.000000	0.002379
25.340000	0.000000	0.002368
25.350000	0.000000	0.002356
25.360000	0.000000	0.002344
25.370000	0.000000	0.002332
25.380000	0.000000	0.002321
25.390000	0.000000	0.002309
25.400000	0.000000	0.002297
25.410000	0.000000	0.002285
25.420000	0.000000	0.002274
25.430000	0.000000	0.002262
25.440000	0.000000	0.002250
25.450000	0.000000	0.002238
25.460000	0.000000	0.002226
25.470000	0.000000	0.002214
25.480000	0.000000	0.002203
25.490000	0.000000	0.002191
25.500000	0.000000	0.002180
25.510000	0.000000	0.002168
25.520000	0.000000	0.002157
25.530000	0.000000	0.002145
25.540000	0.000000	0.002134
25.550000	0.000000	0.002122
25.560000	0.000000	0.002110
25.570000	0.000000	0.002099
25.580000	0.000000	0.002087
25.590000	0.000000	0.002076
25.600000	0.000000	0.002064
25.610000	0.000000	0.002053
25.620000	0.000000	0.002040
25.630000	0.000000	0.002029
25.640000	0.000000	0.002017
25.650000	0.000000	0.002006
25.660000	0.000000	0.001994
25.670000	0.000000	0.001983
25.680000	0.000000	0.001971
25.690000	0.000000	0.001960
25.700000	0.000000	0.001948
25.710000	0.000000	0.001937
25.720000	0.000000	0.001925
25.730000	0.000000	0.001914
25.740000	0.000000	0.001902
25.750000	0.000000	0.001891
25.760000	0.000000	0.001879
25.770000	0.000000	0.001868
25.780000	0.000000	0.001856
25.790000	0.000000	0.001844
25.800000	0.000000	0.001832
25.810000	0.000000	0.001821
25.820000	0.000000	0.001809
25.830000	0.000000	0.001798
25.840000	0.000000	0.001786
25.850000	0.000000	0.001775
25.860000	0.000000	0.001763
25.870000	0.000000	0.001752
25.880000	0.000000	0.001740
25.890000	0.000000	0.001729
25.900000	0.000000	0.001717
25.910000	0.000000	0.001706
25.920000	0.000000	0.001694
25.930000	0.000000	0.001683
25.940000	0.000000	0.001674
25.950000	0.000000	0.001666
25.960000	0.000000	0.001658
25.970000	0.000000	0.001650
25.980000	0.000000	0.001642
25.990000	0.000000	0.001634
26.000000	0.000000	0.001627
26.010000	0.000000	0.001619
26.020000	0.000000	0.001611
26.030000	0.000000	0.001603
26.040000	0.000000	0.001595
26.050000	0.000000	0.001587
26.060000	0.000000	0.001579
26.070000	0.000000	0.001571
26.080000	0.000000	0.001564
26.090000	0.000000	0.001556
26.100000	0.000000	0.001548
26.110000	0.000000	0.001540
26.120000	0.000000	0.001532
26.130000	0.000000	0.001524
26.140000	0.000000	0.001516
26.150000	0.000000	0.001508
26.160000	0.000000	0.001500
26.170000	0.000000	0.001493
26.180000	0.000000	0.001485
26.190000	0.000000	0.001477
26.200000	0.000000	0.001470
26.210000	0.000000	0.001462
26.220000	0.000000	0.001454
26.230000	0.000000	0.001446
26.240000	0.000000	0.001439
26.250000	0.000000	0.001431
26.260000	0.000000	0.001423
26.270000	0.000000	0.001416
26.280000	0.000000	0.001408
26.290000	0.000000	0.001400
26.300000	0.000000	0.001392
26.310000	0.000000	0.001384
26.320000	0.000000	0.001376
26.330000	0.000000	0.001369
26.340000	0.000000	0.001361
26.350000	0.000000	0.001353
26.360000	0.000000	0.001345
26.370000	0.000000	0.001338
26.380000	0.000000	0.001330
26.390000	0.000000	0.001322
26.400000	0.000000	0.001315
26.410000	0.000000	0.001307
26.420000	0.000000	0.001299
26.430000	0.000000	0.001292
26.440000	0.000000	0.001284
26.450000	0.000000	0.001276
26.460000	0.000000	0.001268
26.470000	0.000000	0.001260
26.480000	0.000000	0.001253
26.490000	0.000000	0.001245
26.500000	0.000000	0.001237
26.510000	0.000000	0.001229
26.520000	0.000000	0.001222
26.530000	0.000000	0.001214
26.540000	0.000000	0.001206
26.550000	0.000000	0.001199
26.560000	0.000000	0.001191
26.570000	0.000000	0.001183
26.580000	0.000000	0.001176
26.590000	0.000000	0.001168
26.600000	0.000000	0.001160
26.610000	0.000000	0.001152
26.620000	0.000000	0.001145
26.630000	0.000000	0.001137
26.640000	0.000000	0.001129
26.650000	0.000000	0.001123
26.660000	0.000000	0.001117
26.670000	0.000000	0.001112
26.680000	0.000000	0.001107
26.690000	0.000000	0.001102
26.700000	0.000000	0.001096
26.710000	0.000000	0.001091
26.720000	0.000000	0.001086
26.730000	0.000000	0.001081
26.740000	0.000000	0.001075
26.750000	0.000000	0.001070
26.760000	0.000000	0.001065
26.770000	0.000000	0.001060
26.780000	0.000000	0.001054
26.790000	0.000000	0.001049
26.800000	0.000000	0.001043
26.810000	0.000000	0.001038
26.820000	0.000000	0.001033
26.830000	0.000000	0.001028
26.840000	0.000000	0.001023
26.850000	0.000000	0.001017
26.860000	0.000000	0.001012
26.870000	0.000000	0.001007
26.880000	0.000000	0.001002
26.890000	0.000000	0.000997
26.900000	0.000000	0.000992
26.910000	0.000000	0.000986
26.920000	0.000000	0.000981
26.930000	0.000000	0.000976
26.940000	0.000000	0.000971
26.950000	0.000000	0.000966
26.960000	0.000000	0.000960
26.970000	0.000000	0.000955
26.980000	0.000000	0.000950
26.990000	0.000000	0.000945
27.000000	0.000000	0.000939
27.010000	0.000000	0.000934
27.020000	0.000000	0.000929
27.030000	0.000000	0.000924
27.040000	0.000000	0.000919
27.050000	0.000000	0.000914
27.060000	0.000000	0.000908
27.070000	0.000000	0.000903
27.080000	0.000000	0.000898
27.090000	0.000000	0.000893
27.100000	0.000000	0.000888
27.110000	0.000000	0.000883
27.120000	0.000000	0.000877
27.130000	0.000000	0.000872
27.140000	0.000000	0.000867
27.150000	0.000000	0.000862
27.160000	0.000000	0.000857
27.170000	0.000000	0.000851
27.180000	0.000000	0.000846
27.190000	0.000000	0.000841
27.200000	0.000000	0.000836
27.210000	0.000000	0.000831
27.220000	0.000000	0.000826
27.230000	0.000000	0.000820
27.240000	0.000000	0.000815
27.250000	0.000000	0.000810
27.260000	0.000000	0.000805
27.270000	0.000000	0.000800
27.280000	0.000000	0.000795
27.290000	0.000000	0.000790
27.300000	0.000000	0.000784
27.310000	0.000000	0.000779
27.320000	0.000000	0.000774
27.330000	0.000000	0.000769
27.340000	0.000000	0.000763
27.350000	0.000000	0.000758
27.360000	0.000000	0.000754
27.370000	0.000000	0.000750
27.380000	0.000000	0.000747
27.390000	0.000000	0.000743
27.400000	0.000000	0.000740
27.410000	0.000000	0.000736
27.420000	0.000000	0.000733
27.430000	0.000000	0.000729
27.440000	0.000000	0.000726
27.450000	0.000000	0.000722
27.460000	0.000000	0.000719
27.470000	0.000000	0.000715
27.480000	0.000000	0.000711
27.490000	0.000000	0.000708
27.500000	0.000000	0.000704
27.510000	0.000000	0.000701
27.520000	0.000000	0.000698
27.530000	0.000000	0.000694
27.540000	0.000000	0.000691
27.550000	0.000000	0.000687
27.560000	0.000000	0.000684
27.570000	0.000000	0.000680
27.580000	0.000000	0.000677
27.590000	0.000000	0.000673
27.600000	0.000000	0.000670
27.610000	0.000000	0.000666
27.620000	0.000000	0.000663
27.630000	0.000000	0.000659
27.640000	0.000000	0.000656
27.650000	0.000000	0.000652
27.660000	0.000000	0.000649
27.670000	0.000000	0.000645
27.680000	0.000000	0.000642
27.690000	0.000000	0.000639
27.700000	0.000000	0.000635
27.710000	0.000000	0.000632
27.720000	0.000000	0.000628
27.730000	0.000000	0.000625
27.740000	0.000000	0.000621
27.750000	0.000000	0.000618
27.760000	0.000000	0.000614
27.770000	0.000000	0.000611
27.780000	0.000000	0.000607
27.790000	0.000000	0.000604
27.800000	0.000000	0.000600
27.810000	0.000000	0.000597
27.820000	0.000000	0.000593
27.830000	0.000000	0.000590
27.840000	0.000000	0.000587
27.850000	0.000000	0.000583
27.860000	0.000000	0.000580
27.870000	0.000000	0.000576
27.880000	0.000000	0.000573
27.890000	0.000000	0.000569
27.900000	0.000000	0.000566
27.910000	0.000000	0.000562
27.920000	0.000000	0.000559
27.930000	0.000000	0.000556
27.940000	0.000000	0.000552
27.950000	0.000000	0.000549
27.960000	0.000000	0.000545
27.970000	0.000000	0.000542
27.980000	0.000000	0.000538
27.990000	0.000000	0.000535
28.000000	0.000000	0.000531
28.010000	0.000000	0.000528
28.020000	0.000000	0.000524
28.030000	0.000000	0.000521
28.040000	0.000000	0.000517
28.050000	0.000000	0.000514
28.060000	0.000000	0.000511
28.070000	0.000000	0.000507
28.080000	0.000000	0.000504
28.090000	0.000000	0.000502
28.100000	0.000000	0.000500
28.110000	0.000000	0.000497
28.120000	0.000000	0.000495
28.130000	0.000000	0.000493
28.140000	0.000000	0.000490
28.150000	0.000000	0.000488
28.160000	0.000000	0.000485
28.170000	0.000000	0.000483
28.180000	0.000000	0.000481
28.190000	0.000000	0.000478
28.200000	0.000000	0.000476
28.210000	0.000000	0.000474
28.220000	0.000000	0.000471
28.230000	0.000000	0.000469
28.240000	0.000000	0.000467
28.250000	0.000000	0.000465
28.260000	0.000000	0.000462
28.270000	0.000000	0.000460
28.280000	0.000000	0.000458
28.290000	0.000000	0.000455
28.300000	0.000000	0.000453
28.310000	0.000000	0.000450
28.320000	0.000000	0.000448
28.330000	0.000000	0.000446
28.340000	0.000000	0.000444
28.350000	0.000000	0.000441
28.360000	0.000000	0.000439
28.370000	0.000000	0.000437
28.380000	0.000000	0.000434
28.390000	0.000000	0.000432
28.400000	0.000000	0.000430
28.410000	0.000000	0.000427
28.420000	0.000000	0.000425
28.430000	0.000000	0.000423
28.440000	0.000000	0.000420
28.450000	0.000000	0.000418
28.460000	0.000000	0.000416
28.470000	0.000000	0.000413
28.480000	0.000000	0.000411
28.490000	0.000000	0.000409
28.500000	0.000000	0.000406
28.510000	0.000000	0.000404
28.520000	0.000000	0.000402
28.530000	0.000000	0.000399
28.540000	0.000000	0.000397
28.550000	0.000000	0.000395
28.560000	0.000000	0.000393
28.570000	0.000000	0.000390
28.580000	0.000000	0.000388
28.590000	0.000000	0.000386
28.600000	0.000000	0.000383
28.610000	0.000000	0.000381
28.620000	0.000000	0.000379
28.630000	0.000000	0.000376
28.640000	0.000000	0.000374
28.650000	0.000000	0.000372
28.660000	0.000000	0.000369
28.670000	0.000000	0.000367
28.680000	0.000000	0.000365
28.690000	0.000000	0.000362
28.700000	0.000000	0.000360
28.710000	0.000000	0.000358
28.720000	0.000000	0.000355
28.730000	0.000000	0.000353
28.740000	0.000000	0.000351
28.750000	0.000000	0.000349
28.760000	0.000000	0.000346
28.770000	0.000000	0.000344
28.780000	0.000000	0.000342
28.790000	0.000000	0.000339
28.800000	0.000000	0.000338
28.810000	0.000000	0.000336
28.820000	0.000000	0.000334
28.830000	0.000000	0.000333
28.840000	0.000000	0.000331
28.850000	0.000000	0.000330
28.860000	0.000000	0.000328
28.870000	0.000000	0.000327
28.880000	0.000000	0.000325
28.890000	0.000000	0.000323
28.900000	0.000000	0.000322
28.910000	0.000000	0.000320
28.920000	0.000000	0.000319
28.930000	0.000000	0.000317
28.940000	0.000000	0.000316
28.950000	0.000000	0.000314
28.960000	0.000000	0.000313
28.970000	0.000000	0.000311
28.980000	0.000000	0.000309
28.990000	0.000000	0.000308
29.000000	0.000000	0.000306
29.010000	0.000000	0.000305
29.020000	0.000000	0.000303
29.030000	0.000000	0.000302
29.040000	0.000000	0.000300
29.050000	0.000000	0.000299
29.060000	0.000000	0.000297
29.070000	0.000000	0.000295
29.080000	0.000000	0.000294
29.090000	0.000000	0.000292
29.100000	0.000000	0.000291
29.110000	0.000000	0.000289
29.120000	0.000000	0.000288
29.130000	0.000000	0.000286
29.140000	0.000000	0.000285
29.150000	0.000000	0.000283
29.160000	0.000000	0.000281
29.170000	0.000000	0.000280
29.180000	0.000000	0.000278
29.190000	0.000000	0.000277
29.200000	0.000000	0.000275
29.210000	0.000000	0.000274
29.220000	0.000000	0.000272
29.230000	0.000000	0.000271
29.240000	0.000000	0.000269
29.250000	0.000000	0.000268
29.260000	0.000000	0.000266
29.270000	0.000000	0.000264
29.280000	0.000000	0.000263
29.290000	0.000000	0.000261
29.300000	0.000000	0.000260
29.310000	0.000000	0.000258
29.320000	0.000000	0.000257
29.330000	0.000000	0.000255
29.340000	0.000000	0.000254
29.350000	0.000000	0.000252
29.360000	0.000000	0.000250
29.370000	0.000000	0.000249
29.380000	0.000000	0.000247
29.390000	0.000000	0.000246
29.400000	0.000000	0.000244
29.410000	0.000000	0.000243
29.420000	0.000000	0.000241
29.430000	0.000000	0.000240
29.440000	0.000000	0.000238
29.450000	0.000000	0.000237
29.460000	0.000000	0.000235
29.470000	0.000000	0.000233
29.480000	0.000000	0.000232
29.490000	0.000000	0.000230
29.500000	0.000000	0.000229
29.510000	0.000000	0.000227
29.520000	0.000000	0.000226
29.530000	0.000000	0.000225
29.540000	0.000000	0.000224
29.550000	0.000000	0.000223
29.560000	0.000000	0.000222
29.570000	0.000000	0.000221
29.580000	0.000000	0.000220
29.590000	0.000000	0.000219
29.600000	0.000000	0.000218
29.610000	0.000000	0.000217
29.620000	0.000000	0.000216
29.630000	0.000000	0.000215
29.640000	0.000000	0.000214
29.650000	0.000000	0.000213
29.660000	0.000000	0.000211
29.670000	0.000000	0.000210
29.680000	0.000000	0.000209
29.690000	0.000000	0.000208
29.700000	0.000000	0.000207
29.710000	0.000000	0.000206
29.720000	0.000000	0.000205
29.730000	0.000000	0.000204
29.740000	0.000000	0.000203
29.750000	0.000000	0.000202
29.760000	0.000000	0.000201
29.770000	0.000000	0.000200
29.780000	0.000000	0.000199
29.790000	0.000000	0.000198
29.800000	0.000000	0.000197
29.810000	0.000000	0.000196
29.820000	0.000000	0.000195
29.830000	0.000000	0.000194
29.840000	0.000000	0.000193
29.850000	0.000000	0.000192
29.860000	0.000000	0.000191
29.870000	0.000000	0.000190
29.880000	0.000000	0.000189
29.890000	0.000000	0.000188
29.900000	0.000000	0.000187
29.910000	0.000000	0.000185
29.920000	0.000000	0.000184
29.930000	0.000000	0.000183
29.940000	0.000000	0.000182
29.950000	0.000000	0.000181
29.960000	0.000000	0.000180
29.970000	0.000000	0.000179
29.980000	0.000000	0.000178
29.990000	0.000000	0.000177
30.000000	0.000000	0.000176
30.010000	0.000000	0.000175
30.020000	0.000000	0.000174
30.030000	0.000000	0.000173
30.040000	0.000000	0.000172
30.050000	0.000000	0.000171
30.060000	0.000000	0.000170
30.070000	0.000000	0.000169
30.080000	0.000000	0.000168
30.090000	0.000000	0.000167
