0.100000	0.000000	2105184.060271
0.110000	0.000000	2455845.194210
0.120000	0.000000	1117329.924597
0.130000	0.000000	1508824.725301
0.140000	0.000000	612400.340355
0.150000	0.000000	242235.534201
0.160000	0.000000	205843.868622
0.170000	0.000000	183697.726982
0.180000	0.000000	205705.178560
0.190000	0.000000	202652.120937
0.200000	0.000000	174316.620336
0.210000	0.000000	181116.342078
0.220000	0.000000	158719.603436
0.230000	0.000000	186162.282234
0.240000	0.000000	202042.259841
0.250000	0.000000	159192.107398
0.260000	0.000000	221515.954320
0.270000	0.000000	108921.402040
0.280000	0.000000	174897.988313
0.290000	0.000000	111644.475550
0.300000	0.000000	120586.800438
0.310000	0.000000	90647.939191
0.320000	0.000000	83409.434324
0.330000	0.000000	92404.905688
0.340000	0.000000	82477.120538
0.350000	0.000000	70381.632187
0.360000	0.000000	98002.163318
0.370000	0.000000	109260.686730
0.380000	0.000000	61988.344858
0.390000	0.000000	68330.216417
0.400000	0.000000	56898.178589
0.410000	0.000000	50985.674109
0.420000	0.000000	54706.634263
0.430000	0.000000	54200.651606
0.440000	0.000000	44007.855027
0.450000	0.000000	45993.343611
0.460000	0.000000	40000.422571
0.470000	0.000000	39854.671206
0.480000	0.000000	36596.773037
0.490000	0.000000	61153.335816
0.500000	0.000000	49215.758285
0.510000	0.000000	31117.512906
0.520000	0.000000	33049.602577
0.530000	0.000000	33258.167513
0.540000	0.000000	28733.081490
0.550000	0.000000	30067.735355
0.560000	0.000000	38296.422873
0.570000	0.000000	41713.465705
0.580000	0.000000	28927.666403
0.590000	0.000000	28824.995803
0.600000	0.000000	23330.605039
0.610000	0.000000	24889.756705
0.620000	0.000000	29998.765705
0.630000	0.000000	25183.599206
0.640000	0.000000	22582.131109
0.650000	0.000000	267820.378481
0.660000	0.000000	156263.732254
0.670000	0.000000	32305.317252
0.680000	0.000000	24686.772121
0.690000	0.000000	76971.452795
0.700000	0.000000	98016.028828
0.710000	0.000000	244143.252145
0.720000	0.000000	518578.473665
0.730000	0.000000	84589.275823
0.740000	0.000000	272023.399012
0.750000	0.000000	48310.506070
0.760000	0.000000	207125.138011
0.770000	0.000000	431518.929608
0.780000	0.000000	164428.151403
0.790000	0.000000	150896.591350
0.800000	0.000000	225804.011209
0.810000	0.000000	186820.373761
0.820000	0.000000	464539.132796
0.830000	0.000000	288616.215423
0.840000	0.000000	179409.116453
0.850000	0.000000	249496.042485
0.860000	0.000000	367301.142508
0.870000	0.000000	359200.490961
0.880000	0.000000	136312.337872
0.890000	0.000000	159772.838712
0.900000	0.000000	220431.179995
0.910000	0.000000	320272.148183
0.920000	0.000000	178640.270488
0.930000	0.000000	75967.863330
0.940000	0.000000	82122.095074
0.950000	0.000000	115850.102992
0.960000	0.000000	155979.842052
0.970000	0.000000	65566.419535
0.980000	0.000000	47125.159343
0.990000	0.000000	74203.902057
1.000000	0.000000	106074.073005
1.010000	0.000000	163391.689367
1.020000	0.000000	113055.726094
1.030000	0.000000	22320.872383
1.040000	0.000000	26256.317023
1.050000	0.000000	28620.945067
1.060000	0.000000	25668.033819
1.070000	0.000000	58468.994844
1.080000	0.000000	50204.380720
1.090000	0.000000	52102.058688
1.100000	0.000000	37257.631135
1.110000	0.000000	30959.832938
1.120000	0.000000	28446.933862
1.130000	0.000000	15458.946039
1.140000	0.000000	38980.555248
1.150000	0.000000	27146.242106
1.160000	0.000000	38319.476035
1.170000	0.000000	38881.839767
1.180000	0.000000	26363.553788
1.190000	0.000000	17693.000750
1.200000	0.000000	17733.738091
1.210000	0.000000	19767.397597
1.220000	0.000000	14279.047256
1.230000	0.000000	11186.045746
1.240000	0.000000	11709.083078
1.250000	0.000000	14352.184541
1.260000	0.000000	9104.077753
1.270000	0.000000	21701.503352
1.280000	0.000000	7317.394348
1.290000	0.000000	6769.732790
1.300000	0.000000	8814.374290
1.310000	0.000000	9955.716611
1.320000	0.000000	7386.099371
1.330000	0.000000	7372.300474
1.340000	0.000000	8687.949201
1.350000	0.000000	7260.723907
1.360000	0.000000	6255.680003
1.370000	0.000000	6121.094473
1.380000	0.000000	4489.570807
1.390000	0.000000	4484.738202
1.400000	0.000000	4950.039004
1.410000	0.000000	3934.963916
1.420000	0.000000	4220.053207
1.430000	0.000000	4101.413382
1.440000	0.000000	4722.223562
1.450000	0.000000	3325.861069
1.460000	0.000000	3359.965516
1.470000	0.000000	3066.276881
1.480000	0.000000	3184.231979
1.490000	0.000000	3033.507953
1.500000	0.000000	2828.528306
1.510000	0.000000	2760.337867
1.520000	0.000000	2779.896847
1.530000	0.000000	2715.477963
1.540000	0.000000	2571.347961
1.550000	0.000000	2477.287004
1.560000	0.000000	2426.325028
1.570000	0.000000	2431.021176
1.580000	0.000000	2338.880052
1.590000	0.000000	2282.859172
1.600000	0.000000	2328.367388
1.610000	0.000000	2277.665524
1.620000	0.000000	2149.882123
1.630000	0.000000	2092.270852
1.640000	0.000000	2050.026486
1.650000	0.000000	2068.487451
1.660000	0.000000	1995.950620
1.670000	0.000000	1931.659343
1.680000	0.000000	1893.879845
1.690000	0.000000	1854.411700
1.700000	0.000000	1816.564248
1.710000	0.000000	1781.134013
1.720000	0.000000	1742.739610
1.730000	0.000000	1708.990055
1.740000	0.000000	1675.989399
1.750000	0.000000	1649.249047
1.760000	0.000000	1607.463932
1.770000	0.000000	1574.842992
1.780000	0.000000	1541.263926
1.790000	0.000000	1511.436381
1.800000	0.000000	1485.906652
1.810000	0.000000	1453.971997
1.820000	0.000000	1425.298536
1.830000	0.000000	1397.796794
1.840000	0.000000	1370.445142
1.850000	0.000000	1343.246350
1.860000	0.000000	1316.185936
1.870000	0.000000	1290.535318
1.880000	0.000000	1266.656485
1.890000	0.000000	1243.178687
1.900000	0.000000	1220.007665
1.910000	0.000000	1196.820823
1.920000	0.000000	1173.762151
1.930000	0.000000	1151.059763
1.940000	0.000000	1129.110364
1.950000	0.000000	1106.741454
1.960000	0.000000	1085.363303
1.970000	0.000000	1064.033382
1.980000	0.000000	1042.831340
1.990000	0.000000	1021.902900
2.000000	0.000000	1001.550087
2.010000	0.000000	981.740612
2.020000	0.000000	962.354269
2.030000	0.000000	943.743665
2.040000	0.000000	925.754289
2.050000	0.000000	908.035353
2.060000	0.000000	891.350395
2.070000	0.000000	876.016124
2.080000	0.000000	860.279245
2.090000	0.000000	844.808473
2.100000	0.000000	829.554531
2.110000	0.000000	814.788582
2.120000	0.000000	903.586216
2.130000	0.000000	838.882737
2.140000	0.000000	818.994577
2.150000	0.000000	887.169565
2.160000	0.000000	785.528899
2.170000	0.000000	726.701520
2.180000	0.000000	712.602390
2.190000	0.000000	698.559643
2.200000	0.000000	684.555864
2.210000	0.000000	670.721989
2.220000	0.000000	657.184593
2.230000	0.000000	643.969818
2.240000	0.000000	631.382636
2.250000	0.000000	619.908964
2.260000	0.000000	609.655405
2.270000	0.000000	601.128334
2.280000	0.000000	589.593407
2.290000	0.000000	579.820946
2.300000	0.000000	584.449390
2.310000	0.000000	560.824377
2.320000	0.000000	547.684221
2.330000	0.000000	538.119773
2.340000	0.000000	528.697426
2.350000	0.000000	519.293510
2.360000	0.000000	509.893633
2.370000	0.000000	500.496816
2.380000	0.000000	491.103665
2.390000	0.000000	481.737113
2.400000	0.000000	472.419022
2.410000	0.000000	463.114430
2.420000	0.000000	453.824717
2.430000	0.000000	444.625239
2.440000	0.000000	435.678396
2.450000	0.000000	426.890030
2.460000	0.000000	423.756830
2.470000	0.000000	413.461700
2.480000	0.000000	405.772971
2.490000	0.000000	398.848982
2.500000	0.000000	392.037587
2.510000	0.000000	396.271683
2.520000	0.000000	386.332983
2.530000	0.000000	372.086882
2.540000	0.000000	365.778449
2.550000	0.000000	359.488918
2.560000	0.000000	353.241312
2.570000	0.000000	347.466215
2.580000	0.000000	342.334843
2.590000	0.000000	334.877845
2.600000	0.000000	328.323530
2.610000	0.000000	321.960582
2.620000	0.000000	315.433375
2.630000	0.000000	310.093277
2.640000	0.000000	308.090473
2.650000	0.000000	298.345511
2.660000	0.000000	291.797353
2.670000	0.000000	286.535556
2.680000	0.000000	281.396573
2.690000	0.000000	276.858720
2.700000	0.000000	273.459527
2.710000	0.000000	268.929582
2.720000	0.000000	263.538947
2.730000	0.000000	260.407375
2.740000	0.000000	265.988761
2.750000	0.000000	287.765626
2.760000	0.000000	264.049181
2.770000	0.000000	271.870072
2.780000	0.000000	322.823251
2.790000	0.000000	235.813825
2.800000	0.000000	229.018739
2.810000	0.000000	224.822744
2.820000	0.000000	220.728635
2.830000	0.000000	216.601924
2.840000	0.000000	212.478419
2.850000	0.000000	208.380872
2.860000	0.000000	204.481260
2.870000	0.000000	200.983011
2.880000	0.000000	197.429954
2.890000	0.000000	193.639412
2.900000	0.000000	190.144380
2.910000	0.000000	186.748881
2.920000	0.000000	183.705953
2.930000	0.000000	180.793965
2.940000	0.000000	177.827982
2.950000	0.000000	175.090970
2.960000	0.000000	172.618161
2.970000	0.000000	168.977548
2.980000	0.000000	166.166600
2.990000	0.000000	163.344541
3.000000	0.000000	160.634800
3.010000	0.000000	157.791722
3.020000	0.000000	154.948621
3.030000	0.000000	153.685073
3.040000	0.000000	151.805411
3.050000	0.000000	147.792754
3.060000	0.000000	143.993996
3.070000	0.000000	142.848486
3.080000	0.000000	144.968691
3.090000	0.000000	194.600219
3.100000	0.000000	486.896347
3.110000	0.000000	206.082643
3.120000	0.000000	330.413181
3.130000	0.000000	658.790676
3.140000	0.000000	187.340365
3.150000	0.000000	122.290760
3.160000	0.000000	120.155777
3.170000	0.000000	118.328806
3.180000	0.000000	116.612992
3.190000	0.000000	114.679871
3.200000	0.000000	114.543384
3.210000	0.000000	113.040374
3.220000	0.000000	109.258920
3.230000	0.000000	107.174167
3.240000	0.000000	105.305556
3.250000	0.000000	103.528428
3.260000	0.000000	102.473391
3.270000	0.000000	104.737884
3.280000	0.000000	98.834788
3.290000	0.000000	96.572798
3.300000	0.000000	94.880540
3.310000	0.000000	94.215193
3.320000	0.000000	93.312905
3.330000	0.000000	90.214660
3.340000	0.000000	88.059860
3.350000	0.000000	87.340237
3.360000	0.000000	85.734360
3.370000	0.000000	83.576063
3.380000	0.000000	81.990220
3.390000	0.000000	80.685471
3.400000	0.000000	79.426504
3.410000	0.000000	78.245265
3.420000	0.000000	77.043916
3.430000	0.000000	76.494778
3.440000	0.000000	76.087425
3.450000	0.000000	73.529203
3.460000	0.000000	72.225563
3.470000	0.000000	79.800381
3.480000	0.000000	71.953232
3.490000	0.000000	71.791543
3.500000	0.000000	75.870589
3.510000	0.000000	69.781792
3.520000	0.000000	65.008058
3.530000	0.000000	63.670745
3.540000	0.000000	62.594806
3.550000	0.000000	61.656377
3.560000	0.000000	60.656413
3.570000	0.000000	59.633014
3.580000	0.000000	59.312662
3.590000	0.000000	58.573104
3.600000	0.000000	59.994603
3.610000	0.000000	81.677854
3.620000	0.000000	60.777141
3.630000	0.000000	53.769221
3.640000	0.000000	52.976970
3.650000	0.000000	51.843966
3.660000	0.000000	50.986883
3.670000	0.000000	51.370260
3.680000	0.000000	68.266646
3.690000	0.000000	59.910723
3.700000	0.000000	47.720131
3.710000	0.000000	46.880967
3.720000	0.000000	46.099658
3.730000	0.000000	45.391299
3.740000	0.000000	44.723224
3.750000	0.000000	44.007855
3.760000	0.000000	43.198260
3.770000	0.000000	43.273009
3.780000	0.000000	50.904092
3.790000	0.000000	46.243724
3.800000	0.000000	41.883066
3.810000	0.000000	40.657928
3.820000	0.000000	39.052824
3.830000	0.000000	38.622474
3.840000	0.000000	42.311713
3.850000	0.000000	78.712074
3.860000	0.000000	99.426497
3.870000	0.000000	80.645644
3.880000	0.000000	62.750453
3.890000	0.000000	83.443081
3.900000	0.000000	88.165825
3.910000	0.000000	33.430162
3.920000	0.000000	32.906277
3.930000	0.000000	32.462900
3.940000	0.000000	31.779755
3.950000	0.000000	31.309574
3.960000	0.000000	34.163032
3.970000	0.000000	30.454990
3.980000	0.000000	29.790049
3.990000	0.000000	29.310080
4.000000	0.000000	30.069005
4.010000	0.000000	28.861936
4.020000	0.000000	27.916389
4.030000	0.000000	27.968456
4.040000	0.000000	27.745806
4.050000	0.000000	27.151079
4.060000	0.000000	26.595092
4.070000	0.000000	25.928312
4.080000	0.000000	25.335422
4.090000	0.000000	24.685206
4.100000	0.000000	24.319466
4.110000	0.000000	23.953066
4.120000	0.000000	24.048105
4.130000	0.000000	23.223845
4.140000	0.000000	22.894391
4.150000	0.000000	22.492115
4.160000	0.000000	22.115663
4.170000	0.000000	21.755419
4.180000	0.000000	21.418420
4.190000	0.000000	21.092475
4.200000	0.000000	20.767333
4.210000	0.000000	20.442846
4.220000	0.000000	20.119143
4.230000	0.000000	19.893114
4.240000	0.000000	19.685537
4.250000	0.000000	19.215080
4.260000	0.000000	18.842202
4.270000	0.000000	18.544877
4.280000	0.000000	18.201106
4.290000	0.000000	17.874828
4.300000	0.000000	17.557233
4.310000	0.000000	17.265168
4.320000	0.000000	16.964167
4.330000	0.000000	16.872345
4.340000	0.000000	16.484579
4.350000	0.000000	16.140736
4.360000	0.000000	15.880949
4.370000	0.000000	15.617623
4.380000	0.000000	15.356608
4.390000	0.000000	15.110510
4.400000	0.000000	14.867021
4.410000	0.000000	14.635268
4.420000	0.000000	14.428275
4.430000	0.000000	14.242730
4.440000	0.000000	13.982794
4.450000	0.000000	13.769776
4.460000	0.000000	13.656149
4.470000	0.000000	13.423907
4.480000	0.000000	13.686242
4.490000	0.000000	13.039370
4.500000	0.000000	17.909980
4.510000	0.000000	15.324735
4.520000	0.000000	12.740791
4.530000	0.000000	12.159530
4.540000	0.000000	11.922393
4.550000	0.000000	11.642910
4.560000	0.000000	11.450600
4.570000	0.000000	12.437749
4.580000	0.000000	13.609252
4.590000	0.000000	10.879621
4.600000	0.000000	10.703520
4.610000	0.000000	10.534295
4.620000	0.000000	10.379358
4.630000	0.000000	10.189221
4.640000	0.000000	10.027924
4.650000	0.000000	9.906363
4.660000	0.000000	9.734164
4.670000	0.000000	9.583001
4.680000	0.000000	9.535434
4.690000	0.000000	9.495708
4.700000	0.000000	9.607146
4.710000	0.000000	10.171641
4.720000	0.000000	10.409981
4.730000	0.000000	9.847061
4.740000	0.000000	9.155058
4.750000	0.000000	8.706161
4.760000	0.000000	8.519391
4.770000	0.000000	8.145642
4.780000	0.000000	8.011046
4.790000	0.000000	7.879037
4.800000	0.000000	7.743433
4.810000	0.000000	7.688247
4.820000	0.000000	9.258585
4.830000	0.000000	7.944953
4.840000	0.000000	7.304408
4.850000	0.000000	7.262063
4.860000	0.000000	7.080722
4.870000	0.000000	6.887683
4.880000	0.000000	6.780205
4.890000	0.000000	6.681630
4.900000	0.000000	6.583896
4.910000	0.000000	6.486300
4.920000	0.000000	6.475177
4.930000	0.000000	6.577195
4.940000	0.000000	6.195096
4.950000	0.000000	6.098290
4.960000	0.000000	6.001805
4.970000	0.000000	5.900312
4.980000	0.000000	5.951137
4.990000	0.000000	5.730751
5.000000	0.000000	5.614065
5.010000	0.000000	5.521042
5.020000	0.000000	5.491811
5.030000	0.000000	5.375858
5.040000	0.000000	5.283985
5.050000	0.000000	5.208641
5.060000	0.000000	5.100493
5.070000	0.000000	5.010047
5.080000	0.000000	4.927032
5.090000	0.000000	4.829680
5.100000	0.000000	4.753629
5.110000	0.000000	4.674043
5.120000	0.000000	4.603431
5.130000	0.000000	4.544456
5.140000	0.000000	4.478744
5.150000	0.000000	4.418996
5.160000	0.000000	4.353652
5.170000	0.000000	4.283613
5.180000	0.000000	4.217860
5.190000	0.000000	4.153321
5.200000	0.000000	4.088000
5.210000	0.000000	4.021185
5.220000	0.000000	3.955661
5.230000	0.000000	3.891734
5.240000	0.000000	3.827563
5.250000	0.000000	3.764679
5.260000	0.000000	3.703606
5.270000	0.000000	3.643454
5.280000	0.000000	3.583362
5.290000	0.000000	3.524271
5.300000	0.000000	3.464136
5.310000	0.000000	3.404622
5.320000	0.000000	3.346520
5.330000	0.000000	3.290027
5.340000	0.000000	3.237118
5.350000	0.000000	3.185511
5.360000	0.000000	3.137290
5.370000	0.000000	3.090092
5.380000	0.000000	3.043368
5.390000	0.000000	2.998375
5.400000	0.000000	2.954756
5.410000	0.000000	2.911696
5.420000	0.000000	2.869308
5.430000	0.000000	2.826970
5.440000	0.000000	2.784724
5.450000	0.000000	2.744658
5.460000	0.000000	2.710880
5.470000	0.000000	2.661407
5.480000	0.000000	2.610674
5.490000	0.000000	2.622159
5.500000	0.000000	2.560637
5.510000	0.000000	2.495704
5.520000	0.000000	2.448823
5.530000	0.000000	2.434194
5.540000	0.000000	2.391790
5.550000	0.000000	2.331749
5.560000	0.000000	2.290867
5.570000	0.000000	2.276814
5.580000	0.000000	2.249217
5.590000	0.000000	2.174674
5.600000	0.000000	2.148850
5.610000	0.000000	2.145433
5.620000	0.000000	2.106634
5.630000	0.000000	2.128248
5.640000	0.000000	2.056450
5.650000	0.000000	2.004120
5.660000	0.000000	1.967667
5.670000	0.000000	1.953782
5.680000	0.000000	1.907302
5.690000	0.000000	1.867728
5.700000	0.000000	1.837497
5.710000	0.000000	1.808698
5.720000	0.000000	1.779897
5.730000	0.000000	1.751377
5.740000	0.000000	1.723301
5.750000	0.000000	1.699534
5.760000	0.000000	1.679252
5.770000	0.000000	1.647545
5.780000	0.000000	1.618233
5.790000	0.000000	1.589939
5.800000	0.000000	1.564975
5.810000	0.000000	1.535410
5.820000	0.000000	1.509371
5.830000	0.000000	1.483574
5.840000	0.000000	1.459388
5.850000	0.000000	1.437738
5.860000	0.000000	1.418323
5.870000	0.000000	1.397042
5.880000	0.000000	1.379224
5.890000	0.000000	1.358246
5.900000	0.000000	1.335619
5.910000	0.000000	1.317617
5.920000	0.000000	1.297774
5.930000	0.000000	1.277593
5.940000	0.000000	1.259039
5.950000	0.000000	1.242733
5.960000	0.000000	1.220694
5.970000	0.000000	1.198715
5.980000	0.000000	1.183869
5.990000	0.000000	1.166001
6.000000	0.000000	1.143976
6.010000	0.000000	1.124677
6.020000	0.000000	1.109987
6.030000	0.000000	1.093279
6.040000	0.000000	1.072132
6.050000	0.000000	1.053004
6.060000	0.000000	1.038303
6.070000	0.000000	1.021362
6.080000	0.000000	1.000984
6.090000	0.000000	0.984241
6.100000	0.000000	0.970557
6.110000	0.000000	0.958597
6.120000	0.000000	0.944438
6.130000	0.000000	0.929769
6.140000	0.000000	0.913993
6.150000	0.000000	0.899867
6.160000	0.000000	0.885905
6.170000	0.000000	0.873435
6.180000	0.000000	0.859784
6.190000	0.000000	0.846642
6.200000	0.000000	0.833794
6.210000	0.000000	0.820819
6.220000	0.000000	0.808034
6.230000	0.000000	0.795307
6.240000	0.000000	0.782781
6.250000	0.000000	0.770831
6.260000	0.000000	0.758957
6.270000	0.000000	0.747047
6.280000	0.000000	0.735234
6.290000	0.000000	0.722905
6.300000	0.000000	0.710660
6.310000	0.000000	0.698622
6.320000	0.000000	0.688258
6.330000	0.000000	0.678131
6.340000	0.000000	0.665453
6.350000	0.000000	0.654750
6.360000	0.000000	0.645097
6.370000	0.000000	0.635792
6.380000	0.000000	0.626627
6.390000	0.000000	0.618375
6.400000	0.000000	0.616088
6.410000	0.000000	0.775849
6.420000	0.000000	1.158164
6.430000	0.000000	1.231025
6.440000	0.000000	0.686743
6.450000	0.000000	0.907038
6.460000	0.000000	1.344278
6.470000	0.000000	1.186707
6.480000	0.000000	0.673206
6.490000	0.000000	2.429166
6.500000	0.000000	2.373435
6.510000	0.000000	1.024329
6.520000	0.000000	0.659821
6.530000	0.000000	1.091982
6.540000	0.000000	1.106802
6.550000	0.000000	0.738342
6.560000	0.000000	0.534439
6.570000	0.000000	0.745884
6.580000	0.000000	0.889501
6.590000	0.000000	0.604649
6.600000	0.000000	0.542777
6.610000	0.000000	0.606796
6.620000	0.000000	0.559599
6.630000	0.000000	0.455295
6.640000	0.000000	0.466333
6.650000	0.000000	0.501862
6.660000	0.000000	0.445656
6.670000	0.000000	0.437792
6.680000	0.000000	0.408468
6.690000	0.000000	0.399476
6.700000	0.000000	0.406617
6.710000	0.000000	0.390395
6.720000	0.000000	0.371497
6.730000	0.000000	0.363649
6.740000	0.000000	0.358077
6.750000	0.000000	0.352621
6.760000	0.000000	0.347230
6.770000	0.000000	0.341791
6.780000	0.000000	0.336387
6.790000	0.000000	0.330981
6.800000	0.000000	0.325584
6.810000	0.000000	0.320095
6.820000	0.000000	0.314722
6.830000	0.000000	0.309581
6.840000	0.000000	0.304797
6.850000	0.000000	0.300074
6.860000	0.000000	0.295406
6.870000	0.000000	0.291041
6.880000	0.000000	0.286837
6.890000	0.000000	0.282655
6.900000	0.000000	0.279297
6.910000	0.000000	0.275362
6.920000	0.000000	0.270274
6.930000	0.000000	0.266290
6.940000	0.000000	0.262125
6.950000	0.000000	0.258418
6.960000	0.000000	0.254272
6.970000	0.000000	0.250391
6.980000	0.000000	0.246382
6.990000	0.000000	0.242546
7.000000	0.000000	0.238923
7.010000	0.000000	0.235300
7.020000	0.000000	0.231821
7.030000	0.000000	0.228118
7.040000	0.000000	0.224454
7.050000	0.000000	0.221128
7.060000	0.000000	0.217581
7.070000	0.000000	0.213881
7.080000	0.000000	0.210344
7.090000	0.000000	0.206921
7.100000	0.000000	0.203807
7.110000	0.000000	0.200779
7.120000	0.000000	0.197593
7.130000	0.000000	0.194640
7.140000	0.000000	0.191853
7.150000	0.000000	0.188899
7.160000	0.000000	0.186148
7.170000	0.000000	0.183758
7.180000	0.000000	0.181136
7.190000	0.000000	0.188022
7.200000	0.000000	0.179185
7.210000	0.000000	0.172477
7.220000	0.000000	0.169885
7.230000	0.000000	0.167299
7.240000	0.000000	0.164756
7.250000	0.000000	0.162591
7.260000	0.000000	0.162688
7.270000	0.000000	0.162988
7.280000	0.000000	0.155415
7.290000	0.000000	0.152760
7.300000	0.000000	0.150186
7.310000	0.000000	0.147779
7.320000	0.000000	0.145197
7.330000	0.000000	0.142925
7.340000	0.000000	0.142287
7.350000	0.000000	0.142029
7.360000	0.000000	0.137925
7.370000	0.000000	0.134622
7.380000	0.000000	0.132295
7.390000	0.000000	0.130288
7.400000	0.000000	0.128398
7.410000	0.000000	0.126865
7.420000	0.000000	0.126466
7.430000	0.000000	0.125810
7.440000	0.000000	0.122422
7.450000	0.000000	0.119755
7.460000	0.000000	0.117821
7.470000	0.000000	0.115559
7.480000	0.000000	0.113894
7.490000	0.000000	0.115051
7.500000	0.000000	0.111677
7.510000	0.000000	0.113716
7.520000	0.000000	0.110508
7.530000	0.000000	0.107710
7.540000	0.000000	0.106456
7.550000	0.000000	0.104071
7.560000	0.000000	0.101141
7.570000	0.000000	0.099227
7.580000	0.000000	0.097895
7.590000	0.000000	0.096231
7.600000	0.000000	0.094459
7.610000	0.000000	0.093075
7.620000	0.000000	0.092277
7.630000	0.000000	0.091627
7.640000	0.000000	0.088823
7.650000	0.000000	0.087322
7.660000	0.000000	0.086017
7.670000	0.000000	0.084763
7.680000	0.000000	0.083548
7.690000	0.000000	0.082281
7.700000	0.000000	0.081021
7.710000	0.000000	0.079791
7.720000	0.000000	0.079373
7.730000	0.000000	0.078081
7.740000	0.000000	0.076328
7.750000	0.000000	0.075240
7.760000	0.000000	0.074350
7.770000	0.000000	0.074023
7.780000	0.000000	0.074706
7.790000	0.000000	0.075270
7.800000	0.000000	0.072445
7.810000	0.000000	0.068991
7.820000	0.000000	0.068234
7.830000	0.000000	0.067141
7.840000	0.000000	0.065346
7.850000	0.000000	0.064464
7.860000	0.000000	0.063339
7.870000	0.000000	0.062364
7.880000	0.000000	0.061381
7.890000	0.000000	0.060410
7.900000	0.000000	0.059479
7.910000	0.000000	0.058592
7.920000	0.000000	0.057749
7.930000	0.000000	0.056912
7.940000	0.000000	0.056078
7.950000	0.000000	0.055246
7.960000	0.000000	0.054434
7.970000	0.000000	0.053733
7.980000	0.000000	0.052745
7.990000	0.000000	0.051902
8.000000	0.000000	0.051119
8.010000	0.000000	0.050351
8.020000	0.000000	0.049615
8.030000	0.000000	0.048888
8.040000	0.000000	0.048162
8.050000	0.000000	0.047437
8.060000	0.000000	0.046711
8.070000	0.000000	0.045986
8.080000	0.000000	0.045262
8.090000	0.000000	0.044569
8.100000	0.000000	0.043878
8.110000	0.000000	0.043140
8.120000	0.000000	0.042507
8.130000	0.000000	0.041877
8.140000	0.000000	0.041249
8.150000	0.000000	0.040614
8.160000	0.000000	0.040350
8.170000	0.000000	0.039371
8.180000	0.000000	0.038839
8.190000	0.000000	0.038241
8.200000	0.000000	0.037669
8.210000	0.000000	0.037156
8.220000	0.000000	0.036574
8.230000	0.000000	0.035986
8.240000	0.000000	0.035429
8.250000	0.000000	0.034887
8.260000	0.000000	0.034363
8.270000	0.000000	0.033851
8.280000	0.000000	0.033361
8.290000	0.000000	0.032885
8.300000	0.000000	0.032387
8.310000	0.000000	0.031902
8.320000	0.000000	0.031406
8.330000	0.000000	0.030899
8.340000	0.000000	0.030553
8.350000	0.000000	0.029951
8.360000	0.000000	0.029475
8.370000	0.000000	0.029012
8.380000	0.000000	0.028579
8.390000	0.000000	0.028176
8.400000	0.000000	0.027756
8.410000	0.000000	0.027321
8.420000	0.000000	0.026946
8.430000	0.000000	0.026564
8.440000	0.000000	0.026094
8.450000	0.000000	0.025720
8.460000	0.000000	0.025346
8.470000	0.000000	0.024973
8.480000	0.000000	0.024604
8.490000	0.000000	0.024212
8.500000	0.000000	0.023832
8.510000	0.000000	0.023485
8.520000	0.000000	0.023130
8.530000	0.000000	0.022766
8.540000	0.000000	0.022431
8.550000	0.000000	0.022105
8.560000	0.000000	0.021780
8.570000	0.000000	0.021455
8.580000	0.000000	0.021132
8.590000	0.000000	0.020810
8.600000	0.000000	0.020490
8.610000	0.000000	0.020167
8.620000	0.000000	0.019839
8.630000	0.000000	0.019538
8.640000	0.000000	0.019253
8.650000	0.000000	0.018972
8.660000	0.000000	0.018675
8.670000	0.000000	0.018388
8.680000	0.000000	0.018108
8.690000	0.000000	0.017831
8.700000	0.000000	0.017564
8.710000	0.000000	0.017317
8.720000	0.000000	0.017062
8.730000	0.000000	0.016808
8.740000	0.000000	0.016558
8.750000	0.000000	0.016308
8.760000	0.000000	0.016058
8.770000	0.000000	0.015809
8.780000	0.000000	0.015565
8.790000	0.000000	0.015332
8.800000	0.000000	0.015111
8.810000	0.000000	0.014893
8.820000	0.000000	0.014678
8.830000	0.000000	0.014446
8.840000	0.000000	0.014226
8.850000	0.000000	0.014009
8.860000	0.000000	0.013791
8.870000	0.000000	0.013574
8.880000	0.000000	0.013362
8.890000	0.000000	0.013162
8.900000	0.000000	0.012970
8.910000	0.000000	0.012780
8.920000	0.000000	0.012591
8.930000	0.000000	0.012403
8.940000	0.000000	0.012215
8.950000	0.000000	0.012026
8.960000	0.000000	0.011841
8.970000	0.000000	0.011669
8.980000	0.000000	0.011502
8.990000	0.000000	0.011332
9.000000	0.000000	0.011155
9.010000	0.000000	0.010988
9.020000	0.000000	0.010821
9.030000	0.000000	0.010653
9.040000	0.000000	0.010487
9.050000	0.000000	0.010329
9.060000	0.000000	0.010179
9.070000	0.000000	0.010033
9.080000	0.000000	0.009887
9.090000	0.000000	0.009742
9.100000	0.000000	0.009596
9.110000	0.000000	0.009451
9.120000	0.000000	0.009305
9.130000	0.000000	0.009160
9.140000	0.000000	0.009017
9.150000	0.000000	0.008883
9.160000	0.000000	0.008750
9.170000	0.000000	0.008617
9.180000	0.000000	0.008491
9.190000	0.000000	0.008365
9.200000	0.000000	0.008238
9.210000	0.000000	0.008112
9.220000	0.000000	0.007987
9.230000	0.000000	0.007868
9.240000	0.000000	0.007754
9.250000	0.000000	0.007642
9.260000	0.000000	0.007530
9.270000	0.000000	0.007418
9.280000	0.000000	0.007306
9.290000	0.000000	0.007194
9.300000	0.000000	0.007083
9.310000	0.000000	0.006972
9.320000	0.000000	0.006869
9.330000	0.000000	0.006768
9.340000	0.000000	0.006668
9.350000	0.000000	0.006570
9.360000	0.000000	0.006473
9.370000	0.000000	0.006375
9.380000	0.000000	0.006278
9.390000	0.000000	0.006181
9.400000	0.000000	0.006086
9.410000	0.000000	0.005995
9.420000	0.000000	0.005907
9.430000	0.000000	0.005821
9.440000	0.000000	0.005737
9.450000	0.000000	0.005652
9.460000	0.000000	0.005567
9.470000	0.000000	0.005483
9.480000	0.000000	0.005399
9.490000	0.000000	0.005315
9.500000	0.000000	0.005233
9.510000	0.000000	0.005157
9.520000	0.000000	0.005082
9.530000	0.000000	0.005007
9.540000	0.000000	0.004932
9.550000	0.000000	0.004857
9.560000	0.000000	0.004782
9.570000	0.000000	0.004708
9.580000	0.000000	0.004637
9.590000	0.000000	0.004569
9.600000	0.000000	0.004504
9.610000	0.000000	0.004439
9.620000	0.000000	0.004374
9.630000	0.000000	0.004309
9.640000	0.000000	0.004244
9.650000	0.000000	0.004178
9.660000	0.000000	0.004114
9.670000	0.000000	0.004049
9.680000	0.000000	0.003990
9.690000	0.000000	0.003932
9.700000	0.000000	0.003875
9.710000	0.000000	0.003818
9.720000	0.000000	0.003762
9.730000	0.000000	0.003705
9.740000	0.000000	0.003648
9.750000	0.000000	0.003592
9.760000	0.000000	0.003538
9.770000	0.000000	0.003486
9.780000	0.000000	0.003436
9.790000	0.000000	0.003386
9.800000	0.000000	0.003336
9.810000	0.000000	0.003285
9.820000	0.000000	0.003235
9.830000	0.000000	0.003185
9.840000	0.000000	0.003133
9.850000	0.000000	0.003086
9.860000	0.000000	0.003042
9.870000	0.000000	0.002999
9.880000	0.000000	0.002955
9.890000	0.000000	0.002911
9.900000	0.000000	0.002868
9.910000	0.000000	0.002824
9.920000	0.000000	0.002781
9.930000	0.000000	0.002740
9.940000	0.000000	0.002700
9.950000	0.000000	0.002661
9.960000	0.000000	0.002622
9.970000	0.000000	0.002584
9.980000	0.000000	0.002546
9.990000	0.000000	0.002508
10.000000	0.000000	0.002469
10.010000	0.000000	0.002430
10.020000	0.000000	0.002392
10.030000	0.000000	0.002357
10.040000	0.000000	0.002323
10.050000	0.000000	0.002289
10.060000	0.000000	0.002255
10.070000	0.000000	0.002222
10.080000	0.000000	0.002188
10.090000	0.000000	0.002155
10.100000	0.000000	0.002121
10.110000	0.000000	0.002089
10.120000	0.000000	0.002058
10.130000	0.000000	0.002029
10.140000	0.000000	0.002000
10.150000	0.000000	0.001970
10.160000	0.000000	0.001941
10.170000	0.000000	0.001911
10.180000	0.000000	0.001881
10.190000	0.000000	0.001853
10.200000	0.000000	0.001826
10.210000	0.000000	0.001800
10.220000	0.000000	0.001774
10.230000	0.000000	0.001748
10.240000	0.000000	0.001723
10.250000	0.000000	0.001697
10.260000	0.000000	0.001672
10.270000	0.000000	0.001646
10.280000	0.000000	0.001621
10.290000	0.000000	0.001596
10.300000	0.000000	0.001572
10.310000	0.000000	0.001550
10.320000	0.000000	0.001527
10.330000	0.000000	0.001505
10.340000	0.000000	0.001481
10.350000	0.000000	0.001458
10.360000	0.000000	0.001436
10.370000	0.000000	0.001414
10.380000	0.000000	0.001393
10.390000	0.000000	0.001372
10.400000	0.000000	0.001353
10.410000	0.000000	0.001333
10.420000	0.000000	0.001314
10.430000	0.000000	0.001294
10.440000	0.000000	0.001275
10.450000	0.000000	0.001256
10.460000	0.000000	0.001237
10.470000	0.000000	0.001220
10.480000	0.000000	0.001202
10.490000	0.000000	0.001184
10.500000	0.000000	0.001167
10.510000	0.000000	0.001149
10.520000	0.000000	0.001132
10.530000	0.000000	0.001115
10.540000	0.000000	0.001098
10.550000	0.000000	0.001081
10.560000	0.000000	0.001065
10.570000	0.000000	0.001049
10.580000	0.000000	0.001034
10.590000	0.000000	0.001019
10.600000	0.000000	0.001004
10.610000	0.000000	0.000989
10.620000	0.000000	0.000974
10.630000	0.000000	0.000959
10.640000	0.000000	0.000944
10.650000	0.000000	0.000930
10.660000	0.000000	0.000916
10.670000	0.000000	0.000903
10.680000	0.000000	0.000889
10.690000	0.000000	0.000876
10.700000	0.000000	0.000863
10.710000	0.000000	0.000850
10.720000	0.000000	0.000838
10.730000	0.000000	0.000826
10.740000	0.000000	0.000814
10.750000	0.000000	0.000802
10.760000	0.000000	0.000791
10.770000	0.000000	0.000779
10.780000	0.000000	0.000768
10.790000	0.000000	0.000757
10.800000	0.000000	0.000745
10.810000	0.000000	0.000734
10.820000	0.000000	0.000723
10.830000	0.000000	0.000711
10.840000	0.000000	0.000701
10.850000	0.000000	0.000690
10.860000	0.000000	0.000680
10.870000	0.000000	0.000670
10.880000	0.000000	0.000660
10.890000	0.000000	0.000650
10.900000	0.000000	0.000640
10.910000	0.000000	0.000631
10.920000	0.000000	0.000621
10.930000	0.000000	0.000612
10.940000	0.000000	0.000603
10.950000	0.000000	0.000595
10.960000	0.000000	0.000586
10.970000	0.000000	0.000577
10.980000	0.000000	0.000569
10.990000	0.000000	0.000561
11.000000	0.000000	0.000553
11.010000	0.000000	0.000545
11.020000	0.000000	0.000536
11.030000	0.000000	0.000529
11.040000	0.000000	0.000521
11.050000	0.000000	0.000513
11.060000	0.000000	0.000506
11.070000	0.000000	0.000498
11.080000	0.000000	0.000490
11.090000	0.000000	0.000483
11.100000	0.000000	0.000476
11.110000	0.000000	0.000469
11.120000	0.000000	0.000462
11.130000	0.000000	0.000455
11.140000	0.000000	0.000448
11.150000	0.000000	0.000441
11.160000	0.000000	0.000435
11.170000	0.000000	0.000428
11.180000	0.000000	0.000421
11.190000	0.000000	0.000415
11.200000	0.000000	0.000409
11.210000	0.000000	0.000403
11.220000	0.000000	0.000397
11.230000	0.000000	0.000391
11.240000	0.000000	0.000386
11.250000	0.000000	0.000380
11.260000	0.000000	0.000375
11.270000	0.000000	0.000370
11.280000	0.000000	0.000364
11.290000	0.000000	0.000359
11.300000	0.000000	0.000354
11.310000	0.000000	0.000349
11.320000	0.000000	0.000344
11.330000	0.000000	0.000338
11.340000	0.000000	0.000333
11.350000	0.000000	0.000328
11.360000	0.000000	0.000323
11.370000	0.000000	0.000318
11.380000	0.000000	0.000313
11.390000	0.000000	0.000309
11.400000	0.000000	0.000304
11.410000	0.000000	0.000300
11.420000	0.000000	0.000295
11.430000	0.000000	0.000291
11.440000	0.000000	0.000286
11.450000	0.000000	0.000282
11.460000	0.000000	0.000278
11.470000	0.000000	0.000274
11.480000	0.000000	0.000270
11.490000	0.000000	0.000266
11.500000	0.000000	0.000262
11.510000	0.000000	0.000258
11.520000	0.000000	0.000254
11.530000	0.000000	0.000251
11.540000	0.000000	0.000247
11.550000	0.000000	0.000244
11.560000	0.000000	0.000240
11.570000	0.000000	0.000237
11.580000	0.000000	0.000233
11.590000	0.000000	0.000230
11.600000	0.000000	0.000226
11.610000	0.000000	0.000223
11.620000	0.000000	0.000220
11.630000	0.000000	0.000216
11.640000	0.000000	0.000213
11.650000	0.000000	0.000210
11.660000	0.000000	0.000207
11.670000	0.000000	0.000204
11.680000	0.000000	0.000201
11.690000	0.000000	0.000197
11.700000	0.000000	0.000194
11.710000	0.000000	0.000192
11.720000	0.000000	0.000189
11.730000	0.000000	0.000186
11.740000	0.000000	0.000183
11.750000	0.000000	0.000181
11.760000	0.000000	0.000178
11.770000	0.000000	0.000175
11.780000	0.000000	0.000173
11.790000	0.000000	0.000170
11.800000	0.000000	0.000168
11.810000	0.000000	0.000166
11.820000	0.000000	0.000163
11.830000	0.000000	0.000161
11.840000	0.000000	0.000159
11.850000	0.000000	0.000156
11.860000	0.000000	0.000154
11.870000	0.000000	0.000152
11.880000	0.000000	0.000149
11.890000	0.000000	0.000147
11.900000	0.000000	0.000145
11.910000	0.000000	0.000143
11.920000	0.000000	0.000140
11.930000	0.000000	0.000138
11.940000	0.000000	0.000136
11.950000	0.000000	0.000134
11.960000	0.000000	0.000132
11.970000	0.000000	0.000130
11.980000	0.000000	0.000128
11.990000	0.000000	0.000127
12.000000	0.000000	0.000125
12.010000	0.000000	0.000123
12.020000	0.000000	0.000121
12.030000	0.000000	0.000119
12.040000	0.000000	0.000117
12.050000	0.000000	0.000116
12.060000	0.000000	0.000114
12.070000	0.000000	0.000113
12.080000	0.000000	0.000111
12.090000	0.000000	0.000109
12.100000	0.000000	0.000108
12.110000	0.000000	0.000106
12.120000	0.000000	0.000105
12.130000	0.000000	0.000103
12.140000	0.000000	0.000102
12.150000	0.000000	0.000100
12.160000	0.000000	0.000099
12.170000	0.000000	0.000097
12.180000	0.000000	0.000096
12.190000	0.000000	0.000094
12.200000	0.000000	0.000093
12.210000	0.000000	0.000091
12.220000	0.000000	0.000090
12.230000	0.000000	0.000089
12.240000	0.000000	0.000087
12.250000	0.000000	0.000086
12.260000	0.000000	0.000085
12.270000	0.000000	0.000083
12.280000	0.000000	0.000082
12.290000	0.000000	0.000081
12.300000	0.000000	0.000080
12.310000	0.000000	0.000079
12.320000	0.000000	0.000078
12.330000	0.000000	0.000077
12.340000	0.000000	0.000076
12.350000	0.000000	0.000074
12.360000	0.000000	0.000073
12.370000	0.000000	0.000072
12.380000	0.000000	0.000071
12.390000	0.000000	0.000070
12.400000	0.000000	0.000069
12.410000	0.000000	0.000068
12.420000	0.000000	0.000067
12.430000	0.000000	0.000066
12.440000	0.000000	0.000065
12.450000	0.000000	0.000064
12.460000	0.000000	0.000063
12.470000	0.000000	0.000062
12.480000	0.000000	0.000061
12.490000	0.000000	0.000060
12.500000	0.000000	0.000059
12.510000	0.000000	0.000059
12.520000	0.000000	0.000058
12.530000	0.000000	0.000057
12.540000	0.000000	0.000056
12.550000	0.000000	0.000055
12.560000	0.000000	0.000054
12.570000	0.000000	0.000054
12.580000	0.000000	0.000053
12.590000	0.000000	0.000052
12.600000	0.000000	0.000051
12.610000	0.000000	0.000051
12.620000	0.000000	0.000050
12.630000	0.000000	0.000049
12.640000	0.000000	0.000048
12.650000	0.000000	0.000048
12.660000	0.000000	0.000047
12.670000	0.000000	0.000046
12.680000	0.000000	0.000046
12.690000	0.000000	0.000045
12.700000	0.000000	0.000044
12.710000	0.000000	0.000044
12.720000	0.000000	0.000043
12.730000	0.000000	0.000042
12.740000	0.000000	0.000042
12.750000	0.000000	0.000041
12.760000	0.000000	0.000040
12.770000	0.000000	0.000040
12.780000	0.000000	0.000039
12.790000	0.000000	0.000039
12.800000	0.000000	0.000038
12.810000	0.000000	0.000038
12.820000	0.000000	0.000037
12.830000	0.000000	0.000036
12.840000	0.000000	0.000036
12.850000	0.000000	0.000035
12.860000	0.000000	0.000035
12.870000	0.000000	0.000034
12.880000	0.000000	0.000034
12.890000	0.000000	0.000033
12.900000	0.000000	0.000033
12.910000	0.000000	0.000033
12.920000	0.000000	0.000032
12.930000	0.000000	0.000032
12.940000	0.000000	0.000031
12.950000	0.000000	0.000031
12.960000	0.000000	0.000030
12.970000	0.000000	0.000030
12.980000	0.000000	0.000029
12.990000	0.000000	0.000029
13.000000	0.000000	0.000028
13.010000	0.000000	0.000028
13.020000	0.000000	0.000028
13.030000	0.000000	0.000027
13.040000	0.000000	0.000027
13.050000	0.000000	0.000026
13.060000	0.000000	0.000026
13.070000	0.000000	0.000026
13.080000	0.000000	0.000025
13.090000	0.000000	0.000025
13.100000	0.000000	0.000024
13.110000	0.000000	0.000024
13.120000	0.000000	0.000024
13.130000	0.000000	0.000023
13.140000	0.000000	0.000023
13.150000	0.000000	0.000023
13.160000	0.000000	0.000023
13.170000	0.000000	0.000022
13.180000	0.000000	0.000022
13.190000	0.000000	0.000022
13.200000	0.000000	0.000021
13.210000	0.000000	0.000021
13.220000	0.000000	0.000021
13.230000	0.000000	0.000020
13.240000	0.000000	0.000020
13.250000	0.000000	0.000020
13.260000	0.000000	0.000019
13.270000	0.000000	0.000019
13.280000	0.000000	0.000019
13.290000	0.000000	0.000019
13.300000	0.000000	0.000018
13.310000	0.000000	0.000018
13.320000	0.000000	0.000018
13.330000	0.000000	0.000017
13.340000	0.000000	0.000017
13.350000	0.000000	0.000017
13.360000	0.000000	0.000017
13.370000	0.000000	0.000016
13.380000	0.000000	0.000016
13.390000	0.000000	0.000016
13.400000	0.000000	0.000016
13.410000	0.000000	0.000016
13.420000	0.000000	0.000015
13.430000	0.000000	0.000015
13.440000	0.000000	0.000015
13.450000	0.000000	0.000015
13.460000	0.000000	0.000014
13.470000	0.000000	0.000014
13.480000	0.000000	0.000014
13.490000	0.000000	0.000014
13.500000	0.000000	0.000014
13.510000	0.000000	0.000013
13.520000	0.000000	0.000013
13.530000	0.000000	0.000013
13.540000	0.000000	0.000013
13.550000	0.000000	0.000013
13.560000	0.000000	0.000012
13.570000	0.000000	0.000012
13.580000	0.000000	0.000012
13.590000	0.000000	0.000012
13.600000	0.000000	0.000012
13.610000	0.000000	0.000012
13.620000	0.000000	0.000011
13.630000	0.000000	0.000011
13.640000	0.000000	0.000011
13.650000	0.000000	0.000011
13.660000	0.000000	0.000011
13.670000	0.000000	0.000011
13.680000	0.000000	0.000010
13.690000	0.000000	0.000010
13.700000	0.000000	0.000010
13.710000	0.000000	0.000010
13.720000	0.000000	0.000010
13.730000	0.000000	0.000010
13.740000	0.000000	0.000010
13.750000	0.000000	0.000009
13.760000	0.000000	0.000009
13.770000	0.000000	0.000009
13.780000	0.000000	0.000009
13.790000	0.000000	0.000009
13.800000	0.000000	0.000009
13.810000	0.000000	0.000009
13.820000	0.000000	0.000008
13.830000	0.000000	0.000008
13.840000	0.000000	0.000008
13.850000	0.000000	0.000008
13.860000	0.000000	0.000008
13.870000	0.000000	0.000008
13.880000	0.000000	0.000008
13.890000	0.000000	0.000008
13.900000	0.000000	0.000008
13.910000	0.000000	0.000007
13.920000	0.000000	0.000007
13.930000	0.000000	0.000007
13.940000	0.000000	0.000007
13.950000	0.000000	0.000007
13.960000	0.000000	0.000007
13.970000	0.000000	0.000007
13.980000	0.000000	0.000007
13.990000	0.000000	0.000007
14.000000	0.000000	0.000007
14.010000	0.000000	0.000006
14.020000	0.000000	0.000006
14.030000	0.000000	0.000006
14.040000	0.000000	0.000006
14.050000	0.000000	0.000006
14.060000	0.000000	0.000006
14.070000	0.000000	0.000006
14.080000	0.000000	0.000006
14.090000	0.000000	0.000006
14.100000	0.000000	0.000006
14.110000	0.000000	0.000006
14.120000	0.000000	0.000005
14.130000	0.000000	0.000005
14.140000	0.000000	0.000005
14.150000	0.000000	0.000005
14.160000	0.000000	0.000005
14.170000	0.000000	0.000005
14.180000	0.000000	0.000005
14.190000	0.000000	0.000005
14.200000	0.000000	0.000005
14.210000	0.000000	0.000005
14.220000	0.000000	0.000005
14.230000	0.000000	0.000005
14.240000	0.000000	0.000005
14.250000	0.000000	0.000005
14.260000	0.000000	0.000004
14.270000	0.000000	0.000004
14.280000	0.000000	0.000004
14.290000	0.000000	0.000004
14.300000	0.000000	0.000004
14.310000	0.000000	0.000004
14.320000	0.000000	0.000004
14.330000	0.000000	0.000004
14.340000	0.000000	0.000004
14.350000	0.000000	0.000004
14.360000	0.000000	0.000004
14.370000	0.000000	0.000004
14.380000	0.000000	0.000004
14.390000	0.000000	0.000004
14.400000	0.000000	0.000004
14.410000	0.000000	0.000004
14.420000	0.000000	0.000004
14.430000	0.000000	0.000003
14.440000	0.000000	0.000003
14.450000	0.000000	0.000003
14.460000	0.000000	0.000003
14.470000	0.000000	0.000003
14.480000	0.000000	0.000003
14.490000	0.000000	0.000003
14.500000	0.000000	0.000003
14.510000	0.000000	0.000003
14.520000	0.000000	0.000003
14.530000	0.000000	0.000003
14.540000	0.000000	0.000003
14.550000	0.000000	0.000003
14.560000	0.000000	0.000003
14.570000	0.000000	0.000003
14.580000	0.000000	0.000003
14.590000	0.000000	0.000003
14.600000	0.000000	0.000003
14.610000	0.000000	0.000003
14.620000	0.000000	0.000003
14.630000	0.000000	0.000003
14.640000	0.000000	0.000003
14.650000	0.000000	0.000003
14.660000	0.000000	0.000002
14.670000	0.000000	0.000002
14.680000	0.000000	0.000002
14.690000	0.000000	0.000002
14.700000	0.000000	0.000002
14.710000	0.000000	0.000002
14.720000	0.000000	0.000002
14.730000	0.000000	0.000002
14.740000	0.000000	0.000002
14.750000	0.000000	0.000002
14.760000	0.000000	0.000002
14.770000	0.000000	0.000002
14.780000	0.000000	0.000002
14.790000	0.000000	0.000002
14.800000	0.000000	0.000002
14.810000	0.000000	0.000002
14.820000	0.000000	0.000002
14.830000	0.000000	0.000002
14.840000	0.000000	0.000002
14.850000	0.000000	0.000002
14.860000	0.000000	0.000002
14.870000	0.000000	0.000002
14.880000	0.000000	0.000002
14.890000	0.000000	0.000002
14.900000	0.000000	0.000002
14.910000	0.000000	0.000002
14.920000	0.000000	0.000002
14.930000	0.000000	0.000002
14.940000	0.000000	0.000002
14.950000	0.000000	0.000002
14.960000	0.000000	0.000002
14.970000	0.000000	0.000002
14.980000	0.000000	0.000002
14.990000	0.000000	0.000002
15.000000	0.000000	0.000002
15.010000	0.000000	0.000001
15.020000	0.000000	0.000001
15.030000	0.000000	0.000001
15.040000	0.000000	0.000001
15.050000	0.000000	0.000001
15.060000	0.000000	0.000001
15.070000	0.000000	0.000001
15.080000	0.000000	0.000001
15.090000	0.000000	0.000001
15.100000	0.000000	0.000001
15.110000	0.000000	0.000001
15.120000	0.000000	0.000001
15.130000	0.000000	0.000001
15.140000	0.000000	0.000001
15.150000	0.000000	0.000001
15.160000	0.000000	0.000001
15.170000	0.000000	0.000001
15.180000	0.000000	0.000001
15.190000	0.000000	0.000001
15.200000	0.000000	0.000001
15.210000	0.000000	0.000001
15.220000	0.000000	0.000001
15.230000	0.000000	0.000001
15.240000	0.000000	0.000001
15.250000	0.000000	0.000001
15.260000	0.000000	0.000001
15.270000	0.000000	0.000001
15.280000	0.000000	1.0e-06
15.290000	0.000000	9.9e-07
15.300000	0.000000	9.7e-07
15.310000	0.000000	9.6e-07
15.320000	0.000000	9.5e-07
15.330000	0.000000	9.3e-07
15.340000	0.000000	9.2e-07
15.350000	0.000000	9.1e-07
15.360000	0.000000	8.9e-07
15.370000	0.000000	8.8e-07
15.380000	0.000000	8.7e-07
15.390000	0.000000	8.5e-07
15.400000	0.000000	8.4e-07
15.410000	0.000000	8.3e-07
15.420000	0.000000	8.2e-07
15.430000	0.000000	8.1e-07
15.440000	0.000000	7.9e-07
15.450000	0.000000	7.8e-07
15.460000	0.000000	7.7e-07
15.470000	0.000000	7.6e-07
15.480000	0.000000	7.5e-07
15.490000	0.000000	7.4e-07
15.500000	0.000000	7.3e-07
15.510000	0.000000	7.1e-07
15.520000	0.000000	7.0e-07
15.530000	0.000000	6.9e-07
15.540000	0.000000	6.8e-07
15.550000	0.000000	6.7e-07
15.560000	0.000000	6.6e-07
15.570000	0.000000	6.5e-07
15.580000	0.000000	6.5e-07
15.590000	0.000000	6.4e-07
15.600000	0.000000	6.3e-07
15.610000	0.000000	6.2e-07
15.620000	0.000000	6.1e-07
15.630000	0.000000	6.0e-07
15.640000	0.000000	5.9e-07
15.650000	0.000000	5.9e-07
15.660000	0.000000	5.8e-07
15.670000	0.000000	5.7e-07
15.680000	0.000000	5.6e-07
15.690000	0.000000	5.5e-07
15.700000	0.000000	5.4e-07
15.710000	0.000000	5.3e-07
15.720000	0.000000	5.3e-07
15.730000	0.000000	5.2e-07
15.740000	0.000000	5.1e-07
15.750000	0.000000	5.0e-07
15.760000	0.000000	5.0e-07
15.770000	0.000000	4.9e-07
15.780000	0.000000	4.8e-07
15.790000	0.000000	4.7e-07
15.800000	0.000000	4.7e-07
15.810000	0.000000	4.6e-07
15.820000	0.000000	4.5e-07
15.830000	0.000000	4.5e-07
15.840000	0.000000	4.4e-07
15.850000	0.000000	4.4e-07
15.860000	0.000000	4.3e-07
15.870000	0.000000	4.2e-07
15.880000	0.000000	4.2e-07
15.890000	0.000000	4.1e-07
15.900000	0.000000	4.1e-07
15.910000	0.000000	4.0e-07
15.920000	0.000000	3.9e-07
15.930000	0.000000	3.9e-07
15.940000	0.000000	3.8e-07
15.950000	0.000000	3.8e-07
15.960000	0.000000	3.7e-07
15.970000	0.000000	3.7e-07
15.980000	0.000000	3.6e-07
15.990000	0.000000	3.6e-07
16.000000	0.000000	3.5e-07
16.010000	0.000000	3.4e-07
16.020000	0.000000	3.4e-07
16.030000	0.000000	3.3e-07
16.040000	0.000000	3.3e-07
16.050000	0.000000	3.2e-07
16.060000	0.000000	3.2e-07
16.070000	0.000000	3.2e-07
16.080000	0.000000	3.1e-07
16.090000	0.000000	3.1e-07
16.100000	0.000000	3.0e-07
16.110000	0.000000	3.0e-07
16.120000	0.000000	2.9e-07
16.130000	0.000000	2.9e-07
16.140000	0.000000	2.9e-07
16.150000	0.000000	2.8e-07
16.160000	0.000000	2.8e-07
16.170000	0.000000	2.7e-07
16.180000	0.000000	2.7e-07
16.190000	0.000000	2.7e-07
16.200000	0.000000	2.6e-07
16.210000	0.000000	2.6e-07
16.220000	0.000000	2.5e-07
16.230000	0.000000	2.5e-07
16.240000	0.000000	2.5e-07
16.250000	0.000000	2.4e-07
16.260000	0.000000	2.4e-07
16.270000	0.000000	2.4e-07
16.280000	0.000000	2.3e-07
16.290000	0.000000	2.3e-07
16.300000	0.000000	2.3e-07
16.310000	0.000000	2.2e-07
16.320000	0.000000	2.2e-07
16.330000	0.000000	2.2e-07
16.340000	0.000000	2.1e-07
16.350000	0.000000	2.1e-07
16.360000	0.000000	2.1e-07
16.370000	0.000000	2.0e-07
16.380000	0.000000	2.0e-07
16.390000	0.000000	2.0e-07
16.400000	0.000000	2.0e-07
16.410000	0.000000	1.9e-07
16.420000	0.000000	1.9e-07
16.430000	0.000000	1.9e-07
16.440000	0.000000	1.8e-07
16.450000	0.000000	1.8e-07
16.460000	0.000000	1.8e-07
16.470000	0.000000	1.8e-07
16.480000	0.000000	1.7e-07
16.490000	0.000000	1.7e-07
16.500000	0.000000	1.7e-07
16.510000	0.000000	1.7e-07
16.520000	0.000000	1.6e-07
16.530000	0.000000	1.6e-07
16.540000	0.000000	1.6e-07
16.550000	0.000000	1.6e-07
16.560000	0.000000	1.5e-07
16.570000	0.000000	1.5e-07
16.580000	0.000000	1.5e-07
16.590000	0.000000	1.5e-07
16.600000	0.000000	1.5e-07
16.610000	0.000000	1.4e-07
16.620000	0.000000	1.4e-07
16.630000	0.000000	1.4e-07
16.640000	0.000000	1.4e-07
16.650000	0.000000	1.4e-07
16.660000	0.000000	1.3e-07
16.670000	0.000000	1.3e-07
16.680000	0.000000	1.3e-07
16.690000	0.000000	1.3e-07
16.700000	0.000000	1.3e-07
16.710000	0.000000	1.2e-07
16.720000	0.000000	1.2e-07
16.730000	0.000000	1.2e-07
16.740000	0.000000	1.2e-07
16.750000	0.000000	1.2e-07
16.760000	0.000000	1.2e-07
16.770000	0.000000	1.1e-07
16.780000	0.000000	1.1e-07
16.790000	0.000000	1.1e-07
16.800000	0.000000	1.1e-07
16.810000	0.000000	1.1e-07
16.820000	0.000000	1.1e-07
16.830000	0.000000	1.0e-07
16.840000	0.000000	1.0e-07
16.850000	0.000000	1.0e-07
16.860000	0.000000	1.0e-07
16.870000	0.000000	9.9e-08
16.880000	0.000000	9.7e-08
16.890000	0.000000	9.6e-08
16.900000	0.000000	9.4e-08
16.910000	0.000000	9.3e-08
16.920000	0.000000	9.2e-08
16.930000	0.000000	9.0e-08
16.940000	0.000000	8.9e-08
16.950000	0.000000	8.8e-08
16.960000	0.000000	8.7e-08
16.970000	0.000000	8.6e-08
16.980000	0.000000	8.4e-08
16.990000	0.000000	8.3e-08
17.000000	0.000000	8.2e-08
17.010000	0.000000	8.1e-08
17.020000	0.000000	8.0e-08
17.030000	0.000000	7.9e-08
17.040000	0.000000	7.7e-08
17.050000	0.000000	7.6e-08
17.060000	0.000000	7.5e-08
17.070000	0.000000	7.4e-08
17.080000	0.000000	7.3e-08
17.090000	0.000000	7.2e-08
17.100000	0.000000	7.1e-08
17.110000	0.000000	7.0e-08
17.120000	0.000000	6.9e-08
17.130000	0.000000	6.8e-08
17.140000	0.000000	6.7e-08
17.150000	0.000000	6.6e-08
17.160000	0.000000	6.5e-08
17.170000	0.000000	6.4e-08
17.180000	0.000000	6.3e-08
17.190000	0.000000	6.2e-08
17.200000	0.000000	6.1e-08
17.210000	0.000000	6.0e-08
17.220000	0.000000	5.9e-08
17.230000	0.000000	5.9e-08
17.240000	0.000000	5.8e-08
17.250000	0.000000	5.7e-08
17.260000	0.000000	5.6e-08
17.270000	0.000000	5.5e-08
17.280000	0.000000	5.5e-08
17.290000	0.000000	5.4e-08
17.300000	0.000000	5.3e-08
17.310000	0.000000	5.2e-08
17.320000	0.000000	5.2e-08
17.330000	0.000000	5.1e-08
17.340000	0.000000	5.0e-08
17.350000	0.000000	4.9e-08
17.360000	0.000000	4.8e-08
17.370000	0.000000	4.8e-08
17.380000	0.000000	4.7e-08
17.390000	0.000000	4.6e-08
17.400000	0.000000	4.6e-08
17.410000	0.000000	4.5e-08
17.420000	0.000000	4.4e-08
17.430000	0.000000	4.4e-08
17.440000	0.000000	4.3e-08
17.450000	0.000000	4.2e-08
17.460000	0.000000	4.2e-08
17.470000	0.000000	4.1e-08
17.480000	0.000000	4.1e-08
17.490000	0.000000	4.0e-08
17.500000	0.000000	4.0e-08
17.510000	0.000000	3.9e-08
17.520000	0.000000	3.8e-08
17.530000	0.000000	3.8e-08
17.540000	0.000000	3.7e-08
17.550000	0.000000	3.7e-08
17.560000	0.000000	3.6e-08
17.570000	0.000000	3.6e-08
17.580000	0.000000	3.5e-08
17.590000	0.000000	3.5e-08
17.600000	0.000000	3.4e-08
17.610000	0.000000	3.4e-08
17.620000	0.000000	3.3e-08
17.630000	0.000000	3.3e-08
17.640000	0.000000	3.2e-08
17.650000	0.000000	3.2e-08
17.660000	0.000000	3.1e-08
17.670000	0.000000	3.1e-08
17.680000	0.000000	3.0e-08
17.690000	0.000000	3.0e-08
17.700000	0.000000	3.0e-08
17.710000	0.000000	2.9e-08
17.720000	0.000000	2.9e-08
17.730000	0.000000	2.8e-08
17.740000	0.000000	2.8e-08
17.750000	0.000000	2.8e-08
17.760000	0.000000	2.7e-08
17.770000	0.000000	2.7e-08
17.780000	0.000000	2.6e-08
17.790000	0.000000	2.6e-08
17.800000	0.000000	2.6e-08
17.810000	0.000000	2.5e-08
17.820000	0.000000	2.5e-08
17.830000	0.000000	2.5e-08
17.840000	0.000000	2.4e-08
17.850000	0.000000	2.4e-08
17.860000	0.000000	2.4e-08
17.870000	0.000000	2.3e-08
17.880000	0.000000	2.3e-08
17.890000	0.000000	2.3e-08
17.900000	0.000000	2.2e-08
17.910000	0.000000	2.2e-08
17.920000	0.000000	2.1e-08
17.930000	0.000000	2.1e-08
17.940000	0.000000	2.1e-08
17.950000	0.000000	2.1e-08
17.960000	0.000000	2.0e-08
17.970000	0.000000	2.0e-08
17.980000	0.000000	2.0e-08
17.990000	0.000000	1.9e-08
18.000000	0.000000	1.9e-08
18.010000	0.000000	1.9e-08
18.020000	0.000000	1.9e-08
18.030000	0.000000	1.8e-08
18.040000	0.000000	1.8e-08
18.050000	0.000000	1.8e-08
18.060000	0.000000	1.8e-08
18.070000	0.000000	1.7e-08
18.080000	0.000000	1.7e-08
18.090000	0.000000	1.7e-08
18.100000	0.000000	1.7e-08
18.110000	0.000000	1.6e-08
18.120000	0.000000	1.6e-08
18.130000	0.000000	1.6e-08
18.140000	0.000000	1.6e-08
18.150000	0.000000	1.5e-08
18.160000	0.000000	1.5e-08
18.170000	0.000000	1.5e-08
18.180000	0.000000	1.5e-08
18.190000	0.000000	1.5e-08
18.200000	0.000000	1.4e-08
18.210000	0.000000	1.4e-08
18.220000	0.000000	1.4e-08
18.230000	0.000000	1.4e-08
18.240000	0.000000	1.3e-08
18.250000	0.000000	1.3e-08
18.260000	0.000000	1.3e-08
18.270000	0.000000	1.3e-08
18.280000	0.000000	1.3e-08
18.290000	0.000000	1.3e-08
18.300000	0.000000	1.2e-08
18.310000	0.000000	1.2e-08
18.320000	0.000000	1.2e-08
18.330000	0.000000	1.2e-08
18.340000	0.000000	1.2e-08
18.350000	0.000000	1.2e-08
18.360000	0.000000	1.1e-08
18.370000	0.000000	1.1e-08
18.380000	0.000000	1.1e-08
18.390000	0.000000	1.1e-08
18.400000	0.000000	1.1e-08
18.410000	0.000000	1.1e-08
18.420000	0.000000	1.0e-08
18.430000	0.000000	1.0e-08
18.440000	0.000000	1.0e-08
18.450000	0.000000	1.0e-08
18.460000	0.000000	9.8e-09
18.470000	0.000000	9.7e-09
18.480000	0.000000	9.5e-09
18.490000	0.000000	9.4e-09
18.500000	0.000000	9.3e-09
18.510000	0.000000	9.1e-09
18.520000	0.000000	9.0e-09
18.530000	0.000000	8.9e-09
18.540000	0.000000	8.7e-09
18.550000	0.000000	8.6e-09
18.560000	0.000000	8.5e-09
18.570000	0.000000	8.4e-09
18.580000	0.000000	8.3e-09
18.590000	0.000000	8.2e-09
18.600000	0.000000	8.0e-09
18.610000	0.000000	7.9e-09
18.620000	0.000000	7.8e-09
18.630000	0.000000	7.7e-09
18.640000	0.000000	7.6e-09
18.650000	0.000000	7.5e-09
18.660000	0.000000	7.4e-09
18.670000	0.000000	7.3e-09
18.680000	0.000000	7.2e-09
18.690000	0.000000	7.1e-09
18.700000	0.000000	7.0e-09
18.710000	0.000000	6.9e-09
18.720000	0.000000	6.8e-09
18.730000	0.000000	6.7e-09
18.740000	0.000000	6.6e-09
18.750000	0.000000	6.5e-09
18.760000	0.000000	6.4e-09
18.770000	0.000000	6.3e-09
18.780000	0.000000	6.2e-09
18.790000	0.000000	6.1e-09
18.800000	0.000000	6.0e-09
18.810000	0.000000	5.9e-09
18.820000	0.000000	5.8e-09
18.830000	0.000000	5.8e-09
18.840000	0.000000	5.7e-09
18.850000	0.000000	5.6e-09
18.860000	0.000000	5.5e-09
18.870000	0.000000	5.4e-09
18.880000	0.000000	5.4e-09
18.890000	0.000000	5.3e-09
18.900000	0.000000	5.2e-09
18.910000	0.000000	5.1e-09
18.920000	0.000000	5.1e-09
18.930000	0.000000	5.0e-09
18.940000	0.000000	4.9e-09
18.950000	0.000000	4.9e-09
18.960000	0.000000	4.8e-09
18.970000	0.000000	4.7e-09
18.980000	0.000000	4.7e-09
18.990000	0.000000	4.6e-09
19.000000	0.000000	4.5e-09
19.010000	0.000000	4.4e-09
19.020000	0.000000	4.4e-09
19.030000	0.000000	4.3e-09
19.040000	0.000000	4.2e-09
19.050000	0.000000	4.2e-09
19.060000	0.000000	4.1e-09
19.070000	0.000000	4.1e-09
19.080000	0.000000	4.0e-09
19.090000	0.000000	3.9e-09
19.100000	0.000000	3.9e-09
19.110000	0.000000	3.8e-09
19.120000	0.000000	3.8e-09
19.130000	0.000000	3.7e-09
19.140000	0.000000	3.7e-09
19.150000	0.000000	3.6e-09
19.160000	0.000000	3.6e-09
19.170000	0.000000	3.5e-09
19.180000	0.000000	3.5e-09
19.190000	0.000000	3.4e-09
19.200000	0.000000	3.4e-09
19.210000	0.000000	3.3e-09
19.220000	0.000000	3.3e-09
19.230000	0.000000	3.2e-09
19.240000	0.000000	3.2e-09
19.250000	0.000000	3.1e-09
19.260000	0.000000	3.1e-09
19.270000	0.000000	3.1e-09
19.280000	0.000000	3.0e-09
19.290000	0.000000	3.0e-09
19.300000	0.000000	2.9e-09
19.310000	0.000000	2.9e-09
19.320000	0.000000	2.8e-09
19.330000	0.000000	2.8e-09
19.340000	0.000000	2.8e-09
19.350000	0.000000	2.7e-09
19.360000	0.000000	2.7e-09
19.370000	0.000000	2.6e-09
19.380000	0.000000	2.6e-09
19.390000	0.000000	2.6e-09
19.400000	0.000000	2.5e-09
19.410000	0.000000	2.5e-09
19.420000	0.000000	2.5e-09
19.430000	0.000000	2.4e-09
19.440000	0.000000	2.4e-09
19.450000	0.000000	2.4e-09
19.460000	0.000000	2.3e-09
19.470000	0.000000	2.3e-09
19.480000	0.000000	2.3e-09
19.490000	0.000000	2.2e-09
19.500000	0.000000	2.2e-09
19.510000	0.000000	2.2e-09
19.520000	0.000000	2.1e-09
19.530000	0.000000	2.1e-09
19.540000	0.000000	2.1e-09
19.550000	0.000000	2.0e-09
19.560000	0.000000	2.0e-09
19.570000	0.000000	2.0e-09
19.580000	0.000000	1.9e-09
19.590000	0.000000	1.9e-09
19.600000	0.000000	1.9e-09
19.610000	0.000000	1.9e-09
19.620000	0.000000	1.8e-09
19.630000	0.000000	1.8e-09
19.640000	0.000000	1.8e-09
19.650000	0.000000	1.8e-09
19.660000	0.000000	1.7e-09
19.670000	0.000000	1.7e-09
19.680000	0.000000	1.7e-09
19.690000	0.000000	1.7e-09
19.700000	0.000000	1.6e-09
19.710000	0.000000	1.6e-09
19.720000	0.000000	1.6e-09
19.730000	0.000000	1.6e-09
19.740000	0.000000	1.6e-09
19.750000	0.000000	1.5e-09
19.760000	0.000000	1.5e-09
19.770000	0.000000	1.5e-09
19.780000	0.000000	1.5e-09
19.790000	0.000000	1.4e-09
19.800000	0.000000	1.4e-09
19.810000	0.000000	1.4e-09
19.820000	0.000000	1.4e-09
19.830000	0.000000	1.4e-09
19.840000	0.000000	1.3e-09
19.850000	0.000000	1.3e-09
19.860000	0.000000	1.3e-09
19.870000	0.000000	1.3e-09
19.880000	0.000000	1.3e-09
19.890000	0.000000	1.2e-09
19.900000	0.000000	1.2e-09
19.910000	0.000000	1.2e-09
19.920000	0.000000	1.2e-09
19.930000	0.000000	1.2e-09
19.940000	0.000000	1.2e-09
19.950000	0.000000	1.1e-09
19.960000	0.000000	1.1e-09
19.970000	0.000000	1.1e-09
19.980000	0.000000	1.1e-09
19.990000	0.000000	1.1e-09
20.000000	0.000000	1.1e-09
20.010000	0.000000	1.1e-09
20.020000	0.000000	1.0e-09
20.030000	0.000000	1.0e-09
20.040000	0.000000	1.0e-09
20.050000	0.000000	9.9e-10
20.060000	0.000000	9.8e-10
20.070000	0.000000	9.7e-10
20.080000	0.000000	9.5e-10
20.090000	0.000000	9.4e-10
20.100000	0.000000	9.2e-10
20.110000	0.000000	9.1e-10
20.120000	0.000000	9.0e-10
20.130000	0.000000	8.8e-10
20.140000	0.000000	8.7e-10
20.150000	0.000000	8.5e-10
20.160000	0.000000	8.4e-10
20.170000	0.000000	8.3e-10
20.180000	0.000000	8.2e-10
20.190000	0.000000	8.1e-10
20.200000	0.000000	8.0e-10
20.210000	0.000000	7.9e-10
20.220000	0.000000	7.7e-10
20.230000	0.000000	7.6e-10
20.240000	0.000000	7.5e-10
20.250000	0.000000	7.4e-10
20.260000	0.000000	7.3e-10
20.270000	0.000000	7.2e-10
20.280000	0.000000	7.1e-10
20.290000	0.000000	7.0e-10
20.300000	0.000000	6.9e-10
20.310000	0.000000	6.8e-10
20.320000	0.000000	6.7e-10
20.330000	0.000000	6.6e-10
20.340000	0.000000	6.5e-10
20.350000	0.000000	6.4e-10
20.360000	0.000000	6.4e-10
20.370000	0.000000	6.3e-10
20.380000	0.000000	6.2e-10
20.390000	0.000000	6.1e-10
20.400000	0.000000	6.0e-10
20.410000	0.000000	5.9e-10
20.420000	0.000000	5.8e-10
20.430000	0.000000	5.7e-10
20.440000	0.000000	5.6e-10
20.450000	0.000000	5.5e-10
20.460000	0.000000	5.5e-10
20.470000	0.000000	5.4e-10
20.480000	0.000000	5.3e-10
20.490000	0.000000	5.2e-10
20.500000	0.000000	5.2e-10
20.510000	0.000000	5.1e-10
20.520000	0.000000	5.0e-10
20.530000	0.000000	5.0e-10
20.540000	0.000000	4.9e-10
20.550000	0.000000	4.8e-10
20.560000	0.000000	4.8e-10
20.570000	0.000000	4.7e-10
20.580000	0.000000	4.6e-10
20.590000	0.000000	4.6e-10
20.600000	0.000000	4.5e-10
20.610000	0.000000	4.4e-10
20.620000	0.000000	4.4e-10
20.630000	0.000000	4.3e-10
20.640000	0.000000	4.2e-10
20.650000	0.000000	4.2e-10
20.660000	0.000000	4.1e-10
20.670000	0.000000	4.1e-10
20.680000	0.000000	4.0e-10
20.690000	0.000000	3.9e-10
20.700000	0.000000	3.9e-10
20.710000	0.000000	3.8e-10
20.720000	0.000000	3.8e-10
20.730000	0.000000	3.7e-10
20.740000	0.000000	3.7e-10
20.750000	0.000000	3.6e-10
20.760000	0.000000	3.6e-10
20.770000	0.000000	3.5e-10
20.780000	0.000000	3.5e-10
20.790000	0.000000	3.4e-10
20.800000	0.000000	3.4e-10
20.810000	0.000000	3.3e-10
20.820000	0.000000	3.3e-10
20.830000	0.000000	3.2e-10
20.840000	0.000000	3.2e-10
20.850000	0.000000	3.1e-10
20.860000	0.000000	3.1e-10
20.870000	0.000000	3.0e-10
20.880000	0.000000	3.0e-10
20.890000	0.000000	3.0e-10
20.900000	0.000000	2.9e-10
20.910000	0.000000	2.9e-10
20.920000	0.000000	2.8e-10
20.930000	0.000000	2.8e-10
20.940000	0.000000	2.8e-10
20.950000	0.000000	2.7e-10
20.960000	0.000000	2.7e-10
20.970000	0.000000	2.6e-10
20.980000	0.000000	2.6e-10
20.990000	0.000000	2.5e-10
21.000000	0.000000	2.5e-10
21.010000	0.000000	2.5e-10
21.020000	0.000000	2.4e-10
21.030000	0.000000	2.4e-10
21.040000	0.000000	2.4e-10
21.050000	0.000000	2.3e-10
21.060000	0.000000	2.3e-10
21.070000	0.000000	2.3e-10
21.080000	0.000000	2.3e-10
21.090000	0.000000	2.2e-10
21.100000	0.000000	2.2e-10
21.110000	0.000000	2.2e-10
21.120000	0.000000	2.1e-10
21.130000	0.000000	2.1e-10
21.140000	0.000000	2.1e-10
21.150000	0.000000	2.0e-10
21.160000	0.000000	2.0e-10
21.170000	0.000000	2.0e-10
21.180000	0.000000	2.0e-10
21.190000	0.000000	1.9e-10
21.200000	0.000000	1.9e-10
21.210000	0.000000	1.9e-10
21.220000	0.000000	1.8e-10
21.230000	0.000000	1.8e-10
21.240000	0.000000	1.8e-10
21.250000	0.000000	1.8e-10
21.260000	0.000000	1.7e-10
21.270000	0.000000	1.7e-10
21.280000	0.000000	1.7e-10
21.290000	0.000000	1.7e-10
21.300000	0.000000	1.6e-10
21.310000	0.000000	1.6e-10
21.320000	0.000000	1.6e-10
21.330000	0.000000	1.6e-10
21.340000	0.000000	1.5e-10
21.350000	0.000000	1.5e-10
21.360000	0.000000	1.5e-10
21.370000	0.000000	1.5e-10
21.380000	0.000000	1.5e-10
21.390000	0.000000	1.4e-10
21.400000	0.000000	1.4e-10
21.410000	0.000000	1.4e-10
21.420000	0.000000	1.4e-10
21.430000	0.000000	1.4e-10
21.440000	0.000000	1.3e-10
21.450000	0.000000	1.3e-10
21.460000	0.000000	1.3e-10
21.470000	0.000000	1.3e-10
21.480000	0.000000	1.3e-10
21.490000	0.000000	1.2e-10
21.500000	0.000000	1.2e-10
21.510000	0.000000	1.2e-10
21.520000	0.000000	1.2e-10
21.530000	0.000000	1.2e-10
21.540000	0.000000	1.2e-10
21.550000	0.000000	1.1e-10
21.560000	0.000000	1.1e-10
21.570000	0.000000	1.1e-10
21.580000	0.000000	1.1e-10
21.590000	0.000000	1.1e-10
21.600000	0.000000	1.1e-10
21.610000	0.000000	1.0e-10
21.620000	0.000000	1.0e-10
21.630000	0.000000	1.0e-10
21.640000	0.000000	1.0e-10
21.650000	0.000000	9.9e-11
21.660000	0.000000	9.8e-11
21.670000	0.000000	9.6e-11
21.680000	0.000000	9.5e-11
21.690000	0.000000	9.4e-11
21.700000	0.000000	9.2e-11
21.710000	0.000000	9.1e-11
21.720000	0.000000	9.0e-11
21.730000	0.000000	8.9e-11
21.740000	0.000000	8.7e-11
21.750000	0.000000	8.6e-11
21.760000	0.000000	8.5e-11
21.770000	0.000000	8.3e-11
21.780000	0.000000	8.2e-11
21.790000	0.000000	8.1e-11
21.800000	0.000000	8.0e-11
21.810000	0.000000	7.8e-11
21.820000	0.000000	7.7e-11
21.830000	0.000000	7.6e-11
21.840000	0.000000	7.5e-11
21.850000	0.000000	7.4e-11
21.860000	0.000000	7.3e-11
21.870000	0.000000	7.2e-11
21.880000	0.000000	7.1e-11
21.890000	0.000000	7.0e-11
21.900000	0.000000	6.9e-11
21.910000	0.000000	6.8e-11
21.920000	0.000000	6.7e-11
21.930000	0.000000	6.6e-11
21.940000	0.000000	6.5e-11
21.950000	0.000000	6.4e-11
21.960000	0.000000	6.4e-11
21.970000	0.000000	6.3e-11
21.980000	0.000000	6.2e-11
21.990000	0.000000	6.1e-11
22.000000	0.000000	6.0e-11
22.010000	0.000000	5.9e-11
22.020000	0.000000	5.8e-11
22.030000	0.000000	5.7e-11
22.040000	0.000000	5.7e-11
22.050000	0.000000	5.6e-11
22.060000	0.000000	5.5e-11
22.070000	0.000000	5.4e-11
22.080000	0.000000	5.3e-11
22.090000	0.000000	5.2e-11
22.100000	0.000000	5.2e-11
22.110000	0.000000	5.1e-11
22.120000	0.000000	5.0e-11
22.130000	0.000000	5.0e-11
22.140000	0.000000	4.9e-11
22.150000	0.000000	4.8e-11
22.160000	0.000000	4.8e-11
22.170000	0.000000	4.7e-11
22.180000	0.000000	4.6e-11
22.190000	0.000000	4.6e-11
22.200000	0.000000	4.5e-11
22.210000	0.000000	4.4e-11
22.220000	0.000000	4.4e-11
22.230000	0.000000	4.3e-11
22.240000	0.000000	4.3e-11
22.250000	0.000000	4.2e-11
22.260000	0.000000	4.1e-11
22.270000	0.000000	4.1e-11
22.280000	0.000000	4.0e-11
22.290000	0.000000	4.0e-11
22.300000	0.000000	3.9e-11
22.310000	0.000000	3.8e-11
22.320000	0.000000	3.8e-11
22.330000	0.000000	3.7e-11
22.340000	0.000000	3.7e-11
22.350000	0.000000	3.6e-11
22.360000	0.000000	3.6e-11
22.370000	0.000000	3.5e-11
22.380000	0.000000	3.5e-11
22.390000	0.000000	3.4e-11
22.400000	0.000000	3.4e-11
22.410000	0.000000	3.3e-11
22.420000	0.000000	3.3e-11
22.430000	0.000000	3.2e-11
22.440000	0.000000	3.2e-11
22.450000	0.000000	3.1e-11
22.460000	0.000000	3.1e-11
22.470000	0.000000	3.1e-11
22.480000	0.000000	3.0e-11
22.490000	0.000000	3.0e-11
22.500000	0.000000	2.9e-11
22.510000	0.000000	2.9e-11
22.520000	0.000000	2.8e-11
22.530000	0.000000	2.8e-11
22.540000	0.000000	2.8e-11
22.550000	0.000000	2.7e-11
22.560000	0.000000	2.7e-11
22.570000	0.000000	2.7e-11
22.580000	0.000000	2.6e-11
22.590000	0.000000	2.6e-11
22.600000	0.000000	2.5e-11
22.610000	0.000000	2.5e-11
22.620000	0.000000	2.5e-11
22.630000	0.000000	2.4e-11
22.640000	0.000000	2.4e-11
22.650000	0.000000	2.3e-11
22.660000	0.000000	2.3e-11
22.670000	0.000000	2.3e-11
22.680000	0.000000	2.3e-11
22.690000	0.000000	2.2e-11
22.700000	0.000000	2.2e-11
22.710000	0.000000	2.2e-11
22.720000	0.000000	2.1e-11
22.730000	0.000000	2.1e-11
22.740000	0.000000	2.1e-11
22.750000	0.000000	2.1e-11
22.760000	0.000000	2.0e-11
22.770000	0.000000	2.0e-11
22.780000	0.000000	2.0e-11
22.790000	0.000000	1.9e-11
22.800000	0.000000	1.9e-11
22.810000	0.000000	1.9e-11
22.820000	0.000000	1.9e-11
22.830000	0.000000	1.8e-11
22.840000	0.000000	1.8e-11
22.850000	0.000000	1.8e-11
22.860000	0.000000	1.7e-11
22.870000	0.000000	1.7e-11
22.880000	0.000000	1.7e-11
22.890000	0.000000	1.7e-11
22.900000	0.000000	1.6e-11
22.910000	0.000000	1.6e-11
22.920000	0.000000	1.6e-11
22.930000	0.000000	1.5e-11
22.940000	0.000000	1.4e-11
22.950000	0.000000	1.4e-11
22.960000	0.000000	1.4e-11
22.970000	0.000000	1.4e-11
22.980000	0.000000	1.4e-11
22.990000	0.000000	1.4e-11
23.000000	0.000000	1.3e-11
23.010000	0.000000	1.3e-11
23.020000	0.000000	1.3e-11
23.030000	0.000000	1.3e-11
23.040000	0.000000	1.3e-11
23.050000	0.000000	1.3e-11
23.060000	0.000000	1.2e-11
23.070000	0.000000	1.2e-11
23.080000	0.000000	1.2e-11
23.090000	0.000000	1.2e-11
23.100000	0.000000	1.2e-11
23.110000	0.000000	1.1e-11
23.120000	0.000000	1.1e-11
23.130000	0.000000	1.1e-11
23.140000	0.000000	1.1e-11
23.150000	0.000000	1.1e-11
23.160000	0.000000	1.1e-11
23.170000	0.000000	1.0e-11
23.180000	0.000000	1.0e-11
23.190000	0.000000	1.0e-11
23.200000	0.000000	1.0e-11
23.210000	0.000000	9.8e-12
23.220000	0.000000	9.7e-12
23.230000	0.000000	9.6e-12
23.240000	0.000000	9.4e-12
23.250000	0.000000	9.3e-12
23.260000	0.000000	9.2e-12
23.270000	0.000000	9.1e-12
23.280000	0.000000	9.0e-12
23.290000	0.000000	8.8e-12
23.300000	0.000000	8.7e-12
23.310000	0.000000	8.6e-12
23.320000	0.000000	8.5e-12
23.330000	0.000000	8.4e-12
23.340000	0.000000	8.3e-12
23.350000	0.000000	8.2e-12
23.360000	0.000000	8.0e-12
23.370000	0.000000	7.9e-12
23.380000	0.000000	7.8e-12
23.390000	0.000000	7.7e-12
23.400000	0.000000	7.6e-12
23.410000	0.000000	7.5e-12
23.420000	0.000000	7.4e-12
23.430000	0.000000	7.2e-12
23.440000	0.000000	7.1e-12
23.450000	0.000000	7.0e-12
23.460000	0.000000	6.9e-12
23.470000	0.000000	6.8e-12
23.480000	0.000000	6.7e-12
23.490000	0.000000	6.6e-12
23.500000	0.000000	6.5e-12
23.510000	0.000000	6.4e-12
23.520000	0.000000	6.3e-12
23.530000	0.000000	6.2e-12
23.540000	0.000000	6.2e-12
23.550000	0.000000	6.1e-12
23.560000	0.000000	6.0e-12
23.570000	0.000000	5.9e-12
23.580000	0.000000	5.8e-12
23.590000	0.000000	5.8e-12
23.600000	0.000000	5.7e-12
23.610000	0.000000	5.6e-12
23.620000	0.000000	5.5e-12
23.630000	0.000000	5.5e-12
23.640000	0.000000	5.4e-12
23.650000	0.000000	5.3e-12
23.660000	0.000000	5.2e-12
23.670000	0.000000	5.2e-12
23.680000	0.000000	5.1e-12
23.690000	0.000000	5.0e-12
23.700000	0.000000	4.9e-12
23.710000	0.000000	4.8e-12
23.720000	0.000000	4.8e-12
23.730000	0.000000	4.7e-12
23.740000	0.000000	4.6e-12
23.750000	0.000000	4.5e-12
23.760000	0.000000	4.5e-12
23.770000	0.000000	4.4e-12
23.780000	0.000000	4.3e-12
23.790000	0.000000	4.3e-12
23.800000	0.000000	4.2e-12
23.810000	0.000000	4.2e-12
23.820000	0.000000	4.1e-12
23.830000	0.000000	4.1e-12
23.840000	0.000000	4.0e-12
23.850000	0.000000	4.0e-12
23.860000	0.000000	3.9e-12
23.870000	0.000000	3.9e-12
23.880000	0.000000	3.8e-12
23.890000	0.000000	3.8e-12
23.900000	0.000000	3.7e-12
23.910000	0.000000	3.7e-12
23.920000	0.000000	3.6e-12
23.930000	0.000000	3.6e-12
23.940000	0.000000	3.5e-12
23.950000	0.000000	3.5e-12
23.960000	0.000000	3.4e-12
23.970000	0.000000	3.3e-12
23.980000	0.000000	3.3e-12
23.990000	0.000000	3.2e-12
24.000000	0.000000	3.2e-12
24.010000	0.000000	3.1e-12
24.020000	0.000000	3.1e-12
24.030000	0.000000	3.0e-12
24.040000	0.000000	3.0e-12
24.050000	0.000000	2.9e-12
24.060000	0.000000	2.9e-12
24.070000	0.000000	2.9e-12
24.080000	0.000000	2.8e-12
24.090000	0.000000	2.8e-12
24.100000	0.000000	2.8e-12
24.110000	0.000000	2.7e-12
24.120000	0.000000	2.7e-12
24.130000	0.000000	2.7e-12
24.140000	0.000000	2.6e-12
24.150000	0.000000	2.6e-12
24.160000	0.000000	2.6e-12
24.170000	0.000000	2.5e-12
24.180000	0.000000	2.5e-12
24.190000	0.000000	2.5e-12
24.200000	0.000000	2.4e-12
24.210000	0.000000	2.4e-12
24.220000	0.000000	2.3e-12
24.230000	0.000000	2.3e-12
24.240000	0.000000	2.3e-12
24.250000	0.000000	2.2e-12
24.260000	0.000000	2.2e-12
24.270000	0.000000	2.2e-12
24.280000	0.000000	2.1e-12
24.290000	0.000000	2.1e-12
24.300000	0.000000	2.1e-12
24.310000	0.000000	2.0e-12
24.320000	0.000000	2.0e-12
24.330000	0.000000	2.0e-12
24.340000	0.000000	1.9e-12
24.350000	0.000000	1.9e-12
24.360000	0.000000	1.9e-12
24.370000	0.000000	1.9e-12
24.380000	0.000000	1.8e-12
24.390000	0.000000	1.8e-12
24.400000	0.000000	1.8e-12
24.410000	0.000000	1.8e-12
24.420000	0.000000	1.8e-12
24.430000	0.000000	1.7e-12
24.440000	0.000000	1.7e-12
24.450000	0.000000	1.7e-12
24.460000	0.000000	1.7e-12
24.470000	0.000000	1.6e-12
24.480000	0.000000	1.6e-12
24.490000	0.000000	1.6e-12
24.500000	0.000000	1.6e-12
24.510000	0.000000	1.5e-12
24.520000	0.000000	1.5e-12
24.530000	0.000000	1.5e-12
24.540000	0.000000	1.5e-12
24.550000	0.000000	1.5e-12
24.560000	0.000000	1.4e-12
24.570000	0.000000	1.4e-12
24.580000	0.000000	1.4e-12
24.590000	0.000000	1.4e-12
24.600000	0.000000	1.3e-12
24.610000	0.000000	1.3e-12
24.620000	0.000000	1.3e-12
24.630000	0.000000	1.3e-12
24.640000	0.000000	1.3e-12
24.650000	0.000000	1.3e-12
24.660000	0.000000	1.2e-12
24.670000	0.000000	1.2e-12
24.680000	0.000000	1.2e-12
24.690000	0.000000	1.2e-12
24.700000	0.000000	1.2e-12
24.710000	0.000000	1.2e-12
24.720000	0.000000	1.1e-12
24.730000	0.000000	1.1e-12
24.740000	0.000000	1.1e-12
24.750000	0.000000	1.1e-12
24.760000	0.000000	1.1e-12
24.770000	0.000000	1.1e-12
24.780000	0.000000	1.1e-12
24.790000	0.000000	1.0e-12
24.800000	0.000000	1.0e-12
24.810000	0.000000	1.0e-12
24.820000	0.000000	9.9e-13
24.830000	0.000000	9.8e-13
24.840000	0.000000	9.6e-13
24.850000	0.000000	9.5e-13
24.860000	0.000000	9.3e-13
24.870000	0.000000	9.1e-13
24.880000	0.000000	9.0e-13
24.890000	0.000000	8.9e-13
24.900000	0.000000	8.7e-13
24.910000	0.000000	8.6e-13
24.920000	0.000000	8.5e-13
24.930000	0.000000	8.4e-13
24.940000	0.000000	8.3e-13
24.950000	0.000000	8.2e-13
24.960000	0.000000	8.1e-13
24.970000	0.000000	8.0e-13
24.980000	0.000000	7.9e-13
24.990000	0.000000	7.8e-13
25.000000	0.000000	7.7e-13
25.010000	0.000000	7.6e-13
25.020000	0.000000	7.5e-13
25.030000	0.000000	7.4e-13
25.040000	0.000000	7.3e-13
25.050000	0.000000	7.2e-13
25.060000	0.000000	7.1e-13
25.070000	0.000000	7.0e-13
25.080000	0.000000	6.9e-13
25.090000	0.000000	6.8e-13
25.100000	0.000000	6.6e-13
25.110000	0.000000	6.5e-13
25.120000	0.000000	6.4e-13
25.130000	0.000000	6.3e-13
25.140000	0.000000	6.2e-13
25.150000	0.000000	6.1e-13
25.160000	0.000000	6.0e-13
25.170000	0.000000	5.9e-13
25.180000	0.000000	5.9e-13
25.190000	0.000000	5.8e-13
25.200000	0.000000	5.7e-13
25.210000	0.000000	5.6e-13
25.220000	0.000000	5.6e-13
25.230000	0.000000	5.5e-13
25.240000	0.000000	5.4e-13
25.250000	0.000000	5.4e-13
25.260000	0.000000	5.3e-13
25.270000	0.000000	5.2e-13
25.280000	0.000000	5.1e-13
25.290000	0.000000	5.1e-13
25.300000	0.000000	5.0e-13
25.310000	0.000000	4.9e-13
25.320000	0.000000	4.9e-13
25.330000	0.000000	4.8e-13
25.340000	0.000000	4.7e-13
25.350000	0.000000	4.7e-13
25.360000	0.000000	4.6e-13
25.370000	0.000000	4.5e-13
25.380000	0.000000	4.5e-13
25.390000	0.000000	4.4e-13
25.400000	0.000000	4.3e-13
25.410000	0.000000	4.2e-13
25.420000	0.000000	4.2e-13
25.430000	0.000000	4.1e-13
25.440000	0.000000	4.0e-13
25.450000	0.000000	4.0e-13
25.460000	0.000000	3.9e-13
25.470000	0.000000	3.9e-13
25.480000	0.000000	3.8e-13
25.490000	0.000000	3.8e-13
25.500000	0.000000	3.7e-13
25.510000	0.000000	3.7e-13
25.520000	0.000000	3.6e-13
25.530000	0.000000	3.6e-13
25.540000	0.000000	3.5e-13
25.550000	0.000000	3.5e-13
25.560000	0.000000	3.5e-13
25.570000	0.000000	3.4e-13
25.580000	0.000000	3.4e-13
25.590000	0.000000	3.3e-13
25.600000	0.000000	3.3e-13
25.610000	0.000000	3.2e-13
25.620000	0.000000	3.2e-13
25.630000	0.000000	3.1e-13
25.640000	0.000000	3.1e-13
25.650000	0.000000	3.0e-13
25.660000	0.000000	3.0e-13
25.670000	0.000000	2.9e-13
25.680000	0.000000	2.9e-13
25.690000	0.000000	2.8e-13
25.700000	0.000000	2.8e-13
25.710000	0.000000	2.8e-13
25.720000	0.000000	2.7e-13
25.730000	0.000000	2.7e-13
25.740000	0.000000	2.6e-13
25.750000	0.000000	2.6e-13
25.760000	0.000000	2.6e-13
25.770000	0.000000	2.5e-13
25.780000	0.000000	2.5e-13
25.790000	0.000000	2.5e-13
25.800000	0.000000	2.4e-13
25.810000	0.000000	2.4e-13
25.820000	0.000000	2.4e-13
25.830000	0.000000	2.3e-13
25.840000	0.000000	2.3e-13
25.850000	0.000000	2.3e-13
25.860000	0.000000	2.3e-13
25.870000	0.000000	2.2e-13
25.880000	0.000000	2.2e-13
25.890000	0.000000	2.2e-13
25.900000	0.000000	2.1e-13
25.910000	0.000000	2.1e-13
25.920000	0.000000	2.1e-13
25.930000	0.000000	2.0e-13
25.940000	0.000000	2.0e-13
25.950000	0.000000	2.0e-13
25.960000	0.000000	1.9e-13
25.970000	0.000000	1.9e-13
25.980000	0.000000	1.9e-13
25.990000	0.000000	1.8e-13
26.000000	0.000000	1.8e-13
26.010000	0.000000	1.8e-13
26.020000	0.000000	1.8e-13
26.030000	0.000000	1.7e-13
26.040000	0.000000	1.7e-13
26.050000	0.000000	1.7e-13
26.060000	0.000000	1.7e-13
26.070000	0.000000	1.7e-13
26.080000	0.000000	1.6e-13
26.090000	0.000000	1.6e-13
26.100000	0.000000	1.6e-13
26.110000	0.000000	1.6e-13
26.120000	0.000000	1.6e-13
26.130000	0.000000	1.5e-13
26.140000	0.000000	1.5e-13
26.150000	0.000000	1.5e-13
26.160000	0.000000	1.5e-13
26.170000	0.000000	1.4e-13
26.180000	0.000000	1.4e-13
26.190000	0.000000	1.4e-13
26.200000	0.000000	1.4e-13
26.210000	0.000000	1.4e-13
26.220000	0.000000	1.3e-13
26.230000	0.000000	1.3e-13
26.240000	0.000000	1.3e-13
26.250000	0.000000	1.3e-13
26.260000	0.000000	1.3e-13
26.270000	0.000000	1.2e-13
26.280000	0.000000	1.2e-13
26.290000	0.000000	1.2e-13
26.300000	0.000000	1.2e-13
26.310000	0.000000	1.2e-13
26.320000	0.000000	1.2e-13
26.330000	0.000000	1.1e-13
26.340000	0.000000	1.1e-13
26.350000	0.000000	1.1e-13
26.360000	0.000000	1.1e-13
26.370000	0.000000	1.1e-13
26.380000	0.000000	1.1e-13
26.390000	0.000000	1.1e-13
26.400000	0.000000	1.0e-13
26.410000	0.000000	1.0e-13
26.420000	0.000000	1.0e-13
26.430000	0.000000	1.0e-13
26.440000	0.000000	9.9e-14
26.450000	0.000000	9.7e-14
26.460000	0.000000	9.6e-14
26.470000	0.000000	9.4e-14
26.480000	0.000000	9.3e-14
26.490000	0.000000	9.1e-14
26.500000	0.000000	9.0e-14
26.510000	0.000000	8.9e-14
26.520000	0.000000	8.7e-14
26.530000	0.000000	8.6e-14
26.540000	0.000000	8.5e-14
26.550000	0.000000	8.3e-14
26.560000	0.000000	8.2e-14
26.570000	0.000000	8.0e-14
26.580000	0.000000	7.9e-14
26.590000	0.000000	7.8e-14
26.600000	0.000000	7.7e-14
26.610000	0.000000	7.6e-14
26.620000	0.000000	7.5e-14
26.630000	0.000000	7.4e-14
26.640000	0.000000	7.4e-14
26.650000	0.000000	7.3e-14
26.660000	0.000000	7.2e-14
26.670000	0.000000	7.1e-14
26.680000	0.000000	7.0e-14
26.690000	0.000000	6.9e-14
26.700000	0.000000	6.8e-14
26.710000	0.000000	6.7e-14
26.720000	0.000000	6.6e-14
26.730000	0.000000	6.5e-14
26.740000	0.000000	6.4e-14
26.750000	0.000000	6.3e-14
26.760000	0.000000	6.2e-14
26.770000	0.000000	6.1e-14
26.780000	0.000000	6.0e-14
26.790000	0.000000	6.0e-14
26.800000	0.000000	5.9e-14
26.810000	0.000000	5.8e-14
26.820000	0.000000	5.7e-14
26.830000	0.000000	5.6e-14
26.840000	0.000000	5.5e-14
26.850000	0.000000	5.4e-14
26.860000	0.000000	5.3e-14
26.870000	0.000000	5.2e-14
26.880000	0.000000	5.2e-14
26.890000	0.000000	5.1e-14
26.900000	0.000000	5.1e-14
26.910000	0.000000	5.0e-14
26.920000	0.000000	4.9e-14
26.930000	0.000000	4.9e-14
26.940000	0.000000	4.8e-14
26.950000	0.000000	4.7e-14
26.960000	0.000000	4.7e-14
26.970000	0.000000	4.6e-14
26.980000	0.000000	4.6e-14
26.990000	0.000000	4.5e-14
27.000000	0.000000	4.4e-14
27.010000	0.000000	4.4e-14
27.020000	0.000000	4.3e-14
27.030000	0.000000	4.2e-14
27.040000	0.000000	4.2e-14
27.050000	0.000000	4.1e-14
27.060000	0.000000	4.1e-14
27.070000	0.000000	4.0e-14
27.080000	0.000000	3.9e-14
27.090000	0.000000	3.9e-14
27.100000	0.000000	3.8e-14
27.110000	0.000000	3.7e-14
27.120000	0.000000	3.7e-14
27.130000	0.000000	3.6e-14
27.140000	0.000000	3.6e-14
27.150000	0.000000	3.5e-14
27.160000	0.000000	3.5e-14
27.170000	0.000000	3.4e-14
27.180000	0.000000	3.4e-14
27.190000	0.000000	3.4e-14
27.200000	0.000000	3.3e-14
27.210000	0.000000	3.3e-14
27.220000	0.000000	3.2e-14
27.230000	0.000000	3.2e-14
27.240000	0.000000	3.1e-14
27.250000	0.000000	3.1e-14
27.260000	0.000000	3.1e-14
27.270000	0.000000	3.0e-14
27.280000	0.000000	3.0e-14
27.290000	0.000000	2.9e-14
27.300000	0.000000	2.9e-14
27.310000	0.000000	2.8e-14
27.320000	0.000000	2.8e-14
27.330000	0.000000	2.8e-14
27.340000	0.000000	2.7e-14
27.350000	0.000000	2.7e-14
27.360000	0.000000	2.6e-14
27.370000	0.000000	2.6e-14
27.380000	0.000000	2.6e-14
27.390000	0.000000	2.5e-14
27.400000	0.000000	2.5e-14
27.410000	0.000000	2.4e-14
27.420000	0.000000	2.4e-14
27.430000	0.000000	2.4e-14
27.440000	0.000000	2.3e-14
27.450000	0.000000	2.3e-14
27.460000	0.000000	2.3e-14
27.470000	0.000000	2.2e-14
27.480000	0.000000	2.2e-14
27.490000	0.000000	2.2e-14
27.500000	0.000000	2.2e-14
27.510000	0.000000	2.1e-14
27.520000	0.000000	2.1e-14
27.530000	0.000000	2.1e-14
27.540000	0.000000	2.1e-14
27.550000	0.000000	2.0e-14
27.560000	0.000000	2.0e-14
27.570000	0.000000	2.0e-14
27.580000	0.000000	1.9e-14
27.590000	0.000000	1.9e-14
27.600000	0.000000	1.9e-14
27.610000	0.000000	1.9e-14
27.620000	0.000000	1.8e-14
27.630000	0.000000	1.8e-14
27.640000	0.000000	1.8e-14
27.650000	0.000000	1.7e-14
27.660000	0.000000	1.7e-14
27.670000	0.000000	1.7e-14
27.680000	0.000000	1.7e-14
27.690000	0.000000	1.6e-14
27.700000	0.000000	1.6e-14
27.710000	0.000000	1.6e-14
27.720000	0.000000	1.6e-14
27.730000	0.000000	1.5e-14
27.740000	0.000000	1.5e-14
27.750000	0.000000	1.5e-14
27.760000	0.000000	1.5e-14
27.770000	0.000000	1.5e-14
27.780000	0.000000	1.5e-14
27.790000	0.000000	1.4e-14
27.800000	0.000000	1.4e-14
27.810000	0.000000	1.4e-14
27.820000	0.000000	1.4e-14
27.830000	0.000000	1.4e-14
27.840000	0.000000	1.3e-14
27.850000	0.000000	1.3e-14
27.860000	0.000000	1.3e-14
27.870000	0.000000	1.3e-14
27.880000	0.000000	1.3e-14
27.890000	0.000000	1.2e-14
27.900000	0.000000	1.2e-14
27.910000	0.000000	1.2e-14
27.920000	0.000000	1.2e-14
27.930000	0.000000	1.2e-14
27.940000	0.000000	1.2e-14
27.950000	0.000000	1.1e-14
27.960000	0.000000	1.1e-14
27.970000	0.000000	1.1e-14
27.980000	0.000000	1.1e-14
27.990000	0.000000	1.1e-14
28.000000	0.000000	1.0e-14
28.010000	0.000000	1.0e-14
28.020000	0.000000	1.0e-14
28.030000	0.000000	1.0e-14
28.040000	0.000000	1.0e-14
28.050000	0.000000	9.9e-15
28.060000	0.000000	9.7e-15
28.070000	0.000000	9.6e-15
28.080000	0.000000	9.5e-15
28.090000	0.000000	9.4e-15
28.100000	0.000000	9.2e-15
28.110000	0.000000	9.1e-15
28.120000	0.000000	9.0e-15
28.130000	0.000000	8.9e-15
28.140000	0.000000	8.7e-15
28.150000	0.000000	8.6e-15
28.160000	0.000000	8.5e-15
28.170000	0.000000	8.4e-15
28.180000	0.000000	8.2e-15
28.190000	0.000000	8.1e-15
28.200000	0.000000	8.0e-15
28.210000	0.000000	7.8e-15
28.220000	0.000000	7.7e-15
28.230000	0.000000	7.6e-15
28.240000	0.000000	7.5e-15
28.250000	0.000000	7.4e-15
28.260000	0.000000	7.2e-15
28.270000	0.000000	7.1e-15
28.280000	0.000000	7.0e-15
28.290000	0.000000	7.0e-15
28.300000	0.000000	6.9e-15
28.310000	0.000000	6.8e-15
28.320000	0.000000	6.7e-15
28.330000	0.000000	6.6e-15
28.340000	0.000000	6.5e-15
28.350000	0.000000	6.5e-15
28.360000	0.000000	6.4e-15
28.370000	0.000000	6.3e-15
28.380000	0.000000	6.2e-15
28.390000	0.000000	6.1e-15
28.400000	0.000000	6.0e-15
28.410000	0.000000	5.9e-15
28.420000	0.000000	5.9e-15
28.430000	0.000000	5.8e-15
28.440000	0.000000	5.7e-15
28.450000	0.000000	5.6e-15
28.460000	0.000000	5.5e-15
28.470000	0.000000	5.4e-15
28.480000	0.000000	5.4e-15
28.490000	0.000000	5.3e-15
28.500000	0.000000	5.2e-15
28.510000	0.000000	5.1e-15
28.520000	0.000000	5.0e-15
28.530000	0.000000	4.9e-15
28.540000	0.000000	4.9e-15
28.550000	0.000000	4.8e-15
28.560000	0.000000	4.7e-15
28.570000	0.000000	4.7e-15
28.580000	0.000000	4.6e-15
28.590000	0.000000	4.6e-15
28.600000	0.000000	4.5e-15
28.610000	0.000000	4.4e-15
28.620000	0.000000	4.4e-15
28.630000	0.000000	4.3e-15
28.640000	0.000000	4.3e-15
28.650000	0.000000	4.2e-15
28.660000	0.000000	4.2e-15
28.670000	0.000000	4.1e-15
28.680000	0.000000	4.0e-15
28.690000	0.000000	4.0e-15
28.700000	0.000000	3.9e-15
28.710000	0.000000	3.9e-15
28.720000	0.000000	3.8e-15
28.730000	0.000000	3.8e-15
28.740000	0.000000	3.7e-15
28.750000	0.000000	3.7e-15
28.760000	0.000000	3.6e-15
28.770000	0.000000	3.5e-15
28.780000	0.000000	3.5e-15
28.790000	0.000000	3.4e-15
28.800000	0.000000	3.4e-15
28.810000	0.000000	3.3e-15
28.820000	0.000000	3.3e-15
28.830000	0.000000	3.2e-15
28.840000	0.000000	3.2e-15
28.850000	0.000000	3.1e-15
28.860000	0.000000	3.1e-15
28.870000	0.000000	3.1e-15
28.880000	0.000000	3.0e-15
28.890000	0.000000	3.0e-15
28.900000	0.000000	2.9e-15
28.910000	0.000000	2.9e-15
28.920000	0.000000	2.9e-15
28.930000	0.000000	2.8e-15
28.940000	0.000000	2.8e-15
28.950000	0.000000	2.8e-15
28.960000	0.000000	2.7e-15
28.970000	0.000000	2.7e-15
28.980000	0.000000	2.6e-15
28.990000	0.000000	2.6e-15
29.000000	0.000000	2.6e-15
29.010000	0.000000	2.5e-15
29.020000	0.000000	2.5e-15
29.030000	0.000000	2.5e-15
29.040000	0.000000	2.4e-15
29.050000	0.000000	2.4e-15
29.060000	0.000000	2.3e-15
29.070000	0.000000	2.3e-15
29.080000	0.000000	2.3e-15
29.090000	0.000000	2.2e-15
29.100000	0.000000	2.2e-15
29.110000	0.000000	2.2e-15
29.120000	0.000000	2.1e-15
29.130000	0.000000	2.1e-15
29.140000	0.000000	2.1e-15
29.150000	0.000000	2.1e-15
29.160000	0.000000	2.0e-15
29.170000	0.000000	2.0e-15
29.180000	0.000000	2.0e-15
29.190000	0.000000	2.0e-15
29.200000	0.000000	1.9e-15
29.210000	0.000000	1.9e-15
29.220000	0.000000	1.9e-15
29.230000	0.000000	1.9e-15
29.240000	0.000000	1.8e-15
29.250000	0.000000	1.8e-15
29.260000	0.000000	1.8e-15
29.270000	0.000000	1.8e-15
29.280000	0.000000	1.7e-15
29.290000	0.000000	1.7e-15
29.300000	0.000000	1.7e-15
29.310000	0.000000	1.6e-15
29.320000	0.000000	1.6e-15
29.330000	0.000000	1.6e-15
29.340000	0.000000	1.6e-15
29.350000	0.000000	1.5e-15
29.360000	0.000000	1.5e-15
29.370000	0.000000	1.5e-15
29.380000	0.000000	1.5e-15
29.390000	0.000000	1.5e-15
29.400000	0.000000	1.4e-15
29.410000	0.000000	1.4e-15
29.420000	0.000000	1.4e-15
29.430000	0.000000	1.4e-15
29.440000	0.000000	1.4e-15
29.450000	0.000000	1.3e-15
29.460000	0.000000	1.3e-15
29.470000	0.000000	1.3e-15
29.480000	0.000000	1.3e-15
29.490000	0.000000	1.3e-15
29.500000	0.000000	1.3e-15
29.510000	0.000000	1.2e-15
29.520000	0.000000	1.2e-15
29.530000	0.000000	1.2e-15
29.540000	0.000000	1.2e-15
29.550000	0.000000	1.2e-15
29.560000	0.000000	1.2e-15
29.570000	0.000000	1.1e-15
29.580000	0.000000	1.1e-15
29.590000	0.000000	1.1e-15
29.600000	0.000000	1.1e-15
29.610000	0.000000	1.1e-15
29.620000	0.000000	1.1e-15
29.630000	0.000000	1.0e-15
29.640000	0.000000	1.0e-15
29.650000	0.000000	1.0e-15
29.660000	0.000000	9.9e-16
29.670000	0.000000	9.7e-16
29.680000	0.000000	9.6e-16
29.690000	0.000000	9.5e-16
29.700000	0.000000	9.4e-16
29.710000	0.000000	9.3e-16
29.720000	0.000000	9.1e-16
29.730000	0.000000	9.0e-16
29.740000	0.000000	8.9e-16
29.750000	0.000000	8.8e-16
29.760000	0.000000	8.7e-16
29.770000	0.000000	8.6e-16
29.780000	0.000000	8.5e-16
29.790000	0.000000	8.4e-16
29.800000	0.000000	8.2e-16
29.810000	0.000000	8.1e-16
29.820000	0.000000	8.0e-16
29.830000	0.000000	7.9e-16
29.840000	0.000000	7.8e-16
29.850000	0.000000	7.7e-16
29.860000	0.000000	7.5e-16
29.870000	0.000000	7.4e-16
29.880000	0.000000	7.3e-16
29.890000	0.000000	7.2e-16
29.900000	0.000000	7.1e-16
29.910000	0.000000	7.0e-16
29.920000	0.000000	6.9e-16
29.930000	0.000000	6.8e-16
29.940000	0.000000	6.6e-16
29.950000	0.000000	6.5e-16
29.960000	0.000000	6.5e-16
29.970000	0.000000	6.4e-16
29.980000	0.000000	6.3e-16
29.990000	0.000000	6.2e-16
30.000000	0.000000	6.1e-16
30.010000	0.000000	6.1e-16
30.020000	0.000000	6.0e-16
30.030000	0.000000	5.9e-16
30.040000	0.000000	5.8e-16
30.050000	0.000000	5.8e-16
30.060000	0.000000	5.7e-16
30.070000	0.000000	5.6e-16
30.080000	0.000000	5.5e-16
30.090000	0.000000	5.5e-16
