0.100000	0.000000	1068383.698294
0.110000	0.000000	1401003.634567
0.120000	0.000000	622709.194895
0.130000	0.000000	922972.772788
0.140000	0.000000	373758.866854
0.150000	0.000000	145186.391870
0.160000	0.000000	124195.902161
0.170000	0.000000	111247.973792
0.180000	0.000000	129817.799973
0.190000	0.000000	129173.743593
0.200000	0.000000	107563.825177
0.210000	0.000000	112591.560970
0.220000	0.000000	98491.863803
0.230000	0.000000	114552.801389
0.240000	0.000000	129136.011478
0.250000	0.000000	94810.311355
0.260000	0.000000	137170.293890
0.270000	0.000000	64241.996897
0.280000	0.000000	101977.410965
0.290000	0.000000	66805.873475
0.300000	0.000000	70551.779660
0.310000	0.000000	53295.440437
0.320000	0.000000	49056.781713
0.330000	0.000000	55978.780494
0.340000	0.000000	49975.803595
0.350000	0.000000	41715.066416
0.360000	0.000000	59218.632623
0.370000	0.000000	66687.008053
0.380000	0.000000	37105.473541
0.390000	0.000000	40566.385359
0.400000	0.000000	32945.218804
0.410000	0.000000	30445.918120
0.420000	0.000000	32752.137219
0.430000	0.000000	32206.801349
0.440000	0.000000	26005.260274
0.450000	0.000000	27414.177768
0.460000	0.000000	23657.616194
0.470000	0.000000	23609.137044
0.480000	0.000000	21705.088436
0.490000	0.000000	37386.828063
0.500000	0.000000	29945.129127
0.510000	0.000000	18531.683913
0.520000	0.000000	19761.074450
0.530000	0.000000	20012.317879
0.540000	0.000000	17229.164589
0.550000	0.000000	18141.478761
0.560000	0.000000	24052.443404
0.570000	0.000000	26629.602582
0.580000	0.000000	17688.836228
0.590000	0.000000	17520.953517
0.600000	0.000000	13977.973786
0.610000	0.000000	14834.842599
0.620000	0.000000	18079.934107
0.630000	0.000000	15258.485560
0.640000	0.000000	13697.408592
0.650000	0.000000	169981.708947
0.660000	0.000000	98806.758532
0.670000	0.000000	19624.221632
0.680000	0.000000	14822.442154
0.690000	0.000000	47112.741180
0.700000	0.000000	60225.765817
0.710000	0.000000	169209.620716
0.720000	0.000000	361561.966856
0.730000	0.000000	56036.878686
0.740000	0.000000	187278.495560
0.750000	0.000000	28870.774189
0.760000	0.000000	118834.930496
0.770000	0.000000	266882.477796
0.780000	0.000000	100592.142362
0.790000	0.000000	92116.420020
0.800000	0.000000	147803.894756
0.810000	0.000000	110883.591077
0.820000	0.000000	303557.881057
0.830000	0.000000	184581.369094
0.840000	0.000000	103782.082937
0.850000	0.000000	146868.944457
0.860000	0.000000	218195.919938
0.870000	0.000000	211538.833694
0.880000	0.000000	76399.183335
0.890000	0.000000	92261.310894
0.900000	0.000000	118911.597457
0.910000	0.000000	169224.638362
0.920000	0.000000	99916.829529
0.930000	0.000000	40046.202226
0.940000	0.000000	40662.696569
0.950000	0.000000	57378.207614
0.960000	0.000000	74309.017616
0.970000	0.000000	33152.719392
0.980000	0.000000	24257.000300
0.990000	0.000000	38607.282464
1.000000	0.000000	57006.768511
1.010000	0.000000	98441.732375
1.020000	0.000000	69690.282435
1.030000	0.000000	11081.556460
1.040000	0.000000	13007.932281
1.050000	0.000000	14058.412361
1.060000	0.000000	14601.114267
1.070000	0.000000	34153.364724
1.080000	0.000000	28758.282843
1.090000	0.000000	30244.768862
1.100000	0.000000	23406.021687
1.110000	0.000000	19263.694065
1.120000	0.000000	15687.190131
1.130000	0.000000	8339.206919
1.140000	0.000000	22007.370045
1.150000	0.000000	14916.324883
1.160000	0.000000	21222.492130
1.170000	0.000000	22596.407340
1.180000	0.000000	15617.072036
1.190000	0.000000	10247.942060
1.200000	0.000000	10505.696029
1.210000	0.000000	11668.726342
1.220000	0.000000	7935.619243
1.230000	0.000000	6129.716819
1.240000	0.000000	6319.550113
1.250000	0.000000	7572.148857
1.260000	0.000000	4707.933351
1.270000	0.000000	11777.995429
1.280000	0.000000	4015.698282
1.290000	0.000000	3554.193510
1.300000	0.000000	4721.449955
1.310000	0.000000	4836.672996
1.320000	0.000000	3853.285515
1.330000	0.000000	4048.958944
1.340000	0.000000	4552.747602
1.350000	0.000000	3753.642310
1.360000	0.000000	3225.134985
1.370000	0.000000	3131.318931
1.380000	0.000000	2388.544599
1.390000	0.000000	2419.403329
1.400000	0.000000	2664.510107
1.410000	0.000000	2195.871230
1.420000	0.000000	2267.235797
1.430000	0.000000	2240.063113
1.440000	0.000000	2408.532570
1.450000	0.000000	1854.305910
1.460000	0.000000	1894.307478
1.470000	0.000000	1713.429918
1.480000	0.000000	1735.339906
1.490000	0.000000	1670.881041
1.500000	0.000000	1582.649486
1.510000	0.000000	1540.266766
1.520000	0.000000	1533.668799
1.530000	0.000000	1510.836283
1.540000	0.000000	1451.897463
1.550000	0.000000	1392.418170
1.560000	0.000000	1360.132399
1.570000	0.000000	1350.464808
1.580000	0.000000	1318.170774
1.590000	0.000000	1279.967857
1.600000	0.000000	1291.232071
1.610000	0.000000	1259.489988
1.620000	0.000000	1204.456677
1.630000	0.000000	1171.069888
1.640000	0.000000	1146.360604
1.650000	0.000000	1143.305409
1.660000	0.000000	1110.987677
1.670000	0.000000	1081.219466
1.680000	0.000000	1059.898314
1.690000	0.000000	1037.980364
1.700000	0.000000	1016.614367
1.710000	0.000000	996.121173
1.720000	0.000000	974.715235
1.730000	0.000000	954.755900
1.740000	0.000000	935.152798
1.750000	0.000000	917.107768
1.760000	0.000000	894.505610
1.770000	0.000000	874.840536
1.780000	0.000000	855.249522
1.790000	0.000000	838.077297
1.800000	0.000000	822.213685
1.810000	0.000000	805.495500
1.820000	0.000000	790.150463
1.830000	0.000000	775.188105
1.840000	0.000000	760.255993
1.850000	0.000000	745.361413
1.860000	0.000000	730.530112
1.870000	0.000000	716.231443
1.880000	0.000000	702.574451
1.890000	0.000000	689.043880
1.900000	0.000000	675.595174
1.910000	0.000000	662.134682
1.920000	0.000000	648.707476
1.930000	0.000000	635.390233
1.940000	0.000000	621.944691
1.950000	0.000000	608.181888
1.960000	0.000000	595.028406
1.970000	0.000000	581.900277
1.980000	0.000000	569.515426
1.990000	0.000000	558.708553
2.000000	0.000000	548.517134
2.010000	0.000000	538.446151
2.020000	0.000000	528.423564
2.030000	0.000000	518.489426
2.040000	0.000000	508.627367
2.050000	0.000000	498.927753
2.060000	0.000000	489.688771
2.070000	0.000000	480.816773
2.080000	0.000000	471.702848
2.090000	0.000000	462.748326
2.100000	0.000000	453.912278
2.110000	0.000000	445.352899
2.120000	0.000000	493.535023
2.130000	0.000000	457.050167
2.140000	0.000000	446.293966
2.150000	0.000000	479.977618
2.160000	0.000000	424.291151
2.170000	0.000000	392.261664
2.180000	0.000000	384.344377
2.190000	0.000000	376.956419
2.200000	0.000000	370.044592
2.210000	0.000000	363.292262
2.220000	0.000000	356.573861
2.230000	0.000000	349.901909
2.240000	0.000000	343.390083
2.250000	0.000000	337.238146
2.260000	0.000000	331.301894
2.270000	0.000000	326.147170
2.280000	0.000000	319.534248
2.290000	0.000000	314.073667
2.300000	0.000000	314.070082
2.310000	0.000000	302.471870
2.320000	0.000000	295.253281
2.330000	0.000000	289.445432
2.340000	0.000000	283.661035
2.350000	0.000000	277.936304
2.360000	0.000000	272.471120
2.370000	0.000000	267.215311
2.380000	0.000000	261.984801
2.390000	0.000000	256.785487
2.400000	0.000000	251.766592
2.410000	0.000000	247.108393
2.420000	0.000000	242.609492
2.430000	0.000000	238.152337
2.440000	0.000000	233.899504
2.450000	0.000000	229.595582
2.460000	0.000000	227.979684
2.470000	0.000000	222.019906
2.480000	0.000000	217.549247
2.490000	0.000000	213.530291
2.500000	0.000000	209.579298
2.510000	0.000000	211.360861
2.520000	0.000000	205.752336
2.530000	0.000000	197.828782
2.540000	0.000000	193.991461
2.550000	0.000000	190.284955
2.560000	0.000000	186.773304
2.570000	0.000000	183.565364
2.580000	0.000000	180.724299
2.590000	0.000000	176.554941
2.600000	0.000000	172.901931
2.610000	0.000000	169.381797
2.620000	0.000000	166.032948
2.630000	0.000000	163.480527
2.640000	0.000000	162.746628
2.650000	0.000000	157.975712
2.660000	0.000000	154.646095
2.670000	0.000000	151.923709
2.680000	0.000000	149.205468
2.690000	0.000000	146.664324
2.700000	0.000000	144.612649
2.710000	0.000000	141.973337
2.720000	0.000000	138.857669
2.730000	0.000000	136.883338
2.740000	0.000000	139.559621
2.750000	0.000000	150.685619
2.760000	0.000000	138.577659
2.770000	0.000000	142.007922
2.780000	0.000000	167.733543
2.790000	0.000000	122.980505
2.800000	0.000000	119.297211
2.810000	0.000000	116.961563
2.820000	0.000000	114.678720
2.830000	0.000000	112.488524
2.840000	0.000000	110.454812
2.850000	0.000000	108.508118
2.860000	0.000000	106.628354
2.870000	0.000000	104.876764
2.880000	0.000000	103.073128
2.890000	0.000000	101.149542
2.900000	0.000000	99.338926
2.910000	0.000000	97.546541
2.920000	0.000000	95.830700
2.930000	0.000000	94.126387
2.940000	0.000000	92.396028
2.950000	0.000000	90.761097
2.960000	0.000000	89.323323
2.970000	0.000000	87.440976
2.980000	0.000000	85.889413
2.990000	0.000000	84.337158
3.000000	0.000000	82.833286
3.010000	0.000000	81.250617
3.020000	0.000000	79.669683
3.030000	0.000000	78.951221
3.040000	0.000000	77.929338
3.050000	0.000000	75.837413
3.060000	0.000000	73.934827
3.070000	0.000000	73.369020
3.080000	0.000000	74.527483
3.090000	0.000000	100.696854
3.100000	0.000000	251.898886
3.110000	0.000000	107.382941
3.120000	0.000000	168.571384
3.130000	0.000000	330.893111
3.140000	0.000000	95.410255
3.150000	0.000000	62.831606
3.160000	0.000000	61.679304
3.170000	0.000000	60.669988
3.180000	0.000000	59.715654
3.190000	0.000000	58.645115
3.200000	0.000000	58.547680
3.210000	0.000000	57.711094
3.220000	0.000000	55.641315
3.230000	0.000000	54.488439
3.240000	0.000000	53.452002
3.250000	0.000000	52.477514
3.260000	0.000000	51.884704
3.270000	0.000000	52.899710
3.280000	0.000000	49.974038
3.290000	0.000000	48.876832
3.300000	0.000000	47.994469
3.310000	0.000000	47.515851
3.320000	0.000000	46.961739
3.330000	0.000000	45.598896
3.340000	0.000000	44.585661
3.350000	0.000000	44.239695
3.360000	0.000000	43.441818
3.370000	0.000000	42.371087
3.380000	0.000000	41.578178
3.390000	0.000000	40.888361
3.400000	0.000000	40.203050
3.410000	0.000000	39.548312
3.420000	0.000000	38.884282
3.430000	0.000000	38.558839
3.440000	0.000000	38.246223
3.450000	0.000000	36.945050
3.460000	0.000000	36.260387
3.470000	0.000000	40.042286
3.480000	0.000000	36.058620
3.490000	0.000000	35.898456
3.500000	0.000000	37.811239
3.510000	0.000000	34.831078
3.520000	0.000000	32.487054
3.530000	0.000000	31.799426
3.540000	0.000000	31.248135
3.550000	0.000000	30.772531
3.560000	0.000000	30.269403
3.570000	0.000000	29.772578
3.580000	0.000000	29.648624
3.590000	0.000000	29.326080
3.600000	0.000000	30.121379
3.610000	0.000000	41.545937
3.620000	0.000000	30.569803
3.630000	0.000000	26.888582
3.640000	0.000000	26.454474
3.650000	0.000000	25.836622
3.660000	0.000000	25.363074
3.670000	0.000000	25.495228
3.680000	0.000000	33.324992
3.690000	0.000000	29.369482
3.700000	0.000000	23.629048
3.710000	0.000000	23.184885
3.720000	0.000000	22.762239
3.730000	0.000000	22.379699
3.740000	0.000000	22.033576
3.750000	0.000000	21.659761
3.760000	0.000000	21.232675
3.770000	0.000000	21.273615
3.780000	0.000000	25.259998
3.790000	0.000000	22.824857
3.800000	0.000000	20.630405
3.810000	0.000000	20.094161
3.820000	0.000000	19.259061
3.830000	0.000000	19.050934
3.840000	0.000000	21.023849
3.850000	0.000000	38.391776
3.860000	0.000000	48.756899
3.870000	0.000000	39.510099
3.880000	0.000000	30.322007
3.890000	0.000000	39.576301
3.900000	0.000000	41.428393
3.910000	0.000000	16.381086
3.920000	0.000000	16.099996
3.930000	0.000000	15.847684
3.940000	0.000000	15.510141
3.950000	0.000000	15.242898
3.960000	0.000000	16.513500
3.970000	0.000000	14.780891
3.980000	0.000000	14.445599
3.990000	0.000000	14.193978
4.000000	0.000000	14.509259
4.010000	0.000000	13.948351
4.020000	0.000000	13.516585
4.030000	0.000000	13.537927
4.040000	0.000000	13.452626
4.050000	0.000000	13.184950
4.060000	0.000000	12.907497
4.070000	0.000000	12.590732
4.080000	0.000000	12.308810
4.090000	0.000000	11.996856
4.100000	0.000000	11.803750
4.110000	0.000000	11.621849
4.120000	0.000000	11.645189
4.130000	0.000000	11.249036
4.140000	0.000000	11.068509
4.150000	0.000000	10.862838
4.160000	0.000000	10.665989
4.170000	0.000000	10.473006
4.180000	0.000000	10.284777
4.190000	0.000000	10.108491
4.200000	0.000000	9.938450
4.210000	0.000000	9.769659
4.220000	0.000000	9.602466
4.230000	0.000000	9.489645
4.240000	0.000000	9.393657
4.250000	0.000000	9.170111
4.260000	0.000000	8.998997
4.270000	0.000000	8.863456
4.280000	0.000000	8.706387
4.290000	0.000000	8.557560
4.300000	0.000000	8.408820
4.310000	0.000000	8.267386
4.320000	0.000000	8.122498
4.330000	0.000000	8.078545
4.340000	0.000000	7.893266
4.350000	0.000000	7.723393
4.360000	0.000000	7.592536
4.370000	0.000000	7.459387
4.380000	0.000000	7.325013
4.390000	0.000000	7.196076
4.400000	0.000000	7.066235
4.410000	0.000000	6.938147
4.420000	0.000000	6.821473
4.430000	0.000000	6.721085
4.440000	0.000000	6.589710
4.450000	0.000000	6.482292
4.460000	0.000000	6.428161
4.470000	0.000000	6.317736
4.480000	0.000000	6.445577
4.490000	0.000000	6.140067
4.500000	0.000000	8.472246
4.510000	0.000000	7.242949
4.520000	0.000000	6.012066
4.530000	0.000000	5.737380
4.540000	0.000000	5.625963
4.550000	0.000000	5.493816
4.560000	0.000000	5.403902
4.570000	0.000000	5.811734
4.580000	0.000000	6.296529
4.590000	0.000000	5.132910
4.600000	0.000000	5.043957
4.610000	0.000000	4.958991
4.620000	0.000000	4.880751
4.630000	0.000000	4.781469
4.640000	0.000000	4.694479
4.650000	0.000000	4.624592
4.660000	0.000000	4.533591
4.670000	0.000000	4.456663
4.680000	0.000000	4.428264
4.690000	0.000000	4.396544
4.700000	0.000000	4.428522
4.710000	0.000000	4.704839
4.720000	0.000000	4.829322
4.730000	0.000000	4.558587
4.740000	0.000000	4.234839
4.750000	0.000000	4.024210
4.760000	0.000000	3.961098
4.770000	0.000000	3.786412
4.780000	0.000000	3.724702
4.790000	0.000000	3.664774
4.800000	0.000000	3.601815
4.810000	0.000000	3.573287
4.820000	0.000000	4.276272
4.830000	0.000000	3.689348
4.840000	0.000000	3.392871
4.850000	0.000000	3.369066
4.860000	0.000000	3.279806
4.870000	0.000000	3.184508
4.880000	0.000000	3.126752
4.890000	0.000000	3.072776
4.900000	0.000000	3.023018
4.910000	0.000000	2.976311
4.920000	0.000000	2.965615
4.930000	0.000000	3.001674
4.940000	0.000000	2.837416
4.950000	0.000000	2.791424
4.960000	0.000000	2.746911
4.970000	0.000000	2.700670
4.980000	0.000000	2.717239
4.990000	0.000000	2.622551
5.000000	0.000000	2.570942
5.010000	0.000000	2.529451
5.020000	0.000000	2.513813
5.030000	0.000000	2.462498
5.040000	0.000000	2.420525
5.050000	0.000000	2.384889
5.060000	0.000000	2.335778
5.070000	0.000000	2.293833
5.080000	0.000000	2.254249
5.090000	0.000000	2.207589
5.100000	0.000000	2.169188
5.110000	0.000000	2.129085
5.120000	0.000000	2.091620
5.130000	0.000000	2.060476
5.140000	0.000000	2.028881
5.150000	0.000000	1.999404
5.160000	0.000000	1.968299
5.170000	0.000000	1.935578
5.180000	0.000000	1.904307
5.190000	0.000000	1.873728
5.200000	0.000000	1.843739
5.210000	0.000000	1.813745
5.220000	0.000000	1.784220
5.230000	0.000000	1.755478
5.240000	0.000000	1.727257
5.250000	0.000000	1.699727
5.260000	0.000000	1.672361
5.270000	0.000000	1.645167
5.280000	0.000000	1.617982
5.290000	0.000000	1.590975
5.300000	0.000000	1.562935
5.310000	0.000000	1.535174
5.320000	0.000000	1.508135
5.330000	0.000000	1.481405
5.340000	0.000000	1.455144
5.350000	0.000000	1.429172
5.360000	0.000000	1.405118
5.370000	0.000000	1.382617
5.380000	0.000000	1.361005
5.390000	0.000000	1.339965
5.400000	0.000000	1.319201
5.410000	0.000000	1.298617
5.420000	0.000000	1.278416
5.430000	0.000000	1.258670
5.440000	0.000000	1.239081
5.450000	0.000000	1.220616
5.460000	0.000000	1.206258
5.470000	0.000000	1.183501
5.480000	0.000000	1.161098
5.490000	0.000000	1.164589
5.500000	0.000000	1.138716
5.510000	0.000000	1.110032
5.520000	0.000000	1.088966
5.530000	0.000000	1.080882
5.540000	0.000000	1.061482
5.550000	0.000000	1.035053
5.560000	0.000000	1.016028
5.570000	0.000000	1.006660
5.580000	0.000000	0.992459
5.590000	0.000000	0.961819
5.600000	0.000000	0.948151
5.610000	0.000000	0.941539
5.620000	0.000000	0.924404
5.630000	0.000000	0.924611
5.640000	0.000000	0.898769
5.650000	0.000000	0.878337
5.660000	0.000000	0.862461
5.670000	0.000000	0.852460
5.680000	0.000000	0.834379
5.690000	0.000000	0.818521
5.700000	0.000000	0.805459
5.710000	0.000000	0.792957
5.720000	0.000000	0.780538
5.730000	0.000000	0.768216
5.740000	0.000000	0.755916
5.750000	0.000000	0.745006
5.760000	0.000000	0.735336
5.770000	0.000000	0.721379
5.780000	0.000000	0.708308
5.790000	0.000000	0.695551
5.800000	0.000000	0.683836
5.810000	0.000000	0.670272
5.820000	0.000000	0.658405
5.830000	0.000000	0.647147
5.840000	0.000000	0.636315
5.850000	0.000000	0.626163
5.860000	0.000000	0.617051
5.870000	0.000000	0.607455
5.880000	0.000000	0.599170
5.890000	0.000000	0.589642
5.900000	0.000000	0.579427
5.910000	0.000000	0.570901
5.920000	0.000000	0.561631
5.930000	0.000000	0.552294
5.940000	0.000000	0.544265
5.950000	0.000000	0.537305
5.960000	0.000000	0.527745
5.970000	0.000000	0.518226
5.980000	0.000000	0.511632
5.990000	0.000000	0.503659
6.000000	0.000000	0.493934
6.010000	0.000000	0.485329
6.020000	0.000000	0.478319
6.030000	0.000000	0.470614
6.040000	0.000000	0.461385
6.050000	0.000000	0.452816
6.060000	0.000000	0.445872
6.070000	0.000000	0.438474
6.080000	0.000000	0.430119
6.090000	0.000000	0.422910
6.100000	0.000000	0.416581
6.110000	0.000000	0.410794
6.120000	0.000000	0.404376
6.130000	0.000000	0.397841
6.140000	0.000000	0.390962
6.150000	0.000000	0.384517
6.160000	0.000000	0.378105
6.170000	0.000000	0.372309
6.180000	0.000000	0.366521
6.190000	0.000000	0.360950
6.200000	0.000000	0.355446
6.210000	0.000000	0.349872
6.220000	0.000000	0.344359
6.230000	0.000000	0.338835
6.240000	0.000000	0.333301
6.250000	0.000000	0.327907
6.260000	0.000000	0.322544
6.270000	0.000000	0.317174
6.280000	0.000000	0.311809
6.290000	0.000000	0.306340
6.300000	0.000000	0.301107
6.310000	0.000000	0.295856
6.320000	0.000000	0.291245
6.330000	0.000000	0.286785
6.340000	0.000000	0.281683
6.350000	0.000000	0.277172
6.360000	0.000000	0.272872
6.370000	0.000000	0.268650
6.380000	0.000000	0.264454
6.390000	0.000000	0.260674
6.400000	0.000000	0.259440
6.410000	0.000000	0.330097
6.420000	0.000000	0.499318
6.430000	0.000000	0.530438
6.440000	0.000000	0.285581
6.450000	0.000000	0.369903
6.460000	0.000000	0.537623
6.470000	0.000000	0.461806
6.480000	0.000000	0.272032
6.490000	0.000000	0.868512
6.500000	0.000000	0.847365
6.510000	0.000000	0.385546
6.520000	0.000000	0.258776
6.530000	0.000000	0.386427
6.540000	0.000000	0.389167
6.550000	0.000000	0.277528
6.560000	0.000000	0.214662
6.570000	0.000000	0.268576
6.580000	0.000000	0.305532
6.590000	0.000000	0.228513
6.600000	0.000000	0.209946
6.610000	0.000000	0.223327
6.620000	0.000000	0.210698
6.630000	0.000000	0.183805
6.640000	0.000000	0.184997
6.650000	0.000000	0.192661
6.660000	0.000000	0.177842
6.670000	0.000000	0.174919
6.680000	0.000000	0.166660
6.690000	0.000000	0.163262
6.700000	0.000000	0.164232
6.710000	0.000000	0.159222
6.720000	0.000000	0.153418
6.730000	0.000000	0.150409
6.740000	0.000000	0.147955
6.750000	0.000000	0.145511
6.760000	0.000000	0.143102
6.770000	0.000000	0.140735
6.780000	0.000000	0.138459
6.790000	0.000000	0.136184
6.800000	0.000000	0.133915
6.810000	0.000000	0.131622
6.820000	0.000000	0.129356
6.830000	0.000000	0.127291
6.840000	0.000000	0.125344
6.850000	0.000000	0.123381
6.860000	0.000000	0.121425
6.870000	0.000000	0.119508
6.880000	0.000000	0.117617
6.890000	0.000000	0.115770
6.900000	0.000000	0.114173
6.910000	0.000000	0.112470
6.920000	0.000000	0.110519
6.930000	0.000000	0.108865
6.940000	0.000000	0.107144
6.950000	0.000000	0.105531
6.960000	0.000000	0.103803
6.970000	0.000000	0.102143
6.980000	0.000000	0.100418
6.990000	0.000000	0.098734
7.000000	0.000000	0.097112
7.010000	0.000000	0.095558
7.020000	0.000000	0.094067
7.030000	0.000000	0.092524
7.040000	0.000000	0.090991
7.050000	0.000000	0.089558
7.060000	0.000000	0.088087
7.070000	0.000000	0.086605
7.080000	0.000000	0.085207
7.090000	0.000000	0.083857
7.100000	0.000000	0.082562
7.110000	0.000000	0.081284
7.120000	0.000000	0.079963
7.130000	0.000000	0.078702
7.140000	0.000000	0.077491
7.150000	0.000000	0.076212
7.160000	0.000000	0.075058
7.170000	0.000000	0.074086
7.180000	0.000000	0.073043
7.190000	0.000000	0.076353
7.200000	0.000000	0.072397
7.210000	0.000000	0.069401
7.220000	0.000000	0.068292
7.230000	0.000000	0.067184
7.240000	0.000000	0.066089
7.250000	0.000000	0.065158
7.260000	0.000000	0.065168
7.270000	0.000000	0.065262
7.280000	0.000000	0.062137
7.290000	0.000000	0.061028
7.300000	0.000000	0.059958
7.310000	0.000000	0.058971
7.320000	0.000000	0.057941
7.330000	0.000000	0.057065
7.340000	0.000000	0.056768
7.350000	0.000000	0.056568
7.360000	0.000000	0.054968
7.370000	0.000000	0.053673
7.380000	0.000000	0.052739
7.390000	0.000000	0.051901
7.400000	0.000000	0.051091
7.410000	0.000000	0.050447
7.420000	0.000000	0.050173
7.430000	0.000000	0.049748
7.440000	0.000000	0.048502
7.450000	0.000000	0.047486
7.460000	0.000000	0.046696
7.470000	0.000000	0.045788
7.480000	0.000000	0.045074
7.490000	0.000000	0.045419
7.500000	0.000000	0.044123
7.510000	0.000000	0.044739
7.520000	0.000000	0.043370
7.530000	0.000000	0.042256
7.540000	0.000000	0.041714
7.550000	0.000000	0.040806
7.560000	0.000000	0.039723
7.570000	0.000000	0.038985
7.580000	0.000000	0.038453
7.590000	0.000000	0.037820
7.600000	0.000000	0.037143
7.610000	0.000000	0.036574
7.620000	0.000000	0.036191
7.630000	0.000000	0.035792
7.640000	0.000000	0.034871
7.650000	0.000000	0.034265
7.660000	0.000000	0.033723
7.670000	0.000000	0.033212
7.680000	0.000000	0.032711
7.690000	0.000000	0.032198
7.700000	0.000000	0.031689
7.710000	0.000000	0.031186
7.720000	0.000000	0.030891
7.730000	0.000000	0.030377
7.740000	0.000000	0.029756
7.750000	0.000000	0.029308
7.760000	0.000000	0.028899
7.770000	0.000000	0.028617
7.780000	0.000000	0.028586
7.790000	0.000000	0.028587
7.800000	0.000000	0.027709
7.810000	0.000000	0.026667
7.820000	0.000000	0.026323
7.830000	0.000000	0.025911
7.840000	0.000000	0.025325
7.850000	0.000000	0.024968
7.860000	0.000000	0.024537
7.870000	0.000000	0.024146
7.880000	0.000000	0.023762
7.890000	0.000000	0.023382
7.900000	0.000000	0.023012
7.910000	0.000000	0.022657
7.920000	0.000000	0.022315
7.930000	0.000000	0.021974
7.940000	0.000000	0.021634
7.950000	0.000000	0.021295
7.960000	0.000000	0.020962
7.970000	0.000000	0.020660
7.980000	0.000000	0.020300
7.990000	0.000000	0.019968
8.000000	0.000000	0.019655
8.010000	0.000000	0.019345
8.020000	0.000000	0.019039
8.030000	0.000000	0.018734
8.040000	0.000000	0.018433
8.050000	0.000000	0.018135
8.060000	0.000000	0.017842
8.070000	0.000000	0.017561
8.080000	0.000000	0.017288
8.090000	0.000000	0.017023
8.100000	0.000000	0.016759
8.110000	0.000000	0.016487
8.120000	0.000000	0.016235
8.130000	0.000000	0.015985
8.140000	0.000000	0.015735
8.150000	0.000000	0.015484
8.160000	0.000000	0.015307
8.170000	0.000000	0.015000
8.180000	0.000000	0.014778
8.190000	0.000000	0.014542
8.200000	0.000000	0.014312
8.210000	0.000000	0.014095
8.220000	0.000000	0.013873
8.230000	0.000000	0.013653
8.240000	0.000000	0.013441
8.250000	0.000000	0.013231
8.260000	0.000000	0.013022
8.270000	0.000000	0.012815
8.280000	0.000000	0.012611
8.290000	0.000000	0.012411
8.300000	0.000000	0.012211
8.310000	0.000000	0.012013
8.320000	0.000000	0.011822
8.330000	0.000000	0.011631
8.340000	0.000000	0.011477
8.350000	0.000000	0.011274
8.360000	0.000000	0.011100
8.370000	0.000000	0.010925
8.380000	0.000000	0.010756
8.390000	0.000000	0.010593
8.400000	0.000000	0.010428
8.410000	0.000000	0.010262
8.420000	0.000000	0.010120
8.430000	0.000000	0.009975
8.440000	0.000000	0.009790
8.450000	0.000000	0.009638
8.460000	0.000000	0.009488
8.470000	0.000000	0.009345
8.480000	0.000000	0.009203
8.490000	0.000000	0.009055
8.500000	0.000000	0.008911
8.510000	0.000000	0.008777
8.520000	0.000000	0.008637
8.530000	0.000000	0.008491
8.540000	0.000000	0.008354
8.550000	0.000000	0.008221
8.560000	0.000000	0.008090
8.570000	0.000000	0.007964
8.580000	0.000000	0.007842
8.590000	0.000000	0.007721
8.600000	0.000000	0.007603
8.610000	0.000000	0.007486
8.620000	0.000000	0.007367
8.630000	0.000000	0.007252
8.640000	0.000000	0.007140
8.650000	0.000000	0.007029
8.660000	0.000000	0.006913
8.670000	0.000000	0.006805
8.680000	0.000000	0.006700
8.690000	0.000000	0.006595
8.700000	0.000000	0.006491
8.710000	0.000000	0.006395
8.720000	0.000000	0.006298
8.730000	0.000000	0.006202
8.740000	0.000000	0.006106
8.750000	0.000000	0.006011
8.760000	0.000000	0.005916
8.770000	0.000000	0.005821
8.780000	0.000000	0.005727
8.790000	0.000000	0.005635
8.800000	0.000000	0.005546
8.810000	0.000000	0.005457
8.820000	0.000000	0.005373
8.830000	0.000000	0.005286
8.840000	0.000000	0.005204
8.850000	0.000000	0.005125
8.860000	0.000000	0.005046
8.870000	0.000000	0.004967
8.880000	0.000000	0.004890
8.890000	0.000000	0.004814
8.900000	0.000000	0.004739
8.910000	0.000000	0.004665
8.920000	0.000000	0.004593
8.930000	0.000000	0.004522
8.940000	0.000000	0.004452
8.950000	0.000000	0.004382
8.960000	0.000000	0.004315
8.970000	0.000000	0.004250
8.980000	0.000000	0.004187
8.990000	0.000000	0.004122
9.000000	0.000000	0.004055
9.010000	0.000000	0.003991
9.020000	0.000000	0.003928
9.030000	0.000000	0.003864
9.040000	0.000000	0.003802
9.050000	0.000000	0.003741
9.060000	0.000000	0.003681
9.070000	0.000000	0.003624
9.080000	0.000000	0.003569
9.090000	0.000000	0.003515
9.100000	0.000000	0.003462
9.110000	0.000000	0.003409
9.120000	0.000000	0.003357
9.130000	0.000000	0.003304
9.140000	0.000000	0.003252
9.150000	0.000000	0.003201
9.160000	0.000000	0.003150
9.170000	0.000000	0.003099
9.180000	0.000000	0.003052
9.190000	0.000000	0.003005
9.200000	0.000000	0.002959
9.210000	0.000000	0.002914
9.220000	0.000000	0.002870
9.230000	0.000000	0.002826
9.240000	0.000000	0.002783
9.250000	0.000000	0.002741
9.260000	0.000000	0.002698
9.270000	0.000000	0.002656
9.280000	0.000000	0.002613
9.290000	0.000000	0.002571
9.300000	0.000000	0.002529
9.310000	0.000000	0.002488
9.320000	0.000000	0.002449
9.330000	0.000000	0.002410
9.340000	0.000000	0.002373
9.350000	0.000000	0.002338
9.360000	0.000000	0.002303
9.370000	0.000000	0.002267
9.380000	0.000000	0.002232
9.390000	0.000000	0.002197
9.400000	0.000000	0.002163
9.410000	0.000000	0.002129
9.420000	0.000000	0.002096
9.430000	0.000000	0.002064
9.440000	0.000000	0.002032
9.450000	0.000000	0.002001
9.460000	0.000000	0.001972
9.470000	0.000000	0.001942
9.480000	0.000000	0.001912
9.490000	0.000000	0.001883
9.500000	0.000000	0.001852
9.510000	0.000000	0.001823
9.520000	0.000000	0.001795
9.530000	0.000000	0.001766
9.540000	0.000000	0.001738
9.550000	0.000000	0.001710
9.560000	0.000000	0.001682
9.570000	0.000000	0.001655
9.580000	0.000000	0.001630
9.590000	0.000000	0.001605
9.600000	0.000000	0.001582
9.610000	0.000000	0.001558
9.620000	0.000000	0.001534
9.630000	0.000000	0.001511
9.640000	0.000000	0.001488
9.650000	0.000000	0.001464
9.660000	0.000000	0.001441
9.670000	0.000000	0.001417
9.680000	0.000000	0.001395
9.690000	0.000000	0.001374
9.700000	0.000000	0.001353
9.710000	0.000000	0.001333
9.720000	0.000000	0.001314
9.730000	0.000000	0.001294
9.740000	0.000000	0.001274
9.750000	0.000000	0.001254
9.760000	0.000000	0.001234
9.770000	0.000000	0.001215
9.780000	0.000000	0.001196
9.790000	0.000000	0.001177
9.800000	0.000000	0.001158
9.810000	0.000000	0.001140
9.820000	0.000000	0.001121
9.830000	0.000000	0.001103
9.840000	0.000000	0.001086
9.850000	0.000000	0.001070
9.860000	0.000000	0.001054
9.870000	0.000000	0.001038
9.880000	0.000000	0.001022
9.890000	0.000000	0.001007
9.900000	0.000000	0.000991
9.910000	0.000000	0.000975
9.920000	0.000000	0.000960
9.930000	0.000000	0.000945
9.940000	0.000000	0.000931
9.950000	0.000000	0.000917
9.960000	0.000000	0.000903
9.970000	0.000000	0.000890
9.980000	0.000000	0.000877
9.990000	0.000000	0.000863
10.000000	0.000000	0.000850
10.010000	0.000000	0.000836
10.020000	0.000000	0.000823
10.030000	0.000000	0.000810
10.040000	0.000000	0.000797
10.050000	0.000000	0.000784
10.060000	0.000000	0.000772
10.070000	0.000000	0.000760
10.080000	0.000000	0.000748
10.090000	0.000000	0.000736
10.100000	0.000000	0.000725
10.110000	0.000000	0.000714
10.120000	0.000000	0.000703
10.130000	0.000000	0.000693
10.140000	0.000000	0.000682
10.150000	0.000000	0.000672
10.160000	0.000000	0.000661
10.170000	0.000000	0.000650
10.180000	0.000000	0.000640
10.190000	0.000000	0.000630
10.200000	0.000000	0.000621
10.210000	0.000000	0.000612
10.220000	0.000000	0.000603
10.230000	0.000000	0.000594
10.240000	0.000000	0.000585
10.250000	0.000000	0.000576
10.260000	0.000000	0.000567
10.270000	0.000000	0.000558
10.280000	0.000000	0.000549
10.290000	0.000000	0.000541
10.300000	0.000000	0.000532
10.310000	0.000000	0.000524
10.320000	0.000000	0.000515
10.330000	0.000000	0.000507
10.340000	0.000000	0.000499
10.350000	0.000000	0.000492
10.360000	0.000000	0.000484
10.370000	0.000000	0.000477
10.380000	0.000000	0.000470
10.390000	0.000000	0.000462
10.400000	0.000000	0.000455
10.410000	0.000000	0.000448
10.420000	0.000000	0.000441
10.430000	0.000000	0.000434
10.440000	0.000000	0.000428
10.450000	0.000000	0.000421
10.460000	0.000000	0.000415
10.470000	0.000000	0.000409
10.480000	0.000000	0.000403
10.490000	0.000000	0.000397
10.500000	0.000000	0.000391
10.510000	0.000000	0.000385
10.520000	0.000000	0.000379
10.530000	0.000000	0.000373
10.540000	0.000000	0.000367
10.550000	0.000000	0.000361
10.560000	0.000000	0.000355
10.570000	0.000000	0.000350
10.580000	0.000000	0.000344
10.590000	0.000000	0.000339
10.600000	0.000000	0.000334
10.610000	0.000000	0.000329
10.620000	0.000000	0.000324
10.630000	0.000000	0.000319
10.640000	0.000000	0.000314
10.650000	0.000000	0.000309
10.660000	0.000000	0.000304
10.670000	0.000000	0.000300
10.680000	0.000000	0.000295
10.690000	0.000000	0.000290
10.700000	0.000000	0.000286
10.710000	0.000000	0.000282
10.720000	0.000000	0.000277
10.730000	0.000000	0.000273
10.740000	0.000000	0.000269
10.750000	0.000000	0.000265
10.760000	0.000000	0.000261
10.770000	0.000000	0.000257
10.780000	0.000000	0.000253
10.790000	0.000000	0.000249
10.800000	0.000000	0.000245
10.810000	0.000000	0.000241
10.820000	0.000000	0.000238
10.830000	0.000000	0.000234
10.840000	0.000000	0.000230
10.850000	0.000000	0.000226
10.860000	0.000000	0.000223
10.870000	0.000000	0.000220
10.880000	0.000000	0.000216
10.890000	0.000000	0.000213
10.900000	0.000000	0.000210
10.910000	0.000000	0.000207
10.920000	0.000000	0.000203
10.930000	0.000000	0.000200
10.940000	0.000000	0.000197
10.950000	0.000000	0.000194
10.960000	0.000000	0.000191
10.970000	0.000000	0.000189
10.980000	0.000000	0.000186
10.990000	0.000000	0.000183
11.000000	0.000000	0.000180
11.010000	0.000000	0.000178
11.020000	0.000000	0.000175
11.030000	0.000000	0.000172
11.040000	0.000000	0.000169
11.050000	0.000000	0.000167
11.060000	0.000000	0.000164
11.070000	0.000000	0.000161
11.080000	0.000000	0.000159
11.090000	0.000000	0.000156
11.100000	0.000000	0.000154
11.110000	0.000000	0.000152
11.120000	0.000000	0.000149
11.130000	0.000000	0.000147
11.140000	0.000000	0.000145
11.150000	0.000000	0.000143
11.160000	0.000000	0.000141
11.170000	0.000000	0.000138
11.180000	0.000000	0.000136
11.190000	0.000000	0.000134
11.200000	0.000000	0.000132
11.210000	0.000000	0.000130
11.220000	0.000000	0.000128
11.230000	0.000000	0.000126
11.240000	0.000000	0.000124
11.250000	0.000000	0.000123
11.260000	0.000000	0.000121
11.270000	0.000000	0.000119
11.280000	0.000000	0.000117
11.290000	0.000000	0.000115
11.300000	0.000000	0.000113
11.310000	0.000000	0.000112
11.320000	0.000000	0.000110
11.330000	0.000000	0.000108
11.340000	0.000000	0.000106
11.350000	0.000000	0.000105
11.360000	0.000000	0.000103
11.370000	0.000000	0.000102
11.380000	0.000000	0.000100
11.390000	0.000000	0.000099
11.400000	0.000000	0.000097
11.410000	0.000000	0.000096
11.420000	0.000000	0.000094
11.430000	0.000000	0.000093
11.440000	0.000000	0.000091
11.450000	0.000000	0.000090
11.460000	0.000000	0.000088
11.470000	0.000000	0.000087
11.480000	0.000000	0.000086
11.490000	0.000000	0.000085
11.500000	0.000000	0.000083
11.510000	0.000000	0.000082
11.520000	0.000000	0.000081
11.530000	0.000000	0.000080
11.540000	0.000000	0.000078
11.550000	0.000000	0.000077
11.560000	0.000000	0.000076
11.570000	0.000000	0.000075
11.580000	0.000000	0.000074
11.590000	0.000000	0.000072
11.600000	0.000000	0.000071
11.610000	0.000000	0.000070
11.620000	0.000000	0.000069
11.630000	0.000000	0.000068
11.640000	0.000000	0.000067
11.650000	0.000000	0.000066
11.660000	0.000000	0.000065
11.670000	0.000000	0.000064
11.680000	0.000000	0.000063
11.690000	0.000000	0.000062
11.700000	0.000000	0.000061
11.710000	0.000000	0.000060
11.720000	0.000000	0.000059
11.730000	0.000000	0.000058
11.740000	0.000000	0.000058
11.750000	0.000000	0.000057
11.760000	0.000000	0.000056
11.770000	0.000000	0.000055
11.780000	0.000000	0.000054
11.790000	0.000000	0.000053
11.800000	0.000000	0.000053
11.810000	0.000000	0.000052
11.820000	0.000000	0.000051
11.830000	0.000000	0.000050
11.840000	0.000000	0.000049
11.850000	0.000000	0.000049
11.860000	0.000000	0.000048
11.870000	0.000000	0.000047
11.880000	0.000000	0.000046
11.890000	0.000000	0.000046
11.900000	0.000000	0.000045
11.910000	0.000000	0.000044
11.920000	0.000000	0.000044
11.930000	0.000000	0.000043
11.940000	0.000000	0.000042
11.950000	0.000000	0.000042
11.960000	0.000000	0.000041
11.970000	0.000000	0.000040
11.980000	0.000000	0.000040
11.990000	0.000000	0.000039
12.000000	0.000000	0.000039
12.010000	0.000000	0.000038
12.020000	0.000000	0.000037
12.030000	0.000000	0.000037
12.040000	0.000000	0.000036
12.050000	0.000000	0.000036
12.060000	0.000000	0.000035
12.070000	0.000000	0.000035
12.080000	0.000000	0.000034
12.090000	0.000000	0.000034
12.100000	0.000000	0.000033
12.110000	0.000000	0.000033
12.120000	0.000000	0.000032
12.130000	0.000000	0.000032
12.140000	0.000000	0.000031
12.150000	0.000000	0.000031
12.160000	0.000000	0.000030
12.170000	0.000000	0.000030
12.180000	0.000000	0.000029
12.190000	0.000000	0.000029
12.200000	0.000000	0.000028
12.210000	0.000000	0.000028
12.220000	0.000000	0.000028
12.230000	0.000000	0.000027
12.240000	0.000000	0.000027
12.250000	0.000000	0.000026
12.260000	0.000000	0.000026
12.270000	0.000000	0.000026
12.280000	0.000000	0.000025
12.290000	0.000000	0.000025
12.300000	0.000000	0.000024
12.310000	0.000000	0.000024
12.320000	0.000000	0.000024
12.330000	0.000000	0.000023
12.340000	0.000000	0.000023
12.350000	0.000000	0.000023
12.360000	0.000000	0.000022
12.370000	0.000000	0.000022
12.380000	0.000000	0.000022
12.390000	0.000000	0.000021
12.400000	0.000000	0.000021
12.410000	0.000000	0.000021
12.420000	0.000000	0.000020
12.430000	0.000000	0.000020
12.440000	0.000000	0.000020
12.450000	0.000000	0.000019
12.460000	0.000000	0.000019
12.470000	0.000000	0.000019
12.480000	0.000000	0.000018
12.490000	0.000000	0.000018
12.500000	0.000000	0.000018
12.510000	0.000000	0.000018
12.520000	0.000000	0.000017
12.530000	0.000000	0.000017
12.540000	0.000000	0.000017
12.550000	0.000000	0.000017
12.560000	0.000000	0.000016
12.570000	0.000000	0.000016
12.580000	0.000000	0.000016
12.590000	0.000000	0.000016
12.600000	0.000000	0.000015
12.610000	0.000000	0.000015
12.620000	0.000000	0.000015
12.630000	0.000000	0.000015
12.640000	0.000000	0.000014
12.650000	0.000000	0.000014
12.660000	0.000000	0.000014
12.670000	0.000000	0.000014
12.680000	0.000000	0.000014
12.690000	0.000000	0.000013
12.700000	0.000000	0.000013
12.710000	0.000000	0.000013
12.720000	0.000000	0.000013
12.730000	0.000000	0.000013
12.740000	0.000000	0.000012
12.750000	0.000000	0.000012
12.760000	0.000000	0.000012
12.770000	0.000000	0.000012
12.780000	0.000000	0.000012
12.790000	0.000000	0.000012
12.800000	0.000000	0.000011
12.810000	0.000000	0.000011
12.820000	0.000000	0.000011
12.830000	0.000000	0.000011
12.840000	0.000000	0.000011
12.850000	0.000000	0.000011
12.860000	0.000000	0.000010
12.870000	0.000000	0.000010
12.880000	0.000000	0.000010
12.890000	0.000000	0.000010
12.900000	0.000000	0.000010
12.910000	0.000000	0.000010
12.920000	0.000000	0.000009
12.930000	0.000000	0.000009
12.940000	0.000000	0.000009
12.950000	0.000000	0.000009
12.960000	0.000000	0.000009
12.970000	0.000000	0.000009
12.980000	0.000000	0.000009
12.990000	0.000000	0.000008
13.000000	0.000000	0.000008
13.010000	0.000000	0.000008
13.020000	0.000000	0.000008
13.030000	0.000000	0.000008
13.040000	0.000000	0.000008
13.050000	0.000000	0.000008
13.060000	0.000000	0.000008
13.070000	0.000000	0.000008
13.080000	0.000000	0.000007
13.090000	0.000000	0.000007
13.100000	0.000000	0.000007
13.110000	0.000000	0.000007
13.120000	0.000000	0.000007
13.130000	0.000000	0.000007
13.140000	0.000000	0.000007
13.150000	0.000000	0.000007
13.160000	0.000000	0.000007
13.170000	0.000000	0.000006
13.180000	0.000000	0.000006
13.190000	0.000000	0.000006
13.200000	0.000000	0.000006
13.210000	0.000000	0.000006
13.220000	0.000000	0.000006
13.230000	0.000000	0.000006
13.240000	0.000000	0.000006
13.250000	0.000000	0.000006
13.260000	0.000000	0.000006
13.270000	0.000000	0.000006
13.280000	0.000000	0.000005
13.290000	0.000000	0.000005
13.300000	0.000000	0.000005
13.310000	0.000000	0.000005
13.320000	0.000000	0.000005
13.330000	0.000000	0.000005
13.340000	0.000000	0.000005
13.350000	0.000000	0.000005
13.360000	0.000000	0.000005
13.370000	0.000000	0.000005
13.380000	0.000000	0.000005
13.390000	0.000000	0.000005
13.400000	0.000000	0.000005
13.410000	0.000000	0.000004
13.420000	0.000000	0.000004
13.430000	0.000000	0.000004
13.440000	0.000000	0.000004
13.450000	0.000000	0.000004
13.460000	0.000000	0.000004
13.470000	0.000000	0.000004
13.480000	0.000000	0.000004
13.490000	0.000000	0.000004
13.500000	0.000000	0.000004
13.510000	0.000000	0.000004
13.520000	0.000000	0.000004
13.530000	0.000000	0.000004
13.540000	0.000000	0.000004
13.550000	0.000000	0.000004
13.560000	0.000000	0.000004
13.570000	0.000000	0.000004
13.580000	0.000000	0.000003
13.590000	0.000000	0.000003
13.600000	0.000000	0.000003
13.610000	0.000000	0.000003
13.620000	0.000000	0.000003
13.630000	0.000000	0.000003
13.640000	0.000000	0.000003
13.650000	0.000000	0.000003
13.660000	0.000000	0.000003
13.670000	0.000000	0.000003
13.680000	0.000000	0.000003
13.690000	0.000000	0.000003
13.700000	0.000000	0.000003
13.710000	0.000000	0.000003
13.720000	0.000000	0.000003
13.730000	0.000000	0.000003
13.740000	0.000000	0.000003
13.750000	0.000000	0.000003
13.760000	0.000000	0.000003
13.770000	0.000000	0.000003
13.780000	0.000000	0.000003
13.790000	0.000000	0.000003
13.800000	0.000000	0.000002
13.810000	0.000000	0.000002
13.820000	0.000000	0.000002
13.830000	0.000000	0.000002
13.840000	0.000000	0.000002
13.850000	0.000000	0.000002
13.860000	0.000000	0.000002
13.870000	0.000000	0.000002
13.880000	0.000000	0.000002
13.890000	0.000000	0.000002
13.900000	0.000000	0.000002
13.910000	0.000000	0.000002
13.920000	0.000000	0.000002
13.930000	0.000000	0.000002
13.940000	0.000000	0.000002
13.950000	0.000000	0.000002
13.960000	0.000000	0.000002
13.970000	0.000000	0.000002
13.980000	0.000000	0.000002
13.990000	0.000000	0.000002
14.000000	0.000000	0.000002
14.010000	0.000000	0.000002
14.020000	0.000000	0.000002
14.030000	0.000000	0.000002
14.040000	0.000000	0.000002
14.050000	0.000000	0.000002
14.060000	0.000000	0.000002
14.070000	0.000000	0.000002
14.080000	0.000000	0.000002
14.090000	0.000000	0.000002
14.100000	0.000000	0.000002
14.110000	0.000000	0.000002
14.120000	0.000000	0.000002
14.130000	0.000000	0.000002
14.140000	0.000000	0.000001
14.150000	0.000000	0.000001
14.160000	0.000000	0.000001
14.170000	0.000000	0.000001
14.180000	0.000000	0.000001
14.190000	0.000000	0.000001
14.200000	0.000000	0.000001
14.210000	0.000000	0.000001
14.220000	0.000000	0.000001
14.230000	0.000000	0.000001
14.240000	0.000000	0.000001
14.250000	0.000000	0.000001
14.260000	0.000000	0.000001
14.270000	0.000000	0.000001
14.280000	0.000000	0.000001
14.290000	0.000000	0.000001
14.300000	0.000000	0.000001
14.310000	0.000000	0.000001
14.320000	0.000000	0.000001
14.330000	0.000000	0.000001
14.340000	0.000000	0.000001
14.350000	0.000000	0.000001
14.360000	0.000000	0.000001
14.370000	0.000000	0.000001
14.380000	0.000000	0.000001
14.390000	0.000000	0.000001
14.400000	0.000000	1.0e-06
14.410000	0.000000	9.8e-07
14.420000	0.000000	9.7e-07
14.430000	0.000000	9.5e-07
14.440000	0.000000	9.4e-07
14.450000	0.000000	9.2e-07
14.460000	0.000000	9.1e-07
14.470000	0.000000	9.0e-07
14.480000	0.000000	8.8e-07
14.490000	0.000000	8.7e-07
14.500000	0.000000	8.6e-07
14.510000	0.000000	8.4e-07
14.520000	0.000000	8.3e-07
14.530000	0.000000	8.2e-07
14.540000	0.000000	8.1e-07
14.550000	0.000000	8.0e-07
14.560000	0.000000	7.8e-07
14.570000	0.000000	7.7e-07
14.580000	0.000000	7.6e-07
14.590000	0.000000	7.5e-07
14.600000	0.000000	7.4e-07
14.610000	0.000000	7.3e-07
14.620000	0.000000	7.2e-07
14.630000	0.000000	7.0e-07
14.640000	0.000000	6.9e-07
14.650000	0.000000	6.8e-07
14.660000	0.000000	6.7e-07
14.670000	0.000000	6.6e-07
14.680000	0.000000	6.5e-07
14.690000	0.000000	6.4e-07
14.700000	0.000000	6.3e-07
14.710000	0.000000	6.2e-07
14.720000	0.000000	6.1e-07
14.730000	0.000000	6.0e-07
14.740000	0.000000	5.9e-07
14.750000	0.000000	5.9e-07
14.760000	0.000000	5.8e-07
14.770000	0.000000	5.7e-07
14.780000	0.000000	5.6e-07
14.790000	0.000000	5.5e-07
14.800000	0.000000	5.5e-07
14.810000	0.000000	5.4e-07
14.820000	0.000000	5.3e-07
14.830000	0.000000	5.2e-07
14.840000	0.000000	5.1e-07
14.850000	0.000000	5.1e-07
14.860000	0.000000	5.0e-07
14.870000	0.000000	4.9e-07
14.880000	0.000000	4.8e-07
14.890000	0.000000	4.8e-07
14.900000	0.000000	4.7e-07
14.910000	0.000000	4.6e-07
14.920000	0.000000	4.5e-07
14.930000	0.000000	4.5e-07
14.940000	0.000000	4.4e-07
14.950000	0.000000	4.3e-07
14.960000	0.000000	4.3e-07
14.970000	0.000000	4.2e-07
14.980000	0.000000	4.1e-07
14.990000	0.000000	4.1e-07
15.000000	0.000000	4.0e-07
15.010000	0.000000	4.0e-07
15.020000	0.000000	3.9e-07
15.030000	0.000000	3.8e-07
15.040000	0.000000	3.8e-07
15.050000	0.000000	3.7e-07
15.060000	0.000000	3.7e-07
15.070000	0.000000	3.6e-07
15.080000	0.000000	3.6e-07
15.090000	0.000000	3.5e-07
15.100000	0.000000	3.5e-07
15.110000	0.000000	3.4e-07
15.120000	0.000000	3.4e-07
15.130000	0.000000	3.3e-07
15.140000	0.000000	3.3e-07
15.150000	0.000000	3.2e-07
15.160000	0.000000	3.2e-07
15.170000	0.000000	3.1e-07
15.180000	0.000000	3.1e-07
15.190000	0.000000	3.0e-07
15.200000	0.000000	3.0e-07
15.210000	0.000000	2.9e-07
15.220000	0.000000	2.9e-07
15.230000	0.000000	2.8e-07
15.240000	0.000000	2.8e-07
15.250000	0.000000	2.8e-07
15.260000	0.000000	2.7e-07
15.270000	0.000000	2.7e-07
15.280000	0.000000	2.6e-07
15.290000	0.000000	2.6e-07
15.300000	0.000000	2.6e-07
15.310000	0.000000	2.5e-07
15.320000	0.000000	2.5e-07
15.330000	0.000000	2.5e-07
15.340000	0.000000	2.4e-07
15.350000	0.000000	2.4e-07
15.360000	0.000000	2.3e-07
15.370000	0.000000	2.3e-07
15.380000	0.000000	2.3e-07
15.390000	0.000000	2.2e-07
15.400000	0.000000	2.2e-07
15.410000	0.000000	2.2e-07
15.420000	0.000000	2.1e-07
15.430000	0.000000	2.1e-07
15.440000	0.000000	2.1e-07
15.450000	0.000000	2.0e-07
15.460000	0.000000	2.0e-07
15.470000	0.000000	2.0e-07
15.480000	0.000000	1.9e-07
15.490000	0.000000	1.9e-07
15.500000	0.000000	1.9e-07
15.510000	0.000000	1.9e-07
15.520000	0.000000	1.8e-07
15.530000	0.000000	1.8e-07
15.540000	0.000000	1.8e-07
15.550000	0.000000	1.8e-07
15.560000	0.000000	1.7e-07
15.570000	0.000000	1.7e-07
15.580000	0.000000	1.7e-07
15.590000	0.000000	1.7e-07
15.600000	0.000000	1.6e-07
15.610000	0.000000	1.6e-07
15.620000	0.000000	1.6e-07
15.630000	0.000000	1.6e-07
15.640000	0.000000	1.5e-07
15.650000	0.000000	1.5e-07
15.660000	0.000000	1.5e-07
15.670000	0.000000	1.5e-07
15.680000	0.000000	1.4e-07
15.690000	0.000000	1.4e-07
15.700000	0.000000	1.4e-07
15.710000	0.000000	1.4e-07
15.720000	0.000000	1.4e-07
15.730000	0.000000	1.3e-07
15.740000	0.000000	1.3e-07
15.750000	0.000000	1.3e-07
15.760000	0.000000	1.3e-07
15.770000	0.000000	1.3e-07
15.780000	0.000000	1.2e-07
15.790000	0.000000	1.2e-07
15.800000	0.000000	1.2e-07
15.810000	0.000000	1.2e-07
15.820000	0.000000	1.2e-07
15.830000	0.000000	1.2e-07
15.840000	0.000000	1.1e-07
15.850000	0.000000	1.1e-07
15.860000	0.000000	1.1e-07
15.870000	0.000000	1.1e-07
15.880000	0.000000	1.1e-07
15.890000	0.000000	1.1e-07
15.900000	0.000000	1.0e-07
15.910000	0.000000	1.0e-07
15.920000	0.000000	1.0e-07
15.930000	0.000000	9.9e-08
15.940000	0.000000	9.8e-08
15.950000	0.000000	9.6e-08
15.960000	0.000000	9.5e-08
15.970000	0.000000	9.3e-08
15.980000	0.000000	9.2e-08
15.990000	0.000000	9.1e-08
16.000000	0.000000	8.9e-08
16.010000	0.000000	8.8e-08
16.020000	0.000000	8.6e-08
16.030000	0.000000	8.5e-08
16.040000	0.000000	8.4e-08
16.050000	0.000000	8.3e-08
16.060000	0.000000	8.1e-08
16.070000	0.000000	8.0e-08
16.080000	0.000000	7.9e-08
16.090000	0.000000	7.8e-08
16.100000	0.000000	7.7e-08
16.110000	0.000000	7.6e-08
16.120000	0.000000	7.5e-08
16.130000	0.000000	7.4e-08
16.140000	0.000000	7.3e-08
16.150000	0.000000	7.1e-08
16.160000	0.000000	7.0e-08
16.170000	0.000000	6.9e-08
16.180000	0.000000	6.8e-08
16.190000	0.000000	6.7e-08
16.200000	0.000000	6.6e-08
16.210000	0.000000	6.5e-08
16.220000	0.000000	6.4e-08
16.230000	0.000000	6.3e-08
16.240000	0.000000	6.2e-08
16.250000	0.000000	6.1e-08
16.260000	0.000000	6.0e-08
16.270000	0.000000	5.9e-08
16.280000	0.000000	5.9e-08
16.290000	0.000000	5.8e-08
16.300000	0.000000	5.7e-08
16.310000	0.000000	5.6e-08
16.320000	0.000000	5.5e-08
16.330000	0.000000	5.4e-08
16.340000	0.000000	5.4e-08
16.350000	0.000000	5.3e-08
16.360000	0.000000	5.2e-08
16.370000	0.000000	5.1e-08
16.380000	0.000000	5.1e-08
16.390000	0.000000	5.0e-08
16.400000	0.000000	4.9e-08
16.410000	0.000000	4.8e-08
16.420000	0.000000	4.8e-08
16.430000	0.000000	4.7e-08
16.440000	0.000000	4.6e-08
16.450000	0.000000	4.6e-08
16.460000	0.000000	4.5e-08
16.470000	0.000000	4.4e-08
16.480000	0.000000	4.3e-08
16.490000	0.000000	4.3e-08
16.500000	0.000000	4.2e-08
16.510000	0.000000	4.2e-08
16.520000	0.000000	4.1e-08
16.530000	0.000000	4.0e-08
16.540000	0.000000	4.0e-08
16.550000	0.000000	3.9e-08
16.560000	0.000000	3.8e-08
16.570000	0.000000	3.8e-08
16.580000	0.000000	3.7e-08
16.590000	0.000000	3.7e-08
16.600000	0.000000	3.6e-08
16.610000	0.000000	3.6e-08
16.620000	0.000000	3.5e-08
16.630000	0.000000	3.5e-08
16.640000	0.000000	3.4e-08
16.650000	0.000000	3.4e-08
16.660000	0.000000	3.3e-08
16.670000	0.000000	3.3e-08
16.680000	0.000000	3.2e-08
16.690000	0.000000	3.2e-08
16.700000	0.000000	3.1e-08
16.710000	0.000000	3.1e-08
16.720000	0.000000	3.0e-08
16.730000	0.000000	3.0e-08
16.740000	0.000000	2.9e-08
16.750000	0.000000	2.9e-08
16.760000	0.000000	2.9e-08
16.770000	0.000000	2.8e-08
16.780000	0.000000	2.8e-08
16.790000	0.000000	2.7e-08
16.800000	0.000000	2.7e-08
16.810000	0.000000	2.6e-08
16.820000	0.000000	2.6e-08
16.830000	0.000000	2.6e-08
16.840000	0.000000	2.5e-08
16.850000	0.000000	2.5e-08
16.860000	0.000000	2.5e-08
16.870000	0.000000	2.4e-08
16.880000	0.000000	2.4e-08
16.890000	0.000000	2.3e-08
16.900000	0.000000	2.3e-08
16.910000	0.000000	2.3e-08
16.920000	0.000000	2.2e-08
16.930000	0.000000	2.2e-08
16.940000	0.000000	2.2e-08
16.950000	0.000000	2.2e-08
16.960000	0.000000	2.1e-08
16.970000	0.000000	2.1e-08
16.980000	0.000000	2.1e-08
16.990000	0.000000	2.0e-08
17.000000	0.000000	2.0e-08
17.010000	0.000000	2.0e-08
17.020000	0.000000	1.9e-08
17.030000	0.000000	1.9e-08
17.040000	0.000000	1.9e-08
17.050000	0.000000	1.8e-08
17.060000	0.000000	1.8e-08
17.070000	0.000000	1.8e-08
17.080000	0.000000	1.8e-08
17.090000	0.000000	1.7e-08
17.100000	0.000000	1.7e-08
17.110000	0.000000	1.7e-08
17.120000	0.000000	1.7e-08
17.130000	0.000000	1.6e-08
17.140000	0.000000	1.6e-08
17.150000	0.000000	1.6e-08
17.160000	0.000000	1.6e-08
17.170000	0.000000	1.5e-08
17.180000	0.000000	1.5e-08
17.190000	0.000000	1.5e-08
17.200000	0.000000	1.5e-08
17.210000	0.000000	1.5e-08
17.220000	0.000000	1.4e-08
17.230000	0.000000	1.4e-08
17.240000	0.000000	1.4e-08
17.250000	0.000000	1.4e-08
17.260000	0.000000	1.4e-08
17.270000	0.000000	1.3e-08
17.280000	0.000000	1.3e-08
17.290000	0.000000	1.3e-08
17.300000	0.000000	1.3e-08
17.310000	0.000000	1.3e-08
17.320000	0.000000	1.2e-08
17.330000	0.000000	1.2e-08
17.340000	0.000000	1.2e-08
17.350000	0.000000	1.2e-08
17.360000	0.000000	1.2e-08
17.370000	0.000000	1.1e-08
17.380000	0.000000	1.1e-08
17.390000	0.000000	1.1e-08
17.400000	0.000000	1.1e-08
17.410000	0.000000	1.1e-08
17.420000	0.000000	1.1e-08
17.430000	0.000000	1.0e-08
17.440000	0.000000	1.0e-08
17.450000	0.000000	1.0e-08
17.460000	0.000000	1.0e-08
17.470000	0.000000	9.9e-09
17.480000	0.000000	9.7e-09
17.490000	0.000000	9.6e-09
17.500000	0.000000	9.4e-09
17.510000	0.000000	9.3e-09
17.520000	0.000000	9.2e-09
17.530000	0.000000	9.0e-09
17.540000	0.000000	8.9e-09
17.550000	0.000000	8.8e-09
17.560000	0.000000	8.6e-09
17.570000	0.000000	8.5e-09
17.580000	0.000000	8.4e-09
17.590000	0.000000	8.2e-09
17.600000	0.000000	8.1e-09
17.610000	0.000000	8.0e-09
17.620000	0.000000	7.9e-09
17.630000	0.000000	7.8e-09
17.640000	0.000000	7.7e-09
17.650000	0.000000	7.6e-09
17.660000	0.000000	7.4e-09
17.670000	0.000000	7.3e-09
17.680000	0.000000	7.2e-09
17.690000	0.000000	7.1e-09
17.700000	0.000000	7.0e-09
17.710000	0.000000	6.9e-09
17.720000	0.000000	6.8e-09
17.730000	0.000000	6.7e-09
17.740000	0.000000	6.6e-09
17.750000	0.000000	6.5e-09
17.760000	0.000000	6.4e-09
17.770000	0.000000	6.3e-09
17.780000	0.000000	6.2e-09
17.790000	0.000000	6.1e-09
17.800000	0.000000	6.0e-09
17.810000	0.000000	5.9e-09
17.820000	0.000000	5.9e-09
17.830000	0.000000	5.8e-09
17.840000	0.000000	5.7e-09
17.850000	0.000000	5.6e-09
17.860000	0.000000	5.5e-09
17.870000	0.000000	5.4e-09
17.880000	0.000000	5.4e-09
17.890000	0.000000	5.3e-09
17.900000	0.000000	5.2e-09
17.910000	0.000000	5.1e-09
17.920000	0.000000	5.0e-09
17.930000	0.000000	5.0e-09
17.940000	0.000000	4.9e-09
17.950000	0.000000	4.8e-09
17.960000	0.000000	4.8e-09
17.970000	0.000000	4.7e-09
17.980000	0.000000	4.6e-09
17.990000	0.000000	4.5e-09
18.000000	0.000000	4.5e-09
18.010000	0.000000	4.4e-09
18.020000	0.000000	4.3e-09
18.030000	0.000000	4.3e-09
18.040000	0.000000	4.2e-09
18.050000	0.000000	4.2e-09
18.060000	0.000000	4.1e-09
18.070000	0.000000	4.0e-09
18.080000	0.000000	4.0e-09
18.090000	0.000000	3.9e-09
18.100000	0.000000	3.9e-09
18.110000	0.000000	3.8e-09
18.120000	0.000000	3.7e-09
18.130000	0.000000	3.7e-09
18.140000	0.000000	3.6e-09
18.150000	0.000000	3.6e-09
18.160000	0.000000	3.5e-09
18.170000	0.000000	3.5e-09
18.180000	0.000000	3.4e-09
18.190000	0.000000	3.4e-09
18.200000	0.000000	3.3e-09
18.210000	0.000000	3.3e-09
18.220000	0.000000	3.2e-09
18.230000	0.000000	3.2e-09
18.240000	0.000000	3.1e-09
18.250000	0.000000	3.1e-09
18.260000	0.000000	3.0e-09
18.270000	0.000000	3.0e-09
18.280000	0.000000	2.9e-09
18.290000	0.000000	2.9e-09
18.300000	0.000000	2.9e-09
18.310000	0.000000	2.8e-09
18.320000	0.000000	2.8e-09
18.330000	0.000000	2.7e-09
18.340000	0.000000	2.7e-09
18.350000	0.000000	2.7e-09
18.360000	0.000000	2.6e-09
18.370000	0.000000	2.6e-09
18.380000	0.000000	2.5e-09
18.390000	0.000000	2.5e-09
18.400000	0.000000	2.5e-09
18.410000	0.000000	2.4e-09
18.420000	0.000000	2.4e-09
18.430000	0.000000	2.4e-09
18.440000	0.000000	2.3e-09
18.450000	0.000000	2.3e-09
18.460000	0.000000	2.3e-09
18.470000	0.000000	2.2e-09
18.480000	0.000000	2.2e-09
18.490000	0.000000	2.2e-09
18.500000	0.000000	2.1e-09
18.510000	0.000000	2.1e-09
18.520000	0.000000	2.1e-09
18.530000	0.000000	2.0e-09
18.540000	0.000000	2.0e-09
18.550000	0.000000	2.0e-09
18.560000	0.000000	1.9e-09
18.570000	0.000000	1.9e-09
18.580000	0.000000	1.9e-09
18.590000	0.000000	1.9e-09
18.600000	0.000000	1.8e-09
18.610000	0.000000	1.8e-09
18.620000	0.000000	1.8e-09
18.630000	0.000000	1.8e-09
18.640000	0.000000	1.7e-09
18.650000	0.000000	1.7e-09
18.660000	0.000000	1.7e-09
18.670000	0.000000	1.7e-09
18.680000	0.000000	1.6e-09
18.690000	0.000000	1.6e-09
18.700000	0.000000	1.6e-09
18.710000	0.000000	1.6e-09
18.720000	0.000000	1.5e-09
18.730000	0.000000	1.5e-09
18.740000	0.000000	1.5e-09
18.750000	0.000000	1.5e-09
18.760000	0.000000	1.4e-09
18.770000	0.000000	1.4e-09
18.780000	0.000000	1.4e-09
18.790000	0.000000	1.4e-09
18.800000	0.000000	1.4e-09
18.810000	0.000000	1.3e-09
18.820000	0.000000	1.3e-09
18.830000	0.000000	1.3e-09
18.840000	0.000000	1.3e-09
18.850000	0.000000	1.3e-09
18.860000	0.000000	1.2e-09
18.870000	0.000000	1.2e-09
18.880000	0.000000	1.2e-09
18.890000	0.000000	1.2e-09
18.900000	0.000000	1.2e-09
18.910000	0.000000	1.2e-09
18.920000	0.000000	1.1e-09
18.930000	0.000000	1.1e-09
18.940000	0.000000	1.1e-09
18.950000	0.000000	1.1e-09
18.960000	0.000000	1.1e-09
18.970000	0.000000	1.1e-09
18.980000	0.000000	1.0e-09
18.990000	0.000000	1.0e-09
19.000000	0.000000	1.0e-09
19.010000	0.000000	1.0e-09
19.020000	0.000000	9.8e-10
19.030000	0.000000	9.7e-10
19.040000	0.000000	9.5e-10
19.050000	0.000000	9.4e-10
19.060000	0.000000	9.2e-10
19.070000	0.000000	9.1e-10
19.080000	0.000000	9.0e-10
19.090000	0.000000	8.8e-10
19.100000	0.000000	8.7e-10
19.110000	0.000000	8.6e-10
19.120000	0.000000	8.4e-10
19.130000	0.000000	8.3e-10
19.140000	0.000000	8.2e-10
19.150000	0.000000	8.1e-10
19.160000	0.000000	8.0e-10
19.170000	0.000000	7.9e-10
19.180000	0.000000	7.7e-10
19.190000	0.000000	7.6e-10
19.200000	0.000000	7.5e-10
19.210000	0.000000	7.4e-10
19.220000	0.000000	7.3e-10
19.230000	0.000000	7.2e-10
19.240000	0.000000	7.1e-10
19.250000	0.000000	7.0e-10
19.260000	0.000000	6.9e-10
19.270000	0.000000	6.8e-10
19.280000	0.000000	6.7e-10
19.290000	0.000000	6.6e-10
19.300000	0.000000	6.5e-10
19.310000	0.000000	6.4e-10
19.320000	0.000000	6.3e-10
19.330000	0.000000	6.2e-10
19.340000	0.000000	6.1e-10
19.350000	0.000000	6.0e-10
19.360000	0.000000	5.9e-10
19.370000	0.000000	5.8e-10
19.380000	0.000000	5.7e-10
19.390000	0.000000	5.7e-10
19.400000	0.000000	5.6e-10
19.410000	0.000000	5.5e-10
19.420000	0.000000	5.4e-10
19.430000	0.000000	5.3e-10
19.440000	0.000000	5.3e-10
19.450000	0.000000	5.2e-10
19.460000	0.000000	5.1e-10
19.470000	0.000000	5.0e-10
19.480000	0.000000	5.0e-10
19.490000	0.000000	4.9e-10
19.500000	0.000000	4.8e-10
19.510000	0.000000	4.8e-10
19.520000	0.000000	4.7e-10
19.530000	0.000000	4.6e-10
19.540000	0.000000	4.5e-10
19.550000	0.000000	4.5e-10
19.560000	0.000000	4.4e-10
19.570000	0.000000	4.3e-10
19.580000	0.000000	4.3e-10
19.590000	0.000000	4.2e-10
19.600000	0.000000	4.1e-10
19.610000	0.000000	4.1e-10
19.620000	0.000000	4.0e-10
19.630000	0.000000	4.0e-10
19.640000	0.000000	3.9e-10
19.650000	0.000000	3.8e-10
19.660000	0.000000	3.8e-10
19.670000	0.000000	3.7e-10
19.680000	0.000000	3.7e-10
19.690000	0.000000	3.6e-10
19.700000	0.000000	3.6e-10
19.710000	0.000000	3.5e-10
19.720000	0.000000	3.5e-10
19.730000	0.000000	3.4e-10
19.740000	0.000000	3.4e-10
19.750000	0.000000	3.3e-10
19.760000	0.000000	3.3e-10
19.770000	0.000000	3.2e-10
19.780000	0.000000	3.2e-10
19.790000	0.000000	3.1e-10
19.800000	0.000000	3.1e-10
19.810000	0.000000	3.0e-10
19.820000	0.000000	3.0e-10
19.830000	0.000000	3.0e-10
19.840000	0.000000	2.9e-10
19.850000	0.000000	2.9e-10
19.860000	0.000000	2.8e-10
19.870000	0.000000	2.8e-10
19.880000	0.000000	2.7e-10
19.890000	0.000000	2.7e-10
19.900000	0.000000	2.7e-10
19.910000	0.000000	2.6e-10
19.920000	0.000000	2.6e-10
19.930000	0.000000	2.5e-10
19.940000	0.000000	2.5e-10
19.950000	0.000000	2.5e-10
19.960000	0.000000	2.4e-10
19.970000	0.000000	2.4e-10
19.980000	0.000000	2.4e-10
19.990000	0.000000	2.3e-10
20.000000	0.000000	2.3e-10
20.010000	0.000000	2.3e-10
20.020000	0.000000	2.2e-10
20.030000	0.000000	2.2e-10
20.040000	0.000000	2.2e-10
20.050000	0.000000	2.1e-10
20.060000	0.000000	2.1e-10
20.070000	0.000000	2.1e-10
20.080000	0.000000	2.0e-10
20.090000	0.000000	2.0e-10
20.100000	0.000000	2.0e-10
20.110000	0.000000	2.0e-10
20.120000	0.000000	1.9e-10
20.130000	0.000000	1.9e-10
20.140000	0.000000	1.9e-10
20.150000	0.000000	1.8e-10
20.160000	0.000000	1.8e-10
20.170000	0.000000	1.8e-10
20.180000	0.000000	1.8e-10
20.190000	0.000000	1.7e-10
20.200000	0.000000	1.7e-10
20.210000	0.000000	1.7e-10
20.220000	0.000000	1.7e-10
20.230000	0.000000	1.6e-10
20.240000	0.000000	1.6e-10
20.250000	0.000000	1.6e-10
20.260000	0.000000	1.6e-10
20.270000	0.000000	1.5e-10
20.280000	0.000000	1.5e-10
20.290000	0.000000	1.5e-10
20.300000	0.000000	1.5e-10
20.310000	0.000000	1.5e-10
20.320000	0.000000	1.4e-10
20.330000	0.000000	1.4e-10
20.340000	0.000000	1.4e-10
20.350000	0.000000	1.4e-10
20.360000	0.000000	1.4e-10
20.370000	0.000000	1.3e-10
20.380000	0.000000	1.3e-10
20.390000	0.000000	1.3e-10
20.400000	0.000000	1.3e-10
20.410000	0.000000	1.2e-10
20.420000	0.000000	1.2e-10
20.430000	0.000000	1.2e-10
20.440000	0.000000	1.2e-10
20.450000	0.000000	1.2e-10
20.460000	0.000000	1.2e-10
20.470000	0.000000	1.1e-10
20.480000	0.000000	1.1e-10
20.490000	0.000000	1.1e-10
20.500000	0.000000	1.1e-10
20.510000	0.000000	1.1e-10
20.520000	0.000000	1.1e-10
20.530000	0.000000	1.0e-10
20.540000	0.000000	1.0e-10
20.550000	0.000000	1.0e-10
20.560000	0.000000	1.0e-10
20.570000	0.000000	9.9e-11
20.580000	0.000000	9.8e-11
20.590000	0.000000	9.6e-11
20.600000	0.000000	9.5e-11
20.610000	0.000000	9.3e-11
20.620000	0.000000	9.2e-11
20.630000	0.000000	9.1e-11
20.640000	0.000000	8.9e-11
20.650000	0.000000	8.8e-11
20.660000	0.000000	8.7e-11
20.670000	0.000000	8.5e-11
20.680000	0.000000	8.4e-11
20.690000	0.000000	8.3e-11
20.700000	0.000000	8.1e-11
20.710000	0.000000	8.0e-11
20.720000	0.000000	7.9e-11
20.730000	0.000000	7.8e-11
20.740000	0.000000	7.7e-11
20.750000	0.000000	7.6e-11
20.760000	0.000000	7.4e-11
20.770000	0.000000	7.3e-11
20.780000	0.000000	7.2e-11
20.790000	0.000000	7.1e-11
20.800000	0.000000	7.0e-11
20.810000	0.000000	6.9e-11
20.820000	0.000000	6.8e-11
20.830000	0.000000	6.7e-11
20.840000	0.000000	6.6e-11
20.850000	0.000000	6.5e-11
20.860000	0.000000	6.5e-11
20.870000	0.000000	6.4e-11
20.880000	0.000000	6.3e-11
20.890000	0.000000	6.2e-11
20.900000	0.000000	6.1e-11
20.910000	0.000000	6.0e-11
20.920000	0.000000	5.9e-11
20.930000	0.000000	5.8e-11
20.940000	0.000000	5.7e-11
20.950000	0.000000	5.6e-11
20.960000	0.000000	5.5e-11
20.970000	0.000000	5.5e-11
20.980000	0.000000	5.4e-11
20.990000	0.000000	5.3e-11
21.000000	0.000000	5.2e-11
21.010000	0.000000	5.1e-11
21.020000	0.000000	5.1e-11
21.030000	0.000000	5.0e-11
21.040000	0.000000	4.9e-11
21.050000	0.000000	4.9e-11
21.060000	0.000000	4.8e-11
21.070000	0.000000	4.7e-11
21.080000	0.000000	4.7e-11
21.090000	0.000000	4.6e-11
21.100000	0.000000	4.5e-11
21.110000	0.000000	4.5e-11
21.120000	0.000000	4.4e-11
21.130000	0.000000	4.3e-11
21.140000	0.000000	4.3e-11
21.150000	0.000000	4.2e-11
21.160000	0.000000	4.1e-11
21.170000	0.000000	4.1e-11
21.180000	0.000000	4.0e-11
21.190000	0.000000	4.0e-11
21.200000	0.000000	3.9e-11
21.210000	0.000000	3.8e-11
21.220000	0.000000	3.8e-11
21.230000	0.000000	3.7e-11
21.240000	0.000000	3.7e-11
21.250000	0.000000	3.6e-11
21.260000	0.000000	3.6e-11
21.270000	0.000000	3.5e-11
21.280000	0.000000	3.5e-11
21.290000	0.000000	3.4e-11
21.300000	0.000000	3.4e-11
21.310000	0.000000	3.3e-11
21.320000	0.000000	3.3e-11
21.330000	0.000000	3.2e-11
21.340000	0.000000	3.2e-11
21.350000	0.000000	3.1e-11
21.360000	0.000000	3.1e-11
21.370000	0.000000	3.0e-11
21.380000	0.000000	3.0e-11
21.390000	0.000000	3.0e-11
21.400000	0.000000	2.9e-11
21.410000	0.000000	2.9e-11
21.420000	0.000000	2.8e-11
21.430000	0.000000	2.8e-11
21.440000	0.000000	2.7e-11
21.450000	0.000000	2.7e-11
21.460000	0.000000	2.7e-11
21.470000	0.000000	2.6e-11
21.480000	0.000000	2.6e-11
21.490000	0.000000	2.5e-11
21.500000	0.000000	2.5e-11
21.510000	0.000000	2.5e-11
21.520000	0.000000	2.4e-11
21.530000	0.000000	2.4e-11
21.540000	0.000000	2.4e-11
21.550000	0.000000	2.3e-11
21.560000	0.000000	2.3e-11
21.570000	0.000000	2.3e-11
21.580000	0.000000	2.2e-11
21.590000	0.000000	2.2e-11
21.600000	0.000000	2.2e-11
21.610000	0.000000	2.1e-11
21.620000	0.000000	2.1e-11
21.630000	0.000000	2.1e-11
21.640000	0.000000	2.0e-11
21.650000	0.000000	2.0e-11
21.660000	0.000000	1.9e-11
21.670000	0.000000	1.9e-11
21.680000	0.000000	1.9e-11
21.690000	0.000000	1.8e-11
21.700000	0.000000	1.8e-11
21.710000	0.000000	1.8e-11
21.720000	0.000000	1.8e-11
21.730000	0.000000	1.7e-11
21.740000	0.000000	1.7e-11
21.750000	0.000000	1.7e-11
21.760000	0.000000	1.7e-11
21.770000	0.000000	1.6e-11
21.780000	0.000000	1.6e-11
21.790000	0.000000	1.6e-11
21.800000	0.000000	1.6e-11
21.810000	0.000000	1.5e-11
21.820000	0.000000	1.5e-11
21.830000	0.000000	1.5e-11
21.840000	0.000000	1.5e-11
21.850000	0.000000	1.5e-11
21.860000	0.000000	1.4e-11
21.870000	0.000000	1.4e-11
21.880000	0.000000	1.4e-11
21.890000	0.000000	1.4e-11
21.900000	0.000000	1.4e-11
21.910000	0.000000	1.3e-11
21.920000	0.000000	1.3e-11
21.930000	0.000000	1.3e-11
21.940000	0.000000	1.3e-11
21.950000	0.000000	1.3e-11
21.960000	0.000000	1.2e-11
21.970000	0.000000	1.2e-11
21.980000	0.000000	1.2e-11
21.990000	0.000000	1.2e-11
22.000000	0.000000	1.2e-11
22.010000	0.000000	1.2e-11
22.020000	0.000000	1.1e-11
22.030000	0.000000	1.1e-11
22.040000	0.000000	1.1e-11
22.050000	0.000000	1.1e-11
22.060000	0.000000	1.1e-11
22.070000	0.000000	1.1e-11
22.080000	0.000000	1.0e-11
22.090000	0.000000	1.0e-11
22.100000	0.000000	1.0e-11
22.110000	0.000000	9.9e-12
22.120000	0.000000	9.8e-12
22.130000	0.000000	9.6e-12
22.140000	0.000000	9.5e-12
22.150000	0.000000	9.4e-12
22.160000	0.000000	9.2e-12
22.170000	0.000000	9.1e-12
22.180000	0.000000	9.0e-12
22.190000	0.000000	8.8e-12
22.200000	0.000000	8.7e-12
22.210000	0.000000	8.6e-12
22.220000	0.000000	8.5e-12
22.230000	0.000000	8.3e-12
22.240000	0.000000	8.2e-12
22.250000	0.000000	8.1e-12
22.260000	0.000000	8.0e-12
22.270000	0.000000	7.9e-12
22.280000	0.000000	7.8e-12
22.290000	0.000000	7.6e-12
22.300000	0.000000	7.5e-12
22.310000	0.000000	7.4e-12
22.320000	0.000000	7.3e-12
22.330000	0.000000	7.2e-12
22.340000	0.000000	7.1e-12
22.350000	0.000000	7.0e-12
22.360000	0.000000	6.9e-12
22.370000	0.000000	6.8e-12
22.380000	0.000000	6.7e-12
22.390000	0.000000	6.6e-12
22.400000	0.000000	6.5e-12
22.410000	0.000000	6.4e-12
22.420000	0.000000	6.3e-12
22.430000	0.000000	6.2e-12
22.440000	0.000000	6.1e-12
22.450000	0.000000	6.0e-12
22.460000	0.000000	5.9e-12
22.470000	0.000000	5.9e-12
22.480000	0.000000	5.8e-12
22.490000	0.000000	5.7e-12
22.500000	0.000000	5.6e-12
22.510000	0.000000	5.5e-12
22.520000	0.000000	5.5e-12
22.530000	0.000000	5.4e-12
22.540000	0.000000	5.3e-12
22.550000	0.000000	5.2e-12
22.560000	0.000000	5.1e-12
22.570000	0.000000	5.1e-12
22.580000	0.000000	5.0e-12
22.590000	0.000000	4.9e-12
22.600000	0.000000	4.9e-12
22.610000	0.000000	4.8e-12
22.620000	0.000000	4.7e-12
22.630000	0.000000	4.6e-12
22.640000	0.000000	4.6e-12
22.650000	0.000000	4.5e-12
22.660000	0.000000	4.4e-12
22.670000	0.000000	4.4e-12
22.680000	0.000000	4.3e-12
22.690000	0.000000	4.2e-12
22.700000	0.000000	4.2e-12
22.710000	0.000000	4.1e-12
22.720000	0.000000	4.1e-12
22.730000	0.000000	4.0e-12
22.740000	0.000000	3.9e-12
22.750000	0.000000	3.9e-12
22.760000	0.000000	3.8e-12
22.770000	0.000000	3.8e-12
22.780000	0.000000	3.7e-12
22.790000	0.000000	3.7e-12
22.800000	0.000000	3.6e-12
22.810000	0.000000	3.6e-12
22.820000	0.000000	3.5e-12
22.830000	0.000000	3.5e-12
22.840000	0.000000	3.4e-12
22.850000	0.000000	3.4e-12
22.860000	0.000000	3.3e-12
22.870000	0.000000	3.3e-12
22.880000	0.000000	3.2e-12
22.890000	0.000000	3.2e-12
22.900000	0.000000	3.1e-12
22.910000	0.000000	3.1e-12
22.920000	0.000000	3.0e-12
22.930000	0.000000	2.9e-12
22.940000	0.000000	2.8e-12
22.950000	0.000000	2.8e-12
22.960000	0.000000	2.7e-12
22.970000	0.000000	2.7e-12
22.980000	0.000000	2.7e-12
22.990000	0.000000	2.6e-12
23.000000	0.000000	2.6e-12
23.010000	0.000000	2.6e-12
23.020000	0.000000	2.5e-12
23.030000	0.000000	2.5e-12
23.040000	0.000000	2.5e-12
23.050000	0.000000	2.4e-12
23.060000	0.000000	2.4e-12
23.070000	0.000000	2.4e-12
23.080000	0.000000	2.3e-12
23.090000	0.000000	2.3e-12
23.100000	0.000000	2.2e-12
23.110000	0.000000	2.2e-12
23.120000	0.000000	2.2e-12
23.130000	0.000000	2.2e-12
23.140000	0.000000	2.1e-12
23.150000	0.000000	2.1e-12
23.160000	0.000000	2.1e-12
23.170000	0.000000	2.0e-12
23.180000	0.000000	2.0e-12
23.190000	0.000000	2.0e-12
23.200000	0.000000	1.9e-12
23.210000	0.000000	1.9e-12
23.220000	0.000000	1.9e-12
23.230000	0.000000	1.8e-12
23.240000	0.000000	1.8e-12
23.250000	0.000000	1.8e-12
23.260000	0.000000	1.8e-12
23.270000	0.000000	1.7e-12
23.280000	0.000000	1.7e-12
23.290000	0.000000	1.7e-12
23.300000	0.000000	1.7e-12
23.310000	0.000000	1.6e-12
23.320000	0.000000	1.6e-12
23.330000	0.000000	1.6e-12
23.340000	0.000000	1.6e-12
23.350000	0.000000	1.6e-12
23.360000	0.000000	1.5e-12
23.370000	0.000000	1.5e-12
23.380000	0.000000	1.5e-12
23.390000	0.000000	1.5e-12
23.400000	0.000000	1.4e-12
23.410000	0.000000	1.4e-12
23.420000	0.000000	1.4e-12
23.430000	0.000000	1.4e-12
23.440000	0.000000	1.4e-12
23.450000	0.000000	1.3e-12
23.460000	0.000000	1.3e-12
23.470000	0.000000	1.3e-12
23.480000	0.000000	1.3e-12
23.490000	0.000000	1.3e-12
23.500000	0.000000	1.2e-12
23.510000	0.000000	1.2e-12
23.520000	0.000000	1.2e-12
23.530000	0.000000	1.2e-12
23.540000	0.000000	1.2e-12
23.550000	0.000000	1.2e-12
23.560000	0.000000	1.1e-12
23.570000	0.000000	1.1e-12
23.580000	0.000000	1.1e-12
23.590000	0.000000	1.1e-12
23.600000	0.000000	1.1e-12
23.610000	0.000000	1.1e-12
23.620000	0.000000	1.0e-12
23.630000	0.000000	1.0e-12
23.640000	0.000000	1.0e-12
23.650000	0.000000	1.0e-12
23.660000	0.000000	9.9e-13
23.670000	0.000000	9.8e-13
23.680000	0.000000	9.6e-13
23.690000	0.000000	9.5e-13
23.700000	0.000000	9.3e-13
23.710000	0.000000	9.2e-13
23.720000	0.000000	9.0e-13
23.730000	0.000000	8.9e-13
23.740000	0.000000	8.7e-13
23.750000	0.000000	8.6e-13
23.760000	0.000000	8.4e-13
23.770000	0.000000	8.3e-13
23.780000	0.000000	8.2e-13
23.790000	0.000000	8.1e-13
23.800000	0.000000	8.0e-13
23.810000	0.000000	7.9e-13
23.820000	0.000000	7.8e-13
23.830000	0.000000	7.7e-13
23.840000	0.000000	7.6e-13
23.850000	0.000000	7.5e-13
23.860000	0.000000	7.4e-13
23.870000	0.000000	7.3e-13
23.880000	0.000000	7.2e-13
23.890000	0.000000	7.1e-13
23.900000	0.000000	7.0e-13
23.910000	0.000000	6.9e-13
23.920000	0.000000	6.8e-13
23.930000	0.000000	6.7e-13
23.940000	0.000000	6.6e-13
23.950000	0.000000	6.5e-13
23.960000	0.000000	6.4e-13
23.970000	0.000000	6.3e-13
23.980000	0.000000	6.2e-13
23.990000	0.000000	6.1e-13
24.000000	0.000000	6.0e-13
24.010000	0.000000	5.9e-13
24.020000	0.000000	5.8e-13
24.030000	0.000000	5.7e-13
24.040000	0.000000	5.6e-13
24.050000	0.000000	5.5e-13
24.060000	0.000000	5.5e-13
24.070000	0.000000	5.4e-13
24.080000	0.000000	5.3e-13
24.090000	0.000000	5.2e-13
24.100000	0.000000	5.2e-13
24.110000	0.000000	5.1e-13
24.120000	0.000000	5.0e-13
24.130000	0.000000	5.0e-13
24.140000	0.000000	4.9e-13
24.150000	0.000000	4.8e-13
24.160000	0.000000	4.8e-13
24.170000	0.000000	4.7e-13
24.180000	0.000000	4.6e-13
24.190000	0.000000	4.6e-13
24.200000	0.000000	4.5e-13
24.210000	0.000000	4.4e-13
24.220000	0.000000	4.4e-13
24.230000	0.000000	4.3e-13
24.240000	0.000000	4.2e-13
24.250000	0.000000	4.2e-13
24.260000	0.000000	4.1e-13
24.270000	0.000000	4.0e-13
24.280000	0.000000	4.0e-13
24.290000	0.000000	3.9e-13
24.300000	0.000000	3.8e-13
24.310000	0.000000	3.8e-13
24.320000	0.000000	3.7e-13
24.330000	0.000000	3.7e-13
24.340000	0.000000	3.6e-13
24.350000	0.000000	3.6e-13
24.360000	0.000000	3.5e-13
24.370000	0.000000	3.5e-13
24.380000	0.000000	3.4e-13
24.390000	0.000000	3.4e-13
24.400000	0.000000	3.3e-13
24.410000	0.000000	3.3e-13
24.420000	0.000000	3.2e-13
24.430000	0.000000	3.2e-13
24.440000	0.000000	3.2e-13
24.450000	0.000000	3.1e-13
24.460000	0.000000	3.1e-13
24.470000	0.000000	3.0e-13
24.480000	0.000000	3.0e-13
24.490000	0.000000	2.9e-13
24.500000	0.000000	2.9e-13
24.510000	0.000000	2.9e-13
24.520000	0.000000	2.8e-13
24.530000	0.000000	2.8e-13
24.540000	0.000000	2.7e-13
24.550000	0.000000	2.7e-13
24.560000	0.000000	2.6e-13
24.570000	0.000000	2.6e-13
24.580000	0.000000	2.6e-13
24.590000	0.000000	2.5e-13
24.600000	0.000000	2.5e-13
24.610000	0.000000	2.4e-13
24.620000	0.000000	2.4e-13
24.630000	0.000000	2.4e-13
24.640000	0.000000	2.3e-13
24.650000	0.000000	2.3e-13
24.660000	0.000000	2.3e-13
24.670000	0.000000	2.2e-13
24.680000	0.000000	2.2e-13
24.690000	0.000000	2.2e-13
24.700000	0.000000	2.2e-13
24.710000	0.000000	2.1e-13
24.720000	0.000000	2.1e-13
24.730000	0.000000	2.1e-13
24.740000	0.000000	2.0e-13
24.750000	0.000000	2.0e-13
24.760000	0.000000	2.0e-13
24.770000	0.000000	2.0e-13
24.780000	0.000000	1.9e-13
24.790000	0.000000	1.9e-13
24.800000	0.000000	1.9e-13
24.810000	0.000000	1.8e-13
24.820000	0.000000	1.8e-13
24.830000	0.000000	1.8e-13
24.840000	0.000000	1.8e-13
24.850000	0.000000	1.7e-13
24.860000	0.000000	1.7e-13
24.870000	0.000000	1.7e-13
24.880000	0.000000	1.6e-13
24.890000	0.000000	1.6e-13
24.900000	0.000000	1.6e-13
24.910000	0.000000	1.6e-13
24.920000	0.000000	1.6e-13
24.930000	0.000000	1.5e-13
24.940000	0.000000	1.5e-13
24.950000	0.000000	1.5e-13
24.960000	0.000000	1.5e-13
24.970000	0.000000	1.5e-13
24.980000	0.000000	1.4e-13
24.990000	0.000000	1.4e-13
25.000000	0.000000	1.4e-13
25.010000	0.000000	1.4e-13
25.020000	0.000000	1.4e-13
25.030000	0.000000	1.3e-13
25.040000	0.000000	1.3e-13
25.050000	0.000000	1.3e-13
25.060000	0.000000	1.3e-13
25.070000	0.000000	1.3e-13
25.080000	0.000000	1.2e-13
25.090000	0.000000	1.2e-13
25.100000	0.000000	1.2e-13
25.110000	0.000000	1.2e-13
25.120000	0.000000	1.2e-13
25.130000	0.000000	1.1e-13
25.140000	0.000000	1.1e-13
25.150000	0.000000	1.1e-13
25.160000	0.000000	1.1e-13
25.170000	0.000000	1.1e-13
25.180000	0.000000	1.1e-13
25.190000	0.000000	1.0e-13
25.200000	0.000000	1.0e-13
25.210000	0.000000	1.0e-13
25.220000	0.000000	1.0e-13
25.230000	0.000000	9.9e-14
25.240000	0.000000	9.8e-14
25.250000	0.000000	9.7e-14
25.260000	0.000000	9.5e-14
25.270000	0.000000	9.4e-14
25.280000	0.000000	9.3e-14
25.290000	0.000000	9.1e-14
25.300000	0.000000	9.0e-14
25.310000	0.000000	8.9e-14
25.320000	0.000000	8.7e-14
25.330000	0.000000	8.6e-14
25.340000	0.000000	8.5e-14
25.350000	0.000000	8.3e-14
25.360000	0.000000	8.2e-14
25.370000	0.000000	8.1e-14
25.380000	0.000000	8.0e-14
25.390000	0.000000	7.9e-14
25.400000	0.000000	7.7e-14
25.410000	0.000000	7.6e-14
25.420000	0.000000	7.5e-14
25.430000	0.000000	7.4e-14
25.440000	0.000000	7.3e-14
25.450000	0.000000	7.2e-14
25.460000	0.000000	7.1e-14
25.470000	0.000000	7.0e-14
25.480000	0.000000	6.9e-14
25.490000	0.000000	6.8e-14
25.500000	0.000000	6.7e-14
25.510000	0.000000	6.6e-14
25.520000	0.000000	6.5e-14
25.530000	0.000000	6.4e-14
25.540000	0.000000	6.3e-14
25.550000	0.000000	6.2e-14
25.560000	0.000000	6.2e-14
25.570000	0.000000	6.1e-14
25.580000	0.000000	6.0e-14
25.590000	0.000000	5.9e-14
25.600000	0.000000	5.8e-14
25.610000	0.000000	5.7e-14
25.620000	0.000000	5.6e-14
25.630000	0.000000	5.5e-14
25.640000	0.000000	5.5e-14
25.650000	0.000000	5.4e-14
25.660000	0.000000	5.3e-14
25.670000	0.000000	5.2e-14
25.680000	0.000000	5.1e-14
25.690000	0.000000	5.1e-14
25.700000	0.000000	5.0e-14
25.710000	0.000000	4.9e-14
25.720000	0.000000	4.8e-14
25.730000	0.000000	4.8e-14
25.740000	0.000000	4.7e-14
25.750000	0.000000	4.6e-14
25.760000	0.000000	4.6e-14
25.770000	0.000000	4.5e-14
25.780000	0.000000	4.4e-14
25.790000	0.000000	4.4e-14
25.800000	0.000000	4.3e-14
25.810000	0.000000	4.3e-14
25.820000	0.000000	4.2e-14
25.830000	0.000000	4.1e-14
25.840000	0.000000	4.1e-14
25.850000	0.000000	4.0e-14
25.860000	0.000000	4.0e-14
25.870000	0.000000	3.9e-14
25.880000	0.000000	3.9e-14
25.890000	0.000000	3.8e-14
25.900000	0.000000	3.7e-14
25.910000	0.000000	3.7e-14
25.920000	0.000000	3.6e-14
25.930000	0.000000	3.6e-14
25.940000	0.000000	3.5e-14
25.950000	0.000000	3.5e-14
25.960000	0.000000	3.4e-14
25.970000	0.000000	3.4e-14
25.980000	0.000000	3.3e-14
25.990000	0.000000	3.3e-14
26.000000	0.000000	3.2e-14
26.010000	0.000000	3.2e-14
26.020000	0.000000	3.1e-14
26.030000	0.000000	3.1e-14
26.040000	0.000000	3.0e-14
26.050000	0.000000	3.0e-14
26.060000	0.000000	3.0e-14
26.070000	0.000000	2.9e-14
26.080000	0.000000	2.9e-14
26.090000	0.000000	2.8e-14
26.100000	0.000000	2.8e-14
26.110000	0.000000	2.8e-14
26.120000	0.000000	2.7e-14
26.130000	0.000000	2.7e-14
26.140000	0.000000	2.6e-14
26.150000	0.000000	2.6e-14
26.160000	0.000000	2.6e-14
26.170000	0.000000	2.5e-14
26.180000	0.000000	2.5e-14
26.190000	0.000000	2.5e-14
26.200000	0.000000	2.4e-14
26.210000	0.000000	2.4e-14
26.220000	0.000000	2.3e-14
26.230000	0.000000	2.3e-14
26.240000	0.000000	2.3e-14
26.250000	0.000000	2.2e-14
26.260000	0.000000	2.2e-14
26.270000	0.000000	2.2e-14
26.280000	0.000000	2.1e-14
26.290000	0.000000	2.1e-14
26.300000	0.000000	2.1e-14
26.310000	0.000000	2.0e-14
26.320000	0.000000	2.0e-14
26.330000	0.000000	2.0e-14
26.340000	0.000000	2.0e-14
26.350000	0.000000	1.9e-14
26.360000	0.000000	1.9e-14
26.370000	0.000000	1.9e-14
26.380000	0.000000	1.9e-14
26.390000	0.000000	1.8e-14
26.400000	0.000000	1.8e-14
26.410000	0.000000	1.8e-14
26.420000	0.000000	1.8e-14
26.430000	0.000000	1.7e-14
26.440000	0.000000	1.7e-14
26.450000	0.000000	1.7e-14
26.460000	0.000000	1.7e-14
26.470000	0.000000	1.6e-14
26.480000	0.000000	1.6e-14
26.490000	0.000000	1.6e-14
26.500000	0.000000	1.6e-14
26.510000	0.000000	1.5e-14
26.520000	0.000000	1.5e-14
26.530000	0.000000	1.5e-14
26.540000	0.000000	1.5e-14
26.550000	0.000000	1.4e-14
26.560000	0.000000	1.4e-14
26.570000	0.000000	1.4e-14
26.580000	0.000000	1.4e-14
26.590000	0.000000	1.4e-14
26.600000	0.000000	1.3e-14
26.610000	0.000000	1.3e-14
26.620000	0.000000	1.3e-14
26.630000	0.000000	1.3e-14
26.640000	0.000000	1.3e-14
26.650000	0.000000	1.3e-14
26.660000	0.000000	1.2e-14
26.670000	0.000000	1.2e-14
26.680000	0.000000	1.2e-14
26.690000	0.000000	1.2e-14
26.700000	0.000000	1.2e-14
26.710000	0.000000	1.2e-14
26.720000	0.000000	1.1e-14
26.730000	0.000000	1.1e-14
26.740000	0.000000	1.1e-14
26.750000	0.000000	1.1e-14
26.760000	0.000000	1.1e-14
26.770000	0.000000	1.1e-14
26.780000	0.000000	1.0e-14
26.790000	0.000000	1.0e-14
26.800000	0.000000	1.0e-14
26.810000	0.000000	9.9e-15
26.820000	0.000000	9.8e-15
26.830000	0.000000	9.6e-15
26.840000	0.000000	9.5e-15
26.850000	0.000000	9.3e-15
26.860000	0.000000	9.2e-15
26.870000	0.000000	9.1e-15
26.880000	0.000000	8.9e-15
26.890000	0.000000	8.8e-15
26.900000	0.000000	8.7e-15
26.910000	0.000000	8.6e-15
26.920000	0.000000	8.5e-15
26.930000	0.000000	8.3e-15
26.940000	0.000000	8.2e-15
26.950000	0.000000	8.1e-15
26.960000	0.000000	8.0e-15
26.970000	0.000000	7.9e-15
26.980000	0.000000	7.8e-15
26.990000	0.000000	7.7e-15
27.000000	0.000000	7.6e-15
27.010000	0.000000	7.5e-15
27.020000	0.000000	7.4e-15
27.030000	0.000000	7.2e-15
27.040000	0.000000	7.1e-15
27.050000	0.000000	7.0e-15
27.060000	0.000000	6.9e-15
27.070000	0.000000	6.8e-15
27.080000	0.000000	6.7e-15
27.090000	0.000000	6.6e-15
27.100000	0.000000	6.5e-15
27.110000	0.000000	6.4e-15
27.120000	0.000000	6.3e-15
27.130000	0.000000	6.2e-15
27.140000	0.000000	6.1e-15
27.150000	0.000000	6.0e-15
27.160000	0.000000	5.9e-15
27.170000	0.000000	5.9e-15
27.180000	0.000000	5.8e-15
27.190000	0.000000	5.7e-15
27.200000	0.000000	5.6e-15
27.210000	0.000000	5.5e-15
27.220000	0.000000	5.5e-15
27.230000	0.000000	5.4e-15
27.240000	0.000000	5.3e-15
27.250000	0.000000	5.3e-15
27.260000	0.000000	5.2e-15
27.270000	0.000000	5.1e-15
27.280000	0.000000	5.0e-15
27.290000	0.000000	5.0e-15
27.300000	0.000000	4.9e-15
27.310000	0.000000	4.8e-15
27.320000	0.000000	4.8e-15
27.330000	0.000000	4.7e-15
27.340000	0.000000	4.6e-15
27.350000	0.000000	4.5e-15
27.360000	0.000000	4.5e-15
27.370000	0.000000	4.4e-15
27.380000	0.000000	4.3e-15
27.390000	0.000000	4.3e-15
27.400000	0.000000	4.2e-15
27.410000	0.000000	4.1e-15
27.420000	0.000000	4.1e-15
27.430000	0.000000	4.0e-15
27.440000	0.000000	4.0e-15
27.450000	0.000000	3.9e-15
27.460000	0.000000	3.8e-15
27.470000	0.000000	3.8e-15
27.480000	0.000000	3.7e-15
27.490000	0.000000	3.7e-15
27.500000	0.000000	3.6e-15
27.510000	0.000000	3.6e-15
27.520000	0.000000	3.5e-15
27.530000	0.000000	3.5e-15
27.540000	0.000000	3.5e-15
27.550000	0.000000	3.4e-15
27.560000	0.000000	3.4e-15
27.570000	0.000000	3.3e-15
27.580000	0.000000	3.3e-15
27.590000	0.000000	3.2e-15
27.600000	0.000000	3.2e-15
27.610000	0.000000	3.1e-15
27.620000	0.000000	3.1e-15
27.630000	0.000000	3.0e-15
27.640000	0.000000	3.0e-15
27.650000	0.000000	2.9e-15
27.660000	0.000000	2.9e-15
27.670000	0.000000	2.8e-15
27.680000	0.000000	2.8e-15
27.690000	0.000000	2.8e-15
27.700000	0.000000	2.7e-15
27.710000	0.000000	2.7e-15
27.720000	0.000000	2.6e-15
27.730000	0.000000	2.6e-15
27.740000	0.000000	2.6e-15
27.750000	0.000000	2.5e-15
27.760000	0.000000	2.5e-15
27.770000	0.000000	2.5e-15
27.780000	0.000000	2.4e-15
27.790000	0.000000	2.4e-15
27.800000	0.000000	2.4e-15
27.810000	0.000000	2.3e-15
27.820000	0.000000	2.3e-15
27.830000	0.000000	2.3e-15
27.840000	0.000000	2.2e-15
27.850000	0.000000	2.2e-15
27.860000	0.000000	2.2e-15
27.870000	0.000000	2.1e-15
27.880000	0.000000	2.1e-15
27.890000	0.000000	2.1e-15
27.900000	0.000000	2.0e-15
27.910000	0.000000	2.0e-15
27.920000	0.000000	2.0e-15
27.930000	0.000000	2.0e-15
27.940000	0.000000	1.9e-15
27.950000	0.000000	1.9e-15
27.960000	0.000000	1.9e-15
27.970000	0.000000	1.8e-15
27.980000	0.000000	1.8e-15
27.990000	0.000000	1.8e-15
28.000000	0.000000	1.8e-15
28.010000	0.000000	1.7e-15
28.020000	0.000000	1.7e-15
28.030000	0.000000	1.7e-15
28.040000	0.000000	1.7e-15
28.050000	0.000000	1.6e-15
28.060000	0.000000	1.6e-15
28.070000	0.000000	1.6e-15
28.080000	0.000000	1.6e-15
28.090000	0.000000	1.6e-15
28.100000	0.000000	1.5e-15
28.110000	0.000000	1.5e-15
28.120000	0.000000	1.5e-15
28.130000	0.000000	1.5e-15
28.140000	0.000000	1.4e-15
28.150000	0.000000	1.4e-15
28.160000	0.000000	1.4e-15
28.170000	0.000000	1.4e-15
28.180000	0.000000	1.4e-15
28.190000	0.000000	1.3e-15
28.200000	0.000000	1.3e-15
28.210000	0.000000	1.3e-15
28.220000	0.000000	1.3e-15
28.230000	0.000000	1.3e-15
28.240000	0.000000	1.2e-15
28.250000	0.000000	1.2e-15
28.260000	0.000000	1.2e-15
28.270000	0.000000	1.2e-15
28.280000	0.000000	1.2e-15
28.290000	0.000000	1.2e-15
28.300000	0.000000	1.1e-15
28.310000	0.000000	1.1e-15
28.320000	0.000000	1.1e-15
28.330000	0.000000	1.1e-15
28.340000	0.000000	1.1e-15
28.350000	0.000000	1.1e-15
28.360000	0.000000	1.1e-15
28.370000	0.000000	1.0e-15
28.380000	0.000000	1.0e-15
28.390000	0.000000	1.0e-15
28.400000	0.000000	9.9e-16
28.410000	0.000000	9.8e-16
28.420000	0.000000	9.7e-16
28.430000	0.000000	9.5e-16
28.440000	0.000000	9.4e-16
28.450000	0.000000	9.2e-16
28.460000	0.000000	9.1e-16
28.470000	0.000000	9.0e-16
28.480000	0.000000	8.8e-16
28.490000	0.000000	8.7e-16
28.500000	0.000000	8.5e-16
28.510000	0.000000	8.4e-16
28.520000	0.000000	8.3e-16
28.530000	0.000000	8.1e-16
28.540000	0.000000	8.0e-16
28.550000	0.000000	7.9e-16
28.560000	0.000000	7.8e-16
28.570000	0.000000	7.7e-16
28.580000	0.000000	7.6e-16
28.590000	0.000000	7.5e-16
28.600000	0.000000	7.4e-16
28.610000	0.000000	7.3e-16
28.620000	0.000000	7.2e-16
28.630000	0.000000	7.1e-16
28.640000	0.000000	7.0e-16
28.650000	0.000000	6.9e-16
28.660000	0.000000	6.8e-16
28.670000	0.000000	6.7e-16
28.680000	0.000000	6.6e-16
28.690000	0.000000	6.5e-16
28.700000	0.000000	6.4e-16
28.710000	0.000000	6.3e-16
28.720000	0.000000	6.3e-16
28.730000	0.000000	6.2e-16
28.740000	0.000000	6.1e-16
28.750000	0.000000	6.0e-16
28.760000	0.000000	5.9e-16
28.770000	0.000000	5.8e-16
28.780000	0.000000	5.7e-16
28.790000	0.000000	5.6e-16
28.800000	0.000000	5.5e-16
28.810000	0.000000	5.4e-16
28.820000	0.000000	5.3e-16
28.830000	0.000000	5.3e-16
28.840000	0.000000	5.2e-16
28.850000	0.000000	5.1e-16
28.860000	0.000000	5.1e-16
28.870000	0.000000	5.0e-16
28.880000	0.000000	4.9e-16
28.890000	0.000000	4.9e-16
28.900000	0.000000	4.8e-16
28.910000	0.000000	4.7e-16
28.920000	0.000000	4.7e-16
28.930000	0.000000	4.6e-16
28.940000	0.000000	4.5e-16
28.950000	0.000000	4.5e-16
28.960000	0.000000	4.4e-16
28.970000	0.000000	4.4e-16
28.980000	0.000000	4.3e-16
28.990000	0.000000	4.2e-16
29.000000	0.000000	4.2e-16
29.010000	0.000000	4.1e-16
29.020000	0.000000	4.0e-16
29.030000	0.000000	4.0e-16
29.040000	0.000000	3.9e-16
29.050000	0.000000	3.9e-16
29.060000	0.000000	3.8e-16
29.070000	0.000000	3.7e-16
29.080000	0.000000	3.7e-16
29.090000	0.000000	3.6e-16
29.100000	0.000000	3.6e-16
29.110000	0.000000	3.5e-16
29.120000	0.000000	3.5e-16
29.130000	0.000000	3.4e-16
29.140000	0.000000	3.4e-16
29.150000	0.000000	3.3e-16
29.160000	0.000000	3.3e-16
29.170000	0.000000	3.2e-16
29.180000	0.000000	3.2e-16
29.190000	0.000000	3.2e-16
29.200000	0.000000	3.1e-16
29.210000	0.000000	3.1e-16
29.220000	0.000000	3.0e-16
29.230000	0.000000	3.0e-16
29.240000	0.000000	2.9e-16
29.250000	0.000000	2.9e-16
29.260000	0.000000	2.9e-16
29.270000	0.000000	2.8e-16
29.280000	0.000000	2.8e-16
29.290000	0.000000	2.7e-16
29.300000	0.000000	2.7e-16
29.310000	0.000000	2.7e-16
29.320000	0.000000	2.6e-16
29.330000	0.000000	2.6e-16
29.340000	0.000000	2.5e-16
29.350000	0.000000	2.5e-16
29.360000	0.000000	2.4e-16
29.370000	0.000000	2.4e-16
29.380000	0.000000	2.4e-16
29.390000	0.000000	2.3e-16
29.400000	0.000000	2.3e-16
29.410000	0.000000	2.3e-16
29.420000	0.000000	2.2e-16
29.430000	0.000000	2.2e-16
29.440000	0.000000	2.2e-16
29.450000	0.000000	2.2e-16
29.460000	0.000000	2.1e-16
29.470000	0.000000	2.1e-16
29.480000	0.000000	2.1e-16
29.490000	0.000000	2.0e-16
29.500000	0.000000	2.0e-16
29.510000	0.000000	2.0e-16
29.520000	0.000000	2.0e-16
29.530000	0.000000	1.9e-16
29.540000	0.000000	1.9e-16
29.550000	0.000000	1.9e-16
29.560000	0.000000	1.9e-16
29.570000	0.000000	1.8e-16
29.580000	0.000000	1.8e-16
29.590000	0.000000	1.8e-16
29.600000	0.000000	1.7e-16
29.610000	0.000000	1.7e-16
29.620000	0.000000	1.7e-16
29.630000	0.000000	1.7e-16
29.640000	0.000000	1.6e-16
29.650000	0.000000	1.6e-16
29.660000	0.000000	1.6e-16
29.670000	0.000000	1.6e-16
29.680000	0.000000	1.5e-16
29.690000	0.000000	1.5e-16
29.700000	0.000000	1.5e-16
29.710000	0.000000	1.5e-16
29.720000	0.000000	1.5e-16
29.730000	0.000000	1.4e-16
29.740000	0.000000	1.4e-16
29.750000	0.000000	1.4e-16
29.760000	0.000000	1.4e-16
29.770000	0.000000	1.4e-16
29.780000	0.000000	1.3e-16
29.790000	0.000000	1.3e-16
29.800000	0.000000	1.3e-16
29.810000	0.000000	1.3e-16
29.820000	0.000000	1.3e-16
29.830000	0.000000	1.3e-16
29.840000	0.000000	1.2e-16
29.850000	0.000000	1.2e-16
29.860000	0.000000	1.2e-16
29.870000	0.000000	1.2e-16
29.880000	0.000000	1.2e-16
29.890000	0.000000	1.1e-16
29.900000	0.000000	1.1e-16
29.910000	0.000000	1.1e-16
29.920000	0.000000	1.1e-16
29.930000	0.000000	1.1e-16
29.940000	0.000000	1.1e-16
29.950000	0.000000	1.0e-16
29.960000	0.000000	1.0e-16
29.970000	0.000000	1.0e-16
29.980000	0.000000	1.0e-16
29.990000	0.000000	9.9e-17
30.000000	0.000000	9.8e-17
30.010000	0.000000	9.6e-17
30.020000	0.000000	9.5e-17
30.030000	0.000000	9.4e-17
30.040000	0.000000	9.2e-17
30.050000	0.000000	9.1e-17
30.060000	0.000000	9.0e-17
30.070000	0.000000	8.9e-17
30.080000	0.000000	8.7e-17
30.090000	0.000000	8.6e-17
