0.100000	0.000000	49124.256656
0.110000	0.000000	25325.298743
0.120000	0.000000	25068.088799
0.130000	0.000000	22667.616657
0.140000	0.000000	19925.096159
0.150000	0.000000	16551.321848
0.160000	0.000000	15195.152326
0.170000	0.000000	13500.667233
0.180000	0.000000	12667.690898
0.190000	0.000000	12258.045563
0.200000	0.000000	10698.334940
0.210000	0.000000	10417.094311
0.220000	0.000000	10803.729340
0.230000	0.000000	9132.030572
0.240000	0.000000	9374.031983
0.250000	0.000000	8781.224785
0.260000	0.000000	7648.324301
0.270000	0.000000	7469.703839
0.280000	0.000000	7342.669925
0.290000	0.000000	6889.425562
0.300000	0.000000	6613.038968
0.310000	0.000000	6384.554866
0.320000	0.000000	6441.530165
0.330000	0.000000	6474.146716
0.340000	0.000000	6141.001345
0.350000	0.000000	5734.350137
0.360000	0.000000	12205.296323
0.370000	0.000000	29087.364274
0.380000	0.000000	31960.960483
0.390000	0.000000	12606.316540
0.400000	0.000000	33253.334676
0.410000	0.000000	5375.362577
0.420000	0.000000	13818.445047
0.430000	0.000000	10183.298676
0.440000	0.000000	12631.133679
0.450000	0.000000	4869.788075
0.460000	0.000000	3880.568367
0.470000	0.000000	3834.109282
0.480000	0.000000	11652.711920
0.490000	0.000000	7784.977524
0.500000	0.000000	7698.216039
0.510000	0.000000	6556.150844
0.520000	0.000000	3401.602996
0.530000	0.000000	5544.259303
0.540000	0.000000	6815.118300
0.550000	0.000000	3178.710668
0.560000	0.000000	4008.698560
0.570000	0.000000	6457.856943
0.580000	0.000000	5445.022202
0.590000	0.000000	4837.414320
0.600000	0.000000	6108.970226
0.610000	0.000000	2918.337173
0.620000	0.000000	3250.633601
0.630000	0.000000	4014.907326
0.640000	0.000000	3736.878643
0.650000	0.000000	9169.215786
0.660000	0.000000	6332.158170
0.670000	0.000000	3074.196276
0.680000	0.000000	2860.599994
0.690000	0.000000	2764.809059
0.700000	0.000000	2866.952549
0.710000	0.000000	3067.630119
0.720000	0.000000	2877.185169
0.730000	0.000000	3665.931286
0.740000	0.000000	2421.660861
0.750000	0.000000	2210.682460
0.760000	0.000000	2184.311810
0.770000	0.000000	3612.818141
0.780000	0.000000	2189.720750
0.790000	0.000000	2241.322867
0.800000	0.000000	2264.774808
0.810000	0.000000	2509.789413
0.820000	0.000000	2287.084659
0.830000	0.000000	2211.331810
0.840000	0.000000	2172.780328
0.850000	0.000000	2083.833173
0.860000	0.000000	2026.566825
0.870000	0.000000	2067.063126
0.880000	0.000000	2122.473856
0.890000	0.000000	1991.283880
0.900000	0.000000	2047.333208
0.910000	0.000000	2200.993469
0.920000	0.000000	2050.875849
0.930000	0.000000	2268.888699
0.940000	0.000000	2057.981242
0.950000	0.000000	2177.871051
0.960000	0.000000	2204.158008
0.970000	0.000000	2411.350567
0.980000	0.000000	2115.371461
0.990000	0.000000	2412.184349
1.000000	0.000000	2730.472530
1.010000	0.000000	4425.208034
1.020000	0.000000	4171.818373
1.030000	0.000000	2519.116516
1.040000	0.000000	4108.831420
1.050000	0.000000	5501.089499
1.060000	0.000000	2068.677668
1.070000	0.000000	2402.014871
1.080000	0.000000	4068.808788
1.090000	0.000000	2224.891583
1.100000	0.000000	5991.740039
1.110000	0.000000	1732.290953
1.120000	0.000000	5769.071055
1.130000	0.000000	2310.951119
1.140000	0.000000	1631.853246
1.150000	0.000000	2616.252412
1.160000	0.000000	3659.672392
1.170000	0.000000	2482.851248
1.180000	0.000000	1504.713743
1.190000	0.000000	1522.645011
1.200000	0.000000	1652.379915
1.210000	0.000000	1681.572720
1.220000	0.000000	1431.708258
1.230000	0.000000	1517.807578
1.240000	0.000000	1532.389906
1.250000	0.000000	1373.138443
1.260000	0.000000	1387.311770
1.270000	0.000000	1505.152604
1.280000	0.000000	1348.364849
1.290000	0.000000	1439.286931
1.300000	0.000000	1393.291697
1.310000	0.000000	1476.522360
1.320000	0.000000	1455.379539
1.330000	0.000000	1383.821727
1.340000	0.000000	1334.698025
1.350000	0.000000	1314.841282
1.360000	0.000000	1363.040912
1.370000	0.000000	1424.817788
1.380000	0.000000	1415.255854
1.390000	0.000000	1452.311236
1.400000	0.000000	1529.800021
1.410000	0.000000	1258.709093
1.420000	0.000000	1330.394483
1.430000	0.000000	1283.908641
1.440000	0.000000	1230.650232
1.450000	0.000000	1238.179465
1.460000	0.000000	1184.313813
1.470000	0.000000	1286.453477
1.480000	0.000000	1533.871683
1.490000	0.000000	1574.371612
1.500000	0.000000	1407.818564
1.510000	0.000000	1219.415758
1.520000	0.000000	1153.533521
1.530000	0.000000	1133.599299
1.540000	0.000000	1303.493198
1.550000	0.000000	1465.415347
1.560000	0.000000	1148.407855
1.570000	0.000000	1184.020245
1.580000	0.000000	1074.498491
1.590000	0.000000	1066.335356
1.600000	0.000000	1092.355840
1.610000	0.000000	1089.127462
1.620000	0.000000	1031.931338
1.630000	0.000000	1024.217922
1.640000	0.000000	1010.502473
1.650000	0.000000	1187.920498
1.660000	0.000000	1158.509919
1.670000	0.000000	1080.512100
1.680000	0.000000	1024.409643
1.690000	0.000000	988.313768
1.700000	0.000000	982.122613
1.710000	0.000000	977.136307
1.720000	0.000000	1007.252565
1.730000	0.000000	1071.322497
1.740000	0.000000	962.599381
1.750000	0.000000	1031.028934
1.760000	0.000000	966.836573
1.770000	0.000000	950.225247
1.780000	0.000000	905.848753
1.790000	0.000000	899.734727
1.800000	0.000000	916.049786
1.810000	0.000000	946.952566
1.820000	0.000000	930.381319
1.830000	0.000000	897.625005
1.840000	0.000000	874.729726
1.850000	0.000000	859.962248
1.860000	0.000000	850.507739
1.870000	0.000000	860.693816
1.880000	0.000000	863.404230
1.890000	0.000000	833.731916
1.900000	0.000000	827.580272
1.910000	0.000000	820.237960
1.920000	0.000000	814.140675
1.930000	0.000000	808.022166
1.940000	0.000000	810.548548
1.950000	0.000000	798.208929
1.960000	0.000000	788.768791
1.970000	0.000000	783.907325
1.980000	0.000000	778.447237
1.990000	0.000000	772.496228
2.000000	0.000000	767.161648
2.010000	0.000000	760.696401
2.020000	0.000000	756.223121
2.030000	0.000000	750.391144
2.040000	0.000000	743.736095
2.050000	0.000000	739.158435
2.060000	0.000000	732.170489
2.070000	0.000000	724.897551
2.080000	0.000000	719.212493
2.090000	0.000000	711.372017
2.100000	0.000000	702.441167
2.110000	0.000000	694.023669
2.120000	0.000000	686.553979
2.130000	0.000000	678.083601
2.140000	0.000000	666.664648
2.150000	0.000000	662.531663
2.160000	0.000000	650.077020
2.170000	0.000000	639.226063
2.180000	0.000000	630.453814
2.190000	0.000000	621.852892
2.200000	0.000000	613.377485
2.210000	0.000000	604.526066
2.220000	0.000000	595.399055
2.230000	0.000000	586.668402
2.240000	0.000000	577.906627
2.250000	0.000000	569.146794
2.260000	0.000000	560.398073
2.270000	0.000000	551.904101
2.280000	0.000000	542.576435
2.290000	0.000000	533.835645
2.300000	0.000000	534.389571
2.310000	0.000000	511.812537
2.320000	0.000000	496.469843
2.330000	0.000000	483.573000
2.340000	0.000000	470.949132
2.350000	0.000000	457.955671
2.360000	0.000000	444.901819
2.370000	0.000000	468.718113
2.380000	0.000000	469.741830
2.390000	0.000000	405.505577
2.400000	0.000000	434.381855
2.410000	0.000000	519.292889
2.420000	0.000000	7021.608267
2.430000	0.000000	49554.510897
2.440000	0.000000	24161.567627
2.450000	0.000000	10546.101810
2.460000	0.000000	106140.922358
2.470000	0.000000	14109.136266
2.480000	0.000000	295.911433
2.490000	0.000000	287.442751
2.500000	0.000000	278.978003
2.510000	0.000000	271.196380
2.520000	0.000000	262.540476
2.530000	0.000000	253.605727
2.540000	0.000000	245.149290
2.550000	0.000000	301.545013
2.560000	0.000000	351.595490
2.570000	0.000000	225.813614
2.580000	0.000000	1113.939661
2.590000	0.000000	4851.920122
2.600000	0.000000	4774.842769
2.610000	0.000000	48872.950214
2.620000	0.000000	94994.784693
2.630000	0.000000	7150.418224
2.640000	0.000000	160.806949
2.650000	0.000000	159.075172
2.660000	0.000000	157.535712
2.670000	0.000000	156.080094
2.680000	0.000000	154.651297
2.690000	0.000000	153.247760
2.700000	0.000000	151.939885
2.710000	0.000000	150.552635
2.720000	0.000000	149.669724
2.730000	0.000000	148.946210
2.740000	0.000000	147.666665
2.750000	0.000000	149.623507
2.760000	0.000000	144.562423
2.770000	0.000000	145.941382
2.780000	0.000000	155.163903
2.790000	0.000000	159.059051
2.800000	0.000000	205.678336
2.810000	0.000000	150.123085
2.820000	0.000000	976.936476
2.830000	0.000000	513.653421
2.840000	0.000000	183.965467
2.850000	0.000000	139.002662
2.860000	0.000000	130.780978
2.870000	0.000000	8167.458019
2.880000	0.000000	10275.488086
2.890000	0.000000	127.195604
2.900000	0.000000	126.025644
2.910000	0.000000	124.842109
2.920000	0.000000	123.729882
2.930000	0.000000	123.007537
2.940000	0.000000	133.893028
2.950000	0.000000	577.991040
2.960000	0.000000	266.034688
2.970000	0.000000	132.762342
2.980000	0.000000	132.205156
2.990000	0.000000	119.877298
3.000000	0.000000	114.300849
3.010000	0.000000	268.515358
3.020000	0.000000	3730.517698
3.030000	0.000000	3066.767852
3.040000	0.000000	386.912554
3.050000	0.000000	456.362989
3.060000	0.000000	216.482566
3.070000	0.000000	106.989333
3.080000	0.000000	106.395780
3.090000	0.000000	2930.760941
3.100000	0.000000	18739.188301
3.110000	0.000000	110.736974
3.120000	0.000000	146.584659
3.130000	0.000000	1876.071652
3.140000	0.000000	311.948818
3.150000	0.000000	946.022111
3.160000	0.000000	345.489815
3.170000	0.000000	564.578084
3.180000	0.000000	794.463209
3.190000	0.000000	439.448829
3.200000	0.000000	129.884229
3.210000	0.000000	128.271087
3.220000	0.000000	164.858106
3.230000	0.000000	167.698291
3.240000	0.000000	167.019147
3.250000	0.000000	172.226701
3.260000	0.000000	894.896121
3.270000	0.000000	5385.551418
3.280000	0.000000	184.732117
3.290000	0.000000	162.746429
3.300000	0.000000	161.493245
3.310000	0.000000	181.064747
3.320000	0.000000	199.757194
3.330000	0.000000	168.088032
3.340000	0.000000	155.372345
3.350000	0.000000	1696.329256
3.360000	0.000000	1255.760604
3.370000	0.000000	151.963533
3.380000	0.000000	150.849008
3.390000	0.000000	636.575945
3.400000	0.000000	1073.621128
3.410000	0.000000	346.762592
3.420000	0.000000	829.892433
3.430000	0.000000	206.318252
3.440000	0.000000	681.949129
3.450000	0.000000	686.746093
3.460000	0.000000	149.460063
3.470000	0.000000	143.961420
3.480000	0.000000	140.540348
3.490000	0.000000	224.892241
3.500000	0.000000	272.066199
3.510000	0.000000	275.823574
3.520000	0.000000	271.776905
3.530000	0.000000	269.885681
3.540000	0.000000	268.112824
3.550000	0.000000	266.412776
3.560000	0.000000	264.693740
3.570000	0.000000	262.900063
3.580000	0.000000	261.296933
3.590000	0.000000	259.561930
3.600000	0.000000	258.132322
3.610000	0.000000	258.477276
3.620000	0.000000	254.918849
3.630000	0.000000	252.559093
3.640000	0.000000	250.870848
3.650000	0.000000	249.137064
3.660000	0.000000	247.533730
3.670000	0.000000	246.427548
3.680000	0.000000	257.669916
3.690000	0.000000	251.551983
3.700000	0.000000	241.469563
3.710000	0.000000	239.016835
3.720000	0.000000	237.263885
3.730000	0.000000	235.568176
3.740000	0.000000	233.875534
3.750000	0.000000	232.183706
3.760000	0.000000	230.486926
3.770000	0.000000	228.900215
3.780000	0.000000	228.306724
3.790000	0.000000	225.891125
3.800000	0.000000	223.774478
3.810000	0.000000	221.979774
3.820000	0.000000	220.234310
3.830000	0.000000	218.692152
3.840000	0.000000	217.495399
3.850000	0.000000	236.439949
3.860000	0.000000	237.765453
3.870000	0.000000	229.118806
3.880000	0.000000	226.281354
3.890000	0.000000	249.215574
3.900000	0.000000	260.539489
3.910000	0.000000	205.213504
3.920000	0.000000	205.057769
3.930000	0.000000	208.433023
3.940000	0.000000	200.219457
3.950000	0.000000	198.595367
3.960000	0.000000	199.976870
3.970000	0.000000	195.299328
3.980000	0.000000	193.490264
3.990000	0.000000	191.867380
4.000000	0.000000	191.631212
4.010000	0.000000	189.188211
4.020000	0.000000	187.045792
4.030000	0.000000	186.041713
4.040000	0.000000	184.507062
4.050000	0.000000	183.045549
4.060000	0.000000	182.690764
4.070000	0.000000	181.918143
4.080000	0.000000	179.979254
4.090000	0.000000	180.247617
4.100000	0.000000	185.748745
4.110000	0.000000	176.578520
4.120000	0.000000	175.242813
4.130000	0.000000	173.426578
4.140000	0.000000	174.517316
4.150000	0.000000	171.460205
4.160000	0.000000	169.988895
4.170000	0.000000	168.849659
4.180000	0.000000	167.698137
4.190000	0.000000	166.548303
4.200000	0.000000	165.402831
4.210000	0.000000	164.257442
4.220000	0.000000	163.112468
4.230000	0.000000	161.986717
4.240000	0.000000	161.180907
4.250000	0.000000	160.497250
4.260000	0.000000	158.542615
4.270000	0.000000	157.412586
4.280000	0.000000	156.257877
4.290000	0.000000	155.110284
4.300000	0.000000	154.473555
4.310000	0.000000	152.865175
4.320000	0.000000	151.664859
4.330000	0.000000	150.994296
4.340000	0.000000	149.568623
4.350000	0.000000	148.434491
4.360000	0.000000	147.330907
4.370000	0.000000	146.157521
4.380000	0.000000	145.025101
4.390000	0.000000	143.855986
4.400000	0.000000	142.661220
4.410000	0.000000	141.543607
4.420000	0.000000	140.471284
4.430000	0.000000	139.460738
4.440000	0.000000	138.285760
4.450000	0.000000	137.189074
4.460000	0.000000	136.086426
4.470000	0.000000	134.943433
4.480000	0.000000	134.023968
4.490000	0.000000	132.772039
4.500000	0.000000	133.116106
4.510000	0.000000	131.372708
4.520000	0.000000	129.588315
4.530000	0.000000	128.391293
4.540000	0.000000	127.290619
4.550000	0.000000	126.165568
4.560000	0.000000	125.069330
4.570000	0.000000	127.230253
4.580000	0.000000	130.001799
4.590000	0.000000	122.188770
4.600000	0.000000	121.412581
4.610000	0.000000	120.641945
4.620000	0.000000	119.911099
4.630000	0.000000	119.069622
4.640000	0.000000	118.284218
4.650000	0.000000	117.521730
4.660000	0.000000	116.758764
4.670000	0.000000	115.997220
4.680000	0.000000	115.272627
4.690000	0.000000	114.878370
4.700000	0.000000	114.279716
4.710000	0.000000	113.427765
4.720000	0.000000	113.046148
4.730000	0.000000	112.470917
4.740000	0.000000	111.492096
4.750000	0.000000	111.078262
4.760000	0.000000	109.250654
4.770000	0.000000	108.436583
4.780000	0.000000	107.710526
4.790000	0.000000	106.962280
4.800000	0.000000	106.144475
4.810000	0.000000	105.523249
4.820000	0.000000	107.440595
4.830000	0.000000	104.523674
4.840000	0.000000	103.126126
4.850000	0.000000	102.642017
4.860000	0.000000	102.189915
4.870000	0.000000	101.160680
4.880000	0.000000	100.127002
4.890000	0.000000	99.395221
4.900000	0.000000	98.663617
4.910000	0.000000	97.932615
4.920000	0.000000	97.513379
4.930000	0.000000	97.503646
4.940000	0.000000	95.748219
4.950000	0.000000	95.013122
4.960000	0.000000	94.300571
4.970000	0.000000	93.555828
4.980000	0.000000	93.385660
4.990000	0.000000	92.124392
5.000000	0.000000	91.306239
5.010000	0.000000	90.576550
5.020000	0.000000	90.126802
5.030000	0.000000	89.283834
5.040000	0.000000	88.541285
5.050000	0.000000	87.860147
5.060000	0.000000	87.027436
5.070000	0.000000	86.281661
5.080000	0.000000	85.566440
5.090000	0.000000	84.762152
5.100000	0.000000	84.035904
5.110000	0.000000	83.341671
5.120000	0.000000	82.887986
5.130000	0.000000	82.233454
5.140000	0.000000	81.616078
5.150000	0.000000	81.154409
5.160000	0.000000	80.611755
5.170000	0.000000	80.092472
5.180000	0.000000	79.575491
5.190000	0.000000	79.061972
5.200000	0.000000	78.593873
5.210000	0.000000	78.063777
5.220000	0.000000	77.516613
5.230000	0.000000	77.015481
5.240000	0.000000	76.562074
5.250000	0.000000	76.112606
5.260000	0.000000	75.513592
5.270000	0.000000	75.013368
5.280000	0.000000	74.513065
5.290000	0.000000	74.012812
5.300000	0.000000	73.494775
5.310000	0.000000	73.048707
5.320000	0.000000	72.485622
5.330000	0.000000	71.979951
5.340000	0.000000	71.486609
5.350000	0.000000	71.029539
5.360000	0.000000	70.524051
5.370000	0.000000	70.032421
5.380000	0.000000	69.544593
5.390000	0.000000	69.053797
5.400000	0.000000	68.569599
5.410000	0.000000	68.073495
5.420000	0.000000	67.576280
5.430000	0.000000	67.088759
5.440000	0.000000	66.602950
5.450000	0.000000	66.116786
5.460000	0.000000	65.627490
5.470000	0.000000	65.127119
5.480000	0.000000	64.631999
5.490000	0.000000	64.197980
5.500000	0.000000	63.675736
5.510000	0.000000	63.181603
5.520000	0.000000	62.688905
5.530000	0.000000	62.223203
5.540000	0.000000	61.745442
5.550000	0.000000	61.241702
5.560000	0.000000	60.752605
5.570000	0.000000	60.335894
5.580000	0.000000	59.889436
5.590000	0.000000	59.307927
5.600000	0.000000	58.894830
5.610000	0.000000	58.726487
5.620000	0.000000	59.430326
5.630000	0.000000	59.007382
5.640000	0.000000	57.800658
5.650000	0.000000	57.495278
5.660000	0.000000	56.863918
5.670000	0.000000	59.026516
5.680000	0.000000	56.211442
5.690000	0.000000	54.845966
5.700000	0.000000	54.504929
5.710000	0.000000	54.167690
5.720000	0.000000	53.830817
5.730000	0.000000	53.494126
5.740000	0.000000	53.157333
5.750000	0.000000	52.828062
5.760000	0.000000	52.507856
5.770000	0.000000	52.169029
5.780000	0.000000	51.834765
5.790000	0.000000	51.503247
5.800000	0.000000	51.171199
5.810000	0.000000	50.818214
5.820000	0.000000	50.490359
5.830000	0.000000	50.165971
5.840000	0.000000	49.843644
5.850000	0.000000	49.521046
5.860000	0.000000	49.229292
5.870000	0.000000	48.908931
5.880000	0.000000	48.578185
5.890000	0.000000	48.248976
5.900000	0.000000	47.921281
5.910000	0.000000	47.599935
5.920000	0.000000	47.285390
5.930000	0.000000	46.978033
5.940000	0.000000	46.620162
5.950000	0.000000	46.297962
5.960000	0.000000	45.976363
5.970000	0.000000	45.648643
5.980000	0.000000	45.309985
5.990000	0.000000	44.987613
6.000000	0.000000	44.684486
6.010000	0.000000	44.348114
6.020000	0.000000	44.036657
6.030000	0.000000	43.717512
6.040000	0.000000	43.384589
6.050000	0.000000	43.058252
6.060000	0.000000	42.741774
6.070000	0.000000	42.427147
6.080000	0.000000	42.105580
6.090000	0.000000	41.805390
6.100000	0.000000	41.552886
6.110000	0.000000	41.332952
6.120000	0.000000	41.672855
6.130000	0.000000	40.964390
6.140000	0.000000	40.437806
6.150000	0.000000	40.281464
6.160000	0.000000	39.866487
6.170000	0.000000	40.337149
6.180000	0.000000	39.176860
6.190000	0.000000	38.563000
6.200000	0.000000	38.280086
6.210000	0.000000	38.039341
6.220000	0.000000	37.814454
6.230000	0.000000	37.590445
6.240000	0.000000	37.366611
6.250000	0.000000	37.142969
6.260000	0.000000	36.919212
6.270000	0.000000	36.694960
6.280000	0.000000	36.471269
6.290000	0.000000	36.248024
6.300000	0.000000	36.023375
6.310000	0.000000	35.787732
6.320000	0.000000	35.565782
6.330000	0.000000	35.348866
6.340000	0.000000	35.131151
6.350000	0.000000	34.916188
6.360000	0.000000	34.701300
6.370000	0.000000	34.486479
6.380000	0.000000	34.278559
6.390000	0.000000	34.068927
6.400000	0.000000	33.881436
6.410000	0.000000	33.675709
6.420000	0.000000	33.419252
6.430000	0.000000	33.205631
6.440000	0.000000	33.001043
6.450000	0.000000	32.824049
6.460000	0.000000	32.795757
6.470000	0.000000	32.944500
6.480000	0.000000	32.206338
6.490000	0.000000	32.256380
6.500000	0.000000	31.958370
6.510000	0.000000	31.629261
6.520000	0.000000	31.437677
6.530000	0.000000	33.597060
6.540000	0.000000	34.351045
6.550000	0.000000	32.388738
6.560000	0.000000	31.527712
6.570000	0.000000	35.999344
6.580000	0.000000	38.781420
6.590000	0.000000	34.841072
6.600000	0.000000	43.609527
6.610000	0.000000	70.436589
6.620000	0.000000	71.820458
6.630000	0.000000	78.208314
6.640000	0.000000	89.131750
6.650000	0.000000	106.943218
6.660000	0.000000	97.110021
6.670000	0.000000	63.708509
6.680000	0.000000	64.923039
6.690000	0.000000	146.657271
6.700000	0.000000	78.170259
6.710000	0.000000	28.547563
6.720000	0.000000	27.180000
6.730000	0.000000	26.767238
6.740000	0.000000	26.556572
6.750000	0.000000	26.345637
6.760000	0.000000	26.135979
6.770000	0.000000	25.927391
6.780000	0.000000	25.729797
6.790000	0.000000	25.570514
6.800000	0.000000	25.422099
6.810000	0.000000	25.269551
6.820000	0.000000	25.115422
6.830000	0.000000	24.967639
6.840000	0.000000	24.833561
6.850000	0.000000	24.680128
6.860000	0.000000	24.532334
6.870000	0.000000	24.395201
6.880000	0.000000	24.247914
6.890000	0.000000	24.112186
6.900000	0.000000	24.018287
6.910000	0.000000	23.986391
6.920000	0.000000	23.896250
6.930000	0.000000	23.663022
6.940000	0.000000	23.539049
6.950000	0.000000	23.433638
6.960000	0.000000	23.220047
6.970000	0.000000	23.410273
6.980000	0.000000	22.805560
6.990000	0.000000	22.655564
7.000000	0.000000	22.513373
7.010000	0.000000	22.374811
7.020000	0.000000	22.304523
7.030000	0.000000	22.115731
7.040000	0.000000	21.945770
7.050000	0.000000	21.821157
7.060000	0.000000	21.682291
7.070000	0.000000	21.530282
7.080000	0.000000	21.383245
7.090000	0.000000	21.235825
7.100000	0.000000	21.096892
7.110000	0.000000	20.961746
7.120000	0.000000	20.814555
7.130000	0.000000	20.672451
7.140000	0.000000	20.530671
7.150000	0.000000	20.378412
7.160000	0.000000	20.251267
7.170000	0.000000	20.161593
7.180000	0.000000	19.978999
7.190000	0.000000	19.845288
7.200000	0.000000	19.686171
7.210000	0.000000	19.532852
7.220000	0.000000	19.389365
7.230000	0.000000	19.247398
7.240000	0.000000	19.106987
7.250000	0.000000	18.972807
7.260000	0.000000	18.865967
7.270000	0.000000	18.759808
7.280000	0.000000	18.563286
7.290000	0.000000	18.407408
7.300000	0.000000	18.267822
7.310000	0.000000	18.127921
7.320000	0.000000	17.979720
7.330000	0.000000	17.851366
7.340000	0.000000	17.702006
7.350000	0.000000	17.561090
7.360000	0.000000	17.429039
7.370000	0.000000	17.295116
7.380000	0.000000	17.187236
7.390000	0.000000	17.089626
7.400000	0.000000	16.992686
7.410000	0.000000	16.895878
7.420000	0.000000	16.797759
7.430000	0.000000	16.702143
7.440000	0.000000	16.604539
7.450000	0.000000	16.508173
7.460000	0.000000	16.413207
7.470000	0.000000	16.315639
7.480000	0.000000	16.222053
7.490000	0.000000	16.117254
7.500000	0.000000	16.020680
7.510000	0.000000	15.925431
7.520000	0.000000	15.862745
7.530000	0.000000	15.752505
7.540000	0.000000	15.648307
7.550000	0.000000	15.572458
7.560000	0.000000	15.471616
7.570000	0.000000	15.362323
7.580000	0.000000	15.269021
7.590000	0.000000	15.172675
7.600000	0.000000	15.077523
7.610000	0.000000	14.997499
7.620000	0.000000	14.946229
7.630000	0.000000	14.911073
7.640000	0.000000	14.771106
7.650000	0.000000	14.616229
7.660000	0.000000	14.527095
7.670000	0.000000	14.413699
7.680000	0.000000	14.487731
7.690000	0.000000	14.289646
7.700000	0.000000	14.240378
7.710000	0.000000	14.373711
7.720000	0.000000	15.107877
7.730000	0.000000	15.407454
7.740000	0.000000	14.692039
7.750000	0.000000	14.691588
7.760000	0.000000	15.732446
7.770000	0.000000	17.912586
7.780000	0.000000	21.884885
7.790000	0.000000	15.973553
7.800000	0.000000	15.216058
7.810000	0.000000	13.211651
7.820000	0.000000	13.986190
7.830000	0.000000	13.222448
7.840000	0.000000	12.831783
7.850000	0.000000	12.706935
7.860000	0.000000	14.037323
7.870000	0.000000	19.635566
7.880000	0.000000	15.786702
7.890000	0.000000	12.334015
7.900000	0.000000	12.242247
7.910000	0.000000	12.155061
7.920000	0.000000	12.065145
7.930000	0.000000	11.967862
7.940000	0.000000	11.876464
7.950000	0.000000	11.785129
7.960000	0.000000	11.695772
7.970000	0.000000	11.618347
7.980000	0.000000	11.535255
7.990000	0.000000	11.466644
8.000000	0.000000	11.401822
8.010000	0.000000	11.339856
8.020000	0.000000	11.273905
8.030000	0.000000	11.210884
8.040000	0.000000	11.146029
8.050000	0.000000	11.082271
8.060000	0.000000	11.017802
8.070000	0.000000	10.952799
8.080000	0.000000	10.889018
8.090000	0.000000	10.853389
8.100000	0.000000	10.821498
8.110000	0.000000	10.724780
8.120000	0.000000	10.660379
8.130000	0.000000	10.602087
8.140000	0.000000	10.546913
8.150000	0.000000	10.460198
8.160000	0.000000	14.996422
8.170000	0.000000	10.643222
8.180000	0.000000	10.924114
8.190000	0.000000	10.437980
8.200000	0.000000	10.150949
8.210000	0.000000	10.692603
8.220000	0.000000	10.371046
8.230000	0.000000	9.939616
8.240000	0.000000	9.885686
8.250000	0.000000	9.826487
8.260000	0.000000	9.740188
8.270000	0.000000	9.677440
8.280000	0.000000	10.328492
8.290000	0.000000	12.091409
8.300000	0.000000	9.493715
8.310000	0.000000	9.435981
8.320000	0.000000	9.364746
8.330000	0.000000	9.310278
8.340000	0.000000	11.110235
8.350000	0.000000	9.474421
8.360000	0.000000	9.460728
8.370000	0.000000	9.172553
8.380000	0.000000	9.008199
8.390000	0.000000	9.182822
8.400000	0.000000	9.053451
8.410000	0.000000	8.801920
8.420000	0.000000	8.739578
8.430000	0.000000	8.677777
8.440000	0.000000	8.616484
8.450000	0.000000	8.555423
8.460000	0.000000	8.494480
8.470000	0.000000	8.551215
8.480000	0.000000	9.595713
8.490000	0.000000	8.309481
8.500000	0.000000	8.246594
8.510000	0.000000	8.185670
8.520000	0.000000	8.124746
8.530000	0.000000	8.063912
8.540000	0.000000	8.002981
8.550000	0.000000	7.942190
8.560000	0.000000	7.883429
8.570000	0.000000	7.822934
8.580000	0.000000	8.067023
8.590000	0.000000	8.115348
8.600000	0.000000	7.680321
8.610000	0.000000	7.636667
8.620000	0.000000	7.593838
8.630000	0.000000	7.551053
8.640000	0.000000	7.538949
8.650000	0.000000	7.842612
8.660000	0.000000	7.420585
8.670000	0.000000	7.377077
8.680000	0.000000	7.373049
8.690000	0.000000	7.475268
8.700000	0.000000	7.299316
8.710000	0.000000	7.314591
8.720000	0.000000	7.219640
8.730000	0.000000	7.186102
8.740000	0.000000	7.133827
8.750000	0.000000	7.035343
8.760000	0.000000	6.993037
8.770000	0.000000	6.950239
8.780000	0.000000	6.907071
8.790000	0.000000	6.864807
8.800000	0.000000	6.822986
8.810000	0.000000	6.779160
8.820000	0.000000	6.738910
8.830000	0.000000	6.716624
8.840000	0.000000	6.674656
8.850000	0.000000	6.632854
8.860000	0.000000	6.591098
8.870000	0.000000	6.549481
8.880000	0.000000	6.508100
8.890000	0.000000	6.466841
8.900000	0.000000	6.430850
8.910000	0.000000	6.388898
8.920000	0.000000	6.342540
8.930000	0.000000	6.300928
8.940000	0.000000	6.259477
8.950000	0.000000	6.218035
8.960000	0.000000	6.176615
8.970000	0.000000	6.135209
8.980000	0.000000	6.094094
8.990000	0.000000	6.056005
9.000000	0.000000	6.009574
9.010000	0.000000	5.974685
9.020000	0.000000	5.949942
9.030000	0.000000	5.892300
9.040000	0.000000	5.851562
9.050000	0.000000	5.812959
9.060000	0.000000	5.789332
9.070000	0.000000	5.801271
9.080000	0.000000	5.748582
9.090000	0.000000	5.656955
9.100000	0.000000	5.611570
9.110000	0.000000	5.567597
9.120000	0.000000	5.531634
9.130000	0.000000	5.484555
9.140000	0.000000	5.438774
9.150000	0.000000	5.398286
9.160000	0.000000	5.362716
9.170000	0.000000	5.325029
9.180000	0.000000	5.339380
9.190000	0.000000	5.248231
9.200000	0.000000	5.207774
9.210000	0.000000	5.179052
9.220000	0.000000	5.150333
9.230000	0.000000	5.121616
9.240000	0.000000	5.092955
9.250000	0.000000	5.064250
9.260000	0.000000	5.035500
9.270000	0.000000	5.006800
9.280000	0.000000	4.978104
9.290000	0.000000	4.949412
9.300000	0.000000	4.920746
9.310000	0.000000	4.892286
9.320000	0.000000	4.863862
9.330000	0.000000	4.833549
9.340000	0.000000	4.804045
9.350000	0.000000	4.775369
9.360000	0.000000	4.746711
9.370000	0.000000	4.718059
9.380000	0.000000	4.689407
9.390000	0.000000	4.660756
9.400000	0.000000	4.632105
9.410000	0.000000	4.603455
9.420000	0.000000	4.574810
9.430000	0.000000	4.546286
9.440000	0.000000	4.518876
9.450000	0.000000	4.491920
9.460000	0.000000	4.462238
9.470000	0.000000	4.434517
9.480000	0.000000	4.407138
9.490000	0.000000	4.379015
9.500000	0.000000	4.350217
9.510000	0.000000	4.321832
9.520000	0.000000	4.341358
9.530000	0.000000	4.276108
9.540000	0.000000	4.245684
9.550000	0.000000	4.214061
9.560000	0.000000	4.185418
9.570000	0.000000	4.164414
9.580000	0.000000	4.135372
9.590000	0.000000	4.102418
9.600000	0.000000	4.075113
9.610000	0.000000	4.047690
9.620000	0.000000	4.020461
9.630000	0.000000	3.993232
9.640000	0.000000	3.966004
9.650000	0.000000	3.940243
9.660000	0.000000	3.934730
9.670000	0.000000	3.882517
9.680000	0.000000	3.855306
9.690000	0.000000	3.828045
9.700000	0.000000	3.800904
9.710000	0.000000	3.773696
9.720000	0.000000	3.746401
9.730000	0.000000	3.733531
9.740000	0.000000	3.702221
9.750000	0.000000	3.667195
9.760000	0.000000	3.640387
9.770000	0.000000	3.610382
9.780000	0.000000	3.584810
9.790000	0.000000	3.560095
9.800000	0.000000	3.530373
9.810000	0.000000	3.509452
9.820000	0.000000	3.490265
9.830000	0.000000	3.470821
9.840000	0.000000	3.450626
9.850000	0.000000	3.431455
9.860000	0.000000	3.412284
9.870000	0.000000	3.393114
9.880000	0.000000	3.375169
9.890000	0.000000	3.360425
9.900000	0.000000	3.338611
9.910000	0.000000	3.316465
9.920000	0.000000	3.297318
9.930000	0.000000	3.278178
9.940000	0.000000	3.259039
9.950000	0.000000	3.239902
9.960000	0.000000	3.220768
9.970000	0.000000	3.201625
9.980000	0.000000	3.182483
9.990000	0.000000	3.163520
10.000000	0.000000	3.148397
10.010000	0.000000	3.124058
10.020000	0.000000	3.104931
10.030000	0.000000	3.086006
10.040000	0.000000	3.067089
10.050000	0.000000	3.048190
10.060000	0.000000	3.029347
10.070000	0.000000	3.012178
10.080000	0.000000	2.993020
10.090000	0.000000	2.972904
10.100000	0.000000	2.954136
10.110000	0.000000	2.935505
10.120000	0.000000	2.917551
10.130000	0.000000	2.900135
10.140000	0.000000	2.880541
10.150000	0.000000	2.862453
10.160000	0.000000	2.845290
10.170000	0.000000	2.825200
10.180000	0.000000	2.807365
10.190000	0.000000	2.788460
10.200000	0.000000	2.770184
10.210000	0.000000	2.751996
10.220000	0.000000	2.733809
10.230000	0.000000	2.715621
10.240000	0.000000	2.697433
10.250000	0.000000	2.679245
10.260000	0.000000	2.661057
10.270000	0.000000	2.642872
10.280000	0.000000	2.624717
10.290000	0.000000	2.606599
10.300000	0.000000	2.588443
10.310000	0.000000	2.570259
10.320000	0.000000	2.552081
10.330000	0.000000	2.533905
10.340000	0.000000	2.514703
10.350000	0.000000	2.496325
10.360000	0.000000	2.478161
10.370000	0.000000	2.460008
10.380000	0.000000	2.441856
10.390000	0.000000	2.423705
10.400000	0.000000	2.405554
10.410000	0.000000	2.387420
10.420000	0.000000	2.370937
10.430000	0.000000	2.356934
10.440000	0.000000	2.344135
10.450000	0.000000	2.331335
10.460000	0.000000	2.318537
10.470000	0.000000	2.305740
10.480000	0.000000	2.292944
10.490000	0.000000	2.280151
10.500000	0.000000	2.267316
10.510000	0.000000	2.253706
10.520000	0.000000	2.240924
10.530000	0.000000	2.228146
10.540000	0.000000	2.215368
10.550000	0.000000	2.202592
10.560000	0.000000	2.189813
10.570000	0.000000	2.177035
10.580000	0.000000	2.164280
10.590000	0.000000	2.151570
10.600000	0.000000	2.138889
10.610000	0.000000	2.126212
10.620000	0.000000	2.113554
10.630000	0.000000	2.100923
10.640000	0.000000	2.088294
10.650000	0.000000	2.075664
10.660000	0.000000	2.063035
10.670000	0.000000	2.050181
10.680000	0.000000	2.036937
10.690000	0.000000	2.024370
10.700000	0.000000	2.011843
10.710000	0.000000	1.999431
10.720000	0.000000	1.987047
10.730000	0.000000	1.974665
10.740000	0.000000	1.962284
10.750000	0.000000	1.949913
10.760000	0.000000	1.937637
10.770000	0.000000	1.925466
10.780000	0.000000	1.913320
10.790000	0.000000	1.901176
10.800000	0.000000	1.889032
10.810000	0.000000	1.876887
10.820000	0.000000	1.864743
10.830000	0.000000	1.852598
10.840000	0.000000	1.840065
10.850000	0.000000	1.827489
10.860000	0.000000	1.815344
10.870000	0.000000	1.803200
10.880000	0.000000	1.791055
10.890000	0.000000	1.778911
10.900000	0.000000	1.766767
10.910000	0.000000	1.754624
10.920000	0.000000	1.742484
10.930000	0.000000	1.730345
10.940000	0.000000	1.718208
10.950000	0.000000	1.706071
10.960000	0.000000	1.693938
10.970000	0.000000	1.681813
10.980000	0.000000	1.669693
10.990000	0.000000	1.657573
11.000000	0.000000	1.645454
11.010000	0.000000	1.632773
11.020000	0.000000	1.620395
11.030000	0.000000	1.608280
11.040000	0.000000	1.596325
11.050000	0.000000	1.586475
11.060000	0.000000	1.577718
11.070000	0.000000	1.569171
11.080000	0.000000	1.560626
11.090000	0.000000	1.552084
11.100000	0.000000	1.543542
11.110000	0.000000	1.534999
11.120000	0.000000	1.526459
11.130000	0.000000	1.517922
11.140000	0.000000	1.509388
11.150000	0.000000	1.500854
11.160000	0.000000	1.492322
11.170000	0.000000	1.483809
11.180000	0.000000	1.474825
11.190000	0.000000	1.466294
11.200000	0.000000	1.457824
11.210000	0.000000	1.449353
11.220000	0.000000	1.440894
11.230000	0.000000	1.432454
11.240000	0.000000	1.424019
11.250000	0.000000	1.415583
11.260000	0.000000	1.407148
11.270000	0.000000	1.398713
11.280000	0.000000	1.390295
11.290000	0.000000	1.381927
11.300000	0.000000	1.373613
11.310000	0.000000	1.365311
11.320000	0.000000	1.357037
11.330000	0.000000	1.348767
11.340000	0.000000	1.340439
11.350000	0.000000	1.331668
11.360000	0.000000	1.323399
11.370000	0.000000	1.315129
11.380000	0.000000	1.306860
11.390000	0.000000	1.298590
11.400000	0.000000	1.290321
11.410000	0.000000	1.282072
11.420000	0.000000	1.273901
11.430000	0.000000	1.265783
11.440000	0.000000	1.257671
11.450000	0.000000	1.249559
11.460000	0.000000	1.241448
11.470000	0.000000	1.233337
11.480000	0.000000	1.225226
11.490000	0.000000	1.217115
11.500000	0.000000	1.209003
11.510000	0.000000	1.200719
11.520000	0.000000	1.192234
11.530000	0.000000	1.184125
11.540000	0.000000	1.176018
11.550000	0.000000	1.167910
11.560000	0.000000	1.159803
11.570000	0.000000	1.151697
11.580000	0.000000	1.143597
11.590000	0.000000	1.135501
11.600000	0.000000	1.127407
11.610000	0.000000	1.119312
11.620000	0.000000	1.111217
11.630000	0.000000	1.103122
11.640000	0.000000	1.095028
11.650000	0.000000	1.086935
11.660000	0.000000	1.078853
11.670000	0.000000	1.070897
11.680000	0.000000	1.064309
11.690000	0.000000	1.058420
11.700000	0.000000	1.052713
11.710000	0.000000	1.047007
11.720000	0.000000	1.041301
11.730000	0.000000	1.035594
11.740000	0.000000	1.029891
11.750000	0.000000	1.024190
11.760000	0.000000	1.018504
11.770000	0.000000	1.012838
11.780000	0.000000	1.007179
11.790000	0.000000	1.001521
11.800000	0.000000	0.995862
11.810000	0.000000	0.990204
11.820000	0.000000	0.984546
11.830000	0.000000	0.978895
11.840000	0.000000	0.973259
11.850000	0.000000	0.967343
11.860000	0.000000	0.961607
11.870000	0.000000	0.955979
11.880000	0.000000	0.950404
11.890000	0.000000	0.944847
11.900000	0.000000	0.939292
11.910000	0.000000	0.933737
11.920000	0.000000	0.928182
11.930000	0.000000	0.922627
11.940000	0.000000	0.917079
11.950000	0.000000	0.911545
11.960000	0.000000	0.906020
11.970000	0.000000	0.900495
11.980000	0.000000	0.894970
11.990000	0.000000	0.889445
12.000000	0.000000	0.883921
12.010000	0.000000	0.878396
12.020000	0.000000	0.872518
12.030000	0.000000	0.866973
12.040000	0.000000	0.861449
12.050000	0.000000	0.855925
12.060000	0.000000	0.850401
12.070000	0.000000	0.844882
12.080000	0.000000	0.839418
12.090000	0.000000	0.833990
12.100000	0.000000	0.828570
12.110000	0.000000	0.823151
12.120000	0.000000	0.817732
12.130000	0.000000	0.812314
12.140000	0.000000	0.806897
12.150000	0.000000	0.801480
12.160000	0.000000	0.796063
12.170000	0.000000	0.790646
12.180000	0.000000	0.785172
12.190000	0.000000	0.779449
12.200000	0.000000	0.774039
12.210000	0.000000	0.768630
12.220000	0.000000	0.763222
12.230000	0.000000	0.757814
12.240000	0.000000	0.752406
12.250000	0.000000	0.746998
12.260000	0.000000	0.741590
12.270000	0.000000	0.736183
12.280000	0.000000	0.730778
12.290000	0.000000	0.725376
12.300000	0.000000	0.720152
12.310000	0.000000	0.715565
12.320000	0.000000	0.711736
12.330000	0.000000	0.707923
12.340000	0.000000	0.704110
12.350000	0.000000	0.700203
12.360000	0.000000	0.696241
12.370000	0.000000	0.692459
12.380000	0.000000	0.688678
12.390000	0.000000	0.684897
12.400000	0.000000	0.681116
12.410000	0.000000	0.677335
12.420000	0.000000	0.673554
12.430000	0.000000	0.669773
12.440000	0.000000	0.665996
12.450000	0.000000	0.662227
12.460000	0.000000	0.658463
12.470000	0.000000	0.654716
12.480000	0.000000	0.650999
12.490000	0.000000	0.647287
12.500000	0.000000	0.643574
12.510000	0.000000	0.639862
12.520000	0.000000	0.636005
12.530000	0.000000	0.632187
12.540000	0.000000	0.628475
12.550000	0.000000	0.624763
12.560000	0.000000	0.621052
12.570000	0.000000	0.617340
12.580000	0.000000	0.613634
12.590000	0.000000	0.609938
12.600000	0.000000	0.606246
12.610000	0.000000	0.602554
12.620000	0.000000	0.598862
12.630000	0.000000	0.595170
12.640000	0.000000	0.591479
12.650000	0.000000	0.587787
12.660000	0.000000	0.584095
12.670000	0.000000	0.580404
12.680000	0.000000	0.576712
12.690000	0.000000	0.572823
12.700000	0.000000	0.569079
12.710000	0.000000	0.565388
12.720000	0.000000	0.561697
12.730000	0.000000	0.558005
12.740000	0.000000	0.554325
12.750000	0.000000	0.550684
12.760000	0.000000	0.547061
12.770000	0.000000	0.543440
12.780000	0.000000	0.539820
12.790000	0.000000	0.536200
12.800000	0.000000	0.532580
12.810000	0.000000	0.528961
12.820000	0.000000	0.525346
12.830000	0.000000	0.521731
12.840000	0.000000	0.518116
12.850000	0.000000	0.514502
12.860000	0.000000	0.510643
12.870000	0.000000	0.507029
12.880000	0.000000	0.503415
12.890000	0.000000	0.499802
12.900000	0.000000	0.496190
12.910000	0.000000	0.492580
12.920000	0.000000	0.488970
12.930000	0.000000	0.485364
12.940000	0.000000	0.482088
12.950000	0.000000	0.479305
12.960000	0.000000	0.476762
12.970000	0.000000	0.474229
12.980000	0.000000	0.471699
12.990000	0.000000	0.469171
13.000000	0.000000	0.466644
13.010000	0.000000	0.464117
13.020000	0.000000	0.461554
13.030000	0.000000	0.458893
13.040000	0.000000	0.456366
13.050000	0.000000	0.453839
13.060000	0.000000	0.451316
13.070000	0.000000	0.448813
13.080000	0.000000	0.446327
13.090000	0.000000	0.443846
13.100000	0.000000	0.441365
13.110000	0.000000	0.438884
13.120000	0.000000	0.436403
13.130000	0.000000	0.433922
13.140000	0.000000	0.431442
13.150000	0.000000	0.428961
13.160000	0.000000	0.426480
13.170000	0.000000	0.423999
13.180000	0.000000	0.421518
13.190000	0.000000	0.418967
13.200000	0.000000	0.416389
13.210000	0.000000	0.413908
13.220000	0.000000	0.411429
13.230000	0.000000	0.408958
13.240000	0.000000	0.406491
13.250000	0.000000	0.404023
13.260000	0.000000	0.401556
13.270000	0.000000	0.399089
13.280000	0.000000	0.396621
13.290000	0.000000	0.394154
13.300000	0.000000	0.391687
13.310000	0.000000	0.389219
13.320000	0.000000	0.386752
13.330000	0.000000	0.384285
13.340000	0.000000	0.381818
13.350000	0.000000	0.379350
13.360000	0.000000	0.376778
13.370000	0.000000	0.374251
13.380000	0.000000	0.371784
13.390000	0.000000	0.369318
13.400000	0.000000	0.366852
13.410000	0.000000	0.364392
13.420000	0.000000	0.361959
13.430000	0.000000	0.359538
13.440000	0.000000	0.357119
13.450000	0.000000	0.354703
13.460000	0.000000	0.352287
13.470000	0.000000	0.349871
13.480000	0.000000	0.347455
13.490000	0.000000	0.345039
13.500000	0.000000	0.342623
13.510000	0.000000	0.340208
13.520000	0.000000	0.337793
13.530000	0.000000	0.335242
13.540000	0.000000	0.332802
13.550000	0.000000	0.330389
13.560000	0.000000	0.327977
13.570000	0.000000	0.325570
13.580000	0.000000	0.323453
13.590000	0.000000	0.321655
13.600000	0.000000	0.319963
13.610000	0.000000	0.318272
13.620000	0.000000	0.316581
13.630000	0.000000	0.314891
13.640000	0.000000	0.313202
13.650000	0.000000	0.311513
13.660000	0.000000	0.309823
13.670000	0.000000	0.308136
13.680000	0.000000	0.306462
13.690000	0.000000	0.304796
13.700000	0.000000	0.303031
13.710000	0.000000	0.301373
13.720000	0.000000	0.299714
13.730000	0.000000	0.298055
13.740000	0.000000	0.296396
13.750000	0.000000	0.294738
13.760000	0.000000	0.293079
13.770000	0.000000	0.291420
13.780000	0.000000	0.289761
13.790000	0.000000	0.288102
13.800000	0.000000	0.286444
13.810000	0.000000	0.284785
13.820000	0.000000	0.283126
13.830000	0.000000	0.281468
13.840000	0.000000	0.279809
13.850000	0.000000	0.278150
13.860000	0.000000	0.276462
13.870000	0.000000	0.274723
13.880000	0.000000	0.273073
13.890000	0.000000	0.271424
13.900000	0.000000	0.269774
13.910000	0.000000	0.268124
13.920000	0.000000	0.266475
13.930000	0.000000	0.264825
13.940000	0.000000	0.263176
13.950000	0.000000	0.261526
13.960000	0.000000	0.259877
13.970000	0.000000	0.258227
13.980000	0.000000	0.256578
13.990000	0.000000	0.254928
14.000000	0.000000	0.253279
14.010000	0.000000	0.251630
14.020000	0.000000	0.249981
14.030000	0.000000	0.248279
14.040000	0.000000	0.246572
14.050000	0.000000	0.244923
14.060000	0.000000	0.243274
14.070000	0.000000	0.241626
14.080000	0.000000	0.239981
14.090000	0.000000	0.238351
14.100000	0.000000	0.236732
14.110000	0.000000	0.235117
14.120000	0.000000	0.233501
14.130000	0.000000	0.231886
14.140000	0.000000	0.230271
14.150000	0.000000	0.228657
14.160000	0.000000	0.227042
14.170000	0.000000	0.225428
14.180000	0.000000	0.223815
14.190000	0.000000	0.222208
14.200000	0.000000	0.220530
14.210000	0.000000	0.218891
14.220000	0.000000	0.217404
14.230000	0.000000	0.216216
14.240000	0.000000	0.215082
14.250000	0.000000	0.213951
14.260000	0.000000	0.212820
14.270000	0.000000	0.211690
14.280000	0.000000	0.210563
14.290000	0.000000	0.209443
14.300000	0.000000	0.208329
14.310000	0.000000	0.207217
14.320000	0.000000	0.206107
14.330000	0.000000	0.204998
14.340000	0.000000	0.203889
14.350000	0.000000	0.202780
14.360000	0.000000	0.201671
14.370000	0.000000	0.200495
14.380000	0.000000	0.199377
14.390000	0.000000	0.198268
14.400000	0.000000	0.197159
14.410000	0.000000	0.196050
14.420000	0.000000	0.194941
14.430000	0.000000	0.193832
14.440000	0.000000	0.192723
14.450000	0.000000	0.191613
14.460000	0.000000	0.190504
14.470000	0.000000	0.189395
14.480000	0.000000	0.188286
14.490000	0.000000	0.187177
14.500000	0.000000	0.186068
14.510000	0.000000	0.184959
14.520000	0.000000	0.183850
14.530000	0.000000	0.182738
14.540000	0.000000	0.181568
14.550000	0.000000	0.180465
14.560000	0.000000	0.179362
14.570000	0.000000	0.178258
14.580000	0.000000	0.177155
14.590000	0.000000	0.176052
14.600000	0.000000	0.174949
14.610000	0.000000	0.173846
14.620000	0.000000	0.172743
14.630000	0.000000	0.171640
14.640000	0.000000	0.170538
14.650000	0.000000	0.169435
14.660000	0.000000	0.168332
14.670000	0.000000	0.167229
14.680000	0.000000	0.166126
14.690000	0.000000	0.165024
14.700000	0.000000	0.163898
14.710000	0.000000	0.162745
14.720000	0.000000	0.161644
14.730000	0.000000	0.160543
14.740000	0.000000	0.159442
14.750000	0.000000	0.158341
14.760000	0.000000	0.157242
14.770000	0.000000	0.156155
14.780000	0.000000	0.155074
14.790000	0.000000	0.153994
14.800000	0.000000	0.152916
14.810000	0.000000	0.151841
14.820000	0.000000	0.150767
14.830000	0.000000	0.149694
14.840000	0.000000	0.148620
14.850000	0.000000	0.147547
14.860000	0.000000	0.146480
14.870000	0.000000	0.145551
14.880000	0.000000	0.144771
14.890000	0.000000	0.144014
14.900000	0.000000	0.143263
14.910000	0.000000	0.142517
14.920000	0.000000	0.141772
14.930000	0.000000	0.141027
14.940000	0.000000	0.140284
14.950000	0.000000	0.139542
14.960000	0.000000	0.138801
14.970000	0.000000	0.138059
14.980000	0.000000	0.137318
14.990000	0.000000	0.136576
15.000000	0.000000	0.135835
15.010000	0.000000	0.135093
15.020000	0.000000	0.134352
15.030000	0.000000	0.133610
15.040000	0.000000	0.132832
15.050000	0.000000	0.132077
15.060000	0.000000	0.131336
15.070000	0.000000	0.130594
15.080000	0.000000	0.129853
15.090000	0.000000	0.129111
15.100000	0.000000	0.128370
15.110000	0.000000	0.127628
15.120000	0.000000	0.126886
15.130000	0.000000	0.126145
15.140000	0.000000	0.125403
15.150000	0.000000	0.124662
15.160000	0.000000	0.123920
15.170000	0.000000	0.123179
15.180000	0.000000	0.122438
15.190000	0.000000	0.121700
15.200000	0.000000	0.120963
15.210000	0.000000	0.120178
15.220000	0.000000	0.119438
15.230000	0.000000	0.118700
15.240000	0.000000	0.117963
15.250000	0.000000	0.117226
15.260000	0.000000	0.116488
15.270000	0.000000	0.115751
15.280000	0.000000	0.115014
15.290000	0.000000	0.114276
15.300000	0.000000	0.113539
15.310000	0.000000	0.112802
15.320000	0.000000	0.112065
15.330000	0.000000	0.111328
15.340000	0.000000	0.110591
15.350000	0.000000	0.109855
15.360000	0.000000	0.109118
15.370000	0.000000	0.108374
15.380000	0.000000	0.107596
15.390000	0.000000	0.106860
15.400000	0.000000	0.106124
15.410000	0.000000	0.105389
15.420000	0.000000	0.104654
15.430000	0.000000	0.103921
15.440000	0.000000	0.103191
15.450000	0.000000	0.102467
15.460000	0.000000	0.101749
15.470000	0.000000	0.101031
15.480000	0.000000	0.100312
15.490000	0.000000	0.099595
15.500000	0.000000	0.098878
15.510000	0.000000	0.098189
15.520000	0.000000	0.097625
15.530000	0.000000	0.097126
15.540000	0.000000	0.096615
15.550000	0.000000	0.096095
15.560000	0.000000	0.095597
15.570000	0.000000	0.095099
15.580000	0.000000	0.094602
15.590000	0.000000	0.094106
15.600000	0.000000	0.093610
15.610000	0.000000	0.093114
15.620000	0.000000	0.092618
15.630000	0.000000	0.092122
15.640000	0.000000	0.091626
15.650000	0.000000	0.091130
15.660000	0.000000	0.090634
15.670000	0.000000	0.090138
15.680000	0.000000	0.089642
15.690000	0.000000	0.089146
15.700000	0.000000	0.088650
15.710000	0.000000	0.088135
15.720000	0.000000	0.087625
15.730000	0.000000	0.087129
15.740000	0.000000	0.086633
15.750000	0.000000	0.086137
15.760000	0.000000	0.085641
15.770000	0.000000	0.085145
15.780000	0.000000	0.084649
15.790000	0.000000	0.084153
15.800000	0.000000	0.083657
15.810000	0.000000	0.083161
15.820000	0.000000	0.082665
15.830000	0.000000	0.082169
15.840000	0.000000	0.081674
15.850000	0.000000	0.081180
15.860000	0.000000	0.080687
15.870000	0.000000	0.080194
15.880000	0.000000	0.079674
15.890000	0.000000	0.079174
15.900000	0.000000	0.078681
15.910000	0.000000	0.078188
15.920000	0.000000	0.077694
15.930000	0.000000	0.077201
15.940000	0.000000	0.076708
15.950000	0.000000	0.076215
15.960000	0.000000	0.075722
15.970000	0.000000	0.075229
15.980000	0.000000	0.074736
15.990000	0.000000	0.074244
16.000000	0.000000	0.073751
16.010000	0.000000	0.073259
16.020000	0.000000	0.072766
16.030000	0.000000	0.072274
16.040000	0.000000	0.071782
16.050000	0.000000	0.071258
16.060000	0.000000	0.070768
16.070000	0.000000	0.070278
16.080000	0.000000	0.069789
16.090000	0.000000	0.069299
16.100000	0.000000	0.068809
16.110000	0.000000	0.068320
16.120000	0.000000	0.067830
16.130000	0.000000	0.067345
16.140000	0.000000	0.066865
16.150000	0.000000	0.066389
16.160000	0.000000	0.065936
16.170000	0.000000	0.065550
16.180000	0.000000	0.065216
16.190000	0.000000	0.064883
16.200000	0.000000	0.064549
16.210000	0.000000	0.064211
16.220000	0.000000	0.063862
16.230000	0.000000	0.063530
16.240000	0.000000	0.063198
16.250000	0.000000	0.062867
16.260000	0.000000	0.062535
16.270000	0.000000	0.062203
16.280000	0.000000	0.061872
16.290000	0.000000	0.061540
16.300000	0.000000	0.061208
16.310000	0.000000	0.060877
16.320000	0.000000	0.060545
16.330000	0.000000	0.060214
16.340000	0.000000	0.059882
16.350000	0.000000	0.059550
16.360000	0.000000	0.059219
16.370000	0.000000	0.058887
16.380000	0.000000	0.058546
16.390000	0.000000	0.058201
16.400000	0.000000	0.057870
16.410000	0.000000	0.057538
16.420000	0.000000	0.057206
16.430000	0.000000	0.056875
16.440000	0.000000	0.056543
16.450000	0.000000	0.056212
16.460000	0.000000	0.055880
16.470000	0.000000	0.055548
16.480000	0.000000	0.055217
16.490000	0.000000	0.054885
16.500000	0.000000	0.054554
16.510000	0.000000	0.054224
16.520000	0.000000	0.053894
16.530000	0.000000	0.053564
16.540000	0.000000	0.053235
16.550000	0.000000	0.052891
16.560000	0.000000	0.052553
16.570000	0.000000	0.052223
16.580000	0.000000	0.051893
16.590000	0.000000	0.051564
16.600000	0.000000	0.051234
16.610000	0.000000	0.050904
16.620000	0.000000	0.050575
16.630000	0.000000	0.050245
16.640000	0.000000	0.049916
16.650000	0.000000	0.049587
16.660000	0.000000	0.049257
16.670000	0.000000	0.048929
16.680000	0.000000	0.048600
16.690000	0.000000	0.048273
16.700000	0.000000	0.047945
16.710000	0.000000	0.047618
16.720000	0.000000	0.047272
16.730000	0.000000	0.046941
16.740000	0.000000	0.046614
16.750000	0.000000	0.046286
16.760000	0.000000	0.045959
16.770000	0.000000	0.045634
16.780000	0.000000	0.045309
16.790000	0.000000	0.044985
16.800000	0.000000	0.044661
16.810000	0.000000	0.044348
16.820000	0.000000	0.044077
16.830000	0.000000	0.043850
16.840000	0.000000	0.043627
16.850000	0.000000	0.043404
16.860000	0.000000	0.043182
16.870000	0.000000	0.042960
16.880000	0.000000	0.042737
16.890000	0.000000	0.042501
16.900000	0.000000	0.042279
16.910000	0.000000	0.042057
16.920000	0.000000	0.041835
16.930000	0.000000	0.041613
16.940000	0.000000	0.041391
16.950000	0.000000	0.041169
16.960000	0.000000	0.040947
16.970000	0.000000	0.040725
16.980000	0.000000	0.040503
16.990000	0.000000	0.040282
17.000000	0.000000	0.040060
17.010000	0.000000	0.039838
17.020000	0.000000	0.039616
17.030000	0.000000	0.039394
17.040000	0.000000	0.039172
17.050000	0.000000	0.038946
17.060000	0.000000	0.038714
17.070000	0.000000	0.038492
17.080000	0.000000	0.038270
17.090000	0.000000	0.038048
17.100000	0.000000	0.037826
17.110000	0.000000	0.037604
17.120000	0.000000	0.037382
17.130000	0.000000	0.037161
17.140000	0.000000	0.036939
17.150000	0.000000	0.036717
17.160000	0.000000	0.036495
17.170000	0.000000	0.036274
17.180000	0.000000	0.036053
17.190000	0.000000	0.035833
17.200000	0.000000	0.035612
17.210000	0.000000	0.035392
17.220000	0.000000	0.035164
17.230000	0.000000	0.034936
17.240000	0.000000	0.034715
17.250000	0.000000	0.034494
17.260000	0.000000	0.034274
17.270000	0.000000	0.034053
17.280000	0.000000	0.033833
17.290000	0.000000	0.033613
17.300000	0.000000	0.033393
17.310000	0.000000	0.033173
17.320000	0.000000	0.032954
17.330000	0.000000	0.032735
17.340000	0.000000	0.032516
17.350000	0.000000	0.032297
17.360000	0.000000	0.032078
17.370000	0.000000	0.031859
17.380000	0.000000	0.031640
17.390000	0.000000	0.031410
17.400000	0.000000	0.031188
17.410000	0.000000	0.030971
17.420000	0.000000	0.030755
17.430000	0.000000	0.030538
17.440000	0.000000	0.030321
17.450000	0.000000	0.030104
17.460000	0.000000	0.029887
17.470000	0.000000	0.029687
17.480000	0.000000	0.029517
17.490000	0.000000	0.029364
17.500000	0.000000	0.029211
17.510000	0.000000	0.029060
17.520000	0.000000	0.028912
17.530000	0.000000	0.028763
17.540000	0.000000	0.028615
17.550000	0.000000	0.028466
17.560000	0.000000	0.028309
17.570000	0.000000	0.028159
17.580000	0.000000	0.028011
17.590000	0.000000	0.027862
17.600000	0.000000	0.027714
17.610000	0.000000	0.027565
17.620000	0.000000	0.027417
17.630000	0.000000	0.027268
17.640000	0.000000	0.027120
17.650000	0.000000	0.026972
17.660000	0.000000	0.026823
17.670000	0.000000	0.026675
17.680000	0.000000	0.026527
17.690000	0.000000	0.026378
17.700000	0.000000	0.026230
17.710000	0.000000	0.026081
17.720000	0.000000	0.025932
17.730000	0.000000	0.025775
17.740000	0.000000	0.025626
17.750000	0.000000	0.025478
17.760000	0.000000	0.025329
17.770000	0.000000	0.025181
17.780000	0.000000	0.025033
17.790000	0.000000	0.024884
17.800000	0.000000	0.024736
17.810000	0.000000	0.024588
17.820000	0.000000	0.024439
17.830000	0.000000	0.024291
17.840000	0.000000	0.024143
17.850000	0.000000	0.023996
17.860000	0.000000	0.023848
17.870000	0.000000	0.023701
17.880000	0.000000	0.023553
17.890000	0.000000	0.023402
17.900000	0.000000	0.023248
17.910000	0.000000	0.023101
17.920000	0.000000	0.022953
17.930000	0.000000	0.022806
17.940000	0.000000	0.022659
17.950000	0.000000	0.022512
17.960000	0.000000	0.022366
17.970000	0.000000	0.022219
17.980000	0.000000	0.022072
17.990000	0.000000	0.021926
18.000000	0.000000	0.021779
18.010000	0.000000	0.021633
18.020000	0.000000	0.021486
18.030000	0.000000	0.021341
18.040000	0.000000	0.021196
18.050000	0.000000	0.021050
18.060000	0.000000	0.020900
18.070000	0.000000	0.020750
18.080000	0.000000	0.020605
18.090000	0.000000	0.020460
18.100000	0.000000	0.020315
18.110000	0.000000	0.020170
18.120000	0.000000	0.020026
18.130000	0.000000	0.019901
18.140000	0.000000	0.019794
18.150000	0.000000	0.019692
18.160000	0.000000	0.019589
18.170000	0.000000	0.019487
18.180000	0.000000	0.019385
18.190000	0.000000	0.019283
18.200000	0.000000	0.019182
18.210000	0.000000	0.019083
18.220000	0.000000	0.018983
18.230000	0.000000	0.018879
18.240000	0.000000	0.018778
18.250000	0.000000	0.018679
18.260000	0.000000	0.018579
18.270000	0.000000	0.018480
18.280000	0.000000	0.018381
18.290000	0.000000	0.018281
18.300000	0.000000	0.018182
18.310000	0.000000	0.018083
18.320000	0.000000	0.017983
18.330000	0.000000	0.017884
18.340000	0.000000	0.017785
18.350000	0.000000	0.017685
18.360000	0.000000	0.017586
18.370000	0.000000	0.017487
18.380000	0.000000	0.017388
18.390000	0.000000	0.017288
18.400000	0.000000	0.017183
18.410000	0.000000	0.017083
18.420000	0.000000	0.016984
18.430000	0.000000	0.016885
18.440000	0.000000	0.016785
18.450000	0.000000	0.016686
18.460000	0.000000	0.016587
18.470000	0.000000	0.016488
18.480000	0.000000	0.016388
18.490000	0.000000	0.016289
18.500000	0.000000	0.016190
18.510000	0.000000	0.016091
18.520000	0.000000	0.015993
18.530000	0.000000	0.015894
18.540000	0.000000	0.015795
18.550000	0.000000	0.015696
18.560000	0.000000	0.015597
18.570000	0.000000	0.015492
18.580000	0.000000	0.015394
18.590000	0.000000	0.015296
18.600000	0.000000	0.015198
18.610000	0.000000	0.015100
18.620000	0.000000	0.015002
18.630000	0.000000	0.014904
18.640000	0.000000	0.014806
18.650000	0.000000	0.014708
18.660000	0.000000	0.014610
18.670000	0.000000	0.014513
18.680000	0.000000	0.014416
18.690000	0.000000	0.014319
18.700000	0.000000	0.014221
18.710000	0.000000	0.014124
18.720000	0.000000	0.014027
18.730000	0.000000	0.013928
18.740000	0.000000	0.013827
18.750000	0.000000	0.013729
18.760000	0.000000	0.013632
18.770000	0.000000	0.013535
18.780000	0.000000	0.013439
18.790000	0.000000	0.013357
18.800000	0.000000	0.013285
18.810000	0.000000	0.013217
18.820000	0.000000	0.013149
18.830000	0.000000	0.013080
18.840000	0.000000	0.013012
18.850000	0.000000	0.012943
18.860000	0.000000	0.012875
18.870000	0.000000	0.012807
18.880000	0.000000	0.012739
18.890000	0.000000	0.012670
18.900000	0.000000	0.012601
18.910000	0.000000	0.012533
18.920000	0.000000	0.012466
18.930000	0.000000	0.012400
18.940000	0.000000	0.012333
18.950000	0.000000	0.012267
18.960000	0.000000	0.012201
18.970000	0.000000	0.012134
18.980000	0.000000	0.012068
18.990000	0.000000	0.012001
19.000000	0.000000	0.011935
19.010000	0.000000	0.011868
19.020000	0.000000	0.011802
19.030000	0.000000	0.011735
19.040000	0.000000	0.011669
19.050000	0.000000	0.011603
19.060000	0.000000	0.011536
19.070000	0.000000	0.011466
19.080000	0.000000	0.011399
19.090000	0.000000	0.011332
19.100000	0.000000	0.011266
19.110000	0.000000	0.011200
19.120000	0.000000	0.011133
19.130000	0.000000	0.011067
19.140000	0.000000	0.011000
19.150000	0.000000	0.010934
19.160000	0.000000	0.010868
19.170000	0.000000	0.010801
19.180000	0.000000	0.010735
19.190000	0.000000	0.010669
19.200000	0.000000	0.010603
19.210000	0.000000	0.010537
19.220000	0.000000	0.010471
19.230000	0.000000	0.010406
19.240000	0.000000	0.010336
19.250000	0.000000	0.010270
19.260000	0.000000	0.010204
19.270000	0.000000	0.010139
19.280000	0.000000	0.010073
19.290000	0.000000	0.010008
19.300000	0.000000	0.009942
19.310000	0.000000	0.009877
19.320000	0.000000	0.009812
19.330000	0.000000	0.009747
19.340000	0.000000	0.009682
19.350000	0.000000	0.009617
19.360000	0.000000	0.009552
19.370000	0.000000	0.009487
19.380000	0.000000	0.009422
19.390000	0.000000	0.009358
19.400000	0.000000	0.009292
19.410000	0.000000	0.009223
19.420000	0.000000	0.009158
19.430000	0.000000	0.009093
19.440000	0.000000	0.009029
19.450000	0.000000	0.008974
19.460000	0.000000	0.008926
19.470000	0.000000	0.008880
19.480000	0.000000	0.008835
19.490000	0.000000	0.008789
19.500000	0.000000	0.008743
19.510000	0.000000	0.008697
19.520000	0.000000	0.008652
19.530000	0.000000	0.008606
19.540000	0.000000	0.008560
19.550000	0.000000	0.008514
19.560000	0.000000	0.008469
19.570000	0.000000	0.008422
19.580000	0.000000	0.008374
19.590000	0.000000	0.008329
19.600000	0.000000	0.008285
19.610000	0.000000	0.008240
19.620000	0.000000	0.008196
19.630000	0.000000	0.008151
19.640000	0.000000	0.008107
19.650000	0.000000	0.008062
19.660000	0.000000	0.008018
19.670000	0.000000	0.007973
19.680000	0.000000	0.007929
19.690000	0.000000	0.007884
19.700000	0.000000	0.007840
19.710000	0.000000	0.007796
19.720000	0.000000	0.007751
19.730000	0.000000	0.007707
19.740000	0.000000	0.007660
19.750000	0.000000	0.007615
19.760000	0.000000	0.007570
19.770000	0.000000	0.007526
19.780000	0.000000	0.007482
19.790000	0.000000	0.007437
19.800000	0.000000	0.007393
19.810000	0.000000	0.007348
19.820000	0.000000	0.007304
19.830000	0.000000	0.007259
19.840000	0.000000	0.007215
19.850000	0.000000	0.007171
19.860000	0.000000	0.007127
19.870000	0.000000	0.007083
19.880000	0.000000	0.007039
19.890000	0.000000	0.006995
19.900000	0.000000	0.006951
19.910000	0.000000	0.006905
19.920000	0.000000	0.006860
19.930000	0.000000	0.006817
19.940000	0.000000	0.006773
19.950000	0.000000	0.006729
19.960000	0.000000	0.006686
19.970000	0.000000	0.006642
19.980000	0.000000	0.006599
19.990000	0.000000	0.006555
20.000000	0.000000	0.006512
20.010000	0.000000	0.006469
20.020000	0.000000	0.006425
20.030000	0.000000	0.006382
20.040000	0.000000	0.006338
20.050000	0.000000	0.006295
20.060000	0.000000	0.006251
20.070000	0.000000	0.006208
20.080000	0.000000	0.006161
20.090000	0.000000	0.006118
20.100000	0.000000	0.006075
20.110000	0.000000	0.006036
20.120000	0.000000	0.006003
20.130000	0.000000	0.005972
20.140000	0.000000	0.005942
20.150000	0.000000	0.005911
20.160000	0.000000	0.005881
20.170000	0.000000	0.005850
20.180000	0.000000	0.005819
20.190000	0.000000	0.005789
20.200000	0.000000	0.005758
20.210000	0.000000	0.005727
20.220000	0.000000	0.005697
20.230000	0.000000	0.005666
20.240000	0.000000	0.005635
20.250000	0.000000	0.005603
20.260000	0.000000	0.005572
20.270000	0.000000	0.005542
20.280000	0.000000	0.005511
20.290000	0.000000	0.005481
20.300000	0.000000	0.005451
20.310000	0.000000	0.005421
20.320000	0.000000	0.005392
20.330000	0.000000	0.005362
20.340000	0.000000	0.005332
20.350000	0.000000	0.005302
20.360000	0.000000	0.005273
20.370000	0.000000	0.005243
20.380000	0.000000	0.005213
20.390000	0.000000	0.005183
20.400000	0.000000	0.005154
20.410000	0.000000	0.005123
20.420000	0.000000	0.005092
20.430000	0.000000	0.005062
20.440000	0.000000	0.005032
20.450000	0.000000	0.005003
20.460000	0.000000	0.004973
20.470000	0.000000	0.004943
20.480000	0.000000	0.004914
20.490000	0.000000	0.004884
20.500000	0.000000	0.004854
20.510000	0.000000	0.004824
20.520000	0.000000	0.004795
20.530000	0.000000	0.004766
20.540000	0.000000	0.004736
20.550000	0.000000	0.004707
20.560000	0.000000	0.004677
20.570000	0.000000	0.004648
20.580000	0.000000	0.004617
20.590000	0.000000	0.004588
20.600000	0.000000	0.004558
20.610000	0.000000	0.004529
20.620000	0.000000	0.004500
20.630000	0.000000	0.004471
20.640000	0.000000	0.004442
20.650000	0.000000	0.004413
20.660000	0.000000	0.004384
20.670000	0.000000	0.004355
20.680000	0.000000	0.004326
20.690000	0.000000	0.004296
20.700000	0.000000	0.004267
20.710000	0.000000	0.004238
20.720000	0.000000	0.004209
20.730000	0.000000	0.004180
20.740000	0.000000	0.004151
20.750000	0.000000	0.004120
20.760000	0.000000	0.004091
20.770000	0.000000	0.004063
20.780000	0.000000	0.004040
20.790000	0.000000	0.004019
20.800000	0.000000	0.003999
20.810000	0.000000	0.003978
20.820000	0.000000	0.003958
20.830000	0.000000	0.003937
20.840000	0.000000	0.003917
20.850000	0.000000	0.003896
20.860000	0.000000	0.003876
20.870000	0.000000	0.003855
20.880000	0.000000	0.003835
20.890000	0.000000	0.003814
20.900000	0.000000	0.003794
20.910000	0.000000	0.003773
20.920000	0.000000	0.003751
20.930000	0.000000	0.003731
20.940000	0.000000	0.003710
20.950000	0.000000	0.003690
20.960000	0.000000	0.003670
20.970000	0.000000	0.003649
20.980000	0.000000	0.003629
20.990000	0.000000	0.003608
21.000000	0.000000	0.003589
21.010000	0.000000	0.003569
21.020000	0.000000	0.003549
21.030000	0.000000	0.003529
21.040000	0.000000	0.003509
21.050000	0.000000	0.003489
21.060000	0.000000	0.003469
21.070000	0.000000	0.003449
21.080000	0.000000	0.003429
21.090000	0.000000	0.003408
21.100000	0.000000	0.003388
21.110000	0.000000	0.003368
21.120000	0.000000	0.003348
21.130000	0.000000	0.003328
21.140000	0.000000	0.003308
21.150000	0.000000	0.003288
21.160000	0.000000	0.003269
21.170000	0.000000	0.003249
21.180000	0.000000	0.003229
21.190000	0.000000	0.003209
21.200000	0.000000	0.003190
21.210000	0.000000	0.003170
21.220000	0.000000	0.003150
21.230000	0.000000	0.003131
21.240000	0.000000	0.003111
21.250000	0.000000	0.003091
21.260000	0.000000	0.003071
21.270000	0.000000	0.003052
21.280000	0.000000	0.003032
21.290000	0.000000	0.003013
21.300000	0.000000	0.002993
21.310000	0.000000	0.002974
21.320000	0.000000	0.002954
21.330000	0.000000	0.002935
21.340000	0.000000	0.002915
21.350000	0.000000	0.002896
21.360000	0.000000	0.002876
21.370000	0.000000	0.002857
21.380000	0.000000	0.002837
21.390000	0.000000	0.002818
21.400000	0.000000	0.002798
21.410000	0.000000	0.002779
21.420000	0.000000	0.002759
21.430000	0.000000	0.002739
21.440000	0.000000	0.002721
21.450000	0.000000	0.002707
21.460000	0.000000	0.002694
21.470000	0.000000	0.002680
21.480000	0.000000	0.002666
21.490000	0.000000	0.002652
21.500000	0.000000	0.002639
21.510000	0.000000	0.002625
21.520000	0.000000	0.002611
21.530000	0.000000	0.002597
21.540000	0.000000	0.002584
21.550000	0.000000	0.002570
21.560000	0.000000	0.002556
21.570000	0.000000	0.002543
21.580000	0.000000	0.002529
21.590000	0.000000	0.002514
21.600000	0.000000	0.002501
21.610000	0.000000	0.002487
21.620000	0.000000	0.002473
21.630000	0.000000	0.002459
21.640000	0.000000	0.002446
21.650000	0.000000	0.002432
21.660000	0.000000	0.002418
21.670000	0.000000	0.002405
21.680000	0.000000	0.002391
21.690000	0.000000	0.002377
21.700000	0.000000	0.002364
21.710000	0.000000	0.002351
21.720000	0.000000	0.002337
21.730000	0.000000	0.002324
21.740000	0.000000	0.002311
21.750000	0.000000	0.002297
21.760000	0.000000	0.002283
21.770000	0.000000	0.002270
21.780000	0.000000	0.002257
21.790000	0.000000	0.002243
21.800000	0.000000	0.002230
21.810000	0.000000	0.002217
21.820000	0.000000	0.002203
21.830000	0.000000	0.002190
21.840000	0.000000	0.002177
21.850000	0.000000	0.002164
21.860000	0.000000	0.002151
21.870000	0.000000	0.002137
21.880000	0.000000	0.002124
21.890000	0.000000	0.002111
21.900000	0.000000	0.002098
21.910000	0.000000	0.002085
21.920000	0.000000	0.002072
21.930000	0.000000	0.002058
21.940000	0.000000	0.002045
21.950000	0.000000	0.002032
21.960000	0.000000	0.002019
21.970000	0.000000	0.002006
21.980000	0.000000	0.001993
21.990000	0.000000	0.001980
22.000000	0.000000	0.001967
22.010000	0.000000	0.001954
22.020000	0.000000	0.001941
22.030000	0.000000	0.001928
22.040000	0.000000	0.001915
22.050000	0.000000	0.001902
22.060000	0.000000	0.001889
22.070000	0.000000	0.001876
22.080000	0.000000	0.001863
22.090000	0.000000	0.001849
22.100000	0.000000	0.001836
22.110000	0.000000	0.001825
22.120000	0.000000	0.001816
22.130000	0.000000	0.001806
22.140000	0.000000	0.001797
22.150000	0.000000	0.001788
22.160000	0.000000	0.001779
22.170000	0.000000	0.001770
22.180000	0.000000	0.001760
22.190000	0.000000	0.001751
22.200000	0.000000	0.001742
22.210000	0.000000	0.001733
22.220000	0.000000	0.001724
22.230000	0.000000	0.001714
22.240000	0.000000	0.001705
22.250000	0.000000	0.001696
22.260000	0.000000	0.001686
22.270000	0.000000	0.001677
22.280000	0.000000	0.001668
22.290000	0.000000	0.001659
22.300000	0.000000	0.001650
22.310000	0.000000	0.001640
22.320000	0.000000	0.001631
22.330000	0.000000	0.001622
22.340000	0.000000	0.001613
22.350000	0.000000	0.001604
22.360000	0.000000	0.001595
22.370000	0.000000	0.001585
22.380000	0.000000	0.001576
22.390000	0.000000	0.001567
22.400000	0.000000	0.001558
22.410000	0.000000	0.001549
22.420000	0.000000	0.001540
22.430000	0.000000	0.001531
22.440000	0.000000	0.001522
22.450000	0.000000	0.001513
22.460000	0.000000	0.001504
22.470000	0.000000	0.001495
22.480000	0.000000	0.001486
22.490000	0.000000	0.001478
22.500000	0.000000	0.001469
22.510000	0.000000	0.001460
22.520000	0.000000	0.001451
22.530000	0.000000	0.001442
22.540000	0.000000	0.001433
22.550000	0.000000	0.001425
22.560000	0.000000	0.001416
22.570000	0.000000	0.001407
22.580000	0.000000	0.001399
22.590000	0.000000	0.001390
22.600000	0.000000	0.001380
22.610000	0.000000	0.001372
22.620000	0.000000	0.001363
22.630000	0.000000	0.001354
22.640000	0.000000	0.001346
22.650000	0.000000	0.001337
22.660000	0.000000	0.001328
22.670000	0.000000	0.001319
22.680000	0.000000	0.001311
22.690000	0.000000	0.001302
22.700000	0.000000	0.001293
22.710000	0.000000	0.001285
22.720000	0.000000	0.001276
22.730000	0.000000	0.001267
22.740000	0.000000	0.001258
22.750000	0.000000	0.001250
22.760000	0.000000	0.001241
22.770000	0.000000	0.001232
22.780000	0.000000	0.001225
22.790000	0.000000	0.001218
22.800000	0.000000	0.001212
22.810000	0.000000	0.001206
22.820000	0.000000	0.001200
22.830000	0.000000	0.001194
22.840000	0.000000	0.001188
22.850000	0.000000	0.001182
22.860000	0.000000	0.001175
22.870000	0.000000	0.001169
22.880000	0.000000	0.001163
22.890000	0.000000	0.001157
22.900000	0.000000	0.001151
22.910000	0.000000	0.001145
22.920000	0.000000	0.001139
22.930000	0.000000	0.001132
22.940000	0.000000	0.001126
22.950000	0.000000	0.001120
22.960000	0.000000	0.001114
22.970000	0.000000	0.001107
22.980000	0.000000	0.001101
22.990000	0.000000	0.001095
23.000000	0.000000	0.001089
23.010000	0.000000	0.001083
23.020000	0.000000	0.001077
23.030000	0.000000	0.001071
23.040000	0.000000	0.001064
23.050000	0.000000	0.001058
23.060000	0.000000	0.001052
23.070000	0.000000	0.001046
23.080000	0.000000	0.001040
23.090000	0.000000	0.001034
23.100000	0.000000	0.001027
23.110000	0.000000	0.001021
23.120000	0.000000	0.001015
23.130000	0.000000	0.001009
23.140000	0.000000	0.001004
23.150000	0.000000	0.000998
23.160000	0.000000	0.000992
23.170000	0.000000	0.000986
23.180000	0.000000	0.000980
23.190000	0.000000	0.000974
23.200000	0.000000	0.000968
23.210000	0.000000	0.000962
23.220000	0.000000	0.000956
23.230000	0.000000	0.000951
23.240000	0.000000	0.000945
23.250000	0.000000	0.000939
23.260000	0.000000	0.000933
23.270000	0.000000	0.000927
23.280000	0.000000	0.000921
23.290000	0.000000	0.000915
23.300000	0.000000	0.000909
23.310000	0.000000	0.000903
23.320000	0.000000	0.000898
23.330000	0.000000	0.000892
23.340000	0.000000	0.000886
23.350000	0.000000	0.000880
23.360000	0.000000	0.000874
23.370000	0.000000	0.000868
23.380000	0.000000	0.000863
23.390000	0.000000	0.000857
23.400000	0.000000	0.000851
23.410000	0.000000	0.000845
23.420000	0.000000	0.000839
23.430000	0.000000	0.000833
23.440000	0.000000	0.000827
23.450000	0.000000	0.000823
23.460000	0.000000	0.000818
23.470000	0.000000	0.000814
23.480000	0.000000	0.000810
23.490000	0.000000	0.000806
23.500000	0.000000	0.000802
23.510000	0.000000	0.000798
23.520000	0.000000	0.000794
23.530000	0.000000	0.000790
23.540000	0.000000	0.000785
23.550000	0.000000	0.000781
23.560000	0.000000	0.000777
23.570000	0.000000	0.000773
23.580000	0.000000	0.000769
23.590000	0.000000	0.000765
23.600000	0.000000	0.000761
23.610000	0.000000	0.000756
23.620000	0.000000	0.000752
23.630000	0.000000	0.000748
23.640000	0.000000	0.000744
23.650000	0.000000	0.000740
23.660000	0.000000	0.000736
23.670000	0.000000	0.000732
23.680000	0.000000	0.000728
23.690000	0.000000	0.000724
23.700000	0.000000	0.000719
23.710000	0.000000	0.000715
23.720000	0.000000	0.000711
23.730000	0.000000	0.000707
23.740000	0.000000	0.000703
23.750000	0.000000	0.000699
23.760000	0.000000	0.000695
23.770000	0.000000	0.000690
23.780000	0.000000	0.000686
23.790000	0.000000	0.000682
23.800000	0.000000	0.000678
23.810000	0.000000	0.000674
23.820000	0.000000	0.000670
23.830000	0.000000	0.000666
23.840000	0.000000	0.000662
23.850000	0.000000	0.000658
23.860000	0.000000	0.000654
23.870000	0.000000	0.000650
23.880000	0.000000	0.000647
23.890000	0.000000	0.000643
23.900000	0.000000	0.000639
23.910000	0.000000	0.000635
23.920000	0.000000	0.000631
23.930000	0.000000	0.000627
23.940000	0.000000	0.000623
23.950000	0.000000	0.000619
23.960000	0.000000	0.000615
23.970000	0.000000	0.000611
23.980000	0.000000	0.000607
23.990000	0.000000	0.000603
24.000000	0.000000	0.000599
24.010000	0.000000	0.000595
24.020000	0.000000	0.000592
24.030000	0.000000	0.000588
24.040000	0.000000	0.000584
24.050000	0.000000	0.000580
24.060000	0.000000	0.000576
24.070000	0.000000	0.000572
24.080000	0.000000	0.000568
24.090000	0.000000	0.000564
24.100000	0.000000	0.000560
24.110000	0.000000	0.000556
24.120000	0.000000	0.000553
24.130000	0.000000	0.000550
24.140000	0.000000	0.000547
24.150000	0.000000	0.000544
24.160000	0.000000	0.000542
24.170000	0.000000	0.000539
24.180000	0.000000	0.000536
24.190000	0.000000	0.000533
24.200000	0.000000	0.000531
24.210000	0.000000	0.000528
24.220000	0.000000	0.000525
24.230000	0.000000	0.000522
24.240000	0.000000	0.000519
24.250000	0.000000	0.000517
24.260000	0.000000	0.000514
24.270000	0.000000	0.000511
24.280000	0.000000	0.000508
24.290000	0.000000	0.000506
24.300000	0.000000	0.000503
24.310000	0.000000	0.000500
24.320000	0.000000	0.000497
24.330000	0.000000	0.000495
24.340000	0.000000	0.000492
24.350000	0.000000	0.000489
24.360000	0.000000	0.000486
24.370000	0.000000	0.000484
24.380000	0.000000	0.000481
24.390000	0.000000	0.000478
24.400000	0.000000	0.000475
24.410000	0.000000	0.000473
24.420000	0.000000	0.000470
24.430000	0.000000	0.000467
24.440000	0.000000	0.000464
24.450000	0.000000	0.000461
24.460000	0.000000	0.000459
24.470000	0.000000	0.000456
24.480000	0.000000	0.000453
24.490000	0.000000	0.000450
24.500000	0.000000	0.000448
24.510000	0.000000	0.000445
24.520000	0.000000	0.000442
24.530000	0.000000	0.000440
24.540000	0.000000	0.000437
24.550000	0.000000	0.000434
24.560000	0.000000	0.000432
24.570000	0.000000	0.000429
24.580000	0.000000	0.000427
24.590000	0.000000	0.000424
24.600000	0.000000	0.000421
24.610000	0.000000	0.000419
24.620000	0.000000	0.000416
24.630000	0.000000	0.000413
24.640000	0.000000	0.000411
24.650000	0.000000	0.000408
24.660000	0.000000	0.000405
24.670000	0.000000	0.000403
24.680000	0.000000	0.000400
24.690000	0.000000	0.000398
24.700000	0.000000	0.000395
24.710000	0.000000	0.000392
24.720000	0.000000	0.000390
24.730000	0.000000	0.000387
24.740000	0.000000	0.000385
24.750000	0.000000	0.000382
24.760000	0.000000	0.000379
24.770000	0.000000	0.000377
24.780000	0.000000	0.000374
24.790000	0.000000	0.000372
24.800000	0.000000	0.000370
24.810000	0.000000	0.000368
24.820000	0.000000	0.000366
24.830000	0.000000	0.000364
24.840000	0.000000	0.000362
24.850000	0.000000	0.000360
24.860000	0.000000	0.000358
24.870000	0.000000	0.000357
24.880000	0.000000	0.000355
24.890000	0.000000	0.000353
24.900000	0.000000	0.000351
24.910000	0.000000	0.000349
24.920000	0.000000	0.000347
24.930000	0.000000	0.000346
24.940000	0.000000	0.000344
24.950000	0.000000	0.000342
24.960000	0.000000	0.000340
24.970000	0.000000	0.000338
24.980000	0.000000	0.000336
24.990000	0.000000	0.000334
25.000000	0.000000	0.000333
25.010000	0.000000	0.000331
25.020000	0.000000	0.000329
25.030000	0.000000	0.000327
25.040000	0.000000	0.000325
25.050000	0.000000	0.000323
25.060000	0.000000	0.000322
25.070000	0.000000	0.000320
25.080000	0.000000	0.000318
25.090000	0.000000	0.000316
25.100000	0.000000	0.000314
25.110000	0.000000	0.000312
25.120000	0.000000	0.000310
25.130000	0.000000	0.000309
25.140000	0.000000	0.000307
25.150000	0.000000	0.000305
25.160000	0.000000	0.000303
25.170000	0.000000	0.000301
25.180000	0.000000	0.000299
25.190000	0.000000	0.000298
25.200000	0.000000	0.000296
25.210000	0.000000	0.000294
25.220000	0.000000	0.000292
25.230000	0.000000	0.000290
25.240000	0.000000	0.000289
25.250000	0.000000	0.000287
25.260000	0.000000	0.000285
25.270000	0.000000	0.000283
25.280000	0.000000	0.000282
25.290000	0.000000	0.000280
25.300000	0.000000	0.000278
25.310000	0.000000	0.000276
25.320000	0.000000	0.000275
25.330000	0.000000	0.000273
25.340000	0.000000	0.000271
25.350000	0.000000	0.000269
25.360000	0.000000	0.000268
25.370000	0.000000	0.000266
25.380000	0.000000	0.000264
25.390000	0.000000	0.000262
25.400000	0.000000	0.000261
25.410000	0.000000	0.000259
25.420000	0.000000	0.000257
25.430000	0.000000	0.000255
25.440000	0.000000	0.000254
25.450000	0.000000	0.000252
25.460000	0.000000	0.000250
25.470000	0.000000	0.000249
25.480000	0.000000	0.000247
25.490000	0.000000	0.000246
25.500000	0.000000	0.000245
25.510000	0.000000	0.000244
25.520000	0.000000	0.000242
25.530000	0.000000	0.000241
25.540000	0.000000	0.000240
25.550000	0.000000	0.000239
25.560000	0.000000	0.000237
25.570000	0.000000	0.000236
25.580000	0.000000	0.000235
25.590000	0.000000	0.000234
25.600000	0.000000	0.000233
25.610000	0.000000	0.000231
25.620000	0.000000	0.000230
25.630000	0.000000	0.000229
25.640000	0.000000	0.000228
25.650000	0.000000	0.000226
25.660000	0.000000	0.000225
25.670000	0.000000	0.000224
25.680000	0.000000	0.000223
25.690000	0.000000	0.000221
25.700000	0.000000	0.000220
25.710000	0.000000	0.000219
25.720000	0.000000	0.000218
25.730000	0.000000	0.000216
25.740000	0.000000	0.000215
25.750000	0.000000	0.000214
25.760000	0.000000	0.000213
25.770000	0.000000	0.000211
25.780000	0.000000	0.000210
25.790000	0.000000	0.000209
25.800000	0.000000	0.000208
25.810000	0.000000	0.000207
25.820000	0.000000	0.000205
25.830000	0.000000	0.000204
25.840000	0.000000	0.000203
25.850000	0.000000	0.000202
25.860000	0.000000	0.000200
25.870000	0.000000	0.000199
25.880000	0.000000	0.000198
25.890000	0.000000	0.000197
25.900000	0.000000	0.000196
25.910000	0.000000	0.000194
25.920000	0.000000	0.000193
25.930000	0.000000	0.000192
25.940000	0.000000	0.000191
25.950000	0.000000	0.000190
25.960000	0.000000	0.000188
25.970000	0.000000	0.000187
25.980000	0.000000	0.000186
25.990000	0.000000	0.000185
26.000000	0.000000	0.000184
26.010000	0.000000	0.000182
26.020000	0.000000	0.000181
26.030000	0.000000	0.000180
26.040000	0.000000	0.000179
26.050000	0.000000	0.000178
26.060000	0.000000	0.000177
26.070000	0.000000	0.000175
26.080000	0.000000	0.000174
26.090000	0.000000	0.000173
26.100000	0.000000	0.000172
26.110000	0.000000	0.000171
26.120000	0.000000	0.000170
26.130000	0.000000	0.000168
26.140000	0.000000	0.000167
26.150000	0.000000	0.000166
26.160000	0.000000	0.000166
26.170000	0.000000	0.000165
26.180000	0.000000	0.000164
26.190000	0.000000	0.000163
26.200000	0.000000	0.000162
26.210000	0.000000	0.000161
26.220000	0.000000	0.000161
26.230000	0.000000	0.000160
26.240000	0.000000	0.000159
26.250000	0.000000	0.000158
26.260000	0.000000	0.000157
26.270000	0.000000	0.000157
26.280000	0.000000	0.000156
26.290000	0.000000	0.000155
26.300000	0.000000	0.000154
26.310000	0.000000	0.000153
26.320000	0.000000	0.000152
26.330000	0.000000	0.000152
26.340000	0.000000	0.000151
26.350000	0.000000	0.000150
26.360000	0.000000	0.000149
26.370000	0.000000	0.000148
26.380000	0.000000	0.000147
26.390000	0.000000	0.000147
26.400000	0.000000	0.000146
26.410000	0.000000	0.000145
26.420000	0.000000	0.000144
26.430000	0.000000	0.000143
26.440000	0.000000	0.000142
26.450000	0.000000	0.000142
26.460000	0.000000	0.000141
26.470000	0.000000	0.000140
26.480000	0.000000	0.000139
26.490000	0.000000	0.000138
26.500000	0.000000	0.000138
26.510000	0.000000	0.000137
26.520000	0.000000	0.000136
26.530000	0.000000	0.000135
26.540000	0.000000	0.000134
26.550000	0.000000	0.000133
26.560000	0.000000	0.000133
26.570000	0.000000	0.000132
26.580000	0.000000	0.000131
26.590000	0.000000	0.000130
26.600000	0.000000	0.000129
26.610000	0.000000	0.000129
26.620000	0.000000	0.000128
26.630000	0.000000	0.000127
26.640000	0.000000	0.000126
26.650000	0.000000	0.000125
26.660000	0.000000	0.000125
26.670000	0.000000	0.000124
26.680000	0.000000	0.000123
26.690000	0.000000	0.000122
26.700000	0.000000	0.000121
26.710000	0.000000	0.000121
26.720000	0.000000	0.000120
26.730000	0.000000	0.000119
26.740000	0.000000	0.000118
26.750000	0.000000	0.000117
26.760000	0.000000	0.000117
26.770000	0.000000	0.000116
26.780000	0.000000	0.000115
26.790000	0.000000	0.000114
26.800000	0.000000	0.000113
26.810000	0.000000	0.000113
26.820000	0.000000	0.000112
26.830000	0.000000	0.000112
26.840000	0.000000	0.000111
26.850000	0.000000	0.000110
26.860000	0.000000	0.000110
26.870000	0.000000	0.000109
26.880000	0.000000	0.000109
26.890000	0.000000	0.000108
26.900000	0.000000	0.000108
26.910000	0.000000	0.000107
26.920000	0.000000	0.000107
26.930000	0.000000	0.000106
26.940000	0.000000	0.000105
26.950000	0.000000	0.000105
26.960000	0.000000	0.000104
26.970000	0.000000	0.000104
26.980000	0.000000	0.000103
26.990000	0.000000	0.000103
27.000000	0.000000	0.000102
27.010000	0.000000	0.000102
27.020000	0.000000	0.000101
27.030000	0.000000	0.000100
27.040000	0.000000	0.000100
27.050000	0.000000	0.000099
27.060000	0.000000	0.000099
27.070000	0.000000	0.000098
27.080000	0.000000	0.000098
27.090000	0.000000	0.000097
27.100000	0.000000	0.000097
27.110000	0.000000	0.000096
27.120000	0.000000	0.000095
27.130000	0.000000	0.000095
27.140000	0.000000	0.000094
27.150000	0.000000	0.000094
27.160000	0.000000	0.000093
27.170000	0.000000	0.000093
27.180000	0.000000	0.000092
27.190000	0.000000	0.000092
27.200000	0.000000	0.000091
27.210000	0.000000	0.000091
27.220000	0.000000	0.000090
27.230000	0.000000	0.000089
27.240000	0.000000	0.000089
27.250000	0.000000	0.000088
27.260000	0.000000	0.000088
27.270000	0.000000	0.000087
27.280000	0.000000	0.000087
27.290000	0.000000	0.000086
27.300000	0.000000	0.000086
27.310000	0.000000	0.000085
27.320000	0.000000	0.000085
27.330000	0.000000	0.000084
27.340000	0.000000	0.000083
27.350000	0.000000	0.000083
27.360000	0.000000	0.000082
27.370000	0.000000	0.000082
27.380000	0.000000	0.000081
27.390000	0.000000	0.000081
27.400000	0.000000	0.000080
27.410000	0.000000	0.000080
27.420000	0.000000	0.000079
27.430000	0.000000	0.000079
27.440000	0.000000	0.000078
27.450000	0.000000	0.000078
27.460000	0.000000	0.000077
27.470000	0.000000	0.000077
27.480000	0.000000	0.000076
27.490000	0.000000	0.000076
27.500000	0.000000	0.000075
27.510000	0.000000	0.000075
27.520000	0.000000	0.000074
27.530000	0.000000	0.000074
27.540000	0.000000	0.000074
27.550000	0.000000	0.000073
27.560000	0.000000	0.000073
27.570000	0.000000	0.000073
27.580000	0.000000	0.000072
27.590000	0.000000	0.000072
27.600000	0.000000	0.000072
27.610000	0.000000	0.000071
27.620000	0.000000	0.000071
27.630000	0.000000	0.000070
27.640000	0.000000	0.000070
27.650000	0.000000	0.000070
27.660000	0.000000	0.000069
27.670000	0.000000	0.000069
27.680000	0.000000	0.000069
27.690000	0.000000	0.000068
27.700000	0.000000	0.000068
27.710000	0.000000	0.000067
27.720000	0.000000	0.000067
27.730000	0.000000	0.000067
27.740000	0.000000	0.000066
27.750000	0.000000	0.000066
27.760000	0.000000	0.000066
27.770000	0.000000	0.000065
27.780000	0.000000	0.000065
27.790000	0.000000	0.000064
27.800000	0.000000	0.000064
27.810000	0.000000	0.000064
27.820000	0.000000	0.000063
27.830000	0.000000	0.000063
27.840000	0.000000	0.000063
27.850000	0.000000	0.000062
27.860000	0.000000	0.000062
27.870000	0.000000	0.000062
27.880000	0.000000	0.000061
27.890000	0.000000	0.000061
27.900000	0.000000	0.000060
27.910000	0.000000	0.000060
27.920000	0.000000	0.000060
27.930000	0.000000	0.000059
27.940000	0.000000	0.000059
27.950000	0.000000	0.000059
27.960000	0.000000	0.000058
27.970000	0.000000	0.000058
27.980000	0.000000	0.000057
27.990000	0.000000	0.000057
28.000000	0.000000	0.000057
28.010000	0.000000	0.000056
28.020000	0.000000	0.000056
28.030000	0.000000	0.000056
28.040000	0.000000	0.000055
28.050000	0.000000	0.000055
28.060000	0.000000	0.000055
28.070000	0.000000	0.000054
28.080000	0.000000	0.000054
28.090000	0.000000	0.000054
28.100000	0.000000	0.000053
28.110000	0.000000	0.000053
28.120000	0.000000	0.000052
28.130000	0.000000	0.000052
28.140000	0.000000	0.000052
28.150000	0.000000	0.000051
28.160000	0.000000	0.000051
28.170000	0.000000	0.000051
28.180000	0.000000	0.000051
28.190000	0.000000	0.000050
28.200000	0.000000	0.000050
28.210000	0.000000	0.000050
28.220000	0.000000	0.000050
28.230000	0.000000	0.000049
28.240000	0.000000	0.000049
28.250000	0.000000	0.000049
28.260000	0.000000	0.000049
28.270000	0.000000	0.000048
28.280000	0.000000	0.000048
28.290000	0.000000	0.000048
28.300000	0.000000	0.000048
28.310000	0.000000	0.000047
28.320000	0.000000	0.000047
28.330000	0.000000	0.000047
28.340000	0.000000	0.000047
28.350000	0.000000	0.000046
28.360000	0.000000	0.000046
28.370000	0.000000	0.000046
28.380000	0.000000	0.000046
28.390000	0.000000	0.000045
28.400000	0.000000	0.000045
28.410000	0.000000	0.000045
28.420000	0.000000	0.000045
28.430000	0.000000	0.000044
28.440000	0.000000	0.000044
28.450000	0.000000	0.000044
28.460000	0.000000	0.000044
28.470000	0.000000	0.000043
28.480000	0.000000	0.000043
28.490000	0.000000	0.000043
28.500000	0.000000	0.000043
28.510000	0.000000	0.000042
28.520000	0.000000	0.000042
28.530000	0.000000	0.000042
28.540000	0.000000	0.000042
28.550000	0.000000	0.000041
28.560000	0.000000	0.000041
28.570000	0.000000	0.000041
28.580000	0.000000	0.000041
28.590000	0.000000	0.000040
28.600000	0.000000	0.000040
28.610000	0.000000	0.000040
28.620000	0.000000	0.000040
28.630000	0.000000	0.000039
28.640000	0.000000	0.000039
28.650000	0.000000	0.000039
28.660000	0.000000	0.000039
28.670000	0.000000	0.000038
28.680000	0.000000	0.000038
28.690000	0.000000	0.000038
28.700000	0.000000	0.000038
28.710000	0.000000	0.000037
28.720000	0.000000	0.000037
28.730000	0.000000	0.000037
28.740000	0.000000	0.000037
28.750000	0.000000	0.000036
28.760000	0.000000	0.000036
28.770000	0.000000	0.000036
28.780000	0.000000	0.000036
28.790000	0.000000	0.000035
28.800000	0.000000	0.000035
28.810000	0.000000	0.000035
28.820000	0.000000	0.000035
28.830000	0.000000	0.000035
28.840000	0.000000	0.000034
28.850000	0.000000	0.000034
28.860000	0.000000	0.000034
28.870000	0.000000	0.000034
28.880000	0.000000	0.000034
28.890000	0.000000	0.000033
28.900000	0.000000	0.000033
28.910000	0.000000	0.000033
28.920000	0.000000	0.000033
28.930000	0.000000	0.000033
28.940000	0.000000	0.000033
28.950000	0.000000	0.000032
28.960000	0.000000	0.000032
28.970000	0.000000	0.000032
28.980000	0.000000	0.000032
28.990000	0.000000	0.000032
29.000000	0.000000	0.000032
29.010000	0.000000	0.000031
29.020000	0.000000	0.000031
29.030000	0.000000	0.000031
29.040000	0.000000	0.000031
29.050000	0.000000	0.000031
29.060000	0.000000	0.000031
29.070000	0.000000	0.000030
29.080000	0.000000	0.000030
29.090000	0.000000	0.000030
29.100000	0.000000	0.000030
29.110000	0.000000	0.000030
29.120000	0.000000	0.000030
29.130000	0.000000	0.000029
29.140000	0.000000	0.000029
29.150000	0.000000	0.000029
29.160000	0.000000	0.000029
29.170000	0.000000	0.000029
29.180000	0.000000	0.000029
29.190000	0.000000	0.000028
29.200000	0.000000	0.000028
29.210000	0.000000	0.000028
29.220000	0.000000	0.000028
29.230000	0.000000	0.000028
29.240000	0.000000	0.000028
29.250000	0.000000	0.000027
29.260000	0.000000	0.000027
29.270000	0.000000	0.000027
29.280000	0.000000	0.000027
29.290000	0.000000	0.000027
29.300000	0.000000	0.000027
29.310000	0.000000	0.000026
29.320000	0.000000	0.000026
29.330000	0.000000	0.000026
29.340000	0.000000	0.000026
29.350000	0.000000	0.000026
29.360000	0.000000	0.000026
29.370000	0.000000	0.000026
29.380000	0.000000	0.000025
29.390000	0.000000	0.000025
29.400000	0.000000	0.000025
29.410000	0.000000	0.000025
29.420000	0.000000	0.000025
29.430000	0.000000	0.000025
29.440000	0.000000	0.000024
29.450000	0.000000	0.000024
29.460000	0.000000	0.000024
29.470000	0.000000	0.000024
29.480000	0.000000	0.000024
29.490000	0.000000	0.000024
29.500000	0.000000	0.000023
29.510000	0.000000	0.000023
29.520000	0.000000	0.000023
29.530000	0.000000	0.000023
29.540000	0.000000	0.000023
29.550000	0.000000	0.000023
29.560000	0.000000	0.000023
29.570000	0.000000	0.000022
29.580000	0.000000	0.000022
29.590000	0.000000	0.000022
29.600000	0.000000	0.000022
29.610000	0.000000	0.000022
29.620000	0.000000	0.000022
29.630000	0.000000	0.000022
29.640000	0.000000	0.000022
29.650000	0.000000	0.000022
29.660000	0.000000	0.000021
29.670000	0.000000	0.000021
29.680000	0.000000	0.000021
29.690000	0.000000	0.000021
29.700000	0.000000	0.000021
29.710000	0.000000	0.000021
29.720000	0.000000	0.000021
29.730000	0.000000	0.000021
29.740000	0.000000	0.000021
29.750000	0.000000	0.000020
29.760000	0.000000	0.000020
29.770000	0.000000	0.000020
29.780000	0.000000	0.000020
29.790000	0.000000	0.000020
29.800000	0.000000	0.000020
29.810000	0.000000	0.000020
29.820000	0.000000	0.000020
29.830000	0.000000	0.000020
29.840000	0.000000	0.000019
29.850000	0.000000	0.000019
29.860000	0.000000	0.000019
29.870000	0.000000	0.000019
29.880000	0.000000	0.000019
29.890000	0.000000	0.000019
29.900000	0.000000	0.000019
29.910000	0.000000	0.000019
29.920000	0.000000	0.000019
29.930000	0.000000	0.000018
29.940000	0.000000	0.000018
29.950000	0.000000	0.000018
29.960000	0.000000	0.000018
29.970000	0.000000	0.000018
29.980000	0.000000	0.000018
29.990000	0.000000	0.000018
30.000000	0.000000	0.000018
30.010000	0.000000	0.000018
30.020000	0.000000	0.000017
30.030000	0.000000	0.000017
30.040000	0.000000	0.000017
30.050000	0.000000	0.000017
30.060000	0.000000	0.000017
30.070000	0.000000	0.000017
30.080000	0.000000	0.000017
30.090000	0.000000	0.000017
