0.100000	0.000000	1015809.306141
0.110000	0.000000	1184735.941770
0.120000	0.000000	543373.717706
0.130000	0.000000	730589.498989
0.140000	0.000000	296396.085011
0.150000	0.000000	117316.411590
0.160000	0.000000	99707.373571
0.170000	0.000000	89023.915758
0.180000	0.000000	100441.776768
0.190000	0.000000	99239.213615
0.200000	0.000000	84657.820893
0.210000	0.000000	87860.070727
0.220000	0.000000	77457.809008
0.230000	0.000000	90235.298819
0.240000	0.000000	97994.694542
0.250000	0.000000	77118.311764
0.260000	0.000000	106991.998995
0.270000	0.000000	52765.111068
0.280000	0.000000	84565.342826
0.290000	0.000000	54080.865015
0.300000	0.000000	58547.891366
0.310000	0.000000	44171.430580
0.320000	0.000000	41926.687405
0.330000	0.000000	48048.228841
0.340000	0.000000	41935.777903
0.350000	0.000000	34462.266714
0.360000	0.000000	55371.990488
0.370000	0.000000	80068.166671
0.380000	0.000000	60840.065963
0.390000	0.000000	39757.619717
0.400000	0.000000	52026.128032
0.410000	0.000000	24848.076748
0.420000	0.000000	27041.636614
0.430000	0.000000	26579.516345
0.440000	0.000000	22012.897291
0.450000	0.000000	22917.083429
0.460000	0.000000	19546.467236
0.470000	0.000000	19442.501981
0.480000	0.000000	17836.570688
0.490000	0.000000	29620.272464
0.500000	0.000000	28056.966830
0.510000	0.000000	18461.196224
0.520000	0.000000	16073.563831
0.530000	0.000000	17947.447891
0.540000	0.000000	16873.261625
0.550000	0.000000	14640.352503
0.560000	0.000000	19069.947633
0.570000	0.000000	21888.089118
0.580000	0.000000	14276.040685
0.590000	0.000000	15419.492072
0.600000	0.000000	12298.870505
0.610000	0.000000	12136.145465
0.620000	0.000000	14934.198105
0.630000	0.000000	12831.619088
0.640000	0.000000	11390.622650
0.650000	0.000000	129200.628708
0.660000	0.000000	75397.580283
0.670000	0.000000	15703.728952
0.680000	0.000000	12046.005111
0.690000	0.000000	37234.053245
0.700000	0.000000	47378.572685
0.710000	0.000000	117713.606507
0.720000	0.000000	249791.677553
0.730000	0.000000	40901.484483
0.740000	0.000000	131110.538913
0.750000	0.000000	23421.862061
0.760000	0.000000	99936.259334
0.770000	0.000000	207971.969242
0.780000	0.000000	79335.009342
0.790000	0.000000	72816.441699
0.800000	0.000000	108861.268674
0.810000	0.000000	90129.040909
0.820000	0.000000	223813.472294
0.830000	0.000000	139115.892085
0.840000	0.000000	86560.087992
0.850000	0.000000	120313.914794
0.860000	0.000000	177054.762844
0.870000	0.000000	173158.176227
0.880000	0.000000	65800.262852
0.890000	0.000000	77091.296615
0.900000	0.000000	106344.974195
0.910000	0.000000	154473.283145
0.920000	0.000000	86188.504601
0.930000	0.000000	36721.874351
0.940000	0.000000	39697.765669
0.950000	0.000000	55955.807640
0.960000	0.000000	75315.428051
0.970000	0.000000	31707.758035
0.980000	0.000000	22814.071564
0.990000	0.000000	35865.413962
1.000000	0.000000	51222.891021
1.010000	0.000000	78804.666769
1.020000	0.000000	54546.911057
1.030000	0.000000	10851.724344
1.040000	0.000000	12748.436780
1.050000	0.000000	13888.221053
1.060000	0.000000	12452.723072
1.070000	0.000000	28251.902878
1.080000	0.000000	24271.555317
1.090000	0.000000	25182.203863
1.100000	0.000000	18023.339121
1.110000	0.000000	14989.059508
1.120000	0.000000	13785.845662
1.130000	0.000000	7525.451897
1.140000	0.000000	18855.991712
1.150000	0.000000	13153.953225
1.160000	0.000000	18536.342770
1.170000	0.000000	18802.259648
1.180000	0.000000	12769.459984
1.190000	0.000000	8592.692492
1.200000	0.000000	8610.744332
1.210000	0.000000	9589.972551
1.220000	0.000000	6946.825217
1.230000	0.000000	5455.923736
1.240000	0.000000	5707.548080
1.250000	0.000000	6981.015145
1.260000	0.000000	4451.350747
1.270000	0.000000	10520.536357
1.280000	0.000000	3587.280538
1.290000	0.000000	3323.293815
1.300000	0.000000	4307.747271
1.310000	0.000000	4859.379620
1.320000	0.000000	3618.152798
1.330000	0.000000	3609.693199
1.340000	0.000000	4243.863029
1.350000	0.000000	3555.261649
1.360000	0.000000	3069.990021
1.370000	0.000000	3004.478453
1.380000	0.000000	2216.730763
1.390000	0.000000	2213.392282
1.400000	0.000000	2437.049646
1.410000	0.000000	1946.914642
1.420000	0.000000	2084.247114
1.430000	0.000000	2026.340806
1.440000	0.000000	2325.815862
1.450000	0.000000	1651.328351
1.460000	0.000000	1667.144389
1.470000	0.000000	1525.198746
1.480000	0.000000	1581.765238
1.490000	0.000000	1508.561756
1.500000	0.000000	1409.145475
1.510000	0.000000	1375.811149
1.520000	0.000000	1384.831954
1.530000	0.000000	1353.207122
1.540000	0.000000	1283.126256
1.550000	0.000000	1237.327718
1.560000	0.000000	1212.286061
1.570000	0.000000	1214.114889
1.580000	0.000000	1169.079923
1.590000	0.000000	1141.609722
1.600000	0.000000	1163.119327
1.610000	0.000000	1138.169091
1.620000	0.000000	1075.982074
1.630000	0.000000	1047.715282
1.640000	0.000000	1026.863766
1.650000	0.000000	1035.423364
1.660000	0.000000	1000.053475
1.670000	0.000000	968.682874
1.680000	0.000000	950.127909
1.690000	0.000000	930.753804
1.700000	0.000000	912.158064
1.710000	0.000000	894.727294
1.720000	0.000000	875.862980
1.730000	0.000000	859.244868
1.740000	0.000000	842.987277
1.750000	0.000000	829.758593
1.760000	0.000000	809.251180
1.770000	0.000000	793.175362
1.780000	0.000000	776.616576
1.790000	0.000000	761.886959
1.800000	0.000000	749.237600
1.810000	0.000000	733.489068
1.820000	0.000000	719.313617
1.830000	0.000000	705.703372
1.840000	0.000000	692.165613
1.850000	0.000000	678.702814
1.860000	0.000000	665.308927
1.870000	0.000000	652.595329
1.880000	0.000000	640.731576
1.890000	0.000000	629.069508
1.900000	0.000000	617.566687
1.910000	0.000000	606.005911
1.920000	0.000000	594.535050
1.930000	0.000000	583.237831
1.940000	0.000000	572.298169
1.950000	0.000000	561.147075
1.960000	0.000000	550.491077
1.970000	0.000000	539.858324
1.980000	0.000000	529.285928
1.990000	0.000000	518.843137
2.000000	0.000000	508.681135
2.010000	0.000000	498.786503
2.020000	0.000000	489.087923
2.030000	0.000000	479.816200
2.040000	0.000000	470.801004
2.050000	0.000000	461.828792
2.060000	0.000000	453.430243
2.070000	0.000000	445.683854
2.080000	0.000000	437.741373
2.090000	0.000000	429.928905
2.100000	0.000000	422.221039
2.110000	0.000000	414.735536
2.120000	0.000000	457.160730
2.130000	0.000000	425.622479
2.140000	0.000000	415.678271
2.150000	0.000000	448.189875
2.160000	0.000000	398.848222
2.170000	0.000000	370.139433
2.180000	0.000000	362.988577
2.190000	0.000000	355.864352
2.200000	0.000000	348.758425
2.210000	0.000000	341.733945
2.220000	0.000000	334.821134
2.230000	0.000000	327.988236
2.240000	0.000000	321.409080
2.250000	0.000000	315.365975
2.260000	0.000000	309.910601
2.270000	0.000000	305.288112
2.280000	0.000000	299.189642
2.290000	0.000000	293.959314
2.300000	0.000000	295.688787
2.310000	0.000000	283.780080
2.320000	0.000000	276.947997
2.330000	0.000000	271.897911
2.340000	0.000000	267.033865
2.350000	0.000000	261.848503
2.360000	0.000000	256.542308
2.370000	0.000000	267.674042
2.380000	0.000000	268.772212
2.390000	0.000000	241.074859
2.400000	0.000000	251.093957
2.410000	0.000000	281.834412
2.420000	0.000000	1061.729597
2.430000	0.000000	6319.223957
2.440000	0.000000	3076.470108
2.450000	0.000000	3299.967372
2.460000	0.000000	7388.364902
2.470000	0.000000	1121.399876
2.480000	0.000000	199.930719
2.490000	0.000000	196.512976
2.500000	0.000000	193.149759
2.510000	0.000000	195.111124
2.520000	0.000000	190.240643
2.530000	0.000000	183.293978
2.540000	0.000000	180.173950
2.550000	0.000000	178.006876
2.560000	0.000000	175.784872
2.570000	0.000000	171.262142
2.580000	0.000000	181.559862
2.590000	0.000000	231.405459
2.600000	0.000000	197.973192
2.610000	0.000000	316.378216
2.620000	0.000000	447.680722
2.630000	0.000000	174.157989
2.640000	0.000000	151.578504
2.650000	0.000000	146.832649
2.660000	0.000000	143.632724
2.670000	0.000000	141.053201
2.680000	0.000000	138.532788
2.690000	0.000000	136.302041
2.700000	0.000000	134.623655
2.710000	0.000000	132.397567
2.720000	0.000000	129.752240
2.730000	0.000000	128.200418
2.740000	0.000000	130.847626
2.750000	0.000000	141.300266
2.760000	0.000000	129.822945
2.770000	0.000000	133.552626
2.780000	0.000000	158.073710
2.790000	0.000000	122.429761
2.800000	0.000000	134.719578
2.810000	0.000000	114.985682
2.820000	0.000000	375.679381
2.830000	0.000000	227.115888
2.840000	0.000000	120.157106
2.850000	0.000000	104.448193
2.860000	0.000000	100.682178
2.870000	0.000000	467.582470
2.880000	0.000000	562.568997
2.890000	0.000000	95.356679
2.900000	0.000000	93.646487
2.910000	0.000000	91.987479
2.920000	0.000000	90.484668
2.930000	0.000000	89.049857
2.940000	0.000000	91.049510
2.950000	0.000000	215.862384
2.960000	0.000000	125.466385
2.970000	0.000000	87.133850
2.980000	0.000000	86.238888
2.990000	0.000000	81.758480
3.000000	0.000000	79.172058
3.010000	0.000000	119.910368
3.020000	0.000000	249.846950
3.030000	0.000000	197.551437
3.040000	0.000000	80.726972
3.050000	0.000000	79.352304
3.060000	0.000000	72.010844
3.070000	0.000000	70.355997
3.080000	0.000000	71.349110
3.090000	0.000000	113.566886
3.100000	0.000000	356.959934
3.110000	0.000000	100.726537
3.120000	0.000000	160.655269
3.130000	0.000000	368.313189
3.140000	0.000000	97.530257
3.150000	0.000000	85.620168
3.160000	0.000000	66.608571
3.170000	0.000000	72.113545
3.180000	0.000000	78.683375
3.190000	0.000000	66.311498
3.200000	0.000000	56.733150
3.210000	0.000000	56.464608
3.220000	0.000000	56.752519
3.230000	0.000000	57.688019
3.240000	0.000000	56.714642
3.250000	0.000000	55.832949
3.260000	0.000000	56.436600
3.270000	0.000000	63.927501
3.280000	0.000000	53.443452
3.290000	0.000000	52.117233
3.300000	0.000000	51.225436
3.310000	0.000000	50.829515
3.320000	0.000000	50.319160
3.330000	0.000000	48.748301
3.340000	0.000000	47.761793
3.350000	0.000000	49.265309
3.360000	0.000000	47.778210
3.370000	0.000000	45.243186
3.380000	0.000000	44.402482
3.390000	0.000000	44.333548
3.400000	0.000000	44.223035
3.410000	0.000000	42.622466
3.420000	0.000000	42.594518
3.430000	0.000000	41.490745
3.440000	0.000000	41.726175
3.450000	0.000000	40.493457
3.460000	0.000000	39.106288
3.470000	0.000000	42.657746
3.480000	0.000000	38.816761
3.490000	0.000000	38.785173
3.500000	0.000000	40.741465
3.510000	0.000000	37.759115
3.520000	0.000000	35.405043
3.530000	0.000000	34.708099
3.540000	0.000000	34.137182
3.550000	0.000000	33.632564
3.560000	0.000000	33.098265
3.570000	0.000000	32.552597
3.580000	0.000000	32.345835
3.590000	0.000000	31.936915
3.600000	0.000000	32.569719
3.610000	0.000000	42.969026
3.620000	0.000000	32.840520
3.630000	0.000000	29.408023
3.640000	0.000000	28.973671
3.650000	0.000000	28.375060
3.660000	0.000000	27.909522
3.670000	0.000000	28.042243
3.680000	0.000000	36.139314
3.690000	0.000000	32.057149
3.700000	0.000000	26.125479
3.710000	0.000000	25.668616
3.720000	0.000000	25.239627
3.730000	0.000000	24.845756
3.740000	0.000000	24.471301
3.750000	0.000000	24.075898
3.760000	0.000000	23.642624
3.770000	0.000000	23.643785
3.780000	0.000000	27.288224
3.790000	0.000000	25.003443
3.800000	0.000000	22.866438
3.810000	0.000000	22.240708
3.820000	0.000000	21.432155
3.830000	0.000000	21.189796
3.840000	0.000000	22.933020
3.850000	0.000000	40.451732
3.860000	0.000000	50.403621
3.870000	0.000000	41.313114
3.880000	0.000000	32.651432
3.890000	0.000000	42.598345
3.900000	0.000000	44.842971
3.910000	0.000000	18.406773
3.920000	0.000000	18.119307
3.930000	0.000000	17.870739
3.940000	0.000000	17.506332
3.950000	0.000000	17.244722
3.960000	0.000000	18.584244
3.970000	0.000000	16.760403
3.980000	0.000000	16.404785
3.990000	0.000000	16.138412
4.000000	0.000000	16.469702
4.010000	0.000000	15.852650
4.020000	0.000000	15.361727
4.030000	0.000000	15.352040
4.040000	0.000000	15.213050
4.050000	0.000000	14.899827
4.060000	0.000000	14.608047
4.070000	0.000000	14.262720
4.080000	0.000000	13.953000
4.090000	0.000000	13.615656
4.100000	0.000000	13.415549
4.110000	0.000000	13.215029
4.120000	0.000000	13.237047
4.130000	0.000000	12.814210
4.140000	0.000000	12.631622
4.150000	0.000000	12.413853
4.160000	0.000000	12.208562
4.170000	0.000000	12.011099
4.180000	0.000000	11.824834
4.190000	0.000000	11.643876
4.200000	0.000000	11.463293
4.210000	0.000000	11.283024
4.220000	0.000000	11.103130
4.230000	0.000000	10.970324
4.240000	0.000000	10.846417
4.250000	0.000000	10.595781
4.260000	0.000000	10.392199
4.270000	0.000000	10.225068
4.280000	0.000000	10.035574
4.290000	0.000000	9.854822
4.300000	0.000000	9.683591
4.310000	0.000000	9.526700
4.320000	0.000000	9.365518
4.330000	0.000000	9.305221
4.340000	0.000000	9.102179
4.350000	0.000000	8.920332
4.360000	0.000000	8.779030
4.370000	0.000000	8.636036
4.380000	0.000000	8.494167
4.390000	0.000000	8.359489
4.400000	0.000000	8.226069
4.410000	0.000000	8.098303
4.420000	0.000000	7.982468
4.430000	0.000000	7.876973
4.440000	0.000000	7.735588
4.450000	0.000000	7.616831
4.460000	0.000000	7.545478
4.470000	0.000000	7.416864
4.480000	0.000000	7.527332
4.490000	0.000000	7.199356
4.500000	0.000000	9.532026
4.510000	0.000000	8.269344
4.520000	0.000000	7.007303
4.530000	0.000000	6.711002
4.540000	0.000000	6.581238
4.550000	0.000000	6.433436
4.560000	0.000000	6.329787
4.570000	0.000000	6.795498
4.580000	0.000000	7.350168
4.590000	0.000000	6.022309
4.600000	0.000000	5.926674
4.610000	0.000000	5.834364
4.620000	0.000000	5.748966
4.630000	0.000000	5.646106
4.640000	0.000000	5.557401
4.650000	0.000000	5.488079
4.660000	0.000000	5.394339
4.670000	0.000000	5.310733
4.680000	0.000000	5.277100
4.690000	0.000000	5.247300
4.700000	0.000000	5.290431
4.710000	0.000000	5.551897
4.720000	0.000000	5.656077
4.730000	0.000000	5.373936
4.740000	0.000000	5.029507
4.750000	0.000000	4.802329
4.760000	0.000000	4.701419
4.770000	0.000000	4.510479
4.780000	0.000000	4.434874
4.790000	0.000000	4.360525
4.800000	0.000000	4.284711
4.810000	0.000000	4.250717
4.820000	0.000000	5.001045
4.830000	0.000000	4.360147
4.840000	0.000000	4.043989
4.850000	0.000000	4.016368
4.860000	0.000000	3.921724
4.870000	0.000000	3.821442
4.880000	0.000000	3.762422
4.890000	0.000000	3.707692
4.900000	0.000000	3.653360
4.910000	0.000000	3.599090
4.920000	0.000000	3.586551
4.930000	0.000000	3.628613
4.940000	0.000000	3.437045
4.950000	0.000000	3.383160
4.960000	0.000000	3.329375
4.970000	0.000000	3.272790
4.980000	0.000000	3.290154
4.990000	0.000000	3.176630
5.000000	0.000000	3.113151
5.010000	0.000000	3.061089
5.020000	0.000000	3.039812
5.030000	0.000000	2.976685
5.040000	0.000000	2.925210
5.050000	0.000000	2.882543
5.060000	0.000000	2.825144
5.070000	0.000000	2.776714
5.080000	0.000000	2.731868
5.090000	0.000000	2.680097
5.100000	0.000000	2.638606
5.110000	0.000000	2.595413
5.120000	0.000000	2.556552
5.130000	0.000000	2.523197
5.140000	0.000000	2.486463
5.150000	0.000000	2.452837
5.160000	0.000000	2.416506
5.170000	0.000000	2.377907
5.180000	0.000000	2.341378
5.190000	0.000000	2.305436
5.200000	0.000000	2.269116
5.210000	0.000000	2.232074
5.220000	0.000000	2.195655
5.230000	0.000000	2.160010
5.240000	0.000000	2.124248
5.250000	0.000000	2.089105
5.260000	0.000000	2.054835
5.270000	0.000000	2.021009
5.280000	0.000000	1.987211
5.290000	0.000000	1.953898
5.300000	0.000000	1.919936
5.310000	0.000000	1.887340
5.320000	0.000000	1.856086
5.330000	0.000000	1.825628
5.340000	0.000000	1.796895
5.350000	0.000000	1.768790
5.360000	0.000000	1.742317
5.370000	0.000000	1.716336
5.380000	0.000000	1.690582
5.390000	0.000000	1.665663
5.400000	0.000000	1.641405
5.410000	0.000000	1.617420
5.420000	0.000000	1.593760
5.430000	0.000000	1.570122
5.440000	0.000000	1.546529
5.450000	0.000000	1.523989
5.460000	0.000000	1.504475
5.470000	0.000000	1.477242
5.480000	0.000000	1.449501
5.490000	0.000000	1.451841
5.500000	0.000000	1.418942
5.510000	0.000000	1.384405
5.520000	0.000000	1.358577
5.530000	0.000000	1.348314
5.540000	0.000000	1.324646
5.550000	0.000000	1.292555
5.560000	0.000000	1.270172
5.570000	0.000000	1.261211
5.580000	0.000000	1.245772
5.590000	0.000000	1.207657
5.600000	0.000000	1.193071
5.610000	0.000000	1.189314
5.620000	0.000000	1.168460
5.630000	0.000000	1.176829
5.640000	0.000000	1.139863
5.650000	0.000000	1.112443
5.660000	0.000000	1.092709
5.670000	0.000000	1.083903
5.680000	0.000000	1.059315
5.690000	0.000000	1.038068
5.700000	0.000000	1.021344
5.710000	0.000000	1.005314
5.720000	0.000000	0.989283
5.730000	0.000000	0.973388
5.740000	0.000000	0.957708
5.750000	0.000000	0.944109
5.760000	0.000000	0.932192
5.770000	0.000000	0.914759
5.780000	0.000000	0.898483
5.790000	0.000000	0.882698
5.800000	0.000000	0.868496
5.810000	0.000000	0.852248
5.820000	0.000000	0.838246
5.830000	0.000000	0.824374
5.840000	0.000000	0.811278
5.850000	0.000000	0.799405
5.860000	0.000000	0.788610
5.870000	0.000000	0.776914
5.880000	0.000000	0.766891
5.890000	0.000000	0.755343
5.900000	0.000000	0.742999
5.910000	0.000000	0.732886
5.920000	0.000000	0.721885
5.930000	0.000000	0.710722
5.940000	0.000000	0.700342
5.950000	0.000000	0.691047
5.960000	0.000000	0.678988
5.970000	0.000000	0.666922
5.980000	0.000000	0.658272
5.990000	0.000000	0.648224
6.000000	0.000000	0.636171
6.010000	0.000000	0.625435
6.020000	0.000000	0.616924
6.030000	0.000000	0.607439
6.040000	0.000000	0.595811
6.050000	0.000000	0.585320
6.060000	0.000000	0.577184
6.070000	0.000000	0.568056
6.080000	0.000000	0.557267
6.090000	0.000000	0.548234
6.100000	0.000000	0.540678
6.110000	0.000000	0.533954
6.120000	0.000000	0.526168
6.130000	0.000000	0.518135
6.140000	0.000000	0.509530
6.150000	0.000000	0.501735
6.160000	0.000000	0.494044
6.170000	0.000000	0.487075
6.180000	0.000000	0.479532
6.190000	0.000000	0.472236
6.200000	0.000000	0.465083
6.210000	0.000000	0.457868
6.220000	0.000000	0.450746
6.230000	0.000000	0.443652
6.240000	0.000000	0.436654
6.250000	0.000000	0.429935
6.260000	0.000000	0.423253
6.270000	0.000000	0.416554
6.280000	0.000000	0.409903
6.290000	0.000000	0.403001
6.300000	0.000000	0.396140
6.310000	0.000000	0.389333
6.320000	0.000000	0.383581
6.330000	0.000000	0.378052
6.340000	0.000000	0.371294
6.350000	0.000000	0.365489
6.360000	0.000000	0.360192
6.370000	0.000000	0.355062
6.380000	0.000000	0.350001
6.390000	0.000000	0.345381
6.400000	0.000000	0.343642
6.410000	0.000000	0.420067
6.420000	0.000000	0.603843
6.430000	0.000000	0.638358
6.440000	0.000000	0.375200
6.450000	0.000000	0.480909
6.460000	0.000000	0.691350
6.470000	0.000000	0.614772
6.480000	0.000000	0.366133
6.490000	0.000000	1.213837
6.500000	0.000000	1.186291
6.510000	0.000000	0.533903
6.520000	0.000000	0.357192
6.530000	0.000000	0.565556
6.540000	0.000000	0.572105
6.550000	0.000000	0.393299
6.560000	0.000000	0.294078
6.570000	0.000000	0.395836
6.580000	0.000000	0.464796
6.590000	0.000000	0.326434
6.600000	0.000000	0.296089
6.610000	0.000000	0.326723
6.620000	0.000000	0.303431
6.630000	0.000000	0.252471
6.640000	0.000000	0.257408
6.650000	0.000000	0.274183
6.660000	0.000000	0.246528
6.670000	0.000000	0.242301
6.680000	0.000000	0.227676
6.690000	0.000000	0.222909
6.700000	0.000000	0.225946
6.710000	0.000000	0.217668
6.720000	0.000000	0.208097
6.730000	0.000000	0.203880
6.740000	0.000000	0.200764
6.750000	0.000000	0.197704
6.760000	0.000000	0.194676
6.770000	0.000000	0.191624
6.780000	0.000000	0.188590
6.790000	0.000000	0.185554
6.800000	0.000000	0.182524
6.810000	0.000000	0.179437
6.820000	0.000000	0.176401
6.830000	0.000000	0.173494
6.840000	0.000000	0.170759
6.850000	0.000000	0.168117
6.860000	0.000000	0.165564
6.870000	0.000000	0.163171
6.880000	0.000000	0.160856
6.890000	0.000000	0.158551
6.900000	0.000000	0.156646
6.910000	0.000000	0.154461
6.920000	0.000000	0.151718
6.930000	0.000000	0.149510
6.940000	0.000000	0.147215
6.950000	0.000000	0.145141
6.960000	0.000000	0.142854
6.970000	0.000000	0.140696
6.980000	0.000000	0.138463
6.990000	0.000000	0.136320
7.000000	0.000000	0.134285
7.010000	0.000000	0.132252
7.020000	0.000000	0.130287
7.030000	0.000000	0.128214
7.040000	0.000000	0.126160
7.050000	0.000000	0.124270
7.060000	0.000000	0.122273
7.070000	0.000000	0.120202
7.080000	0.000000	0.118209
7.090000	0.000000	0.116272
7.100000	0.000000	0.114484
7.110000	0.000000	0.112743
7.120000	0.000000	0.110958
7.130000	0.000000	0.109340
7.140000	0.000000	0.107803
7.150000	0.000000	0.106174
7.160000	0.000000	0.104653
7.170000	0.000000	0.103307
7.180000	0.000000	0.101850
7.190000	0.000000	0.104979
7.200000	0.000000	0.100525
7.210000	0.000000	0.097097
7.220000	0.000000	0.095655
7.230000	0.000000	0.094216
7.240000	0.000000	0.092798
7.250000	0.000000	0.091561
7.260000	0.000000	0.091417
7.270000	0.000000	0.091370
7.280000	0.000000	0.087524
7.290000	0.000000	0.086051
7.300000	0.000000	0.084617
7.310000	0.000000	0.083264
7.320000	0.000000	0.081814
7.330000	0.000000	0.080526
7.340000	0.000000	0.080027
7.350000	0.000000	0.079712
7.360000	0.000000	0.077540
7.370000	0.000000	0.075754
7.380000	0.000000	0.074446
7.390000	0.000000	0.073324
7.400000	0.000000	0.072280
7.410000	0.000000	0.071412
7.420000	0.000000	0.071092
7.430000	0.000000	0.070648
7.440000	0.000000	0.068884
7.450000	0.000000	0.067468
7.460000	0.000000	0.066406
7.470000	0.000000	0.065186
7.480000	0.000000	0.064252
7.490000	0.000000	0.064677
7.500000	0.000000	0.062919
7.510000	0.000000	0.063777
7.520000	0.000000	0.062101
7.530000	0.000000	0.060622
7.540000	0.000000	0.059889
7.550000	0.000000	0.058610
7.560000	0.000000	0.057066
7.570000	0.000000	0.056015
7.580000	0.000000	0.055244
7.590000	0.000000	0.054313
7.600000	0.000000	0.053329
7.610000	0.000000	0.052533
7.620000	0.000000	0.052020
7.630000	0.000000	0.051580
7.640000	0.000000	0.050096
7.650000	0.000000	0.049241
7.660000	0.000000	0.048510
7.670000	0.000000	0.047819
7.680000	0.000000	0.047146
7.690000	0.000000	0.046449
7.700000	0.000000	0.045754
7.710000	0.000000	0.045075
7.720000	0.000000	0.044789
7.730000	0.000000	0.044079
7.740000	0.000000	0.043146
7.750000	0.000000	0.042535
7.760000	0.000000	0.042020
7.770000	0.000000	0.041779
7.780000	0.000000	0.042026
7.790000	0.000000	0.042215
7.800000	0.000000	0.040762
7.810000	0.000000	0.039005
7.820000	0.000000	0.038550
7.830000	0.000000	0.037935
7.840000	0.000000	0.036982
7.850000	0.000000	0.036470
7.860000	0.000000	0.035841
7.870000	0.000000	0.035284
7.880000	0.000000	0.034724
7.890000	0.000000	0.034169
7.900000	0.000000	0.033634
7.910000	0.000000	0.033120
7.920000	0.000000	0.032632
7.930000	0.000000	0.032160
7.940000	0.000000	0.031699
7.950000	0.000000	0.031240
7.960000	0.000000	0.030791
7.970000	0.000000	0.030395
7.980000	0.000000	0.029860
7.990000	0.000000	0.029392
8.000000	0.000000	0.028957
8.010000	0.000000	0.028528
8.020000	0.000000	0.028115
8.030000	0.000000	0.027707
8.040000	0.000000	0.027300
8.050000	0.000000	0.026892
8.060000	0.000000	0.026484
8.070000	0.000000	0.026077
8.080000	0.000000	0.025670
8.090000	0.000000	0.025278
8.100000	0.000000	0.024887
8.110000	0.000000	0.024473
8.120000	0.000000	0.024110
8.130000	0.000000	0.023749
8.140000	0.000000	0.023388
8.150000	0.000000	0.023024
8.160000	0.000000	0.022836
8.170000	0.000000	0.022305
8.180000	0.000000	0.021991
8.190000	0.000000	0.021647
8.200000	0.000000	0.021327
8.210000	0.000000	0.021041
8.220000	0.000000	0.020722
8.230000	0.000000	0.020399
8.240000	0.000000	0.020092
8.250000	0.000000	0.019791
8.260000	0.000000	0.019500
8.270000	0.000000	0.019215
8.280000	0.000000	0.018939
8.290000	0.000000	0.018671
8.300000	0.000000	0.018392
8.310000	0.000000	0.018120
8.320000	0.000000	0.017841
8.330000	0.000000	0.017556
8.340000	0.000000	0.017351
8.350000	0.000000	0.017021
8.360000	0.000000	0.016753
8.370000	0.000000	0.016491
8.380000	0.000000	0.016244
8.390000	0.000000	0.016011
8.400000	0.000000	0.015770
8.410000	0.000000	0.015521
8.420000	0.000000	0.015301
8.430000	0.000000	0.015079
8.440000	0.000000	0.014813
8.450000	0.000000	0.014594
8.460000	0.000000	0.014377
8.470000	0.000000	0.014166
8.480000	0.000000	0.013962
8.490000	0.000000	0.013746
8.500000	0.000000	0.013536
8.510000	0.000000	0.013342
8.520000	0.000000	0.013145
8.530000	0.000000	0.012944
8.540000	0.000000	0.012756
8.550000	0.000000	0.012573
8.560000	0.000000	0.012390
8.570000	0.000000	0.012208
8.580000	0.000000	0.012026
8.590000	0.000000	0.011845
8.600000	0.000000	0.011664
8.610000	0.000000	0.011483
8.620000	0.000000	0.011299
8.630000	0.000000	0.011128
8.640000	0.000000	0.010964
8.650000	0.000000	0.010803
8.660000	0.000000	0.010632
8.670000	0.000000	0.010468
8.680000	0.000000	0.010307
8.690000	0.000000	0.010147
8.700000	0.000000	0.009992
8.710000	0.000000	0.009847
8.720000	0.000000	0.009699
8.730000	0.000000	0.009551
8.740000	0.000000	0.009410
8.750000	0.000000	0.009271
8.760000	0.000000	0.009134
8.770000	0.000000	0.008996
8.780000	0.000000	0.008861
8.790000	0.000000	0.008732
8.800000	0.000000	0.008608
8.810000	0.000000	0.008485
8.820000	0.000000	0.008364
8.830000	0.000000	0.008233
8.840000	0.000000	0.008110
8.850000	0.000000	0.007988
8.860000	0.000000	0.007865
8.870000	0.000000	0.007743
8.880000	0.000000	0.007624
8.890000	0.000000	0.007510
8.900000	0.000000	0.007400
8.910000	0.000000	0.007291
8.920000	0.000000	0.007182
8.930000	0.000000	0.007074
8.940000	0.000000	0.006966
8.950000	0.000000	0.006858
8.960000	0.000000	0.006751
8.970000	0.000000	0.006651
8.980000	0.000000	0.006553
8.990000	0.000000	0.006454
9.000000	0.000000	0.006350
9.010000	0.000000	0.006256
9.020000	0.000000	0.006163
9.030000	0.000000	0.006071
9.040000	0.000000	0.005979
9.050000	0.000000	0.005891
9.060000	0.000000	0.005807
9.070000	0.000000	0.005725
9.080000	0.000000	0.005643
9.090000	0.000000	0.005561
9.100000	0.000000	0.005480
9.110000	0.000000	0.005398
9.120000	0.000000	0.005316
9.130000	0.000000	0.005234
9.140000	0.000000	0.005154
9.150000	0.000000	0.005077
9.160000	0.000000	0.005001
9.170000	0.000000	0.004925
9.180000	0.000000	0.004853
9.190000	0.000000	0.004780
9.200000	0.000000	0.004708
9.210000	0.000000	0.004635
9.220000	0.000000	0.004563
9.230000	0.000000	0.004494
9.240000	0.000000	0.004428
9.250000	0.000000	0.004362
9.260000	0.000000	0.004296
9.270000	0.000000	0.004231
9.280000	0.000000	0.004167
9.290000	0.000000	0.004105
9.300000	0.000000	0.004043
9.310000	0.000000	0.003982
9.320000	0.000000	0.003924
9.330000	0.000000	0.003867
9.340000	0.000000	0.003811
9.350000	0.000000	0.003756
9.360000	0.000000	0.003702
9.370000	0.000000	0.003647
9.380000	0.000000	0.003592
9.390000	0.000000	0.003537
9.400000	0.000000	0.003484
9.410000	0.000000	0.003432
9.420000	0.000000	0.003382
9.430000	0.000000	0.003333
9.440000	0.000000	0.003284
9.450000	0.000000	0.003236
9.460000	0.000000	0.003187
9.470000	0.000000	0.003138
9.480000	0.000000	0.003090
9.490000	0.000000	0.003042
9.500000	0.000000	0.002994
9.510000	0.000000	0.002950
9.520000	0.000000	0.002906
9.530000	0.000000	0.002862
9.540000	0.000000	0.002818
9.550000	0.000000	0.002775
9.560000	0.000000	0.002733
9.570000	0.000000	0.002692
9.580000	0.000000	0.002652
9.590000	0.000000	0.002615
9.600000	0.000000	0.002578
9.610000	0.000000	0.002541
9.620000	0.000000	0.002505
9.630000	0.000000	0.002468
9.640000	0.000000	0.002431
9.650000	0.000000	0.002395
9.660000	0.000000	0.002358
9.670000	0.000000	0.002322
9.680000	0.000000	0.002288
9.690000	0.000000	0.002255
9.700000	0.000000	0.002222
9.710000	0.000000	0.002189
9.720000	0.000000	0.002157
9.730000	0.000000	0.002124
9.740000	0.000000	0.002092
9.750000	0.000000	0.002060
9.760000	0.000000	0.002028
9.770000	0.000000	0.001998
9.780000	0.000000	0.001969
9.790000	0.000000	0.001939
9.800000	0.000000	0.001910
9.810000	0.000000	0.001880
9.820000	0.000000	0.001851
9.830000	0.000000	0.001823
9.840000	0.000000	0.001794
9.850000	0.000000	0.001768
9.860000	0.000000	0.001744
9.870000	0.000000	0.001719
9.880000	0.000000	0.001695
9.890000	0.000000	0.001670
9.900000	0.000000	0.001645
9.910000	0.000000	0.001621
9.920000	0.000000	0.001597
9.930000	0.000000	0.001573
9.940000	0.000000	0.001551
9.950000	0.000000	0.001528
9.960000	0.000000	0.001506
9.970000	0.000000	0.001484
9.980000	0.000000	0.001462
9.990000	0.000000	0.001441
10.000000	0.000000	0.001418
10.010000	0.000000	0.001396
10.020000	0.000000	0.001374
10.030000	0.000000	0.001353
10.040000	0.000000	0.001333
10.050000	0.000000	0.001314
10.060000	0.000000	0.001294
10.070000	0.000000	0.001274
10.080000	0.000000	0.001255
10.090000	0.000000	0.001235
10.100000	0.000000	0.001216
10.110000	0.000000	0.001198
10.120000	0.000000	0.001181
10.130000	0.000000	0.001165
10.140000	0.000000	0.001148
10.150000	0.000000	0.001132
10.160000	0.000000	0.001115
10.170000	0.000000	0.001098
10.180000	0.000000	0.001081
10.190000	0.000000	0.001066
10.200000	0.000000	0.001050
10.210000	0.000000	0.001035
10.220000	0.000000	0.001020
10.230000	0.000000	0.001006
10.240000	0.000000	0.000991
10.250000	0.000000	0.000976
10.260000	0.000000	0.000962
10.270000	0.000000	0.000947
10.280000	0.000000	0.000933
10.290000	0.000000	0.000918
10.300000	0.000000	0.000904
10.310000	0.000000	0.000891
10.320000	0.000000	0.000878
10.330000	0.000000	0.000865
10.340000	0.000000	0.000851
10.350000	0.000000	0.000838
10.360000	0.000000	0.000824
10.370000	0.000000	0.000812
10.380000	0.000000	0.000800
10.390000	0.000000	0.000789
10.400000	0.000000	0.000778
10.410000	0.000000	0.000767
10.420000	0.000000	0.000756
10.430000	0.000000	0.000745
10.440000	0.000000	0.000734
10.450000	0.000000	0.000723
10.460000	0.000000	0.000713
10.470000	0.000000	0.000702
10.480000	0.000000	0.000692
10.490000	0.000000	0.000682
10.500000	0.000000	0.000672
10.510000	0.000000	0.000662
10.520000	0.000000	0.000652
10.530000	0.000000	0.000643
10.540000	0.000000	0.000633
10.550000	0.000000	0.000623
10.560000	0.000000	0.000613
10.570000	0.000000	0.000604
10.580000	0.000000	0.000596
10.590000	0.000000	0.000587
10.600000	0.000000	0.000578
10.610000	0.000000	0.000569
10.620000	0.000000	0.000560
10.630000	0.000000	0.000551
10.640000	0.000000	0.000543
10.650000	0.000000	0.000535
10.660000	0.000000	0.000527
10.670000	0.000000	0.000520
10.680000	0.000000	0.000512
10.690000	0.000000	0.000505
10.700000	0.000000	0.000497
10.710000	0.000000	0.000490
10.720000	0.000000	0.000483
10.730000	0.000000	0.000476
10.740000	0.000000	0.000470
10.750000	0.000000	0.000463
10.760000	0.000000	0.000456
10.770000	0.000000	0.000450
10.780000	0.000000	0.000443
10.790000	0.000000	0.000437
10.800000	0.000000	0.000430
10.810000	0.000000	0.000423
10.820000	0.000000	0.000417
10.830000	0.000000	0.000411
10.840000	0.000000	0.000404
10.850000	0.000000	0.000398
10.860000	0.000000	0.000392
10.870000	0.000000	0.000386
10.880000	0.000000	0.000380
10.890000	0.000000	0.000375
10.900000	0.000000	0.000369
10.910000	0.000000	0.000363
10.920000	0.000000	0.000358
10.930000	0.000000	0.000353
10.940000	0.000000	0.000348
10.950000	0.000000	0.000343
10.960000	0.000000	0.000338
10.970000	0.000000	0.000333
10.980000	0.000000	0.000328
10.990000	0.000000	0.000324
11.000000	0.000000	0.000319
11.010000	0.000000	0.000314
11.020000	0.000000	0.000310
11.030000	0.000000	0.000305
11.040000	0.000000	0.000301
11.050000	0.000000	0.000297
11.060000	0.000000	0.000292
11.070000	0.000000	0.000288
11.080000	0.000000	0.000283
11.090000	0.000000	0.000279
11.100000	0.000000	0.000275
11.110000	0.000000	0.000271
11.120000	0.000000	0.000267
11.130000	0.000000	0.000263
11.140000	0.000000	0.000259
11.150000	0.000000	0.000255
11.160000	0.000000	0.000251
11.170000	0.000000	0.000247
11.180000	0.000000	0.000243
11.190000	0.000000	0.000239
11.200000	0.000000	0.000236
11.210000	0.000000	0.000233
11.220000	0.000000	0.000229
11.230000	0.000000	0.000226
11.240000	0.000000	0.000223
11.250000	0.000000	0.000220
11.260000	0.000000	0.000217
11.270000	0.000000	0.000214
11.280000	0.000000	0.000211
11.290000	0.000000	0.000208
11.300000	0.000000	0.000205
11.310000	0.000000	0.000202
11.320000	0.000000	0.000199
11.330000	0.000000	0.000196
11.340000	0.000000	0.000193
11.350000	0.000000	0.000190
11.360000	0.000000	0.000187
11.370000	0.000000	0.000184
11.380000	0.000000	0.000181
11.390000	0.000000	0.000179
11.400000	0.000000	0.000176
11.410000	0.000000	0.000173
11.420000	0.000000	0.000171
11.430000	0.000000	0.000168
11.440000	0.000000	0.000165
11.450000	0.000000	0.000163
11.460000	0.000000	0.000160
11.470000	0.000000	0.000158
11.480000	0.000000	0.000156
11.490000	0.000000	0.000154
11.500000	0.000000	0.000152
11.510000	0.000000	0.000149
11.520000	0.000000	0.000147
11.530000	0.000000	0.000145
11.540000	0.000000	0.000143
11.550000	0.000000	0.000141
11.560000	0.000000	0.000139
11.570000	0.000000	0.000137
11.580000	0.000000	0.000135
11.590000	0.000000	0.000133
11.600000	0.000000	0.000131
11.610000	0.000000	0.000129
11.620000	0.000000	0.000127
11.630000	0.000000	0.000125
11.640000	0.000000	0.000123
11.650000	0.000000	0.000122
11.660000	0.000000	0.000120
11.670000	0.000000	0.000118
11.680000	0.000000	0.000116
11.690000	0.000000	0.000114
11.700000	0.000000	0.000113
11.710000	0.000000	0.000111
11.720000	0.000000	0.000109
11.730000	0.000000	0.000108
11.740000	0.000000	0.000106
11.750000	0.000000	0.000104
11.760000	0.000000	0.000103
11.770000	0.000000	0.000102
11.780000	0.000000	0.000100
11.790000	0.000000	0.000099
11.800000	0.000000	0.000097
11.810000	0.000000	0.000096
11.820000	0.000000	0.000095
11.830000	0.000000	0.000093
11.840000	0.000000	0.000092
11.850000	0.000000	0.000091
11.860000	0.000000	0.000089
11.870000	0.000000	0.000088
11.880000	0.000000	0.000087
11.890000	0.000000	0.000085
11.900000	0.000000	0.000084
11.910000	0.000000	0.000083
11.920000	0.000000	0.000081
11.930000	0.000000	0.000080
11.940000	0.000000	0.000079
11.950000	0.000000	0.000078
11.960000	0.000000	0.000077
11.970000	0.000000	0.000076
11.980000	0.000000	0.000074
11.990000	0.000000	0.000073
12.000000	0.000000	0.000072
12.010000	0.000000	0.000071
12.020000	0.000000	0.000070
12.030000	0.000000	0.000069
12.040000	0.000000	0.000068
12.050000	0.000000	0.000067
12.060000	0.000000	0.000066
12.070000	0.000000	0.000065
12.080000	0.000000	0.000064
12.090000	0.000000	0.000063
12.100000	0.000000	0.000063
12.110000	0.000000	0.000062
12.120000	0.000000	0.000061
12.130000	0.000000	0.000060
12.140000	0.000000	0.000059
12.150000	0.000000	0.000058
12.160000	0.000000	0.000057
12.170000	0.000000	0.000056
12.180000	0.000000	0.000056
12.190000	0.000000	0.000055
12.200000	0.000000	0.000054
12.210000	0.000000	0.000053
12.220000	0.000000	0.000052
12.230000	0.000000	0.000051
12.240000	0.000000	0.000051
12.250000	0.000000	0.000050
12.260000	0.000000	0.000049
12.270000	0.000000	0.000048
12.280000	0.000000	0.000048
12.290000	0.000000	0.000047
12.300000	0.000000	0.000046
12.310000	0.000000	0.000046
12.320000	0.000000	0.000045
12.330000	0.000000	0.000044
12.340000	0.000000	0.000044
12.350000	0.000000	0.000043
12.360000	0.000000	0.000043
12.370000	0.000000	0.000042
12.380000	0.000000	0.000041
12.390000	0.000000	0.000041
12.400000	0.000000	0.000040
12.410000	0.000000	0.000040
12.420000	0.000000	0.000039
12.430000	0.000000	0.000038
12.440000	0.000000	0.000038
12.450000	0.000000	0.000037
12.460000	0.000000	0.000037
12.470000	0.000000	0.000036
12.480000	0.000000	0.000036
12.490000	0.000000	0.000035
12.500000	0.000000	0.000035
12.510000	0.000000	0.000034
12.520000	0.000000	0.000034
12.530000	0.000000	0.000033
12.540000	0.000000	0.000033
12.550000	0.000000	0.000032
12.560000	0.000000	0.000032
12.570000	0.000000	0.000031
12.580000	0.000000	0.000031
12.590000	0.000000	0.000030
12.600000	0.000000	0.000030
12.610000	0.000000	0.000029
12.620000	0.000000	0.000029
12.630000	0.000000	0.000029
12.640000	0.000000	0.000028
12.650000	0.000000	0.000028
12.660000	0.000000	0.000027
12.670000	0.000000	0.000027
12.680000	0.000000	0.000027
12.690000	0.000000	0.000026
12.700000	0.000000	0.000026
12.710000	0.000000	0.000025
12.720000	0.000000	0.000025
12.730000	0.000000	0.000025
12.740000	0.000000	0.000024
12.750000	0.000000	0.000024
12.760000	0.000000	0.000024
12.770000	0.000000	0.000023
12.780000	0.000000	0.000023
12.790000	0.000000	0.000023
12.800000	0.000000	0.000022
12.810000	0.000000	0.000022
12.820000	0.000000	0.000022
12.830000	0.000000	0.000021
12.840000	0.000000	0.000021
12.850000	0.000000	0.000021
12.860000	0.000000	0.000020
12.870000	0.000000	0.000020
12.880000	0.000000	0.000020
12.890000	0.000000	0.000019
12.900000	0.000000	0.000019
12.910000	0.000000	0.000019
12.920000	0.000000	0.000019
12.930000	0.000000	0.000018
12.940000	0.000000	0.000018
12.950000	0.000000	0.000018
12.960000	0.000000	0.000018
12.970000	0.000000	0.000017
12.980000	0.000000	0.000017
12.990000	0.000000	0.000017
13.000000	0.000000	0.000017
13.010000	0.000000	0.000016
13.020000	0.000000	0.000016
13.030000	0.000000	0.000016
13.040000	0.000000	0.000016
13.050000	0.000000	0.000015
13.060000	0.000000	0.000015
13.070000	0.000000	0.000015
13.080000	0.000000	0.000015
13.090000	0.000000	0.000014
13.100000	0.000000	0.000014
13.110000	0.000000	0.000014
13.120000	0.000000	0.000014
13.130000	0.000000	0.000014
13.140000	0.000000	0.000013
13.150000	0.000000	0.000013
13.160000	0.000000	0.000013
13.170000	0.000000	0.000013
13.180000	0.000000	0.000013
13.190000	0.000000	0.000013
13.200000	0.000000	0.000012
13.210000	0.000000	0.000012
13.220000	0.000000	0.000012
13.230000	0.000000	0.000012
13.240000	0.000000	0.000012
13.250000	0.000000	0.000011
13.260000	0.000000	0.000011
13.270000	0.000000	0.000011
13.280000	0.000000	0.000011
13.290000	0.000000	0.000011
13.300000	0.000000	0.000011
13.310000	0.000000	0.000011
13.320000	0.000000	0.000010
13.330000	0.000000	0.000010
13.340000	0.000000	0.000010
13.350000	0.000000	0.000010
13.360000	0.000000	0.000010
13.370000	0.000000	0.000010
13.380000	0.000000	0.000009
13.390000	0.000000	0.000009
13.400000	0.000000	0.000009
13.410000	0.000000	0.000009
13.420000	0.000000	0.000009
13.430000	0.000000	0.000009
13.440000	0.000000	0.000009
13.450000	0.000000	0.000009
13.460000	0.000000	0.000008
13.470000	0.000000	0.000008
13.480000	0.000000	0.000008
13.490000	0.000000	0.000008
13.500000	0.000000	0.000008
13.510000	0.000000	0.000008
13.520000	0.000000	0.000008
13.530000	0.000000	0.000008
13.540000	0.000000	0.000007
13.550000	0.000000	0.000007
13.560000	0.000000	0.000007
13.570000	0.000000	0.000007
13.580000	0.000000	0.000007
13.590000	0.000000	0.000007
13.600000	0.000000	0.000007
13.610000	0.000000	0.000007
13.620000	0.000000	0.000007
13.630000	0.000000	0.000007
13.640000	0.000000	0.000006
13.650000	0.000000	0.000006
13.660000	0.000000	0.000006
13.670000	0.000000	0.000006
13.680000	0.000000	0.000006
13.690000	0.000000	0.000006
13.700000	0.000000	0.000006
13.710000	0.000000	0.000006
13.720000	0.000000	0.000006
13.730000	0.000000	0.000006
13.740000	0.000000	0.000006
13.750000	0.000000	0.000006
13.760000	0.000000	0.000005
13.770000	0.000000	0.000005
13.780000	0.000000	0.000005
13.790000	0.000000	0.000005
13.800000	0.000000	0.000005
13.810000	0.000000	0.000005
13.820000	0.000000	0.000005
13.830000	0.000000	0.000005
13.840000	0.000000	0.000005
13.850000	0.000000	0.000005
13.860000	0.000000	0.000005
13.870000	0.000000	0.000005
13.880000	0.000000	0.000005
13.890000	0.000000	0.000004
13.900000	0.000000	0.000004
13.910000	0.000000	0.000004
13.920000	0.000000	0.000004
13.930000	0.000000	0.000004
13.940000	0.000000	0.000004
13.950000	0.000000	0.000004
13.960000	0.000000	0.000004
13.970000	0.000000	0.000004
13.980000	0.000000	0.000004
13.990000	0.000000	0.000004
14.000000	0.000000	0.000004
14.010000	0.000000	0.000004
14.020000	0.000000	0.000004
14.030000	0.000000	0.000004
14.040000	0.000000	0.000004
14.050000	0.000000	0.000004
14.060000	0.000000	0.000004
14.070000	0.000000	0.000003
14.080000	0.000000	0.000003
14.090000	0.000000	0.000003
14.100000	0.000000	0.000003
14.110000	0.000000	0.000003
14.120000	0.000000	0.000003
14.130000	0.000000	0.000003
14.140000	0.000000	0.000003
14.150000	0.000000	0.000003
14.160000	0.000000	0.000003
14.170000	0.000000	0.000003
14.180000	0.000000	0.000003
14.190000	0.000000	0.000003
14.200000	0.000000	0.000003
14.210000	0.000000	0.000003
14.220000	0.000000	0.000003
14.230000	0.000000	0.000003
14.240000	0.000000	0.000003
14.250000	0.000000	0.000003
14.260000	0.000000	0.000003
14.270000	0.000000	0.000003
14.280000	0.000000	0.000003
14.290000	0.000000	0.000003
14.300000	0.000000	0.000002
14.310000	0.000000	0.000002
14.320000	0.000000	0.000002
14.330000	0.000000	0.000002
14.340000	0.000000	0.000002
14.350000	0.000000	0.000002
14.360000	0.000000	0.000002
14.370000	0.000000	0.000002
14.380000	0.000000	0.000002
14.390000	0.000000	0.000002
14.400000	0.000000	0.000002
14.410000	0.000000	0.000002
14.420000	0.000000	0.000002
14.430000	0.000000	0.000002
14.440000	0.000000	0.000002
14.450000	0.000000	0.000002
14.460000	0.000000	0.000002
14.470000	0.000000	0.000002
14.480000	0.000000	0.000002
14.490000	0.000000	0.000002
14.500000	0.000000	0.000002
14.510000	0.000000	0.000002
14.520000	0.000000	0.000002
14.530000	0.000000	0.000002
14.540000	0.000000	0.000002
14.550000	0.000000	0.000002
14.560000	0.000000	0.000002
14.570000	0.000000	0.000002
14.580000	0.000000	0.000002
14.590000	0.000000	0.000002
14.600000	0.000000	0.000002
14.610000	0.000000	0.000002
14.620000	0.000000	0.000002
14.630000	0.000000	0.000002
14.640000	0.000000	0.000001
14.650000	0.000000	0.000001
14.660000	0.000000	0.000001
14.670000	0.000000	0.000001
14.680000	0.000000	0.000001
14.690000	0.000000	0.000001
14.700000	0.000000	0.000001
14.710000	0.000000	0.000001
14.720000	0.000000	0.000001
14.730000	0.000000	0.000001
14.740000	0.000000	0.000001
14.750000	0.000000	0.000001
14.760000	0.000000	0.000001
14.770000	0.000000	0.000001
14.780000	0.000000	0.000001
14.790000	0.000000	0.000001
14.800000	0.000000	0.000001
14.810000	0.000000	0.000001
14.820000	0.000000	0.000001
14.830000	0.000000	0.000001
14.840000	0.000000	0.000001
14.850000	0.000000	0.000001
14.860000	0.000000	0.000001
14.870000	0.000000	0.000001
14.880000	0.000000	0.000001
14.890000	0.000000	0.000001
14.900000	0.000000	0.000001
14.910000	0.000000	0.000001
14.920000	0.000000	9.9e-07
14.930000	0.000000	9.8e-07
14.940000	0.000000	9.7e-07
14.950000	0.000000	9.5e-07
14.960000	0.000000	9.4e-07
14.970000	0.000000	9.2e-07
14.980000	0.000000	9.1e-07
14.990000	0.000000	9.0e-07
15.000000	0.000000	8.8e-07
15.010000	0.000000	8.7e-07
15.020000	0.000000	8.6e-07
15.030000	0.000000	8.5e-07
15.040000	0.000000	8.3e-07
15.050000	0.000000	8.2e-07
15.060000	0.000000	8.1e-07
15.070000	0.000000	8.0e-07
15.080000	0.000000	7.9e-07
15.090000	0.000000	7.8e-07
15.100000	0.000000	7.7e-07
15.110000	0.000000	7.6e-07
15.120000	0.000000	7.5e-07
15.130000	0.000000	7.3e-07
15.140000	0.000000	7.2e-07
15.150000	0.000000	7.1e-07
15.160000	0.000000	7.0e-07
15.170000	0.000000	6.9e-07
15.180000	0.000000	6.8e-07
15.190000	0.000000	6.7e-07
15.200000	0.000000	6.6e-07
15.210000	0.000000	6.5e-07
15.220000	0.000000	6.4e-07
15.230000	0.000000	6.3e-07
15.240000	0.000000	6.2e-07
15.250000	0.000000	6.1e-07
15.260000	0.000000	6.0e-07
15.270000	0.000000	6.0e-07
15.280000	0.000000	5.9e-07
15.290000	0.000000	5.8e-07
15.300000	0.000000	5.7e-07
15.310000	0.000000	5.6e-07
15.320000	0.000000	5.5e-07
15.330000	0.000000	5.5e-07
15.340000	0.000000	5.4e-07
15.350000	0.000000	5.3e-07
15.360000	0.000000	5.2e-07
15.370000	0.000000	5.2e-07
15.380000	0.000000	5.1e-07
15.390000	0.000000	5.0e-07
15.400000	0.000000	5.0e-07
15.410000	0.000000	4.9e-07
15.420000	0.000000	4.8e-07
15.430000	0.000000	4.7e-07
15.440000	0.000000	4.7e-07
15.450000	0.000000	4.6e-07
15.460000	0.000000	4.5e-07
15.470000	0.000000	4.5e-07
15.480000	0.000000	4.4e-07
15.490000	0.000000	4.3e-07
15.500000	0.000000	4.3e-07
15.510000	0.000000	4.2e-07
15.520000	0.000000	4.1e-07
15.530000	0.000000	4.1e-07
15.540000	0.000000	4.0e-07
15.550000	0.000000	4.0e-07
15.560000	0.000000	3.9e-07
15.570000	0.000000	3.8e-07
15.580000	0.000000	3.8e-07
15.590000	0.000000	3.7e-07
15.600000	0.000000	3.7e-07
15.610000	0.000000	3.6e-07
15.620000	0.000000	3.6e-07
15.630000	0.000000	3.5e-07
15.640000	0.000000	3.5e-07
15.650000	0.000000	3.4e-07
15.660000	0.000000	3.4e-07
15.670000	0.000000	3.3e-07
15.680000	0.000000	3.3e-07
15.690000	0.000000	3.2e-07
15.700000	0.000000	3.2e-07
15.710000	0.000000	3.1e-07
15.720000	0.000000	3.1e-07
15.730000	0.000000	3.1e-07
15.740000	0.000000	3.0e-07
15.750000	0.000000	3.0e-07
15.760000	0.000000	2.9e-07
15.770000	0.000000	2.9e-07
15.780000	0.000000	2.8e-07
15.790000	0.000000	2.8e-07
15.800000	0.000000	2.8e-07
15.810000	0.000000	2.7e-07
15.820000	0.000000	2.7e-07
15.830000	0.000000	2.6e-07
15.840000	0.000000	2.6e-07
15.850000	0.000000	2.6e-07
15.860000	0.000000	2.5e-07
15.870000	0.000000	2.5e-07
15.880000	0.000000	2.5e-07
15.890000	0.000000	2.4e-07
15.900000	0.000000	2.4e-07
15.910000	0.000000	2.4e-07
15.920000	0.000000	2.3e-07
15.930000	0.000000	2.3e-07
15.940000	0.000000	2.3e-07
15.950000	0.000000	2.2e-07
15.960000	0.000000	2.2e-07
15.970000	0.000000	2.2e-07
15.980000	0.000000	2.1e-07
15.990000	0.000000	2.1e-07
16.000000	0.000000	2.1e-07
16.010000	0.000000	2.0e-07
16.020000	0.000000	2.0e-07
16.030000	0.000000	2.0e-07
16.040000	0.000000	1.9e-07
16.050000	0.000000	1.9e-07
16.060000	0.000000	1.9e-07
16.070000	0.000000	1.9e-07
16.080000	0.000000	1.8e-07
16.090000	0.000000	1.8e-07
16.100000	0.000000	1.8e-07
16.110000	0.000000	1.8e-07
16.120000	0.000000	1.7e-07
16.130000	0.000000	1.7e-07
16.140000	0.000000	1.7e-07
16.150000	0.000000	1.7e-07
16.160000	0.000000	1.6e-07
16.170000	0.000000	1.6e-07
16.180000	0.000000	1.6e-07
16.190000	0.000000	1.6e-07
16.200000	0.000000	1.5e-07
16.210000	0.000000	1.5e-07
16.220000	0.000000	1.5e-07
16.230000	0.000000	1.5e-07
16.240000	0.000000	1.5e-07
16.250000	0.000000	1.4e-07
16.260000	0.000000	1.4e-07
16.270000	0.000000	1.4e-07
16.280000	0.000000	1.4e-07
16.290000	0.000000	1.4e-07
16.300000	0.000000	1.3e-07
16.310000	0.000000	1.3e-07
16.320000	0.000000	1.3e-07
16.330000	0.000000	1.3e-07
16.340000	0.000000	1.3e-07
16.350000	0.000000	1.2e-07
16.360000	0.000000	1.2e-07
16.370000	0.000000	1.2e-07
16.380000	0.000000	1.2e-07
16.390000	0.000000	1.2e-07
16.400000	0.000000	1.2e-07
16.410000	0.000000	1.1e-07
16.420000	0.000000	1.1e-07
16.430000	0.000000	1.1e-07
16.440000	0.000000	1.1e-07
16.450000	0.000000	1.1e-07
16.460000	0.000000	1.1e-07
16.470000	0.000000	1.0e-07
16.480000	0.000000	1.0e-07
16.490000	0.000000	1.0e-07
16.500000	0.000000	1.0e-07
16.510000	0.000000	9.9e-08
16.520000	0.000000	9.7e-08
16.530000	0.000000	9.6e-08
16.540000	0.000000	9.4e-08
16.550000	0.000000	9.3e-08
16.560000	0.000000	9.1e-08
16.570000	0.000000	9.0e-08
16.580000	0.000000	8.9e-08
16.590000	0.000000	8.7e-08
16.600000	0.000000	8.6e-08
16.610000	0.000000	8.5e-08
16.620000	0.000000	8.4e-08
16.630000	0.000000	8.3e-08
16.640000	0.000000	8.1e-08
16.650000	0.000000	8.0e-08
16.660000	0.000000	7.9e-08
16.670000	0.000000	7.8e-08
16.680000	0.000000	7.7e-08
16.690000	0.000000	7.6e-08
16.700000	0.000000	7.5e-08
16.710000	0.000000	7.4e-08
16.720000	0.000000	7.3e-08
16.730000	0.000000	7.1e-08
16.740000	0.000000	7.0e-08
16.750000	0.000000	7.0e-08
16.760000	0.000000	6.9e-08
16.770000	0.000000	6.8e-08
16.780000	0.000000	6.7e-08
16.790000	0.000000	6.6e-08
16.800000	0.000000	6.5e-08
16.810000	0.000000	6.4e-08
16.820000	0.000000	6.3e-08
16.830000	0.000000	6.2e-08
16.840000	0.000000	6.1e-08
16.850000	0.000000	6.0e-08
16.860000	0.000000	5.9e-08
16.870000	0.000000	5.8e-08
16.880000	0.000000	5.7e-08
16.890000	0.000000	5.7e-08
16.900000	0.000000	5.6e-08
16.910000	0.000000	5.5e-08
16.920000	0.000000	5.4e-08
16.930000	0.000000	5.3e-08
16.940000	0.000000	5.3e-08
16.950000	0.000000	5.2e-08
16.960000	0.000000	5.1e-08
16.970000	0.000000	5.0e-08
16.980000	0.000000	5.0e-08
16.990000	0.000000	4.9e-08
17.000000	0.000000	4.8e-08
17.010000	0.000000	4.8e-08
17.020000	0.000000	4.7e-08
17.030000	0.000000	4.6e-08
17.040000	0.000000	4.6e-08
17.050000	0.000000	4.5e-08
17.060000	0.000000	4.4e-08
17.070000	0.000000	4.4e-08
17.080000	0.000000	4.3e-08
17.090000	0.000000	4.2e-08
17.100000	0.000000	4.2e-08
17.110000	0.000000	4.1e-08
17.120000	0.000000	4.1e-08
17.130000	0.000000	4.0e-08
17.140000	0.000000	3.9e-08
17.150000	0.000000	3.9e-08
17.160000	0.000000	3.8e-08
17.170000	0.000000	3.8e-08
17.180000	0.000000	3.7e-08
17.190000	0.000000	3.7e-08
17.200000	0.000000	3.6e-08
17.210000	0.000000	3.6e-08
17.220000	0.000000	3.5e-08
17.230000	0.000000	3.5e-08
17.240000	0.000000	3.4e-08
17.250000	0.000000	3.4e-08
17.260000	0.000000	3.3e-08
17.270000	0.000000	3.3e-08
17.280000	0.000000	3.2e-08
17.290000	0.000000	3.2e-08
17.300000	0.000000	3.1e-08
17.310000	0.000000	3.1e-08
17.320000	0.000000	3.0e-08
17.330000	0.000000	3.0e-08
17.340000	0.000000	3.0e-08
17.350000	0.000000	2.9e-08
17.360000	0.000000	2.9e-08
17.370000	0.000000	2.8e-08
17.380000	0.000000	2.8e-08
17.390000	0.000000	2.7e-08
17.400000	0.000000	2.7e-08
17.410000	0.000000	2.7e-08
17.420000	0.000000	2.6e-08
17.430000	0.000000	2.6e-08
17.440000	0.000000	2.6e-08
17.450000	0.000000	2.5e-08
17.460000	0.000000	2.5e-08
17.470000	0.000000	2.4e-08
17.480000	0.000000	2.4e-08
17.490000	0.000000	2.4e-08
17.500000	0.000000	2.3e-08
17.510000	0.000000	2.3e-08
17.520000	0.000000	2.3e-08
17.530000	0.000000	2.2e-08
17.540000	0.000000	2.2e-08
17.550000	0.000000	2.2e-08
17.560000	0.000000	2.1e-08
17.570000	0.000000	2.1e-08
17.580000	0.000000	2.1e-08
17.590000	0.000000	2.1e-08
17.600000	0.000000	2.0e-08
17.610000	0.000000	2.0e-08
17.620000	0.000000	2.0e-08
17.630000	0.000000	1.9e-08
17.640000	0.000000	1.9e-08
17.650000	0.000000	1.9e-08
17.660000	0.000000	1.9e-08
17.670000	0.000000	1.8e-08
17.680000	0.000000	1.8e-08
17.690000	0.000000	1.8e-08
17.700000	0.000000	1.8e-08
17.710000	0.000000	1.7e-08
17.720000	0.000000	1.7e-08
17.730000	0.000000	1.7e-08
17.740000	0.000000	1.7e-08
17.750000	0.000000	1.6e-08
17.760000	0.000000	1.6e-08
17.770000	0.000000	1.6e-08
17.780000	0.000000	1.6e-08
17.790000	0.000000	1.5e-08
17.800000	0.000000	1.5e-08
17.810000	0.000000	1.5e-08
17.820000	0.000000	1.5e-08
17.830000	0.000000	1.5e-08
17.840000	0.000000	1.4e-08
17.850000	0.000000	1.4e-08
17.860000	0.000000	1.4e-08
17.870000	0.000000	1.4e-08
17.880000	0.000000	1.4e-08
17.890000	0.000000	1.3e-08
17.900000	0.000000	1.3e-08
17.910000	0.000000	1.3e-08
17.920000	0.000000	1.3e-08
17.930000	0.000000	1.3e-08
17.940000	0.000000	1.2e-08
17.950000	0.000000	1.2e-08
17.960000	0.000000	1.2e-08
17.970000	0.000000	1.2e-08
17.980000	0.000000	1.2e-08
17.990000	0.000000	1.2e-08
18.000000	0.000000	1.1e-08
18.010000	0.000000	1.1e-08
18.020000	0.000000	1.1e-08
18.030000	0.000000	1.1e-08
18.040000	0.000000	1.1e-08
18.050000	0.000000	1.1e-08
18.060000	0.000000	1.0e-08
18.070000	0.000000	1.0e-08
18.080000	0.000000	1.0e-08
18.090000	0.000000	1.0e-08
18.100000	0.000000	9.8e-09
18.110000	0.000000	9.7e-09
18.120000	0.000000	9.6e-09
18.130000	0.000000	9.4e-09
18.140000	0.000000	9.3e-09
18.150000	0.000000	9.2e-09
18.160000	0.000000	9.0e-09
18.170000	0.000000	8.9e-09
18.180000	0.000000	8.8e-09
18.190000	0.000000	8.6e-09
18.200000	0.000000	8.5e-09
18.210000	0.000000	8.4e-09
18.220000	0.000000	8.3e-09
18.230000	0.000000	8.1e-09
18.240000	0.000000	8.0e-09
18.250000	0.000000	7.9e-09
18.260000	0.000000	7.8e-09
18.270000	0.000000	7.7e-09
18.280000	0.000000	7.6e-09
18.290000	0.000000	7.5e-09
18.300000	0.000000	7.4e-09
18.310000	0.000000	7.3e-09
18.320000	0.000000	7.2e-09
18.330000	0.000000	7.0e-09
18.340000	0.000000	6.9e-09
18.350000	0.000000	6.9e-09
18.360000	0.000000	6.8e-09
18.370000	0.000000	6.7e-09
18.380000	0.000000	6.6e-09
18.390000	0.000000	6.5e-09
18.400000	0.000000	6.4e-09
18.410000	0.000000	6.3e-09
18.420000	0.000000	6.2e-09
18.430000	0.000000	6.1e-09
18.440000	0.000000	6.0e-09
18.450000	0.000000	5.9e-09
18.460000	0.000000	5.8e-09
18.470000	0.000000	5.8e-09
18.480000	0.000000	5.7e-09
18.490000	0.000000	5.6e-09
18.500000	0.000000	5.5e-09
18.510000	0.000000	5.4e-09
18.520000	0.000000	5.4e-09
18.530000	0.000000	5.3e-09
18.540000	0.000000	5.2e-09
18.550000	0.000000	5.1e-09
18.560000	0.000000	5.1e-09
18.570000	0.000000	5.0e-09
18.580000	0.000000	4.9e-09
18.590000	0.000000	4.8e-09
18.600000	0.000000	4.8e-09
18.610000	0.000000	4.7e-09
18.620000	0.000000	4.6e-09
18.630000	0.000000	4.6e-09
18.640000	0.000000	4.5e-09
18.650000	0.000000	4.4e-09
18.660000	0.000000	4.4e-09
18.670000	0.000000	4.3e-09
18.680000	0.000000	4.3e-09
18.690000	0.000000	4.2e-09
18.700000	0.000000	4.1e-09
18.710000	0.000000	4.1e-09
18.720000	0.000000	4.0e-09
18.730000	0.000000	4.0e-09
18.740000	0.000000	3.9e-09
18.750000	0.000000	3.8e-09
18.760000	0.000000	3.8e-09
18.770000	0.000000	3.7e-09
18.780000	0.000000	3.7e-09
18.790000	0.000000	3.6e-09
18.800000	0.000000	3.6e-09
18.810000	0.000000	3.5e-09
18.820000	0.000000	3.5e-09
18.830000	0.000000	3.4e-09
18.840000	0.000000	3.4e-09
18.850000	0.000000	3.3e-09
18.860000	0.000000	3.3e-09
18.870000	0.000000	3.2e-09
18.880000	0.000000	3.2e-09
18.890000	0.000000	3.1e-09
18.900000	0.000000	3.1e-09
18.910000	0.000000	3.1e-09
18.920000	0.000000	3.0e-09
18.930000	0.000000	3.0e-09
18.940000	0.000000	2.9e-09
18.950000	0.000000	2.9e-09
18.960000	0.000000	2.8e-09
18.970000	0.000000	2.8e-09
18.980000	0.000000	2.8e-09
18.990000	0.000000	2.7e-09
19.000000	0.000000	2.7e-09
19.010000	0.000000	2.6e-09
19.020000	0.000000	2.6e-09
19.030000	0.000000	2.6e-09
19.040000	0.000000	2.5e-09
19.050000	0.000000	2.5e-09
19.060000	0.000000	2.5e-09
19.070000	0.000000	2.4e-09
19.080000	0.000000	2.4e-09
19.090000	0.000000	2.4e-09
19.100000	0.000000	2.3e-09
19.110000	0.000000	2.3e-09
19.120000	0.000000	2.3e-09
19.130000	0.000000	2.2e-09
19.140000	0.000000	2.2e-09
19.150000	0.000000	2.2e-09
19.160000	0.000000	2.1e-09
19.170000	0.000000	2.1e-09
19.180000	0.000000	2.1e-09
19.190000	0.000000	2.0e-09
19.200000	0.000000	2.0e-09
19.210000	0.000000	2.0e-09
19.220000	0.000000	2.0e-09
19.230000	0.000000	1.9e-09
19.240000	0.000000	1.9e-09
19.250000	0.000000	1.9e-09
19.260000	0.000000	1.8e-09
19.270000	0.000000	1.8e-09
19.280000	0.000000	1.8e-09
19.290000	0.000000	1.8e-09
19.300000	0.000000	1.7e-09
19.310000	0.000000	1.7e-09
19.320000	0.000000	1.7e-09
19.330000	0.000000	1.7e-09
19.340000	0.000000	1.6e-09
19.350000	0.000000	1.6e-09
19.360000	0.000000	1.6e-09
19.370000	0.000000	1.6e-09
19.380000	0.000000	1.5e-09
19.390000	0.000000	1.5e-09
19.400000	0.000000	1.5e-09
19.410000	0.000000	1.5e-09
19.420000	0.000000	1.5e-09
19.430000	0.000000	1.4e-09
19.440000	0.000000	1.4e-09
19.450000	0.000000	1.4e-09
19.460000	0.000000	1.4e-09
19.470000	0.000000	1.4e-09
19.480000	0.000000	1.3e-09
19.490000	0.000000	1.3e-09
19.500000	0.000000	1.3e-09
19.510000	0.000000	1.3e-09
19.520000	0.000000	1.3e-09
19.530000	0.000000	1.2e-09
19.540000	0.000000	1.2e-09
19.550000	0.000000	1.2e-09
19.560000	0.000000	1.2e-09
19.570000	0.000000	1.2e-09
19.580000	0.000000	1.2e-09
19.590000	0.000000	1.1e-09
19.600000	0.000000	1.1e-09
19.610000	0.000000	1.1e-09
19.620000	0.000000	1.1e-09
19.630000	0.000000	1.1e-09
19.640000	0.000000	1.1e-09
19.650000	0.000000	1.0e-09
19.660000	0.000000	1.0e-09
19.670000	0.000000	1.0e-09
19.680000	0.000000	1.0e-09
19.690000	0.000000	9.9e-10
19.700000	0.000000	9.8e-10
19.710000	0.000000	9.6e-10
19.720000	0.000000	9.5e-10
19.730000	0.000000	9.4e-10
19.740000	0.000000	9.2e-10
19.750000	0.000000	9.1e-10
19.760000	0.000000	9.0e-10
19.770000	0.000000	8.8e-10
19.780000	0.000000	8.7e-10
19.790000	0.000000	8.6e-10
19.800000	0.000000	8.5e-10
19.810000	0.000000	8.3e-10
19.820000	0.000000	8.2e-10
19.830000	0.000000	8.1e-10
19.840000	0.000000	8.0e-10
19.850000	0.000000	7.9e-10
19.860000	0.000000	7.8e-10
19.870000	0.000000	7.6e-10
19.880000	0.000000	7.5e-10
19.890000	0.000000	7.4e-10
19.900000	0.000000	7.3e-10
19.910000	0.000000	7.2e-10
19.920000	0.000000	7.1e-10
19.930000	0.000000	7.0e-10
19.940000	0.000000	6.9e-10
19.950000	0.000000	6.8e-10
19.960000	0.000000	6.7e-10
19.970000	0.000000	6.6e-10
19.980000	0.000000	6.5e-10
19.990000	0.000000	6.4e-10
20.000000	0.000000	6.3e-10
20.010000	0.000000	6.3e-10
20.020000	0.000000	6.2e-10
20.030000	0.000000	6.1e-10
20.040000	0.000000	6.0e-10
20.050000	0.000000	5.9e-10
20.060000	0.000000	5.8e-10
20.070000	0.000000	5.7e-10
20.080000	0.000000	5.7e-10
20.090000	0.000000	5.6e-10
20.100000	0.000000	5.5e-10
20.110000	0.000000	5.4e-10
20.120000	0.000000	5.3e-10
20.130000	0.000000	5.3e-10
20.140000	0.000000	5.2e-10
20.150000	0.000000	5.1e-10
20.160000	0.000000	5.0e-10
20.170000	0.000000	5.0e-10
20.180000	0.000000	4.9e-10
20.190000	0.000000	4.8e-10
20.200000	0.000000	4.8e-10
20.210000	0.000000	4.7e-10
20.220000	0.000000	4.6e-10
20.230000	0.000000	4.6e-10
20.240000	0.000000	4.5e-10
20.250000	0.000000	4.4e-10
20.260000	0.000000	4.4e-10
20.270000	0.000000	4.3e-10
20.280000	0.000000	4.2e-10
20.290000	0.000000	4.2e-10
20.300000	0.000000	4.1e-10
20.310000	0.000000	4.1e-10
20.320000	0.000000	4.0e-10
20.330000	0.000000	3.9e-10
20.340000	0.000000	3.9e-10
20.350000	0.000000	3.8e-10
20.360000	0.000000	3.8e-10
20.370000	0.000000	3.7e-10
20.380000	0.000000	3.7e-10
20.390000	0.000000	3.6e-10
20.400000	0.000000	3.6e-10
20.410000	0.000000	3.5e-10
20.420000	0.000000	3.5e-10
20.430000	0.000000	3.4e-10
20.440000	0.000000	3.4e-10
20.450000	0.000000	3.3e-10
20.460000	0.000000	3.3e-10
20.470000	0.000000	3.2e-10
20.480000	0.000000	3.2e-10
20.490000	0.000000	3.1e-10
20.500000	0.000000	3.1e-10
20.510000	0.000000	3.0e-10
20.520000	0.000000	3.0e-10
20.530000	0.000000	3.0e-10
20.540000	0.000000	2.9e-10
20.550000	0.000000	2.9e-10
20.560000	0.000000	2.8e-10
20.570000	0.000000	2.8e-10
20.580000	0.000000	2.8e-10
20.590000	0.000000	2.7e-10
20.600000	0.000000	2.7e-10
20.610000	0.000000	2.6e-10
20.620000	0.000000	2.6e-10
20.630000	0.000000	2.6e-10
20.640000	0.000000	2.5e-10
20.650000	0.000000	2.5e-10
20.660000	0.000000	2.5e-10
20.670000	0.000000	2.4e-10
20.680000	0.000000	2.4e-10
20.690000	0.000000	2.3e-10
20.700000	0.000000	2.3e-10
20.710000	0.000000	2.3e-10
20.720000	0.000000	2.2e-10
20.730000	0.000000	2.2e-10
20.740000	0.000000	2.2e-10
20.750000	0.000000	2.2e-10
20.760000	0.000000	2.1e-10
20.770000	0.000000	2.1e-10
20.780000	0.000000	2.1e-10
20.790000	0.000000	2.0e-10
20.800000	0.000000	2.0e-10
20.810000	0.000000	2.0e-10
20.820000	0.000000	2.0e-10
20.830000	0.000000	1.9e-10
20.840000	0.000000	1.9e-10
20.850000	0.000000	1.9e-10
20.860000	0.000000	1.8e-10
20.870000	0.000000	1.8e-10
20.880000	0.000000	1.8e-10
20.890000	0.000000	1.8e-10
20.900000	0.000000	1.7e-10
20.910000	0.000000	1.7e-10
20.920000	0.000000	1.7e-10
20.930000	0.000000	1.7e-10
20.940000	0.000000	1.6e-10
20.950000	0.000000	1.6e-10
20.960000	0.000000	1.6e-10
20.970000	0.000000	1.6e-10
20.980000	0.000000	1.5e-10
20.990000	0.000000	1.5e-10
21.000000	0.000000	1.5e-10
21.010000	0.000000	1.5e-10
21.020000	0.000000	1.5e-10
21.030000	0.000000	1.4e-10
21.040000	0.000000	1.4e-10
21.050000	0.000000	1.4e-10
21.060000	0.000000	1.4e-10
21.070000	0.000000	1.4e-10
21.080000	0.000000	1.3e-10
21.090000	0.000000	1.3e-10
21.100000	0.000000	1.3e-10
21.110000	0.000000	1.3e-10
21.120000	0.000000	1.3e-10
21.130000	0.000000	1.3e-10
21.140000	0.000000	1.2e-10
21.150000	0.000000	1.2e-10
21.160000	0.000000	1.2e-10
21.170000	0.000000	1.2e-10
21.180000	0.000000	1.2e-10
21.190000	0.000000	1.1e-10
21.200000	0.000000	1.1e-10
21.210000	0.000000	1.1e-10
21.220000	0.000000	1.1e-10
21.230000	0.000000	1.1e-10
21.240000	0.000000	1.1e-10
21.250000	0.000000	1.1e-10
21.260000	0.000000	1.0e-10
21.270000	0.000000	1.0e-10
21.280000	0.000000	1.0e-10
21.290000	0.000000	9.9e-11
21.300000	0.000000	9.8e-11
21.310000	0.000000	9.6e-11
21.320000	0.000000	9.5e-11
21.330000	0.000000	9.4e-11
21.340000	0.000000	9.3e-11
21.350000	0.000000	9.1e-11
21.360000	0.000000	9.0e-11
21.370000	0.000000	8.9e-11
21.380000	0.000000	8.7e-11
21.390000	0.000000	8.6e-11
21.400000	0.000000	8.5e-11
21.410000	0.000000	8.4e-11
21.420000	0.000000	8.2e-11
21.430000	0.000000	8.1e-11
21.440000	0.000000	8.0e-11
21.450000	0.000000	7.9e-11
21.460000	0.000000	7.8e-11
21.470000	0.000000	7.7e-11
21.480000	0.000000	7.6e-11
21.490000	0.000000	7.5e-11
21.500000	0.000000	7.3e-11
21.510000	0.000000	7.2e-11
21.520000	0.000000	7.1e-11
21.530000	0.000000	7.0e-11
21.540000	0.000000	6.9e-11
21.550000	0.000000	6.8e-11
21.560000	0.000000	6.7e-11
21.570000	0.000000	6.6e-11
21.580000	0.000000	6.5e-11
21.590000	0.000000	6.4e-11
21.600000	0.000000	6.4e-11
21.610000	0.000000	6.3e-11
21.620000	0.000000	6.2e-11
21.630000	0.000000	6.1e-11
21.640000	0.000000	6.0e-11
21.650000	0.000000	5.9e-11
21.660000	0.000000	5.8e-11
21.670000	0.000000	5.8e-11
21.680000	0.000000	5.7e-11
21.690000	0.000000	5.6e-11
21.700000	0.000000	5.5e-11
21.710000	0.000000	5.4e-11
21.720000	0.000000	5.4e-11
21.730000	0.000000	5.3e-11
21.740000	0.000000	5.2e-11
21.750000	0.000000	5.1e-11
21.760000	0.000000	5.1e-11
21.770000	0.000000	5.0e-11
21.780000	0.000000	4.9e-11
21.790000	0.000000	4.8e-11
21.800000	0.000000	4.8e-11
21.810000	0.000000	4.7e-11
21.820000	0.000000	4.6e-11
21.830000	0.000000	4.6e-11
21.840000	0.000000	4.5e-11
21.850000	0.000000	4.4e-11
21.860000	0.000000	4.4e-11
21.870000	0.000000	4.3e-11
21.880000	0.000000	4.3e-11
21.890000	0.000000	4.2e-11
21.900000	0.000000	4.1e-11
21.910000	0.000000	4.1e-11
21.920000	0.000000	4.0e-11
21.930000	0.000000	4.0e-11
21.940000	0.000000	3.9e-11
21.950000	0.000000	3.9e-11
21.960000	0.000000	3.8e-11
21.970000	0.000000	3.7e-11
21.980000	0.000000	3.7e-11
21.990000	0.000000	3.6e-11
22.000000	0.000000	3.6e-11
22.010000	0.000000	3.5e-11
22.020000	0.000000	3.5e-11
22.030000	0.000000	3.4e-11
22.040000	0.000000	3.4e-11
22.050000	0.000000	3.3e-11
22.060000	0.000000	3.3e-11
22.070000	0.000000	3.2e-11
22.080000	0.000000	3.2e-11
22.090000	0.000000	3.1e-11
22.100000	0.000000	3.1e-11
22.110000	0.000000	3.1e-11
22.120000	0.000000	3.0e-11
22.130000	0.000000	3.0e-11
22.140000	0.000000	2.9e-11
22.150000	0.000000	2.9e-11
22.160000	0.000000	2.9e-11
22.170000	0.000000	2.8e-11
22.180000	0.000000	2.8e-11
22.190000	0.000000	2.7e-11
22.200000	0.000000	2.7e-11
22.210000	0.000000	2.7e-11
22.220000	0.000000	2.6e-11
22.230000	0.000000	2.6e-11
22.240000	0.000000	2.5e-11
22.250000	0.000000	2.5e-11
22.260000	0.000000	2.5e-11
22.270000	0.000000	2.4e-11
22.280000	0.000000	2.4e-11
22.290000	0.000000	2.4e-11
22.300000	0.000000	2.3e-11
22.310000	0.000000	2.3e-11
22.320000	0.000000	2.3e-11
22.330000	0.000000	2.2e-11
22.340000	0.000000	2.2e-11
22.350000	0.000000	2.2e-11
22.360000	0.000000	2.1e-11
22.370000	0.000000	2.1e-11
22.380000	0.000000	2.1e-11
22.390000	0.000000	2.0e-11
22.400000	0.000000	2.0e-11
22.410000	0.000000	2.0e-11
22.420000	0.000000	2.0e-11
22.430000	0.000000	1.9e-11
22.440000	0.000000	1.9e-11
22.450000	0.000000	1.9e-11
22.460000	0.000000	1.9e-11
22.470000	0.000000	1.8e-11
22.480000	0.000000	1.8e-11
22.490000	0.000000	1.8e-11
22.500000	0.000000	1.8e-11
22.510000	0.000000	1.7e-11
22.520000	0.000000	1.7e-11
22.530000	0.000000	1.7e-11
22.540000	0.000000	1.7e-11
22.550000	0.000000	1.6e-11
22.560000	0.000000	1.6e-11
22.570000	0.000000	1.6e-11
22.580000	0.000000	1.6e-11
22.590000	0.000000	1.5e-11
22.600000	0.000000	1.5e-11
22.610000	0.000000	1.5e-11
22.620000	0.000000	1.5e-11
22.630000	0.000000	1.5e-11
22.640000	0.000000	1.4e-11
22.650000	0.000000	1.4e-11
22.660000	0.000000	1.4e-11
22.670000	0.000000	1.4e-11
22.680000	0.000000	1.4e-11
22.690000	0.000000	1.3e-11
22.700000	0.000000	1.3e-11
22.710000	0.000000	1.3e-11
22.720000	0.000000	1.3e-11
22.730000	0.000000	1.3e-11
22.740000	0.000000	1.2e-11
22.750000	0.000000	1.2e-11
22.760000	0.000000	1.2e-11
22.770000	0.000000	1.2e-11
22.780000	0.000000	1.2e-11
22.790000	0.000000	1.2e-11
22.800000	0.000000	1.1e-11
22.810000	0.000000	1.1e-11
22.820000	0.000000	1.1e-11
22.830000	0.000000	1.1e-11
22.840000	0.000000	1.1e-11
22.850000	0.000000	1.1e-11
22.860000	0.000000	1.0e-11
22.870000	0.000000	1.0e-11
22.880000	0.000000	1.0e-11
22.890000	0.000000	1.0e-11
22.900000	0.000000	9.8e-12
22.910000	0.000000	9.7e-12
22.920000	0.000000	9.5e-12
22.930000	0.000000	8.9e-12
22.940000	0.000000	8.7e-12
22.950000	0.000000	8.6e-12
22.960000	0.000000	8.5e-12
22.970000	0.000000	8.4e-12
22.980000	0.000000	8.3e-12
22.990000	0.000000	8.2e-12
23.000000	0.000000	8.1e-12
23.010000	0.000000	8.0e-12
23.020000	0.000000	7.9e-12
23.030000	0.000000	7.8e-12
23.040000	0.000000	7.7e-12
23.050000	0.000000	7.6e-12
23.060000	0.000000	7.5e-12
23.070000	0.000000	7.4e-12
23.080000	0.000000	7.3e-12
23.090000	0.000000	7.2e-12
23.100000	0.000000	7.1e-12
23.110000	0.000000	6.9e-12
23.120000	0.000000	6.8e-12
23.130000	0.000000	6.7e-12
23.140000	0.000000	6.6e-12
23.150000	0.000000	6.5e-12
23.160000	0.000000	6.4e-12
23.170000	0.000000	6.3e-12
23.180000	0.000000	6.2e-12
23.190000	0.000000	6.1e-12
23.200000	0.000000	6.0e-12
23.210000	0.000000	5.9e-12
23.220000	0.000000	5.9e-12
23.230000	0.000000	5.8e-12
23.240000	0.000000	5.7e-12
23.250000	0.000000	5.6e-12
23.260000	0.000000	5.6e-12
23.270000	0.000000	5.5e-12
23.280000	0.000000	5.4e-12
23.290000	0.000000	5.3e-12
23.300000	0.000000	5.3e-12
23.310000	0.000000	5.2e-12
23.320000	0.000000	5.1e-12
23.330000	0.000000	5.1e-12
23.340000	0.000000	5.0e-12
23.350000	0.000000	4.9e-12
23.360000	0.000000	4.9e-12
23.370000	0.000000	4.8e-12
23.380000	0.000000	4.7e-12
23.390000	0.000000	4.7e-12
23.400000	0.000000	4.6e-12
23.410000	0.000000	4.5e-12
23.420000	0.000000	4.4e-12
23.430000	0.000000	4.4e-12
23.440000	0.000000	4.3e-12
23.450000	0.000000	4.2e-12
23.460000	0.000000	4.2e-12
23.470000	0.000000	4.1e-12
23.480000	0.000000	4.0e-12
23.490000	0.000000	4.0e-12
23.500000	0.000000	3.9e-12
23.510000	0.000000	3.9e-12
23.520000	0.000000	3.8e-12
23.530000	0.000000	3.8e-12
23.540000	0.000000	3.7e-12
23.550000	0.000000	3.7e-12
23.560000	0.000000	3.6e-12
23.570000	0.000000	3.6e-12
23.580000	0.000000	3.5e-12
23.590000	0.000000	3.5e-12
23.600000	0.000000	3.4e-12
23.610000	0.000000	3.4e-12
23.620000	0.000000	3.3e-12
23.630000	0.000000	3.3e-12
23.640000	0.000000	3.3e-12
23.650000	0.000000	3.2e-12
23.660000	0.000000	3.2e-12
23.670000	0.000000	3.1e-12
23.680000	0.000000	3.1e-12
23.690000	0.000000	3.0e-12
23.700000	0.000000	3.0e-12
23.710000	0.000000	2.9e-12
23.720000	0.000000	2.9e-12
23.730000	0.000000	2.8e-12
23.740000	0.000000	2.8e-12
23.750000	0.000000	2.7e-12
23.760000	0.000000	2.7e-12
23.770000	0.000000	2.7e-12
23.780000	0.000000	2.6e-12
23.790000	0.000000	2.6e-12
23.800000	0.000000	2.6e-12
23.810000	0.000000	2.5e-12
23.820000	0.000000	2.5e-12
23.830000	0.000000	2.5e-12
23.840000	0.000000	2.4e-12
23.850000	0.000000	2.4e-12
23.860000	0.000000	2.4e-12
23.870000	0.000000	2.3e-12
23.880000	0.000000	2.3e-12
23.890000	0.000000	2.3e-12
23.900000	0.000000	2.2e-12
23.910000	0.000000	2.2e-12
23.920000	0.000000	2.2e-12
23.930000	0.000000	2.2e-12
23.940000	0.000000	2.1e-12
23.950000	0.000000	2.1e-12
23.960000	0.000000	2.1e-12
23.970000	0.000000	2.0e-12
23.980000	0.000000	2.0e-12
23.990000	0.000000	2.0e-12
24.000000	0.000000	1.9e-12
24.010000	0.000000	1.9e-12
24.020000	0.000000	1.9e-12
24.030000	0.000000	1.8e-12
24.040000	0.000000	1.8e-12
24.050000	0.000000	1.8e-12
24.060000	0.000000	1.8e-12
24.070000	0.000000	1.7e-12
24.080000	0.000000	1.7e-12
24.090000	0.000000	1.7e-12
24.100000	0.000000	1.7e-12
24.110000	0.000000	1.7e-12
24.120000	0.000000	1.6e-12
24.130000	0.000000	1.6e-12
24.140000	0.000000	1.6e-12
24.150000	0.000000	1.6e-12
24.160000	0.000000	1.5e-12
24.170000	0.000000	1.5e-12
24.180000	0.000000	1.5e-12
24.190000	0.000000	1.5e-12
24.200000	0.000000	1.5e-12
24.210000	0.000000	1.4e-12
24.220000	0.000000	1.4e-12
24.230000	0.000000	1.4e-12
24.240000	0.000000	1.4e-12
24.250000	0.000000	1.4e-12
24.260000	0.000000	1.3e-12
24.270000	0.000000	1.3e-12
24.280000	0.000000	1.3e-12
24.290000	0.000000	1.3e-12
24.300000	0.000000	1.3e-12
24.310000	0.000000	1.2e-12
24.320000	0.000000	1.2e-12
24.330000	0.000000	1.2e-12
24.340000	0.000000	1.2e-12
24.350000	0.000000	1.2e-12
24.360000	0.000000	1.1e-12
24.370000	0.000000	1.1e-12
24.380000	0.000000	1.1e-12
24.390000	0.000000	1.1e-12
24.400000	0.000000	1.1e-12
24.410000	0.000000	1.1e-12
24.420000	0.000000	1.1e-12
24.430000	0.000000	1.1e-12
24.440000	0.000000	1.0e-12
24.450000	0.000000	1.0e-12
24.460000	0.000000	1.0e-12
24.470000	0.000000	9.9e-13
24.480000	0.000000	9.8e-13
24.490000	0.000000	9.7e-13
24.500000	0.000000	9.5e-13
24.510000	0.000000	9.4e-13
24.520000	0.000000	9.2e-13
24.530000	0.000000	9.1e-13
24.540000	0.000000	9.0e-13
24.550000	0.000000	8.8e-13
24.560000	0.000000	8.7e-13
24.570000	0.000000	8.5e-13
24.580000	0.000000	8.4e-13
24.590000	0.000000	8.3e-13
24.600000	0.000000	8.1e-13
24.610000	0.000000	8.0e-13
24.620000	0.000000	7.9e-13
24.630000	0.000000	7.8e-13
24.640000	0.000000	7.7e-13
24.650000	0.000000	7.6e-13
24.660000	0.000000	7.5e-13
24.670000	0.000000	7.4e-13
24.680000	0.000000	7.3e-13
24.690000	0.000000	7.2e-13
24.700000	0.000000	7.1e-13
24.710000	0.000000	7.0e-13
24.720000	0.000000	6.9e-13
24.730000	0.000000	6.9e-13
24.740000	0.000000	6.8e-13
24.750000	0.000000	6.7e-13
24.760000	0.000000	6.6e-13
24.770000	0.000000	6.5e-13
24.780000	0.000000	6.4e-13
24.790000	0.000000	6.3e-13
24.800000	0.000000	6.2e-13
24.810000	0.000000	6.1e-13
24.820000	0.000000	6.0e-13
24.830000	0.000000	5.9e-13
24.840000	0.000000	5.8e-13
24.850000	0.000000	5.7e-13
24.860000	0.000000	5.6e-13
24.870000	0.000000	5.5e-13
24.880000	0.000000	5.4e-13
24.890000	0.000000	5.4e-13
24.900000	0.000000	5.3e-13
24.910000	0.000000	5.2e-13
24.920000	0.000000	5.2e-13
24.930000	0.000000	5.1e-13
24.940000	0.000000	5.0e-13
24.950000	0.000000	5.0e-13
24.960000	0.000000	4.9e-13
24.970000	0.000000	4.8e-13
24.980000	0.000000	4.8e-13
24.990000	0.000000	4.7e-13
25.000000	0.000000	4.7e-13
25.010000	0.000000	4.6e-13
25.020000	0.000000	4.5e-13
25.030000	0.000000	4.5e-13
25.040000	0.000000	4.4e-13
25.050000	0.000000	4.3e-13
25.060000	0.000000	4.3e-13
25.070000	0.000000	4.2e-13
25.080000	0.000000	4.2e-13
25.090000	0.000000	4.1e-13
25.100000	0.000000	4.0e-13
25.110000	0.000000	4.0e-13
25.120000	0.000000	3.9e-13
25.130000	0.000000	3.8e-13
25.140000	0.000000	3.8e-13
25.150000	0.000000	3.7e-13
25.160000	0.000000	3.7e-13
25.170000	0.000000	3.6e-13
25.180000	0.000000	3.5e-13
25.190000	0.000000	3.5e-13
25.200000	0.000000	3.5e-13
25.210000	0.000000	3.4e-13
25.220000	0.000000	3.4e-13
25.230000	0.000000	3.3e-13
25.240000	0.000000	3.3e-13
25.250000	0.000000	3.2e-13
25.260000	0.000000	3.2e-13
25.270000	0.000000	3.2e-13
25.280000	0.000000	3.1e-13
25.290000	0.000000	3.1e-13
25.300000	0.000000	3.0e-13
25.310000	0.000000	3.0e-13
25.320000	0.000000	3.0e-13
25.330000	0.000000	2.9e-13
25.340000	0.000000	2.9e-13
25.350000	0.000000	2.8e-13
25.360000	0.000000	2.8e-13
25.370000	0.000000	2.7e-13
25.380000	0.000000	2.7e-13
25.390000	0.000000	2.7e-13
25.400000	0.000000	2.6e-13
25.410000	0.000000	2.6e-13
25.420000	0.000000	2.5e-13
25.430000	0.000000	2.5e-13
25.440000	0.000000	2.5e-13
25.450000	0.000000	2.4e-13
25.460000	0.000000	2.4e-13
25.470000	0.000000	2.3e-13
25.480000	0.000000	2.3e-13
25.490000	0.000000	2.3e-13
25.500000	0.000000	2.3e-13
25.510000	0.000000	2.2e-13
25.520000	0.000000	2.2e-13
25.530000	0.000000	2.2e-13
25.540000	0.000000	2.2e-13
25.550000	0.000000	2.1e-13
25.560000	0.000000	2.1e-13
25.570000	0.000000	2.1e-13
25.580000	0.000000	2.0e-13
25.590000	0.000000	2.0e-13
25.600000	0.000000	2.0e-13
25.610000	0.000000	2.0e-13
25.620000	0.000000	1.9e-13
25.630000	0.000000	1.9e-13
25.640000	0.000000	1.9e-13
25.650000	0.000000	1.8e-13
25.660000	0.000000	1.8e-13
25.670000	0.000000	1.8e-13
25.680000	0.000000	1.8e-13
25.690000	0.000000	1.7e-13
25.700000	0.000000	1.7e-13
25.710000	0.000000	1.7e-13
25.720000	0.000000	1.6e-13
25.730000	0.000000	1.6e-13
25.740000	0.000000	1.6e-13
25.750000	0.000000	1.6e-13
25.760000	0.000000	1.6e-13
25.770000	0.000000	1.5e-13
25.780000	0.000000	1.5e-13
25.790000	0.000000	1.5e-13
25.800000	0.000000	1.5e-13
25.810000	0.000000	1.5e-13
25.820000	0.000000	1.4e-13
25.830000	0.000000	1.4e-13
25.840000	0.000000	1.4e-13
25.850000	0.000000	1.4e-13
25.860000	0.000000	1.4e-13
25.870000	0.000000	1.3e-13
25.880000	0.000000	1.3e-13
25.890000	0.000000	1.3e-13
25.900000	0.000000	1.3e-13
25.910000	0.000000	1.3e-13
25.920000	0.000000	1.3e-13
25.930000	0.000000	1.2e-13
25.940000	0.000000	1.2e-13
25.950000	0.000000	1.2e-13
25.960000	0.000000	1.2e-13
25.970000	0.000000	1.2e-13
25.980000	0.000000	1.1e-13
25.990000	0.000000	1.1e-13
26.000000	0.000000	1.1e-13
26.010000	0.000000	1.1e-13
26.020000	0.000000	1.1e-13
26.030000	0.000000	1.1e-13
26.040000	0.000000	1.0e-13
26.050000	0.000000	1.0e-13
26.060000	0.000000	1.0e-13
26.070000	0.000000	1.0e-13
26.080000	0.000000	9.9e-14
26.090000	0.000000	9.8e-14
26.100000	0.000000	9.7e-14
26.110000	0.000000	9.6e-14
26.120000	0.000000	9.4e-14
26.130000	0.000000	9.3e-14
26.140000	0.000000	9.2e-14
26.150000	0.000000	9.0e-14
26.160000	0.000000	8.9e-14
26.170000	0.000000	8.8e-14
26.180000	0.000000	8.7e-14
26.190000	0.000000	8.5e-14
26.200000	0.000000	8.4e-14
26.210000	0.000000	8.3e-14
26.220000	0.000000	8.2e-14
26.230000	0.000000	8.0e-14
26.240000	0.000000	7.9e-14
26.250000	0.000000	7.8e-14
26.260000	0.000000	7.7e-14
26.270000	0.000000	7.5e-14
26.280000	0.000000	7.4e-14
26.290000	0.000000	7.3e-14
26.300000	0.000000	7.2e-14
26.310000	0.000000	7.1e-14
26.320000	0.000000	7.0e-14
26.330000	0.000000	6.9e-14
26.340000	0.000000	6.8e-14
26.350000	0.000000	6.7e-14
26.360000	0.000000	6.7e-14
26.370000	0.000000	6.6e-14
26.380000	0.000000	6.5e-14
26.390000	0.000000	6.4e-14
26.400000	0.000000	6.3e-14
26.410000	0.000000	6.2e-14
26.420000	0.000000	6.2e-14
26.430000	0.000000	6.1e-14
26.440000	0.000000	6.0e-14
26.450000	0.000000	5.9e-14
26.460000	0.000000	5.8e-14
26.470000	0.000000	5.7e-14
26.480000	0.000000	5.6e-14
26.490000	0.000000	5.6e-14
26.500000	0.000000	5.5e-14
26.510000	0.000000	5.4e-14
26.520000	0.000000	5.3e-14
26.530000	0.000000	5.2e-14
26.540000	0.000000	5.1e-14
26.550000	0.000000	5.1e-14
26.560000	0.000000	5.0e-14
26.570000	0.000000	4.9e-14
26.580000	0.000000	4.8e-14
26.590000	0.000000	4.8e-14
26.600000	0.000000	4.7e-14
26.610000	0.000000	4.6e-14
26.620000	0.000000	4.6e-14
26.630000	0.000000	4.5e-14
26.640000	0.000000	4.5e-14
26.650000	0.000000	4.4e-14
26.660000	0.000000	4.4e-14
26.670000	0.000000	4.3e-14
26.680000	0.000000	4.2e-14
26.690000	0.000000	4.2e-14
26.700000	0.000000	4.1e-14
26.710000	0.000000	4.1e-14
26.720000	0.000000	4.0e-14
26.730000	0.000000	4.0e-14
26.740000	0.000000	3.9e-14
26.750000	0.000000	3.8e-14
26.760000	0.000000	3.8e-14
26.770000	0.000000	3.7e-14
26.780000	0.000000	3.7e-14
26.790000	0.000000	3.6e-14
26.800000	0.000000	3.6e-14
26.810000	0.000000	3.5e-14
26.820000	0.000000	3.4e-14
26.830000	0.000000	3.4e-14
26.840000	0.000000	3.3e-14
26.850000	0.000000	3.3e-14
26.860000	0.000000	3.2e-14
26.870000	0.000000	3.2e-14
26.880000	0.000000	3.2e-14
26.890000	0.000000	3.1e-14
26.900000	0.000000	3.1e-14
26.910000	0.000000	3.0e-14
26.920000	0.000000	3.0e-14
26.930000	0.000000	3.0e-14
26.940000	0.000000	2.9e-14
26.950000	0.000000	2.9e-14
26.960000	0.000000	2.8e-14
26.970000	0.000000	2.8e-14
26.980000	0.000000	2.8e-14
26.990000	0.000000	2.7e-14
27.000000	0.000000	2.7e-14
27.010000	0.000000	2.7e-14
27.020000	0.000000	2.6e-14
27.030000	0.000000	2.6e-14
27.040000	0.000000	2.5e-14
27.050000	0.000000	2.5e-14
27.060000	0.000000	2.5e-14
27.070000	0.000000	2.4e-14
27.080000	0.000000	2.4e-14
27.090000	0.000000	2.4e-14
27.100000	0.000000	2.3e-14
27.110000	0.000000	2.3e-14
27.120000	0.000000	2.2e-14
27.130000	0.000000	2.2e-14
27.140000	0.000000	2.2e-14
27.150000	0.000000	2.1e-14
27.160000	0.000000	2.1e-14
27.170000	0.000000	2.1e-14
27.180000	0.000000	2.1e-14
27.190000	0.000000	2.0e-14
27.200000	0.000000	2.0e-14
27.210000	0.000000	2.0e-14
27.220000	0.000000	2.0e-14
27.230000	0.000000	1.9e-14
27.240000	0.000000	1.9e-14
27.250000	0.000000	1.9e-14
27.260000	0.000000	1.9e-14
27.270000	0.000000	1.8e-14
27.280000	0.000000	1.8e-14
27.290000	0.000000	1.8e-14
27.300000	0.000000	1.8e-14
27.310000	0.000000	1.7e-14
27.320000	0.000000	1.7e-14
27.330000	0.000000	1.7e-14
27.340000	0.000000	1.7e-14
27.350000	0.000000	1.6e-14
27.360000	0.000000	1.6e-14
27.370000	0.000000	1.6e-14
27.380000	0.000000	1.6e-14
27.390000	0.000000	1.5e-14
27.400000	0.000000	1.5e-14
27.410000	0.000000	1.5e-14
27.420000	0.000000	1.5e-14
27.430000	0.000000	1.4e-14
27.440000	0.000000	1.4e-14
27.450000	0.000000	1.4e-14
27.460000	0.000000	1.4e-14
27.470000	0.000000	1.4e-14
27.480000	0.000000	1.4e-14
27.490000	0.000000	1.3e-14
27.500000	0.000000	1.3e-14
27.510000	0.000000	1.3e-14
27.520000	0.000000	1.3e-14
27.530000	0.000000	1.3e-14
27.540000	0.000000	1.2e-14
27.550000	0.000000	1.2e-14
27.560000	0.000000	1.2e-14
27.570000	0.000000	1.2e-14
27.580000	0.000000	1.2e-14
27.590000	0.000000	1.2e-14
27.600000	0.000000	1.1e-14
27.610000	0.000000	1.1e-14
27.620000	0.000000	1.1e-14
27.630000	0.000000	1.1e-14
27.640000	0.000000	1.1e-14
27.650000	0.000000	1.1e-14
27.660000	0.000000	1.0e-14
27.670000	0.000000	1.0e-14
27.680000	0.000000	1.0e-14
27.690000	0.000000	9.9e-15
27.700000	0.000000	9.8e-15
27.710000	0.000000	9.7e-15
27.720000	0.000000	9.5e-15
27.730000	0.000000	9.4e-15
27.740000	0.000000	9.3e-15
27.750000	0.000000	9.2e-15
27.760000	0.000000	9.1e-15
27.770000	0.000000	9.0e-15
27.780000	0.000000	8.8e-15
27.790000	0.000000	8.7e-15
27.800000	0.000000	8.6e-15
27.810000	0.000000	8.5e-15
27.820000	0.000000	8.4e-15
27.830000	0.000000	8.3e-15
27.840000	0.000000	8.2e-15
27.850000	0.000000	8.0e-15
27.860000	0.000000	7.9e-15
27.870000	0.000000	7.8e-15
27.880000	0.000000	7.7e-15
27.890000	0.000000	7.6e-15
27.900000	0.000000	7.5e-15
27.910000	0.000000	7.4e-15
27.920000	0.000000	7.2e-15
27.930000	0.000000	7.1e-15
27.940000	0.000000	7.0e-15
27.950000	0.000000	6.9e-15
27.960000	0.000000	6.8e-15
27.970000	0.000000	6.7e-15
27.980000	0.000000	6.6e-15
27.990000	0.000000	6.5e-15
28.000000	0.000000	6.4e-15
28.010000	0.000000	6.3e-15
28.020000	0.000000	6.2e-15
28.030000	0.000000	6.2e-15
28.040000	0.000000	6.1e-15
28.050000	0.000000	6.0e-15
28.060000	0.000000	5.9e-15
28.070000	0.000000	5.9e-15
28.080000	0.000000	5.8e-15
28.090000	0.000000	5.7e-15
28.100000	0.000000	5.6e-15
28.110000	0.000000	5.6e-15
28.120000	0.000000	5.5e-15
28.130000	0.000000	5.4e-15
28.140000	0.000000	5.3e-15
28.150000	0.000000	5.2e-15
28.160000	0.000000	5.2e-15
28.170000	0.000000	5.1e-15
28.180000	0.000000	5.0e-15
28.190000	0.000000	4.9e-15
28.200000	0.000000	4.9e-15
28.210000	0.000000	4.8e-15
28.220000	0.000000	4.7e-15
28.230000	0.000000	4.6e-15
28.240000	0.000000	4.6e-15
28.250000	0.000000	4.5e-15
28.260000	0.000000	4.4e-15
28.270000	0.000000	4.4e-15
28.280000	0.000000	4.3e-15
28.290000	0.000000	4.2e-15
28.300000	0.000000	4.2e-15
28.310000	0.000000	4.1e-15
28.320000	0.000000	4.1e-15
28.330000	0.000000	4.0e-15
28.340000	0.000000	4.0e-15
28.350000	0.000000	3.9e-15
28.360000	0.000000	3.9e-15
28.370000	0.000000	3.8e-15
28.380000	0.000000	3.8e-15
28.390000	0.000000	3.7e-15
28.400000	0.000000	3.7e-15
28.410000	0.000000	3.6e-15
28.420000	0.000000	3.6e-15
28.430000	0.000000	3.5e-15
28.440000	0.000000	3.5e-15
28.450000	0.000000	3.4e-15
28.460000	0.000000	3.4e-15
28.470000	0.000000	3.3e-15
28.480000	0.000000	3.3e-15
28.490000	0.000000	3.2e-15
28.500000	0.000000	3.2e-15
28.510000	0.000000	3.1e-15
28.520000	0.000000	3.1e-15
28.530000	0.000000	3.0e-15
28.540000	0.000000	3.0e-15
28.550000	0.000000	2.9e-15
28.560000	0.000000	2.9e-15
28.570000	0.000000	2.9e-15
28.580000	0.000000	2.8e-15
28.590000	0.000000	2.8e-15
28.600000	0.000000	2.8e-15
28.610000	0.000000	2.7e-15
28.620000	0.000000	2.7e-15
28.630000	0.000000	2.6e-15
28.640000	0.000000	2.6e-15
28.650000	0.000000	2.6e-15
28.660000	0.000000	2.5e-15
28.670000	0.000000	2.5e-15
28.680000	0.000000	2.5e-15
28.690000	0.000000	2.4e-15
28.700000	0.000000	2.4e-15
28.710000	0.000000	2.4e-15
28.720000	0.000000	2.3e-15
28.730000	0.000000	2.3e-15
28.740000	0.000000	2.3e-15
28.750000	0.000000	2.2e-15
28.760000	0.000000	2.2e-15
28.770000	0.000000	2.2e-15
28.780000	0.000000	2.1e-15
28.790000	0.000000	2.1e-15
28.800000	0.000000	2.1e-15
28.810000	0.000000	2.0e-15
28.820000	0.000000	2.0e-15
28.830000	0.000000	2.0e-15
28.840000	0.000000	1.9e-15
28.850000	0.000000	1.9e-15
28.860000	0.000000	1.9e-15
28.870000	0.000000	1.9e-15
28.880000	0.000000	1.8e-15
28.890000	0.000000	1.8e-15
28.900000	0.000000	1.8e-15
28.910000	0.000000	1.8e-15
28.920000	0.000000	1.8e-15
28.930000	0.000000	1.7e-15
28.940000	0.000000	1.7e-15
28.950000	0.000000	1.7e-15
28.960000	0.000000	1.7e-15
28.970000	0.000000	1.6e-15
28.980000	0.000000	1.6e-15
28.990000	0.000000	1.6e-15
29.000000	0.000000	1.6e-15
29.010000	0.000000	1.5e-15
29.020000	0.000000	1.5e-15
29.030000	0.000000	1.5e-15
29.040000	0.000000	1.5e-15
29.050000	0.000000	1.5e-15
29.060000	0.000000	1.4e-15
29.070000	0.000000	1.4e-15
29.080000	0.000000	1.4e-15
29.090000	0.000000	1.4e-15
29.100000	0.000000	1.3e-15
29.110000	0.000000	1.3e-15
29.120000	0.000000	1.3e-15
29.130000	0.000000	1.3e-15
29.140000	0.000000	1.3e-15
29.150000	0.000000	1.3e-15
29.160000	0.000000	1.2e-15
29.170000	0.000000	1.2e-15
29.180000	0.000000	1.2e-15
29.190000	0.000000	1.2e-15
29.200000	0.000000	1.2e-15
29.210000	0.000000	1.2e-15
29.220000	0.000000	1.1e-15
29.230000	0.000000	1.1e-15
29.240000	0.000000	1.1e-15
29.250000	0.000000	1.1e-15
29.260000	0.000000	1.1e-15
29.270000	0.000000	1.1e-15
29.280000	0.000000	1.1e-15
29.290000	0.000000	1.0e-15
29.300000	0.000000	1.0e-15
29.310000	0.000000	1.0e-15
29.320000	0.000000	9.9e-16
29.330000	0.000000	9.8e-16
29.340000	0.000000	9.6e-16
29.350000	0.000000	9.5e-16
29.360000	0.000000	9.3e-16
29.370000	0.000000	9.2e-16
29.380000	0.000000	9.0e-16
29.390000	0.000000	8.9e-16
29.400000	0.000000	8.8e-16
29.410000	0.000000	8.7e-16
29.420000	0.000000	8.5e-16
29.430000	0.000000	8.4e-16
29.440000	0.000000	8.3e-16
29.450000	0.000000	8.2e-16
29.460000	0.000000	8.1e-16
29.470000	0.000000	8.0e-16
29.480000	0.000000	7.9e-16
29.490000	0.000000	7.8e-16
29.500000	0.000000	7.7e-16
29.510000	0.000000	7.6e-16
29.520000	0.000000	7.5e-16
29.530000	0.000000	7.4e-16
29.540000	0.000000	7.3e-16
29.550000	0.000000	7.2e-16
29.560000	0.000000	7.1e-16
29.570000	0.000000	7.0e-16
29.580000	0.000000	6.9e-16
29.590000	0.000000	6.8e-16
29.600000	0.000000	6.7e-16
29.610000	0.000000	6.6e-16
29.620000	0.000000	6.5e-16
29.630000	0.000000	6.4e-16
29.640000	0.000000	6.3e-16
29.650000	0.000000	6.2e-16
29.660000	0.000000	6.1e-16
29.670000	0.000000	6.0e-16
29.680000	0.000000	5.9e-16
29.690000	0.000000	5.8e-16
29.700000	0.000000	5.7e-16
29.710000	0.000000	5.7e-16
29.720000	0.000000	5.6e-16
29.730000	0.000000	5.5e-16
29.740000	0.000000	5.5e-16
29.750000	0.000000	5.4e-16
29.760000	0.000000	5.3e-16
29.770000	0.000000	5.3e-16
29.780000	0.000000	5.2e-16
29.790000	0.000000	5.1e-16
29.800000	0.000000	5.0e-16
29.810000	0.000000	5.0e-16
29.820000	0.000000	4.9e-16
29.830000	0.000000	4.8e-16
29.840000	0.000000	4.8e-16
29.850000	0.000000	4.7e-16
29.860000	0.000000	4.6e-16
29.870000	0.000000	4.6e-16
29.880000	0.000000	4.5e-16
29.890000	0.000000	4.4e-16
29.900000	0.000000	4.4e-16
29.910000	0.000000	4.3e-16
29.920000	0.000000	4.2e-16
29.930000	0.000000	4.1e-16
29.940000	0.000000	4.1e-16
29.950000	0.000000	4.0e-16
29.960000	0.000000	4.0e-16
29.970000	0.000000	3.9e-16
29.980000	0.000000	3.9e-16
29.990000	0.000000	3.8e-16
30.000000	0.000000	3.8e-16
30.010000	0.000000	3.7e-16
30.020000	0.000000	3.7e-16
30.030000	0.000000	3.6e-16
30.040000	0.000000	3.6e-16
30.050000	0.000000	3.5e-16
30.060000	0.000000	3.5e-16
30.070000	0.000000	3.4e-16
30.080000	0.000000	3.4e-16
30.090000	0.000000	3.3e-16
