0.100000	0.000000	2737459.117380
0.110000	0.000000	3192402.506667
0.120000	0.000000	1452546.441265
0.130000	0.000000	1960973.990737
0.140000	0.000000	795925.347160
0.150000	0.000000	314848.098901
0.160000	0.000000	267542.684584
0.170000	0.000000	238756.109559
0.180000	0.000000	267328.481261
0.190000	0.000000	263353.105686
0.200000	0.000000	226550.662770
0.210000	0.000000	235382.562085
0.220000	0.000000	206276.928158
0.230000	0.000000	241947.177191
0.240000	0.000000	262556.711433
0.250000	0.000000	206914.520345
0.260000	0.000000	287888.477690
0.270000	0.000000	141577.997819
0.280000	0.000000	227341.146299
0.290000	0.000000	145111.505944
0.300000	0.000000	156744.833167
0.310000	0.000000	117827.065141
0.320000	0.000000	108418.094536
0.330000	0.000000	120100.629207
0.340000	0.000000	107197.358979
0.350000	0.000000	91482.274729
0.360000	0.000000	127376.103399
0.370000	0.000000	142004.982684
0.380000	0.000000	80570.131891
0.390000	0.000000	88814.897963
0.400000	0.000000	73961.064784
0.410000	0.000000	66269.930479
0.420000	0.000000	71105.660076
0.430000	0.000000	70449.761229
0.440000	0.000000	57202.070734
0.450000	0.000000	59781.394070
0.460000	0.000000	51993.029890
0.470000	0.000000	51803.341193
0.480000	0.000000	47568.590227
0.490000	0.000000	79480.402608
0.500000	0.000000	63966.106795
0.510000	0.000000	40446.125755
0.520000	0.000000	42956.931728
0.530000	0.000000	43227.263858
0.540000	0.000000	37346.176849
0.550000	0.000000	39080.207810
0.560000	0.000000	49769.728018
0.570000	0.000000	54207.937637
0.580000	0.000000	37597.093228
0.590000	0.000000	37464.222401
0.600000	0.000000	30324.291131
0.610000	0.000000	32351.216622
0.620000	0.000000	38990.556083
0.630000	0.000000	32731.662358
0.640000	0.000000	29350.425621
0.650000	0.000000	348044.730807
0.660000	0.000000	203073.820095
0.670000	0.000000	41987.250007
0.680000	0.000000	32086.567328
0.690000	0.000000	100036.833721
0.700000	0.000000	127386.120978
0.710000	0.000000	317186.209533
0.720000	0.000000	673713.861212
0.730000	0.000000	109912.562060
0.740000	0.000000	353415.248179
0.750000	0.000000	62791.908625
0.760000	0.000000	269240.795102
0.770000	0.000000	560810.624881
0.780000	0.000000	213700.738398
0.790000	0.000000	196115.666289
0.800000	0.000000	293412.054115
0.810000	0.000000	242825.598456
0.820000	0.000000	603630.730229
0.830000	0.000000	375057.849866
0.840000	0.000000	233208.013361
0.850000	0.000000	324295.597948
0.860000	0.000000	477406.439597
0.870000	0.000000	466889.439050
0.880000	0.000000	177204.929841
0.890000	0.000000	207685.752639
0.900000	0.000000	286585.925541
0.910000	0.000000	416412.847648
0.920000	0.000000	232232.133100
0.930000	0.000000	98773.950146
0.940000	0.000000	106793.237970
0.950000	0.000000	150652.677177
0.960000	0.000000	202857.674395
0.970000	0.000000	85260.056296
0.980000	0.000000	61277.230204
0.990000	0.000000	96485.304082
1.000000	0.000000	137915.326088
1.010000	0.000000	212369.431257
1.020000	0.000000	146934.348709
1.030000	0.000000	29027.080901
1.040000	0.000000	34145.282983
1.050000	0.000000	37221.415722
1.060000	0.000000	33367.180418
1.070000	0.000000	76000.483749
1.080000	0.000000	65261.640834
1.090000	0.000000	67725.468454
1.100000	0.000000	48419.393060
1.110000	0.000000	40235.800843
1.120000	0.000000	36983.013345
1.130000	0.000000	20098.634581
1.140000	0.000000	50673.201333
1.150000	0.000000	35291.620836
1.160000	0.000000	49816.306461
1.170000	0.000000	50540.737843
1.180000	0.000000	34267.034126
1.190000	0.000000	22998.655748
1.200000	0.000000	23050.248991
1.210000	0.000000	25693.971059
1.220000	0.000000	18563.131317
1.230000	0.000000	14542.745238
1.240000	0.000000	15223.348758
1.250000	0.000000	18660.656214
1.260000	0.000000	11837.899598
1.270000	0.000000	28214.270742
1.280000	0.000000	9513.155760
1.290000	0.000000	8802.258760
1.300000	0.000000	11460.222038
1.310000	0.000000	12947.529349
1.320000	0.000000	9603.925241
1.330000	0.000000	9584.592256
1.340000	0.000000	11296.467939
1.350000	0.000000	9441.058046
1.360000	0.000000	8134.285257
1.370000	0.000000	7959.503870
1.380000	0.000000	5837.413786
1.390000	0.000000	5830.856861
1.400000	0.000000	6435.844793
1.410000	0.000000	5115.556287
1.420000	0.000000	5486.798980
1.430000	0.000000	5332.270092
1.440000	0.000000	6140.542604
1.450000	0.000000	4323.708132
1.460000	0.000000	4367.891431
1.470000	0.000000	3986.208526
1.480000	0.000000	4139.864156
1.490000	0.000000	3943.802937
1.500000	0.000000	3677.140681
1.510000	0.000000	3588.527002
1.520000	0.000000	3614.083275
1.530000	0.000000	3530.237776
1.540000	0.000000	3342.706720
1.550000	0.000000	3220.472605
1.560000	0.000000	3154.248285
1.570000	0.000000	3160.443888
1.580000	0.000000	3040.503644
1.590000	0.000000	2967.720346
1.600000	0.000000	3026.988129
1.610000	0.000000	2961.098229
1.620000	0.000000	2794.850618
1.630000	0.000000	2719.958885
1.640000	0.000000	2665.049448
1.650000	0.000000	2689.157338
1.660000	0.000000	2594.799244
1.670000	0.000000	2511.176068
1.680000	0.000000	2462.068068
1.690000	0.000000	2410.760002
1.700000	0.000000	2361.558500
1.710000	0.000000	2315.501312
1.720000	0.000000	2265.584572
1.730000	0.000000	2221.715566
1.740000	0.000000	2178.819897
1.750000	0.000000	2144.077256
1.760000	0.000000	2089.745115
1.770000	0.000000	2047.345226
1.780000	0.000000	2003.696064
1.790000	0.000000	1964.922541
1.800000	0.000000	1931.746237
1.810000	0.000000	1890.225033
1.820000	0.000000	1852.946108
1.830000	0.000000	1817.191812
1.840000	0.000000	1781.632952
1.850000	0.000000	1746.273830
1.860000	0.000000	1711.095326
1.870000	0.000000	1677.750482
1.880000	0.000000	1646.709405
1.890000	0.000000	1616.189239
1.900000	0.000000	1586.068671
1.910000	0.000000	1555.927506
1.920000	0.000000	1525.953074
1.930000	0.000000	1496.442065
1.940000	0.000000	1467.912828
1.950000	0.000000	1438.839779
1.960000	0.000000	1411.054494
1.970000	0.000000	1383.331902
1.980000	0.000000	1355.772161
1.990000	0.000000	1328.561370
2.000000	0.000000	1302.097661
2.010000	0.000000	1276.341125
2.020000	0.000000	1251.135424
2.030000	0.000000	1226.939652
2.040000	0.000000	1203.552685
2.050000	0.000000	1180.517113
2.060000	0.000000	1158.825749
2.070000	0.000000	1138.891682
2.080000	0.000000	1118.434799
2.090000	0.000000	1098.323838
2.100000	0.000000	1078.494757
2.110000	0.000000	1059.300004
2.120000	0.000000	1174.745624
2.130000	0.000000	1090.630793
2.140000	0.000000	1064.772613
2.150000	0.000000	1153.427937
2.160000	0.000000	1021.286415
2.170000	0.000000	944.804779
2.180000	0.000000	926.476281
2.190000	0.000000	908.218850
2.200000	0.000000	890.010098
2.210000	0.000000	872.021891
2.220000	0.000000	854.419597
2.230000	0.000000	837.237286
2.240000	0.000000	820.871585
2.250000	0.000000	805.954106
2.260000	0.000000	792.624397
2.270000	0.000000	781.540411
2.280000	0.000000	766.544751
2.290000	0.000000	753.839820
2.300000	0.000000	759.872745
2.310000	0.000000	729.148871
2.320000	0.000000	712.064817
2.330000	0.000000	699.632697
2.340000	0.000000	687.386011
2.350000	0.000000	675.163319
2.360000	0.000000	662.944644
2.370000	0.000000	650.728934
2.380000	0.000000	638.517866
2.390000	0.000000	626.341298
2.400000	0.000000	614.227140
2.410000	0.000000	602.129031
2.420000	0.000000	590.050100
2.430000	0.000000	578.091901
2.440000	0.000000	566.455168
2.450000	0.000000	555.027436
2.460000	0.000000	550.956049
2.470000	0.000000	537.567868
2.480000	0.000000	527.571877
2.490000	0.000000	518.570618
2.500000	0.000000	509.715803
2.510000	0.000000	515.223130
2.520000	0.000000	502.302273
2.530000	0.000000	483.781076
2.540000	0.000000	475.581270
2.550000	0.000000	467.405725
2.560000	0.000000	459.284019
2.570000	0.000000	451.776365
2.580000	0.000000	445.105519
2.590000	0.000000	435.411565
2.600000	0.000000	426.890972
2.610000	0.000000	418.619176
2.620000	0.000000	410.132762
2.630000	0.000000	403.188631
2.640000	0.000000	400.583777
2.650000	0.000000	387.911903
2.660000	0.000000	379.397456
2.670000	0.000000	372.555818
2.680000	0.000000	365.874044
2.690000	0.000000	359.974341
2.700000	0.000000	355.555662
2.710000	0.000000	349.666745
2.720000	0.000000	342.658918
2.730000	0.000000	338.588583
2.740000	0.000000	345.846360
2.750000	0.000000	374.162562
2.760000	0.000000	343.323191
2.770000	0.000000	353.496660
2.780000	0.000000	419.754303
2.790000	0.000000	306.616176
2.800000	0.000000	297.781876
2.810000	0.000000	292.327070
2.820000	0.000000	287.004958
2.830000	0.000000	281.639664
2.840000	0.000000	276.277882
2.850000	0.000000	270.949575
2.860000	0.000000	265.878689
2.870000	0.000000	261.330266
2.880000	0.000000	256.710390
2.890000	0.000000	251.781159
2.900000	0.000000	247.236754
2.910000	0.000000	242.821876
2.920000	0.000000	238.865809
2.930000	0.000000	235.080206
2.940000	0.000000	231.224431
2.950000	0.000000	227.666563
2.960000	0.000000	224.451765
2.970000	0.000000	219.717394
2.980000	0.000000	216.062741
2.990000	0.000000	212.393755
3.000000	0.000000	208.870974
3.010000	0.000000	205.174990
3.020000	0.000000	201.479053
3.030000	0.000000	199.836538
3.040000	0.000000	197.392802
3.050000	0.000000	192.175614
3.060000	0.000000	187.236199
3.070000	0.000000	185.746835
3.080000	0.000000	188.503354
3.090000	0.000000	253.035704
3.100000	0.000000	633.102367
3.110000	0.000000	267.961070
3.120000	0.000000	429.646317
3.130000	0.000000	856.679409
3.140000	0.000000	243.606252
3.150000	0.000000	159.016307
3.160000	0.000000	156.240291
3.170000	0.000000	153.864822
3.180000	0.000000	151.633913
3.190000	0.000000	149.120473
3.200000	0.000000	148.942937
3.210000	0.000000	146.988846
3.220000	0.000000	142.072534
3.230000	0.000000	139.362154
3.240000	0.000000	136.932837
3.250000	0.000000	134.622479
3.260000	0.000000	133.251071
3.270000	0.000000	136.196750
3.280000	0.000000	128.520528
3.290000	0.000000	125.578979
3.300000	0.000000	123.378668
3.310000	0.000000	122.514650
3.320000	0.000000	121.342228
3.330000	0.000000	117.311984
3.340000	0.000000	114.509516
3.350000	0.000000	113.573710
3.360000	0.000000	111.485510
3.370000	0.000000	108.678948
3.380000	0.000000	106.616747
3.390000	0.000000	104.920166
3.400000	0.000000	103.283175
3.410000	0.000000	101.747288
3.420000	0.000000	100.185269
3.430000	0.000000	99.471361
3.440000	0.000000	98.942294
3.450000	0.000000	95.615669
3.460000	0.000000	93.920609
3.470000	0.000000	103.770882
3.480000	0.000000	93.566842
3.490000	0.000000	93.357131
3.500000	0.000000	98.662482
3.510000	0.000000	90.744277
3.520000	0.000000	84.536285
3.530000	0.000000	82.797419
3.540000	0.000000	81.398426
3.550000	0.000000	80.178225
3.560000	0.000000	78.877984
3.570000	0.000000	77.547154
3.580000	0.000000	77.130446
3.590000	0.000000	76.168533
3.600000	0.000000	78.016578
3.610000	0.000000	106.209434
3.620000	0.000000	79.033746
3.630000	0.000000	69.921780
3.640000	0.000000	68.891651
3.650000	0.000000	67.418480
3.660000	0.000000	66.304117
3.670000	0.000000	66.803014
3.680000	0.000000	88.779236
3.690000	0.000000	77.911678
3.700000	0.000000	62.056614
3.710000	0.000000	60.965498
3.720000	0.000000	59.949631
3.730000	0.000000	59.028581
3.740000	0.000000	58.159850
3.750000	0.000000	57.229697
3.760000	0.000000	56.177081
3.770000	0.000000	56.274353
3.780000	0.000000	66.197225
3.790000	0.000000	60.136412
3.800000	0.000000	54.466693
3.810000	0.000000	52.873182
3.820000	0.000000	50.786215
3.830000	0.000000	50.226614
3.840000	0.000000	55.023244
3.850000	0.000000	102.363553
3.860000	0.000000	129.300202
3.870000	0.000000	104.876767
3.880000	0.000000	81.607651
3.890000	0.000000	108.523649
3.900000	0.000000	114.668640
3.910000	0.000000	43.474834
3.920000	0.000000	42.793694
3.930000	0.000000	42.217341
3.940000	0.000000	41.328912
3.950000	0.000000	40.717635
3.960000	0.000000	44.429293
3.970000	0.000000	39.606452
3.980000	0.000000	38.741730
3.990000	0.000000	38.117618
4.000000	0.000000	39.104975
4.010000	0.000000	37.535067
4.020000	0.000000	36.305271
4.030000	0.000000	36.373092
4.040000	0.000000	36.083457
4.050000	0.000000	35.309951
4.060000	0.000000	34.587015
4.070000	0.000000	33.719860
4.080000	0.000000	32.948782
4.090000	0.000000	32.103162
4.100000	0.000000	31.627612
4.110000	0.000000	31.151100
4.120000	0.000000	31.274829
4.130000	0.000000	30.202837
4.140000	0.000000	29.774510
4.150000	0.000000	29.251396
4.160000	0.000000	28.761898
4.170000	0.000000	28.293502
4.180000	0.000000	27.855353
4.190000	0.000000	27.431539
4.200000	0.000000	27.008740
4.210000	0.000000	26.586789
4.220000	0.000000	26.165850
4.230000	0.000000	25.871902
4.240000	0.000000	25.601922
4.250000	0.000000	24.990090
4.260000	0.000000	24.505140
4.270000	0.000000	24.118462
4.280000	0.000000	23.671375
4.290000	0.000000	23.247041
4.300000	0.000000	22.834014
4.310000	0.000000	22.454194
4.320000	0.000000	22.062747
4.330000	0.000000	21.943349
4.340000	0.000000	21.439042
4.350000	0.000000	20.991882
4.360000	0.000000	20.654049
4.370000	0.000000	20.311624
4.380000	0.000000	19.972221
4.390000	0.000000	19.652222
4.400000	0.000000	19.335624
4.410000	0.000000	19.034301
4.420000	0.000000	18.765175
4.430000	0.000000	18.523919
4.440000	0.000000	18.185885
4.450000	0.000000	17.908867
4.460000	0.000000	17.761081
4.470000	0.000000	17.459029
4.480000	0.000000	17.800191
4.490000	0.000000	16.958893
4.500000	0.000000	23.293248
4.510000	0.000000	19.931039
4.520000	0.000000	16.570540
4.530000	0.000000	15.814596
4.540000	0.000000	15.506198
4.550000	0.000000	15.142725
4.560000	0.000000	14.892618
4.570000	0.000000	16.176935
4.580000	0.000000	17.701091
4.590000	0.000000	14.150042
4.600000	0.000000	13.921035
4.610000	0.000000	13.700971
4.620000	0.000000	13.499499
4.630000	0.000000	13.252270
4.640000	0.000000	13.042541
4.650000	0.000000	12.884492
4.660000	0.000000	12.660577
4.670000	0.000000	12.463997
4.680000	0.000000	12.402163
4.690000	0.000000	12.350585
4.700000	0.000000	12.495656
4.710000	0.000000	13.229749
4.720000	0.000000	13.539646
4.730000	0.000000	12.807568
4.740000	0.000000	11.907554
4.750000	0.000000	11.323731
4.760000	0.000000	11.080641
4.770000	0.000000	10.594551
4.780000	0.000000	10.419497
4.790000	0.000000	10.247809
4.800000	0.000000	10.071448
4.810000	0.000000	9.999702
4.820000	0.000000	12.042340
4.830000	0.000000	10.333618
4.840000	0.000000	9.500489
4.850000	0.000000	9.445433
4.860000	0.000000	9.209607
4.870000	0.000000	8.958572
4.880000	0.000000	8.818822
4.890000	0.000000	8.690648
4.900000	0.000000	8.563549
4.910000	0.000000	8.436616
4.920000	0.000000	8.422183
4.930000	0.000000	8.554950
4.940000	0.000000	8.057874
4.950000	0.000000	7.931970
4.960000	0.000000	7.806474
4.970000	0.000000	7.674464
4.980000	0.000000	7.740625
4.990000	0.000000	7.453932
5.000000	0.000000	7.302154
5.010000	0.000000	7.181158
5.020000	0.000000	7.143157
5.030000	0.000000	6.992330
5.040000	0.000000	6.872838
5.050000	0.000000	6.774854
5.060000	0.000000	6.634190
5.070000	0.000000	6.516559
5.080000	0.000000	6.408597
5.090000	0.000000	6.281983
5.100000	0.000000	6.183083
5.110000	0.000000	6.079590
5.120000	0.000000	5.987775
5.130000	0.000000	5.911090
5.140000	0.000000	5.825626
5.150000	0.000000	5.747924
5.160000	0.000000	5.662936
5.170000	0.000000	5.571837
5.180000	0.000000	5.486317
5.190000	0.000000	5.402376
5.200000	0.000000	5.317414
5.210000	0.000000	5.230505
5.220000	0.000000	5.145276
5.230000	0.000000	5.062126
5.240000	0.000000	4.978657
5.250000	0.000000	4.896861
5.260000	0.000000	4.817422
5.270000	0.000000	4.739182
5.280000	0.000000	4.661019
5.290000	0.000000	4.584161
5.300000	0.000000	4.505950
5.310000	0.000000	4.428547
5.320000	0.000000	4.352982
5.330000	0.000000	4.279512
5.340000	0.000000	4.210704
5.350000	0.000000	4.143592
5.360000	0.000000	4.080882
5.370000	0.000000	4.019497
5.380000	0.000000	3.958725
5.390000	0.000000	3.900205
5.400000	0.000000	3.843473
5.410000	0.000000	3.787469
5.420000	0.000000	3.732339
5.430000	0.000000	3.677269
5.440000	0.000000	3.622321
5.450000	0.000000	3.570208
5.460000	0.000000	3.526265
5.470000	0.000000	3.461919
5.480000	0.000000	3.395929
5.490000	0.000000	3.410882
5.500000	0.000000	3.330847
5.510000	0.000000	3.246384
5.520000	0.000000	3.185404
5.530000	0.000000	3.166386
5.540000	0.000000	3.111231
5.550000	0.000000	3.033129
5.560000	0.000000	2.979957
5.570000	0.000000	2.961701
5.580000	0.000000	2.925820
5.590000	0.000000	2.828837
5.600000	0.000000	2.795260
5.610000	0.000000	2.790854
5.620000	0.000000	2.740387
5.630000	0.000000	2.768589
5.640000	0.000000	2.675138
5.650000	0.000000	2.607040
5.660000	0.000000	2.559615
5.670000	0.000000	2.541588
5.680000	0.000000	2.481099
5.690000	0.000000	2.429604
5.700000	0.000000	2.390277
5.710000	0.000000	2.352814
5.720000	0.000000	2.315348
5.730000	0.000000	2.278249
5.740000	0.000000	2.241728
5.750000	0.000000	2.210815
5.760000	0.000000	2.184438
5.770000	0.000000	2.143195
5.780000	0.000000	2.105066
5.790000	0.000000	2.068263
5.800000	0.000000	2.035793
5.810000	0.000000	1.997337
5.820000	0.000000	1.963468
5.830000	0.000000	1.929913
5.840000	0.000000	1.898453
5.850000	0.000000	1.870293
5.860000	0.000000	1.845041
5.870000	0.000000	1.817359
5.880000	0.000000	1.794184
5.890000	0.000000	1.766898
5.900000	0.000000	1.737467
5.910000	0.000000	1.714051
5.920000	0.000000	1.688243
5.930000	0.000000	1.661994
5.940000	0.000000	1.637858
5.950000	0.000000	1.616645
5.960000	0.000000	1.587976
5.970000	0.000000	1.559385
5.980000	0.000000	1.540075
5.990000	0.000000	1.516832
6.000000	0.000000	1.488181
6.010000	0.000000	1.463078
6.020000	0.000000	1.443974
6.030000	0.000000	1.422243
6.040000	0.000000	1.394734
6.050000	0.000000	1.369853
6.060000	0.000000	1.350733
6.070000	0.000000	1.328696
6.080000	0.000000	1.302184
6.090000	0.000000	1.280403
6.100000	0.000000	1.262605
6.110000	0.000000	1.247050
6.120000	0.000000	1.228631
6.130000	0.000000	1.209551
6.140000	0.000000	1.189027
6.150000	0.000000	1.170655
6.160000	0.000000	1.152493
6.170000	0.000000	1.136275
6.180000	0.000000	1.118515
6.190000	0.000000	1.101418
6.200000	0.000000	1.084705
6.210000	0.000000	1.067826
6.220000	0.000000	1.051195
6.230000	0.000000	1.034639
6.240000	0.000000	1.018345
6.250000	0.000000	1.002800
6.260000	0.000000	0.987355
6.270000	0.000000	0.971863
6.280000	0.000000	0.956499
6.290000	0.000000	0.940461
6.300000	0.000000	0.924532
6.310000	0.000000	0.908873
6.320000	0.000000	0.895393
6.330000	0.000000	0.882220
6.340000	0.000000	0.865724
6.350000	0.000000	0.851800
6.360000	0.000000	0.839242
6.370000	0.000000	0.827137
6.380000	0.000000	0.815216
6.390000	0.000000	0.804482
6.400000	0.000000	0.801509
6.410000	0.000000	1.009319
6.420000	0.000000	1.506618
6.430000	0.000000	1.601402
6.440000	0.000000	0.893453
6.450000	0.000000	1.180109
6.460000	0.000000	1.749057
6.470000	0.000000	1.544161
6.480000	0.000000	0.875912
6.490000	0.000000	3.161520
6.500000	0.000000	3.088998
6.510000	0.000000	1.332998
6.520000	0.000000	0.858573
6.530000	0.000000	1.421297
6.540000	0.000000	1.440613
6.550000	0.000000	0.960863
6.560000	0.000000	0.695387
6.570000	0.000000	0.970831
6.580000	0.000000	1.157912
6.590000	0.000000	0.786895
6.600000	0.000000	0.706334
6.610000	0.000000	0.789779
6.620000	0.000000	0.728294
6.630000	0.000000	0.592406
6.640000	0.000000	0.606808
6.650000	0.000000	0.653108
6.660000	0.000000	0.579886
6.670000	0.000000	0.569650
6.680000	0.000000	0.531455
6.690000	0.000000	0.519755
6.700000	0.000000	0.529065
6.710000	0.000000	0.507939
6.720000	0.000000	0.483330
6.730000	0.000000	0.473117
6.740000	0.000000	0.465868
6.750000	0.000000	0.458772
6.760000	0.000000	0.451758
6.770000	0.000000	0.444683
6.780000	0.000000	0.437653
6.790000	0.000000	0.430620
6.800000	0.000000	0.423599
6.810000	0.000000	0.416459
6.820000	0.000000	0.409469
6.830000	0.000000	0.402781
6.840000	0.000000	0.396557
6.850000	0.000000	0.390411
6.860000	0.000000	0.384339
6.870000	0.000000	0.378661
6.880000	0.000000	0.373191
6.890000	0.000000	0.367750
6.900000	0.000000	0.363383
6.910000	0.000000	0.358263
6.920000	0.000000	0.351642
6.930000	0.000000	0.346459
6.940000	0.000000	0.341042
6.950000	0.000000	0.336219
6.960000	0.000000	0.330825
6.970000	0.000000	0.325777
6.980000	0.000000	0.320561
6.990000	0.000000	0.315571
7.000000	0.000000	0.310858
7.010000	0.000000	0.306145
7.020000	0.000000	0.301619
7.030000	0.000000	0.296802
7.040000	0.000000	0.292035
7.050000	0.000000	0.287709
7.060000	0.000000	0.283094
7.070000	0.000000	0.278280
7.080000	0.000000	0.273678
7.090000	0.000000	0.269224
7.100000	0.000000	0.265173
7.110000	0.000000	0.261234
7.120000	0.000000	0.257088
7.130000	0.000000	0.253247
7.140000	0.000000	0.249621
7.150000	0.000000	0.245777
7.160000	0.000000	0.242199
7.170000	0.000000	0.239088
7.180000	0.000000	0.235677
7.190000	0.000000	0.244632
7.200000	0.000000	0.233138
7.210000	0.000000	0.224413
7.220000	0.000000	0.221040
7.230000	0.000000	0.217676
7.240000	0.000000	0.214368
7.250000	0.000000	0.211552
7.260000	0.000000	0.211678
7.270000	0.000000	0.212069
7.280000	0.000000	0.202216
7.290000	0.000000	0.198761
7.300000	0.000000	0.195413
7.310000	0.000000	0.192282
7.320000	0.000000	0.188923
7.330000	0.000000	0.185966
7.340000	0.000000	0.185136
7.350000	0.000000	0.184802
7.360000	0.000000	0.179462
7.370000	0.000000	0.175163
7.380000	0.000000	0.172136
7.390000	0.000000	0.169525
7.400000	0.000000	0.167065
7.410000	0.000000	0.165071
7.420000	0.000000	0.164553
7.430000	0.000000	0.163700
7.440000	0.000000	0.159292
7.450000	0.000000	0.155821
7.460000	0.000000	0.153304
7.470000	0.000000	0.150361
7.480000	0.000000	0.148195
7.490000	0.000000	0.149701
7.500000	0.000000	0.145311
7.510000	0.000000	0.147965
7.520000	0.000000	0.143792
7.530000	0.000000	0.140152
7.540000	0.000000	0.138521
7.550000	0.000000	0.135417
7.560000	0.000000	0.131604
7.570000	0.000000	0.129114
7.580000	0.000000	0.127381
7.590000	0.000000	0.125216
7.600000	0.000000	0.122910
7.610000	0.000000	0.121109
7.620000	0.000000	0.120072
7.630000	0.000000	0.119227
7.640000	0.000000	0.115577
7.650000	0.000000	0.113624
7.660000	0.000000	0.111925
7.670000	0.000000	0.110294
7.680000	0.000000	0.108713
7.690000	0.000000	0.107064
7.700000	0.000000	0.105425
7.710000	0.000000	0.103824
7.720000	0.000000	0.103283
7.730000	0.000000	0.101601
7.740000	0.000000	0.099320
7.750000	0.000000	0.097903
7.760000	0.000000	0.096747
7.770000	0.000000	0.096323
7.780000	0.000000	0.097215
7.790000	0.000000	0.097951
7.800000	0.000000	0.094273
7.810000	0.000000	0.089775
7.820000	0.000000	0.088790
7.830000	0.000000	0.087367
7.840000	0.000000	0.085032
7.850000	0.000000	0.083883
7.860000	0.000000	0.082420
7.870000	0.000000	0.081151
7.880000	0.000000	0.079872
7.890000	0.000000	0.078609
7.900000	0.000000	0.077397
7.910000	0.000000	0.076243
7.920000	0.000000	0.075146
7.930000	0.000000	0.074057
7.940000	0.000000	0.072972
7.950000	0.000000	0.071889
7.960000	0.000000	0.070833
7.970000	0.000000	0.069921
7.980000	0.000000	0.068635
7.990000	0.000000	0.067538
8.000000	0.000000	0.066519
8.010000	0.000000	0.065519
8.020000	0.000000	0.064562
8.030000	0.000000	0.063616
8.040000	0.000000	0.062672
8.050000	0.000000	0.061729
8.060000	0.000000	0.060785
8.070000	0.000000	0.059841
8.080000	0.000000	0.058899
8.090000	0.000000	0.057997
8.100000	0.000000	0.057098
8.110000	0.000000	0.056138
8.120000	0.000000	0.055314
8.130000	0.000000	0.054495
8.140000	0.000000	0.053677
8.150000	0.000000	0.052851
8.160000	0.000000	0.052509
8.170000	0.000000	0.051233
8.180000	0.000000	0.050542
8.190000	0.000000	0.049763
8.200000	0.000000	0.049018
8.210000	0.000000	0.048351
8.220000	0.000000	0.047595
8.230000	0.000000	0.046829
8.240000	0.000000	0.046104
8.250000	0.000000	0.045399
8.260000	0.000000	0.044717
8.270000	0.000000	0.044051
8.280000	0.000000	0.043413
8.290000	0.000000	0.042793
8.300000	0.000000	0.042146
8.310000	0.000000	0.041515
8.320000	0.000000	0.040869
8.330000	0.000000	0.040209
8.340000	0.000000	0.039760
8.350000	0.000000	0.038976
8.360000	0.000000	0.038357
8.370000	0.000000	0.037755
8.380000	0.000000	0.037191
8.390000	0.000000	0.036667
8.400000	0.000000	0.036121
8.410000	0.000000	0.035554
8.420000	0.000000	0.035066
8.430000	0.000000	0.034569
8.440000	0.000000	0.033957
8.450000	0.000000	0.033471
8.460000	0.000000	0.032985
8.470000	0.000000	0.032499
8.480000	0.000000	0.032019
8.490000	0.000000	0.031509
8.500000	0.000000	0.031014
8.510000	0.000000	0.030562
8.520000	0.000000	0.030101
8.530000	0.000000	0.029627
8.540000	0.000000	0.029190
8.550000	0.000000	0.028767
8.560000	0.000000	0.028344
8.570000	0.000000	0.027921
8.580000	0.000000	0.027500
8.590000	0.000000	0.027082
8.600000	0.000000	0.026665
8.610000	0.000000	0.026245
8.620000	0.000000	0.025818
8.630000	0.000000	0.025427
8.640000	0.000000	0.025056
8.650000	0.000000	0.024690
8.660000	0.000000	0.024303
8.670000	0.000000	0.023930
8.680000	0.000000	0.023566
8.690000	0.000000	0.023205
8.700000	0.000000	0.022858
8.710000	0.000000	0.022536
8.720000	0.000000	0.022205
8.730000	0.000000	0.021874
8.740000	0.000000	0.021549
8.750000	0.000000	0.021223
8.760000	0.000000	0.020898
8.770000	0.000000	0.020574
8.780000	0.000000	0.020256
8.790000	0.000000	0.019954
8.800000	0.000000	0.019666
8.810000	0.000000	0.019382
8.820000	0.000000	0.019103
8.830000	0.000000	0.018800
8.840000	0.000000	0.018514
8.850000	0.000000	0.018231
8.860000	0.000000	0.017948
8.870000	0.000000	0.017666
8.880000	0.000000	0.017390
8.890000	0.000000	0.017129
8.900000	0.000000	0.016879
8.910000	0.000000	0.016633
8.920000	0.000000	0.016387
8.930000	0.000000	0.016142
8.940000	0.000000	0.015897
8.950000	0.000000	0.015652
8.960000	0.000000	0.015411
8.970000	0.000000	0.015187
8.980000	0.000000	0.014969
8.990000	0.000000	0.014748
9.000000	0.000000	0.014518
9.010000	0.000000	0.014300
9.020000	0.000000	0.014083
9.030000	0.000000	0.013865
9.040000	0.000000	0.013649
9.050000	0.000000	0.013443
9.060000	0.000000	0.013248
9.070000	0.000000	0.013058
9.080000	0.000000	0.012868
9.090000	0.000000	0.012679
9.100000	0.000000	0.012489
9.110000	0.000000	0.012300
9.120000	0.000000	0.012111
9.130000	0.000000	0.011922
9.140000	0.000000	0.011736
9.150000	0.000000	0.011561
9.160000	0.000000	0.011387
9.170000	0.000000	0.011215
9.180000	0.000000	0.011051
9.190000	0.000000	0.010886
9.200000	0.000000	0.010722
9.210000	0.000000	0.010558
9.220000	0.000000	0.010395
9.230000	0.000000	0.010240
9.240000	0.000000	0.010092
9.250000	0.000000	0.009946
9.260000	0.000000	0.009801
9.270000	0.000000	0.009655
9.280000	0.000000	0.009509
9.290000	0.000000	0.009363
9.300000	0.000000	0.009218
9.310000	0.000000	0.009074
9.320000	0.000000	0.008940
9.330000	0.000000	0.008808
9.340000	0.000000	0.008678
9.350000	0.000000	0.008551
9.360000	0.000000	0.008424
9.370000	0.000000	0.008298
9.380000	0.000000	0.008171
9.390000	0.000000	0.008044
9.400000	0.000000	0.007921
9.410000	0.000000	0.007803
9.420000	0.000000	0.007689
9.430000	0.000000	0.007577
9.440000	0.000000	0.007466
9.450000	0.000000	0.007356
9.460000	0.000000	0.007246
9.470000	0.000000	0.007136
9.480000	0.000000	0.007027
9.490000	0.000000	0.006917
9.500000	0.000000	0.006811
9.510000	0.000000	0.006712
9.520000	0.000000	0.006615
9.530000	0.000000	0.006517
9.540000	0.000000	0.006419
9.550000	0.000000	0.006322
9.560000	0.000000	0.006224
9.570000	0.000000	0.006128
9.580000	0.000000	0.006035
9.590000	0.000000	0.005947
9.600000	0.000000	0.005863
9.610000	0.000000	0.005778
9.620000	0.000000	0.005693
9.630000	0.000000	0.005608
9.640000	0.000000	0.005523
9.650000	0.000000	0.005438
9.660000	0.000000	0.005354
9.670000	0.000000	0.005270
9.680000	0.000000	0.005193
9.690000	0.000000	0.005118
9.700000	0.000000	0.005044
9.710000	0.000000	0.004970
9.720000	0.000000	0.004896
9.730000	0.000000	0.004822
9.740000	0.000000	0.004749
9.750000	0.000000	0.004675
9.760000	0.000000	0.004605
9.770000	0.000000	0.004538
9.780000	0.000000	0.004472
9.790000	0.000000	0.004407
9.800000	0.000000	0.004342
9.810000	0.000000	0.004276
9.820000	0.000000	0.004211
9.830000	0.000000	0.004145
9.840000	0.000000	0.004077
9.850000	0.000000	0.004017
9.860000	0.000000	0.003960
9.870000	0.000000	0.003903
9.880000	0.000000	0.003846
9.890000	0.000000	0.003789
9.900000	0.000000	0.003733
9.910000	0.000000	0.003676
9.920000	0.000000	0.003620
9.930000	0.000000	0.003566
9.940000	0.000000	0.003514
9.950000	0.000000	0.003463
9.960000	0.000000	0.003413
9.970000	0.000000	0.003363
9.980000	0.000000	0.003314
9.990000	0.000000	0.003265
10.000000	0.000000	0.003214
10.010000	0.000000	0.003163
10.020000	0.000000	0.003114
10.030000	0.000000	0.003067
10.040000	0.000000	0.003023
10.050000	0.000000	0.002979
10.060000	0.000000	0.002936
10.070000	0.000000	0.002892
10.080000	0.000000	0.002848
10.090000	0.000000	0.002805
10.100000	0.000000	0.002761
10.110000	0.000000	0.002719
10.120000	0.000000	0.002679
10.130000	0.000000	0.002641
10.140000	0.000000	0.002603
10.150000	0.000000	0.002565
10.160000	0.000000	0.002527
10.170000	0.000000	0.002487
10.180000	0.000000	0.002448
10.190000	0.000000	0.002412
10.200000	0.000000	0.002377
10.210000	0.000000	0.002343
10.220000	0.000000	0.002309
10.230000	0.000000	0.002275
10.240000	0.000000	0.002242
10.250000	0.000000	0.002209
10.260000	0.000000	0.002176
10.270000	0.000000	0.002143
10.280000	0.000000	0.002110
10.290000	0.000000	0.002078
10.300000	0.000000	0.002047
10.310000	0.000000	0.002017
10.320000	0.000000	0.001988
10.330000	0.000000	0.001959
10.340000	0.000000	0.001928
10.350000	0.000000	0.001898
10.360000	0.000000	0.001869
10.370000	0.000000	0.001841
10.380000	0.000000	0.001813
10.390000	0.000000	0.001786
10.400000	0.000000	0.001761
10.410000	0.000000	0.001735
10.420000	0.000000	0.001710
10.430000	0.000000	0.001684
10.440000	0.000000	0.001659
10.450000	0.000000	0.001634
10.460000	0.000000	0.001611
10.470000	0.000000	0.001588
10.480000	0.000000	0.001565
10.490000	0.000000	0.001542
10.500000	0.000000	0.001520
10.510000	0.000000	0.001496
10.520000	0.000000	0.001474
10.530000	0.000000	0.001452
10.540000	0.000000	0.001430
10.550000	0.000000	0.001408
10.560000	0.000000	0.001386
10.570000	0.000000	0.001366
10.580000	0.000000	0.001346
10.590000	0.000000	0.001326
10.600000	0.000000	0.001307
10.610000	0.000000	0.001287
10.620000	0.000000	0.001268
10.630000	0.000000	0.001248
10.640000	0.000000	0.001229
10.650000	0.000000	0.001211
10.660000	0.000000	0.001193
10.670000	0.000000	0.001176
10.680000	0.000000	0.001158
10.690000	0.000000	0.001141
10.700000	0.000000	0.001124
10.710000	0.000000	0.001107
10.720000	0.000000	0.001091
10.730000	0.000000	0.001075
10.740000	0.000000	0.001060
10.750000	0.000000	0.001045
10.760000	0.000000	0.001029
10.770000	0.000000	0.001015
10.780000	0.000000	0.001000
10.790000	0.000000	0.000985
10.800000	0.000000	0.000970
10.810000	0.000000	0.000955
10.820000	0.000000	0.000941
10.830000	0.000000	0.000926
10.840000	0.000000	0.000912
10.850000	0.000000	0.000899
10.860000	0.000000	0.000885
10.870000	0.000000	0.000872
10.880000	0.000000	0.000859
10.890000	0.000000	0.000846
10.900000	0.000000	0.000833
10.910000	0.000000	0.000821
10.920000	0.000000	0.000809
10.930000	0.000000	0.000797
10.940000	0.000000	0.000785
10.950000	0.000000	0.000774
10.960000	0.000000	0.000763
10.970000	0.000000	0.000751
10.980000	0.000000	0.000741
10.990000	0.000000	0.000730
11.000000	0.000000	0.000720
11.010000	0.000000	0.000709
11.020000	0.000000	0.000698
11.030000	0.000000	0.000688
11.040000	0.000000	0.000678
11.050000	0.000000	0.000668
11.060000	0.000000	0.000658
11.070000	0.000000	0.000648
11.080000	0.000000	0.000639
11.090000	0.000000	0.000629
11.100000	0.000000	0.000619
11.110000	0.000000	0.000610
11.120000	0.000000	0.000601
11.130000	0.000000	0.000592
11.140000	0.000000	0.000584
11.150000	0.000000	0.000575
11.160000	0.000000	0.000566
11.170000	0.000000	0.000558
11.180000	0.000000	0.000549
11.190000	0.000000	0.000540
11.200000	0.000000	0.000532
11.210000	0.000000	0.000525
11.220000	0.000000	0.000517
11.230000	0.000000	0.000510
11.240000	0.000000	0.000502
11.250000	0.000000	0.000495
11.260000	0.000000	0.000488
11.270000	0.000000	0.000481
11.280000	0.000000	0.000474
11.290000	0.000000	0.000467
11.300000	0.000000	0.000461
11.310000	0.000000	0.000454
11.320000	0.000000	0.000447
11.330000	0.000000	0.000441
11.340000	0.000000	0.000434
11.350000	0.000000	0.000427
11.360000	0.000000	0.000420
11.370000	0.000000	0.000414
11.380000	0.000000	0.000408
11.390000	0.000000	0.000402
11.400000	0.000000	0.000396
11.410000	0.000000	0.000390
11.420000	0.000000	0.000384
11.430000	0.000000	0.000378
11.440000	0.000000	0.000373
11.450000	0.000000	0.000367
11.460000	0.000000	0.000362
11.470000	0.000000	0.000356
11.480000	0.000000	0.000351
11.490000	0.000000	0.000346
11.500000	0.000000	0.000341
11.510000	0.000000	0.000336
11.520000	0.000000	0.000331
11.530000	0.000000	0.000327
11.540000	0.000000	0.000322
11.550000	0.000000	0.000317
11.560000	0.000000	0.000313
11.570000	0.000000	0.000308
11.580000	0.000000	0.000304
11.590000	0.000000	0.000299
11.600000	0.000000	0.000295
11.610000	0.000000	0.000290
11.620000	0.000000	0.000286
11.630000	0.000000	0.000281
11.640000	0.000000	0.000277
11.650000	0.000000	0.000273
11.660000	0.000000	0.000269
11.670000	0.000000	0.000265
11.680000	0.000000	0.000261
11.690000	0.000000	0.000257
11.700000	0.000000	0.000253
11.710000	0.000000	0.000249
11.720000	0.000000	0.000246
11.730000	0.000000	0.000242
11.740000	0.000000	0.000238
11.750000	0.000000	0.000235
11.760000	0.000000	0.000232
11.770000	0.000000	0.000228
11.780000	0.000000	0.000225
11.790000	0.000000	0.000222
11.800000	0.000000	0.000219
11.810000	0.000000	0.000216
11.820000	0.000000	0.000213
11.830000	0.000000	0.000210
11.840000	0.000000	0.000207
11.850000	0.000000	0.000203
11.860000	0.000000	0.000200
11.870000	0.000000	0.000197
11.880000	0.000000	0.000194
11.890000	0.000000	0.000191
11.900000	0.000000	0.000188
11.910000	0.000000	0.000186
11.920000	0.000000	0.000183
11.930000	0.000000	0.000180
11.940000	0.000000	0.000178
11.950000	0.000000	0.000175
11.960000	0.000000	0.000172
11.970000	0.000000	0.000170
11.980000	0.000000	0.000167
11.990000	0.000000	0.000165
12.000000	0.000000	0.000162
12.010000	0.000000	0.000160
12.020000	0.000000	0.000157
12.030000	0.000000	0.000155
12.040000	0.000000	0.000153
12.050000	0.000000	0.000151
12.060000	0.000000	0.000149
12.070000	0.000000	0.000147
12.080000	0.000000	0.000145
12.090000	0.000000	0.000142
12.100000	0.000000	0.000140
12.110000	0.000000	0.000138
12.120000	0.000000	0.000136
12.130000	0.000000	0.000134
12.140000	0.000000	0.000132
12.150000	0.000000	0.000130
12.160000	0.000000	0.000128
12.170000	0.000000	0.000126
12.180000	0.000000	0.000124
12.190000	0.000000	0.000122
12.200000	0.000000	0.000121
12.210000	0.000000	0.000119
12.220000	0.000000	0.000117
12.230000	0.000000	0.000115
12.240000	0.000000	0.000114
12.250000	0.000000	0.000112
12.260000	0.000000	0.000110
12.270000	0.000000	0.000109
12.280000	0.000000	0.000107
12.290000	0.000000	0.000105
12.300000	0.000000	0.000104
12.310000	0.000000	0.000103
12.320000	0.000000	0.000101
12.330000	0.000000	0.000100
12.340000	0.000000	0.000098
12.350000	0.000000	0.000097
12.360000	0.000000	0.000095
12.370000	0.000000	0.000094
12.380000	0.000000	0.000093
12.390000	0.000000	0.000091
12.400000	0.000000	0.000090
12.410000	0.000000	0.000089
12.420000	0.000000	0.000087
12.430000	0.000000	0.000086
12.440000	0.000000	0.000085
12.450000	0.000000	0.000083
12.460000	0.000000	0.000082
12.470000	0.000000	0.000081
12.480000	0.000000	0.000080
12.490000	0.000000	0.000079
12.500000	0.000000	0.000077
12.510000	0.000000	0.000076
12.520000	0.000000	0.000075
12.530000	0.000000	0.000074
12.540000	0.000000	0.000073
12.550000	0.000000	0.000072
12.560000	0.000000	0.000071
12.570000	0.000000	0.000070
12.580000	0.000000	0.000069
12.590000	0.000000	0.000068
12.600000	0.000000	0.000067
12.610000	0.000000	0.000066
12.620000	0.000000	0.000065
12.630000	0.000000	0.000064
12.640000	0.000000	0.000063
12.650000	0.000000	0.000062
12.660000	0.000000	0.000061
12.670000	0.000000	0.000060
12.680000	0.000000	0.000060
12.690000	0.000000	0.000059
12.700000	0.000000	0.000058
12.710000	0.000000	0.000057
12.720000	0.000000	0.000056
12.730000	0.000000	0.000055
12.740000	0.000000	0.000054
12.750000	0.000000	0.000054
12.760000	0.000000	0.000053
12.770000	0.000000	0.000052
12.780000	0.000000	0.000051
12.790000	0.000000	0.000050
12.800000	0.000000	0.000050
12.810000	0.000000	0.000049
12.820000	0.000000	0.000048
12.830000	0.000000	0.000047
12.840000	0.000000	0.000047
12.850000	0.000000	0.000046
12.860000	0.000000	0.000046
12.870000	0.000000	0.000045
12.880000	0.000000	0.000044
12.890000	0.000000	0.000044
12.900000	0.000000	0.000043
12.910000	0.000000	0.000042
12.920000	0.000000	0.000042
12.930000	0.000000	0.000041
12.940000	0.000000	0.000041
12.950000	0.000000	0.000040
12.960000	0.000000	0.000039
12.970000	0.000000	0.000039
12.980000	0.000000	0.000038
12.990000	0.000000	0.000038
13.000000	0.000000	0.000037
13.010000	0.000000	0.000036
13.020000	0.000000	0.000036
13.030000	0.000000	0.000035
13.040000	0.000000	0.000035
13.050000	0.000000	0.000034
13.060000	0.000000	0.000034
13.070000	0.000000	0.000033
13.080000	0.000000	0.000033
13.090000	0.000000	0.000032
13.100000	0.000000	0.000032
13.110000	0.000000	0.000031
13.120000	0.000000	0.000031
13.130000	0.000000	0.000031
13.140000	0.000000	0.000030
13.150000	0.000000	0.000030
13.160000	0.000000	0.000029
13.170000	0.000000	0.000029
13.180000	0.000000	0.000028
13.190000	0.000000	0.000028
13.200000	0.000000	0.000028
13.210000	0.000000	0.000027
13.220000	0.000000	0.000027
13.230000	0.000000	0.000026
13.240000	0.000000	0.000026
13.250000	0.000000	0.000026
13.260000	0.000000	0.000025
13.270000	0.000000	0.000025
13.280000	0.000000	0.000024
13.290000	0.000000	0.000024
13.300000	0.000000	0.000024
13.310000	0.000000	0.000023
13.320000	0.000000	0.000023
13.330000	0.000000	0.000023
13.340000	0.000000	0.000022
13.350000	0.000000	0.000022
13.360000	0.000000	0.000022
13.370000	0.000000	0.000021
13.380000	0.000000	0.000021
13.390000	0.000000	0.000021
13.400000	0.000000	0.000021
13.410000	0.000000	0.000020
13.420000	0.000000	0.000020
13.430000	0.000000	0.000020
13.440000	0.000000	0.000019
13.450000	0.000000	0.000019
13.460000	0.000000	0.000019
13.470000	0.000000	0.000019
13.480000	0.000000	0.000018
13.490000	0.000000	0.000018
13.500000	0.000000	0.000018
13.510000	0.000000	0.000018
13.520000	0.000000	0.000017
13.530000	0.000000	0.000017
13.540000	0.000000	0.000017
13.550000	0.000000	0.000016
13.560000	0.000000	0.000016
13.570000	0.000000	0.000016
13.580000	0.000000	0.000016
13.590000	0.000000	0.000016
13.600000	0.000000	0.000015
13.610000	0.000000	0.000015
13.620000	0.000000	0.000015
13.630000	0.000000	0.000015
13.640000	0.000000	0.000014
13.650000	0.000000	0.000014
13.660000	0.000000	0.000014
13.670000	0.000000	0.000014
13.680000	0.000000	0.000014
13.690000	0.000000	0.000013
13.700000	0.000000	0.000013
13.710000	0.000000	0.000013
13.720000	0.000000	0.000013
13.730000	0.000000	0.000013
13.740000	0.000000	0.000012
13.750000	0.000000	0.000012
13.760000	0.000000	0.000012
13.770000	0.000000	0.000012
13.780000	0.000000	0.000012
13.790000	0.000000	0.000012
13.800000	0.000000	0.000011
13.810000	0.000000	0.000011
13.820000	0.000000	0.000011
13.830000	0.000000	0.000011
13.840000	0.000000	0.000011
13.850000	0.000000	0.000011
13.860000	0.000000	0.000010
13.870000	0.000000	0.000010
13.880000	0.000000	0.000010
13.890000	0.000000	0.000010
13.900000	0.000000	0.000010
13.910000	0.000000	0.000010
13.920000	0.000000	0.000010
13.930000	0.000000	0.000009
13.940000	0.000000	0.000009
13.950000	0.000000	0.000009
13.960000	0.000000	0.000009
13.970000	0.000000	0.000009
13.980000	0.000000	0.000009
13.990000	0.000000	0.000009
14.000000	0.000000	0.000009
14.010000	0.000000	0.000008
14.020000	0.000000	0.000008
14.030000	0.000000	0.000008
14.040000	0.000000	0.000008
14.050000	0.000000	0.000008
14.060000	0.000000	0.000008
14.070000	0.000000	0.000008
14.080000	0.000000	0.000008
14.090000	0.000000	0.000007
14.100000	0.000000	0.000007
14.110000	0.000000	0.000007
14.120000	0.000000	0.000007
14.130000	0.000000	0.000007
14.140000	0.000000	0.000007
14.150000	0.000000	0.000007
14.160000	0.000000	0.000007
14.170000	0.000000	0.000007
14.180000	0.000000	0.000007
14.190000	0.000000	0.000006
14.200000	0.000000	0.000006
14.210000	0.000000	0.000006
14.220000	0.000000	0.000006
14.230000	0.000000	0.000006
14.240000	0.000000	0.000006
14.250000	0.000000	0.000006
14.260000	0.000000	0.000006
14.270000	0.000000	0.000006
14.280000	0.000000	0.000006
14.290000	0.000000	0.000006
14.300000	0.000000	0.000005
14.310000	0.000000	0.000005
14.320000	0.000000	0.000005
14.330000	0.000000	0.000005
14.340000	0.000000	0.000005
14.350000	0.000000	0.000005
14.360000	0.000000	0.000005
14.370000	0.000000	0.000005
14.380000	0.000000	0.000005
14.390000	0.000000	0.000005
14.400000	0.000000	0.000005
14.410000	0.000000	0.000005
14.420000	0.000000	0.000005
14.430000	0.000000	0.000005
14.440000	0.000000	0.000004
14.450000	0.000000	0.000004
14.460000	0.000000	0.000004
14.470000	0.000000	0.000004
14.480000	0.000000	0.000004
14.490000	0.000000	0.000004
14.500000	0.000000	0.000004
14.510000	0.000000	0.000004
14.520000	0.000000	0.000004
14.530000	0.000000	0.000004
14.540000	0.000000	0.000004
14.550000	0.000000	0.000004
14.560000	0.000000	0.000004
14.570000	0.000000	0.000004
14.580000	0.000000	0.000004
14.590000	0.000000	0.000004
14.600000	0.000000	0.000004
14.610000	0.000000	0.000003
14.620000	0.000000	0.000003
14.630000	0.000000	0.000003
14.640000	0.000000	0.000003
14.650000	0.000000	0.000003
14.660000	0.000000	0.000003
14.670000	0.000000	0.000003
14.680000	0.000000	0.000003
14.690000	0.000000	0.000003
14.700000	0.000000	0.000003
14.710000	0.000000	0.000003
14.720000	0.000000	0.000003
14.730000	0.000000	0.000003
14.740000	0.000000	0.000003
14.750000	0.000000	0.000003
14.760000	0.000000	0.000003
14.770000	0.000000	0.000003
14.780000	0.000000	0.000003
14.790000	0.000000	0.000003
14.800000	0.000000	0.000003
14.810000	0.000000	0.000003
14.820000	0.000000	0.000003
14.830000	0.000000	0.000003
14.840000	0.000000	0.000002
14.850000	0.000000	0.000002
14.860000	0.000000	0.000002
14.870000	0.000000	0.000002
14.880000	0.000000	0.000002
14.890000	0.000000	0.000002
14.900000	0.000000	0.000002
14.910000	0.000000	0.000002
14.920000	0.000000	0.000002
14.930000	0.000000	0.000002
14.940000	0.000000	0.000002
14.950000	0.000000	0.000002
14.960000	0.000000	0.000002
14.970000	0.000000	0.000002
14.980000	0.000000	0.000002
14.990000	0.000000	0.000002
15.000000	0.000000	0.000002
15.010000	0.000000	0.000002
15.020000	0.000000	0.000002
15.030000	0.000000	0.000002
15.040000	0.000000	0.000002
15.050000	0.000000	0.000002
15.060000	0.000000	0.000002
15.070000	0.000000	0.000002
15.080000	0.000000	0.000002
15.090000	0.000000	0.000002
15.100000	0.000000	0.000002
15.110000	0.000000	0.000002
15.120000	0.000000	0.000002
15.130000	0.000000	0.000002
15.140000	0.000000	0.000002
15.150000	0.000000	0.000002
15.160000	0.000000	0.000002
15.170000	0.000000	0.000002
15.180000	0.000000	0.000002
15.190000	0.000000	0.000001
15.200000	0.000000	0.000001
15.210000	0.000000	0.000001
15.220000	0.000000	0.000001
15.230000	0.000000	0.000001
15.240000	0.000000	0.000001
15.250000	0.000000	0.000001
15.260000	0.000000	0.000001
15.270000	0.000000	0.000001
15.280000	0.000000	0.000001
15.290000	0.000000	0.000001
15.300000	0.000000	0.000001
15.310000	0.000000	0.000001
15.320000	0.000000	0.000001
15.330000	0.000000	0.000001
15.340000	0.000000	0.000001
15.350000	0.000000	0.000001
15.360000	0.000000	0.000001
15.370000	0.000000	0.000001
15.380000	0.000000	0.000001
15.390000	0.000000	0.000001
15.400000	0.000000	0.000001
15.410000	0.000000	0.000001
15.420000	0.000000	0.000001
15.430000	0.000000	0.000001
15.440000	0.000000	0.000001
15.450000	0.000000	0.000001
15.460000	0.000000	0.000001
15.470000	0.000000	9.9e-07
15.480000	0.000000	9.7e-07
15.490000	0.000000	9.6e-07
15.500000	0.000000	9.4e-07
15.510000	0.000000	9.3e-07
15.520000	0.000000	9.2e-07
15.530000	0.000000	9.0e-07
15.540000	0.000000	8.9e-07
15.550000	0.000000	8.8e-07
15.560000	0.000000	8.7e-07
15.570000	0.000000	8.5e-07
15.580000	0.000000	8.4e-07
15.590000	0.000000	8.3e-07
15.600000	0.000000	8.2e-07
15.610000	0.000000	8.1e-07
15.620000	0.000000	8.0e-07
15.630000	0.000000	7.8e-07
15.640000	0.000000	7.7e-07
15.650000	0.000000	7.6e-07
15.660000	0.000000	7.5e-07
15.670000	0.000000	7.4e-07
15.680000	0.000000	7.3e-07
15.690000	0.000000	7.2e-07
15.700000	0.000000	7.1e-07
15.710000	0.000000	7.0e-07
15.720000	0.000000	6.9e-07
15.730000	0.000000	6.7e-07
15.740000	0.000000	6.7e-07
15.750000	0.000000	6.6e-07
15.760000	0.000000	6.5e-07
15.770000	0.000000	6.4e-07
15.780000	0.000000	6.3e-07
15.790000	0.000000	6.2e-07
15.800000	0.000000	6.1e-07
15.810000	0.000000	6.0e-07
15.820000	0.000000	5.9e-07
15.830000	0.000000	5.8e-07
15.840000	0.000000	5.8e-07
15.850000	0.000000	5.7e-07
15.860000	0.000000	5.6e-07
15.870000	0.000000	5.5e-07
15.880000	0.000000	5.4e-07
15.890000	0.000000	5.4e-07
15.900000	0.000000	5.3e-07
15.910000	0.000000	5.2e-07
15.920000	0.000000	5.1e-07
15.930000	0.000000	5.1e-07
15.940000	0.000000	5.0e-07
15.950000	0.000000	4.9e-07
15.960000	0.000000	4.8e-07
15.970000	0.000000	4.8e-07
15.980000	0.000000	4.7e-07
15.990000	0.000000	4.6e-07
16.000000	0.000000	4.6e-07
16.010000	0.000000	4.5e-07
16.020000	0.000000	4.4e-07
16.030000	0.000000	4.4e-07
16.040000	0.000000	4.3e-07
16.050000	0.000000	4.2e-07
16.060000	0.000000	4.2e-07
16.070000	0.000000	4.1e-07
16.080000	0.000000	4.0e-07
16.090000	0.000000	4.0e-07
16.100000	0.000000	3.9e-07
16.110000	0.000000	3.9e-07
16.120000	0.000000	3.8e-07
16.130000	0.000000	3.8e-07
16.140000	0.000000	3.7e-07
16.150000	0.000000	3.7e-07
16.160000	0.000000	3.6e-07
16.170000	0.000000	3.6e-07
16.180000	0.000000	3.5e-07
16.190000	0.000000	3.5e-07
16.200000	0.000000	3.4e-07
16.210000	0.000000	3.4e-07
16.220000	0.000000	3.3e-07
16.230000	0.000000	3.3e-07
16.240000	0.000000	3.2e-07
16.250000	0.000000	3.2e-07
16.260000	0.000000	3.1e-07
16.270000	0.000000	3.1e-07
16.280000	0.000000	3.0e-07
16.290000	0.000000	3.0e-07
16.300000	0.000000	2.9e-07
16.310000	0.000000	2.9e-07
16.320000	0.000000	2.9e-07
16.330000	0.000000	2.8e-07
16.340000	0.000000	2.8e-07
16.350000	0.000000	2.7e-07
16.360000	0.000000	2.7e-07
16.370000	0.000000	2.7e-07
16.380000	0.000000	2.6e-07
16.390000	0.000000	2.6e-07
16.400000	0.000000	2.5e-07
16.410000	0.000000	2.5e-07
16.420000	0.000000	2.5e-07
16.430000	0.000000	2.4e-07
16.440000	0.000000	2.4e-07
16.450000	0.000000	2.4e-07
16.460000	0.000000	2.3e-07
16.470000	0.000000	2.3e-07
16.480000	0.000000	2.3e-07
16.490000	0.000000	2.2e-07
16.500000	0.000000	2.2e-07
16.510000	0.000000	2.2e-07
16.520000	0.000000	2.1e-07
16.530000	0.000000	2.1e-07
16.540000	0.000000	2.1e-07
16.550000	0.000000	2.0e-07
16.560000	0.000000	2.0e-07
16.570000	0.000000	2.0e-07
16.580000	0.000000	2.0e-07
16.590000	0.000000	1.9e-07
16.600000	0.000000	1.9e-07
16.610000	0.000000	1.9e-07
16.620000	0.000000	1.8e-07
16.630000	0.000000	1.8e-07
16.640000	0.000000	1.8e-07
16.650000	0.000000	1.8e-07
16.660000	0.000000	1.7e-07
16.670000	0.000000	1.7e-07
16.680000	0.000000	1.7e-07
16.690000	0.000000	1.7e-07
16.700000	0.000000	1.7e-07
16.710000	0.000000	1.6e-07
16.720000	0.000000	1.6e-07
16.730000	0.000000	1.6e-07
16.740000	0.000000	1.6e-07
16.750000	0.000000	1.5e-07
16.760000	0.000000	1.5e-07
16.770000	0.000000	1.5e-07
16.780000	0.000000	1.5e-07
16.790000	0.000000	1.4e-07
16.800000	0.000000	1.4e-07
16.810000	0.000000	1.4e-07
16.820000	0.000000	1.4e-07
16.830000	0.000000	1.4e-07
16.840000	0.000000	1.3e-07
16.850000	0.000000	1.3e-07
16.860000	0.000000	1.3e-07
16.870000	0.000000	1.3e-07
16.880000	0.000000	1.3e-07
16.890000	0.000000	1.2e-07
16.900000	0.000000	1.2e-07
16.910000	0.000000	1.2e-07
16.920000	0.000000	1.2e-07
16.930000	0.000000	1.2e-07
16.940000	0.000000	1.2e-07
16.950000	0.000000	1.1e-07
16.960000	0.000000	1.1e-07
16.970000	0.000000	1.1e-07
16.980000	0.000000	1.1e-07
16.990000	0.000000	1.1e-07
17.000000	0.000000	1.1e-07
17.010000	0.000000	1.1e-07
17.020000	0.000000	1.0e-07
17.030000	0.000000	1.0e-07
17.040000	0.000000	1.0e-07
17.050000	0.000000	9.9e-08
17.060000	0.000000	9.8e-08
17.070000	0.000000	9.6e-08
17.080000	0.000000	9.5e-08
17.090000	0.000000	9.3e-08
17.100000	0.000000	9.2e-08
17.110000	0.000000	9.1e-08
17.120000	0.000000	8.9e-08
17.130000	0.000000	8.8e-08
17.140000	0.000000	8.7e-08
17.150000	0.000000	8.5e-08
17.160000	0.000000	8.4e-08
17.170000	0.000000	8.3e-08
17.180000	0.000000	8.2e-08
17.190000	0.000000	8.1e-08
17.200000	0.000000	8.0e-08
17.210000	0.000000	7.9e-08
17.220000	0.000000	7.7e-08
17.230000	0.000000	7.6e-08
17.240000	0.000000	7.5e-08
17.250000	0.000000	7.4e-08
17.260000	0.000000	7.3e-08
17.270000	0.000000	7.2e-08
17.280000	0.000000	7.1e-08
17.290000	0.000000	7.0e-08
17.300000	0.000000	6.9e-08
17.310000	0.000000	6.8e-08
17.320000	0.000000	6.7e-08
17.330000	0.000000	6.6e-08
17.340000	0.000000	6.5e-08
17.350000	0.000000	6.4e-08
17.360000	0.000000	6.3e-08
17.370000	0.000000	6.2e-08
17.380000	0.000000	6.1e-08
17.390000	0.000000	6.0e-08
17.400000	0.000000	5.9e-08
17.410000	0.000000	5.9e-08
17.420000	0.000000	5.8e-08
17.430000	0.000000	5.7e-08
17.440000	0.000000	5.6e-08
17.450000	0.000000	5.5e-08
17.460000	0.000000	5.5e-08
17.470000	0.000000	5.4e-08
17.480000	0.000000	5.3e-08
17.490000	0.000000	5.2e-08
17.500000	0.000000	5.2e-08
17.510000	0.000000	5.1e-08
17.520000	0.000000	5.0e-08
17.530000	0.000000	4.9e-08
17.540000	0.000000	4.9e-08
17.550000	0.000000	4.8e-08
17.560000	0.000000	4.7e-08
17.570000	0.000000	4.7e-08
17.580000	0.000000	4.6e-08
17.590000	0.000000	4.5e-08
17.600000	0.000000	4.5e-08
17.610000	0.000000	4.4e-08
17.620000	0.000000	4.3e-08
17.630000	0.000000	4.3e-08
17.640000	0.000000	4.2e-08
17.650000	0.000000	4.1e-08
17.660000	0.000000	4.1e-08
17.670000	0.000000	4.0e-08
17.680000	0.000000	4.0e-08
17.690000	0.000000	3.9e-08
17.700000	0.000000	3.8e-08
17.710000	0.000000	3.8e-08
17.720000	0.000000	3.7e-08
17.730000	0.000000	3.7e-08
17.740000	0.000000	3.6e-08
17.750000	0.000000	3.6e-08
17.760000	0.000000	3.5e-08
17.770000	0.000000	3.5e-08
17.780000	0.000000	3.4e-08
17.790000	0.000000	3.4e-08
17.800000	0.000000	3.3e-08
17.810000	0.000000	3.3e-08
17.820000	0.000000	3.2e-08
17.830000	0.000000	3.2e-08
17.840000	0.000000	3.2e-08
17.850000	0.000000	3.1e-08
17.860000	0.000000	3.1e-08
17.870000	0.000000	3.0e-08
17.880000	0.000000	3.0e-08
17.890000	0.000000	2.9e-08
17.900000	0.000000	2.9e-08
17.910000	0.000000	2.8e-08
17.920000	0.000000	2.8e-08
17.930000	0.000000	2.8e-08
17.940000	0.000000	2.7e-08
17.950000	0.000000	2.7e-08
17.960000	0.000000	2.6e-08
17.970000	0.000000	2.6e-08
17.980000	0.000000	2.6e-08
17.990000	0.000000	2.5e-08
18.000000	0.000000	2.5e-08
18.010000	0.000000	2.5e-08
18.020000	0.000000	2.4e-08
18.030000	0.000000	2.4e-08
18.040000	0.000000	2.4e-08
18.050000	0.000000	2.3e-08
18.060000	0.000000	2.3e-08
18.070000	0.000000	2.3e-08
18.080000	0.000000	2.2e-08
18.090000	0.000000	2.2e-08
18.100000	0.000000	2.2e-08
18.110000	0.000000	2.1e-08
18.120000	0.000000	2.1e-08
18.130000	0.000000	2.1e-08
18.140000	0.000000	2.0e-08
18.150000	0.000000	2.0e-08
18.160000	0.000000	2.0e-08
18.170000	0.000000	2.0e-08
18.180000	0.000000	1.9e-08
18.190000	0.000000	1.9e-08
18.200000	0.000000	1.9e-08
18.210000	0.000000	1.8e-08
18.220000	0.000000	1.8e-08
18.230000	0.000000	1.8e-08
18.240000	0.000000	1.8e-08
18.250000	0.000000	1.7e-08
18.260000	0.000000	1.7e-08
18.270000	0.000000	1.7e-08
18.280000	0.000000	1.7e-08
18.290000	0.000000	1.6e-08
18.300000	0.000000	1.6e-08
18.310000	0.000000	1.6e-08
18.320000	0.000000	1.6e-08
18.330000	0.000000	1.5e-08
18.340000	0.000000	1.5e-08
18.350000	0.000000	1.5e-08
18.360000	0.000000	1.5e-08
18.370000	0.000000	1.5e-08
18.380000	0.000000	1.4e-08
18.390000	0.000000	1.4e-08
18.400000	0.000000	1.4e-08
18.410000	0.000000	1.4e-08
18.420000	0.000000	1.4e-08
18.430000	0.000000	1.3e-08
18.440000	0.000000	1.3e-08
18.450000	0.000000	1.3e-08
18.460000	0.000000	1.3e-08
18.470000	0.000000	1.3e-08
18.480000	0.000000	1.2e-08
18.490000	0.000000	1.2e-08
18.500000	0.000000	1.2e-08
18.510000	0.000000	1.2e-08
18.520000	0.000000	1.2e-08
18.530000	0.000000	1.2e-08
18.540000	0.000000	1.1e-08
18.550000	0.000000	1.1e-08
18.560000	0.000000	1.1e-08
18.570000	0.000000	1.1e-08
18.580000	0.000000	1.1e-08
18.590000	0.000000	1.1e-08
18.600000	0.000000	1.0e-08
18.610000	0.000000	1.0e-08
18.620000	0.000000	1.0e-08
18.630000	0.000000	1.0e-08
18.640000	0.000000	9.9e-09
18.650000	0.000000	9.8e-09
18.660000	0.000000	9.6e-09
18.670000	0.000000	9.5e-09
18.680000	0.000000	9.4e-09
18.690000	0.000000	9.2e-09
18.700000	0.000000	9.1e-09
18.710000	0.000000	9.0e-09
18.720000	0.000000	8.8e-09
18.730000	0.000000	8.7e-09
18.740000	0.000000	8.6e-09
18.750000	0.000000	8.4e-09
18.760000	0.000000	8.3e-09
18.770000	0.000000	8.2e-09
18.780000	0.000000	8.1e-09
18.790000	0.000000	7.9e-09
18.800000	0.000000	7.8e-09
18.810000	0.000000	7.7e-09
18.820000	0.000000	7.6e-09
18.830000	0.000000	7.5e-09
18.840000	0.000000	7.4e-09
18.850000	0.000000	7.3e-09
18.860000	0.000000	7.2e-09
18.870000	0.000000	7.1e-09
18.880000	0.000000	7.0e-09
18.890000	0.000000	6.9e-09
18.900000	0.000000	6.8e-09
18.910000	0.000000	6.7e-09
18.920000	0.000000	6.6e-09
18.930000	0.000000	6.5e-09
18.940000	0.000000	6.4e-09
18.950000	0.000000	6.3e-09
18.960000	0.000000	6.2e-09
18.970000	0.000000	6.2e-09
18.980000	0.000000	6.1e-09
18.990000	0.000000	6.0e-09
19.000000	0.000000	5.9e-09
19.010000	0.000000	5.8e-09
19.020000	0.000000	5.7e-09
19.030000	0.000000	5.6e-09
19.040000	0.000000	5.5e-09
19.050000	0.000000	5.5e-09
19.060000	0.000000	5.4e-09
19.070000	0.000000	5.3e-09
19.080000	0.000000	5.2e-09
19.090000	0.000000	5.1e-09
19.100000	0.000000	5.1e-09
19.110000	0.000000	5.0e-09
19.120000	0.000000	4.9e-09
19.130000	0.000000	4.9e-09
19.140000	0.000000	4.8e-09
19.150000	0.000000	4.7e-09
19.160000	0.000000	4.7e-09
19.170000	0.000000	4.6e-09
19.180000	0.000000	4.5e-09
19.190000	0.000000	4.5e-09
19.200000	0.000000	4.4e-09
19.210000	0.000000	4.4e-09
19.220000	0.000000	4.3e-09
19.230000	0.000000	4.2e-09
19.240000	0.000000	4.2e-09
19.250000	0.000000	4.1e-09
19.260000	0.000000	4.0e-09
19.270000	0.000000	4.0e-09
19.280000	0.000000	3.9e-09
19.290000	0.000000	3.9e-09
19.300000	0.000000	3.8e-09
19.310000	0.000000	3.7e-09
19.320000	0.000000	3.7e-09
19.330000	0.000000	3.6e-09
19.340000	0.000000	3.6e-09
19.350000	0.000000	3.5e-09
19.360000	0.000000	3.5e-09
19.370000	0.000000	3.4e-09
19.380000	0.000000	3.4e-09
19.390000	0.000000	3.3e-09
19.400000	0.000000	3.3e-09
19.410000	0.000000	3.3e-09
19.420000	0.000000	3.2e-09
19.430000	0.000000	3.2e-09
19.440000	0.000000	3.1e-09
19.450000	0.000000	3.1e-09
19.460000	0.000000	3.0e-09
19.470000	0.000000	3.0e-09
19.480000	0.000000	2.9e-09
19.490000	0.000000	2.9e-09
19.500000	0.000000	2.9e-09
19.510000	0.000000	2.8e-09
19.520000	0.000000	2.8e-09
19.530000	0.000000	2.7e-09
19.540000	0.000000	2.7e-09
19.550000	0.000000	2.7e-09
19.560000	0.000000	2.6e-09
19.570000	0.000000	2.6e-09
19.580000	0.000000	2.5e-09
19.590000	0.000000	2.5e-09
19.600000	0.000000	2.5e-09
19.610000	0.000000	2.4e-09
19.620000	0.000000	2.4e-09
19.630000	0.000000	2.4e-09
19.640000	0.000000	2.3e-09
19.650000	0.000000	2.3e-09
19.660000	0.000000	2.3e-09
19.670000	0.000000	2.2e-09
19.680000	0.000000	2.2e-09
19.690000	0.000000	2.2e-09
19.700000	0.000000	2.1e-09
19.710000	0.000000	2.1e-09
19.720000	0.000000	2.1e-09
19.730000	0.000000	2.1e-09
19.740000	0.000000	2.0e-09
19.750000	0.000000	2.0e-09
19.760000	0.000000	2.0e-09
19.770000	0.000000	1.9e-09
19.780000	0.000000	1.9e-09
19.790000	0.000000	1.9e-09
19.800000	0.000000	1.9e-09
19.810000	0.000000	1.8e-09
19.820000	0.000000	1.8e-09
19.830000	0.000000	1.8e-09
19.840000	0.000000	1.7e-09
19.850000	0.000000	1.7e-09
19.860000	0.000000	1.7e-09
19.870000	0.000000	1.7e-09
19.880000	0.000000	1.6e-09
19.890000	0.000000	1.6e-09
19.900000	0.000000	1.6e-09
19.910000	0.000000	1.6e-09
19.920000	0.000000	1.6e-09
19.930000	0.000000	1.5e-09
19.940000	0.000000	1.5e-09
19.950000	0.000000	1.5e-09
19.960000	0.000000	1.5e-09
19.970000	0.000000	1.5e-09
19.980000	0.000000	1.4e-09
19.990000	0.000000	1.4e-09
20.000000	0.000000	1.4e-09
20.010000	0.000000	1.4e-09
20.020000	0.000000	1.4e-09
20.030000	0.000000	1.3e-09
20.040000	0.000000	1.3e-09
20.050000	0.000000	1.3e-09
20.060000	0.000000	1.3e-09
20.070000	0.000000	1.3e-09
20.080000	0.000000	1.2e-09
20.090000	0.000000	1.2e-09
20.100000	0.000000	1.2e-09
20.110000	0.000000	1.2e-09
20.120000	0.000000	1.2e-09
20.130000	0.000000	1.1e-09
20.140000	0.000000	1.1e-09
20.150000	0.000000	1.1e-09
20.160000	0.000000	1.1e-09
20.170000	0.000000	1.1e-09
20.180000	0.000000	1.1e-09
20.190000	0.000000	1.1e-09
20.200000	0.000000	1.0e-09
20.210000	0.000000	1.0e-09
20.220000	0.000000	1.0e-09
20.230000	0.000000	1.0e-09
20.240000	0.000000	9.8e-10
20.250000	0.000000	9.7e-10
20.260000	0.000000	9.5e-10
20.270000	0.000000	9.4e-10
20.280000	0.000000	9.3e-10
20.290000	0.000000	9.2e-10
20.300000	0.000000	9.0e-10
20.310000	0.000000	8.9e-10
20.320000	0.000000	8.8e-10
20.330000	0.000000	8.7e-10
20.340000	0.000000	8.5e-10
20.350000	0.000000	8.4e-10
20.360000	0.000000	8.3e-10
20.370000	0.000000	8.2e-10
20.380000	0.000000	8.0e-10
20.390000	0.000000	7.9e-10
20.400000	0.000000	7.8e-10
20.410000	0.000000	7.7e-10
20.420000	0.000000	7.6e-10
20.430000	0.000000	7.4e-10
20.440000	0.000000	7.3e-10
20.450000	0.000000	7.2e-10
20.460000	0.000000	7.1e-10
20.470000	0.000000	7.0e-10
20.480000	0.000000	6.9e-10
20.490000	0.000000	6.8e-10
20.500000	0.000000	6.7e-10
20.510000	0.000000	6.7e-10
20.520000	0.000000	6.6e-10
20.530000	0.000000	6.5e-10
20.540000	0.000000	6.4e-10
20.550000	0.000000	6.3e-10
20.560000	0.000000	6.2e-10
20.570000	0.000000	6.1e-10
20.580000	0.000000	6.0e-10
20.590000	0.000000	5.9e-10
20.600000	0.000000	5.9e-10
20.610000	0.000000	5.8e-10
20.620000	0.000000	5.7e-10
20.630000	0.000000	5.6e-10
20.640000	0.000000	5.5e-10
20.650000	0.000000	5.5e-10
20.660000	0.000000	5.4e-10
20.670000	0.000000	5.3e-10
20.680000	0.000000	5.2e-10
20.690000	0.000000	5.1e-10
20.700000	0.000000	5.1e-10
20.710000	0.000000	5.0e-10
20.720000	0.000000	4.9e-10
20.730000	0.000000	4.8e-10
20.740000	0.000000	4.8e-10
20.750000	0.000000	4.7e-10
20.760000	0.000000	4.6e-10
20.770000	0.000000	4.6e-10
20.780000	0.000000	4.5e-10
20.790000	0.000000	4.4e-10
20.800000	0.000000	4.4e-10
20.810000	0.000000	4.3e-10
20.820000	0.000000	4.3e-10
20.830000	0.000000	4.2e-10
20.840000	0.000000	4.1e-10
20.850000	0.000000	4.1e-10
20.860000	0.000000	4.0e-10
20.870000	0.000000	4.0e-10
20.880000	0.000000	3.9e-10
20.890000	0.000000	3.9e-10
20.900000	0.000000	3.8e-10
20.910000	0.000000	3.8e-10
20.920000	0.000000	3.7e-10
20.930000	0.000000	3.6e-10
20.940000	0.000000	3.6e-10
20.950000	0.000000	3.5e-10
20.960000	0.000000	3.5e-10
20.970000	0.000000	3.4e-10
20.980000	0.000000	3.4e-10
20.990000	0.000000	3.3e-10
21.000000	0.000000	3.3e-10
21.010000	0.000000	3.2e-10
21.020000	0.000000	3.2e-10
21.030000	0.000000	3.1e-10
21.040000	0.000000	3.1e-10
21.050000	0.000000	3.1e-10
21.060000	0.000000	3.0e-10
21.070000	0.000000	3.0e-10
21.080000	0.000000	2.9e-10
21.090000	0.000000	2.9e-10
21.100000	0.000000	2.9e-10
21.110000	0.000000	2.8e-10
21.120000	0.000000	2.8e-10
21.130000	0.000000	2.7e-10
21.140000	0.000000	2.7e-10
21.150000	0.000000	2.7e-10
21.160000	0.000000	2.6e-10
21.170000	0.000000	2.6e-10
21.180000	0.000000	2.5e-10
21.190000	0.000000	2.5e-10
21.200000	0.000000	2.5e-10
21.210000	0.000000	2.4e-10
21.220000	0.000000	2.4e-10
21.230000	0.000000	2.4e-10
21.240000	0.000000	2.3e-10
21.250000	0.000000	2.3e-10
21.260000	0.000000	2.3e-10
21.270000	0.000000	2.2e-10
21.280000	0.000000	2.2e-10
21.290000	0.000000	2.2e-10
21.300000	0.000000	2.1e-10
21.310000	0.000000	2.1e-10
21.320000	0.000000	2.1e-10
21.330000	0.000000	2.0e-10
21.340000	0.000000	2.0e-10
21.350000	0.000000	2.0e-10
21.360000	0.000000	2.0e-10
21.370000	0.000000	1.9e-10
21.380000	0.000000	1.9e-10
21.390000	0.000000	1.9e-10
21.400000	0.000000	1.9e-10
21.410000	0.000000	1.8e-10
21.420000	0.000000	1.8e-10
21.430000	0.000000	1.8e-10
21.440000	0.000000	1.8e-10
21.450000	0.000000	1.7e-10
21.460000	0.000000	1.7e-10
21.470000	0.000000	1.7e-10
21.480000	0.000000	1.7e-10
21.490000	0.000000	1.6e-10
21.500000	0.000000	1.6e-10
21.510000	0.000000	1.6e-10
21.520000	0.000000	1.6e-10
21.530000	0.000000	1.5e-10
21.540000	0.000000	1.5e-10
21.550000	0.000000	1.5e-10
21.560000	0.000000	1.5e-10
21.570000	0.000000	1.4e-10
21.580000	0.000000	1.4e-10
21.590000	0.000000	1.4e-10
21.600000	0.000000	1.4e-10
21.610000	0.000000	1.4e-10
21.620000	0.000000	1.3e-10
21.630000	0.000000	1.3e-10
21.640000	0.000000	1.3e-10
21.650000	0.000000	1.3e-10
21.660000	0.000000	1.3e-10
21.670000	0.000000	1.3e-10
21.680000	0.000000	1.2e-10
21.690000	0.000000	1.2e-10
21.700000	0.000000	1.2e-10
21.710000	0.000000	1.2e-10
21.720000	0.000000	1.2e-10
21.730000	0.000000	1.2e-10
21.740000	0.000000	1.1e-10
21.750000	0.000000	1.1e-10
21.760000	0.000000	1.1e-10
21.770000	0.000000	1.1e-10
21.780000	0.000000	1.1e-10
21.790000	0.000000	1.1e-10
21.800000	0.000000	1.0e-10
21.810000	0.000000	1.0e-10
21.820000	0.000000	1.0e-10
21.830000	0.000000	9.9e-11
21.840000	0.000000	9.8e-11
21.850000	0.000000	9.7e-11
21.860000	0.000000	9.5e-11
21.870000	0.000000	9.4e-11
21.880000	0.000000	9.3e-11
21.890000	0.000000	9.2e-11
21.900000	0.000000	9.0e-11
21.910000	0.000000	8.9e-11
21.920000	0.000000	8.8e-11
21.930000	0.000000	8.6e-11
21.940000	0.000000	8.5e-11
21.950000	0.000000	8.4e-11
21.960000	0.000000	8.3e-11
21.970000	0.000000	8.2e-11
21.980000	0.000000	8.1e-11
21.990000	0.000000	7.9e-11
22.000000	0.000000	7.8e-11
22.010000	0.000000	7.7e-11
22.020000	0.000000	7.6e-11
22.030000	0.000000	7.5e-11
22.040000	0.000000	7.4e-11
22.050000	0.000000	7.3e-11
22.060000	0.000000	7.2e-11
22.070000	0.000000	7.1e-11
22.080000	0.000000	7.0e-11
22.090000	0.000000	6.8e-11
22.100000	0.000000	6.7e-11
22.110000	0.000000	6.6e-11
22.120000	0.000000	6.5e-11
22.130000	0.000000	6.5e-11
22.140000	0.000000	6.4e-11
22.150000	0.000000	6.3e-11
22.160000	0.000000	6.2e-11
22.170000	0.000000	6.1e-11
22.180000	0.000000	6.0e-11
22.190000	0.000000	6.0e-11
22.200000	0.000000	5.9e-11
22.210000	0.000000	5.8e-11
22.220000	0.000000	5.7e-11
22.230000	0.000000	5.6e-11
22.240000	0.000000	5.5e-11
22.250000	0.000000	5.5e-11
22.260000	0.000000	5.4e-11
22.270000	0.000000	5.3e-11
22.280000	0.000000	5.2e-11
22.290000	0.000000	5.2e-11
22.300000	0.000000	5.1e-11
22.310000	0.000000	5.0e-11
22.320000	0.000000	4.9e-11
22.330000	0.000000	4.9e-11
22.340000	0.000000	4.8e-11
22.350000	0.000000	4.7e-11
22.360000	0.000000	4.7e-11
22.370000	0.000000	4.6e-11
22.380000	0.000000	4.5e-11
22.390000	0.000000	4.4e-11
22.400000	0.000000	4.4e-11
22.410000	0.000000	4.3e-11
22.420000	0.000000	4.3e-11
22.430000	0.000000	4.2e-11
22.440000	0.000000	4.2e-11
22.450000	0.000000	4.1e-11
22.460000	0.000000	4.0e-11
22.470000	0.000000	4.0e-11
22.480000	0.000000	3.9e-11
22.490000	0.000000	3.9e-11
22.500000	0.000000	3.8e-11
22.510000	0.000000	3.8e-11
22.520000	0.000000	3.7e-11
22.530000	0.000000	3.7e-11
22.540000	0.000000	3.6e-11
22.550000	0.000000	3.6e-11
22.560000	0.000000	3.5e-11
22.570000	0.000000	3.5e-11
22.580000	0.000000	3.4e-11
22.590000	0.000000	3.4e-11
22.600000	0.000000	3.3e-11
22.610000	0.000000	3.3e-11
22.620000	0.000000	3.2e-11
22.630000	0.000000	3.2e-11
22.640000	0.000000	3.1e-11
22.650000	0.000000	3.1e-11
22.660000	0.000000	3.0e-11
22.670000	0.000000	3.0e-11
22.680000	0.000000	2.9e-11
22.690000	0.000000	2.9e-11
22.700000	0.000000	2.9e-11
22.710000	0.000000	2.8e-11
22.720000	0.000000	2.8e-11
22.730000	0.000000	2.7e-11
22.740000	0.000000	2.7e-11
22.750000	0.000000	2.7e-11
22.760000	0.000000	2.6e-11
22.770000	0.000000	2.6e-11
22.780000	0.000000	2.6e-11
22.790000	0.000000	2.5e-11
22.800000	0.000000	2.5e-11
22.810000	0.000000	2.5e-11
22.820000	0.000000	2.4e-11
22.830000	0.000000	2.4e-11
22.840000	0.000000	2.4e-11
22.850000	0.000000	2.3e-11
22.860000	0.000000	2.3e-11
22.870000	0.000000	2.2e-11
22.880000	0.000000	2.2e-11
22.890000	0.000000	2.2e-11
22.900000	0.000000	2.1e-11
22.910000	0.000000	2.1e-11
22.920000	0.000000	2.1e-11
22.930000	0.000000	1.9e-11
22.940000	0.000000	1.9e-11
22.950000	0.000000	1.9e-11
22.960000	0.000000	1.8e-11
22.970000	0.000000	1.8e-11
22.980000	0.000000	1.8e-11
22.990000	0.000000	1.8e-11
23.000000	0.000000	1.7e-11
23.010000	0.000000	1.7e-11
23.020000	0.000000	1.7e-11
23.030000	0.000000	1.7e-11
23.040000	0.000000	1.7e-11
23.050000	0.000000	1.6e-11
23.060000	0.000000	1.6e-11
23.070000	0.000000	1.6e-11
23.080000	0.000000	1.6e-11
23.090000	0.000000	1.5e-11
23.100000	0.000000	1.5e-11
23.110000	0.000000	1.5e-11
23.120000	0.000000	1.5e-11
23.130000	0.000000	1.5e-11
23.140000	0.000000	1.4e-11
23.150000	0.000000	1.4e-11
23.160000	0.000000	1.4e-11
23.170000	0.000000	1.4e-11
23.180000	0.000000	1.3e-11
23.190000	0.000000	1.3e-11
23.200000	0.000000	1.3e-11
23.210000	0.000000	1.3e-11
23.220000	0.000000	1.3e-11
23.230000	0.000000	1.2e-11
23.240000	0.000000	1.2e-11
23.250000	0.000000	1.2e-11
23.260000	0.000000	1.2e-11
23.270000	0.000000	1.2e-11
23.280000	0.000000	1.2e-11
23.290000	0.000000	1.2e-11
23.300000	0.000000	1.1e-11
23.310000	0.000000	1.1e-11
23.320000	0.000000	1.1e-11
23.330000	0.000000	1.1e-11
23.340000	0.000000	1.1e-11
23.350000	0.000000	1.1e-11
23.360000	0.000000	1.0e-11
23.370000	0.000000	1.0e-11
23.380000	0.000000	1.0e-11
23.390000	0.000000	1.0e-11
23.400000	0.000000	9.9e-12
23.410000	0.000000	9.8e-12
23.420000	0.000000	9.6e-12
23.430000	0.000000	9.5e-12
23.440000	0.000000	9.3e-12
23.450000	0.000000	9.1e-12
23.460000	0.000000	9.0e-12
23.470000	0.000000	8.8e-12
23.480000	0.000000	8.7e-12
23.490000	0.000000	8.6e-12
23.500000	0.000000	8.5e-12
23.510000	0.000000	8.3e-12
23.520000	0.000000	8.2e-12
23.530000	0.000000	8.1e-12
23.540000	0.000000	8.0e-12
23.550000	0.000000	7.9e-12
23.560000	0.000000	7.8e-12
23.570000	0.000000	7.7e-12
23.580000	0.000000	7.6e-12
23.590000	0.000000	7.5e-12
23.600000	0.000000	7.4e-12
23.610000	0.000000	7.3e-12
23.620000	0.000000	7.2e-12
23.630000	0.000000	7.1e-12
23.640000	0.000000	7.0e-12
23.650000	0.000000	6.9e-12
23.660000	0.000000	6.8e-12
23.670000	0.000000	6.7e-12
23.680000	0.000000	6.6e-12
23.690000	0.000000	6.5e-12
23.700000	0.000000	6.4e-12
23.710000	0.000000	6.3e-12
23.720000	0.000000	6.2e-12
23.730000	0.000000	6.1e-12
23.740000	0.000000	6.0e-12
23.750000	0.000000	5.9e-12
23.760000	0.000000	5.8e-12
23.770000	0.000000	5.7e-12
23.780000	0.000000	5.7e-12
23.790000	0.000000	5.6e-12
23.800000	0.000000	5.5e-12
23.810000	0.000000	5.4e-12
23.820000	0.000000	5.4e-12
23.830000	0.000000	5.3e-12
23.840000	0.000000	5.2e-12
23.850000	0.000000	5.2e-12
23.860000	0.000000	5.1e-12
23.870000	0.000000	5.0e-12
23.880000	0.000000	5.0e-12
23.890000	0.000000	4.9e-12
23.900000	0.000000	4.8e-12
23.910000	0.000000	4.8e-12
23.920000	0.000000	4.7e-12
23.930000	0.000000	4.6e-12
23.940000	0.000000	4.6e-12
23.950000	0.000000	4.5e-12
23.960000	0.000000	4.4e-12
23.970000	0.000000	4.4e-12
23.980000	0.000000	4.3e-12
23.990000	0.000000	4.2e-12
24.000000	0.000000	4.2e-12
24.010000	0.000000	4.1e-12
24.020000	0.000000	4.0e-12
24.030000	0.000000	4.0e-12
24.040000	0.000000	3.9e-12
24.050000	0.000000	3.8e-12
24.060000	0.000000	3.8e-12
24.070000	0.000000	3.7e-12
24.080000	0.000000	3.7e-12
24.090000	0.000000	3.6e-12
24.100000	0.000000	3.6e-12
24.110000	0.000000	3.6e-12
24.120000	0.000000	3.5e-12
24.130000	0.000000	3.5e-12
24.140000	0.000000	3.4e-12
24.150000	0.000000	3.4e-12
24.160000	0.000000	3.3e-12
24.170000	0.000000	3.3e-12
24.180000	0.000000	3.2e-12
24.190000	0.000000	3.2e-12
24.200000	0.000000	3.2e-12
24.210000	0.000000	3.1e-12
24.220000	0.000000	3.1e-12
24.230000	0.000000	3.0e-12
24.240000	0.000000	3.0e-12
24.250000	0.000000	2.9e-12
24.260000	0.000000	2.9e-12
24.270000	0.000000	2.8e-12
24.280000	0.000000	2.8e-12
24.290000	0.000000	2.7e-12
24.300000	0.000000	2.7e-12
24.310000	0.000000	2.7e-12
24.320000	0.000000	2.6e-12
24.330000	0.000000	2.6e-12
24.340000	0.000000	2.5e-12
24.350000	0.000000	2.5e-12
24.360000	0.000000	2.5e-12
24.370000	0.000000	2.4e-12
24.380000	0.000000	2.4e-12
24.390000	0.000000	2.4e-12
24.400000	0.000000	2.4e-12
24.410000	0.000000	2.3e-12
24.420000	0.000000	2.3e-12
24.430000	0.000000	2.3e-12
24.440000	0.000000	2.2e-12
24.450000	0.000000	2.2e-12
24.460000	0.000000	2.2e-12
24.470000	0.000000	2.1e-12
24.480000	0.000000	2.1e-12
24.490000	0.000000	2.1e-12
24.500000	0.000000	2.1e-12
24.510000	0.000000	2.0e-12
24.520000	0.000000	2.0e-12
24.530000	0.000000	2.0e-12
24.540000	0.000000	1.9e-12
24.550000	0.000000	1.9e-12
24.560000	0.000000	1.9e-12
24.570000	0.000000	1.8e-12
24.580000	0.000000	1.8e-12
24.590000	0.000000	1.8e-12
24.600000	0.000000	1.8e-12
24.610000	0.000000	1.7e-12
24.620000	0.000000	1.7e-12
24.630000	0.000000	1.7e-12
24.640000	0.000000	1.7e-12
24.650000	0.000000	1.6e-12
24.660000	0.000000	1.6e-12
24.670000	0.000000	1.6e-12
24.680000	0.000000	1.6e-12
24.690000	0.000000	1.6e-12
24.700000	0.000000	1.5e-12
24.710000	0.000000	1.5e-12
24.720000	0.000000	1.5e-12
24.730000	0.000000	1.5e-12
24.740000	0.000000	1.5e-12
24.750000	0.000000	1.4e-12
24.760000	0.000000	1.4e-12
24.770000	0.000000	1.4e-12
24.780000	0.000000	1.4e-12
24.790000	0.000000	1.4e-12
24.800000	0.000000	1.3e-12
24.810000	0.000000	1.3e-12
24.820000	0.000000	1.3e-12
24.830000	0.000000	1.3e-12
24.840000	0.000000	1.3e-12
24.850000	0.000000	1.2e-12
24.860000	0.000000	1.2e-12
24.870000	0.000000	1.2e-12
24.880000	0.000000	1.2e-12
24.890000	0.000000	1.2e-12
24.900000	0.000000	1.1e-12
24.910000	0.000000	1.1e-12
24.920000	0.000000	1.1e-12
24.930000	0.000000	1.1e-12
24.940000	0.000000	1.1e-12
24.950000	0.000000	1.1e-12
24.960000	0.000000	1.1e-12
24.970000	0.000000	1.0e-12
24.980000	0.000000	1.0e-12
24.990000	0.000000	1.0e-12
25.000000	0.000000	1.0e-12
25.010000	0.000000	9.9e-13
25.020000	0.000000	9.8e-13
25.030000	0.000000	9.6e-13
25.040000	0.000000	9.5e-13
25.050000	0.000000	9.4e-13
25.060000	0.000000	9.2e-13
25.070000	0.000000	9.1e-13
25.080000	0.000000	8.9e-13
25.090000	0.000000	8.8e-13
25.100000	0.000000	8.7e-13
25.110000	0.000000	8.5e-13
25.120000	0.000000	8.4e-13
25.130000	0.000000	8.3e-13
25.140000	0.000000	8.1e-13
25.150000	0.000000	8.0e-13
25.160000	0.000000	7.9e-13
25.170000	0.000000	7.7e-13
25.180000	0.000000	7.6e-13
25.190000	0.000000	7.5e-13
25.200000	0.000000	7.4e-13
25.210000	0.000000	7.4e-13
25.220000	0.000000	7.3e-13
25.230000	0.000000	7.2e-13
25.240000	0.000000	7.1e-13
25.250000	0.000000	7.0e-13
25.260000	0.000000	6.9e-13
25.270000	0.000000	6.8e-13
25.280000	0.000000	6.7e-13
25.290000	0.000000	6.6e-13
25.300000	0.000000	6.5e-13
25.310000	0.000000	6.4e-13
25.320000	0.000000	6.4e-13
25.330000	0.000000	6.3e-13
25.340000	0.000000	6.2e-13
25.350000	0.000000	6.1e-13
25.360000	0.000000	6.0e-13
25.370000	0.000000	5.9e-13
25.380000	0.000000	5.8e-13
25.390000	0.000000	5.7e-13
25.400000	0.000000	5.6e-13
25.410000	0.000000	5.5e-13
25.420000	0.000000	5.5e-13
25.430000	0.000000	5.4e-13
25.440000	0.000000	5.3e-13
25.450000	0.000000	5.2e-13
25.460000	0.000000	5.1e-13
25.470000	0.000000	5.1e-13
25.480000	0.000000	5.0e-13
25.490000	0.000000	4.9e-13
25.500000	0.000000	4.9e-13
25.510000	0.000000	4.8e-13
25.520000	0.000000	4.7e-13
25.530000	0.000000	4.7e-13
25.540000	0.000000	4.6e-13
25.550000	0.000000	4.6e-13
25.560000	0.000000	4.5e-13
25.570000	0.000000	4.4e-13
25.580000	0.000000	4.4e-13
25.590000	0.000000	4.3e-13
25.600000	0.000000	4.3e-13
25.610000	0.000000	4.2e-13
25.620000	0.000000	4.1e-13
25.630000	0.000000	4.1e-13
25.640000	0.000000	4.0e-13
25.650000	0.000000	4.0e-13
25.660000	0.000000	3.9e-13
25.670000	0.000000	3.8e-13
25.680000	0.000000	3.8e-13
25.690000	0.000000	3.7e-13
25.700000	0.000000	3.7e-13
25.710000	0.000000	3.6e-13
25.720000	0.000000	3.5e-13
25.730000	0.000000	3.5e-13
25.740000	0.000000	3.4e-13
25.750000	0.000000	3.4e-13
25.760000	0.000000	3.3e-13
25.770000	0.000000	3.3e-13
25.780000	0.000000	3.3e-13
25.790000	0.000000	3.2e-13
25.800000	0.000000	3.2e-13
25.810000	0.000000	3.1e-13
25.820000	0.000000	3.1e-13
25.830000	0.000000	3.1e-13
25.840000	0.000000	3.0e-13
25.850000	0.000000	3.0e-13
25.860000	0.000000	2.9e-13
25.870000	0.000000	2.9e-13
25.880000	0.000000	2.9e-13
25.890000	0.000000	2.8e-13
25.900000	0.000000	2.8e-13
25.910000	0.000000	2.7e-13
25.920000	0.000000	2.7e-13
25.930000	0.000000	2.7e-13
25.940000	0.000000	2.6e-13
25.950000	0.000000	2.6e-13
25.960000	0.000000	2.5e-13
25.970000	0.000000	2.5e-13
25.980000	0.000000	2.5e-13
25.990000	0.000000	2.4e-13
26.000000	0.000000	2.4e-13
26.010000	0.000000	2.3e-13
26.020000	0.000000	2.3e-13
26.030000	0.000000	2.3e-13
26.040000	0.000000	2.2e-13
26.050000	0.000000	2.2e-13
26.060000	0.000000	2.2e-13
26.070000	0.000000	2.2e-13
26.080000	0.000000	2.1e-13
26.090000	0.000000	2.1e-13
26.100000	0.000000	2.1e-13
26.110000	0.000000	2.1e-13
26.120000	0.000000	2.0e-13
26.130000	0.000000	2.0e-13
26.140000	0.000000	2.0e-13
26.150000	0.000000	1.9e-13
26.160000	0.000000	1.9e-13
26.170000	0.000000	1.9e-13
26.180000	0.000000	1.9e-13
26.190000	0.000000	1.8e-13
26.200000	0.000000	1.8e-13
26.210000	0.000000	1.8e-13
26.220000	0.000000	1.8e-13
26.230000	0.000000	1.7e-13
26.240000	0.000000	1.7e-13
26.250000	0.000000	1.7e-13
26.260000	0.000000	1.6e-13
26.270000	0.000000	1.6e-13
26.280000	0.000000	1.6e-13
26.290000	0.000000	1.6e-13
26.300000	0.000000	1.5e-13
26.310000	0.000000	1.5e-13
26.320000	0.000000	1.5e-13
26.330000	0.000000	1.5e-13
26.340000	0.000000	1.5e-13
26.350000	0.000000	1.4e-13
26.360000	0.000000	1.4e-13
26.370000	0.000000	1.4e-13
26.380000	0.000000	1.4e-13
26.390000	0.000000	1.4e-13
26.400000	0.000000	1.4e-13
26.410000	0.000000	1.3e-13
26.420000	0.000000	1.3e-13
26.430000	0.000000	1.3e-13
26.440000	0.000000	1.3e-13
26.450000	0.000000	1.3e-13
26.460000	0.000000	1.2e-13
26.470000	0.000000	1.2e-13
26.480000	0.000000	1.2e-13
26.490000	0.000000	1.2e-13
26.500000	0.000000	1.2e-13
26.510000	0.000000	1.2e-13
26.520000	0.000000	1.1e-13
26.530000	0.000000	1.1e-13
26.540000	0.000000	1.1e-13
26.550000	0.000000	1.1e-13
26.560000	0.000000	1.1e-13
26.570000	0.000000	1.1e-13
26.580000	0.000000	1.0e-13
26.590000	0.000000	1.0e-13
26.600000	0.000000	1.0e-13
26.610000	0.000000	1.0e-13
26.620000	0.000000	9.8e-14
26.630000	0.000000	9.7e-14
26.640000	0.000000	9.6e-14
26.650000	0.000000	9.5e-14
26.660000	0.000000	9.4e-14
26.670000	0.000000	9.2e-14
26.680000	0.000000	9.1e-14
26.690000	0.000000	9.0e-14
26.700000	0.000000	8.9e-14
26.710000	0.000000	8.7e-14
26.720000	0.000000	8.6e-14
26.730000	0.000000	8.5e-14
26.740000	0.000000	8.4e-14
26.750000	0.000000	8.3e-14
26.760000	0.000000	8.1e-14
26.770000	0.000000	8.0e-14
26.780000	0.000000	7.9e-14
26.790000	0.000000	7.8e-14
26.800000	0.000000	7.6e-14
26.810000	0.000000	7.5e-14
26.820000	0.000000	7.4e-14
26.830000	0.000000	7.3e-14
26.840000	0.000000	7.2e-14
26.850000	0.000000	7.0e-14
26.860000	0.000000	6.9e-14
26.870000	0.000000	6.9e-14
26.880000	0.000000	6.8e-14
26.890000	0.000000	6.7e-14
26.900000	0.000000	6.6e-14
26.910000	0.000000	6.5e-14
26.920000	0.000000	6.4e-14
26.930000	0.000000	6.4e-14
26.940000	0.000000	6.3e-14
26.950000	0.000000	6.2e-14
26.960000	0.000000	6.1e-14
26.970000	0.000000	6.0e-14
26.980000	0.000000	5.9e-14
26.990000	0.000000	5.9e-14
27.000000	0.000000	5.8e-14
27.010000	0.000000	5.7e-14
27.020000	0.000000	5.6e-14
27.030000	0.000000	5.5e-14
27.040000	0.000000	5.5e-14
27.050000	0.000000	5.4e-14
27.060000	0.000000	5.3e-14
27.070000	0.000000	5.2e-14
27.080000	0.000000	5.1e-14
27.090000	0.000000	5.1e-14
27.100000	0.000000	5.0e-14
27.110000	0.000000	4.9e-14
27.120000	0.000000	4.8e-14
27.130000	0.000000	4.7e-14
27.140000	0.000000	4.7e-14
27.150000	0.000000	4.6e-14
27.160000	0.000000	4.5e-14
27.170000	0.000000	4.5e-14
27.180000	0.000000	4.4e-14
27.190000	0.000000	4.4e-14
27.200000	0.000000	4.3e-14
27.210000	0.000000	4.3e-14
27.220000	0.000000	4.2e-14
27.230000	0.000000	4.2e-14
27.240000	0.000000	4.1e-14
27.250000	0.000000	4.0e-14
27.260000	0.000000	4.0e-14
27.270000	0.000000	3.9e-14
27.280000	0.000000	3.9e-14
27.290000	0.000000	3.8e-14
27.300000	0.000000	3.8e-14
27.310000	0.000000	3.7e-14
27.320000	0.000000	3.7e-14
27.330000	0.000000	3.6e-14
27.340000	0.000000	3.6e-14
27.350000	0.000000	3.5e-14
27.360000	0.000000	3.4e-14
27.370000	0.000000	3.4e-14
27.380000	0.000000	3.3e-14
27.390000	0.000000	3.3e-14
27.400000	0.000000	3.2e-14
27.410000	0.000000	3.2e-14
27.420000	0.000000	3.1e-14
27.430000	0.000000	3.1e-14
27.440000	0.000000	3.0e-14
27.450000	0.000000	3.0e-14
27.460000	0.000000	3.0e-14
27.470000	0.000000	2.9e-14
27.480000	0.000000	2.9e-14
27.490000	0.000000	2.9e-14
27.500000	0.000000	2.8e-14
27.510000	0.000000	2.8e-14
27.520000	0.000000	2.8e-14
27.530000	0.000000	2.7e-14
27.540000	0.000000	2.7e-14
27.550000	0.000000	2.6e-14
27.560000	0.000000	2.6e-14
27.570000	0.000000	2.6e-14
27.580000	0.000000	2.5e-14
27.590000	0.000000	2.5e-14
27.600000	0.000000	2.5e-14
27.610000	0.000000	2.4e-14
27.620000	0.000000	2.4e-14
27.630000	0.000000	2.3e-14
27.640000	0.000000	2.3e-14
27.650000	0.000000	2.3e-14
27.660000	0.000000	2.2e-14
27.670000	0.000000	2.2e-14
27.680000	0.000000	2.2e-14
27.690000	0.000000	2.1e-14
27.700000	0.000000	2.1e-14
27.710000	0.000000	2.1e-14
27.720000	0.000000	2.0e-14
27.730000	0.000000	2.0e-14
27.740000	0.000000	2.0e-14
27.750000	0.000000	2.0e-14
27.760000	0.000000	1.9e-14
27.770000	0.000000	1.9e-14
27.780000	0.000000	1.9e-14
27.790000	0.000000	1.9e-14
27.800000	0.000000	1.8e-14
27.810000	0.000000	1.8e-14
27.820000	0.000000	1.8e-14
27.830000	0.000000	1.8e-14
27.840000	0.000000	1.7e-14
27.850000	0.000000	1.7e-14
27.860000	0.000000	1.7e-14
27.870000	0.000000	1.7e-14
27.880000	0.000000	1.7e-14
27.890000	0.000000	1.6e-14
27.900000	0.000000	1.6e-14
27.910000	0.000000	1.6e-14
27.920000	0.000000	1.6e-14
27.930000	0.000000	1.5e-14
27.940000	0.000000	1.5e-14
27.950000	0.000000	1.5e-14
27.960000	0.000000	1.5e-14
27.970000	0.000000	1.4e-14
27.980000	0.000000	1.4e-14
27.990000	0.000000	1.4e-14
28.000000	0.000000	1.4e-14
28.010000	0.000000	1.4e-14
28.020000	0.000000	1.3e-14
28.030000	0.000000	1.3e-14
28.040000	0.000000	1.3e-14
28.050000	0.000000	1.3e-14
28.060000	0.000000	1.3e-14
28.070000	0.000000	1.3e-14
28.080000	0.000000	1.2e-14
28.090000	0.000000	1.2e-14
28.100000	0.000000	1.2e-14
28.110000	0.000000	1.2e-14
28.120000	0.000000	1.2e-14
28.130000	0.000000	1.2e-14
28.140000	0.000000	1.1e-14
28.150000	0.000000	1.1e-14
28.160000	0.000000	1.1e-14
28.170000	0.000000	1.1e-14
28.180000	0.000000	1.1e-14
28.190000	0.000000	1.1e-14
28.200000	0.000000	1.0e-14
28.210000	0.000000	1.0e-14
28.220000	0.000000	1.0e-14
28.230000	0.000000	9.9e-15
28.240000	0.000000	9.8e-15
28.250000	0.000000	9.6e-15
28.260000	0.000000	9.5e-15
28.270000	0.000000	9.3e-15
28.280000	0.000000	9.2e-15
28.290000	0.000000	9.1e-15
28.300000	0.000000	9.0e-15
28.310000	0.000000	8.9e-15
28.320000	0.000000	8.8e-15
28.330000	0.000000	8.7e-15
28.340000	0.000000	8.5e-15
28.350000	0.000000	8.4e-15
28.360000	0.000000	8.3e-15
28.370000	0.000000	8.2e-15
28.380000	0.000000	8.1e-15
28.390000	0.000000	8.0e-15
28.400000	0.000000	7.9e-15
28.410000	0.000000	7.8e-15
28.420000	0.000000	7.7e-15
28.430000	0.000000	7.5e-15
28.440000	0.000000	7.4e-15
28.450000	0.000000	7.3e-15
28.460000	0.000000	7.2e-15
28.470000	0.000000	7.1e-15
28.480000	0.000000	7.0e-15
28.490000	0.000000	6.9e-15
28.500000	0.000000	6.8e-15
28.510000	0.000000	6.7e-15
28.520000	0.000000	6.6e-15
28.530000	0.000000	6.4e-15
28.540000	0.000000	6.3e-15
28.550000	0.000000	6.3e-15
28.560000	0.000000	6.2e-15
28.570000	0.000000	6.1e-15
28.580000	0.000000	6.0e-15
28.590000	0.000000	6.0e-15
28.600000	0.000000	5.9e-15
28.610000	0.000000	5.8e-15
28.620000	0.000000	5.7e-15
28.630000	0.000000	5.7e-15
28.640000	0.000000	5.6e-15
28.650000	0.000000	5.5e-15
28.660000	0.000000	5.4e-15
28.670000	0.000000	5.4e-15
28.680000	0.000000	5.3e-15
28.690000	0.000000	5.2e-15
28.700000	0.000000	5.1e-15
28.710000	0.000000	5.1e-15
28.720000	0.000000	5.0e-15
28.730000	0.000000	4.9e-15
28.740000	0.000000	4.8e-15
28.750000	0.000000	4.8e-15
28.760000	0.000000	4.7e-15
28.770000	0.000000	4.6e-15
28.780000	0.000000	4.6e-15
28.790000	0.000000	4.5e-15
28.800000	0.000000	4.4e-15
28.810000	0.000000	4.3e-15
28.820000	0.000000	4.3e-15
28.830000	0.000000	4.2e-15
28.840000	0.000000	4.1e-15
28.850000	0.000000	4.1e-15
28.860000	0.000000	4.0e-15
28.870000	0.000000	4.0e-15
28.880000	0.000000	3.9e-15
28.890000	0.000000	3.9e-15
28.900000	0.000000	3.9e-15
28.910000	0.000000	3.8e-15
28.920000	0.000000	3.8e-15
28.930000	0.000000	3.7e-15
28.940000	0.000000	3.7e-15
28.950000	0.000000	3.6e-15
28.960000	0.000000	3.6e-15
28.970000	0.000000	3.5e-15
28.980000	0.000000	3.5e-15
28.990000	0.000000	3.4e-15
29.000000	0.000000	3.4e-15
29.010000	0.000000	3.3e-15
29.020000	0.000000	3.3e-15
29.030000	0.000000	3.2e-15
29.040000	0.000000	3.2e-15
29.050000	0.000000	3.1e-15
29.060000	0.000000	3.1e-15
29.070000	0.000000	3.0e-15
29.080000	0.000000	3.0e-15
29.090000	0.000000	2.9e-15
29.100000	0.000000	2.9e-15
29.110000	0.000000	2.8e-15
29.120000	0.000000	2.8e-15
29.130000	0.000000	2.8e-15
29.140000	0.000000	2.7e-15
29.150000	0.000000	2.7e-15
29.160000	0.000000	2.7e-15
29.170000	0.000000	2.6e-15
29.180000	0.000000	2.6e-15
29.190000	0.000000	2.6e-15
29.200000	0.000000	2.5e-15
29.210000	0.000000	2.5e-15
29.220000	0.000000	2.5e-15
29.230000	0.000000	2.4e-15
29.240000	0.000000	2.4e-15
29.250000	0.000000	2.4e-15
29.260000	0.000000	2.3e-15
29.270000	0.000000	2.3e-15
29.280000	0.000000	2.3e-15
29.290000	0.000000	2.2e-15
29.300000	0.000000	2.2e-15
29.310000	0.000000	2.2e-15
29.320000	0.000000	2.1e-15
29.330000	0.000000	2.1e-15
29.340000	0.000000	2.1e-15
29.350000	0.000000	2.0e-15
29.360000	0.000000	2.0e-15
29.370000	0.000000	2.0e-15
29.380000	0.000000	1.9e-15
29.390000	0.000000	1.9e-15
29.400000	0.000000	1.9e-15
29.410000	0.000000	1.8e-15
29.420000	0.000000	1.8e-15
29.430000	0.000000	1.8e-15
29.440000	0.000000	1.8e-15
29.450000	0.000000	1.8e-15
29.460000	0.000000	1.7e-15
29.470000	0.000000	1.7e-15
29.480000	0.000000	1.7e-15
29.490000	0.000000	1.7e-15
29.500000	0.000000	1.6e-15
29.510000	0.000000	1.6e-15
29.520000	0.000000	1.6e-15
29.530000	0.000000	1.6e-15
29.540000	0.000000	1.6e-15
29.550000	0.000000	1.5e-15
29.560000	0.000000	1.5e-15
29.570000	0.000000	1.5e-15
29.580000	0.000000	1.5e-15
29.590000	0.000000	1.4e-15
29.600000	0.000000	1.4e-15
29.610000	0.000000	1.4e-15
29.620000	0.000000	1.4e-15
29.630000	0.000000	1.4e-15
29.640000	0.000000	1.3e-15
29.650000	0.000000	1.3e-15
29.660000	0.000000	1.3e-15
29.670000	0.000000	1.3e-15
29.680000	0.000000	1.3e-15
29.690000	0.000000	1.2e-15
29.700000	0.000000	1.2e-15
29.710000	0.000000	1.2e-15
29.720000	0.000000	1.2e-15
29.730000	0.000000	1.2e-15
29.740000	0.000000	1.2e-15
29.750000	0.000000	1.2e-15
29.760000	0.000000	1.1e-15
29.770000	0.000000	1.1e-15
29.780000	0.000000	1.1e-15
29.790000	0.000000	1.1e-15
29.800000	0.000000	1.1e-15
29.810000	0.000000	1.1e-15
29.820000	0.000000	1.0e-15
29.830000	0.000000	1.0e-15
29.840000	0.000000	1.0e-15
29.850000	0.000000	1.0e-15
29.860000	0.000000	9.9e-16
29.870000	0.000000	9.7e-16
29.880000	0.000000	9.6e-16
29.890000	0.000000	9.4e-16
29.900000	0.000000	9.3e-16
29.910000	0.000000	9.1e-16
29.920000	0.000000	9.0e-16
29.930000	0.000000	8.8e-16
29.940000	0.000000	8.7e-16
29.950000	0.000000	8.6e-16
29.960000	0.000000	8.4e-16
29.970000	0.000000	8.3e-16
29.980000	0.000000	8.2e-16
29.990000	0.000000	8.1e-16
30.000000	0.000000	8.0e-16
30.010000	0.000000	7.9e-16
30.020000	0.000000	7.8e-16
30.030000	0.000000	7.7e-16
30.040000	0.000000	7.6e-16
30.050000	0.000000	7.5e-16
30.060000	0.000000	7.4e-16
30.070000	0.000000	7.3e-16
30.080000	0.000000	7.2e-16
30.090000	0.000000	7.1e-16
