0.100000	0.000000	356760.470943
0.110000	0.000000	226883.908567
0.120000	0.000000	203599.122502
0.130000	0.000000	185224.002078
0.140000	0.000000	169368.511770
0.150000	0.000000	152460.043806
0.160000	0.000000	142882.731920
0.170000	0.000000	130169.008419
0.180000	0.000000	119032.253366
0.190000	0.000000	111544.199319
0.200000	0.000000	102666.849844
0.210000	0.000000	97437.157886
0.220000	0.000000	94019.158812
0.230000	0.000000	86631.675512
0.240000	0.000000	85446.514259
0.250000	0.000000	80667.357267
0.260000	0.000000	73749.474555
0.270000	0.000000	70932.121709
0.280000	0.000000	68581.508155
0.290000	0.000000	64856.223055
0.300000	0.000000	62262.562147
0.310000	0.000000	60200.055650
0.320000	0.000000	58613.073732
0.330000	0.000000	56129.985140
0.340000	0.000000	54511.484698
0.350000	0.000000	53136.738586
0.360000	0.000000	65017.951482
0.370000	0.000000	95339.531775
0.380000	0.000000	96862.741717
0.390000	0.000000	60317.846771
0.400000	0.000000	96151.804176
0.410000	0.000000	44122.639983
0.420000	0.000000	67839.983761
0.430000	0.000000	57552.890671
0.440000	0.000000	61065.594920
0.450000	0.000000	39114.832936
0.460000	0.000000	35660.734144
0.470000	0.000000	35093.403974
0.480000	0.000000	73543.245006
0.490000	0.000000	55646.180632
0.500000	0.000000	41329.184936
0.510000	0.000000	36854.159021
0.520000	0.000000	30959.138358
0.530000	0.000000	34116.495625
0.540000	0.000000	35468.974350
0.550000	0.000000	28882.230981
0.560000	0.000000	31253.424885
0.570000	0.000000	35566.850610
0.580000	0.000000	34002.203641
0.590000	0.000000	29810.037288
0.600000	0.000000	33413.871472
0.610000	0.000000	25330.305377
0.620000	0.000000	25897.837973
0.630000	0.000000	26725.707303
0.640000	0.000000	25510.526004
0.650000	0.000000	73480.552484
0.660000	0.000000	49109.862157
0.670000	0.000000	23250.913095
0.680000	0.000000	22294.545100
0.690000	0.000000	21614.221117
0.700000	0.000000	21746.743911
0.710000	0.000000	22152.611320
0.720000	0.000000	21932.805121
0.730000	0.000000	25304.512669
0.740000	0.000000	19218.753114
0.750000	0.000000	18347.082980
0.760000	0.000000	18129.455380
0.770000	0.000000	29354.904817
0.780000	0.000000	17903.549801
0.790000	0.000000	17738.198724
0.800000	0.000000	17687.710779
0.810000	0.000000	19859.151585
0.820000	0.000000	17928.468159
0.830000	0.000000	17438.171104
0.840000	0.000000	17405.444135
0.850000	0.000000	16608.380661
0.860000	0.000000	15837.620600
0.870000	0.000000	15738.224401
0.880000	0.000000	15938.293944
0.890000	0.000000	15308.132509
0.900000	0.000000	15400.230535
0.910000	0.000000	15792.143127
0.920000	0.000000	15337.263239
0.930000	0.000000	16311.502910
0.940000	0.000000	14866.941171
0.950000	0.000000	15199.426212
0.960000	0.000000	14815.939319
0.970000	0.000000	16317.285270
0.980000	0.000000	14847.346961
0.990000	0.000000	16201.575515
1.000000	0.000000	16817.142005
1.010000	0.000000	32433.689558
1.020000	0.000000	31371.470322
1.030000	0.000000	17004.389403
1.040000	0.000000	27827.395726
1.050000	0.000000	37137.630235
1.060000	0.000000	14663.027160
1.070000	0.000000	18163.439721
1.080000	0.000000	33902.544952
1.090000	0.000000	16500.376736
1.100000	0.000000	60614.460204
1.110000	0.000000	12835.382639
1.120000	0.000000	49596.284034
1.130000	0.000000	17947.770360
1.140000	0.000000	11768.504062
1.150000	0.000000	22955.975947
1.160000	0.000000	36415.407159
1.170000	0.000000	22774.761822
1.180000	0.000000	10706.473292
1.190000	0.000000	10870.442895
1.200000	0.000000	12138.901666
1.210000	0.000000	12348.369855
1.220000	0.000000	10220.786124
1.230000	0.000000	10943.551671
1.240000	0.000000	11127.984663
1.250000	0.000000	9695.383785
1.260000	0.000000	9689.925526
1.270000	0.000000	11202.511369
1.280000	0.000000	9471.216624
1.290000	0.000000	10906.171903
1.300000	0.000000	9909.521398
1.310000	0.000000	10424.195392
1.320000	0.000000	10284.512294
1.330000	0.000000	9636.798736
1.340000	0.000000	9164.207615
1.350000	0.000000	9181.480048
1.360000	0.000000	9730.415387
1.370000	0.000000	9889.286172
1.380000	0.000000	9478.649408
1.390000	0.000000	10044.823332
1.400000	0.000000	10669.287112
1.410000	0.000000	8576.713957
1.420000	0.000000	8862.032142
1.430000	0.000000	8759.192692
1.440000	0.000000	8210.160557
1.450000	0.000000	8385.162312
1.460000	0.000000	8035.194696
1.470000	0.000000	9290.402956
1.480000	0.000000	12016.494497
1.490000	0.000000	11646.863725
1.500000	0.000000	10323.448513
1.510000	0.000000	8554.067422
1.520000	0.000000	7638.673421
1.530000	0.000000	7520.305727
1.540000	0.000000	9891.475065
1.550000	0.000000	11862.330832
1.560000	0.000000	7663.701709
1.570000	0.000000	7904.621249
1.580000	0.000000	7130.481104
1.590000	0.000000	7105.930964
1.600000	0.000000	7224.397846
1.610000	0.000000	7169.280634
1.620000	0.000000	6824.988375
1.630000	0.000000	6755.407759
1.640000	0.000000	6627.386345
1.650000	0.000000	8130.573902
1.660000	0.000000	8170.881409
1.670000	0.000000	7528.638713
1.680000	0.000000	6842.916620
1.690000	0.000000	6436.731021
1.700000	0.000000	6388.790110
1.710000	0.000000	6355.357439
1.720000	0.000000	6863.850309
1.730000	0.000000	7731.753468
1.740000	0.000000	6305.632311
1.750000	0.000000	6993.312105
1.760000	0.000000	6509.986253
1.770000	0.000000	6354.181279
1.780000	0.000000	5841.066952
1.790000	0.000000	5787.684249
1.800000	0.000000	5937.955291
1.810000	0.000000	6498.521333
1.820000	0.000000	6306.703368
1.830000	0.000000	5908.648710
1.840000	0.000000	5652.729266
1.850000	0.000000	5508.998596
1.860000	0.000000	5430.078037
1.870000	0.000000	5592.685444
1.880000	0.000000	5657.956035
1.890000	0.000000	5308.446696
1.900000	0.000000	5263.851499
1.910000	0.000000	5207.087400
1.920000	0.000000	5165.342627
1.930000	0.000000	5117.999188
1.940000	0.000000	5161.364790
1.950000	0.000000	5081.448427
1.960000	0.000000	4979.034958
1.970000	0.000000	4953.535709
1.980000	0.000000	4914.048952
1.990000	0.000000	4869.780474
2.000000	0.000000	4837.962809
2.010000	0.000000	4799.536744
2.020000	0.000000	4791.506848
2.030000	0.000000	4748.979334
2.040000	0.000000	4688.651745
2.050000	0.000000	4671.343094
2.060000	0.000000	4624.426096
2.070000	0.000000	4566.930287
2.080000	0.000000	4536.601041
2.090000	0.000000	4484.154781
2.100000	0.000000	4446.733671
2.110000	0.000000	4415.521363
2.120000	0.000000	4385.607247
2.130000	0.000000	4363.649852
2.140000	0.000000	4277.919269
2.150000	0.000000	4259.440273
2.160000	0.000000	4179.971355
2.170000	0.000000	4113.458639
2.180000	0.000000	4063.938926
2.190000	0.000000	4017.846749
2.200000	0.000000	3973.971397
2.210000	0.000000	3923.477225
2.220000	0.000000	3867.995338
2.230000	0.000000	3819.314847
2.240000	0.000000	3770.337143
2.250000	0.000000	3721.279306
2.260000	0.000000	3672.381552
2.270000	0.000000	3625.718110
2.280000	0.000000	3573.037887
2.290000	0.000000	3525.466800
2.300000	0.000000	3615.769792
2.310000	0.000000	3453.087200
2.320000	0.000000	3376.892889
2.330000	0.000000	3322.470615
2.340000	0.000000	3263.662993
2.350000	0.000000	3202.903184
2.360000	0.000000	3142.072771
2.370000	0.000000	3151.471512
2.380000	0.000000	3117.802149
2.390000	0.000000	2961.160643
2.400000	0.000000	2981.607800
2.410000	0.000000	3105.816036
2.420000	0.000000	19812.299253
2.430000	0.000000	128694.725616
2.440000	0.000000	63228.482304
2.450000	0.000000	23133.017942
2.460000	0.000000	303250.269791
2.470000	0.000000	41792.367723
2.480000	0.000000	2450.572341
2.490000	0.000000	2400.762134
2.500000	0.000000	2350.992184
2.510000	0.000000	2306.359111
2.520000	0.000000	2255.193344
2.530000	0.000000	2202.271254
2.540000	0.000000	2153.612255
2.550000	0.000000	2320.172374
2.560000	0.000000	2464.188093
2.570000	0.000000	2023.228530
2.580000	0.000000	4958.543752
2.590000	0.000000	17388.960465
2.600000	0.000000	20499.088900
2.610000	0.000000	227189.599427
2.620000	0.000000	443859.782035
2.630000	0.000000	34273.006297
2.640000	0.000000	1675.163264
2.650000	0.000000	1658.485452
2.660000	0.000000	1643.405783
2.670000	0.000000	1628.894094
2.680000	0.000000	1614.249668
2.690000	0.000000	1599.604656
2.700000	0.000000	1585.929634
2.710000	0.000000	1572.657593
2.720000	0.000000	1567.168546
2.730000	0.000000	1562.838716
2.740000	0.000000	1547.132982
2.750000	0.000000	1564.787790
2.760000	0.000000	1517.927640
2.770000	0.000000	1531.286716
2.780000	0.000000	1622.057574
2.790000	0.000000	1514.252234
2.800000	0.000000	1594.981228
2.810000	0.000000	1474.234477
2.820000	0.000000	3114.447657
2.830000	0.000000	2181.934300
2.840000	0.000000	1514.045652
2.850000	0.000000	1413.100702
2.860000	0.000000	1386.270838
2.870000	0.000000	25332.467916
2.880000	0.000000	31607.282488
2.890000	0.000000	1350.003675
2.900000	0.000000	1338.090923
2.910000	0.000000	1326.101458
2.920000	0.000000	1315.313359
2.930000	0.000000	1309.361148
2.940000	0.000000	1322.710993
2.950000	0.000000	2258.020301
2.960000	0.000000	1661.862034
2.970000	0.000000	1298.427125
2.980000	0.000000	1279.905749
2.990000	0.000000	1245.348165
3.000000	0.000000	1225.803405
3.010000	0.000000	1531.192393
3.020000	0.000000	12102.886735
3.030000	0.000000	10202.630374
3.040000	0.000000	2132.080307
3.050000	0.000000	2365.875807
3.060000	0.000000	1540.000146
3.070000	0.000000	1150.895809
3.080000	0.000000	1143.321071
3.090000	0.000000	14557.549757
3.100000	0.000000	89664.636926
3.110000	0.000000	1179.110337
3.120000	0.000000	1569.194380
3.130000	0.000000	8050.048395
3.140000	0.000000	1915.041091
3.150000	0.000000	3763.167446
3.160000	0.000000	1854.255789
3.170000	0.000000	2546.222602
3.180000	0.000000	3262.256873
3.190000	0.000000	2145.936084
3.200000	0.000000	1162.851091
3.210000	0.000000	1144.813816
3.220000	0.000000	1242.372331
3.230000	0.000000	1218.286337
3.240000	0.000000	1211.734248
3.250000	0.000000	1226.976099
3.260000	0.000000	4868.039002
3.270000	0.000000	27719.875506
3.280000	0.000000	1299.615063
3.290000	0.000000	1193.930003
3.300000	0.000000	1182.726793
3.310000	0.000000	1612.747438
3.320000	0.000000	2031.956378
3.330000	0.000000	1379.134944
3.340000	0.000000	1123.543834
3.350000	0.000000	9012.388573
3.360000	0.000000	6753.658316
3.370000	0.000000	1098.560889
3.380000	0.000000	1090.624693
3.390000	0.000000	3588.445742
3.400000	0.000000	5835.720087
3.410000	0.000000	2090.970587
3.420000	0.000000	4571.545243
3.430000	0.000000	1365.851644
3.440000	0.000000	3812.081541
3.450000	0.000000	3795.201924
3.460000	0.000000	1065.566001
3.470000	0.000000	1058.039119
3.480000	0.000000	1020.392441
3.490000	0.000000	1454.715270
3.500000	0.000000	1732.464816
3.510000	0.000000	1723.304614
3.520000	0.000000	1680.257630
3.530000	0.000000	1668.216067
3.540000	0.000000	1657.514408
3.550000	0.000000	1647.992580
3.560000	0.000000	1638.533576
3.570000	0.000000	1627.931082
3.580000	0.000000	1619.172767
3.590000	0.000000	1608.991656
3.600000	0.000000	1601.658676
3.610000	0.000000	1608.784357
3.620000	0.000000	1583.804607
3.630000	0.000000	1568.604019
3.640000	0.000000	1558.963540
3.650000	0.000000	1548.914851
3.660000	0.000000	1540.941165
3.670000	0.000000	1537.935587
3.680000	0.000000	1692.045156
3.690000	0.000000	1638.233039
3.700000	0.000000	1520.266211
3.710000	0.000000	1491.641198
3.720000	0.000000	1480.783227
3.730000	0.000000	1471.102664
3.740000	0.000000	1461.447330
3.750000	0.000000	1451.787026
3.760000	0.000000	1442.071238
3.770000	0.000000	1433.429033
3.780000	0.000000	1434.506175
3.790000	0.000000	1417.943434
3.800000	0.000000	1404.182324
3.810000	0.000000	1393.645836
3.820000	0.000000	1383.743923
3.830000	0.000000	1376.486522
3.840000	0.000000	1371.922453
3.850000	0.000000	1659.520298
3.860000	0.000000	1669.207306
3.870000	0.000000	1567.184940
3.880000	0.000000	1558.106823
3.890000	0.000000	1944.864350
3.900000	0.000000	2162.241831
3.910000	0.000000	1300.355040
3.920000	0.000000	1326.370644
3.930000	0.000000	1434.449806
3.940000	0.000000	1272.965996
3.950000	0.000000	1264.418813
3.960000	0.000000	1296.146108
3.970000	0.000000	1247.491563
3.980000	0.000000	1236.205814
3.990000	0.000000	1227.145277
4.000000	0.000000	1236.969672
4.010000	0.000000	1216.748385
4.020000	0.000000	1201.245361
4.030000	0.000000	1201.177996
4.040000	0.000000	1191.805420
4.050000	0.000000	1181.018295
4.060000	0.000000	1188.899619
4.070000	0.000000	1191.313688
4.080000	0.000000	1166.689678
4.090000	0.000000	1212.578476
4.100000	0.000000	1426.184943
4.110000	0.000000	1146.093538
4.120000	0.000000	1126.840631
4.130000	0.000000	1110.203226
4.140000	0.000000	1156.757704
4.150000	0.000000	1104.826193
4.160000	0.000000	1090.712085
4.170000	0.000000	1084.357345
4.180000	0.000000	1077.837062
4.190000	0.000000	1071.367070
4.200000	0.000000	1064.978188
4.210000	0.000000	1058.593220
4.220000	0.000000	1052.209504
4.230000	0.000000	1046.008983
4.240000	0.000000	1047.429278
4.250000	0.000000	1052.479434
4.260000	0.000000	1026.726616
4.270000	0.000000	1020.534383
4.280000	0.000000	1013.958537
4.290000	0.000000	1007.550368
4.300000	0.000000	1014.172277
4.310000	0.000000	996.209222
4.320000	0.000000	988.461048
4.330000	0.000000	991.651441
4.340000	0.000000	979.259932
4.350000	0.000000	973.483903
4.360000	0.000000	967.778305
4.370000	0.000000	960.457660
4.380000	0.000000	954.491098
4.390000	0.000000	947.360977
4.400000	0.000000	939.182601
4.410000	0.000000	933.139454
4.420000	0.000000	927.717428
4.430000	0.000000	923.338441
4.440000	0.000000	916.099116
4.450000	0.000000	910.096558
4.460000	0.000000	904.234546
4.470000	0.000000	897.937751
4.480000	0.000000	894.197201
4.490000	0.000000	886.237629
4.500000	0.000000	896.615922
4.510000	0.000000	883.514941
4.520000	0.000000	869.924117
4.530000	0.000000	863.122645
4.540000	0.000000	857.395993
4.550000	0.000000	851.342107
4.560000	0.000000	845.636705
4.570000	0.000000	897.682132
4.580000	0.000000	958.965287
4.590000	0.000000	828.696611
4.600000	0.000000	823.101641
4.610000	0.000000	817.640323
4.620000	0.000000	813.272585
4.630000	0.000000	806.185233
4.640000	0.000000	800.374994
4.650000	0.000000	794.774024
4.660000	0.000000	789.168648
4.670000	0.000000	783.581826
4.680000	0.000000	778.479779
4.690000	0.000000	779.956813
4.700000	0.000000	775.785219
4.710000	0.000000	767.613202
4.720000	0.000000	768.341109
4.730000	0.000000	766.031212
4.740000	0.000000	759.769753
4.750000	0.000000	763.161647
4.760000	0.000000	736.655390
4.770000	0.000000	731.891132
4.780000	0.000000	728.264128
4.790000	0.000000	724.131149
4.800000	0.000000	719.044863
4.810000	0.000000	716.793260
4.820000	0.000000	759.043985
4.830000	0.000000	716.907980
4.840000	0.000000	701.852436
4.850000	0.000000	706.902835
4.860000	0.000000	714.413266
4.870000	0.000000	700.391180
4.880000	0.000000	685.230213
4.890000	0.000000	681.177584
4.900000	0.000000	677.131577
4.910000	0.000000	673.102825
4.920000	0.000000	674.874869
4.930000	0.000000	684.277338
4.940000	0.000000	661.289566
4.950000	0.000000	657.154765
4.960000	0.000000	654.199784
4.970000	0.000000	651.281776
4.980000	0.000000	656.636114
4.990000	0.000000	642.358241
5.000000	0.000000	636.702728
5.010000	0.000000	632.743459
5.020000	0.000000	634.210724
5.030000	0.000000	628.020626
5.040000	0.000000	623.862225
5.050000	0.000000	620.957611
5.060000	0.000000	615.142447
5.070000	0.000000	611.044814
5.080000	0.000000	607.537395
5.090000	0.000000	602.330416
5.100000	0.000000	598.607218
5.110000	0.000000	596.174242
5.120000	0.000000	602.756999
5.130000	0.000000	588.101687
5.140000	0.000000	584.170896
5.150000	0.000000	581.507430
5.160000	0.000000	577.194875
5.170000	0.000000	573.496603
5.180000	0.000000	569.774351
5.190000	0.000000	565.956106
5.200000	0.000000	563.230707
5.210000	0.000000	559.049402
5.220000	0.000000	554.352710
5.230000	0.000000	550.664434
5.240000	0.000000	548.809761
5.250000	0.000000	547.081828
5.260000	0.000000	539.593249
5.270000	0.000000	535.904749
5.280000	0.000000	532.215200
5.290000	0.000000	528.525809
5.300000	0.000000	524.705344
5.310000	0.000000	523.597831
5.320000	0.000000	517.503190
5.330000	0.000000	513.682884
5.340000	0.000000	510.125298
5.350000	0.000000	507.834641
5.360000	0.000000	503.661591
5.370000	0.000000	500.059229
5.380000	0.000000	496.635403
5.390000	0.000000	493.305419
5.400000	0.000000	490.575677
5.410000	0.000000	487.583231
5.420000	0.000000	484.563056
5.430000	0.000000	481.923138
5.440000	0.000000	479.288773
5.450000	0.000000	476.526885
5.460000	0.000000	473.799464
5.470000	0.000000	471.231612
5.480000	0.000000	468.494704
5.490000	0.000000	466.560233
5.500000	0.000000	463.360562
5.510000	0.000000	460.591732
5.520000	0.000000	457.804010
5.530000	0.000000	455.411261
5.540000	0.000000	452.826332
5.550000	0.000000	449.846027
5.560000	0.000000	447.128507
5.570000	0.000000	445.927323
5.580000	0.000000	444.156365
5.590000	0.000000	439.380368
5.600000	0.000000	437.963794
5.610000	0.000000	441.729995
5.620000	0.000000	467.382407
5.630000	0.000000	454.707244
5.640000	0.000000	442.755314
5.650000	0.000000	447.555483
5.660000	0.000000	442.424032
5.670000	0.000000	497.799164
5.680000	0.000000	439.836422
5.690000	0.000000	414.312284
5.700000	0.000000	411.796256
5.710000	0.000000	409.324936
5.720000	0.000000	406.856141
5.730000	0.000000	404.389916
5.740000	0.000000	401.925151
5.750000	0.000000	399.555873
5.760000	0.000000	397.272488
5.770000	0.000000	394.691830
5.780000	0.000000	392.173130
5.790000	0.000000	389.707236
5.800000	0.000000	387.253645
5.810000	0.000000	384.596276
5.820000	0.000000	382.179737
5.830000	0.000000	379.690734
5.840000	0.000000	377.252401
5.850000	0.000000	374.798160
5.860000	0.000000	373.076162
5.870000	0.000000	370.888062
5.880000	0.000000	368.266214
5.890000	0.000000	365.592874
5.900000	0.000000	363.136177
5.910000	0.000000	360.831356
5.920000	0.000000	358.923455
5.930000	0.000000	357.328816
5.940000	0.000000	352.851082
5.950000	0.000000	350.556145
5.960000	0.000000	348.293270
5.970000	0.000000	345.997720
5.980000	0.000000	343.598527
5.990000	0.000000	341.325544
6.000000	0.000000	339.503361
6.010000	0.000000	336.896541
6.020000	0.000000	334.767707
6.030000	0.000000	332.610301
6.040000	0.000000	330.485678
6.050000	0.000000	328.604723
6.060000	0.000000	326.859732
6.070000	0.000000	325.205729
6.080000	0.000000	323.465962
6.090000	0.000000	321.967407
6.100000	0.000000	321.280714
6.110000	0.000000	321.615871
6.120000	0.000000	334.037435
6.130000	0.000000	322.394473
6.140000	0.000000	317.693651
6.150000	0.000000	320.414067
6.160000	0.000000	317.137379
6.170000	0.000000	335.826915
6.180000	0.000000	313.093052
6.190000	0.000000	304.036263
6.200000	0.000000	302.438233
6.210000	0.000000	300.769354
6.220000	0.000000	299.079587
6.230000	0.000000	297.435736
6.240000	0.000000	295.795472
6.250000	0.000000	294.158884
6.260000	0.000000	292.520643
6.270000	0.000000	290.872194
6.280000	0.000000	289.232332
6.290000	0.000000	287.599195
6.300000	0.000000	285.947327
6.310000	0.000000	284.223307
6.320000	0.000000	282.614525
6.330000	0.000000	280.951715
6.340000	0.000000	279.296217
6.350000	0.000000	277.696644
6.360000	0.000000	276.047572
6.370000	0.000000	274.389371
6.380000	0.000000	272.901127
6.390000	0.000000	271.309147
6.400000	0.000000	269.859708
6.410000	0.000000	268.387063
6.420000	0.000000	266.434688
6.430000	0.000000	264.828086
6.440000	0.000000	263.579770
6.450000	0.000000	261.967327
6.460000	0.000000	262.527189
6.470000	0.000000	265.485752
6.480000	0.000000	257.290013
6.490000	0.000000	257.114336
6.500000	0.000000	254.247123
6.510000	0.000000	252.186630
6.520000	0.000000	250.796000
6.530000	0.000000	284.090876
6.540000	0.000000	298.408468
6.550000	0.000000	271.325619
6.560000	0.000000	255.995119
6.570000	0.000000	293.045202
6.580000	0.000000	317.881149
6.590000	0.000000	294.193999
6.600000	0.000000	429.023417
6.610000	0.000000	829.149608
6.620000	0.000000	956.009151
6.630000	0.000000	1581.018883
6.640000	0.000000	1368.724337
6.650000	0.000000	1712.602149
6.660000	0.000000	1876.792951
6.670000	0.000000	960.673239
6.680000	0.000000	1173.583906
6.690000	0.000000	3585.450445
6.700000	0.000000	1634.281950
6.710000	0.000000	238.415097
6.720000	0.000000	221.878950
6.730000	0.000000	218.022970
6.740000	0.000000	216.858137
6.750000	0.000000	215.713409
6.760000	0.000000	214.622535
6.770000	0.000000	213.538072
6.780000	0.000000	212.452783
6.790000	0.000000	211.368954
6.800000	0.000000	210.280696
6.810000	0.000000	209.167358
6.820000	0.000000	208.052298
6.830000	0.000000	206.980957
6.840000	0.000000	206.621214
6.850000	0.000000	205.024969
6.860000	0.000000	203.775951
6.870000	0.000000	203.169873
6.880000	0.000000	201.949327
6.890000	0.000000	201.471834
6.900000	0.000000	201.313341
6.910000	0.000000	207.017334
6.920000	0.000000	212.420142
6.930000	0.000000	205.134060
6.940000	0.000000	206.738747
6.950000	0.000000	211.825185
6.960000	0.000000	203.182820
6.970000	0.000000	234.488507
6.980000	0.000000	191.276660
6.990000	0.000000	189.852071
7.000000	0.000000	188.773570
7.010000	0.000000	187.970351
7.020000	0.000000	188.835748
7.030000	0.000000	186.389040
7.040000	0.000000	184.524560
7.050000	0.000000	183.772207
7.060000	0.000000	182.761739
7.070000	0.000000	181.515220
7.080000	0.000000	180.359760
7.090000	0.000000	179.200761
7.100000	0.000000	178.198001
7.110000	0.000000	177.263885
7.120000	0.000000	176.108557
7.130000	0.000000	175.061327
7.140000	0.000000	174.019419
7.150000	0.000000	172.876689
7.160000	0.000000	172.132255
7.170000	0.000000	172.080433
7.180000	0.000000	170.307669
7.190000	0.000000	169.679941
7.200000	0.000000	168.133871
7.210000	0.000000	166.766131
7.220000	0.000000	165.695756
7.230000	0.000000	164.649359
7.240000	0.000000	163.625804
7.250000	0.000000	162.774897
7.260000	0.000000	162.778536
7.270000	0.000000	162.843447
7.280000	0.000000	160.100851
7.290000	0.000000	158.620501
7.300000	0.000000	157.636424
7.310000	0.000000	156.653854
7.320000	0.000000	155.614806
7.330000	0.000000	154.971004
7.340000	0.000000	153.687259
7.350000	0.000000	152.656839
7.360000	0.000000	151.884333
7.370000	0.000000	150.844596
7.380000	0.000000	149.933034
7.390000	0.000000	149.031927
7.400000	0.000000	148.088089
7.410000	0.000000	147.122655
7.420000	0.000000	146.175125
7.430000	0.000000	145.390831
7.440000	0.000000	144.663654
7.450000	0.000000	143.946617
7.460000	0.000000	143.243724
7.470000	0.000000	142.523817
7.480000	0.000000	141.857798
7.490000	0.000000	141.078660
7.500000	0.000000	140.371940
7.510000	0.000000	139.664887
7.520000	0.000000	139.565633
7.530000	0.000000	138.572500
7.540000	0.000000	137.702798
7.550000	0.000000	137.318810
7.560000	0.000000	136.551001
7.570000	0.000000	135.590804
7.580000	0.000000	134.819960
7.590000	0.000000	134.051309
7.600000	0.000000	133.373392
7.610000	0.000000	133.022865
7.620000	0.000000	133.212248
7.630000	0.000000	132.384246
7.640000	0.000000	132.095578
7.650000	0.000000	130.538083
7.660000	0.000000	129.441861
7.670000	0.000000	128.460757
7.680000	0.000000	129.621331
7.690000	0.000000	127.962350
7.700000	0.000000	129.559969
7.710000	0.000000	134.582277
7.720000	0.000000	155.151914
7.730000	0.000000	165.885546
7.740000	0.000000	149.738251
7.750000	0.000000	154.973383
7.760000	0.000000	182.673551
7.770000	0.000000	220.489044
7.780000	0.000000	312.296303
7.790000	0.000000	182.621218
7.800000	0.000000	192.073416
7.810000	0.000000	121.023262
7.820000	0.000000	139.265098
7.830000	0.000000	124.081623
7.840000	0.000000	117.156338
7.850000	0.000000	115.804055
7.860000	0.000000	163.274159
7.870000	0.000000	368.685254
7.880000	0.000000	234.351816
7.890000	0.000000	113.068948
7.900000	0.000000	112.388630
7.910000	0.000000	111.830249
7.920000	0.000000	111.193549
7.930000	0.000000	110.349302
7.940000	0.000000	109.674106
7.950000	0.000000	109.007933
7.960000	0.000000	108.380341
7.970000	0.000000	107.912034
7.980000	0.000000	107.051263
7.990000	0.000000	106.374891
8.000000	0.000000	105.741098
8.010000	0.000000	105.208045
8.020000	0.000000	104.518474
8.030000	0.000000	103.982165
8.040000	0.000000	103.345068
8.050000	0.000000	102.767975
8.060000	0.000000	102.151457
8.070000	0.000000	101.466804
8.080000	0.000000	100.829045
8.090000	0.000000	100.751834
8.100000	0.000000	100.771563
8.110000	0.000000	99.624023
8.120000	0.000000	98.987916
8.130000	0.000000	98.625801
8.140000	0.000000	98.733135
8.150000	0.000000	97.443027
8.160000	0.000000	200.181629
8.170000	0.000000	103.608755
8.180000	0.000000	110.593685
8.190000	0.000000	100.825773
8.200000	0.000000	95.163528
8.210000	0.000000	108.168568
8.220000	0.000000	101.927660
8.230000	0.000000	93.185905
8.240000	0.000000	94.776202
8.250000	0.000000	94.736165
8.260000	0.000000	91.510060
8.270000	0.000000	91.039937
8.280000	0.000000	117.194692
8.290000	0.000000	184.821514
8.300000	0.000000	89.722607
8.310000	0.000000	89.366084
8.320000	0.000000	88.718147
8.330000	0.000000	88.473886
8.340000	0.000000	130.660649
8.350000	0.000000	94.144078
8.360000	0.000000	94.748915
8.370000	0.000000	89.129149
8.380000	0.000000	85.955005
8.390000	0.000000	91.437333
8.400000	0.000000	89.573505
8.410000	0.000000	84.481104
8.420000	0.000000	84.016735
8.430000	0.000000	83.562607
8.440000	0.000000	83.109332
8.450000	0.000000	82.654856
8.460000	0.000000	82.202134
8.470000	0.000000	86.241556
8.480000	0.000000	127.997359
8.490000	0.000000	80.825365
8.500000	0.000000	80.357961
8.510000	0.000000	79.905089
8.520000	0.000000	79.452612
8.530000	0.000000	79.007356
8.540000	0.000000	78.554112
8.550000	0.000000	78.110720
8.560000	0.000000	77.819108
8.570000	0.000000	77.354568
8.580000	0.000000	88.646558
8.590000	0.000000	91.907416
8.600000	0.000000	75.902479
8.610000	0.000000	75.384640
8.620000	0.000000	74.932858
8.630000	0.000000	74.484805
8.640000	0.000000	75.275511
8.650000	0.000000	88.675941
8.660000	0.000000	73.199947
8.670000	0.000000	72.779232
8.680000	0.000000	73.470429
8.690000	0.000000	80.437872
8.700000	0.000000	73.909724
8.710000	0.000000	75.453120
8.720000	0.000000	72.960849
8.730000	0.000000	72.916229
8.740000	0.000000	72.124643
8.750000	0.000000	69.501404
8.760000	0.000000	69.125978
8.770000	0.000000	68.713283
8.780000	0.000000	68.267155
8.790000	0.000000	67.873371
8.800000	0.000000	67.485570
8.810000	0.000000	67.057217
8.820000	0.000000	66.719759
8.830000	0.000000	67.149763
8.840000	0.000000	66.744825
8.850000	0.000000	66.337578
8.860000	0.000000	65.943862
8.870000	0.000000	65.606770
8.880000	0.000000	65.289936
8.890000	0.000000	64.974965
8.900000	0.000000	65.025508
8.910000	0.000000	64.672009
8.920000	0.000000	64.024813
8.930000	0.000000	63.707373
8.940000	0.000000	63.392994
8.950000	0.000000	63.078850
8.960000	0.000000	62.764931
8.970000	0.000000	62.451043
8.980000	0.000000	62.143433
8.990000	0.000000	61.938013
9.000000	0.000000	61.489311
9.010000	0.000000	61.457836
9.020000	0.000000	61.532819
9.030000	0.000000	60.699477
9.040000	0.000000	60.412686
9.050000	0.000000	60.174879
9.060000	0.000000	60.450940
9.070000	0.000000	62.031728
9.080000	0.000000	61.381276
9.090000	0.000000	59.264831
9.100000	0.000000	58.711493
9.110000	0.000000	58.294690
9.120000	0.000000	58.178942
9.130000	0.000000	57.704543
9.140000	0.000000	57.145562
9.150000	0.000000	56.857029
9.160000	0.000000	56.948175
9.170000	0.000000	56.868308
9.180000	0.000000	60.022584
9.190000	0.000000	56.266080
9.200000	0.000000	55.294511
9.210000	0.000000	54.989862
9.220000	0.000000	54.685219
9.230000	0.000000	54.380600
9.240000	0.000000	54.077123
9.250000	0.000000	53.772602
9.260000	0.000000	53.467021
9.270000	0.000000	53.162527
9.280000	0.000000	52.858588
9.290000	0.000000	52.558237
9.300000	0.000000	52.266252
9.310000	0.000000	51.978046
9.320000	0.000000	51.690449
9.330000	0.000000	51.381582
9.340000	0.000000	51.082494
9.350000	0.000000	50.799343
9.360000	0.000000	50.519857
9.370000	0.000000	50.241345
9.380000	0.000000	49.963011
9.390000	0.000000	49.684821
9.400000	0.000000	49.406751
9.410000	0.000000	49.128871
9.420000	0.000000	48.850865
9.430000	0.000000	48.572835
9.440000	0.000000	48.314335
9.450000	0.000000	48.064005
9.460000	0.000000	47.754189
9.470000	0.000000	47.477250
9.480000	0.000000	47.207216
9.490000	0.000000	46.911239
9.500000	0.000000	46.630995
9.510000	0.000000	46.336978
9.520000	0.000000	47.814001
9.530000	0.000000	46.146326
9.540000	0.000000	45.770362
9.550000	0.000000	45.350578
9.560000	0.000000	45.034611
9.570000	0.000000	45.000126
9.580000	0.000000	44.669028
9.590000	0.000000	44.186463
9.600000	0.000000	43.929188
9.610000	0.000000	43.705430
9.620000	0.000000	43.496198
9.630000	0.000000	43.286970
9.640000	0.000000	43.077746
9.650000	0.000000	42.963233
9.660000	0.000000	44.154593
9.670000	0.000000	42.437366
9.680000	0.000000	42.228673
9.690000	0.000000	42.018022
9.700000	0.000000	41.811923
9.710000	0.000000	41.603330
9.720000	0.000000	41.391270
9.730000	0.000000	41.726748
9.740000	0.000000	41.362108
9.750000	0.000000	40.857717
9.760000	0.000000	40.667288
9.770000	0.000000	40.355894
9.780000	0.000000	40.212058
9.790000	0.000000	40.097118
9.800000	0.000000	39.742180
9.810000	0.000000	39.538196
9.820000	0.000000	39.333503
9.830000	0.000000	39.126295
9.840000	0.000000	38.911235
9.850000	0.000000	38.707626
9.860000	0.000000	38.504288
9.870000	0.000000	38.301101
9.880000	0.000000	38.178008
9.890000	0.000000	38.270340
9.900000	0.000000	37.891086
9.910000	0.000000	37.488755
9.920000	0.000000	37.285692
9.930000	0.000000	37.082605
9.940000	0.000000	36.879572
9.950000	0.000000	36.677269
9.960000	0.000000	36.477508
9.970000	0.000000	36.281591
9.980000	0.000000	36.086859
9.990000	0.000000	35.905077
10.000000	0.000000	36.018458
10.010000	0.000000	35.503009
10.020000	0.000000	35.298419
10.030000	0.000000	35.104751
10.040000	0.000000	34.911336
10.050000	0.000000	34.718618
10.060000	0.000000	34.530210
10.070000	0.000000	34.458544
10.080000	0.000000	34.249164
10.090000	0.000000	33.974299
10.100000	0.000000	33.790502
10.110000	0.000000	33.604131
10.120000	0.000000	33.450623
10.130000	0.000000	33.328657
10.140000	0.000000	33.045452
10.150000	0.000000	32.867118
10.160000	0.000000	32.751847
10.170000	0.000000	32.482084
10.180000	0.000000	32.347642
10.190000	0.000000	32.113533
10.200000	0.000000	31.922135
10.210000	0.000000	31.738066
10.220000	0.000000	31.555628
10.230000	0.000000	31.373534
10.240000	0.000000	31.191539
10.250000	0.000000	31.009628
10.260000	0.000000	30.827721
10.270000	0.000000	30.646203
10.280000	0.000000	30.467927
10.290000	0.000000	30.293837
10.300000	0.000000	30.116822
10.310000	0.000000	29.937133
10.320000	0.000000	29.757445
10.330000	0.000000	29.577798
10.340000	0.000000	29.391988
10.350000	0.000000	29.237333
10.360000	0.000000	29.097165
10.370000	0.000000	28.957772
10.380000	0.000000	28.818380
10.390000	0.000000	28.678988
10.400000	0.000000	28.539598
10.410000	0.000000	28.400209
10.420000	0.000000	28.260823
10.430000	0.000000	28.122112
10.440000	0.000000	27.984857
10.450000	0.000000	27.848630
10.460000	0.000000	27.712583
10.470000	0.000000	27.576890
10.480000	0.000000	27.440576
10.490000	0.000000	27.303748
10.500000	0.000000	27.167047
10.510000	0.000000	27.022119
10.520000	0.000000	26.885986
10.530000	0.000000	26.749876
10.540000	0.000000	26.613898
10.550000	0.000000	26.478631
10.560000	0.000000	26.342437
10.570000	0.000000	26.206589
10.580000	0.000000	26.071194
10.590000	0.000000	25.935855
10.600000	0.000000	25.800772
10.610000	0.000000	25.665569
10.620000	0.000000	25.529890
10.630000	0.000000	25.394722
10.640000	0.000000	25.260673
10.650000	0.000000	25.129781
10.660000	0.000000	25.000636
10.670000	0.000000	24.868767
10.680000	0.000000	24.733322
10.690000	0.000000	24.604377
10.700000	0.000000	24.475433
10.710000	0.000000	24.346489
10.720000	0.000000	24.217545
10.730000	0.000000	24.088601
10.740000	0.000000	23.959658
10.750000	0.000000	23.830716
10.760000	0.000000	23.701791
10.770000	0.000000	23.574240
10.780000	0.000000	23.449186
10.790000	0.000000	23.325435
10.800000	0.000000	23.201684
10.810000	0.000000	23.077933
10.820000	0.000000	22.954182
10.830000	0.000000	22.830434
10.840000	0.000000	22.702796
10.850000	0.000000	22.575391
10.860000	0.000000	22.452565
10.870000	0.000000	22.329747
10.880000	0.000000	22.206957
10.890000	0.000000	22.084252
10.900000	0.000000	21.961611
10.910000	0.000000	21.838993
10.920000	0.000000	21.716408
10.930000	0.000000	21.594222
10.940000	0.000000	21.472525
10.950000	0.000000	21.350996
10.960000	0.000000	21.229560
10.970000	0.000000	21.108237
10.980000	0.000000	20.986925
10.990000	0.000000	20.865622
11.000000	0.000000	20.744327
11.010000	0.000000	20.617425
11.020000	0.000000	20.493556
11.030000	0.000000	20.372281
11.040000	0.000000	20.251277
11.050000	0.000000	20.131226
11.060000	0.000000	20.011460
11.070000	0.000000	19.891721
11.080000	0.000000	19.771983
11.090000	0.000000	19.652763
11.100000	0.000000	19.542931
11.110000	0.000000	19.445784
11.120000	0.000000	19.352986
11.130000	0.000000	19.260795
11.140000	0.000000	19.169791
11.150000	0.000000	19.078998
11.160000	0.000000	18.988205
11.170000	0.000000	18.897412
11.180000	0.000000	18.801128
11.190000	0.000000	18.709691
11.200000	0.000000	18.618901
11.210000	0.000000	18.528110
11.220000	0.000000	18.437323
11.230000	0.000000	18.346607
11.240000	0.000000	18.255946
11.250000	0.000000	18.165300
11.260000	0.000000	18.074654
11.270000	0.000000	17.984007
11.280000	0.000000	17.893376
11.290000	0.000000	17.802832
11.300000	0.000000	17.712475
11.310000	0.000000	17.622274
11.320000	0.000000	17.532094
11.330000	0.000000	17.442157
11.340000	0.000000	17.354156
11.350000	0.000000	17.262851
11.360000	0.000000	17.176866
11.370000	0.000000	17.091022
11.380000	0.000000	17.005193
11.390000	0.000000	16.919367
11.400000	0.000000	16.833544
11.410000	0.000000	16.747722
11.420000	0.000000	16.661900
11.430000	0.000000	16.576078
11.440000	0.000000	16.490256
11.450000	0.000000	16.404434
11.460000	0.000000	16.318611
11.470000	0.000000	16.232789
11.480000	0.000000	16.146977
11.490000	0.000000	16.061468
11.500000	0.000000	15.978003
11.510000	0.000000	15.893920
11.520000	0.000000	15.808181
11.530000	0.000000	15.726333
11.540000	0.000000	15.644486
11.550000	0.000000	15.562640
11.560000	0.000000	15.480839
11.570000	0.000000	15.399092
11.580000	0.000000	15.317363
11.590000	0.000000	15.235641
11.600000	0.000000	15.153942
11.610000	0.000000	15.072262
11.620000	0.000000	14.990584
11.630000	0.000000	14.908910
11.640000	0.000000	14.827259
11.650000	0.000000	14.745699
11.660000	0.000000	14.664392
11.670000	0.000000	14.583494
11.680000	0.000000	14.499730
11.690000	0.000000	14.416301
11.700000	0.000000	14.335565
11.710000	0.000000	14.254837
11.720000	0.000000	14.174109
11.730000	0.000000	14.093381
11.740000	0.000000	14.012656
11.750000	0.000000	13.931936
11.760000	0.000000	13.851224
11.770000	0.000000	13.770521
11.780000	0.000000	13.689821
11.790000	0.000000	13.609122
11.800000	0.000000	13.528437
11.810000	0.000000	13.448107
11.820000	0.000000	13.369044
11.830000	0.000000	13.290735
11.840000	0.000000	13.212429
11.850000	0.000000	13.130223
11.860000	0.000000	13.053682
11.870000	0.000000	12.991078
11.880000	0.000000	12.930464
11.890000	0.000000	12.870028
11.900000	0.000000	12.809592
11.910000	0.000000	12.749155
11.920000	0.000000	12.688723
11.930000	0.000000	12.628330
11.940000	0.000000	12.567977
11.950000	0.000000	12.507633
11.960000	0.000000	12.447290
11.970000	0.000000	12.386948
11.980000	0.000000	12.326607
11.990000	0.000000	12.266267
12.000000	0.000000	12.205928
12.010000	0.000000	12.145589
12.020000	0.000000	12.081387
12.030000	0.000000	12.020869
12.040000	0.000000	11.960764
12.050000	0.000000	11.900840
12.060000	0.000000	11.842067
12.070000	0.000000	11.784472
12.080000	0.000000	11.727203
12.090000	0.000000	11.669934
12.100000	0.000000	11.612666
12.110000	0.000000	11.555397
12.120000	0.000000	11.498129
12.130000	0.000000	11.440863
12.140000	0.000000	11.383600
12.150000	0.000000	11.326337
12.160000	0.000000	11.269074
12.170000	0.000000	11.211812
12.180000	0.000000	11.153938
12.190000	0.000000	11.093484
12.200000	0.000000	11.036534
12.210000	0.000000	10.979610
12.220000	0.000000	10.923068
12.230000	0.000000	10.867928
12.240000	0.000000	10.813271
12.250000	0.000000	10.758662
12.260000	0.000000	10.704052
12.270000	0.000000	10.649442
12.280000	0.000000	10.594834
12.290000	0.000000	10.540251
12.300000	0.000000	10.485715
12.310000	0.000000	10.431203
12.320000	0.000000	10.376705
12.330000	0.000000	10.322209
12.340000	0.000000	10.267713
12.350000	0.000000	10.211860
12.360000	0.000000	10.155038
12.370000	0.000000	10.100542
12.380000	0.000000	10.046047
12.390000	0.000000	9.991587
12.400000	0.000000	9.937416
12.410000	0.000000	9.883413
12.420000	0.000000	9.829445
12.430000	0.000000	9.775511
12.440000	0.000000	9.721626
12.450000	0.000000	9.667763
12.460000	0.000000	9.613900
12.470000	0.000000	9.560038
12.480000	0.000000	9.506177
12.490000	0.000000	9.452318
12.500000	0.000000	9.398460
12.510000	0.000000	9.344612
12.520000	0.000000	9.288661
12.530000	0.000000	9.233589
12.540000	0.000000	9.180637
12.550000	0.000000	9.127727
12.560000	0.000000	9.074822
12.570000	0.000000	9.021920
12.580000	0.000000	8.969018
12.590000	0.000000	8.916215
12.600000	0.000000	8.863741
12.610000	0.000000	8.811500
12.620000	0.000000	8.759548
12.630000	0.000000	8.711001
12.640000	0.000000	8.668798
12.650000	0.000000	8.628539
12.660000	0.000000	8.588279
12.670000	0.000000	8.548020
12.680000	0.000000	8.507761
12.690000	0.000000	8.465352
12.700000	0.000000	8.424520
12.710000	0.000000	8.384261
12.720000	0.000000	8.344004
12.730000	0.000000	8.303808
12.740000	0.000000	8.263657
12.750000	0.000000	8.223517
12.760000	0.000000	8.183385
12.770000	0.000000	8.143487
12.780000	0.000000	8.104380
12.790000	0.000000	8.066013
12.800000	0.000000	8.027764
12.810000	0.000000	7.989523
12.820000	0.000000	7.951281
12.830000	0.000000	7.913040
12.840000	0.000000	7.874800
12.850000	0.000000	7.836572
12.860000	0.000000	7.795775
12.870000	0.000000	7.757563
12.880000	0.000000	7.719469
12.890000	0.000000	7.681473
12.900000	0.000000	7.643490
12.910000	0.000000	7.605507
12.920000	0.000000	7.567525
12.930000	0.000000	7.529542
12.940000	0.000000	7.491559
12.950000	0.000000	7.453645
12.960000	0.000000	7.416261
12.970000	0.000000	7.379656
12.980000	0.000000	7.343217
12.990000	0.000000	7.306777
13.000000	0.000000	7.270338
13.010000	0.000000	7.233903
13.020000	0.000000	7.196949
13.030000	0.000000	7.158603
13.040000	0.000000	7.122236
13.050000	0.000000	7.085870
13.060000	0.000000	7.049505
13.070000	0.000000	7.013140
13.080000	0.000000	6.976775
13.090000	0.000000	6.940411
13.100000	0.000000	6.904048
13.110000	0.000000	6.867685
13.120000	0.000000	6.831322
13.130000	0.000000	6.794961
13.140000	0.000000	6.758665
13.150000	0.000000	6.722535
13.160000	0.000000	6.686487
13.170000	0.000000	6.650450
13.180000	0.000000	6.614458
13.190000	0.000000	6.577491
13.200000	0.000000	6.540142
13.210000	0.000000	6.504201
13.220000	0.000000	6.468265
13.230000	0.000000	6.432331
13.240000	0.000000	6.396399
13.250000	0.000000	6.360513
13.260000	0.000000	6.324942
13.270000	0.000000	6.289593
13.280000	0.000000	6.254284
13.290000	0.000000	6.218974
13.300000	0.000000	6.183666
13.310000	0.000000	6.148359
13.320000	0.000000	6.113052
13.330000	0.000000	6.077746
13.340000	0.000000	6.042440
13.350000	0.000000	6.007143
13.360000	0.000000	5.970371
13.370000	0.000000	5.934231
13.380000	0.000000	5.899060
13.390000	0.000000	5.864185
13.400000	0.000000	5.830249
13.410000	0.000000	5.800995
13.420000	0.000000	5.773843
13.430000	0.000000	5.747020
13.440000	0.000000	5.720222
13.450000	0.000000	5.693427
13.460000	0.000000	5.666632
13.470000	0.000000	5.639837
13.480000	0.000000	5.613042
13.490000	0.000000	5.586273
13.500000	0.000000	5.559725
13.510000	0.000000	5.533929
13.520000	0.000000	5.508302
13.530000	0.000000	5.481221
13.540000	0.000000	5.455335
13.550000	0.000000	5.429786
13.560000	0.000000	5.404253
13.570000	0.000000	5.378759
13.580000	0.000000	5.353348
13.590000	0.000000	5.327967
13.600000	0.000000	5.302587
13.610000	0.000000	5.277208
13.620000	0.000000	5.251828
13.630000	0.000000	5.226450
13.640000	0.000000	5.201079
13.650000	0.000000	5.175719
13.660000	0.000000	5.150361
13.670000	0.000000	5.125003
13.680000	0.000000	5.099644
13.690000	0.000000	5.074196
13.700000	0.000000	5.047519
13.710000	0.000000	5.023154
13.720000	0.000000	4.998825
13.730000	0.000000	4.974499
13.740000	0.000000	4.950172
13.750000	0.000000	4.925851
13.760000	0.000000	4.901535
13.770000	0.000000	4.877225
13.780000	0.000000	4.852932
13.790000	0.000000	4.828652
13.800000	0.000000	4.804372
13.810000	0.000000	4.780093
13.820000	0.000000	4.755813
13.830000	0.000000	4.731533
13.840000	0.000000	4.707254
13.850000	0.000000	4.682975
13.860000	0.000000	4.658264
13.870000	0.000000	4.632776
13.880000	0.000000	4.608498
13.890000	0.000000	4.584227
13.900000	0.000000	4.560081
13.910000	0.000000	4.535999
13.920000	0.000000	4.511930
13.930000	0.000000	4.487881
13.940000	0.000000	4.463854
13.950000	0.000000	4.439840
13.960000	0.000000	4.415837
13.970000	0.000000	4.391844
13.980000	0.000000	4.367858
13.990000	0.000000	4.343957
14.000000	0.000000	4.320297
14.010000	0.000000	4.296720
14.020000	0.000000	4.273144
14.030000	0.000000	4.248813
14.040000	0.000000	4.224398
14.050000	0.000000	4.200822
14.060000	0.000000	4.177246
14.070000	0.000000	4.153677
14.080000	0.000000	4.130124
14.090000	0.000000	4.106577
14.100000	0.000000	4.083030
14.110000	0.000000	4.059484
14.120000	0.000000	4.035939
14.130000	0.000000	4.012414
14.140000	0.000000	3.988914
14.150000	0.000000	3.965420
14.160000	0.000000	3.941941
14.170000	0.000000	3.918557
14.180000	0.000000	3.895703
14.190000	0.000000	3.875923
14.200000	0.000000	3.857207
14.210000	0.000000	3.838936
14.220000	0.000000	3.821047
14.230000	0.000000	3.803227
14.240000	0.000000	3.785884
14.250000	0.000000	3.768732
14.260000	0.000000	3.751611
14.270000	0.000000	3.734517
14.280000	0.000000	3.717477
14.290000	0.000000	3.700470
14.300000	0.000000	3.683468
14.310000	0.000000	3.666490
14.320000	0.000000	3.649542
14.330000	0.000000	3.632597
14.340000	0.000000	3.615652
14.350000	0.000000	3.598707
14.360000	0.000000	3.581763
14.370000	0.000000	3.563793
14.380000	0.000000	3.546728
14.390000	0.000000	3.529784
14.400000	0.000000	3.512839
14.410000	0.000000	3.495896
14.420000	0.000000	3.478953
14.430000	0.000000	3.462013
14.440000	0.000000	3.445160
14.450000	0.000000	3.428633
14.460000	0.000000	3.412365
14.470000	0.000000	3.396124
14.480000	0.000000	3.379885
14.490000	0.000000	3.363651
14.500000	0.000000	3.347417
14.510000	0.000000	3.331184
14.520000	0.000000	3.314950
14.530000	0.000000	3.298608
14.540000	0.000000	3.281416
14.550000	0.000000	3.265206
14.560000	0.000000	3.248996
14.570000	0.000000	3.232785
14.580000	0.000000	3.216575
14.590000	0.000000	3.200365
14.600000	0.000000	3.184155
14.610000	0.000000	3.167945
14.620000	0.000000	3.151735
14.630000	0.000000	3.135525
14.640000	0.000000	3.119315
14.650000	0.000000	3.103119
14.660000	0.000000	3.086974
14.670000	0.000000	3.070903
14.680000	0.000000	3.054836
14.690000	0.000000	3.038771
14.700000	0.000000	3.022384
14.710000	0.000000	3.005606
14.720000	0.000000	2.989570
14.730000	0.000000	2.973555
14.740000	0.000000	2.957715
14.750000	0.000000	2.941955
14.760000	0.000000	2.926211
14.770000	0.000000	2.910468
14.780000	0.000000	2.894726
14.790000	0.000000	2.878986
14.800000	0.000000	2.863251
14.810000	0.000000	2.847526
14.820000	0.000000	2.831803
14.830000	0.000000	2.816080
14.840000	0.000000	2.800366
14.850000	0.000000	2.784674
14.860000	0.000000	2.768986
14.870000	0.000000	2.752739
14.880000	0.000000	2.736549
14.890000	0.000000	2.720862
14.900000	0.000000	2.705174
14.910000	0.000000	2.689487
14.920000	0.000000	2.673799
14.930000	0.000000	2.658112
14.940000	0.000000	2.642425
14.950000	0.000000	2.626737
14.960000	0.000000	2.611061
14.970000	0.000000	2.596381
14.980000	0.000000	2.583726
14.990000	0.000000	2.572325
15.000000	0.000000	2.560958
15.010000	0.000000	2.549591
15.020000	0.000000	2.538225
15.030000	0.000000	2.526864
15.040000	0.000000	2.514942
15.050000	0.000000	2.503385
15.060000	0.000000	2.492029
15.070000	0.000000	2.480674
15.080000	0.000000	2.469338
15.090000	0.000000	2.458019
15.100000	0.000000	2.446705
15.110000	0.000000	2.435390
15.120000	0.000000	2.424076
15.130000	0.000000	2.412762
15.140000	0.000000	2.401447
15.150000	0.000000	2.390133
15.160000	0.000000	2.378820
15.170000	0.000000	2.367507
15.180000	0.000000	2.356194
15.190000	0.000000	2.344901
15.200000	0.000000	2.333848
15.210000	0.000000	2.322301
15.220000	0.000000	2.311414
15.230000	0.000000	2.300567
15.240000	0.000000	2.289726
15.250000	0.000000	2.278887
15.260000	0.000000	2.268048
15.270000	0.000000	2.257210
15.280000	0.000000	2.246371
15.290000	0.000000	2.235538
15.300000	0.000000	2.224713
15.310000	0.000000	2.213889
15.320000	0.000000	2.203066
15.330000	0.000000	2.192243
15.340000	0.000000	2.181420
15.350000	0.000000	2.170597
15.360000	0.000000	2.159774
15.370000	0.000000	2.148835
15.380000	0.000000	2.137398
15.390000	0.000000	2.126577
15.400000	0.000000	2.115756
15.410000	0.000000	2.104935
15.420000	0.000000	2.094125
15.430000	0.000000	2.083368
15.440000	0.000000	2.072637
15.450000	0.000000	2.061909
15.460000	0.000000	2.051188
15.470000	0.000000	2.040476
15.480000	0.000000	2.029791
15.490000	0.000000	2.019181
15.500000	0.000000	2.008655
15.510000	0.000000	1.998132
15.520000	0.000000	1.987609
15.530000	0.000000	1.977089
15.540000	0.000000	1.966317
15.550000	0.000000	1.955369
15.560000	0.000000	1.944884
15.570000	0.000000	1.934407
15.580000	0.000000	1.923932
15.590000	0.000000	1.913457
15.600000	0.000000	1.902981
15.610000	0.000000	1.892506
15.620000	0.000000	1.882031
15.630000	0.000000	1.871555
15.640000	0.000000	1.861080
15.650000	0.000000	1.850605
15.660000	0.000000	1.840130
15.670000	0.000000	1.829655
15.680000	0.000000	1.819180
15.690000	0.000000	1.808708
15.700000	0.000000	1.798255
15.710000	0.000000	1.787417
15.720000	0.000000	1.776704
15.730000	0.000000	1.766516
15.740000	0.000000	1.756416
15.750000	0.000000	1.746325
15.760000	0.000000	1.736642
15.770000	0.000000	1.728263
15.780000	0.000000	1.720519
15.790000	0.000000	1.712888
15.800000	0.000000	1.705297
15.810000	0.000000	1.697709
15.820000	0.000000	1.690121
15.830000	0.000000	1.682533
15.840000	0.000000	1.674945
15.850000	0.000000	1.667359
15.860000	0.000000	1.659788
15.870000	0.000000	1.652227
15.880000	0.000000	1.644263
15.890000	0.000000	1.636595
15.900000	0.000000	1.629036
15.910000	0.000000	1.621476
15.920000	0.000000	1.613917
15.930000	0.000000	1.606358
15.940000	0.000000	1.598799
15.950000	0.000000	1.591343
15.960000	0.000000	1.584030
15.970000	0.000000	1.576781
15.980000	0.000000	1.569532
15.990000	0.000000	1.562284
16.000000	0.000000	1.555035
16.010000	0.000000	1.547786
16.020000	0.000000	1.540538
16.030000	0.000000	1.533289
16.040000	0.000000	1.526043
16.050000	0.000000	1.518311
16.060000	0.000000	1.511074
16.070000	0.000000	1.503841
16.080000	0.000000	1.496608
16.090000	0.000000	1.489376
16.100000	0.000000	1.482144
16.110000	0.000000	1.474912
16.120000	0.000000	1.467681
16.130000	0.000000	1.460449
16.140000	0.000000	1.453218
16.150000	0.000000	1.445987
16.160000	0.000000	1.438756
16.170000	0.000000	1.431524
16.180000	0.000000	1.424293
16.190000	0.000000	1.417064
16.200000	0.000000	1.409853
16.210000	0.000000	1.402579
16.220000	0.000000	1.395027
16.230000	0.000000	1.387861
16.240000	0.000000	1.380720
16.250000	0.000000	1.373661
16.260000	0.000000	1.366625
16.270000	0.000000	1.359596
16.280000	0.000000	1.352576
16.290000	0.000000	1.345564
16.300000	0.000000	1.338556
16.310000	0.000000	1.331547
16.320000	0.000000	1.324539
16.330000	0.000000	1.317531
16.340000	0.000000	1.310525
16.350000	0.000000	1.303523
16.360000	0.000000	1.296522
16.370000	0.000000	1.289521
16.380000	0.000000	1.282322
16.390000	0.000000	1.275047
16.400000	0.000000	1.268046
16.410000	0.000000	1.261046
16.420000	0.000000	1.254063
16.430000	0.000000	1.247090
16.440000	0.000000	1.240120
16.450000	0.000000	1.233149
16.460000	0.000000	1.226178
16.470000	0.000000	1.219210
16.480000	0.000000	1.212311
16.490000	0.000000	1.205523
16.500000	0.000000	1.198779
16.510000	0.000000	1.192034
16.520000	0.000000	1.185290
16.530000	0.000000	1.178547
16.540000	0.000000	1.171803
16.550000	0.000000	1.164772
16.560000	0.000000	1.158428
16.570000	0.000000	1.153202
16.580000	0.000000	1.148040
16.590000	0.000000	1.142888
16.600000	0.000000	1.137787
16.610000	0.000000	1.132713
16.620000	0.000000	1.127643
16.630000	0.000000	1.122575
16.640000	0.000000	1.117515
16.650000	0.000000	1.112464
16.660000	0.000000	1.107412
16.670000	0.000000	1.102362
16.680000	0.000000	1.097311
16.690000	0.000000	1.092261
16.700000	0.000000	1.087216
16.710000	0.000000	1.082233
16.720000	0.000000	1.077109
16.730000	0.000000	1.072215
16.740000	0.000000	1.067372
16.750000	0.000000	1.062529
16.760000	0.000000	1.057686
16.770000	0.000000	1.052844
16.780000	0.000000	1.048001
16.790000	0.000000	1.043159
16.800000	0.000000	1.038317
16.810000	0.000000	1.033474
16.820000	0.000000	1.028632
16.830000	0.000000	1.023792
16.840000	0.000000	1.018956
16.850000	0.000000	1.014123
16.860000	0.000000	1.009292
16.870000	0.000000	1.004461
16.880000	0.000000	0.999613
16.890000	0.000000	0.994473
16.900000	0.000000	0.989642
16.910000	0.000000	0.984811
16.920000	0.000000	0.979981
16.930000	0.000000	0.975150
16.940000	0.000000	0.970319
16.950000	0.000000	0.965488
16.960000	0.000000	0.960657
16.970000	0.000000	0.955829
16.980000	0.000000	0.951018
16.990000	0.000000	0.946226
17.000000	0.000000	0.941444
17.010000	0.000000	0.936697
17.020000	0.000000	0.932008
17.030000	0.000000	0.927325
17.040000	0.000000	0.922642
17.050000	0.000000	0.917876
17.060000	0.000000	0.912961
17.070000	0.000000	0.908279
17.080000	0.000000	0.903597
17.090000	0.000000	0.898915
17.100000	0.000000	0.894233
17.110000	0.000000	0.889551
17.120000	0.000000	0.884869
17.130000	0.000000	0.880187
17.140000	0.000000	0.875510
17.150000	0.000000	0.870845
17.160000	0.000000	0.866187
17.170000	0.000000	0.861530
17.180000	0.000000	0.856873
17.190000	0.000000	0.852216
17.200000	0.000000	0.847559
17.210000	0.000000	0.842902
17.220000	0.000000	0.838096
17.230000	0.000000	0.833273
17.240000	0.000000	0.828640
17.250000	0.000000	0.824109
17.260000	0.000000	0.819600
17.270000	0.000000	0.815094
17.280000	0.000000	0.810589
17.290000	0.000000	0.806083
17.300000	0.000000	0.801577
17.310000	0.000000	0.797072
17.320000	0.000000	0.792567
17.330000	0.000000	0.788062
17.340000	0.000000	0.783557
17.350000	0.000000	0.779075
17.360000	0.000000	0.774789
17.370000	0.000000	0.771180
17.380000	0.000000	0.767731
17.390000	0.000000	0.764122
17.400000	0.000000	0.760601
17.410000	0.000000	0.757160
17.420000	0.000000	0.753759
17.430000	0.000000	0.750377
17.440000	0.000000	0.747000
17.450000	0.000000	0.743624
17.460000	0.000000	0.740249
17.470000	0.000000	0.736907
17.480000	0.000000	0.733629
17.490000	0.000000	0.730391
17.500000	0.000000	0.727153
17.510000	0.000000	0.723915
17.520000	0.000000	0.720678
17.530000	0.000000	0.717440
17.540000	0.000000	0.714203
17.550000	0.000000	0.710965
17.560000	0.000000	0.707532
17.570000	0.000000	0.704272
17.580000	0.000000	0.701034
17.590000	0.000000	0.697798
17.600000	0.000000	0.694561
17.610000	0.000000	0.691327
17.620000	0.000000	0.688094
17.630000	0.000000	0.684862
17.640000	0.000000	0.681630
17.650000	0.000000	0.678399
17.660000	0.000000	0.675168
17.670000	0.000000	0.671938
17.680000	0.000000	0.668709
17.690000	0.000000	0.665479
17.700000	0.000000	0.662249
17.710000	0.000000	0.659020
17.720000	0.000000	0.655767
17.730000	0.000000	0.652343
17.740000	0.000000	0.649114
17.750000	0.000000	0.645890
17.760000	0.000000	0.642675
17.770000	0.000000	0.639480
17.780000	0.000000	0.636319
17.790000	0.000000	0.633181
17.800000	0.000000	0.630050
17.810000	0.000000	0.626919
17.820000	0.000000	0.623789
17.830000	0.000000	0.620658
17.840000	0.000000	0.617528
17.850000	0.000000	0.614397
17.860000	0.000000	0.611267
17.870000	0.000000	0.608138
17.880000	0.000000	0.605018
17.890000	0.000000	0.601834
17.900000	0.000000	0.598573
17.910000	0.000000	0.595456
17.920000	0.000000	0.592340
17.930000	0.000000	0.589223
17.940000	0.000000	0.586106
17.950000	0.000000	0.582990
17.960000	0.000000	0.579875
17.970000	0.000000	0.576762
17.980000	0.000000	0.573648
17.990000	0.000000	0.570535
18.000000	0.000000	0.567424
18.010000	0.000000	0.564340
18.020000	0.000000	0.561312
18.030000	0.000000	0.558299
18.040000	0.000000	0.555286
18.050000	0.000000	0.552273
18.060000	0.000000	0.549154
18.070000	0.000000	0.546044
18.080000	0.000000	0.543032
18.090000	0.000000	0.540020
18.100000	0.000000	0.537008
18.110000	0.000000	0.533996
18.120000	0.000000	0.530984
18.130000	0.000000	0.527973
18.140000	0.000000	0.524962
18.150000	0.000000	0.521952
18.160000	0.000000	0.519049
18.170000	0.000000	0.516450
18.180000	0.000000	0.514139
18.190000	0.000000	0.511834
18.200000	0.000000	0.509528
18.210000	0.000000	0.507224
18.220000	0.000000	0.504925
18.230000	0.000000	0.502518
18.240000	0.000000	0.500261
18.250000	0.000000	0.498094
18.260000	0.000000	0.495930
18.270000	0.000000	0.493766
18.280000	0.000000	0.491601
18.290000	0.000000	0.489437
18.300000	0.000000	0.487273
18.310000	0.000000	0.485109
18.320000	0.000000	0.482945
18.330000	0.000000	0.480781
18.340000	0.000000	0.478618
18.350000	0.000000	0.476455
18.360000	0.000000	0.474291
18.370000	0.000000	0.472128
18.380000	0.000000	0.469965
18.390000	0.000000	0.467802
18.400000	0.000000	0.465503
18.410000	0.000000	0.463335
18.420000	0.000000	0.461175
18.430000	0.000000	0.459015
18.440000	0.000000	0.456855
18.450000	0.000000	0.454694
18.460000	0.000000	0.452534
18.470000	0.000000	0.450374
18.480000	0.000000	0.448217
18.490000	0.000000	0.446061
18.500000	0.000000	0.443908
18.510000	0.000000	0.441754
18.520000	0.000000	0.439603
18.530000	0.000000	0.437451
18.540000	0.000000	0.435300
18.550000	0.000000	0.433156
18.560000	0.000000	0.431027
18.570000	0.000000	0.428814
18.580000	0.000000	0.426721
18.590000	0.000000	0.424629
18.600000	0.000000	0.422536
18.610000	0.000000	0.420448
18.620000	0.000000	0.418363
18.630000	0.000000	0.416280
18.640000	0.000000	0.414197
18.650000	0.000000	0.412113
18.660000	0.000000	0.410030
18.670000	0.000000	0.407946
18.680000	0.000000	0.405863
18.690000	0.000000	0.403780
18.700000	0.000000	0.401697
18.710000	0.000000	0.399613
18.720000	0.000000	0.397530
18.730000	0.000000	0.395395
18.740000	0.000000	0.393223
18.750000	0.000000	0.391139
18.760000	0.000000	0.389056
18.770000	0.000000	0.386974
18.780000	0.000000	0.384904
18.790000	0.000000	0.382873
18.800000	0.000000	0.380857
18.810000	0.000000	0.378844
18.820000	0.000000	0.376830
18.830000	0.000000	0.374816
18.840000	0.000000	0.372802
18.850000	0.000000	0.370789
18.860000	0.000000	0.368775
18.870000	0.000000	0.366762
18.880000	0.000000	0.364748
18.890000	0.000000	0.362735
18.900000	0.000000	0.360643
18.910000	0.000000	0.358572
18.920000	0.000000	0.356560
18.930000	0.000000	0.354548
18.940000	0.000000	0.352536
18.950000	0.000000	0.350524
18.960000	0.000000	0.348512
18.970000	0.000000	0.346583
18.980000	0.000000	0.344883
18.990000	0.000000	0.343335
19.000000	0.000000	0.341800
19.010000	0.000000	0.340290
19.020000	0.000000	0.338812
19.030000	0.000000	0.337338
19.040000	0.000000	0.335865
19.050000	0.000000	0.334393
19.060000	0.000000	0.332929
19.070000	0.000000	0.331404
19.080000	0.000000	0.329937
19.090000	0.000000	0.328490
19.100000	0.000000	0.327044
19.110000	0.000000	0.325597
19.120000	0.000000	0.324151
19.130000	0.000000	0.322704
19.140000	0.000000	0.321258
19.150000	0.000000	0.319812
19.160000	0.000000	0.318365
19.170000	0.000000	0.316919
19.180000	0.000000	0.315474
19.190000	0.000000	0.314029
19.200000	0.000000	0.312585
19.210000	0.000000	0.311141
19.220000	0.000000	0.309697
19.230000	0.000000	0.308255
19.240000	0.000000	0.306716
19.250000	0.000000	0.305275
19.260000	0.000000	0.303834
19.270000	0.000000	0.302394
19.280000	0.000000	0.300955
19.290000	0.000000	0.299516
19.300000	0.000000	0.298077
19.310000	0.000000	0.296639
19.320000	0.000000	0.295200
19.330000	0.000000	0.293767
19.340000	0.000000	0.292347
19.350000	0.000000	0.290942
19.360000	0.000000	0.289547
19.370000	0.000000	0.288154
19.380000	0.000000	0.286761
19.390000	0.000000	0.285368
19.400000	0.000000	0.283955
19.410000	0.000000	0.282488
19.420000	0.000000	0.281095
19.430000	0.000000	0.279703
19.440000	0.000000	0.278310
19.450000	0.000000	0.276917
19.460000	0.000000	0.275524
19.470000	0.000000	0.274131
19.480000	0.000000	0.272738
19.490000	0.000000	0.271346
19.500000	0.000000	0.269953
19.510000	0.000000	0.268560
19.520000	0.000000	0.267167
19.530000	0.000000	0.265774
19.540000	0.000000	0.264382
19.550000	0.000000	0.262989
19.560000	0.000000	0.261603
19.570000	0.000000	0.260210
19.580000	0.000000	0.258810
19.590000	0.000000	0.257464
19.600000	0.000000	0.256117
19.610000	0.000000	0.254771
19.620000	0.000000	0.253425
19.630000	0.000000	0.252078
19.640000	0.000000	0.250732
19.650000	0.000000	0.249386
19.660000	0.000000	0.248040
19.670000	0.000000	0.246694
19.680000	0.000000	0.245348
19.690000	0.000000	0.244002
19.700000	0.000000	0.242656
19.710000	0.000000	0.241310
19.720000	0.000000	0.239965
19.730000	0.000000	0.238620
19.740000	0.000000	0.237218
19.750000	0.000000	0.235840
19.760000	0.000000	0.234495
19.770000	0.000000	0.233150
19.780000	0.000000	0.231849
19.790000	0.000000	0.230747
19.800000	0.000000	0.229742
19.810000	0.000000	0.228754
19.820000	0.000000	0.227767
19.830000	0.000000	0.226781
19.840000	0.000000	0.225796
19.850000	0.000000	0.224811
19.860000	0.000000	0.223826
19.870000	0.000000	0.222841
19.880000	0.000000	0.221860
19.890000	0.000000	0.220889
19.900000	0.000000	0.219922
19.910000	0.000000	0.218900
19.920000	0.000000	0.217923
19.930000	0.000000	0.216956
19.940000	0.000000	0.215989
19.950000	0.000000	0.215022
19.960000	0.000000	0.214055
19.970000	0.000000	0.213089
19.980000	0.000000	0.212124
19.990000	0.000000	0.211161
20.000000	0.000000	0.210197
20.010000	0.000000	0.209234
20.020000	0.000000	0.208270
20.030000	0.000000	0.207308
20.040000	0.000000	0.206345
20.050000	0.000000	0.205383
20.060000	0.000000	0.204420
20.070000	0.000000	0.203455
20.080000	0.000000	0.202431
20.090000	0.000000	0.201469
20.100000	0.000000	0.200510
20.110000	0.000000	0.199551
20.120000	0.000000	0.198601
20.130000	0.000000	0.197657
20.140000	0.000000	0.196719
20.150000	0.000000	0.195785
20.160000	0.000000	0.194853
20.170000	0.000000	0.193922
20.180000	0.000000	0.192991
20.190000	0.000000	0.192060
20.200000	0.000000	0.191128
20.210000	0.000000	0.190197
20.220000	0.000000	0.189266
20.230000	0.000000	0.188335
20.240000	0.000000	0.187387
20.250000	0.000000	0.186409
20.260000	0.000000	0.185478
20.270000	0.000000	0.184547
20.280000	0.000000	0.183616
20.290000	0.000000	0.182684
20.300000	0.000000	0.181753
20.310000	0.000000	0.180822
20.320000	0.000000	0.179891
20.330000	0.000000	0.178959
20.340000	0.000000	0.178033
20.350000	0.000000	0.177120
20.360000	0.000000	0.176218
20.370000	0.000000	0.175317
20.380000	0.000000	0.174416
20.390000	0.000000	0.173515
20.400000	0.000000	0.172614
20.410000	0.000000	0.171685
20.420000	0.000000	0.170753
20.430000	0.000000	0.169853
20.440000	0.000000	0.168953
20.450000	0.000000	0.168053
20.460000	0.000000	0.167153
20.470000	0.000000	0.166253
20.480000	0.000000	0.165353
20.490000	0.000000	0.164453
20.500000	0.000000	0.163553
20.510000	0.000000	0.162654
20.520000	0.000000	0.161755
20.530000	0.000000	0.160855
20.540000	0.000000	0.159956
20.550000	0.000000	0.159060
20.560000	0.000000	0.158177
20.570000	0.000000	0.157305
20.580000	0.000000	0.156393
20.590000	0.000000	0.155503
20.600000	0.000000	0.154662
20.610000	0.000000	0.153961
20.620000	0.000000	0.153297
20.630000	0.000000	0.152638
20.640000	0.000000	0.151980
20.650000	0.000000	0.151321
20.660000	0.000000	0.150662
20.670000	0.000000	0.150003
20.680000	0.000000	0.149345
20.690000	0.000000	0.148686
20.700000	0.000000	0.148028
20.710000	0.000000	0.147374
20.720000	0.000000	0.146727
20.730000	0.000000	0.146081
20.740000	0.000000	0.145436
20.750000	0.000000	0.144752
20.760000	0.000000	0.144102
20.770000	0.000000	0.143458
20.780000	0.000000	0.142813
20.790000	0.000000	0.142170
20.800000	0.000000	0.141526
20.810000	0.000000	0.140883
20.820000	0.000000	0.140239
20.830000	0.000000	0.139596
20.840000	0.000000	0.138953
20.850000	0.000000	0.138312
20.860000	0.000000	0.137671
20.870000	0.000000	0.137030
20.880000	0.000000	0.136389
20.890000	0.000000	0.135748
20.900000	0.000000	0.135108
20.910000	0.000000	0.134466
20.920000	0.000000	0.133797
20.930000	0.000000	0.133168
20.940000	0.000000	0.132540
20.950000	0.000000	0.131916
20.960000	0.000000	0.131293
20.970000	0.000000	0.130671
20.980000	0.000000	0.130048
20.990000	0.000000	0.129426
21.000000	0.000000	0.128803
21.010000	0.000000	0.128180
21.020000	0.000000	0.127558
21.030000	0.000000	0.126935
21.040000	0.000000	0.126313
21.050000	0.000000	0.125690
21.060000	0.000000	0.125067
21.070000	0.000000	0.124445
21.080000	0.000000	0.123809
21.090000	0.000000	0.123157
21.100000	0.000000	0.122535
21.110000	0.000000	0.121912
21.120000	0.000000	0.121290
21.130000	0.000000	0.120672
21.140000	0.000000	0.120065
21.150000	0.000000	0.119462
21.160000	0.000000	0.118860
21.170000	0.000000	0.118257
21.180000	0.000000	0.117655
21.190000	0.000000	0.117052
21.200000	0.000000	0.116450
21.210000	0.000000	0.115848
21.220000	0.000000	0.115245
21.230000	0.000000	0.114643
21.240000	0.000000	0.114042
21.250000	0.000000	0.113419
21.260000	0.000000	0.112798
21.270000	0.000000	0.112196
21.280000	0.000000	0.111595
21.290000	0.000000	0.110993
21.300000	0.000000	0.110391
21.310000	0.000000	0.109790
21.320000	0.000000	0.109189
21.330000	0.000000	0.108592
21.340000	0.000000	0.108005
21.350000	0.000000	0.107422
21.360000	0.000000	0.106839
21.370000	0.000000	0.106256
21.380000	0.000000	0.105674
21.390000	0.000000	0.105091
21.400000	0.000000	0.104508
21.410000	0.000000	0.103926
21.420000	0.000000	0.103343
21.430000	0.000000	0.102883
21.440000	0.000000	0.102442
21.450000	0.000000	0.102002
21.460000	0.000000	0.101561
21.470000	0.000000	0.101121
21.480000	0.000000	0.100681
21.490000	0.000000	0.100241
21.500000	0.000000	0.099802
21.510000	0.000000	0.099362
21.520000	0.000000	0.098923
21.530000	0.000000	0.098484
21.540000	0.000000	0.098047
21.550000	0.000000	0.097616
21.560000	0.000000	0.097185
21.570000	0.000000	0.096754
21.580000	0.000000	0.096323
21.590000	0.000000	0.095866
21.600000	0.000000	0.095435
21.610000	0.000000	0.095007
21.620000	0.000000	0.094578
21.630000	0.000000	0.094150
21.640000	0.000000	0.093721
21.650000	0.000000	0.093293
21.660000	0.000000	0.092864
21.670000	0.000000	0.092436
21.680000	0.000000	0.092007
21.690000	0.000000	0.091579
21.700000	0.000000	0.091152
21.710000	0.000000	0.090728
21.720000	0.000000	0.090308
21.730000	0.000000	0.089887
21.740000	0.000000	0.089467
21.750000	0.000000	0.089043
21.760000	0.000000	0.088602
21.770000	0.000000	0.088186
21.780000	0.000000	0.087769
21.790000	0.000000	0.087353
21.800000	0.000000	0.086937
21.810000	0.000000	0.086520
21.820000	0.000000	0.086104
21.830000	0.000000	0.085688
21.840000	0.000000	0.085271
21.850000	0.000000	0.084855
21.860000	0.000000	0.084439
21.870000	0.000000	0.084022
21.880000	0.000000	0.083606
21.890000	0.000000	0.083190
21.900000	0.000000	0.082773
21.910000	0.000000	0.082357
21.920000	0.000000	0.081931
21.930000	0.000000	0.081508
21.940000	0.000000	0.081105
21.950000	0.000000	0.080702
21.960000	0.000000	0.080299
21.970000	0.000000	0.079896
21.980000	0.000000	0.079493
21.990000	0.000000	0.079090
22.000000	0.000000	0.078688
22.010000	0.000000	0.078285
22.020000	0.000000	0.077882
22.030000	0.000000	0.077479
22.040000	0.000000	0.077076
22.050000	0.000000	0.076674
22.060000	0.000000	0.076272
22.070000	0.000000	0.075869
22.080000	0.000000	0.075467
22.090000	0.000000	0.075049
22.100000	0.000000	0.074635
22.110000	0.000000	0.074235
22.120000	0.000000	0.073843
22.130000	0.000000	0.073452
22.140000	0.000000	0.073063
22.150000	0.000000	0.072673
22.160000	0.000000	0.072283
22.170000	0.000000	0.071894
22.180000	0.000000	0.071504
22.190000	0.000000	0.071114
22.200000	0.000000	0.070724
22.210000	0.000000	0.070335
22.220000	0.000000	0.069945
22.230000	0.000000	0.069556
22.240000	0.000000	0.069175
22.250000	0.000000	0.068854
22.260000	0.000000	0.068544
22.270000	0.000000	0.068246
22.280000	0.000000	0.067952
22.290000	0.000000	0.067658
22.300000	0.000000	0.067364
22.310000	0.000000	0.067070
22.320000	0.000000	0.066776
22.330000	0.000000	0.066483
22.340000	0.000000	0.066189
22.350000	0.000000	0.065896
22.360000	0.000000	0.065604
22.370000	0.000000	0.065313
22.380000	0.000000	0.065025
22.390000	0.000000	0.064738
22.400000	0.000000	0.064451
22.410000	0.000000	0.064165
22.420000	0.000000	0.063878
22.430000	0.000000	0.063572
22.440000	0.000000	0.063286
22.450000	0.000000	0.062999
22.460000	0.000000	0.062712
22.470000	0.000000	0.062426
22.480000	0.000000	0.062139
22.490000	0.000000	0.061853
22.500000	0.000000	0.061568
22.510000	0.000000	0.061285
22.520000	0.000000	0.061004
22.530000	0.000000	0.060723
22.540000	0.000000	0.060442
22.550000	0.000000	0.060161
22.560000	0.000000	0.059880
22.570000	0.000000	0.059601
22.580000	0.000000	0.059323
22.590000	0.000000	0.059040
22.600000	0.000000	0.058747
22.610000	0.000000	0.058468
22.620000	0.000000	0.058190
22.630000	0.000000	0.057911
22.640000	0.000000	0.057633
22.650000	0.000000	0.057354
22.660000	0.000000	0.057076
22.670000	0.000000	0.056798
22.680000	0.000000	0.056519
22.690000	0.000000	0.056241
22.700000	0.000000	0.055962
22.710000	0.000000	0.055684
22.720000	0.000000	0.055409
22.730000	0.000000	0.055138
22.740000	0.000000	0.054869
22.750000	0.000000	0.054599
22.760000	0.000000	0.054322
22.770000	0.000000	0.054042
22.780000	0.000000	0.053773
22.790000	0.000000	0.053503
22.800000	0.000000	0.053234
22.810000	0.000000	0.052965
22.820000	0.000000	0.052695
22.830000	0.000000	0.052426
22.840000	0.000000	0.052157
22.850000	0.000000	0.051887
22.860000	0.000000	0.051618
22.870000	0.000000	0.051349
22.880000	0.000000	0.051079
22.890000	0.000000	0.050811
22.900000	0.000000	0.050547
22.910000	0.000000	0.050286
22.920000	0.000000	0.050025
22.930000	0.000000	0.049753
22.940000	0.000000	0.049486
22.950000	0.000000	0.049226
22.960000	0.000000	0.048965
22.970000	0.000000	0.048704
22.980000	0.000000	0.048444
22.990000	0.000000	0.048183
23.000000	0.000000	0.047923
23.010000	0.000000	0.047662
23.020000	0.000000	0.047402
23.030000	0.000000	0.047142
23.040000	0.000000	0.046882
23.050000	0.000000	0.046622
23.060000	0.000000	0.046365
23.070000	0.000000	0.046129
23.080000	0.000000	0.045931
23.090000	0.000000	0.045734
23.100000	0.000000	0.045526
23.110000	0.000000	0.045328
23.120000	0.000000	0.045133
23.130000	0.000000	0.044937
23.140000	0.000000	0.044741
23.150000	0.000000	0.044546
23.160000	0.000000	0.044350
23.170000	0.000000	0.044154
23.180000	0.000000	0.043959
23.190000	0.000000	0.043764
23.200000	0.000000	0.043569
23.210000	0.000000	0.043375
23.220000	0.000000	0.043183
23.230000	0.000000	0.042991
23.240000	0.000000	0.042799
23.250000	0.000000	0.042608
23.260000	0.000000	0.042415
23.270000	0.000000	0.042211
23.280000	0.000000	0.042019
23.290000	0.000000	0.041828
23.300000	0.000000	0.041637
23.310000	0.000000	0.041448
23.320000	0.000000	0.041260
23.330000	0.000000	0.041072
23.340000	0.000000	0.040884
23.350000	0.000000	0.040696
23.360000	0.000000	0.040508
23.370000	0.000000	0.040320
23.380000	0.000000	0.040133
23.390000	0.000000	0.039947
23.400000	0.000000	0.039760
23.410000	0.000000	0.039574
23.420000	0.000000	0.039388
23.430000	0.000000	0.039198
23.440000	0.000000	0.039002
23.450000	0.000000	0.038816
23.460000	0.000000	0.038630
23.470000	0.000000	0.038444
23.480000	0.000000	0.038257
23.490000	0.000000	0.038071
23.500000	0.000000	0.037885
23.510000	0.000000	0.037699
23.520000	0.000000	0.037515
23.530000	0.000000	0.037334
23.540000	0.000000	0.037154
23.550000	0.000000	0.036974
23.560000	0.000000	0.036794
23.570000	0.000000	0.036613
23.580000	0.000000	0.036433
23.590000	0.000000	0.036253
23.600000	0.000000	0.036067
23.610000	0.000000	0.035880
23.620000	0.000000	0.035700
23.630000	0.000000	0.035520
23.640000	0.000000	0.035340
23.650000	0.000000	0.035160
23.660000	0.000000	0.034980
23.670000	0.000000	0.034800
23.680000	0.000000	0.034621
23.690000	0.000000	0.034446
23.700000	0.000000	0.034271
23.710000	0.000000	0.034097
23.720000	0.000000	0.033922
23.730000	0.000000	0.033748
23.740000	0.000000	0.033573
23.750000	0.000000	0.033399
23.760000	0.000000	0.033225
23.770000	0.000000	0.033042
23.780000	0.000000	0.032864
23.790000	0.000000	0.032690
23.800000	0.000000	0.032516
23.810000	0.000000	0.032342
23.820000	0.000000	0.032168
23.830000	0.000000	0.031994
23.840000	0.000000	0.031820
23.850000	0.000000	0.031646
23.860000	0.000000	0.031472
23.870000	0.000000	0.031298
23.880000	0.000000	0.031125
23.890000	0.000000	0.030956
23.900000	0.000000	0.030804
23.910000	0.000000	0.030673
23.920000	0.000000	0.030542
23.930000	0.000000	0.030411
23.940000	0.000000	0.030272
23.950000	0.000000	0.030140
23.960000	0.000000	0.030009
23.970000	0.000000	0.029878
23.980000	0.000000	0.029747
23.990000	0.000000	0.029616
24.000000	0.000000	0.029485
24.010000	0.000000	0.029354
24.020000	0.000000	0.029224
24.030000	0.000000	0.029093
24.040000	0.000000	0.028962
24.050000	0.000000	0.028833
24.060000	0.000000	0.028704
24.070000	0.000000	0.028576
24.080000	0.000000	0.028448
24.090000	0.000000	0.028319
24.100000	0.000000	0.028190
24.110000	0.000000	0.028055
24.120000	0.000000	0.027929
24.130000	0.000000	0.027803
24.140000	0.000000	0.027677
24.150000	0.000000	0.027551
24.160000	0.000000	0.027425
24.170000	0.000000	0.027300
24.180000	0.000000	0.027174
24.190000	0.000000	0.027048
24.200000	0.000000	0.026923
24.210000	0.000000	0.026799
24.220000	0.000000	0.026674
24.230000	0.000000	0.026549
24.240000	0.000000	0.026424
24.250000	0.000000	0.026299
24.260000	0.000000	0.026175
24.270000	0.000000	0.026047
24.280000	0.000000	0.025917
24.290000	0.000000	0.025792
24.300000	0.000000	0.025667
24.310000	0.000000	0.025543
24.320000	0.000000	0.025419
24.330000	0.000000	0.025298
24.340000	0.000000	0.025177
24.350000	0.000000	0.025056
24.360000	0.000000	0.024936
24.370000	0.000000	0.024815
24.380000	0.000000	0.024694
24.390000	0.000000	0.024574
24.400000	0.000000	0.024453
24.410000	0.000000	0.024332
24.420000	0.000000	0.024212
24.430000	0.000000	0.024091
24.440000	0.000000	0.023966
24.450000	0.000000	0.023842
24.460000	0.000000	0.023721
24.470000	0.000000	0.023602
24.480000	0.000000	0.023485
24.490000	0.000000	0.023368
24.500000	0.000000	0.023251
24.510000	0.000000	0.023134
24.520000	0.000000	0.023017
24.530000	0.000000	0.022901
24.540000	0.000000	0.022784
24.550000	0.000000	0.022667
24.560000	0.000000	0.022551
24.570000	0.000000	0.022434
24.580000	0.000000	0.022317
24.590000	0.000000	0.022201
24.600000	0.000000	0.022084
24.610000	0.000000	0.021962
24.620000	0.000000	0.021843
24.630000	0.000000	0.021727
24.640000	0.000000	0.021610
24.650000	0.000000	0.021494
24.660000	0.000000	0.021378
24.670000	0.000000	0.021262
24.680000	0.000000	0.021146
24.690000	0.000000	0.021030
24.700000	0.000000	0.020914
24.710000	0.000000	0.020798
24.720000	0.000000	0.020687
24.730000	0.000000	0.020589
24.740000	0.000000	0.020501
24.750000	0.000000	0.020414
24.760000	0.000000	0.020326
24.770000	0.000000	0.020238
24.780000	0.000000	0.020145
24.790000	0.000000	0.020057
24.800000	0.000000	0.019969
24.810000	0.000000	0.019882
24.820000	0.000000	0.019794
24.830000	0.000000	0.019707
24.840000	0.000000	0.019619
24.850000	0.000000	0.019532
24.860000	0.000000	0.019444
24.870000	0.000000	0.019357
24.880000	0.000000	0.019270
24.890000	0.000000	0.019183
24.900000	0.000000	0.019097
24.910000	0.000000	0.019011
24.920000	0.000000	0.018926
24.930000	0.000000	0.018842
24.940000	0.000000	0.018757
24.950000	0.000000	0.018668
24.960000	0.000000	0.018584
24.970000	0.000000	0.018499
24.980000	0.000000	0.018415
24.990000	0.000000	0.018331
25.000000	0.000000	0.018247
25.010000	0.000000	0.018163
25.020000	0.000000	0.018079
25.030000	0.000000	0.017996
25.040000	0.000000	0.017912
25.050000	0.000000	0.017829
25.060000	0.000000	0.017745
25.070000	0.000000	0.017662
25.080000	0.000000	0.017578
25.090000	0.000000	0.017495
25.100000	0.000000	0.017411
25.110000	0.000000	0.017326
25.120000	0.000000	0.017239
25.130000	0.000000	0.017157
25.140000	0.000000	0.017076
25.150000	0.000000	0.016995
25.160000	0.000000	0.016915
25.170000	0.000000	0.016834
25.180000	0.000000	0.016753
25.190000	0.000000	0.016673
25.200000	0.000000	0.016592
25.210000	0.000000	0.016511
25.220000	0.000000	0.016431
25.230000	0.000000	0.016350
25.240000	0.000000	0.016269
25.250000	0.000000	0.016189
25.260000	0.000000	0.016109
25.270000	0.000000	0.016031
25.280000	0.000000	0.015950
25.290000	0.000000	0.015869
25.300000	0.000000	0.015791
25.310000	0.000000	0.015713
25.320000	0.000000	0.015635
25.330000	0.000000	0.015557
25.340000	0.000000	0.015479
25.350000	0.000000	0.015400
25.360000	0.000000	0.015322
25.370000	0.000000	0.015244
25.380000	0.000000	0.015166
25.390000	0.000000	0.015088
25.400000	0.000000	0.015010
25.410000	0.000000	0.014933
25.420000	0.000000	0.014855
25.430000	0.000000	0.014777
25.440000	0.000000	0.014700
25.450000	0.000000	0.014618
25.460000	0.000000	0.014539
25.470000	0.000000	0.014461
25.480000	0.000000	0.014384
25.490000	0.000000	0.014306
25.500000	0.000000	0.014228
25.510000	0.000000	0.014150
25.520000	0.000000	0.014073
25.530000	0.000000	0.013995
25.540000	0.000000	0.013918
25.550000	0.000000	0.013843
25.560000	0.000000	0.013776
25.570000	0.000000	0.013717
25.580000	0.000000	0.013659
25.590000	0.000000	0.013600
25.600000	0.000000	0.013541
25.610000	0.000000	0.013483
25.620000	0.000000	0.013420
25.630000	0.000000	0.013361
25.640000	0.000000	0.013303
25.650000	0.000000	0.013244
25.660000	0.000000	0.013186
25.670000	0.000000	0.013127
25.680000	0.000000	0.013069
25.690000	0.000000	0.013010
25.700000	0.000000	0.012952
25.710000	0.000000	0.012893
25.720000	0.000000	0.012835
25.730000	0.000000	0.012777
25.740000	0.000000	0.012720
25.750000	0.000000	0.012664
25.760000	0.000000	0.012608
25.770000	0.000000	0.012551
25.780000	0.000000	0.012494
25.790000	0.000000	0.012435
25.800000	0.000000	0.012378
25.810000	0.000000	0.012322
25.820000	0.000000	0.012265
25.830000	0.000000	0.012209
25.840000	0.000000	0.012153
25.850000	0.000000	0.012097
25.860000	0.000000	0.012042
25.870000	0.000000	0.011986
25.880000	0.000000	0.011930
25.890000	0.000000	0.011874
25.900000	0.000000	0.011818
25.910000	0.000000	0.011762
25.920000	0.000000	0.011706
25.930000	0.000000	0.011651
25.940000	0.000000	0.011596
25.950000	0.000000	0.011540
25.960000	0.000000	0.011484
25.970000	0.000000	0.011430
25.980000	0.000000	0.011376
25.990000	0.000000	0.011322
26.000000	0.000000	0.011268
26.010000	0.000000	0.011214
26.020000	0.000000	0.011160
26.030000	0.000000	0.011106
26.040000	0.000000	0.011052
26.050000	0.000000	0.010999
26.060000	0.000000	0.010947
26.070000	0.000000	0.010894
26.080000	0.000000	0.010842
26.090000	0.000000	0.010790
26.100000	0.000000	0.010737
26.110000	0.000000	0.010685
26.120000	0.000000	0.010631
26.130000	0.000000	0.010577
26.140000	0.000000	0.010525
26.150000	0.000000	0.010472
26.160000	0.000000	0.010420
26.170000	0.000000	0.010368
26.180000	0.000000	0.010316
26.190000	0.000000	0.010264
26.200000	0.000000	0.010211
26.210000	0.000000	0.010159
26.220000	0.000000	0.010107
26.230000	0.000000	0.010055
26.240000	0.000000	0.010003
26.250000	0.000000	0.009951
26.260000	0.000000	0.009899
26.270000	0.000000	0.009847
26.280000	0.000000	0.009795
26.290000	0.000000	0.009741
26.300000	0.000000	0.009688
26.310000	0.000000	0.009636
26.320000	0.000000	0.009584
26.330000	0.000000	0.009532
26.340000	0.000000	0.009480
26.350000	0.000000	0.009428
26.360000	0.000000	0.009376
26.370000	0.000000	0.009324
26.380000	0.000000	0.009273
26.390000	0.000000	0.009227
26.400000	0.000000	0.009186
26.410000	0.000000	0.009147
26.420000	0.000000	0.009108
26.430000	0.000000	0.009069
26.440000	0.000000	0.009029
26.450000	0.000000	0.008990
26.460000	0.000000	0.008948
26.470000	0.000000	0.008909
26.480000	0.000000	0.008870
26.490000	0.000000	0.008831
26.500000	0.000000	0.008792
26.510000	0.000000	0.008753
26.520000	0.000000	0.008713
26.530000	0.000000	0.008674
26.540000	0.000000	0.008635
26.550000	0.000000	0.008597
26.560000	0.000000	0.008558
26.570000	0.000000	0.008520
26.580000	0.000000	0.008482
26.590000	0.000000	0.008444
26.600000	0.000000	0.008406
26.610000	0.000000	0.008369
26.620000	0.000000	0.008330
26.630000	0.000000	0.008291
26.640000	0.000000	0.008253
26.650000	0.000000	0.008215
26.660000	0.000000	0.008178
26.670000	0.000000	0.008140
26.680000	0.000000	0.008103
26.690000	0.000000	0.008066
26.700000	0.000000	0.008028
26.710000	0.000000	0.007991
26.720000	0.000000	0.007953
26.730000	0.000000	0.007916
26.740000	0.000000	0.007879
26.750000	0.000000	0.007842
26.760000	0.000000	0.007806
26.770000	0.000000	0.007769
26.780000	0.000000	0.007733
26.790000	0.000000	0.007696
26.800000	0.000000	0.007659
26.810000	0.000000	0.007622
26.820000	0.000000	0.007586
26.830000	0.000000	0.007550
26.840000	0.000000	0.007515
26.850000	0.000000	0.007480
26.860000	0.000000	0.007445
26.870000	0.000000	0.007410
26.880000	0.000000	0.007375
26.890000	0.000000	0.007340
26.900000	0.000000	0.007305
26.910000	0.000000	0.007270
26.920000	0.000000	0.007235
26.930000	0.000000	0.007200
26.940000	0.000000	0.007165
26.950000	0.000000	0.007130
26.960000	0.000000	0.007093
26.970000	0.000000	0.007058
26.980000	0.000000	0.007023
26.990000	0.000000	0.006988
27.000000	0.000000	0.006953
27.010000	0.000000	0.006918
27.020000	0.000000	0.006883
27.030000	0.000000	0.006849
27.040000	0.000000	0.006814
27.050000	0.000000	0.006779
27.060000	0.000000	0.006744
27.070000	0.000000	0.006709
27.080000	0.000000	0.006675
27.090000	0.000000	0.006640
27.100000	0.000000	0.006605
27.110000	0.000000	0.006570
27.120000	0.000000	0.006535
27.130000	0.000000	0.006499
27.140000	0.000000	0.006463
27.150000	0.000000	0.006429
27.160000	0.000000	0.006394
27.170000	0.000000	0.006359
27.180000	0.000000	0.006324
27.190000	0.000000	0.006290
27.200000	0.000000	0.006255
27.210000	0.000000	0.006220
27.220000	0.000000	0.006187
27.230000	0.000000	0.006158
27.240000	0.000000	0.006132
27.250000	0.000000	0.006106
27.260000	0.000000	0.006080
27.270000	0.000000	0.006053
27.280000	0.000000	0.006027
27.290000	0.000000	0.006001
27.300000	0.000000	0.005973
27.310000	0.000000	0.005947
27.320000	0.000000	0.005921
27.330000	0.000000	0.005895
27.340000	0.000000	0.005869
27.350000	0.000000	0.005842
27.360000	0.000000	0.005816
27.370000	0.000000	0.005791
27.380000	0.000000	0.005765
27.390000	0.000000	0.005739
27.400000	0.000000	0.005714
27.410000	0.000000	0.005688
27.420000	0.000000	0.005662
27.430000	0.000000	0.005637
27.440000	0.000000	0.005612
27.450000	0.000000	0.005586
27.460000	0.000000	0.005561
27.470000	0.000000	0.005534
27.480000	0.000000	0.005509
27.490000	0.000000	0.005484
27.500000	0.000000	0.005459
27.510000	0.000000	0.005434
27.520000	0.000000	0.005409
27.530000	0.000000	0.005384
27.540000	0.000000	0.005359
27.550000	0.000000	0.005334
27.560000	0.000000	0.005310
27.570000	0.000000	0.005285
27.580000	0.000000	0.005261
27.590000	0.000000	0.005237
27.600000	0.000000	0.005213
27.610000	0.000000	0.005189
27.620000	0.000000	0.005164
27.630000	0.000000	0.005140
27.640000	0.000000	0.005116
27.650000	0.000000	0.005092
27.660000	0.000000	0.005069
27.670000	0.000000	0.005045
27.680000	0.000000	0.005022
27.690000	0.000000	0.004999
27.700000	0.000000	0.004975
27.710000	0.000000	0.004952
27.720000	0.000000	0.004929
27.730000	0.000000	0.004905
27.740000	0.000000	0.004882
27.750000	0.000000	0.004859
27.760000	0.000000	0.004835
27.770000	0.000000	0.004812
27.780000	0.000000	0.004789
27.790000	0.000000	0.004766
27.800000	0.000000	0.004741
27.810000	0.000000	0.004717
27.820000	0.000000	0.004694
27.830000	0.000000	0.004671
27.840000	0.000000	0.004648
27.850000	0.000000	0.004624
27.860000	0.000000	0.004601
27.870000	0.000000	0.004578
27.880000	0.000000	0.004554
27.890000	0.000000	0.004531
27.900000	0.000000	0.004508
27.910000	0.000000	0.004485
27.920000	0.000000	0.004462
27.930000	0.000000	0.004438
27.940000	0.000000	0.004415
27.950000	0.000000	0.004392
27.960000	0.000000	0.004369
27.970000	0.000000	0.004344
27.980000	0.000000	0.004320
27.990000	0.000000	0.004297
28.000000	0.000000	0.004274
28.010000	0.000000	0.004251
28.020000	0.000000	0.004228
28.030000	0.000000	0.004204
28.040000	0.000000	0.004181
28.050000	0.000000	0.004158
28.060000	0.000000	0.004136
28.070000	0.000000	0.004116
28.080000	0.000000	0.004099
28.090000	0.000000	0.004081
28.100000	0.000000	0.004064
28.110000	0.000000	0.004046
28.120000	0.000000	0.004029
28.130000	0.000000	0.004011
28.140000	0.000000	0.003993
28.150000	0.000000	0.003975
28.160000	0.000000	0.003958
28.170000	0.000000	0.003940
28.180000	0.000000	0.003923
28.190000	0.000000	0.003906
28.200000	0.000000	0.003888
28.210000	0.000000	0.003871
28.220000	0.000000	0.003854
28.230000	0.000000	0.003837
28.240000	0.000000	0.003820
28.250000	0.000000	0.003802
28.260000	0.000000	0.003785
28.270000	0.000000	0.003768
28.280000	0.000000	0.003751
28.290000	0.000000	0.003734
28.300000	0.000000	0.003717
28.310000	0.000000	0.003699
28.320000	0.000000	0.003683
28.330000	0.000000	0.003666
28.340000	0.000000	0.003649
28.350000	0.000000	0.003633
28.360000	0.000000	0.003616
28.370000	0.000000	0.003599
28.380000	0.000000	0.003583
28.390000	0.000000	0.003566
28.400000	0.000000	0.003550
28.410000	0.000000	0.003534
28.420000	0.000000	0.003518
28.430000	0.000000	0.003502
28.440000	0.000000	0.003486
28.450000	0.000000	0.003471
28.460000	0.000000	0.003455
28.470000	0.000000	0.003439
28.480000	0.000000	0.003423
28.490000	0.000000	0.003407
28.500000	0.000000	0.003392
28.510000	0.000000	0.003376
28.520000	0.000000	0.003360
28.530000	0.000000	0.003345
28.540000	0.000000	0.003329
28.550000	0.000000	0.003314
28.560000	0.000000	0.003298
28.570000	0.000000	0.003282
28.580000	0.000000	0.003267
28.590000	0.000000	0.003251
28.600000	0.000000	0.003236
28.610000	0.000000	0.003220
28.620000	0.000000	0.003205
28.630000	0.000000	0.003189
28.640000	0.000000	0.003173
28.650000	0.000000	0.003157
28.660000	0.000000	0.003141
28.670000	0.000000	0.003126
28.680000	0.000000	0.003110
28.690000	0.000000	0.003094
28.700000	0.000000	0.003079
28.710000	0.000000	0.003063
28.720000	0.000000	0.003048
28.730000	0.000000	0.003032
28.740000	0.000000	0.003017
28.750000	0.000000	0.003001
28.760000	0.000000	0.002985
28.770000	0.000000	0.002970
28.780000	0.000000	0.002954
28.790000	0.000000	0.002939
28.800000	0.000000	0.002923
28.810000	0.000000	0.002907
28.820000	0.000000	0.002891
28.830000	0.000000	0.002876
28.840000	0.000000	0.002860
28.850000	0.000000	0.002845
28.860000	0.000000	0.002829
28.870000	0.000000	0.002813
28.880000	0.000000	0.002798
28.890000	0.000000	0.002782
28.900000	0.000000	0.002767
28.910000	0.000000	0.002754
28.920000	0.000000	0.002742
28.930000	0.000000	0.002731
28.940000	0.000000	0.002719
28.950000	0.000000	0.002707
28.960000	0.000000	0.002695
28.970000	0.000000	0.002684
28.980000	0.000000	0.002671
28.990000	0.000000	0.002660
29.000000	0.000000	0.002648
29.010000	0.000000	0.002636
29.020000	0.000000	0.002625
29.030000	0.000000	0.002613
29.040000	0.000000	0.002602
29.050000	0.000000	0.002590
29.060000	0.000000	0.002579
29.070000	0.000000	0.002567
29.080000	0.000000	0.002556
29.090000	0.000000	0.002544
29.100000	0.000000	0.002533
29.110000	0.000000	0.002521
29.120000	0.000000	0.002510
29.130000	0.000000	0.002498
29.140000	0.000000	0.002487
29.150000	0.000000	0.002475
29.160000	0.000000	0.002464
29.170000	0.000000	0.002453
29.180000	0.000000	0.002442
29.190000	0.000000	0.002431
29.200000	0.000000	0.002420
29.210000	0.000000	0.002409
29.220000	0.000000	0.002398
29.230000	0.000000	0.002387
29.240000	0.000000	0.002377
29.250000	0.000000	0.002366
29.260000	0.000000	0.002356
29.270000	0.000000	0.002345
29.280000	0.000000	0.002335
29.290000	0.000000	0.002324
29.300000	0.000000	0.002314
29.310000	0.000000	0.002303
29.320000	0.000000	0.002292
29.330000	0.000000	0.002282
29.340000	0.000000	0.002272
29.350000	0.000000	0.002261
29.360000	0.000000	0.002251
29.370000	0.000000	0.002240
29.380000	0.000000	0.002230
29.390000	0.000000	0.002219
29.400000	0.000000	0.002209
29.410000	0.000000	0.002199
29.420000	0.000000	0.002188
29.430000	0.000000	0.002178
29.440000	0.000000	0.002167
29.450000	0.000000	0.002157
29.460000	0.000000	0.002146
29.470000	0.000000	0.002136
29.480000	0.000000	0.002125
29.490000	0.000000	0.002114
29.500000	0.000000	0.002104
29.510000	0.000000	0.002094
29.520000	0.000000	0.002083
29.530000	0.000000	0.002073
29.540000	0.000000	0.002062
29.550000	0.000000	0.002052
29.560000	0.000000	0.002041
29.570000	0.000000	0.002031
29.580000	0.000000	0.002021
29.590000	0.000000	0.002010
29.600000	0.000000	0.002000
29.610000	0.000000	0.001989
29.620000	0.000000	0.001979
29.630000	0.000000	0.001969
29.640000	0.000000	0.001958
29.650000	0.000000	0.001947
29.660000	0.000000	0.001937
29.670000	0.000000	0.001926
29.680000	0.000000	0.001916
29.690000	0.000000	0.001906
29.700000	0.000000	0.001895
29.710000	0.000000	0.001885
29.720000	0.000000	0.001874
29.730000	0.000000	0.001864
29.740000	0.000000	0.001854
29.750000	0.000000	0.001844
29.760000	0.000000	0.001836
29.770000	0.000000	0.001828
29.780000	0.000000	0.001821
29.790000	0.000000	0.001813
29.800000	0.000000	0.001805
29.810000	0.000000	0.001797
29.820000	0.000000	0.001789
29.830000	0.000000	0.001781
29.840000	0.000000	0.001773
29.850000	0.000000	0.001766
29.860000	0.000000	0.001758
29.870000	0.000000	0.001750
29.880000	0.000000	0.001742
29.890000	0.000000	0.001735
29.900000	0.000000	0.001727
29.910000	0.000000	0.001719
29.920000	0.000000	0.001712
29.930000	0.000000	0.001704
29.940000	0.000000	0.001696
29.950000	0.000000	0.001689
29.960000	0.000000	0.001681
29.970000	0.000000	0.001673
29.980000	0.000000	0.001665
29.990000	0.000000	0.001658
30.000000	0.000000	0.001650
30.010000	0.000000	0.001643
30.020000	0.000000	0.001635
30.030000	0.000000	0.001628
30.040000	0.000000	0.001621
30.050000	0.000000	0.001614
30.060000	0.000000	0.001607
30.070000	0.000000	0.001600
30.080000	0.000000	0.001593
30.090000	0.000000	0.001586
