0.100000	0.000000	66925.557126
0.110000	0.000000	43463.607671
0.120000	0.000000	40615.230284
0.130000	0.000000	36811.727096
0.140000	0.000000	34521.025057
0.150000	0.000000	30328.658969
0.160000	0.000000	28824.165430
0.170000	0.000000	25883.367799
0.180000	0.000000	23233.103408
0.190000	0.000000	21986.190536
0.200000	0.000000	20054.638984
0.210000	0.000000	19300.563733
0.220000	0.000000	19108.459264
0.230000	0.000000	17078.355547
0.240000	0.000000	17391.683710
0.250000	0.000000	16168.693521
0.260000	0.000000	14522.124276
0.270000	0.000000	14056.180958
0.280000	0.000000	13796.492755
0.290000	0.000000	12963.156661
0.300000	0.000000	12314.149825
0.310000	0.000000	12014.183943
0.320000	0.000000	11753.318746
0.330000	0.000000	11316.789668
0.340000	0.000000	10912.796803
0.350000	0.000000	10519.408787
0.360000	0.000000	15045.311016
0.370000	0.000000	26946.820097
0.380000	0.000000	28586.318335
0.390000	0.000000	14902.905323
0.400000	0.000000	29881.969345
0.410000	0.000000	9438.956274
0.420000	0.000000	18906.417019
0.430000	0.000000	14886.034883
0.440000	0.000000	16767.001765
0.450000	0.000000	8380.247546
0.460000	0.000000	7272.474803
0.470000	0.000000	7148.240452
0.480000	0.000000	21527.399166
0.490000	0.000000	14333.860999
0.500000	0.000000	9741.320655
0.510000	0.000000	8629.025557
0.520000	0.000000	6335.113366
0.530000	0.000000	7820.295141
0.540000	0.000000	8647.324099
0.550000	0.000000	5949.118919
0.560000	0.000000	6741.019906
0.570000	0.000000	8908.365089
0.580000	0.000000	8361.283713
0.590000	0.000000	6897.698014
0.600000	0.000000	8493.154358
0.610000	0.000000	5348.690380
0.620000	0.000000	5534.643218
0.630000	0.000000	6213.431328
0.640000	0.000000	5909.209508
0.650000	0.000000	15728.154806
0.660000	0.000000	10748.979531
0.670000	0.000000	5254.085861
0.680000	0.000000	4992.114716
0.690000	0.000000	4835.511439
0.700000	0.000000	4927.248305
0.710000	0.000000	5142.320718
0.720000	0.000000	5125.312924
0.730000	0.000000	6450.258658
0.740000	0.000000	4282.847413
0.750000	0.000000	4012.403457
0.760000	0.000000	3963.217464
0.770000	0.000000	6462.673616
0.780000	0.000000	3941.901645
0.790000	0.000000	4034.759212
0.800000	0.000000	4072.963896
0.810000	0.000000	4464.726163
0.820000	0.000000	4053.144345
0.830000	0.000000	3904.398202
0.840000	0.000000	3835.516724
0.850000	0.000000	3663.663558
0.860000	0.000000	3540.295562
0.870000	0.000000	3548.789072
0.880000	0.000000	3605.727207
0.890000	0.000000	3489.722780
0.900000	0.000000	3503.744255
0.910000	0.000000	3573.258290
0.920000	0.000000	3484.198781
0.930000	0.000000	3653.858660
0.940000	0.000000	3398.879578
0.950000	0.000000	3457.597910
0.960000	0.000000	3391.582284
0.970000	0.000000	3648.191484
0.980000	0.000000	3383.376026
0.990000	0.000000	3620.163676
1.000000	0.000000	3739.862647
1.010000	0.000000	6349.454667
1.020000	0.000000	6156.778102
1.030000	0.000000	3739.453439
1.040000	0.000000	5597.722268
1.050000	0.000000	7197.888568
1.060000	0.000000	3311.452965
1.070000	0.000000	3884.228650
1.080000	0.000000	6499.070880
1.090000	0.000000	3597.119139
1.100000	0.000000	10818.365764
1.110000	0.000000	2964.184790
1.120000	0.000000	9111.217641
1.130000	0.000000	3811.439907
1.140000	0.000000	2771.351946
1.150000	0.000000	4598.176416
1.160000	0.000000	6781.702561
1.170000	0.000000	4544.159942
1.180000	0.000000	2572.136594
1.190000	0.000000	2595.817832
1.200000	0.000000	2802.214211
1.210000	0.000000	2833.396830
1.220000	0.000000	2472.712986
1.230000	0.000000	2591.717993
1.240000	0.000000	2620.437789
1.250000	0.000000	2374.629688
1.260000	0.000000	2371.724067
1.270000	0.000000	2615.559893
1.280000	0.000000	2327.579986
1.290000	0.000000	2555.717578
1.300000	0.000000	2393.513791
1.310000	0.000000	2479.495341
1.320000	0.000000	2454.148621
1.330000	0.000000	2341.768846
1.340000	0.000000	2258.683431
1.350000	0.000000	2255.438018
1.360000	0.000000	2341.932316
1.370000	0.000000	2370.244345
1.380000	0.000000	2303.388638
1.390000	0.000000	2392.787881
1.400000	0.000000	2495.735276
1.410000	0.000000	2136.761373
1.420000	0.000000	2186.296975
1.430000	0.000000	2162.469682
1.440000	0.000000	2066.966619
1.450000	0.000000	2092.487693
1.460000	0.000000	2028.477419
1.470000	0.000000	2229.886817
1.480000	0.000000	2674.967393
1.490000	0.000000	2621.883772
1.500000	0.000000	2394.219579
1.510000	0.000000	2095.415496
1.520000	0.000000	1943.609022
1.530000	0.000000	1919.836215
1.540000	0.000000	2300.420067
1.550000	0.000000	2618.980181
1.560000	0.000000	1935.060955
1.570000	0.000000	1973.271578
1.580000	0.000000	1836.875019
1.590000	0.000000	1828.415491
1.600000	0.000000	1846.611362
1.610000	0.000000	1834.057187
1.620000	0.000000	1770.541102
1.630000	0.000000	1755.805016
1.640000	0.000000	1730.897467
1.650000	0.000000	1981.189086
1.660000	0.000000	1979.503813
1.670000	0.000000	1867.881665
1.680000	0.000000	1753.223721
1.690000	0.000000	1683.581536
1.700000	0.000000	1672.246147
1.710000	0.000000	1663.189067
1.720000	0.000000	1741.094449
1.730000	0.000000	1878.282151
1.740000	0.000000	1643.843580
1.750000	0.000000	1755.154948
1.760000	0.000000	1668.512466
1.770000	0.000000	1639.296673
1.780000	0.000000	1551.542479
1.790000	0.000000	1539.318690
1.800000	0.000000	1561.194338
1.810000	0.000000	1647.195901
1.820000	0.000000	1612.582302
1.830000	0.000000	1544.538204
1.840000	0.000000	1499.293953
1.850000	0.000000	1472.087424
1.860000	0.000000	1455.430096
1.870000	0.000000	1478.160758
1.880000	0.000000	1485.068259
1.890000	0.000000	1424.534147
1.900000	0.000000	1413.587552
1.910000	0.000000	1400.507107
1.920000	0.000000	1389.911904
1.930000	0.000000	1378.535333
1.940000	0.000000	1382.275173
1.950000	0.000000	1364.534686
1.960000	0.000000	1344.592003
1.970000	0.000000	1337.098700
1.980000	0.000000	1327.336617
1.990000	0.000000	1316.767050
2.000000	0.000000	1307.987919
2.010000	0.000000	1297.917351
2.020000	0.000000	1292.756867
2.030000	0.000000	1282.304867
2.040000	0.000000	1268.939103
2.050000	0.000000	1262.223030
2.060000	0.000000	1250.800072
2.070000	0.000000	1237.713304
2.080000	0.000000	1229.005360
2.090000	0.000000	1216.783559
2.100000	0.000000	1206.932315
2.110000	0.000000	1198.035012
2.120000	0.000000	1188.031838
2.130000	0.000000	1178.207883
2.140000	0.000000	1158.091198
2.150000	0.000000	1149.153499
2.160000	0.000000	1129.776051
2.170000	0.000000	1112.566886
2.180000	0.000000	1098.174288
2.190000	0.000000	1084.297471
2.200000	0.000000	1070.773701
2.210000	0.000000	1056.193091
2.220000	0.000000	1040.817732
2.230000	0.000000	1026.530330
2.240000	0.000000	1012.191713
2.250000	0.000000	997.842091
2.260000	0.000000	983.517578
2.270000	0.000000	969.567424
2.280000	0.000000	954.306949
2.290000	0.000000	940.240072
2.300000	0.000000	948.953440
2.310000	0.000000	916.238324
2.320000	0.000000	897.391444
2.330000	0.000000	880.129222
2.340000	0.000000	861.049900
2.350000	0.000000	841.216938
2.360000	0.000000	821.332145
2.370000	0.000000	829.770472
2.380000	0.000000	820.833827
2.390000	0.000000	762.254727
2.400000	0.000000	775.166667
2.410000	0.000000	830.128059
2.420000	0.000000	7380.978377
2.430000	0.000000	50072.004108
2.440000	0.000000	24425.642710
2.450000	0.000000	8889.526749
2.460000	0.000000	117299.343179
2.470000	0.000000	15856.387816
2.480000	0.000000	597.963455
2.490000	0.000000	582.485011
2.500000	0.000000	567.025441
2.510000	0.000000	552.447289
2.520000	0.000000	536.758016
2.530000	0.000000	520.750624
2.540000	0.000000	505.422711
2.550000	0.000000	572.343250
2.560000	0.000000	630.673973
2.570000	0.000000	465.157997
2.580000	0.000000	1591.444674
2.590000	0.000000	6350.526116
2.600000	0.000000	7396.615573
2.610000	0.000000	83882.507605
2.620000	0.000000	164068.230454
2.630000	0.000000	12420.474213
2.640000	0.000000	353.106076
2.650000	0.000000	349.877111
2.660000	0.000000	346.963881
2.670000	0.000000	344.154679
2.680000	0.000000	341.323455
2.690000	0.000000	338.492690
2.700000	0.000000	335.808719
2.710000	0.000000	333.115291
2.720000	0.000000	331.615183
2.730000	0.000000	330.312071
2.740000	0.000000	327.221839
2.750000	0.000000	329.673929
2.760000	0.000000	321.247778
2.770000	0.000000	322.957913
2.780000	0.000000	337.583240
2.790000	0.000000	327.948795
2.800000	0.000000	363.523987
2.810000	0.000000	317.349831
2.820000	0.000000	978.756942
2.830000	0.000000	606.323882
2.840000	0.000000	340.288952
2.850000	0.000000	302.112127
2.860000	0.000000	293.704025
2.870000	0.000000	9548.377971
2.880000	0.000000	11975.060828
2.890000	0.000000	286.194817
2.900000	0.000000	283.720013
2.910000	0.000000	281.225639
2.920000	0.000000	278.913267
2.930000	0.000000	277.379569
2.940000	0.000000	284.800355
2.950000	0.000000	649.951479
2.960000	0.000000	400.088833
2.970000	0.000000	280.154046
2.980000	0.000000	277.128686
2.990000	0.000000	265.533911
3.000000	0.000000	259.616440
3.010000	0.000000	384.192558
3.020000	0.000000	4462.664268
3.030000	0.000000	3727.220846
3.040000	0.000000	612.562522
3.050000	0.000000	703.683119
3.060000	0.000000	390.256653
3.070000	0.000000	243.655042
3.080000	0.000000	242.131884
3.090000	0.000000	5180.709234
3.100000	0.000000	32822.918617
3.110000	0.000000	247.480182
3.120000	0.000000	311.755827
3.130000	0.000000	2498.461331
3.140000	0.000000	500.949096
3.150000	0.000000	1260.920501
3.160000	0.000000	528.498093
3.170000	0.000000	795.784371
3.180000	0.000000	1072.323408
3.190000	0.000000	644.138133
3.200000	0.000000	267.592989
3.210000	0.000000	262.270296
3.220000	0.000000	301.685547
3.230000	0.000000	294.778501
3.240000	0.000000	293.468436
3.250000	0.000000	300.231871
3.260000	0.000000	1640.448736
3.270000	0.000000	10036.420943
3.280000	0.000000	319.846835
3.290000	0.000000	287.464033
3.300000	0.000000	285.116072
3.310000	0.000000	351.718891
3.320000	0.000000	416.495335
3.330000	0.000000	313.944715
3.340000	0.000000	273.564992
3.350000	0.000000	3172.414757
3.360000	0.000000	2343.884652
3.370000	0.000000	267.798101
3.380000	0.000000	265.952286
3.390000	0.000000	1184.157307
3.400000	0.000000	2010.361766
3.410000	0.000000	636.720815
3.420000	0.000000	1549.408246
3.430000	0.000000	372.092417
3.440000	0.000000	1270.943378
3.450000	0.000000	1268.180300
3.460000	0.000000	265.145007
3.470000	0.000000	255.749869
3.480000	0.000000	249.113806
3.490000	0.000000	408.187773
3.500000	0.000000	499.270227
3.510000	0.000000	505.518187
3.520000	0.000000	497.394761
3.530000	0.000000	494.273515
3.540000	0.000000	491.370029
3.550000	0.000000	488.634987
3.560000	0.000000	485.879280
3.570000	0.000000	482.929458
3.580000	0.000000	480.283946
3.590000	0.000000	477.398323
3.600000	0.000000	474.990559
3.610000	0.000000	475.048362
3.620000	0.000000	469.605703
3.630000	0.000000	465.819619
3.640000	0.000000	463.022635
3.650000	0.000000	460.156782
3.660000	0.000000	457.621904
3.670000	0.000000	455.919327
3.680000	0.000000	479.884242
3.690000	0.000000	469.634407
3.700000	0.000000	449.173516
3.710000	0.000000	443.463895
3.720000	0.000000	440.493235
3.730000	0.000000	437.711314
3.740000	0.000000	434.933581
3.750000	0.000000	432.154949
3.760000	0.000000	429.367008
3.770000	0.000000	426.758333
3.780000	0.000000	425.772120
3.790000	0.000000	421.794702
3.800000	0.000000	418.303367
3.810000	0.000000	415.379041
3.820000	0.000000	412.547803
3.830000	0.000000	410.142462
3.840000	0.000000	408.201811
3.850000	0.000000	453.281994
3.860000	0.000000	453.966386
3.870000	0.000000	436.188361
3.880000	0.000000	433.233837
3.890000	0.000000	493.659691
3.900000	0.000000	526.848709
3.910000	0.000000	388.006565
3.920000	0.000000	390.781168
3.930000	0.000000	406.273069
3.940000	0.000000	379.992007
3.950000	0.000000	377.414473
3.960000	0.000000	381.329297
3.970000	0.000000	372.211259
3.980000	0.000000	369.190411
3.990000	0.000000	366.531882
4.000000	0.000000	366.938343
4.010000	0.000000	362.464241
4.020000	0.000000	358.727622
4.030000	0.000000	357.487630
4.040000	0.000000	354.740746
4.050000	0.000000	351.756896
4.060000	0.000000	351.710385
4.070000	0.000000	350.769539
4.080000	0.000000	345.641753
4.090000	0.000000	351.129573
4.100000	0.000000	381.856494
4.110000	0.000000	338.759107
4.120000	0.000000	334.890475
4.130000	0.000000	331.301624
4.140000	0.000000	337.633843
4.150000	0.000000	328.730332
4.160000	0.000000	325.675160
4.170000	0.000000	323.819991
4.180000	0.000000	321.942293
4.190000	0.000000	320.079210
4.200000	0.000000	318.231457
4.210000	0.000000	316.384132
4.220000	0.000000	314.536910
4.230000	0.000000	312.720281
4.240000	0.000000	312.081948
4.250000	0.000000	311.998409
4.260000	0.000000	307.156358
4.270000	0.000000	305.339849
4.280000	0.000000	303.461820
4.290000	0.000000	301.595805
4.300000	0.000000	301.714030
4.310000	0.000000	298.069524
4.320000	0.000000	295.998540
4.330000	0.000000	295.638815
4.340000	0.000000	292.845102
4.350000	0.000000	291.078524
4.360000	0.000000	289.329595
4.370000	0.000000	287.330901
4.380000	0.000000	285.547369
4.390000	0.000000	283.601560
4.400000	0.000000	281.504334
4.410000	0.000000	279.730781
4.420000	0.000000	278.053494
4.430000	0.000000	276.538210
4.440000	0.000000	274.569091
4.450000	0.000000	272.797474
4.460000	0.000000	271.023867
4.470000	0.000000	269.175692
4.480000	0.000000	267.772442
4.490000	0.000000	265.681460
4.500000	0.000000	266.611218
4.510000	0.000000	263.660562
4.520000	0.000000	260.618080
4.530000	0.000000	258.688364
4.540000	0.000000	256.935728
4.550000	0.000000	255.129735
4.560000	0.000000	253.380757
4.570000	0.000000	260.765173
4.580000	0.000000	269.610506
4.590000	0.000000	248.161128
4.600000	0.000000	246.428462
4.610000	0.000000	244.716297
4.620000	0.000000	243.170405
4.630000	0.000000	241.170797
4.640000	0.000000	239.385628
4.650000	0.000000	237.652014
4.660000	0.000000	235.917895
4.670000	0.000000	234.187291
4.680000	0.000000	232.542036
4.690000	0.000000	231.930753
4.700000	0.000000	230.458601
4.710000	0.000000	228.435053
4.720000	0.000000	227.910306
4.730000	0.000000	226.935163
4.740000	0.000000	225.291904
4.750000	0.000000	225.187714
4.760000	0.000000	220.472844
4.770000	0.000000	219.157634
4.780000	0.000000	218.027275
4.790000	0.000000	216.818345
4.800000	0.000000	215.429453
4.810000	0.000000	214.520656
4.820000	0.000000	220.656360
4.830000	0.000000	213.424014
4.840000	0.000000	210.471818
4.850000	0.000000	210.625062
4.860000	0.000000	211.135115
4.870000	0.000000	208.442620
4.880000	0.000000	205.594558
4.890000	0.000000	204.407820
4.900000	0.000000	203.224495
4.910000	0.000000	202.043781
4.920000	0.000000	201.776747
4.930000	0.000000	202.711388
4.940000	0.000000	198.542737
4.950000	0.000000	197.345693
4.960000	0.000000	196.317083
4.970000	0.000000	195.262988
4.980000	0.000000	195.582488
4.990000	0.000000	192.791244
5.000000	0.000000	191.351785
5.010000	0.000000	190.178713
5.020000	0.000000	189.856978
5.030000	0.000000	188.331867
5.040000	0.000000	187.117967
5.050000	0.000000	186.095580
5.060000	0.000000	184.615726
5.070000	0.000000	183.405443
5.080000	0.000000	182.288046
5.090000	0.000000	180.903404
5.100000	0.000000	179.752113
5.110000	0.000000	178.792573
5.120000	0.000000	179.173148
5.130000	0.000000	176.391815
5.140000	0.000000	175.181836
5.150000	0.000000	174.196960
5.160000	0.000000	172.954378
5.170000	0.000000	171.805989
5.180000	0.000000	170.654273
5.190000	0.000000	169.488441
5.200000	0.000000	168.492891
5.210000	0.000000	167.275060
5.220000	0.000000	165.979159
5.230000	0.000000	164.839098
5.240000	0.000000	163.970461
5.250000	0.000000	163.120627
5.260000	0.000000	161.417871
5.270000	0.000000	160.277757
5.280000	0.000000	159.137461
5.290000	0.000000	157.997197
5.300000	0.000000	156.816387
5.310000	0.000000	156.039994
5.320000	0.000000	154.567505
5.330000	0.000000	153.533506
5.340000	0.000000	152.561336
5.350000	0.000000	151.780324
5.360000	0.000000	150.720208
5.370000	0.000000	149.742502
5.380000	0.000000	148.789459
5.390000	0.000000	147.863093
5.400000	0.000000	147.050286
5.410000	0.000000	146.215297
5.420000	0.000000	145.379952
5.430000	0.000000	144.601810
5.440000	0.000000	143.825980
5.450000	0.000000	143.032169
5.460000	0.000000	142.242091
5.470000	0.000000	141.458070
5.480000	0.000000	140.660179
5.490000	0.000000	139.997776
5.500000	0.000000	139.131583
5.510000	0.000000	138.334313
5.520000	0.000000	137.534498
5.530000	0.000000	136.797391
5.540000	0.000000	136.029106
5.550000	0.000000	135.197406
5.560000	0.000000	134.407040
5.570000	0.000000	133.851806
5.580000	0.000000	133.205112
5.590000	0.000000	132.089458
5.600000	0.000000	131.494975
5.610000	0.000000	131.704239
5.620000	0.000000	135.270007
5.630000	0.000000	133.066023
5.640000	0.000000	130.740026
5.650000	0.000000	131.063200
5.660000	0.000000	129.873096
5.670000	0.000000	138.033892
5.680000	0.000000	128.697953
5.690000	0.000000	124.373979
5.700000	0.000000	123.603911
5.710000	0.000000	122.840906
5.720000	0.000000	122.078298
5.730000	0.000000	121.316199
5.740000	0.000000	120.555607
5.750000	0.000000	119.812449
5.760000	0.000000	119.083726
5.770000	0.000000	118.307294
5.780000	0.000000	117.540963
5.790000	0.000000	116.782812
5.800000	0.000000	116.022551
5.810000	0.000000	115.212940
5.820000	0.000000	114.461916
5.830000	0.000000	113.700236
5.840000	0.000000	112.946042
5.850000	0.000000	112.189528
5.860000	0.000000	111.545704
5.870000	0.000000	110.826777
5.880000	0.000000	110.043507
5.890000	0.000000	109.254255
5.900000	0.000000	108.495461
5.910000	0.000000	107.759340
5.920000	0.000000	107.080284
5.930000	0.000000	106.449760
5.940000	0.000000	105.430140
5.950000	0.000000	104.788759
5.960000	0.000000	104.167886
5.970000	0.000000	103.535530
5.980000	0.000000	102.881772
5.990000	0.000000	102.259487
6.000000	0.000000	101.706762
6.010000	0.000000	101.033560
6.020000	0.000000	100.436040
6.030000	0.000000	99.837160
6.040000	0.000000	99.257000
6.050000	0.000000	98.723576
6.060000	0.000000	98.212867
6.070000	0.000000	97.715685
6.080000	0.000000	97.204604
6.090000	0.000000	96.733447
6.100000	0.000000	96.390692
6.110000	0.000000	96.201556
6.120000	0.000000	97.887878
6.130000	0.000000	95.862086
6.140000	0.000000	94.866412
6.150000	0.000000	95.028597
6.160000	0.000000	94.268978
6.170000	0.000000	96.874051
6.180000	0.000000	93.140969
6.190000	0.000000	91.502695
6.200000	0.000000	91.005776
6.210000	0.000000	90.498900
6.220000	0.000000	89.989024
6.230000	0.000000	89.485777
6.240000	0.000000	88.983103
6.250000	0.000000	88.481083
6.260000	0.000000	87.978989
6.270000	0.000000	87.475464
6.280000	0.000000	86.973305
6.290000	0.000000	86.472241
6.300000	0.000000	85.968390
6.310000	0.000000	85.442316
6.320000	0.000000	84.944404
6.330000	0.000000	84.441618
6.340000	0.000000	83.939460
6.350000	0.000000	83.445650
6.360000	0.000000	82.944994
6.370000	0.000000	82.443063
6.380000	0.000000	81.966648
6.390000	0.000000	81.475237
6.400000	0.000000	81.009225
6.410000	0.000000	80.535273
6.420000	0.000000	79.981658
6.430000	0.000000	79.487257
6.440000	0.000000	79.044611
6.450000	0.000000	78.560949
6.460000	0.000000	78.421797
6.470000	0.000000	78.669765
6.480000	0.000000	77.087744
6.490000	0.000000	76.840561
6.500000	0.000000	76.143296
6.510000	0.000000	75.569483
6.520000	0.000000	75.116160
6.530000	0.000000	80.189079
6.540000	0.000000	82.233524
6.550000	0.000000	77.676966
6.560000	0.000000	75.050358
6.570000	0.000000	81.123682
6.580000	0.000000	85.085512
6.590000	0.000000	80.688562
6.600000	0.000000	102.123294
6.610000	0.000000	166.174989
6.620000	0.000000	184.555181
6.630000	0.000000	274.919039
6.640000	0.000000	248.491207
6.650000	0.000000	302.263999
6.660000	0.000000	322.319180
6.670000	0.000000	182.687062
6.680000	0.000000	212.970076
6.690000	0.000000	577.823953
6.700000	0.000000	281.554509
6.710000	0.000000	69.449937
6.720000	0.000000	66.609172
6.730000	0.000000	65.829363
6.740000	0.000000	65.488813
6.750000	0.000000	65.149787
6.760000	0.000000	64.816987
6.770000	0.000000	64.484837
6.780000	0.000000	64.152534
6.790000	0.000000	63.820345
6.800000	0.000000	63.487535
6.810000	0.000000	63.146024
6.820000	0.000000	62.801885
6.830000	0.000000	62.470865
6.840000	0.000000	62.241588
6.850000	0.000000	61.835596
6.860000	0.000000	61.479249
6.870000	0.000000	61.214894
6.880000	0.000000	60.863056
6.890000	0.000000	60.618285
6.900000	0.000000	60.431578
6.910000	0.000000	61.073914
6.920000	0.000000	61.614725
6.930000	0.000000	60.384745
6.940000	0.000000	60.564781
6.950000	0.000000	60.971259
6.960000	0.000000	59.607284
6.970000	0.000000	63.750178
6.980000	0.000000	57.571653
6.990000	0.000000	57.188674
7.000000	0.000000	56.858921
7.010000	0.000000	56.567832
7.020000	0.000000	56.534465
7.030000	0.000000	55.998130
7.040000	0.000000	55.549194
7.050000	0.000000	55.270682
7.060000	0.000000	54.951448
7.070000	0.000000	54.594935
7.080000	0.000000	54.252706
7.090000	0.000000	53.910516
7.100000	0.000000	53.594676
7.110000	0.000000	53.290698
7.120000	0.000000	52.951863
7.130000	0.000000	52.629821
7.140000	0.000000	52.307946
7.150000	0.000000	51.960434
7.160000	0.000000	51.682877
7.170000	0.000000	51.515850
7.180000	0.000000	51.077737
7.190000	0.000000	50.815897
7.200000	0.000000	50.417146
7.210000	0.000000	50.045254
7.220000	0.000000	49.718184
7.230000	0.000000	49.395067
7.240000	0.000000	49.075786
7.250000	0.000000	48.782765
7.260000	0.000000	48.624146
7.270000	0.000000	48.492667
7.280000	0.000000	47.957356
7.290000	0.000000	47.612287
7.300000	0.000000	47.341952
7.310000	0.000000	47.071394
7.320000	0.000000	46.784965
7.330000	0.000000	46.565892
7.340000	0.000000	46.250509
7.350000	0.000000	45.973592
7.360000	0.000000	45.734217
7.370000	0.000000	45.453230
7.380000	0.000000	45.191209
7.390000	0.000000	44.930157
7.400000	0.000000	44.663294
7.410000	0.000000	44.393630
7.420000	0.000000	44.128587
7.430000	0.000000	43.894016
7.440000	0.000000	43.672074
7.450000	0.000000	43.451836
7.460000	0.000000	43.233812
7.470000	0.000000	43.012474
7.480000	0.000000	42.798332
7.490000	0.000000	42.563071
7.500000	0.000000	42.345100
7.510000	0.000000	42.127233
7.520000	0.000000	42.004997
7.530000	0.000000	41.742597
7.540000	0.000000	41.499327
7.550000	0.000000	41.333409
7.560000	0.000000	41.105630
7.570000	0.000000	40.847114
7.580000	0.000000	40.619799
7.590000	0.000000	40.392822
7.600000	0.000000	40.179521
7.610000	0.000000	40.016823
7.620000	0.000000	39.938276
7.630000	0.000000	39.714718
7.640000	0.000000	39.549654
7.650000	0.000000	39.190663
7.660000	0.000000	38.916233
7.670000	0.000000	38.653956
7.680000	0.000000	38.747551
7.690000	0.000000	38.368367
7.700000	0.000000	38.497251
7.710000	0.000000	39.164742
7.720000	0.000000	42.194512
7.730000	0.000000	43.735926
7.740000	0.000000	41.161947
7.750000	0.000000	41.808633
7.760000	0.000000	45.960480
7.770000	0.000000	51.870492
7.780000	0.000000	65.979806
7.790000	0.000000	45.729043
7.800000	0.000000	46.703580
7.810000	0.000000	36.011362
7.820000	0.000000	38.735346
7.830000	0.000000	36.263980
7.840000	0.000000	35.080039
7.850000	0.000000	34.763115
7.860000	0.000000	41.760620
7.870000	0.000000	72.232640
7.880000	0.000000	52.093060
7.890000	0.000000	33.911891
7.900000	0.000000	33.699809
7.910000	0.000000	33.506203
7.920000	0.000000	33.300758
7.930000	0.000000	33.063895
7.940000	0.000000	32.854127
7.950000	0.000000	32.654167
7.960000	0.000000	32.477067
7.970000	0.000000	32.326515
7.980000	0.000000	32.114354
7.990000	0.000000	31.925354
8.000000	0.000000	31.746461
8.010000	0.000000	31.583141
8.020000	0.000000	31.396860
8.030000	0.000000	31.232498
8.040000	0.000000	31.053768
8.050000	0.000000	30.883497
8.060000	0.000000	30.707409
8.070000	0.000000	30.522188
8.080000	0.000000	30.343869
8.090000	0.000000	30.251793
8.100000	0.000000	30.175220
8.110000	0.000000	29.917497
8.120000	0.000000	29.739853
8.130000	0.000000	29.602182
8.140000	0.000000	29.532750
8.150000	0.000000	29.266280
8.160000	0.000000	45.129712
8.170000	0.000000	30.073132
8.180000	0.000000	31.090865
8.190000	0.000000	29.500479
8.200000	0.000000	28.552520
8.210000	0.000000	30.499434
8.220000	0.000000	29.458829
8.230000	0.000000	28.030864
8.240000	0.000000	28.161820
8.250000	0.000000	28.075566
8.260000	0.000000	27.555643
8.270000	0.000000	27.410848
8.280000	0.000000	31.220765
8.290000	0.000000	41.190822
8.300000	0.000000	26.991167
8.310000	0.000000	26.865231
8.320000	0.000000	26.692866
8.330000	0.000000	26.581205
8.340000	0.000000	33.044385
8.350000	0.000000	27.318428
8.360000	0.000000	27.342015
8.370000	0.000000	26.400860
8.380000	0.000000	25.838603
8.390000	0.000000	26.617236
8.400000	0.000000	26.258040
8.410000	0.000000	25.398620
8.420000	0.000000	25.255714
8.430000	0.000000	25.114163
8.440000	0.000000	24.972707
8.450000	0.000000	24.831093
8.460000	0.000000	24.689727
8.470000	0.000000	25.214458
8.480000	0.000000	31.331582
8.490000	0.000000	24.260327
8.500000	0.000000	24.114434
8.510000	0.000000	23.973073
8.520000	0.000000	23.831912
8.530000	0.000000	23.691874
8.540000	0.000000	23.550730
8.550000	0.000000	23.410978
8.560000	0.000000	23.292625
8.570000	0.000000	23.149889
8.580000	0.000000	24.745633
8.590000	0.000000	25.153360
8.600000	0.000000	22.713445
8.610000	0.000000	22.563195
8.620000	0.000000	22.422237
8.630000	0.000000	22.281817
8.640000	0.000000	22.325777
8.650000	0.000000	24.244897
8.660000	0.000000	21.899529
8.670000	0.000000	21.779961
8.680000	0.000000	21.826647
8.690000	0.000000	22.784295
8.700000	0.000000	21.774104
8.710000	0.000000	21.950623
8.720000	0.000000	21.526173
8.730000	0.000000	21.463153
8.740000	0.000000	21.290637
8.750000	0.000000	20.847640
8.760000	0.000000	20.736118
8.770000	0.000000	20.619236
8.780000	0.000000	20.497653
8.790000	0.000000	20.383493
8.800000	0.000000	20.270265
8.810000	0.000000	20.150907
8.820000	0.000000	20.045036
8.830000	0.000000	20.049355
8.840000	0.000000	19.933320
8.850000	0.000000	19.817169
8.860000	0.000000	19.703899
8.870000	0.000000	19.602591
8.880000	0.000000	19.505514
8.890000	0.000000	19.408861
8.900000	0.000000	19.362749
8.910000	0.000000	19.260728
8.920000	0.000000	19.118158
8.930000	0.000000	19.021614
8.940000	0.000000	18.926000
8.950000	0.000000	18.830451
8.960000	0.000000	18.734940
8.970000	0.000000	18.639435
8.980000	0.000000	18.544877
8.990000	0.000000	18.465230
9.000000	0.000000	18.346634
9.010000	0.000000	18.291926
9.020000	0.000000	18.256540
9.030000	0.000000	18.083001
9.040000	0.000000	17.991609
9.050000	0.000000	17.907581
9.060000	0.000000	17.902019
9.070000	0.000000	18.090521
9.080000	0.000000	17.941872
9.090000	0.000000	17.575124
9.100000	0.000000	17.444838
9.110000	0.000000	17.333427
9.120000	0.000000	17.266947
9.130000	0.000000	17.145636
9.140000	0.000000	17.014357
9.150000	0.000000	16.922085
9.160000	0.000000	16.882804
9.170000	0.000000	16.819273
9.180000	0.000000	17.222714
9.190000	0.000000	16.631062
9.200000	0.000000	16.440619
9.210000	0.000000	16.346242
9.220000	0.000000	16.251866
9.230000	0.000000	16.157494
9.240000	0.000000	16.063299
9.250000	0.000000	15.968938
9.260000	0.000000	15.874408
9.270000	0.000000	15.780049
9.280000	0.000000	15.685745
9.290000	0.000000	15.591775
9.300000	0.000000	15.498603
9.310000	0.000000	15.405956
9.320000	0.000000	15.313405
9.330000	0.000000	15.215583
9.340000	0.000000	15.120155
9.350000	0.000000	15.036597
9.360000	0.000000	14.957407
9.370000	0.000000	14.878995
9.380000	0.000000	14.800677
9.390000	0.000000	14.722380
9.400000	0.000000	14.644095
9.410000	0.000000	14.565834
9.420000	0.000000	14.487555
9.430000	0.000000	14.409267
9.440000	0.000000	14.334029
9.450000	0.000000	14.260041
9.460000	0.000000	14.176643
9.470000	0.000000	14.098441
9.480000	0.000000	14.021379
9.490000	0.000000	13.940387
9.500000	0.000000	13.859799
9.510000	0.000000	13.778660
9.520000	0.000000	13.964084
9.530000	0.000000	13.676910
9.540000	0.000000	13.583837
9.550000	0.000000	13.484167
9.560000	0.000000	13.400261
9.570000	0.000000	13.358913
9.580000	0.000000	13.273096
9.590000	0.000000	13.164857
9.600000	0.000000	13.091853
9.610000	0.000000	13.025576
9.620000	0.000000	12.961945
9.630000	0.000000	12.898315
9.640000	0.000000	12.834685
9.650000	0.000000	12.784656
9.660000	0.000000	12.922155
9.670000	0.000000	12.639709
9.680000	0.000000	12.576158
9.690000	0.000000	12.512314
9.700000	0.000000	12.449153
9.710000	0.000000	12.385618
9.720000	0.000000	12.321562
9.730000	0.000000	12.339631
9.740000	0.000000	12.252675
9.750000	0.000000	12.144651
9.760000	0.000000	12.083606
9.770000	0.000000	12.004394
9.780000	0.000000	11.950322
9.790000	0.000000	11.900585
9.800000	0.000000	11.814841
9.810000	0.000000	11.751738
9.820000	0.000000	11.688529
9.830000	0.000000	11.624479
9.840000	0.000000	11.557972
9.850000	0.000000	11.494908
9.860000	0.000000	11.431966
9.870000	0.000000	11.369061
9.880000	0.000000	11.317650
9.890000	0.000000	11.297086
9.900000	0.000000	11.208965
9.910000	0.000000	11.117543
9.920000	0.000000	11.054668
9.930000	0.000000	10.991789
9.940000	0.000000	10.928917
9.950000	0.000000	10.866131
9.960000	0.000000	10.803595
9.970000	0.000000	10.741356
9.980000	0.000000	10.679225
9.990000	0.000000	10.618934
10.000000	0.000000	10.599846
10.010000	0.000000	10.490563
10.020000	0.000000	10.427212
10.030000	0.000000	10.365459
10.040000	0.000000	10.303746
10.050000	0.000000	10.242882
10.060000	0.000000	10.187270
10.070000	0.000000	10.150921
10.080000	0.000000	10.095318
10.090000	0.000000	10.030347
10.100000	0.000000	9.978372
10.110000	0.000000	9.926068
10.120000	0.000000	9.878476
10.130000	0.000000	9.835347
10.140000	0.000000	9.769192
10.150000	0.000000	9.718002
10.160000	0.000000	9.675835
10.170000	0.000000	9.610471
10.180000	0.000000	9.564916
10.190000	0.000000	9.505750
10.200000	0.000000	9.452711
10.210000	0.000000	9.400924
10.220000	0.000000	9.349548
10.230000	0.000000	9.298334
10.240000	0.000000	9.247169
10.250000	0.000000	9.196017
10.260000	0.000000	9.144866
10.270000	0.000000	9.093751
10.280000	0.000000	9.043045
10.290000	0.000000	8.992889
10.300000	0.000000	8.942326
10.310000	0.000000	8.891389
10.320000	0.000000	8.840452
10.330000	0.000000	8.789521
10.340000	0.000000	8.736329
10.350000	0.000000	8.690769
10.360000	0.000000	8.648211
10.370000	0.000000	8.605805
10.380000	0.000000	8.563398
10.390000	0.000000	8.520992
10.400000	0.000000	8.478586
10.410000	0.000000	8.436180
10.420000	0.000000	8.393775
10.430000	0.000000	8.351439
10.440000	0.000000	8.309244
10.450000	0.000000	8.267146
10.460000	0.000000	8.225071
10.470000	0.000000	8.183042
10.480000	0.000000	8.140932
10.490000	0.000000	8.098758
10.500000	0.000000	8.056511
10.510000	0.000000	8.011720
10.520000	0.000000	7.969631
10.530000	0.000000	7.927550
10.540000	0.000000	7.885538
10.550000	0.000000	7.843640
10.560000	0.000000	7.801625
10.570000	0.000000	7.759645
10.580000	0.000000	7.717717
10.590000	0.000000	7.675798
10.600000	0.000000	7.633917
10.610000	0.000000	7.592021
10.620000	0.000000	7.550064
10.630000	0.000000	7.508170
10.640000	0.000000	7.466384
10.650000	0.000000	7.424874
10.660000	0.000000	7.383544
10.670000	0.000000	7.341437
10.680000	0.000000	7.298209
10.690000	0.000000	7.257072
10.700000	0.000000	7.215935
10.710000	0.000000	7.174799
10.720000	0.000000	7.133662
10.730000	0.000000	7.092525
10.740000	0.000000	7.051389
10.750000	0.000000	7.010253
10.760000	0.000000	6.969134
10.770000	0.000000	6.929688
10.780000	0.000000	6.893286
10.790000	0.000000	6.858472
10.800000	0.000000	6.823657
10.810000	0.000000	6.788843
10.820000	0.000000	6.754028
10.830000	0.000000	6.719215
10.840000	0.000000	6.683305
10.850000	0.000000	6.647574
10.860000	0.000000	6.613176
10.870000	0.000000	6.578781
10.880000	0.000000	6.544389
10.890000	0.000000	6.510010
10.900000	0.000000	6.475654
10.910000	0.000000	6.441309
10.920000	0.000000	6.406969
10.930000	0.000000	6.372666
10.940000	0.000000	6.338409
10.950000	0.000000	6.304178
10.960000	0.000000	6.269997
10.970000	0.000000	6.235877
10.980000	0.000000	6.201760
10.990000	0.000000	6.167645
11.000000	0.000000	6.133529
11.010000	0.000000	6.097838
11.020000	0.000000	6.063003
11.030000	0.000000	6.028898
11.040000	0.000000	5.994819
11.050000	0.000000	5.960828
11.060000	0.000000	5.926863
11.070000	0.000000	5.892900
11.080000	0.000000	5.858938
11.090000	0.000000	5.825086
11.100000	0.000000	5.793221
11.110000	0.000000	5.764043
11.120000	0.000000	5.735779
11.130000	0.000000	5.707574
11.140000	0.000000	5.679479
11.150000	0.000000	5.651403
11.160000	0.000000	5.623328
11.170000	0.000000	5.595252
11.180000	0.000000	5.565478
11.190000	0.000000	5.537203
11.200000	0.000000	5.509128
11.210000	0.000000	5.481052
11.220000	0.000000	5.452978
11.230000	0.000000	5.424941
11.240000	0.000000	5.396933
11.250000	0.000000	5.368932
11.260000	0.000000	5.340932
11.270000	0.000000	5.312931
11.280000	0.000000	5.284932
11.290000	0.000000	5.256941
11.300000	0.000000	5.228967
11.310000	0.000000	5.201011
11.320000	0.000000	5.173060
11.330000	0.000000	5.145132
11.340000	0.000000	5.117244
11.350000	0.000000	5.088004
11.360000	0.000000	5.060491
11.370000	0.000000	5.033054
11.380000	0.000000	5.005624
11.390000	0.000000	4.978194
11.400000	0.000000	4.950764
11.410000	0.000000	4.923335
11.420000	0.000000	4.895906
11.430000	0.000000	4.868477
11.440000	0.000000	4.841048
11.450000	0.000000	4.813619
11.460000	0.000000	4.786190
11.470000	0.000000	4.758761
11.480000	0.000000	4.731344
11.490000	0.000000	4.704296
11.500000	0.000000	4.679738
11.510000	0.000000	4.656050
11.520000	0.000000	4.631995
11.530000	0.000000	4.609055
11.540000	0.000000	4.586116
11.550000	0.000000	4.563177
11.560000	0.000000	4.540243
11.570000	0.000000	4.517313
11.580000	0.000000	4.494385
11.590000	0.000000	4.471461
11.600000	0.000000	4.448549
11.610000	0.000000	4.425648
11.620000	0.000000	4.402747
11.630000	0.000000	4.379847
11.640000	0.000000	4.356949
11.650000	0.000000	4.334060
11.660000	0.000000	4.311193
11.670000	0.000000	4.288365
11.680000	0.000000	4.264726
11.690000	0.000000	4.241194
11.700000	0.000000	4.218447
11.710000	0.000000	4.195704
11.720000	0.000000	4.172961
11.730000	0.000000	4.150219
11.740000	0.000000	4.127478
11.750000	0.000000	4.104739
11.760000	0.000000	4.082003
11.770000	0.000000	4.059268
11.780000	0.000000	4.036534
11.790000	0.000000	4.013801
11.800000	0.000000	3.991069
11.810000	0.000000	3.968374
11.820000	0.000000	3.945799
11.830000	0.000000	3.923293
11.840000	0.000000	3.900788
11.850000	0.000000	3.877161
11.860000	0.000000	3.854924
11.870000	0.000000	3.835742
11.880000	0.000000	3.816982
11.890000	0.000000	3.798260
11.900000	0.000000	3.779537
11.910000	0.000000	3.760815
11.920000	0.000000	3.742095
11.930000	0.000000	3.723396
11.940000	0.000000	3.704717
11.950000	0.000000	3.686044
11.960000	0.000000	3.667371
11.970000	0.000000	3.648698
11.980000	0.000000	3.630025
11.990000	0.000000	3.611353
12.000000	0.000000	3.592680
12.010000	0.000000	3.574008
12.020000	0.000000	3.554139
12.030000	0.000000	3.535404
12.040000	0.000000	3.516791
12.050000	0.000000	3.498234
12.060000	0.000000	3.479789
12.070000	0.000000	3.461453
12.080000	0.000000	3.443147
12.090000	0.000000	3.424842
12.100000	0.000000	3.406536
12.110000	0.000000	3.388230
12.120000	0.000000	3.369925
12.130000	0.000000	3.351620
12.140000	0.000000	3.333315
12.150000	0.000000	3.315010
12.160000	0.000000	3.296705
12.170000	0.000000	3.278401
12.180000	0.000000	3.259900
12.190000	0.000000	3.240590
12.200000	0.000000	3.222452
12.210000	0.000000	3.204328
12.220000	0.000000	3.186668
12.230000	0.000000	3.170717
12.240000	0.000000	3.155355
12.250000	0.000000	3.140049
12.260000	0.000000	3.124744
12.270000	0.000000	3.109439
12.280000	0.000000	3.094133
12.290000	0.000000	3.078831
12.300000	0.000000	3.063535
12.310000	0.000000	3.048247
12.320000	0.000000	3.032966
12.330000	0.000000	3.017686
12.340000	0.000000	3.002406
12.350000	0.000000	2.986745
12.360000	0.000000	2.970813
12.370000	0.000000	2.955533
12.380000	0.000000	2.940254
12.390000	0.000000	2.924977
12.400000	0.000000	2.909728
12.410000	0.000000	2.894494
12.420000	0.000000	2.879264
12.430000	0.000000	2.864052
12.440000	0.000000	2.848865
12.450000	0.000000	2.833690
12.460000	0.000000	2.818516
12.470000	0.000000	2.803341
12.480000	0.000000	2.788168
12.490000	0.000000	2.772995
12.500000	0.000000	2.757823
12.510000	0.000000	2.742657
12.520000	0.000000	2.726899
12.530000	0.000000	2.711331
12.540000	0.000000	2.696249
12.550000	0.000000	2.681172
12.560000	0.000000	2.666094
12.570000	0.000000	2.651017
12.580000	0.000000	2.635940
12.590000	0.000000	2.620873
12.600000	0.000000	2.605835
12.610000	0.000000	2.590820
12.620000	0.000000	2.575863
12.630000	0.000000	2.561629
12.640000	0.000000	2.548747
12.650000	0.000000	2.536285
12.660000	0.000000	2.523823
12.670000	0.000000	2.511361
12.680000	0.000000	2.498899
12.690000	0.000000	2.485772
12.700000	0.000000	2.473133
12.710000	0.000000	2.460671
12.720000	0.000000	2.448210
12.730000	0.000000	2.435782
12.740000	0.000000	2.423378
12.750000	0.000000	2.410979
12.760000	0.000000	2.398581
12.770000	0.000000	2.386207
12.780000	0.000000	2.373907
12.790000	0.000000	2.361675
12.800000	0.000000	2.349455
12.810000	0.000000	2.337235
12.820000	0.000000	2.325015
12.830000	0.000000	2.312795
12.840000	0.000000	2.300575
12.850000	0.000000	2.288357
12.860000	0.000000	2.275313
12.870000	0.000000	2.263096
12.880000	0.000000	2.250942
12.890000	0.000000	2.238839
12.900000	0.000000	2.226743
12.910000	0.000000	2.214647
12.920000	0.000000	2.202552
12.930000	0.000000	2.190456
12.940000	0.000000	2.178360
12.950000	0.000000	2.166347
12.960000	0.000000	2.154980
12.970000	0.000000	2.144564
12.980000	0.000000	2.134348
12.990000	0.000000	2.124132
13.000000	0.000000	2.113917
13.010000	0.000000	2.103704
13.020000	0.000000	2.093345
13.030000	0.000000	2.082595
13.040000	0.000000	2.072396
13.050000	0.000000	2.062197
13.060000	0.000000	2.051998
13.070000	0.000000	2.041799
13.080000	0.000000	2.031600
13.090000	0.000000	2.021401
13.100000	0.000000	2.011203
13.110000	0.000000	2.001004
13.120000	0.000000	1.990806
13.130000	0.000000	1.980608
13.140000	0.000000	1.970416
13.150000	0.000000	1.960239
13.160000	0.000000	1.950070
13.170000	0.000000	1.939903
13.180000	0.000000	1.929749
13.190000	0.000000	1.919332
13.200000	0.000000	1.908807
13.210000	0.000000	1.898679
13.220000	0.000000	1.888554
13.230000	0.000000	1.878430
13.240000	0.000000	1.868306
13.250000	0.000000	1.858187
13.260000	0.000000	1.848099
13.270000	0.000000	1.838031
13.280000	0.000000	1.827967
13.290000	0.000000	1.817903
13.300000	0.000000	1.807839
13.310000	0.000000	1.797775
13.320000	0.000000	1.787711
13.330000	0.000000	1.777647
13.340000	0.000000	1.767584
13.350000	0.000000	1.757525
13.360000	0.000000	1.747053
13.370000	0.000000	1.736761
13.380000	0.000000	1.726728
13.390000	0.000000	1.716722
13.400000	0.000000	1.706908
13.410000	0.000000	1.698084
13.420000	0.000000	1.689709
13.430000	0.000000	1.681416
13.440000	0.000000	1.673137
13.450000	0.000000	1.664859
13.460000	0.000000	1.656581
13.470000	0.000000	1.648302
13.480000	0.000000	1.640024
13.490000	0.000000	1.631749
13.500000	0.000000	1.623493
13.510000	0.000000	1.615309
13.520000	0.000000	1.607141
13.530000	0.000000	1.598508
13.540000	0.000000	1.590255
13.550000	0.000000	1.582094
13.560000	0.000000	1.573935
13.570000	0.000000	1.565795
13.580000	0.000000	1.557700
13.590000	0.000000	1.549621
13.600000	0.000000	1.541543
13.610000	0.000000	1.533464
13.620000	0.000000	1.525386
13.630000	0.000000	1.517308
13.640000	0.000000	1.509230
13.650000	0.000000	1.501154
13.660000	0.000000	1.493077
13.670000	0.000000	1.485001
13.680000	0.000000	1.476925
13.690000	0.000000	1.468820
13.700000	0.000000	1.460598
13.710000	0.000000	1.453733
13.720000	0.000000	1.446909
13.730000	0.000000	1.440088
13.740000	0.000000	1.433268
13.750000	0.000000	1.426450
13.760000	0.000000	1.419634
13.770000	0.000000	1.412821
13.780000	0.000000	1.406008
13.790000	0.000000	1.399197
13.800000	0.000000	1.392386
13.810000	0.000000	1.385575
13.820000	0.000000	1.378764
13.830000	0.000000	1.371953
13.840000	0.000000	1.365142
13.850000	0.000000	1.358332
13.860000	0.000000	1.351400
13.870000	0.000000	1.344250
13.880000	0.000000	1.337439
13.890000	0.000000	1.330630
13.900000	0.000000	1.323831
13.910000	0.000000	1.317039
13.920000	0.000000	1.310248
13.930000	0.000000	1.303468
13.940000	0.000000	1.296699
13.950000	0.000000	1.289936
13.960000	0.000000	1.283174
13.970000	0.000000	1.276412
13.980000	0.000000	1.269652
13.990000	0.000000	1.262900
14.000000	0.000000	1.256170
14.010000	0.000000	1.249449
14.020000	0.000000	1.242728
14.030000	0.000000	1.235792
14.040000	0.000000	1.228832
14.050000	0.000000	1.222111
14.060000	0.000000	1.215390
14.070000	0.000000	1.208673
14.080000	0.000000	1.201964
14.090000	0.000000	1.195258
14.100000	0.000000	1.188551
14.110000	0.000000	1.181845
14.120000	0.000000	1.175141
14.130000	0.000000	1.168446
14.140000	0.000000	1.161764
14.150000	0.000000	1.155086
14.160000	0.000000	1.148409
14.170000	0.000000	1.141742
14.180000	0.000000	1.135165
14.190000	0.000000	1.129237
14.200000	0.000000	1.123453
14.210000	0.000000	1.117808
14.220000	0.000000	1.112280
14.230000	0.000000	1.106758
14.240000	0.000000	1.101281
14.250000	0.000000	1.095821
14.260000	0.000000	1.090365
14.270000	0.000000	1.084921
14.280000	0.000000	1.079503
14.290000	0.000000	1.074102
14.300000	0.000000	1.068702
14.310000	0.000000	1.063304
14.320000	0.000000	1.057909
14.330000	0.000000	1.052515
14.340000	0.000000	1.047120
14.350000	0.000000	1.041725
14.360000	0.000000	1.036331
14.370000	0.000000	1.030610
14.380000	0.000000	1.025177
14.390000	0.000000	1.019782
14.400000	0.000000	1.014388
14.410000	0.000000	1.008993
14.420000	0.000000	1.003599
14.430000	0.000000	0.998205
14.440000	0.000000	0.992908
14.450000	0.000000	0.988005
14.460000	0.000000	0.983417
14.470000	0.000000	0.978862
14.480000	0.000000	0.974308
14.490000	0.000000	0.969757
14.500000	0.000000	0.965206
14.510000	0.000000	0.960655
14.520000	0.000000	0.956104
14.530000	0.000000	0.951521
14.540000	0.000000	0.946697
14.550000	0.000000	0.942148
14.560000	0.000000	0.937599
14.570000	0.000000	0.933050
14.580000	0.000000	0.928502
14.590000	0.000000	0.923953
14.600000	0.000000	0.919404
14.610000	0.000000	0.914855
14.620000	0.000000	0.910307
14.630000	0.000000	0.905758
14.640000	0.000000	0.901210
14.650000	0.000000	0.896663
14.660000	0.000000	0.892122
14.670000	0.000000	0.887587
14.680000	0.000000	0.883054
14.690000	0.000000	0.878521
14.700000	0.000000	0.873902
14.710000	0.000000	0.869176
14.720000	0.000000	0.864658
14.730000	0.000000	0.860143
14.740000	0.000000	0.855644
14.750000	0.000000	0.851152
14.760000	0.000000	0.846662
14.770000	0.000000	0.842173
14.780000	0.000000	0.837684
14.790000	0.000000	0.833195
14.800000	0.000000	0.828710
14.810000	0.000000	0.824230
14.820000	0.000000	0.819750
14.830000	0.000000	0.815272
14.840000	0.000000	0.810798
14.850000	0.000000	0.806335
14.860000	0.000000	0.801874
14.870000	0.000000	0.797255
14.880000	0.000000	0.792651
14.890000	0.000000	0.788191
14.900000	0.000000	0.783730
14.910000	0.000000	0.779269
14.920000	0.000000	0.774809
14.930000	0.000000	0.770348
14.940000	0.000000	0.765888
14.950000	0.000000	0.761427
14.960000	0.000000	0.756969
14.970000	0.000000	0.752711
14.980000	0.000000	0.748853
14.990000	0.000000	0.745234
15.000000	0.000000	0.741625
15.010000	0.000000	0.738016
15.020000	0.000000	0.734407
15.030000	0.000000	0.730800
15.040000	0.000000	0.727013
15.050000	0.000000	0.723341
15.060000	0.000000	0.719734
15.070000	0.000000	0.716127
15.080000	0.000000	0.712522
15.090000	0.000000	0.708918
15.100000	0.000000	0.705314
15.110000	0.000000	0.701711
15.120000	0.000000	0.698108
15.130000	0.000000	0.694504
15.140000	0.000000	0.690901
15.150000	0.000000	0.687298
15.160000	0.000000	0.683695
15.170000	0.000000	0.680092
15.180000	0.000000	0.676489
15.190000	0.000000	0.672910
15.200000	0.000000	0.669623
15.210000	0.000000	0.666385
15.220000	0.000000	0.663333
15.230000	0.000000	0.660293
15.240000	0.000000	0.657254
15.250000	0.000000	0.654215
15.260000	0.000000	0.651175
15.270000	0.000000	0.648136
15.280000	0.000000	0.645097
15.290000	0.000000	0.642058
15.300000	0.000000	0.639020
15.310000	0.000000	0.635982
15.320000	0.000000	0.632944
15.330000	0.000000	0.629907
15.340000	0.000000	0.626869
15.350000	0.000000	0.623831
15.360000	0.000000	0.620793
15.370000	0.000000	0.617723
15.380000	0.000000	0.614514
15.390000	0.000000	0.611477
15.400000	0.000000	0.608440
15.410000	0.000000	0.605404
15.420000	0.000000	0.602368
15.430000	0.000000	0.599338
15.440000	0.000000	0.596309
15.450000	0.000000	0.593281
15.460000	0.000000	0.590257
15.470000	0.000000	0.587238
15.480000	0.000000	0.584223
15.490000	0.000000	0.581215
15.500000	0.000000	0.578215
15.510000	0.000000	0.575215
15.520000	0.000000	0.572216
15.530000	0.000000	0.569218
15.540000	0.000000	0.566150
15.550000	0.000000	0.563031
15.560000	0.000000	0.560046
15.570000	0.000000	0.557067
15.580000	0.000000	0.554088
15.590000	0.000000	0.551109
15.600000	0.000000	0.548130
15.610000	0.000000	0.545151
15.620000	0.000000	0.542172
15.630000	0.000000	0.539193
15.640000	0.000000	0.536214
15.650000	0.000000	0.533235
15.660000	0.000000	0.530256
15.670000	0.000000	0.527277
15.680000	0.000000	0.524298
15.690000	0.000000	0.521320
15.700000	0.000000	0.518353
15.710000	0.000000	0.515282
15.720000	0.000000	0.512244
15.730000	0.000000	0.509311
15.740000	0.000000	0.506387
15.750000	0.000000	0.503463
15.760000	0.000000	0.500626
15.770000	0.000000	0.498064
15.780000	0.000000	0.495634
15.790000	0.000000	0.493220
15.800000	0.000000	0.490809
15.810000	0.000000	0.488399
15.820000	0.000000	0.485988
15.830000	0.000000	0.483578
15.840000	0.000000	0.481168
15.850000	0.000000	0.478758
15.860000	0.000000	0.476349
15.870000	0.000000	0.473941
15.880000	0.000000	0.471405
15.890000	0.000000	0.468963
15.900000	0.000000	0.466556
15.910000	0.000000	0.464148
15.920000	0.000000	0.461741
15.930000	0.000000	0.459334
15.940000	0.000000	0.456927
15.950000	0.000000	0.454646
15.960000	0.000000	0.452537
15.970000	0.000000	0.450504
15.980000	0.000000	0.448472
15.990000	0.000000	0.446440
16.000000	0.000000	0.444408
16.010000	0.000000	0.442376
16.020000	0.000000	0.440344
16.030000	0.000000	0.438312
16.040000	0.000000	0.436281
16.050000	0.000000	0.434112
16.060000	0.000000	0.432081
16.070000	0.000000	0.430050
16.080000	0.000000	0.428020
16.090000	0.000000	0.425989
16.100000	0.000000	0.423959
16.110000	0.000000	0.421929
16.120000	0.000000	0.419899
16.130000	0.000000	0.417870
16.140000	0.000000	0.415840
16.150000	0.000000	0.413810
16.160000	0.000000	0.411780
16.170000	0.000000	0.409751
16.180000	0.000000	0.407721
16.190000	0.000000	0.405691
16.200000	0.000000	0.403664
16.210000	0.000000	0.401611
16.220000	0.000000	0.399479
16.230000	0.000000	0.397456
16.240000	0.000000	0.395440
16.250000	0.000000	0.393432
16.260000	0.000000	0.391427
16.270000	0.000000	0.389424
16.280000	0.000000	0.387425
16.290000	0.000000	0.385431
16.300000	0.000000	0.383439
16.310000	0.000000	0.381447
16.320000	0.000000	0.379455
16.330000	0.000000	0.377463
16.340000	0.000000	0.375471
16.350000	0.000000	0.373480
16.360000	0.000000	0.371489
16.370000	0.000000	0.369497
16.380000	0.000000	0.367449
16.390000	0.000000	0.365380
16.400000	0.000000	0.363389
16.410000	0.000000	0.361398
16.420000	0.000000	0.359416
16.430000	0.000000	0.357439
16.440000	0.000000	0.355464
16.450000	0.000000	0.353489
16.460000	0.000000	0.351513
16.470000	0.000000	0.349538
16.480000	0.000000	0.347569
16.490000	0.000000	0.345611
16.500000	0.000000	0.343657
16.510000	0.000000	0.341702
16.520000	0.000000	0.339748
16.530000	0.000000	0.337794
16.540000	0.000000	0.335840
16.550000	0.000000	0.333802
16.560000	0.000000	0.331920
16.570000	0.000000	0.330287
16.580000	0.000000	0.328667
16.590000	0.000000	0.327049
16.600000	0.000000	0.325435
16.610000	0.000000	0.323824
16.620000	0.000000	0.322213
16.630000	0.000000	0.320602
16.640000	0.000000	0.318992
16.650000	0.000000	0.317384
16.660000	0.000000	0.315775
16.670000	0.000000	0.314166
16.680000	0.000000	0.312557
16.690000	0.000000	0.310948
16.700000	0.000000	0.309346
16.710000	0.000000	0.307818
16.720000	0.000000	0.306377
16.730000	0.000000	0.305005
16.740000	0.000000	0.303647
16.750000	0.000000	0.302289
16.760000	0.000000	0.300931
16.770000	0.000000	0.299574
16.780000	0.000000	0.298216
16.790000	0.000000	0.296858
16.800000	0.000000	0.295500
16.810000	0.000000	0.294143
16.820000	0.000000	0.292785
16.830000	0.000000	0.291427
16.840000	0.000000	0.290070
16.850000	0.000000	0.288714
16.860000	0.000000	0.287358
16.870000	0.000000	0.286001
16.880000	0.000000	0.284640
16.890000	0.000000	0.283197
16.900000	0.000000	0.281841
16.910000	0.000000	0.280485
16.920000	0.000000	0.279128
16.930000	0.000000	0.277772
16.940000	0.000000	0.276416
16.950000	0.000000	0.275060
16.960000	0.000000	0.273704
16.970000	0.000000	0.272348
16.980000	0.000000	0.270993
16.990000	0.000000	0.269641
17.000000	0.000000	0.268289
17.010000	0.000000	0.266945
17.020000	0.000000	0.265611
17.030000	0.000000	0.264280
17.040000	0.000000	0.262948
17.050000	0.000000	0.261593
17.060000	0.000000	0.260196
17.070000	0.000000	0.258865
17.080000	0.000000	0.257534
17.090000	0.000000	0.256203
17.100000	0.000000	0.254872
17.110000	0.000000	0.253541
17.120000	0.000000	0.252210
17.130000	0.000000	0.250878
17.140000	0.000000	0.249550
17.150000	0.000000	0.248227
17.160000	0.000000	0.246907
17.170000	0.000000	0.245587
17.180000	0.000000	0.244267
17.190000	0.000000	0.242947
17.200000	0.000000	0.241627
17.210000	0.000000	0.240307
17.220000	0.000000	0.238945
17.230000	0.000000	0.237578
17.240000	0.000000	0.236260
17.250000	0.000000	0.234952
17.260000	0.000000	0.233646
17.270000	0.000000	0.232340
17.280000	0.000000	0.231034
17.290000	0.000000	0.229728
17.300000	0.000000	0.228422
17.310000	0.000000	0.227116
17.320000	0.000000	0.225811
17.330000	0.000000	0.224505
17.340000	0.000000	0.223200
17.350000	0.000000	0.221899
17.360000	0.000000	0.220639
17.370000	0.000000	0.219523
17.380000	0.000000	0.218441
17.390000	0.000000	0.217308
17.400000	0.000000	0.216203
17.410000	0.000000	0.215122
17.420000	0.000000	0.214044
17.430000	0.000000	0.212968
17.440000	0.000000	0.211892
17.450000	0.000000	0.210817
17.460000	0.000000	0.209742
17.470000	0.000000	0.208708
17.480000	0.000000	0.207751
17.490000	0.000000	0.206843
17.500000	0.000000	0.205936
17.510000	0.000000	0.205028
17.520000	0.000000	0.204120
17.530000	0.000000	0.203212
17.540000	0.000000	0.202304
17.550000	0.000000	0.201396
17.560000	0.000000	0.200434
17.570000	0.000000	0.199520
17.580000	0.000000	0.198612
17.590000	0.000000	0.197704
17.600000	0.000000	0.196797
17.610000	0.000000	0.195890
17.620000	0.000000	0.194983
17.630000	0.000000	0.194076
17.640000	0.000000	0.193169
17.650000	0.000000	0.192262
17.660000	0.000000	0.191355
17.670000	0.000000	0.190448
17.680000	0.000000	0.189541
17.690000	0.000000	0.188634
17.700000	0.000000	0.187728
17.710000	0.000000	0.186821
17.720000	0.000000	0.185908
17.730000	0.000000	0.184946
17.740000	0.000000	0.184040
17.750000	0.000000	0.183136
17.760000	0.000000	0.182234
17.770000	0.000000	0.181335
17.780000	0.000000	0.180440
17.790000	0.000000	0.179548
17.800000	0.000000	0.178657
17.810000	0.000000	0.177767
17.820000	0.000000	0.176877
17.830000	0.000000	0.175987
17.840000	0.000000	0.175097
17.850000	0.000000	0.174207
17.860000	0.000000	0.173317
17.870000	0.000000	0.172428
17.880000	0.000000	0.171543
17.890000	0.000000	0.170641
17.900000	0.000000	0.169718
17.910000	0.000000	0.168835
17.920000	0.000000	0.167952
17.930000	0.000000	0.167069
17.940000	0.000000	0.166186
17.950000	0.000000	0.165304
17.960000	0.000000	0.164421
17.970000	0.000000	0.163538
17.980000	0.000000	0.162656
17.990000	0.000000	0.161773
18.000000	0.000000	0.160891
18.010000	0.000000	0.160011
18.020000	0.000000	0.159137
18.030000	0.000000	0.158263
18.040000	0.000000	0.157390
18.050000	0.000000	0.156517
18.060000	0.000000	0.155613
18.070000	0.000000	0.154712
18.080000	0.000000	0.153839
18.090000	0.000000	0.152966
18.100000	0.000000	0.152093
18.110000	0.000000	0.151220
18.120000	0.000000	0.150347
18.130000	0.000000	0.149474
18.140000	0.000000	0.148601
18.150000	0.000000	0.147729
18.160000	0.000000	0.146879
18.170000	0.000000	0.146093
18.180000	0.000000	0.145368
18.190000	0.000000	0.144645
18.200000	0.000000	0.143922
18.210000	0.000000	0.143198
18.220000	0.000000	0.142476
18.230000	0.000000	0.141718
18.240000	0.000000	0.141045
18.250000	0.000000	0.140435
18.260000	0.000000	0.139828
18.270000	0.000000	0.139221
18.280000	0.000000	0.138614
18.290000	0.000000	0.138007
18.300000	0.000000	0.137400
18.310000	0.000000	0.136794
18.320000	0.000000	0.136187
18.330000	0.000000	0.135580
18.340000	0.000000	0.134973
18.350000	0.000000	0.134367
18.360000	0.000000	0.133760
18.370000	0.000000	0.133153
18.380000	0.000000	0.132547
18.390000	0.000000	0.131940
18.400000	0.000000	0.131295
18.410000	0.000000	0.130687
18.420000	0.000000	0.130080
18.430000	0.000000	0.129474
18.440000	0.000000	0.128868
18.450000	0.000000	0.128261
18.460000	0.000000	0.127655
18.470000	0.000000	0.127049
18.480000	0.000000	0.126443
18.490000	0.000000	0.125839
18.500000	0.000000	0.125235
18.510000	0.000000	0.124632
18.520000	0.000000	0.124029
18.530000	0.000000	0.123427
18.540000	0.000000	0.122824
18.550000	0.000000	0.122222
18.560000	0.000000	0.121618
18.570000	0.000000	0.120988
18.580000	0.000000	0.120393
18.590000	0.000000	0.119798
18.600000	0.000000	0.119203
18.610000	0.000000	0.118610
18.620000	0.000000	0.118019
18.630000	0.000000	0.117429
18.640000	0.000000	0.116839
18.650000	0.000000	0.116248
18.660000	0.000000	0.115658
18.670000	0.000000	0.115068
18.680000	0.000000	0.114478
18.690000	0.000000	0.113888
18.700000	0.000000	0.113297
18.710000	0.000000	0.112707
18.720000	0.000000	0.112117
18.730000	0.000000	0.111512
18.740000	0.000000	0.110897
18.750000	0.000000	0.110306
18.760000	0.000000	0.109716
18.770000	0.000000	0.109126
18.780000	0.000000	0.108537
18.790000	0.000000	0.107952
18.800000	0.000000	0.107368
18.810000	0.000000	0.106784
18.820000	0.000000	0.106200
18.830000	0.000000	0.105617
18.840000	0.000000	0.105033
18.850000	0.000000	0.104449
18.860000	0.000000	0.103866
18.870000	0.000000	0.103282
18.880000	0.000000	0.102698
18.890000	0.000000	0.102115
18.900000	0.000000	0.101509
18.910000	0.000000	0.100908
18.920000	0.000000	0.100325
18.930000	0.000000	0.099742
18.940000	0.000000	0.099158
18.950000	0.000000	0.098575
18.960000	0.000000	0.097992
18.970000	0.000000	0.097426
18.980000	0.000000	0.096909
18.990000	0.000000	0.096424
19.000000	0.000000	0.095947
19.010000	0.000000	0.095499
19.020000	0.000000	0.095087
19.030000	0.000000	0.094679
19.040000	0.000000	0.094271
19.050000	0.000000	0.093863
19.060000	0.000000	0.093455
19.070000	0.000000	0.093028
19.080000	0.000000	0.092616
19.090000	0.000000	0.092211
19.100000	0.000000	0.091805
19.110000	0.000000	0.091400
19.120000	0.000000	0.090994
19.130000	0.000000	0.090589
19.140000	0.000000	0.090183
19.150000	0.000000	0.089778
19.160000	0.000000	0.089372
19.170000	0.000000	0.088966
19.180000	0.000000	0.088561
19.190000	0.000000	0.088156
19.200000	0.000000	0.087750
19.210000	0.000000	0.087345
19.220000	0.000000	0.086940
19.230000	0.000000	0.086535
19.240000	0.000000	0.086104
19.250000	0.000000	0.085701
19.260000	0.000000	0.085297
19.270000	0.000000	0.084894
19.280000	0.000000	0.084491
19.290000	0.000000	0.084088
19.300000	0.000000	0.083685
19.310000	0.000000	0.083283
19.320000	0.000000	0.082880
19.330000	0.000000	0.082478
19.340000	0.000000	0.082077
19.350000	0.000000	0.081678
19.360000	0.000000	0.081282
19.370000	0.000000	0.080888
19.380000	0.000000	0.080493
19.390000	0.000000	0.080098
19.400000	0.000000	0.079698
19.410000	0.000000	0.079283
19.420000	0.000000	0.078888
19.430000	0.000000	0.078493
19.440000	0.000000	0.078099
19.450000	0.000000	0.077704
19.460000	0.000000	0.077310
19.470000	0.000000	0.076915
19.480000	0.000000	0.076520
19.490000	0.000000	0.076126
19.500000	0.000000	0.075731
19.510000	0.000000	0.075337
19.520000	0.000000	0.074942
19.530000	0.000000	0.074548
19.540000	0.000000	0.074153
19.550000	0.000000	0.073759
19.560000	0.000000	0.073365
19.570000	0.000000	0.072962
19.580000	0.000000	0.072557
19.590000	0.000000	0.072167
19.600000	0.000000	0.071776
19.610000	0.000000	0.071386
19.620000	0.000000	0.070996
19.630000	0.000000	0.070606
19.640000	0.000000	0.070216
19.650000	0.000000	0.069825
19.660000	0.000000	0.069435
19.670000	0.000000	0.069045
19.680000	0.000000	0.068655
19.690000	0.000000	0.068265
19.700000	0.000000	0.067875
19.710000	0.000000	0.067485
19.720000	0.000000	0.067095
19.730000	0.000000	0.066705
19.740000	0.000000	0.066298
19.750000	0.000000	0.065899
19.760000	0.000000	0.065509
19.770000	0.000000	0.065120
19.780000	0.000000	0.064759
19.790000	0.000000	0.064458
19.800000	0.000000	0.064181
19.810000	0.000000	0.063908
19.820000	0.000000	0.063635
19.830000	0.000000	0.063362
19.840000	0.000000	0.063089
19.850000	0.000000	0.062816
19.860000	0.000000	0.062543
19.870000	0.000000	0.062270
19.880000	0.000000	0.061998
19.890000	0.000000	0.061726
19.900000	0.000000	0.061455
19.910000	0.000000	0.061169
19.920000	0.000000	0.060894
19.930000	0.000000	0.060623
19.940000	0.000000	0.060352
19.950000	0.000000	0.060081
19.960000	0.000000	0.059810
19.970000	0.000000	0.059539
19.980000	0.000000	0.059269
19.990000	0.000000	0.058999
20.000000	0.000000	0.058729
20.010000	0.000000	0.058459
20.020000	0.000000	0.058189
20.030000	0.000000	0.057919
20.040000	0.000000	0.057650
20.050000	0.000000	0.057381
20.060000	0.000000	0.057111
20.070000	0.000000	0.056841
20.080000	0.000000	0.056554
20.090000	0.000000	0.056285
20.100000	0.000000	0.056018
20.110000	0.000000	0.055750
20.120000	0.000000	0.055484
20.130000	0.000000	0.055218
20.140000	0.000000	0.054953
20.150000	0.000000	0.054689
20.160000	0.000000	0.054425
20.170000	0.000000	0.054161
20.180000	0.000000	0.053897
20.190000	0.000000	0.053633
20.200000	0.000000	0.053369
20.210000	0.000000	0.053106
20.220000	0.000000	0.052842
20.230000	0.000000	0.052578
20.240000	0.000000	0.052309
20.250000	0.000000	0.052032
20.260000	0.000000	0.051769
20.270000	0.000000	0.051505
20.280000	0.000000	0.051241
20.290000	0.000000	0.050977
20.300000	0.000000	0.050713
20.310000	0.000000	0.050449
20.320000	0.000000	0.050186
20.330000	0.000000	0.049922
20.340000	0.000000	0.049658
20.350000	0.000000	0.049396
20.360000	0.000000	0.049135
20.370000	0.000000	0.048874
20.380000	0.000000	0.048613
20.390000	0.000000	0.048352
20.400000	0.000000	0.048091
20.410000	0.000000	0.047822
20.420000	0.000000	0.047552
20.430000	0.000000	0.047291
20.440000	0.000000	0.047030
20.450000	0.000000	0.046769
20.460000	0.000000	0.046508
20.470000	0.000000	0.046247
20.480000	0.000000	0.045987
20.490000	0.000000	0.045726
20.500000	0.000000	0.045465
20.510000	0.000000	0.045204
20.520000	0.000000	0.044944
20.530000	0.000000	0.044683
20.540000	0.000000	0.044423
20.550000	0.000000	0.044165
20.560000	0.000000	0.043924
20.570000	0.000000	0.043696
20.580000	0.000000	0.043459
20.590000	0.000000	0.043226
20.600000	0.000000	0.043006
20.610000	0.000000	0.042815
20.620000	0.000000	0.042631
20.630000	0.000000	0.042449
20.640000	0.000000	0.042266
20.650000	0.000000	0.042084
20.660000	0.000000	0.041902
20.670000	0.000000	0.041719
20.680000	0.000000	0.041537
20.690000	0.000000	0.041354
20.700000	0.000000	0.041172
20.710000	0.000000	0.040990
20.720000	0.000000	0.040808
20.730000	0.000000	0.040628
20.740000	0.000000	0.040447
20.750000	0.000000	0.040256
20.760000	0.000000	0.040074
20.770000	0.000000	0.039893
20.780000	0.000000	0.039713
20.790000	0.000000	0.039532
20.800000	0.000000	0.039352
20.810000	0.000000	0.039172
20.820000	0.000000	0.038992
20.830000	0.000000	0.038812
20.840000	0.000000	0.038632
20.850000	0.000000	0.038453
20.860000	0.000000	0.038274
20.870000	0.000000	0.038096
20.880000	0.000000	0.037917
20.890000	0.000000	0.037738
20.900000	0.000000	0.037560
20.910000	0.000000	0.037380
20.920000	0.000000	0.037192
20.930000	0.000000	0.037014
20.940000	0.000000	0.036837
20.950000	0.000000	0.036661
20.960000	0.000000	0.036484
20.970000	0.000000	0.036308
20.980000	0.000000	0.036132
20.990000	0.000000	0.035955
21.000000	0.000000	0.035779
21.010000	0.000000	0.035602
21.020000	0.000000	0.035426
21.030000	0.000000	0.035249
21.040000	0.000000	0.035073
21.050000	0.000000	0.034897
21.060000	0.000000	0.034720
21.070000	0.000000	0.034544
21.080000	0.000000	0.034364
21.090000	0.000000	0.034179
21.100000	0.000000	0.034003
21.110000	0.000000	0.033826
21.120000	0.000000	0.033650
21.130000	0.000000	0.033474
21.140000	0.000000	0.033299
21.150000	0.000000	0.033124
21.160000	0.000000	0.032950
21.170000	0.000000	0.032775
21.180000	0.000000	0.032601
21.190000	0.000000	0.032426
21.200000	0.000000	0.032252
21.210000	0.000000	0.032077
21.220000	0.000000	0.031903
21.230000	0.000000	0.031728
21.240000	0.000000	0.031554
21.250000	0.000000	0.031373
21.260000	0.000000	0.031193
21.270000	0.000000	0.031019
21.280000	0.000000	0.030845
21.290000	0.000000	0.030670
21.300000	0.000000	0.030496
21.310000	0.000000	0.030322
21.320000	0.000000	0.030148
21.330000	0.000000	0.029979
21.340000	0.000000	0.029821
21.350000	0.000000	0.029669
21.360000	0.000000	0.029517
21.370000	0.000000	0.029365
21.380000	0.000000	0.029214
21.390000	0.000000	0.029062
21.400000	0.000000	0.028910
21.410000	0.000000	0.028758
21.420000	0.000000	0.028604
21.430000	0.000000	0.028478
21.440000	0.000000	0.028356
21.450000	0.000000	0.028234
21.460000	0.000000	0.028112
21.470000	0.000000	0.027990
21.480000	0.000000	0.027868
21.490000	0.000000	0.027746
21.500000	0.000000	0.027625
21.510000	0.000000	0.027503
21.520000	0.000000	0.027382
21.530000	0.000000	0.027260
21.540000	0.000000	0.027139
21.550000	0.000000	0.027018
21.560000	0.000000	0.026898
21.570000	0.000000	0.026777
21.580000	0.000000	0.026657
21.590000	0.000000	0.026529
21.600000	0.000000	0.026409
21.610000	0.000000	0.026289
21.620000	0.000000	0.026170
21.630000	0.000000	0.026050
21.640000	0.000000	0.025931
21.650000	0.000000	0.025811
21.660000	0.000000	0.025692
21.670000	0.000000	0.025572
21.680000	0.000000	0.025453
21.690000	0.000000	0.025333
21.700000	0.000000	0.025214
21.710000	0.000000	0.025095
21.720000	0.000000	0.024976
21.730000	0.000000	0.024858
21.740000	0.000000	0.024739
21.750000	0.000000	0.024620
21.760000	0.000000	0.024495
21.770000	0.000000	0.024377
21.780000	0.000000	0.024259
21.790000	0.000000	0.024141
21.800000	0.000000	0.024023
21.810000	0.000000	0.023905
21.820000	0.000000	0.023787
21.830000	0.000000	0.023669
21.840000	0.000000	0.023551
21.850000	0.000000	0.023433
21.860000	0.000000	0.023315
21.870000	0.000000	0.023197
21.880000	0.000000	0.023079
21.890000	0.000000	0.022961
21.900000	0.000000	0.022843
21.910000	0.000000	0.022725
21.920000	0.000000	0.022605
21.930000	0.000000	0.022483
21.940000	0.000000	0.022366
21.950000	0.000000	0.022249
21.960000	0.000000	0.022132
21.970000	0.000000	0.022016
21.980000	0.000000	0.021899
21.990000	0.000000	0.021782
22.000000	0.000000	0.021666
22.010000	0.000000	0.021549
22.020000	0.000000	0.021432
22.030000	0.000000	0.021316
22.040000	0.000000	0.021199
22.050000	0.000000	0.021082
22.060000	0.000000	0.020966
22.070000	0.000000	0.020849
22.080000	0.000000	0.020733
22.090000	0.000000	0.020612
22.100000	0.000000	0.020492
22.110000	0.000000	0.020377
22.120000	0.000000	0.020272
22.130000	0.000000	0.020171
22.140000	0.000000	0.020069
22.150000	0.000000	0.019967
22.160000	0.000000	0.019866
22.170000	0.000000	0.019764
22.180000	0.000000	0.019662
22.190000	0.000000	0.019561
22.200000	0.000000	0.019459
22.210000	0.000000	0.019358
22.220000	0.000000	0.019256
22.230000	0.000000	0.019154
22.240000	0.000000	0.019055
22.250000	0.000000	0.018968
22.260000	0.000000	0.018882
22.270000	0.000000	0.018800
22.280000	0.000000	0.018718
22.290000	0.000000	0.018637
22.300000	0.000000	0.018556
22.310000	0.000000	0.018474
22.320000	0.000000	0.018393
22.330000	0.000000	0.018312
22.340000	0.000000	0.018231
22.350000	0.000000	0.018150
22.360000	0.000000	0.018070
22.370000	0.000000	0.017989
22.380000	0.000000	0.017909
22.390000	0.000000	0.017829
22.400000	0.000000	0.017749
22.410000	0.000000	0.017669
22.420000	0.000000	0.017589
22.430000	0.000000	0.017504
22.440000	0.000000	0.017424
22.450000	0.000000	0.017344
22.460000	0.000000	0.017264
22.470000	0.000000	0.017184
22.480000	0.000000	0.017104
22.490000	0.000000	0.017024
22.500000	0.000000	0.016945
22.510000	0.000000	0.016865
22.520000	0.000000	0.016786
22.530000	0.000000	0.016707
22.540000	0.000000	0.016628
22.550000	0.000000	0.016549
22.560000	0.000000	0.016470
22.570000	0.000000	0.016391
22.580000	0.000000	0.016312
22.590000	0.000000	0.016232
22.600000	0.000000	0.016148
22.610000	0.000000	0.016070
22.620000	0.000000	0.015991
22.630000	0.000000	0.015912
22.640000	0.000000	0.015833
22.650000	0.000000	0.015754
22.660000	0.000000	0.015675
22.670000	0.000000	0.015596
22.680000	0.000000	0.015517
22.690000	0.000000	0.015438
22.700000	0.000000	0.015359
22.710000	0.000000	0.015280
22.720000	0.000000	0.015202
22.730000	0.000000	0.015124
22.740000	0.000000	0.015046
22.750000	0.000000	0.014967
22.760000	0.000000	0.014887
22.770000	0.000000	0.014806
22.780000	0.000000	0.014728
22.790000	0.000000	0.014650
22.800000	0.000000	0.014572
22.810000	0.000000	0.014494
22.820000	0.000000	0.014416
22.830000	0.000000	0.014338
22.840000	0.000000	0.014260
22.850000	0.000000	0.014182
22.860000	0.000000	0.014104
22.870000	0.000000	0.014026
22.880000	0.000000	0.013948
22.890000	0.000000	0.013871
22.900000	0.000000	0.013799
22.910000	0.000000	0.013731
22.920000	0.000000	0.013663
22.930000	0.000000	0.013592
22.940000	0.000000	0.013522
22.950000	0.000000	0.013454
22.960000	0.000000	0.013386
22.970000	0.000000	0.013318
22.980000	0.000000	0.013250
22.990000	0.000000	0.013182
23.000000	0.000000	0.013114
23.010000	0.000000	0.013047
23.020000	0.000000	0.012979
23.030000	0.000000	0.012911
23.040000	0.000000	0.012843
23.050000	0.000000	0.012776
23.060000	0.000000	0.012709
23.070000	0.000000	0.012646
23.080000	0.000000	0.012591
23.090000	0.000000	0.012537
23.100000	0.000000	0.012479
23.110000	0.000000	0.012425
23.120000	0.000000	0.012371
23.130000	0.000000	0.012317
23.140000	0.000000	0.012263
23.150000	0.000000	0.012209
23.160000	0.000000	0.012156
23.170000	0.000000	0.012102
23.180000	0.000000	0.012048
23.190000	0.000000	0.011994
23.200000	0.000000	0.011940
23.210000	0.000000	0.011887
23.220000	0.000000	0.011833
23.230000	0.000000	0.011780
23.240000	0.000000	0.011726
23.250000	0.000000	0.011673
23.260000	0.000000	0.011619
23.270000	0.000000	0.011562
23.280000	0.000000	0.011509
23.290000	0.000000	0.011455
23.300000	0.000000	0.011402
23.310000	0.000000	0.011349
23.320000	0.000000	0.011296
23.330000	0.000000	0.011243
23.340000	0.000000	0.011190
23.350000	0.000000	0.011137
23.360000	0.000000	0.011084
23.370000	0.000000	0.011031
23.380000	0.000000	0.010978
23.390000	0.000000	0.010926
23.400000	0.000000	0.010873
23.410000	0.000000	0.010820
23.420000	0.000000	0.010767
23.430000	0.000000	0.010713
23.440000	0.000000	0.010658
23.450000	0.000000	0.010605
23.460000	0.000000	0.010552
23.470000	0.000000	0.010500
23.480000	0.000000	0.010447
23.490000	0.000000	0.010394
23.500000	0.000000	0.010341
23.510000	0.000000	0.010288
23.520000	0.000000	0.010236
23.530000	0.000000	0.010184
23.540000	0.000000	0.010131
23.550000	0.000000	0.010079
23.560000	0.000000	0.010027
23.570000	0.000000	0.009975
23.580000	0.000000	0.009923
23.590000	0.000000	0.009870
23.600000	0.000000	0.009817
23.610000	0.000000	0.009763
23.620000	0.000000	0.009710
23.630000	0.000000	0.009658
23.640000	0.000000	0.009606
23.650000	0.000000	0.009554
23.660000	0.000000	0.009502
23.670000	0.000000	0.009450
23.680000	0.000000	0.009400
23.690000	0.000000	0.009353
23.700000	0.000000	0.009308
23.710000	0.000000	0.009262
23.720000	0.000000	0.009217
23.730000	0.000000	0.009171
23.740000	0.000000	0.009126
23.750000	0.000000	0.009080
23.760000	0.000000	0.009035
23.770000	0.000000	0.008987
23.780000	0.000000	0.008941
23.790000	0.000000	0.008896
23.800000	0.000000	0.008850
23.810000	0.000000	0.008805
23.820000	0.000000	0.008760
23.830000	0.000000	0.008714
23.840000	0.000000	0.008669
23.850000	0.000000	0.008624
23.860000	0.000000	0.008578
23.870000	0.000000	0.008533
23.880000	0.000000	0.008488
23.890000	0.000000	0.008444
23.900000	0.000000	0.008404
23.910000	0.000000	0.008367
23.920000	0.000000	0.008331
23.930000	0.000000	0.008295
23.940000	0.000000	0.008257
23.950000	0.000000	0.008221
23.960000	0.000000	0.008185
23.970000	0.000000	0.008149
23.980000	0.000000	0.008113
23.990000	0.000000	0.008076
24.000000	0.000000	0.008040
24.010000	0.000000	0.008004
24.020000	0.000000	0.007968
24.030000	0.000000	0.007932
24.040000	0.000000	0.007896
24.050000	0.000000	0.007860
24.060000	0.000000	0.007825
24.070000	0.000000	0.007789
24.080000	0.000000	0.007753
24.090000	0.000000	0.007717
24.100000	0.000000	0.007681
24.110000	0.000000	0.007643
24.120000	0.000000	0.007608
24.130000	0.000000	0.007572
24.140000	0.000000	0.007537
24.150000	0.000000	0.007502
24.160000	0.000000	0.007466
24.170000	0.000000	0.007431
24.180000	0.000000	0.007395
24.190000	0.000000	0.007360
24.200000	0.000000	0.007324
24.210000	0.000000	0.007289
24.220000	0.000000	0.007254
24.230000	0.000000	0.007218
24.240000	0.000000	0.007183
24.250000	0.000000	0.007148
24.260000	0.000000	0.007112
24.270000	0.000000	0.007076
24.280000	0.000000	0.007039
24.290000	0.000000	0.007004
24.300000	0.000000	0.006968
24.310000	0.000000	0.006933
24.320000	0.000000	0.006898
24.330000	0.000000	0.006863
24.340000	0.000000	0.006828
24.350000	0.000000	0.006793
24.360000	0.000000	0.006758
24.370000	0.000000	0.006723
24.380000	0.000000	0.006688
24.390000	0.000000	0.006653
24.400000	0.000000	0.006618
24.410000	0.000000	0.006583
24.420000	0.000000	0.006548
24.430000	0.000000	0.006513
24.440000	0.000000	0.006477
24.450000	0.000000	0.006441
24.460000	0.000000	0.006406
24.470000	0.000000	0.006374
24.480000	0.000000	0.006343
24.490000	0.000000	0.006313
24.500000	0.000000	0.006282
24.510000	0.000000	0.006252
24.520000	0.000000	0.006221
24.530000	0.000000	0.006191
24.540000	0.000000	0.006160
24.550000	0.000000	0.006130
24.560000	0.000000	0.006100
24.570000	0.000000	0.006069
24.580000	0.000000	0.006039
24.590000	0.000000	0.006008
24.600000	0.000000	0.005978
24.610000	0.000000	0.005946
24.620000	0.000000	0.005915
24.630000	0.000000	0.005885
24.640000	0.000000	0.005855
24.650000	0.000000	0.005825
24.660000	0.000000	0.005795
24.670000	0.000000	0.005764
24.680000	0.000000	0.005734
24.690000	0.000000	0.005704
24.700000	0.000000	0.005674
24.710000	0.000000	0.005644
24.720000	0.000000	0.005615
24.730000	0.000000	0.005589
24.740000	0.000000	0.005564
24.750000	0.000000	0.005540
24.760000	0.000000	0.005516
24.770000	0.000000	0.005492
24.780000	0.000000	0.005466
24.790000	0.000000	0.005442
24.800000	0.000000	0.005418
24.810000	0.000000	0.005394
24.820000	0.000000	0.005370
24.830000	0.000000	0.005346
24.840000	0.000000	0.005322
24.850000	0.000000	0.005298
24.860000	0.000000	0.005273
24.870000	0.000000	0.005249
24.880000	0.000000	0.005225
24.890000	0.000000	0.005201
24.900000	0.000000	0.005177
24.910000	0.000000	0.005153
24.920000	0.000000	0.005130
24.930000	0.000000	0.005106
24.940000	0.000000	0.005082
24.950000	0.000000	0.005057
24.960000	0.000000	0.005033
24.970000	0.000000	0.005009
24.980000	0.000000	0.004986
24.990000	0.000000	0.004962
25.000000	0.000000	0.004938
25.010000	0.000000	0.004915
25.020000	0.000000	0.004891
25.030000	0.000000	0.004867
25.040000	0.000000	0.004844
25.050000	0.000000	0.004820
25.060000	0.000000	0.004796
25.070000	0.000000	0.004773
25.080000	0.000000	0.004749
25.090000	0.000000	0.004725
25.100000	0.000000	0.004702
25.110000	0.000000	0.004677
25.120000	0.000000	0.004653
25.130000	0.000000	0.004629
25.140000	0.000000	0.004606
25.150000	0.000000	0.004582
25.160000	0.000000	0.004559
25.170000	0.000000	0.004536
25.180000	0.000000	0.004512
25.190000	0.000000	0.004489
25.200000	0.000000	0.004466
25.210000	0.000000	0.004442
25.220000	0.000000	0.004419
25.230000	0.000000	0.004395
25.240000	0.000000	0.004372
25.250000	0.000000	0.004349
25.260000	0.000000	0.004327
25.270000	0.000000	0.004307
25.280000	0.000000	0.004286
25.290000	0.000000	0.004265
25.300000	0.000000	0.004244
25.310000	0.000000	0.004224
25.320000	0.000000	0.004204
25.330000	0.000000	0.004184
25.340000	0.000000	0.004163
25.350000	0.000000	0.004143
25.360000	0.000000	0.004123
25.370000	0.000000	0.004102
25.380000	0.000000	0.004082
25.390000	0.000000	0.004062
25.400000	0.000000	0.004041
25.410000	0.000000	0.004021
25.420000	0.000000	0.004001
25.430000	0.000000	0.003981
25.440000	0.000000	0.003961
25.450000	0.000000	0.003939
25.460000	0.000000	0.003919
25.470000	0.000000	0.003899
25.480000	0.000000	0.003879
25.490000	0.000000	0.003859
25.500000	0.000000	0.003838
25.510000	0.000000	0.003818
25.520000	0.000000	0.003798
25.530000	0.000000	0.003778
25.540000	0.000000	0.003758
25.550000	0.000000	0.003738
25.560000	0.000000	0.003720
25.570000	0.000000	0.003704
25.580000	0.000000	0.003688
25.590000	0.000000	0.003672
25.600000	0.000000	0.003656
25.610000	0.000000	0.003640
25.620000	0.000000	0.003622
25.630000	0.000000	0.003606
25.640000	0.000000	0.003590
25.650000	0.000000	0.003574
25.660000	0.000000	0.003558
25.670000	0.000000	0.003542
25.680000	0.000000	0.003526
25.690000	0.000000	0.003509
25.700000	0.000000	0.003493
25.710000	0.000000	0.003477
25.720000	0.000000	0.003461
25.730000	0.000000	0.003445
25.740000	0.000000	0.003429
25.750000	0.000000	0.003413
25.760000	0.000000	0.003397
25.770000	0.000000	0.003382
25.780000	0.000000	0.003365
25.790000	0.000000	0.003349
25.800000	0.000000	0.003333
25.810000	0.000000	0.003317
25.820000	0.000000	0.003301
25.830000	0.000000	0.003285
25.840000	0.000000	0.003269
25.850000	0.000000	0.003254
25.860000	0.000000	0.003238
25.870000	0.000000	0.003222
25.880000	0.000000	0.003206
25.890000	0.000000	0.003190
25.900000	0.000000	0.003174
25.910000	0.000000	0.003159
25.920000	0.000000	0.003143
25.930000	0.000000	0.003127
25.940000	0.000000	0.003111
25.950000	0.000000	0.003095
25.960000	0.000000	0.003079
25.970000	0.000000	0.003063
25.980000	0.000000	0.003048
25.990000	0.000000	0.003032
26.000000	0.000000	0.003016
26.010000	0.000000	0.003001
26.020000	0.000000	0.002985
26.030000	0.000000	0.002969
26.040000	0.000000	0.002954
26.050000	0.000000	0.002939
26.060000	0.000000	0.002926
26.070000	0.000000	0.002912
26.080000	0.000000	0.002899
26.090000	0.000000	0.002885
26.100000	0.000000	0.002871
26.110000	0.000000	0.002858
26.120000	0.000000	0.002844
26.130000	0.000000	0.002830
26.140000	0.000000	0.002816
26.150000	0.000000	0.002802
26.160000	0.000000	0.002789
26.170000	0.000000	0.002775
26.180000	0.000000	0.002762
26.190000	0.000000	0.002748
26.200000	0.000000	0.002735
26.210000	0.000000	0.002721
26.220000	0.000000	0.002708
26.230000	0.000000	0.002694
26.240000	0.000000	0.002681
26.250000	0.000000	0.002667
26.260000	0.000000	0.002654
26.270000	0.000000	0.002640
26.280000	0.000000	0.002627
26.290000	0.000000	0.002612
26.300000	0.000000	0.002599
26.310000	0.000000	0.002585
26.320000	0.000000	0.002572
26.330000	0.000000	0.002558
26.340000	0.000000	0.002545
26.350000	0.000000	0.002531
26.360000	0.000000	0.002518
26.370000	0.000000	0.002505
26.380000	0.000000	0.002491
26.390000	0.000000	0.002479
26.400000	0.000000	0.002468
26.410000	0.000000	0.002457
26.420000	0.000000	0.002446
26.430000	0.000000	0.002435
26.440000	0.000000	0.002425
26.450000	0.000000	0.002414
26.460000	0.000000	0.002402
26.470000	0.000000	0.002391
26.480000	0.000000	0.002381
26.490000	0.000000	0.002370
26.500000	0.000000	0.002359
26.510000	0.000000	0.002348
26.520000	0.000000	0.002338
26.530000	0.000000	0.002327
26.540000	0.000000	0.002316
26.550000	0.000000	0.002305
26.560000	0.000000	0.002295
26.570000	0.000000	0.002284
26.580000	0.000000	0.002273
26.590000	0.000000	0.002263
26.600000	0.000000	0.002252
26.610000	0.000000	0.002241
26.620000	0.000000	0.002231
26.630000	0.000000	0.002219
26.640000	0.000000	0.002209
26.650000	0.000000	0.002198
26.660000	0.000000	0.002188
26.670000	0.000000	0.002177
26.680000	0.000000	0.002166
26.690000	0.000000	0.002156
26.700000	0.000000	0.002145
26.710000	0.000000	0.002135
26.720000	0.000000	0.002124
26.730000	0.000000	0.002114
26.740000	0.000000	0.002103
26.750000	0.000000	0.002092
26.760000	0.000000	0.002082
26.770000	0.000000	0.002071
26.780000	0.000000	0.002061
26.790000	0.000000	0.002050
26.800000	0.000000	0.002039
26.810000	0.000000	0.002029
26.820000	0.000000	0.002018
26.830000	0.000000	0.002008
26.840000	0.000000	0.001998
26.850000	0.000000	0.001989
26.860000	0.000000	0.001980
26.870000	0.000000	0.001971
26.880000	0.000000	0.001962
26.890000	0.000000	0.001953
26.900000	0.000000	0.001944
26.910000	0.000000	0.001934
26.920000	0.000000	0.001925
26.930000	0.000000	0.001916
26.940000	0.000000	0.001907
26.950000	0.000000	0.001898
26.960000	0.000000	0.001889
26.970000	0.000000	0.001879
26.980000	0.000000	0.001870
26.990000	0.000000	0.001861
27.000000	0.000000	0.001852
27.010000	0.000000	0.001843
27.020000	0.000000	0.001834
27.030000	0.000000	0.001825
27.040000	0.000000	0.001816
27.050000	0.000000	0.001807
27.060000	0.000000	0.001798
27.070000	0.000000	0.001789
27.080000	0.000000	0.001780
27.090000	0.000000	0.001771
27.100000	0.000000	0.001762
27.110000	0.000000	0.001753
27.120000	0.000000	0.001744
27.130000	0.000000	0.001734
27.140000	0.000000	0.001725
27.150000	0.000000	0.001716
27.160000	0.000000	0.001707
27.170000	0.000000	0.001698
27.180000	0.000000	0.001689
27.190000	0.000000	0.001680
27.200000	0.000000	0.001671
27.210000	0.000000	0.001662
27.220000	0.000000	0.001654
27.230000	0.000000	0.001646
27.240000	0.000000	0.001638
27.250000	0.000000	0.001631
27.260000	0.000000	0.001624
27.270000	0.000000	0.001617
27.280000	0.000000	0.001610
27.290000	0.000000	0.001602
27.300000	0.000000	0.001595
27.310000	0.000000	0.001587
27.320000	0.000000	0.001580
27.330000	0.000000	0.001573
27.340000	0.000000	0.001566
27.350000	0.000000	0.001559
27.360000	0.000000	0.001552
27.370000	0.000000	0.001544
27.380000	0.000000	0.001537
27.390000	0.000000	0.001530
27.400000	0.000000	0.001523
27.410000	0.000000	0.001516
27.420000	0.000000	0.001509
27.430000	0.000000	0.001502
27.440000	0.000000	0.001494
27.450000	0.000000	0.001487
27.460000	0.000000	0.001480
27.470000	0.000000	0.001473
27.480000	0.000000	0.001466
27.490000	0.000000	0.001459
27.500000	0.000000	0.001451
27.510000	0.000000	0.001444
27.520000	0.000000	0.001437
27.530000	0.000000	0.001430
27.540000	0.000000	0.001423
27.550000	0.000000	0.001416
27.560000	0.000000	0.001409
27.570000	0.000000	0.001402
27.580000	0.000000	0.001395
27.590000	0.000000	0.001388
27.600000	0.000000	0.001381
27.610000	0.000000	0.001374
27.620000	0.000000	0.001367
27.630000	0.000000	0.001360
27.640000	0.000000	0.001354
27.650000	0.000000	0.001348
27.660000	0.000000	0.001342
27.670000	0.000000	0.001336
27.680000	0.000000	0.001330
27.690000	0.000000	0.001323
27.700000	0.000000	0.001317
27.710000	0.000000	0.001311
27.720000	0.000000	0.001305
27.730000	0.000000	0.001299
27.740000	0.000000	0.001293
27.750000	0.000000	0.001287
27.760000	0.000000	0.001281
27.770000	0.000000	0.001275
27.780000	0.000000	0.001269
27.790000	0.000000	0.001263
27.800000	0.000000	0.001257
27.810000	0.000000	0.001250
27.820000	0.000000	0.001244
27.830000	0.000000	0.001238
27.840000	0.000000	0.001232
27.850000	0.000000	0.001226
27.860000	0.000000	0.001220
27.870000	0.000000	0.001214
27.880000	0.000000	0.001208
27.890000	0.000000	0.001202
27.900000	0.000000	0.001196
27.910000	0.000000	0.001190
27.920000	0.000000	0.001184
27.930000	0.000000	0.001178
27.940000	0.000000	0.001172
27.950000	0.000000	0.001166
27.960000	0.000000	0.001160
27.970000	0.000000	0.001154
27.980000	0.000000	0.001148
27.990000	0.000000	0.001141
28.000000	0.000000	0.001135
28.010000	0.000000	0.001129
28.020000	0.000000	0.001123
28.030000	0.000000	0.001117
28.040000	0.000000	0.001111
28.050000	0.000000	0.001105
28.060000	0.000000	0.001100
28.070000	0.000000	0.001094
28.080000	0.000000	0.001089
28.090000	0.000000	0.001085
28.100000	0.000000	0.001080
28.110000	0.000000	0.001075
28.120000	0.000000	0.001070
28.130000	0.000000	0.001065
28.140000	0.000000	0.001060
28.150000	0.000000	0.001055
28.160000	0.000000	0.001051
28.170000	0.000000	0.001046
28.180000	0.000000	0.001041
28.190000	0.000000	0.001036
28.200000	0.000000	0.001031
28.210000	0.000000	0.001027
28.220000	0.000000	0.001022
28.230000	0.000000	0.001017
28.240000	0.000000	0.001012
28.250000	0.000000	0.001007
28.260000	0.000000	0.001003
28.270000	0.000000	0.000998
28.280000	0.000000	0.000993
28.290000	0.000000	0.000988
28.300000	0.000000	0.000984
28.310000	0.000000	0.000979
28.320000	0.000000	0.000974
28.330000	0.000000	0.000969
28.340000	0.000000	0.000964
28.350000	0.000000	0.000960
28.360000	0.000000	0.000955
28.370000	0.000000	0.000950
28.380000	0.000000	0.000945
28.390000	0.000000	0.000941
28.400000	0.000000	0.000936
28.410000	0.000000	0.000931
28.420000	0.000000	0.000927
28.430000	0.000000	0.000922
28.440000	0.000000	0.000918
28.450000	0.000000	0.000914
28.460000	0.000000	0.000910
28.470000	0.000000	0.000906
28.480000	0.000000	0.000902
28.490000	0.000000	0.000898
28.500000	0.000000	0.000894
28.510000	0.000000	0.000890
28.520000	0.000000	0.000886
28.530000	0.000000	0.000882
28.540000	0.000000	0.000878
28.550000	0.000000	0.000874
28.560000	0.000000	0.000869
28.570000	0.000000	0.000865
28.580000	0.000000	0.000861
28.590000	0.000000	0.000857
28.600000	0.000000	0.000853
28.610000	0.000000	0.000849
28.620000	0.000000	0.000845
28.630000	0.000000	0.000841
28.640000	0.000000	0.000837
28.650000	0.000000	0.000833
28.660000	0.000000	0.000829
28.670000	0.000000	0.000825
28.680000	0.000000	0.000821
28.690000	0.000000	0.000817
28.700000	0.000000	0.000813
28.710000	0.000000	0.000809
28.720000	0.000000	0.000805
28.730000	0.000000	0.000801
28.740000	0.000000	0.000797
28.750000	0.000000	0.000792
28.760000	0.000000	0.000788
28.770000	0.000000	0.000784
28.780000	0.000000	0.000780
28.790000	0.000000	0.000776
28.800000	0.000000	0.000772
28.810000	0.000000	0.000768
28.820000	0.000000	0.000764
28.830000	0.000000	0.000760
28.840000	0.000000	0.000756
28.850000	0.000000	0.000752
28.860000	0.000000	0.000748
28.870000	0.000000	0.000744
28.880000	0.000000	0.000740
28.890000	0.000000	0.000736
28.900000	0.000000	0.000732
28.910000	0.000000	0.000728
28.920000	0.000000	0.000725
28.930000	0.000000	0.000722
28.940000	0.000000	0.000719
28.950000	0.000000	0.000715
28.960000	0.000000	0.000712
28.970000	0.000000	0.000709
28.980000	0.000000	0.000705
28.990000	0.000000	0.000702
29.000000	0.000000	0.000699
29.010000	0.000000	0.000696
29.020000	0.000000	0.000693
29.030000	0.000000	0.000689
29.040000	0.000000	0.000686
29.050000	0.000000	0.000683
29.060000	0.000000	0.000680
29.070000	0.000000	0.000677
29.080000	0.000000	0.000673
29.090000	0.000000	0.000670
29.100000	0.000000	0.000667
29.110000	0.000000	0.000664
29.120000	0.000000	0.000661
29.130000	0.000000	0.000657
29.140000	0.000000	0.000654
29.150000	0.000000	0.000651
29.160000	0.000000	0.000648
29.170000	0.000000	0.000645
29.180000	0.000000	0.000641
29.190000	0.000000	0.000638
29.200000	0.000000	0.000635
29.210000	0.000000	0.000632
29.220000	0.000000	0.000629
29.230000	0.000000	0.000626
29.240000	0.000000	0.000623
29.250000	0.000000	0.000621
29.260000	0.000000	0.000618
29.270000	0.000000	0.000615
29.280000	0.000000	0.000612
29.290000	0.000000	0.000610
29.300000	0.000000	0.000607
29.310000	0.000000	0.000604
29.320000	0.000000	0.000601
29.330000	0.000000	0.000599
29.340000	0.000000	0.000596
29.350000	0.000000	0.000593
29.360000	0.000000	0.000591
29.370000	0.000000	0.000588
29.380000	0.000000	0.000585
29.390000	0.000000	0.000582
29.400000	0.000000	0.000580
29.410000	0.000000	0.000577
29.420000	0.000000	0.000574
29.430000	0.000000	0.000572
29.440000	0.000000	0.000569
29.450000	0.000000	0.000566
29.460000	0.000000	0.000563
29.470000	0.000000	0.000561
29.480000	0.000000	0.000558
29.490000	0.000000	0.000555
29.500000	0.000000	0.000552
29.510000	0.000000	0.000550
29.520000	0.000000	0.000547
29.530000	0.000000	0.000544
29.540000	0.000000	0.000542
29.550000	0.000000	0.000539
29.560000	0.000000	0.000536
29.570000	0.000000	0.000534
29.580000	0.000000	0.000531
29.590000	0.000000	0.000528
29.600000	0.000000	0.000525
29.610000	0.000000	0.000523
29.620000	0.000000	0.000520
29.630000	0.000000	0.000517
29.640000	0.000000	0.000515
29.650000	0.000000	0.000512
29.660000	0.000000	0.000509
29.670000	0.000000	0.000506
29.680000	0.000000	0.000504
29.690000	0.000000	0.000501
29.700000	0.000000	0.000498
29.710000	0.000000	0.000496
29.720000	0.000000	0.000493
29.730000	0.000000	0.000490
29.740000	0.000000	0.000488
29.750000	0.000000	0.000485
29.760000	0.000000	0.000483
29.770000	0.000000	0.000481
29.780000	0.000000	0.000479
29.790000	0.000000	0.000476
29.800000	0.000000	0.000474
29.810000	0.000000	0.000472
29.820000	0.000000	0.000470
29.830000	0.000000	0.000468
29.840000	0.000000	0.000465
29.850000	0.000000	0.000463
29.860000	0.000000	0.000461
29.870000	0.000000	0.000459
29.880000	0.000000	0.000457
29.890000	0.000000	0.000455
29.900000	0.000000	0.000453
29.910000	0.000000	0.000450
29.920000	0.000000	0.000448
29.930000	0.000000	0.000446
29.940000	0.000000	0.000444
29.950000	0.000000	0.000442
29.960000	0.000000	0.000440
29.970000	0.000000	0.000438
29.980000	0.000000	0.000435
29.990000	0.000000	0.000433
30.000000	0.000000	0.000431
30.010000	0.000000	0.000429
30.020000	0.000000	0.000427
30.030000	0.000000	0.000425
30.040000	0.000000	0.000423
30.050000	0.000000	0.000421
30.060000	0.000000	0.000420
30.070000	0.000000	0.000418
30.080000	0.000000	0.000416
30.090000	0.000000	0.000414
