0.100000	0.000000	35703.367166
0.110000	0.000000	28588.243659
0.120000	0.000000	26585.656126
0.130000	0.000000	23925.376821
0.140000	0.000000	23273.969757
0.150000	0.000000	20804.752784
0.160000	0.000000	20717.181028
0.170000	0.000000	18527.990489
0.180000	0.000000	15918.180646
0.190000	0.000000	15009.176246
0.200000	0.000000	13971.334965
0.210000	0.000000	13445.446436
0.220000	0.000000	13105.924379
0.230000	0.000000	11994.014486
0.240000	0.000000	12488.531077
0.250000	0.000000	11277.084580
0.260000	0.000000	10248.306556
0.270000	0.000000	9886.283983
0.280000	0.000000	9870.557085
0.290000	0.000000	9178.979563
0.300000	0.000000	8642.212981
0.310000	0.000000	8568.159941
0.320000	0.000000	8305.746441
0.330000	0.000000	7881.929694
0.340000	0.000000	7584.225971
0.350000	0.000000	7300.978063
0.360000	0.000000	8654.622538
0.370000	0.000000	12518.977164
0.380000	0.000000	12977.422425
0.390000	0.000000	8514.892816
0.400000	0.000000	13669.071478
0.410000	0.000000	6664.380760
0.420000	0.000000	12045.949137
0.430000	0.000000	9775.582164
0.440000	0.000000	10368.362087
0.450000	0.000000	5877.407210
0.460000	0.000000	5275.448644
0.470000	0.000000	5156.280720
0.480000	0.000000	19310.125851
0.490000	0.000000	11962.946697
0.500000	0.000000	5851.383313
0.510000	0.000000	5398.448124
0.520000	0.000000	4585.332596
0.530000	0.000000	5061.891481
0.540000	0.000000	5313.805548
0.550000	0.000000	4331.467294
0.560000	0.000000	4685.564416
0.570000	0.000000	5757.926531
0.580000	0.000000	5692.201496
0.590000	0.000000	4523.061654
0.600000	0.000000	5495.624006
0.610000	0.000000	3904.675118
0.620000	0.000000	3907.742795
0.630000	0.000000	4285.516303
0.640000	0.000000	4135.943791
0.650000	0.000000	10548.173375
0.660000	0.000000	7319.239867
0.670000	0.000000	3795.636064
0.680000	0.000000	3652.893542
0.690000	0.000000	3551.992762
0.700000	0.000000	3592.541230
0.710000	0.000000	3711.614331
0.720000	0.000000	3950.550553
0.730000	0.000000	5225.963372
0.740000	0.000000	3186.835794
0.750000	0.000000	3024.404998
0.760000	0.000000	2994.376188
0.770000	0.000000	4731.033136
0.780000	0.000000	2970.033420
0.790000	0.000000	3125.087854
0.800000	0.000000	3180.787369
0.810000	0.000000	3370.415143
0.820000	0.000000	3080.315192
0.830000	0.000000	2930.852405
0.840000	0.000000	2831.223236
0.850000	0.000000	2711.262877
0.860000	0.000000	2653.757020
0.870000	0.000000	2662.619856
0.880000	0.000000	2695.290248
0.890000	0.000000	2652.999998
0.900000	0.000000	2636.746739
0.910000	0.000000	2629.745060
0.920000	0.000000	2602.843184
0.930000	0.000000	2621.646009
0.940000	0.000000	2540.578801
0.950000	0.000000	2528.222695
0.960000	0.000000	2489.106020
0.970000	0.000000	2538.671751
0.980000	0.000000	2469.918287
0.990000	0.000000	2501.064989
1.000000	0.000000	2479.319435
1.010000	0.000000	3460.312077
1.020000	0.000000	3390.337526
1.030000	0.000000	2468.969464
1.040000	0.000000	2973.893354
1.050000	0.000000	3401.238994
1.060000	0.000000	2338.340897
1.070000	0.000000	2581.990445
1.080000	0.000000	3645.319564
1.090000	0.000000	2443.128710
1.100000	0.000000	5843.837480
1.110000	0.000000	2205.463299
1.120000	0.000000	4554.917463
1.130000	0.000000	2501.958449
1.140000	0.000000	2096.293266
1.150000	0.000000	2982.336392
1.160000	0.000000	4087.707411
1.170000	0.000000	2990.432307
1.180000	0.000000	1993.509412
1.190000	0.000000	1989.358075
1.200000	0.000000	2068.517566
1.210000	0.000000	2070.456753
1.220000	0.000000	1918.698339
1.230000	0.000000	1959.923424
1.240000	0.000000	1961.008176
1.250000	0.000000	1858.179627
1.260000	0.000000	1848.684475
1.270000	0.000000	1963.231481
1.280000	0.000000	1823.685732
1.290000	0.000000	1948.537605
1.300000	0.000000	1845.770889
1.310000	0.000000	1866.915227
1.320000	0.000000	1842.823536
1.330000	0.000000	1792.967195
1.340000	0.000000	1757.490290
1.350000	0.000000	1762.351319
1.360000	0.000000	1802.137269
1.370000	0.000000	1790.626491
1.380000	0.000000	1734.757100
1.390000	0.000000	1766.114458
1.400000	0.000000	1792.850917
1.410000	0.000000	1676.766481
1.420000	0.000000	1676.742660
1.430000	0.000000	1669.644547
1.440000	0.000000	1630.675421
1.450000	0.000000	1632.365633
1.460000	0.000000	1609.359256
1.470000	0.000000	1703.037454
1.480000	0.000000	1900.651484
1.490000	0.000000	1823.447100
1.500000	0.000000	1741.121864
1.510000	0.000000	1619.013959
1.520000	0.000000	1537.583499
1.530000	0.000000	1526.233191
1.540000	0.000000	1724.142421
1.550000	0.000000	1877.885538
1.560000	0.000000	1513.049277
1.570000	0.000000	1517.539392
1.580000	0.000000	1474.264790
1.590000	0.000000	1469.978764
1.600000	0.000000	1464.545384
1.610000	0.000000	1455.082738
1.620000	0.000000	1433.908110
1.630000	0.000000	1420.852103
1.640000	0.000000	1406.799360
1.650000	0.000000	1492.878359
1.660000	0.000000	1506.256524
1.670000	0.000000	1461.970087
1.680000	0.000000	1401.450542
1.690000	0.000000	1364.124810
1.700000	0.000000	1354.464807
1.710000	0.000000	1345.700283
1.720000	0.000000	1386.646775
1.730000	0.000000	1454.986453
1.740000	0.000000	1325.345697
1.750000	0.000000	1364.708731
1.760000	0.000000	1334.707877
1.770000	0.000000	1316.906778
1.780000	0.000000	1271.087249
1.790000	0.000000	1260.563002
1.800000	0.000000	1262.569864
1.810000	0.000000	1310.741429
1.820000	0.000000	1288.807531
1.830000	0.000000	1250.084594
1.840000	0.000000	1225.690248
1.850000	0.000000	1209.439736
1.860000	0.000000	1197.624485
1.870000	0.000000	1206.039130
1.880000	0.000000	1206.650011
1.890000	0.000000	1173.341766
1.900000	0.000000	1164.634418
1.910000	0.000000	1154.907695
1.920000	0.000000	1147.171554
1.930000	0.000000	1137.948131
1.940000	0.000000	1135.217866
1.950000	0.000000	1127.142531
1.960000	0.000000	1112.423554
1.970000	0.000000	1105.440308
1.980000	0.000000	1097.607433
1.990000	0.000000	1088.770422
2.000000	0.000000	1081.282599
2.010000	0.000000	1073.423829
2.020000	0.000000	1068.096388
2.030000	0.000000	1059.311684
2.040000	0.000000	1048.705848
2.050000	0.000000	1042.086078
2.060000	0.000000	1033.113308
2.070000	0.000000	1023.234842
2.080000	0.000000	1015.749342
2.090000	0.000000	1005.973265
2.100000	0.000000	997.896688
2.110000	0.000000	989.694069
2.120000	0.000000	981.786794
2.130000	0.000000	976.547997
2.140000	0.000000	965.244453
2.150000	0.000000	958.786796
2.160000	0.000000	949.328834
2.170000	0.000000	939.914994
2.180000	0.000000	929.752958
2.190000	0.000000	918.633398
2.200000	0.000000	907.375611
2.210000	0.000000	895.471008
2.220000	0.000000	883.070202
2.230000	0.000000	871.330136
2.240000	0.000000	859.581783
2.250000	0.000000	847.813682
2.260000	0.000000	836.070711
2.270000	0.000000	824.482535
2.280000	0.000000	812.044276
2.290000	0.000000	800.251159
2.300000	0.000000	799.295403
2.310000	0.000000	778.795625
2.320000	0.000000	764.987243
2.330000	0.000000	753.434085
2.340000	0.000000	741.318049
2.350000	0.000000	727.740461
2.360000	0.000000	713.386008
2.370000	0.000000	709.216222
2.380000	0.000000	698.751120
2.390000	0.000000	670.314755
2.400000	0.000000	667.207680
2.410000	0.000000	678.506099
2.420000	0.000000	3975.250680
2.430000	0.000000	25389.916506
2.440000	0.000000	12388.261216
2.450000	0.000000	3722.890781
2.460000	0.000000	65376.178069
2.470000	0.000000	9033.152287
2.480000	0.000000	540.602671
2.490000	0.000000	526.466876
2.500000	0.000000	512.362818
2.510000	0.000000	498.525748
2.520000	0.000000	484.351003
2.530000	0.000000	470.111439
2.540000	0.000000	456.176635
2.550000	0.000000	494.275117
2.560000	0.000000	526.435515
2.570000	0.000000	416.305838
2.580000	0.000000	1128.520944
2.590000	0.000000	4154.433978
2.600000	0.000000	6108.246464
2.610000	0.000000	77684.968223
2.620000	0.000000	152546.837958
2.630000	0.000000	11540.476328
2.640000	0.000000	319.927664
2.650000	0.000000	317.592008
2.660000	0.000000	315.334805
2.670000	0.000000	313.112134
2.680000	0.000000	310.902383
2.690000	0.000000	308.712579
2.700000	0.000000	306.569317
2.710000	0.000000	304.395318
2.720000	0.000000	302.794815
2.730000	0.000000	301.254848
2.740000	0.000000	298.520100
2.750000	0.000000	298.029651
2.760000	0.000000	294.033438
2.770000	0.000000	293.360044
2.780000	0.000000	297.316495
2.790000	0.000000	293.238366
2.800000	0.000000	305.552025
2.810000	0.000000	287.067147
2.820000	0.000000	534.731532
2.830000	0.000000	393.843781
2.840000	0.000000	292.658361
2.850000	0.000000	276.970254
2.860000	0.000000	272.573919
2.870000	0.000000	5633.406348
2.880000	0.000000	7038.602800
2.890000	0.000000	266.302082
2.900000	0.000000	264.251562
2.910000	0.000000	262.216265
2.920000	0.000000	260.255942
2.930000	0.000000	258.610908
2.940000	0.000000	260.401828
2.950000	0.000000	399.827562
2.960000	0.000000	305.831623
2.970000	0.000000	255.688487
2.980000	0.000000	253.157215
2.990000	0.000000	247.734406
3.000000	0.000000	244.517602
3.010000	0.000000	291.342774
3.020000	0.000000	2707.340808
3.030000	0.000000	2295.216158
3.040000	0.000000	474.637827
3.050000	0.000000	534.380602
3.060000	0.000000	329.443319
3.070000	0.000000	231.468688
3.080000	0.000000	229.732499
3.090000	0.000000	4921.073080
3.100000	0.000000	31179.095079
3.110000	0.000000	227.577162
3.120000	0.000000	250.959995
3.130000	0.000000	1543.489808
3.140000	0.000000	377.421574
3.150000	0.000000	850.995310
3.160000	0.000000	401.620995
3.170000	0.000000	565.810676
3.180000	0.000000	733.101329
3.190000	0.000000	474.021897
3.200000	0.000000	243.782811
3.210000	0.000000	238.225612
3.220000	0.000000	259.378922
3.230000	0.000000	248.787184
3.240000	0.000000	247.764688
3.250000	0.000000	252.202403
3.260000	0.000000	1586.467393
3.270000	0.000000	10000.448147
3.280000	0.000000	263.661367
3.290000	0.000000	242.299264
3.300000	0.000000	240.665882
3.310000	0.000000	289.611676
3.320000	0.000000	338.363083
3.330000	0.000000	262.789482
3.340000	0.000000	232.965393
3.350000	0.000000	3155.846642
3.360000	0.000000	2321.058749
3.370000	0.000000	228.573759
3.380000	0.000000	227.173416
3.390000	0.000000	1156.381735
3.400000	0.000000	1992.531293
3.410000	0.000000	601.531984
3.420000	0.000000	1520.229069
3.430000	0.000000	336.202472
3.440000	0.000000	1240.949628
3.450000	0.000000	1229.302472
3.460000	0.000000	229.977361
3.470000	0.000000	217.731472
3.480000	0.000000	214.155477
3.490000	0.000000	370.373830
3.500000	0.000000	456.312680
3.510000	0.000000	466.139391
3.520000	0.000000	461.145937
3.530000	0.000000	458.771200
3.540000	0.000000	456.478322
3.550000	0.000000	454.239226
3.560000	0.000000	451.976737
3.570000	0.000000	449.635266
3.580000	0.000000	447.411006
3.590000	0.000000	445.098637
3.600000	0.000000	442.954882
3.610000	0.000000	441.491925
3.620000	0.000000	438.450194
3.630000	0.000000	435.841568
3.640000	0.000000	433.582268
3.650000	0.000000	431.302762
3.660000	0.000000	429.217438
3.670000	0.000000	427.392002
3.680000	0.000000	436.997500
3.690000	0.000000	433.122943
3.700000	0.000000	422.781432
3.710000	0.000000	417.965620
3.720000	0.000000	415.612892
3.730000	0.000000	413.386608
3.740000	0.000000	411.161913
3.750000	0.000000	408.937132
3.760000	0.000000	406.709281
3.770000	0.000000	404.545170
3.780000	0.000000	402.960945
3.790000	0.000000	400.280524
3.800000	0.000000	397.730969
3.810000	0.000000	395.457329
3.820000	0.000000	393.208210
3.830000	0.000000	391.169569
3.840000	0.000000	389.219976
3.850000	0.000000	412.719425
3.860000	0.000000	410.189403
3.870000	0.000000	400.666398
3.880000	0.000000	399.797293
3.890000	0.000000	435.010286
3.900000	0.000000	455.642270
3.910000	0.000000	373.415695
3.920000	0.000000	375.591001
3.930000	0.000000	387.960041
3.940000	0.000000	366.833542
3.950000	0.000000	364.725032
3.960000	0.000000	365.560993
3.970000	0.000000	360.469028
3.980000	0.000000	358.179452
3.990000	0.000000	356.055830
4.000000	0.000000	355.381267
4.010000	0.000000	352.396364
4.020000	0.000000	349.782286
4.030000	0.000000	348.299766
4.040000	0.000000	346.071300
4.050000	0.000000	343.775527
4.060000	0.000000	343.489573
4.070000	0.000000	342.857115
4.080000	0.000000	338.903610
4.090000	0.000000	346.984773
4.100000	0.000000	384.435954
4.110000	0.000000	333.370528
4.120000	0.000000	329.329060
4.130000	0.000000	326.292223
4.140000	0.000000	330.881227
4.150000	0.000000	323.026921
4.160000	0.000000	319.969647
4.170000	0.000000	317.876063
4.180000	0.000000	315.808373
4.190000	0.000000	313.838695
4.200000	0.000000	312.071294
4.210000	0.000000	310.503552
4.220000	0.000000	309.027851
4.230000	0.000000	307.573333
4.240000	0.000000	307.089775
4.250000	0.000000	307.104094
4.260000	0.000000	303.179344
4.270000	0.000000	301.734382
4.280000	0.000000	300.253921
4.290000	0.000000	298.775573
4.300000	0.000000	298.947196
4.310000	0.000000	295.974390
4.320000	0.000000	294.322777
4.330000	0.000000	293.954164
4.340000	0.000000	291.765265
4.350000	0.000000	290.396469
4.360000	0.000000	288.992054
4.370000	0.000000	287.395032
4.380000	0.000000	286.020763
4.390000	0.000000	284.451055
4.400000	0.000000	282.681183
4.410000	0.000000	281.242497
4.420000	0.000000	279.867800
4.430000	0.000000	278.599986
4.440000	0.000000	277.046621
4.450000	0.000000	275.603182
4.460000	0.000000	274.135556
4.470000	0.000000	272.635122
4.480000	0.000000	271.363228
4.490000	0.000000	269.773578
4.500000	0.000000	269.441979
4.510000	0.000000	267.573518
4.520000	0.000000	265.644273
4.530000	0.000000	264.161294
4.540000	0.000000	262.749523
4.550000	0.000000	261.315042
4.560000	0.000000	259.906170
4.570000	0.000000	264.433546
4.580000	0.000000	269.909505
4.590000	0.000000	255.694925
4.600000	0.000000	254.294402
4.610000	0.000000	252.912757
4.620000	0.000000	251.698812
4.630000	0.000000	250.038577
4.640000	0.000000	248.600014
4.650000	0.000000	247.198969
4.660000	0.000000	245.798597
4.670000	0.000000	244.404094
4.680000	0.000000	243.049230
4.690000	0.000000	242.527709
4.700000	0.000000	241.097915
4.710000	0.000000	239.291653
4.720000	0.000000	238.560832
4.730000	0.000000	237.485640
4.740000	0.000000	236.275866
4.750000	0.000000	236.076621
4.760000	0.000000	231.980268
4.770000	0.000000	230.584698
4.780000	0.000000	229.282910
4.790000	0.000000	227.923280
4.800000	0.000000	226.383351
4.810000	0.000000	225.178705
4.820000	0.000000	228.550759
4.830000	0.000000	223.287867
4.840000	0.000000	220.816936
4.850000	0.000000	221.163263
4.860000	0.000000	222.067769
4.870000	0.000000	218.827933
4.880000	0.000000	215.338648
4.890000	0.000000	214.040963
4.900000	0.000000	212.787964
4.910000	0.000000	211.539556
4.920000	0.000000	210.945739
4.930000	0.000000	211.294508
4.940000	0.000000	208.315904
4.950000	0.000000	207.353852
4.960000	0.000000	206.678305
4.970000	0.000000	206.008374
4.980000	0.000000	205.758004
4.990000	0.000000	203.645931
5.000000	0.000000	202.511664
5.010000	0.000000	201.564634
5.020000	0.000000	201.224085
5.030000	0.000000	200.025972
5.040000	0.000000	199.037539
5.050000	0.000000	198.211383
5.060000	0.000000	197.003130
5.070000	0.000000	195.954956
5.080000	0.000000	195.077292
5.090000	0.000000	193.979469
5.100000	0.000000	193.055929
5.110000	0.000000	192.385562
5.120000	0.000000	193.478205
5.130000	0.000000	190.343004
5.140000	0.000000	189.372654
5.150000	0.000000	188.574186
5.160000	0.000000	187.571905
5.170000	0.000000	186.658155
5.180000	0.000000	185.734775
5.190000	0.000000	184.792711
5.200000	0.000000	184.014788
5.210000	0.000000	183.032979
5.220000	0.000000	181.971609
5.230000	0.000000	181.049659
5.240000	0.000000	180.493725
5.250000	0.000000	179.963666
5.260000	0.000000	178.287786
5.270000	0.000000	177.369927
5.280000	0.000000	176.452267
5.290000	0.000000	175.534878
5.300000	0.000000	174.584877
5.310000	0.000000	174.180940
5.320000	0.000000	172.775026
5.330000	0.000000	171.806045
5.340000	0.000000	170.888175
5.350000	0.000000	170.223351
5.360000	0.000000	169.180103
5.370000	0.000000	168.243006
5.380000	0.000000	167.334378
5.390000	0.000000	166.400382
5.400000	0.000000	165.517239
5.410000	0.000000	164.547850
5.420000	0.000000	163.577231
5.430000	0.000000	162.686625
5.440000	0.000000	161.794516
5.450000	0.000000	160.862692
5.460000	0.000000	159.955618
5.470000	0.000000	159.048359
5.480000	0.000000	158.129406
5.490000	0.000000	157.291487
5.500000	0.000000	156.343917
5.510000	0.000000	155.437304
5.520000	0.000000	154.525629
5.530000	0.000000	153.651559
5.540000	0.000000	152.761740
5.550000	0.000000	151.835936
5.560000	0.000000	150.939470
5.570000	0.000000	150.236251
5.580000	0.000000	149.455273
5.590000	0.000000	148.252615
5.600000	0.000000	147.463289
5.610000	0.000000	147.390874
5.620000	0.000000	150.468401
5.630000	0.000000	147.299811
5.640000	0.000000	145.695321
5.650000	0.000000	146.155595
5.660000	0.000000	145.060064
5.670000	0.000000	152.643873
5.680000	0.000000	144.170869
5.690000	0.000000	140.286569
5.700000	0.000000	139.657824
5.710000	0.000000	139.038158
5.720000	0.000000	138.426946
5.730000	0.000000	137.820639
5.740000	0.000000	137.214185
5.750000	0.000000	136.615674
5.760000	0.000000	136.024635
5.770000	0.000000	135.407388
5.780000	0.000000	134.795515
5.790000	0.000000	134.189602
5.800000	0.000000	133.579261
5.810000	0.000000	132.930822
5.820000	0.000000	132.332368
5.830000	0.000000	131.716766
5.840000	0.000000	131.112177
5.850000	0.000000	130.503745
5.860000	0.000000	129.999420
5.870000	0.000000	129.471722
5.880000	0.000000	128.860356
5.890000	0.000000	128.210918
5.900000	0.000000	127.580773
5.910000	0.000000	127.064271
5.920000	0.000000	126.776112
5.930000	0.000000	126.351767
5.940000	0.000000	125.064097
5.950000	0.000000	124.459835
5.960000	0.000000	123.856680
5.970000	0.000000	123.240306
5.980000	0.000000	122.608340
5.990000	0.000000	122.004431
6.000000	0.000000	121.463566
6.010000	0.000000	120.813534
6.020000	0.000000	120.220365
6.030000	0.000000	119.621945
6.040000	0.000000	119.000829
6.050000	0.000000	118.389055
6.060000	0.000000	117.790600
6.070000	0.000000	117.210610
6.080000	0.000000	116.623002
6.090000	0.000000	116.048046
6.100000	0.000000	115.562349
6.110000	0.000000	115.259705
6.120000	0.000000	116.552005
6.130000	0.000000	114.462726
6.140000	0.000000	113.600304
6.150000	0.000000	113.708633
6.160000	0.000000	112.940395
6.170000	0.000000	115.580232
6.180000	0.000000	111.753843
6.190000	0.000000	110.022023
6.200000	0.000000	109.449835
6.210000	0.000000	108.853333
6.220000	0.000000	108.250648
6.230000	0.000000	107.661157
6.240000	0.000000	107.072259
6.250000	0.000000	106.483788
6.260000	0.000000	105.895110
6.270000	0.000000	105.305073
6.280000	0.000000	104.715928
6.290000	0.000000	104.127438
6.300000	0.000000	103.537216
6.310000	0.000000	102.916408
6.320000	0.000000	102.324699
6.330000	0.000000	101.730716
6.340000	0.000000	101.160916
6.350000	0.000000	100.630150
6.360000	0.000000	100.088356
6.370000	0.000000	99.547519
6.380000	0.000000	99.049861
6.390000	0.000000	98.526827
6.400000	0.000000	98.000406
6.410000	0.000000	97.515106
6.420000	0.000000	96.987812
6.430000	0.000000	96.462324
6.440000	0.000000	96.074890
6.450000	0.000000	95.485375
6.460000	0.000000	95.243778
6.470000	0.000000	95.215518
6.480000	0.000000	94.260477
6.490000	0.000000	93.944921
6.500000	0.000000	93.430515
6.510000	0.000000	93.004449
6.520000	0.000000	92.609836
6.530000	0.000000	95.839192
6.540000	0.000000	97.075205
6.550000	0.000000	94.019112
6.560000	0.000000	91.890597
6.570000	0.000000	93.471475
6.580000	0.000000	94.585865
6.590000	0.000000	93.691936
6.600000	0.000000	105.850013
6.610000	0.000000	142.663461
6.620000	0.000000	168.283137
6.630000	0.000000	309.129436
6.640000	0.000000	214.864282
6.650000	0.000000	255.291981
6.660000	0.000000	326.241103
6.670000	0.000000	178.949460
6.680000	0.000000	230.115855
6.690000	0.000000	644.983296
6.700000	0.000000	319.446212
6.710000	0.000000	86.433595
6.720000	0.000000	84.739695
6.730000	0.000000	84.120336
6.740000	0.000000	83.725000
6.750000	0.000000	83.330778
6.760000	0.000000	82.939458
6.770000	0.000000	82.548324
6.780000	0.000000	82.157141
6.790000	0.000000	81.766517
6.800000	0.000000	81.373614
6.810000	0.000000	80.971098
6.820000	0.000000	80.565351
6.830000	0.000000	80.176869
6.840000	0.000000	80.006951
6.850000	0.000000	79.456725
6.860000	0.000000	79.014029
6.870000	0.000000	78.768559
6.880000	0.000000	78.335538
6.890000	0.000000	78.135774
6.900000	0.000000	77.873133
6.910000	0.000000	79.536018
6.920000	0.000000	81.370563
6.930000	0.000000	79.076974
6.940000	0.000000	80.081093
6.950000	0.000000	83.432926
6.960000	0.000000	79.025402
6.970000	0.000000	93.758943
6.980000	0.000000	74.480225
6.990000	0.000000	73.964170
7.000000	0.000000	73.572554
7.010000	0.000000	73.288250
7.020000	0.000000	73.191343
7.030000	0.000000	72.551483
7.040000	0.000000	72.027400
7.050000	0.000000	71.674601
7.060000	0.000000	71.295193
7.070000	0.000000	70.893727
7.080000	0.000000	70.504366
7.090000	0.000000	70.114340
7.100000	0.000000	69.740773
7.110000	0.000000	69.375598
7.120000	0.000000	68.995317
7.130000	0.000000	68.649443
7.140000	0.000000	68.304000
7.150000	0.000000	67.933006
7.160000	0.000000	67.617553
7.170000	0.000000	67.383077
7.180000	0.000000	66.959168
7.190000	0.000000	66.703901
7.200000	0.000000	66.269577
7.210000	0.000000	65.867420
7.220000	0.000000	65.518287
7.230000	0.000000	65.171647
7.240000	0.000000	64.827851
7.250000	0.000000	64.519360
7.260000	0.000000	64.396336
7.270000	0.000000	64.328856
7.280000	0.000000	63.741704
7.290000	0.000000	63.387664
7.300000	0.000000	63.124391
7.310000	0.000000	62.861407
7.320000	0.000000	62.582581
7.330000	0.000000	62.381071
7.340000	0.000000	62.063570
7.350000	0.000000	61.791833
7.360000	0.000000	61.562675
7.370000	0.000000	61.281036
7.380000	0.000000	61.021575
7.390000	0.000000	60.776092
7.400000	0.000000	60.510158
7.410000	0.000000	60.230463
7.420000	0.000000	59.957225
7.430000	0.000000	59.696073
7.440000	0.000000	59.434468
7.450000	0.000000	59.173458
7.460000	0.000000	58.914134
7.470000	0.000000	58.655000
7.480000	0.000000	58.397016
7.490000	0.000000	58.123232
7.500000	0.000000	57.864784
7.510000	0.000000	57.606849
7.520000	0.000000	57.420199
7.530000	0.000000	57.128352
7.540000	0.000000	56.852441
7.550000	0.000000	56.626189
7.560000	0.000000	56.364090
7.570000	0.000000	56.088250
7.580000	0.000000	55.823927
7.590000	0.000000	55.552519
7.600000	0.000000	55.298862
7.610000	0.000000	55.092716
7.620000	0.000000	54.961973
7.630000	0.000000	54.613467
7.640000	0.000000	54.478393
7.650000	0.000000	54.155053
7.660000	0.000000	53.780351
7.670000	0.000000	53.501339
7.680000	0.000000	53.378624
7.690000	0.000000	53.066807
7.700000	0.000000	53.193173
7.710000	0.000000	53.663236
7.720000	0.000000	56.848251
7.730000	0.000000	58.026343
7.740000	0.000000	55.281412
7.750000	0.000000	56.405466
7.760000	0.000000	60.101821
7.770000	0.000000	63.626249
7.780000	0.000000	75.482143
7.790000	0.000000	58.974463
7.800000	0.000000	63.808377
7.810000	0.000000	50.207894
7.820000	0.000000	52.363440
7.830000	0.000000	50.294349
7.840000	0.000000	49.234086
7.850000	0.000000	48.895625
7.860000	0.000000	57.776269
7.870000	0.000000	99.358599
7.880000	0.000000	72.420107
7.890000	0.000000	47.891374
7.900000	0.000000	47.640921
7.910000	0.000000	47.412363
7.920000	0.000000	47.175300
7.930000	0.000000	46.912030
7.940000	0.000000	46.685288
7.950000	0.000000	46.458821
7.960000	0.000000	46.233829
7.970000	0.000000	46.031950
7.980000	0.000000	45.775233
7.990000	0.000000	45.536185
8.000000	0.000000	45.304498
8.010000	0.000000	45.097022
8.020000	0.000000	44.853985
8.030000	0.000000	44.655121
8.040000	0.000000	44.424743
8.050000	0.000000	44.210839
8.060000	0.000000	43.994768
8.070000	0.000000	43.744248
8.080000	0.000000	43.498314
8.090000	0.000000	43.364792
8.100000	0.000000	43.257906
8.110000	0.000000	42.977093
8.120000	0.000000	42.793010
8.130000	0.000000	42.684562
8.140000	0.000000	42.740718
8.150000	0.000000	42.360261
8.160000	0.000000	55.394941
8.170000	0.000000	42.936730
8.180000	0.000000	43.630223
8.190000	0.000000	42.294753
8.200000	0.000000	41.427791
8.210000	0.000000	42.971842
8.220000	0.000000	42.066577
8.230000	0.000000	40.833000
8.240000	0.000000	41.887090
8.250000	0.000000	41.950356
8.260000	0.000000	40.283587
8.270000	0.000000	40.113304
8.280000	0.000000	45.472648
8.290000	0.000000	59.444132
8.300000	0.000000	39.614450
8.310000	0.000000	39.458503
8.320000	0.000000	39.262255
8.330000	0.000000	39.117393
8.340000	0.000000	44.516160
8.350000	0.000000	39.637597
8.360000	0.000000	39.605756
8.370000	0.000000	38.763300
8.380000	0.000000	38.239793
8.390000	0.000000	38.848150
8.400000	0.000000	38.495455
8.410000	0.000000	37.720040
8.420000	0.000000	37.549620
8.430000	0.000000	37.380300
8.440000	0.000000	37.211001
8.450000	0.000000	37.040866
8.460000	0.000000	36.871616
8.470000	0.000000	37.652960
8.480000	0.000000	46.419427
8.490000	0.000000	36.356432
8.500000	0.000000	36.181437
8.510000	0.000000	36.011873
8.520000	0.000000	35.842321
8.530000	0.000000	35.676734
8.540000	0.000000	35.509579
8.550000	0.000000	35.346269
8.560000	0.000000	35.237228
8.570000	0.000000	35.066415
8.580000	0.000000	37.466192
8.590000	0.000000	38.118521
8.600000	0.000000	34.532983
8.610000	0.000000	34.343135
8.620000	0.000000	34.176806
8.630000	0.000000	34.010492
8.640000	0.000000	34.115521
8.650000	0.000000	37.012960
8.660000	0.000000	33.504130
8.670000	0.000000	33.335324
8.680000	0.000000	33.469406
8.690000	0.000000	35.245766
8.700000	0.000000	33.463437
8.710000	0.000000	33.618655
8.720000	0.000000	32.997914
8.730000	0.000000	32.913140
8.740000	0.000000	32.665756
8.750000	0.000000	32.026336
8.760000	0.000000	31.886563
8.770000	0.000000	31.732838
8.780000	0.000000	31.566839
8.790000	0.000000	31.419360
8.800000	0.000000	31.273077
8.810000	0.000000	31.114548
8.820000	0.000000	30.976005
8.830000	0.000000	30.994192
8.840000	0.000000	30.843331
8.850000	0.000000	30.692222
8.860000	0.000000	30.541080
8.870000	0.000000	30.389996
8.880000	0.000000	30.239061
8.890000	0.000000	30.088027
8.900000	0.000000	30.130970
8.910000	0.000000	29.960239
8.920000	0.000000	29.634646
8.930000	0.000000	29.483490
8.940000	0.000000	29.332627
8.950000	0.000000	29.185880
8.960000	0.000000	29.054359
8.970000	0.000000	28.939929
8.980000	0.000000	28.827018
8.990000	0.000000	28.728912
9.000000	0.000000	28.590811
9.010000	0.000000	28.574872
9.020000	0.000000	28.524684
9.030000	0.000000	28.284347
9.040000	0.000000	28.162646
9.050000	0.000000	28.060379
9.060000	0.000000	28.036252
9.070000	0.000000	28.212299
9.080000	0.000000	28.087907
9.090000	0.000000	27.709201
9.100000	0.000000	27.510070
9.110000	0.000000	27.374040
9.120000	0.000000	27.304104
9.130000	0.000000	27.198571
9.140000	0.000000	26.996515
9.150000	0.000000	26.887719
9.160000	0.000000	26.892443
9.170000	0.000000	26.803806
9.180000	0.000000	27.584393
9.190000	0.000000	26.589943
9.200000	0.000000	26.306044
9.210000	0.000000	26.192593
9.220000	0.000000	26.079155
9.230000	0.000000	25.965725
9.240000	0.000000	25.852441
9.250000	0.000000	25.739041
9.260000	0.000000	25.625520
9.270000	0.000000	25.512257
9.280000	0.000000	25.399185
9.290000	0.000000	25.286169
9.300000	0.000000	25.173802
9.310000	0.000000	25.062838
9.320000	0.000000	24.952014
9.330000	0.000000	24.836022
9.340000	0.000000	24.721738
9.350000	0.000000	24.610624
9.360000	0.000000	24.499511
9.370000	0.000000	24.388399
9.380000	0.000000	24.277289
9.390000	0.000000	24.166222
9.400000	0.000000	24.055312
9.410000	0.000000	23.944565
9.420000	0.000000	23.833782
9.430000	0.000000	23.722947
9.440000	0.000000	23.614555
9.450000	0.000000	23.507358
9.460000	0.000000	23.393404
9.470000	0.000000	23.283732
9.480000	0.000000	23.173625
9.490000	0.000000	23.059882
9.500000	0.000000	22.945273
9.510000	0.000000	22.830057
9.520000	0.000000	22.997645
9.530000	0.000000	22.665150
9.540000	0.000000	22.537882
9.550000	0.000000	22.403888
9.560000	0.000000	22.287700
9.570000	0.000000	22.216342
9.580000	0.000000	22.100634
9.590000	0.000000	21.960918
9.600000	0.000000	21.854151
9.610000	0.000000	21.752190
9.620000	0.000000	21.651493
9.630000	0.000000	21.550796
9.640000	0.000000	21.450100
9.650000	0.000000	21.374106
9.660000	0.000000	21.638689
9.670000	0.000000	21.141463
9.680000	0.000000	21.040884
9.690000	0.000000	20.940006
9.700000	0.000000	20.840168
9.710000	0.000000	20.740155
9.720000	0.000000	20.639678
9.730000	0.000000	20.627906
9.740000	0.000000	20.502707
9.750000	0.000000	20.354577
9.760000	0.000000	20.257339
9.770000	0.000000	20.140816
9.780000	0.000000	20.051365
9.790000	0.000000	19.966591
9.800000	0.000000	19.843014
9.810000	0.000000	19.743832
9.820000	0.000000	19.644794
9.830000	0.000000	19.549077
9.840000	0.000000	19.467574
9.850000	0.000000	19.391645
9.860000	0.000000	19.315736
9.870000	0.000000	19.239828
9.880000	0.000000	19.184128
9.890000	0.000000	19.187710
9.900000	0.000000	19.065295
9.910000	0.000000	18.936205
9.920000	0.000000	18.860303
9.930000	0.000000	18.784388
9.940000	0.000000	18.708496
9.950000	0.000000	18.632806
9.960000	0.000000	18.557257
9.970000	0.000000	18.481059
9.980000	0.000000	18.404856
9.990000	0.000000	18.332345
10.000000	0.000000	18.339687
10.010000	0.000000	18.175082
10.020000	0.000000	18.096212
10.030000	0.000000	18.020469
10.040000	0.000000	17.944832
10.050000	0.000000	17.869205
10.060000	0.000000	17.793593
10.070000	0.000000	17.749397
10.080000	0.000000	17.667316
10.090000	0.000000	17.568345
10.100000	0.000000	17.495233
10.110000	0.000000	17.420476
10.120000	0.000000	17.354078
10.130000	0.000000	17.297362
10.140000	0.000000	17.196133
10.150000	0.000000	17.123792
10.160000	0.000000	17.068837
10.170000	0.000000	16.970427
10.180000	0.000000	16.909850
10.190000	0.000000	16.822529
10.200000	0.000000	16.747020
10.210000	0.000000	16.673291
10.220000	0.000000	16.599664
10.230000	0.000000	16.525938
10.240000	0.000000	16.452211
10.250000	0.000000	16.378519
10.260000	0.000000	16.304831
10.270000	0.000000	16.231149
10.280000	0.000000	16.158007
10.290000	0.000000	16.085659
10.300000	0.000000	16.012602
10.310000	0.000000	15.938915
10.320000	0.000000	15.865242
10.330000	0.000000	15.791593
10.340000	0.000000	15.715695
10.350000	0.000000	15.639496
10.360000	0.000000	15.565828
10.370000	0.000000	15.492267
10.380000	0.000000	15.418744
10.390000	0.000000	15.345240
10.400000	0.000000	15.271741
10.410000	0.000000	15.198243
10.420000	0.000000	15.124746
10.430000	0.000000	15.052145
10.440000	0.000000	14.982337
10.450000	0.000000	14.915246
10.460000	0.000000	14.848437
10.470000	0.000000	14.782020
10.480000	0.000000	14.715354
10.490000	0.000000	14.648326
10.500000	0.000000	14.581510
10.510000	0.000000	14.510678
10.520000	0.000000	14.444116
10.530000	0.000000	14.377599
10.540000	0.000000	14.311095
10.550000	0.000000	14.245077
10.560000	0.000000	14.178331
10.570000	0.000000	14.111900
10.580000	0.000000	14.045849
10.590000	0.000000	13.979831
10.600000	0.000000	13.913992
10.610000	0.000000	13.848062
10.620000	0.000000	13.781779
10.630000	0.000000	13.715823
10.640000	0.000000	13.649959
10.650000	0.000000	13.583748
10.660000	0.000000	13.517895
10.670000	0.000000	13.450539
10.680000	0.000000	13.381248
10.690000	0.000000	13.315246
10.700000	0.000000	13.249244
10.710000	0.000000	13.183242
10.720000	0.000000	13.120593
10.730000	0.000000	13.066492
10.740000	0.000000	13.015792
10.750000	0.000000	12.965270
10.760000	0.000000	12.914748
10.770000	0.000000	12.864226
10.780000	0.000000	12.813705
10.790000	0.000000	12.763183
10.800000	0.000000	12.712661
10.810000	0.000000	12.662139
10.820000	0.000000	12.611617
10.830000	0.000000	12.561095
10.840000	0.000000	12.508955
10.850000	0.000000	12.456637
10.860000	0.000000	12.406135
10.870000	0.000000	12.355670
10.880000	0.000000	12.305313
10.890000	0.000000	12.254991
10.900000	0.000000	12.205056
10.910000	0.000000	12.155510
10.920000	0.000000	12.106095
10.930000	0.000000	12.056681
10.940000	0.000000	12.007271
10.950000	0.000000	11.957890
10.960000	0.000000	11.908573
10.970000	0.000000	11.859297
10.980000	0.000000	11.810021
10.990000	0.000000	11.760745
11.000000	0.000000	11.711473
11.010000	0.000000	11.659922
11.020000	0.000000	11.609598
11.030000	0.000000	11.560326
11.040000	0.000000	11.511055
11.050000	0.000000	11.461783
11.060000	0.000000	11.412511
11.070000	0.000000	11.363240
11.080000	0.000000	11.313968
11.090000	0.000000	11.264696
11.100000	0.000000	11.215425
11.110000	0.000000	11.166170
11.120000	0.000000	11.116994
11.130000	0.000000	11.067928
11.140000	0.000000	11.018874
11.150000	0.000000	10.969821
11.160000	0.000000	10.920771
11.170000	0.000000	10.871725
11.180000	0.000000	10.819712
11.190000	0.000000	10.770318
11.200000	0.000000	10.721272
11.210000	0.000000	10.672227
11.220000	0.000000	10.623196
11.230000	0.000000	10.574208
11.240000	0.000000	10.525252
11.250000	0.000000	10.476383
11.260000	0.000000	10.427645
11.270000	0.000000	10.378975
11.280000	0.000000	10.330306
11.290000	0.000000	10.281760
11.300000	0.000000	10.234314
11.310000	0.000000	10.189390
11.320000	0.000000	10.145070
11.330000	0.000000	10.100750
11.340000	0.000000	10.056115
11.350000	0.000000	10.009128
11.360000	0.000000	9.964858
11.370000	0.000000	9.920591
11.380000	0.000000	9.876324
11.390000	0.000000	9.832079
11.400000	0.000000	9.788011
11.410000	0.000000	9.744045
11.420000	0.000000	9.700099
11.430000	0.000000	9.656153
11.440000	0.000000	9.612207
11.450000	0.000000	9.568262
11.460000	0.000000	9.524317
11.470000	0.000000	9.480373
11.480000	0.000000	9.436428
11.490000	0.000000	9.392484
11.500000	0.000000	9.348539
11.510000	0.000000	9.303657
11.520000	0.000000	9.257679
11.530000	0.000000	9.213735
11.540000	0.000000	9.169790
11.550000	0.000000	9.125846
11.560000	0.000000	9.081902
11.570000	0.000000	9.037957
11.580000	0.000000	8.994014
11.590000	0.000000	8.950075
11.600000	0.000000	8.906139
11.610000	0.000000	8.862204
11.620000	0.000000	8.818664
11.630000	0.000000	8.778127
11.640000	0.000000	8.743325
11.650000	0.000000	8.709693
11.660000	0.000000	8.676062
11.670000	0.000000	8.642430
11.680000	0.000000	8.607602
11.690000	0.000000	8.572893
11.700000	0.000000	8.539262
11.710000	0.000000	8.505634
11.720000	0.000000	8.472036
11.730000	0.000000	8.438757
11.740000	0.000000	8.405748
11.750000	0.000000	8.372845
11.760000	0.000000	8.339997
11.770000	0.000000	8.307182
11.780000	0.000000	8.274371
11.790000	0.000000	8.241560
11.800000	0.000000	8.208749
11.810000	0.000000	8.175941
11.820000	0.000000	8.143134
11.830000	0.000000	8.110330
11.840000	0.000000	8.077526
11.850000	0.000000	8.043088
11.860000	0.000000	8.009700
11.870000	0.000000	7.976897
11.880000	0.000000	7.944093
11.890000	0.000000	7.911289
11.900000	0.000000	7.878486
11.910000	0.000000	7.845683
11.920000	0.000000	7.812880
11.930000	0.000000	7.780076
11.940000	0.000000	7.747273
11.950000	0.000000	7.714470
11.960000	0.000000	7.681667
11.970000	0.000000	7.648863
11.980000	0.000000	7.616060
11.990000	0.000000	7.583257
12.000000	0.000000	7.550454
12.010000	0.000000	7.517650
12.020000	0.000000	7.482746
12.030000	0.000000	7.449827
12.040000	0.000000	7.417026
12.050000	0.000000	7.384268
12.060000	0.000000	7.351698
12.070000	0.000000	7.319197
12.080000	0.000000	7.286704
12.090000	0.000000	7.254212
12.100000	0.000000	7.221723
12.110000	0.000000	7.189235
12.120000	0.000000	7.156764
12.130000	0.000000	7.124328
12.140000	0.000000	7.091925
12.150000	0.000000	7.059527
12.160000	0.000000	7.027129
12.170000	0.000000	6.994815
12.180000	0.000000	6.963569
12.190000	0.000000	6.932387
12.200000	0.000000	6.902903
12.210000	0.000000	6.873421
12.220000	0.000000	6.843939
12.230000	0.000000	6.814462
12.240000	0.000000	6.785042
12.250000	0.000000	6.755730
12.260000	0.000000	6.726466
12.270000	0.000000	6.697204
12.280000	0.000000	6.667941
12.290000	0.000000	6.638678
12.300000	0.000000	6.609416
12.310000	0.000000	6.580153
12.320000	0.000000	6.550890
12.330000	0.000000	6.521628
12.340000	0.000000	6.492366
12.350000	0.000000	6.462375
12.360000	0.000000	6.431863
12.370000	0.000000	6.402602
12.380000	0.000000	6.373341
12.390000	0.000000	6.344080
12.400000	0.000000	6.314819
12.410000	0.000000	6.285558
12.420000	0.000000	6.256297
12.430000	0.000000	6.227036
12.440000	0.000000	6.197775
12.450000	0.000000	6.168514
12.460000	0.000000	6.139253
12.470000	0.000000	6.109992
12.480000	0.000000	6.080731
12.490000	0.000000	6.051471
12.500000	0.000000	6.022210
12.510000	0.000000	5.992949
12.520000	0.000000	5.962543
12.530000	0.000000	5.932450
12.540000	0.000000	5.903194
12.550000	0.000000	5.876466
12.560000	0.000000	5.853333
12.570000	0.000000	5.831037
12.580000	0.000000	5.808995
12.590000	0.000000	5.787056
12.600000	0.000000	5.765123
12.610000	0.000000	5.743192
12.620000	0.000000	5.721280
12.630000	0.000000	5.699402
12.640000	0.000000	5.677538
12.650000	0.000000	5.655675
12.660000	0.000000	5.633811
12.670000	0.000000	5.611949
12.680000	0.000000	5.590087
12.690000	0.000000	5.567059
12.700000	0.000000	5.544889
12.710000	0.000000	5.523030
12.720000	0.000000	5.501171
12.730000	0.000000	5.479312
12.740000	0.000000	5.457453
12.750000	0.000000	5.435594
12.760000	0.000000	5.413736
12.770000	0.000000	5.391877
12.780000	0.000000	5.370018
12.790000	0.000000	5.348160
12.800000	0.000000	5.326301
12.810000	0.000000	5.304442
12.820000	0.000000	5.282584
12.830000	0.000000	5.260725
12.840000	0.000000	5.238867
12.850000	0.000000	5.217008
12.860000	0.000000	5.193673
12.870000	0.000000	5.171882
12.880000	0.000000	5.150130
12.890000	0.000000	5.128382
12.900000	0.000000	5.106633
12.910000	0.000000	5.084884
12.920000	0.000000	5.063136
12.930000	0.000000	5.041387
12.940000	0.000000	5.019640
12.950000	0.000000	4.997892
12.960000	0.000000	4.976146
12.970000	0.000000	4.954400
12.980000	0.000000	4.932656
12.990000	0.000000	4.910912
13.000000	0.000000	4.889175
13.010000	0.000000	4.867492
13.020000	0.000000	4.845535
13.030000	0.000000	4.822752
13.040000	0.000000	4.801157
13.050000	0.000000	4.779578
13.060000	0.000000	4.758232
13.070000	0.000000	4.738055
13.080000	0.000000	4.718345
13.090000	0.000000	4.698697
13.100000	0.000000	4.679081
13.110000	0.000000	4.659533
13.120000	0.000000	4.640031
13.130000	0.000000	4.620530
13.140000	0.000000	4.601029
13.150000	0.000000	4.581528
13.160000	0.000000	4.562027
13.170000	0.000000	4.542525
13.180000	0.000000	4.523024
13.190000	0.000000	4.502968
13.200000	0.000000	4.482704
13.210000	0.000000	4.463203
13.220000	0.000000	4.443702
13.230000	0.000000	4.424201
13.240000	0.000000	4.404700
13.250000	0.000000	4.385199
13.260000	0.000000	4.365698
13.270000	0.000000	4.346197
13.280000	0.000000	4.326696
13.290000	0.000000	4.307195
13.300000	0.000000	4.287695
13.310000	0.000000	4.268194
13.320000	0.000000	4.248694
13.330000	0.000000	4.229194
13.340000	0.000000	4.209695
13.350000	0.000000	4.190195
13.360000	0.000000	4.169862
13.370000	0.000000	4.149876
13.380000	0.000000	4.130376
13.390000	0.000000	4.110877
13.400000	0.000000	4.091390
13.410000	0.000000	4.071924
13.420000	0.000000	4.052464
13.430000	0.000000	4.033097
13.440000	0.000000	4.013853
13.450000	0.000000	3.994662
13.460000	0.000000	3.975472
13.470000	0.000000	3.956348
13.480000	0.000000	3.938252
13.490000	0.000000	3.922716
13.500000	0.000000	3.908094
13.510000	0.000000	3.893472
13.520000	0.000000	3.878866
13.530000	0.000000	3.863460
13.540000	0.000000	3.848728
13.550000	0.000000	3.834153
13.560000	0.000000	3.819578
13.570000	0.000000	3.805002
13.580000	0.000000	3.790427
13.590000	0.000000	3.775852
13.600000	0.000000	3.761278
13.610000	0.000000	3.746704
13.620000	0.000000	3.732131
13.630000	0.000000	3.717557
13.640000	0.000000	3.702984
13.650000	0.000000	3.688410
13.660000	0.000000	3.673840
13.670000	0.000000	3.659289
13.680000	0.000000	3.644784
13.690000	0.000000	3.630231
13.700000	0.000000	3.614801
13.710000	0.000000	3.600300
13.720000	0.000000	3.585798
13.730000	0.000000	3.571297
13.740000	0.000000	3.556796
13.750000	0.000000	3.542295
13.760000	0.000000	3.527793
13.770000	0.000000	3.513292
13.780000	0.000000	3.498791
13.790000	0.000000	3.484290
13.800000	0.000000	3.469789
13.810000	0.000000	3.455288
13.820000	0.000000	3.440787
13.830000	0.000000	3.426288
13.840000	0.000000	3.411789
13.850000	0.000000	3.397291
13.860000	0.000000	3.382535
13.870000	0.000000	3.367315
13.880000	0.000000	3.352817
13.890000	0.000000	3.338319
13.900000	0.000000	3.323822
13.910000	0.000000	3.309332
13.920000	0.000000	3.294846
13.930000	0.000000	3.280361
13.940000	0.000000	3.265883
13.950000	0.000000	3.251420
13.960000	0.000000	3.237267
13.970000	0.000000	3.223749
13.980000	0.000000	3.210682
13.990000	0.000000	3.197664
14.000000	0.000000	3.184650
14.010000	0.000000	3.171640
14.020000	0.000000	3.158634
14.030000	0.000000	3.145213
14.040000	0.000000	3.131747
14.050000	0.000000	3.118743
14.060000	0.000000	3.105739
14.070000	0.000000	3.092735
14.080000	0.000000	3.079731
14.090000	0.000000	3.066727
14.100000	0.000000	3.053723
14.110000	0.000000	3.040719
14.120000	0.000000	3.027716
14.130000	0.000000	3.014712
14.140000	0.000000	3.001708
14.150000	0.000000	2.988704
14.160000	0.000000	2.975700
14.170000	0.000000	2.962696
14.180000	0.000000	2.949692
14.190000	0.000000	2.936689
14.200000	0.000000	2.923083
14.210000	0.000000	2.909802
14.220000	0.000000	2.896798
14.230000	0.000000	2.883794
14.240000	0.000000	2.870791
14.250000	0.000000	2.857787
14.260000	0.000000	2.844788
14.270000	0.000000	2.831803
14.280000	0.000000	2.818825
14.290000	0.000000	2.805847
14.300000	0.000000	2.792913
14.310000	0.000000	2.780068
14.320000	0.000000	2.767274
14.330000	0.000000	2.754481
14.340000	0.000000	2.741688
14.350000	0.000000	2.728896
14.360000	0.000000	2.716103
14.370000	0.000000	2.702536
14.380000	0.000000	2.689656
14.390000	0.000000	2.676869
14.400000	0.000000	2.664082
14.410000	0.000000	2.651296
14.420000	0.000000	2.638927
14.430000	0.000000	2.628221
14.440000	0.000000	2.618409
14.450000	0.000000	2.608694
14.460000	0.000000	2.598980
14.470000	0.000000	2.589266
14.480000	0.000000	2.579552
14.490000	0.000000	2.569837
14.500000	0.000000	2.560125
14.510000	0.000000	2.550423
14.520000	0.000000	2.540754
14.530000	0.000000	2.531022
14.540000	0.000000	2.520773
14.550000	0.000000	2.511110
14.560000	0.000000	2.501446
14.570000	0.000000	2.491782
14.580000	0.000000	2.482119
14.590000	0.000000	2.472455
14.600000	0.000000	2.462791
14.610000	0.000000	2.453128
14.620000	0.000000	2.443464
14.630000	0.000000	2.433800
14.640000	0.000000	2.424137
14.650000	0.000000	2.414473
14.660000	0.000000	2.404810
14.670000	0.000000	2.395146
14.680000	0.000000	2.385483
14.690000	0.000000	2.375820
14.700000	0.000000	2.365952
14.710000	0.000000	2.355842
14.720000	0.000000	2.346180
14.730000	0.000000	2.336518
14.740000	0.000000	2.326856
14.750000	0.000000	2.317194
14.760000	0.000000	2.307532
14.770000	0.000000	2.297871
14.780000	0.000000	2.288213
14.790000	0.000000	2.278559
14.800000	0.000000	2.268906
14.810000	0.000000	2.259252
14.820000	0.000000	2.249603
14.830000	0.000000	2.239974
14.840000	0.000000	2.230379
14.850000	0.000000	2.220787
14.860000	0.000000	2.211202
14.870000	0.000000	2.201517
14.880000	0.000000	2.192485
14.890000	0.000000	2.183765
14.900000	0.000000	2.175046
14.910000	0.000000	2.166328
14.920000	0.000000	2.157609
14.930000	0.000000	2.148892
14.940000	0.000000	2.140181
14.950000	0.000000	2.131491
14.960000	0.000000	2.122817
14.970000	0.000000	2.114145
14.980000	0.000000	2.105475
14.990000	0.000000	2.096805
15.000000	0.000000	2.088136
15.010000	0.000000	2.079466
15.020000	0.000000	2.070797
15.030000	0.000000	2.062128
15.040000	0.000000	2.053026
15.050000	0.000000	2.044203
15.060000	0.000000	2.035533
15.070000	0.000000	2.026864
15.080000	0.000000	2.018195
15.090000	0.000000	2.009525
15.100000	0.000000	2.000856
15.110000	0.000000	1.992187
15.120000	0.000000	1.983526
15.130000	0.000000	1.974872
15.140000	0.000000	1.966220
15.150000	0.000000	1.957567
15.160000	0.000000	1.948915
15.170000	0.000000	1.940263
15.180000	0.000000	1.931610
15.190000	0.000000	1.922958
15.200000	0.000000	1.914306
15.210000	0.000000	1.905111
15.220000	0.000000	1.896524
15.230000	0.000000	1.887988
15.240000	0.000000	1.879454
15.250000	0.000000	1.870919
15.260000	0.000000	1.862385
15.270000	0.000000	1.853851
15.280000	0.000000	1.845317
15.290000	0.000000	1.836785
15.300000	0.000000	1.828254
15.310000	0.000000	1.819724
15.320000	0.000000	1.811193
15.330000	0.000000	1.802663
15.340000	0.000000	1.794133
15.350000	0.000000	1.785608
15.360000	0.000000	1.777098
15.370000	0.000000	1.768521
15.380000	0.000000	1.760425
15.390000	0.000000	1.753952
15.400000	0.000000	1.747502
15.410000	0.000000	1.741052
15.420000	0.000000	1.734604
15.430000	0.000000	1.728156
15.440000	0.000000	1.721709
15.450000	0.000000	1.715262
15.460000	0.000000	1.708815
15.470000	0.000000	1.702367
15.480000	0.000000	1.695920
15.490000	0.000000	1.689473
15.500000	0.000000	1.683026
15.510000	0.000000	1.676579
15.520000	0.000000	1.670132
15.530000	0.000000	1.663685
15.540000	0.000000	1.657078
15.550000	0.000000	1.650355
15.560000	0.000000	1.643909
15.570000	0.000000	1.637463
15.580000	0.000000	1.631017
15.590000	0.000000	1.624571
15.600000	0.000000	1.618125
15.610000	0.000000	1.611679
15.620000	0.000000	1.605233
15.630000	0.000000	1.598788
15.640000	0.000000	1.592342
15.650000	0.000000	1.585896
15.660000	0.000000	1.579451
15.670000	0.000000	1.573009
15.680000	0.000000	1.566569
15.690000	0.000000	1.560128
15.700000	0.000000	1.553688
15.710000	0.000000	1.546996
15.720000	0.000000	1.540373
15.730000	0.000000	1.533951
15.740000	0.000000	1.527551
15.750000	0.000000	1.521153
15.760000	0.000000	1.514755
15.770000	0.000000	1.508357
15.780000	0.000000	1.502076
15.790000	0.000000	1.496070
15.800000	0.000000	1.490236
15.810000	0.000000	1.484411
15.820000	0.000000	1.478591
15.830000	0.000000	1.472775
15.840000	0.000000	1.466959
15.850000	0.000000	1.461144
15.860000	0.000000	1.455329
15.870000	0.000000	1.449514
15.880000	0.000000	1.443390
15.890000	0.000000	1.437493
15.900000	0.000000	1.431679
15.910000	0.000000	1.425865
15.920000	0.000000	1.420051
15.930000	0.000000	1.414246
15.940000	0.000000	1.408456
15.950000	0.000000	1.402672
15.960000	0.000000	1.396888
15.970000	0.000000	1.391105
15.980000	0.000000	1.385325
15.990000	0.000000	1.379549
16.000000	0.000000	1.373777
16.010000	0.000000	1.368006
16.020000	0.000000	1.362234
16.030000	0.000000	1.356462
16.040000	0.000000	1.350690
16.050000	0.000000	1.344528
16.060000	0.000000	1.338757
16.070000	0.000000	1.332985
16.080000	0.000000	1.327213
16.090000	0.000000	1.321441
16.100000	0.000000	1.315670
16.110000	0.000000	1.309910
16.120000	0.000000	1.304187
16.130000	0.000000	1.298491
16.140000	0.000000	1.292798
16.150000	0.000000	1.287105
16.160000	0.000000	1.281411
16.170000	0.000000	1.275718
16.180000	0.000000	1.270025
16.190000	0.000000	1.264333
16.200000	0.000000	1.258640
16.210000	0.000000	1.252866
16.220000	0.000000	1.246871
16.230000	0.000000	1.241192
16.240000	0.000000	1.235522
16.250000	0.000000	1.229853
16.260000	0.000000	1.224184
16.270000	0.000000	1.218515
16.280000	0.000000	1.212849
16.290000	0.000000	1.207188
16.300000	0.000000	1.201532
16.310000	0.000000	1.195877
16.320000	0.000000	1.190221
16.330000	0.000000	1.184569
16.340000	0.000000	1.179123
16.350000	0.000000	1.174393
16.360000	0.000000	1.170090
16.370000	0.000000	1.165787
16.380000	0.000000	1.161362
16.390000	0.000000	1.156891
16.400000	0.000000	1.152589
16.410000	0.000000	1.148288
16.420000	0.000000	1.143986
16.430000	0.000000	1.139685
16.440000	0.000000	1.135383
16.450000	0.000000	1.131082
16.460000	0.000000	1.126781
16.470000	0.000000	1.122480
16.480000	0.000000	1.118179
16.490000	0.000000	1.113879
16.500000	0.000000	1.109578
16.510000	0.000000	1.105277
16.520000	0.000000	1.100976
16.530000	0.000000	1.096676
16.540000	0.000000	1.092375
16.550000	0.000000	1.087891
16.560000	0.000000	1.083485
16.570000	0.000000	1.079187
16.580000	0.000000	1.074891
16.590000	0.000000	1.070594
16.600000	0.000000	1.066297
16.610000	0.000000	1.062000
16.620000	0.000000	1.057703
16.630000	0.000000	1.053406
16.640000	0.000000	1.049118
16.650000	0.000000	1.044842
16.660000	0.000000	1.040574
16.670000	0.000000	1.036305
16.680000	0.000000	1.032036
16.690000	0.000000	1.027768
16.700000	0.000000	1.023526
16.710000	0.000000	1.019512
16.720000	0.000000	1.015401
16.730000	0.000000	1.011470
16.740000	0.000000	1.007580
16.750000	0.000000	1.003693
16.760000	0.000000	0.999810
16.770000	0.000000	0.995929
16.780000	0.000000	0.992050
16.790000	0.000000	0.988171
16.800000	0.000000	0.984292
16.810000	0.000000	0.980413
16.820000	0.000000	0.976535
16.830000	0.000000	0.972656
16.840000	0.000000	0.968778
16.850000	0.000000	0.964900
16.860000	0.000000	0.961024
16.870000	0.000000	0.957153
16.880000	0.000000	0.953268
16.890000	0.000000	0.949150
16.900000	0.000000	0.945279
16.910000	0.000000	0.941409
16.920000	0.000000	0.937540
16.930000	0.000000	0.933682
16.940000	0.000000	0.929830
16.950000	0.000000	0.925979
16.960000	0.000000	0.922129
16.970000	0.000000	0.918279
16.980000	0.000000	0.914429
16.990000	0.000000	0.910578
17.000000	0.000000	0.906728
17.010000	0.000000	0.902879
17.020000	0.000000	0.899033
17.030000	0.000000	0.895202
17.040000	0.000000	0.891403
17.050000	0.000000	0.887537
17.060000	0.000000	0.883550
17.070000	0.000000	0.879753
17.080000	0.000000	0.875955
17.090000	0.000000	0.872157
17.100000	0.000000	0.868364
17.110000	0.000000	0.864578
17.120000	0.000000	0.860794
17.130000	0.000000	0.857011
17.140000	0.000000	0.853228
17.150000	0.000000	0.849445
17.160000	0.000000	0.845663
17.170000	0.000000	0.841881
17.180000	0.000000	0.838099
17.190000	0.000000	0.834318
17.200000	0.000000	0.830536
17.210000	0.000000	0.826754
17.220000	0.000000	0.822851
17.230000	0.000000	0.818940
17.240000	0.000000	0.815167
17.250000	0.000000	0.811394
17.260000	0.000000	0.807621
17.270000	0.000000	0.803848
17.280000	0.000000	0.800076
17.290000	0.000000	0.796303
17.300000	0.000000	0.792531
17.310000	0.000000	0.788852
17.320000	0.000000	0.785549
17.330000	0.000000	0.782640
17.340000	0.000000	0.779766
17.350000	0.000000	0.776892
17.360000	0.000000	0.774019
17.370000	0.000000	0.771146
17.380000	0.000000	0.768273
17.390000	0.000000	0.765267
17.400000	0.000000	0.762333
17.410000	0.000000	0.759460
17.420000	0.000000	0.756588
17.430000	0.000000	0.753715
17.440000	0.000000	0.750843
17.450000	0.000000	0.747970
17.460000	0.000000	0.745098
17.470000	0.000000	0.742228
17.480000	0.000000	0.739357
17.490000	0.000000	0.736487
17.500000	0.000000	0.733617
17.510000	0.000000	0.730747
17.520000	0.000000	0.727877
17.530000	0.000000	0.725008
17.540000	0.000000	0.722138
17.550000	0.000000	0.719268
17.560000	0.000000	0.716225
17.570000	0.000000	0.713347
17.580000	0.000000	0.710496
17.590000	0.000000	0.707644
17.600000	0.000000	0.704793
17.610000	0.000000	0.701942
17.620000	0.000000	0.699091
17.630000	0.000000	0.696261
17.640000	0.000000	0.693546
17.650000	0.000000	0.690933
17.660000	0.000000	0.688335
17.670000	0.000000	0.685737
17.680000	0.000000	0.683139
17.690000	0.000000	0.680541
17.700000	0.000000	0.677943
17.710000	0.000000	0.675348
17.720000	0.000000	0.672737
17.730000	0.000000	0.669989
17.740000	0.000000	0.667399
17.750000	0.000000	0.664812
17.760000	0.000000	0.662226
17.770000	0.000000	0.659640
17.780000	0.000000	0.657055
17.790000	0.000000	0.654469
17.800000	0.000000	0.651883
17.810000	0.000000	0.649298
17.820000	0.000000	0.646712
17.830000	0.000000	0.644126
17.840000	0.000000	0.641541
17.850000	0.000000	0.638955
17.860000	0.000000	0.636370
17.870000	0.000000	0.633784
17.880000	0.000000	0.631198
17.890000	0.000000	0.628558
17.900000	0.000000	0.625854
17.910000	0.000000	0.623269
17.920000	0.000000	0.620685
17.930000	0.000000	0.618108
17.940000	0.000000	0.615535
17.950000	0.000000	0.612974
17.960000	0.000000	0.610430
17.970000	0.000000	0.607893
17.980000	0.000000	0.605358
17.990000	0.000000	0.602827
18.000000	0.000000	0.600300
18.010000	0.000000	0.597772
18.020000	0.000000	0.595245
18.030000	0.000000	0.592718
18.040000	0.000000	0.590190
18.050000	0.000000	0.587663
18.060000	0.000000	0.585046
18.070000	0.000000	0.582438
18.080000	0.000000	0.579910
18.090000	0.000000	0.577383
18.100000	0.000000	0.574857
18.110000	0.000000	0.572330
18.120000	0.000000	0.569804
18.130000	0.000000	0.567278
18.140000	0.000000	0.564752
18.150000	0.000000	0.562225
18.160000	0.000000	0.559699
18.170000	0.000000	0.557173
18.180000	0.000000	0.554649
18.190000	0.000000	0.552128
18.200000	0.000000	0.549608
18.210000	0.000000	0.547088
18.220000	0.000000	0.544568
18.230000	0.000000	0.541922
18.240000	0.000000	0.539357
18.250000	0.000000	0.536837
18.260000	0.000000	0.534317
18.270000	0.000000	0.531798
18.280000	0.000000	0.529278
18.290000	0.000000	0.526856
18.300000	0.000000	0.524744
18.310000	0.000000	0.522812
18.320000	0.000000	0.520894
18.330000	0.000000	0.518975
18.340000	0.000000	0.517057
18.350000	0.000000	0.515138
18.360000	0.000000	0.513220
18.370000	0.000000	0.511302
18.380000	0.000000	0.509385
18.390000	0.000000	0.507469
18.400000	0.000000	0.505430
18.410000	0.000000	0.503506
18.420000	0.000000	0.501590
18.430000	0.000000	0.499674
18.440000	0.000000	0.497757
18.450000	0.000000	0.495841
18.460000	0.000000	0.493925
18.470000	0.000000	0.492009
18.480000	0.000000	0.490092
18.490000	0.000000	0.488176
18.500000	0.000000	0.486265
18.510000	0.000000	0.484359
18.520000	0.000000	0.482456
18.530000	0.000000	0.480552
18.540000	0.000000	0.478648
18.550000	0.000000	0.476744
18.560000	0.000000	0.474820
18.570000	0.000000	0.472846
18.580000	0.000000	0.471099
18.590000	0.000000	0.469364
18.600000	0.000000	0.467628
18.610000	0.000000	0.465893
18.620000	0.000000	0.464158
18.630000	0.000000	0.462423
18.640000	0.000000	0.460690
18.650000	0.000000	0.458958
18.660000	0.000000	0.457227
18.670000	0.000000	0.455497
18.680000	0.000000	0.453769
18.690000	0.000000	0.452042
18.700000	0.000000	0.450315
18.710000	0.000000	0.448588
18.720000	0.000000	0.446861
18.730000	0.000000	0.445091
18.740000	0.000000	0.443291
18.750000	0.000000	0.441564
18.760000	0.000000	0.439837
18.770000	0.000000	0.438110
18.780000	0.000000	0.436384
18.790000	0.000000	0.434657
18.800000	0.000000	0.432930
18.810000	0.000000	0.431203
18.820000	0.000000	0.429476
18.830000	0.000000	0.427750
18.840000	0.000000	0.426023
18.850000	0.000000	0.424297
18.860000	0.000000	0.422571
18.870000	0.000000	0.420845
18.880000	0.000000	0.419124
18.890000	0.000000	0.417419
18.900000	0.000000	0.415656
18.910000	0.000000	0.413912
18.920000	0.000000	0.412215
18.930000	0.000000	0.410519
18.940000	0.000000	0.408828
18.950000	0.000000	0.407140
18.960000	0.000000	0.405452
18.970000	0.000000	0.403764
18.980000	0.000000	0.402076
18.990000	0.000000	0.400388
19.000000	0.000000	0.398700
19.010000	0.000000	0.397012
19.020000	0.000000	0.395324
19.030000	0.000000	0.393636
19.040000	0.000000	0.391948
19.050000	0.000000	0.390260
19.060000	0.000000	0.388573
19.070000	0.000000	0.386795
19.080000	0.000000	0.385084
19.090000	0.000000	0.383397
19.100000	0.000000	0.381709
19.110000	0.000000	0.380022
19.120000	0.000000	0.378335
19.130000	0.000000	0.376648
19.140000	0.000000	0.374962
19.150000	0.000000	0.373278
19.160000	0.000000	0.371595
19.170000	0.000000	0.369912
19.180000	0.000000	0.368229
19.190000	0.000000	0.366546
19.200000	0.000000	0.364863
19.210000	0.000000	0.363180
19.220000	0.000000	0.361497
19.230000	0.000000	0.359814
19.240000	0.000000	0.358017
19.250000	0.000000	0.356334
19.260000	0.000000	0.354651
19.270000	0.000000	0.352968
19.280000	0.000000	0.351418
19.290000	0.000000	0.350072
19.300000	0.000000	0.348791
19.310000	0.000000	0.347511
19.320000	0.000000	0.346231
19.330000	0.000000	0.344951
19.340000	0.000000	0.343670
19.350000	0.000000	0.342390
19.360000	0.000000	0.341110
19.370000	0.000000	0.339830
19.380000	0.000000	0.338550
19.390000	0.000000	0.337270
19.400000	0.000000	0.335972
19.410000	0.000000	0.334624
19.420000	0.000000	0.333344
19.430000	0.000000	0.332065
19.440000	0.000000	0.330786
19.450000	0.000000	0.329513
19.460000	0.000000	0.328242
19.470000	0.000000	0.326970
19.480000	0.000000	0.325698
19.490000	0.000000	0.324427
19.500000	0.000000	0.323157
19.510000	0.000000	0.321916
19.520000	0.000000	0.320734
19.530000	0.000000	0.319575
19.540000	0.000000	0.318418
19.550000	0.000000	0.317261
19.560000	0.000000	0.316105
19.570000	0.000000	0.314915
19.580000	0.000000	0.313714
19.590000	0.000000	0.312557
19.600000	0.000000	0.311401
19.610000	0.000000	0.310245
19.620000	0.000000	0.309088
19.630000	0.000000	0.307932
19.640000	0.000000	0.306777
19.650000	0.000000	0.305624
19.660000	0.000000	0.304471
19.670000	0.000000	0.303318
19.680000	0.000000	0.302164
19.690000	0.000000	0.301011
19.700000	0.000000	0.299858
19.710000	0.000000	0.298705
19.720000	0.000000	0.297552
19.730000	0.000000	0.296399
19.740000	0.000000	0.295197
19.750000	0.000000	0.294015
19.760000	0.000000	0.292862
19.770000	0.000000	0.291710
19.780000	0.000000	0.290560
19.790000	0.000000	0.289412
19.800000	0.000000	0.288263
19.810000	0.000000	0.287115
19.820000	0.000000	0.285967
19.830000	0.000000	0.284827
19.840000	0.000000	0.283692
19.850000	0.000000	0.282559
19.860000	0.000000	0.281426
19.870000	0.000000	0.280292
19.880000	0.000000	0.279159
19.890000	0.000000	0.278026
19.900000	0.000000	0.276894
19.910000	0.000000	0.275696
19.920000	0.000000	0.274551
19.930000	0.000000	0.273418
19.940000	0.000000	0.272285
19.950000	0.000000	0.271156
19.960000	0.000000	0.270028
19.970000	0.000000	0.268901
19.980000	0.000000	0.267774
19.990000	0.000000	0.266647
20.000000	0.000000	0.265519
20.010000	0.000000	0.264393
20.020000	0.000000	0.263266
20.030000	0.000000	0.262139
20.040000	0.000000	0.261013
20.050000	0.000000	0.259886
20.060000	0.000000	0.258759
20.070000	0.000000	0.257629
20.080000	0.000000	0.256430
20.090000	0.000000	0.255303
20.100000	0.000000	0.254177
20.110000	0.000000	0.253052
20.120000	0.000000	0.251928
20.130000	0.000000	0.250804
20.140000	0.000000	0.249680
20.150000	0.000000	0.248557
20.160000	0.000000	0.247433
20.170000	0.000000	0.246309
20.180000	0.000000	0.245185
20.190000	0.000000	0.244061
20.200000	0.000000	0.242938
20.210000	0.000000	0.241814
20.220000	0.000000	0.240691
20.230000	0.000000	0.239568
20.240000	0.000000	0.238425
20.250000	0.000000	0.237246
20.260000	0.000000	0.236123
20.270000	0.000000	0.235029
20.280000	0.000000	0.234108
20.290000	0.000000	0.233245
20.300000	0.000000	0.232389
20.310000	0.000000	0.231534
20.320000	0.000000	0.230678
20.330000	0.000000	0.229822
20.340000	0.000000	0.228967
20.350000	0.000000	0.228111
20.360000	0.000000	0.227255
20.370000	0.000000	0.226400
20.380000	0.000000	0.225544
20.390000	0.000000	0.224689
20.400000	0.000000	0.223837
20.410000	0.000000	0.222960
20.420000	0.000000	0.222080
20.430000	0.000000	0.221230
20.440000	0.000000	0.220380
20.450000	0.000000	0.219531
20.460000	0.000000	0.218713
20.470000	0.000000	0.217929
20.480000	0.000000	0.217155
20.490000	0.000000	0.216382
20.500000	0.000000	0.215609
20.510000	0.000000	0.214836
20.520000	0.000000	0.214063
20.530000	0.000000	0.213290
20.540000	0.000000	0.212517
20.550000	0.000000	0.211743
20.560000	0.000000	0.210970
20.570000	0.000000	0.210197
20.580000	0.000000	0.209388
20.590000	0.000000	0.208599
20.600000	0.000000	0.207826
20.610000	0.000000	0.207054
20.620000	0.000000	0.206283
20.630000	0.000000	0.205512
20.640000	0.000000	0.204741
20.650000	0.000000	0.203970
20.660000	0.000000	0.203199
20.670000	0.000000	0.202428
20.680000	0.000000	0.201658
20.690000	0.000000	0.200889
20.700000	0.000000	0.200121
20.710000	0.000000	0.199353
20.720000	0.000000	0.198586
20.730000	0.000000	0.197818
20.740000	0.000000	0.197050
20.750000	0.000000	0.196236
20.760000	0.000000	0.195462
20.770000	0.000000	0.194695
20.780000	0.000000	0.193932
20.790000	0.000000	0.193174
20.800000	0.000000	0.192416
20.810000	0.000000	0.191658
20.820000	0.000000	0.190900
20.830000	0.000000	0.190143
20.840000	0.000000	0.189385
20.850000	0.000000	0.188627
20.860000	0.000000	0.187869
20.870000	0.000000	0.187112
20.880000	0.000000	0.186354
20.890000	0.000000	0.185597
20.900000	0.000000	0.184839
20.910000	0.000000	0.184076
20.920000	0.000000	0.183273
20.930000	0.000000	0.182516
20.940000	0.000000	0.181758
20.950000	0.000000	0.181001
20.960000	0.000000	0.180244
20.970000	0.000000	0.179489
20.980000	0.000000	0.178736
20.990000	0.000000	0.177982
21.000000	0.000000	0.177229
21.010000	0.000000	0.176476
21.020000	0.000000	0.175723
21.030000	0.000000	0.174969
21.040000	0.000000	0.174216
21.050000	0.000000	0.173463
21.060000	0.000000	0.172710
21.070000	0.000000	0.171957
21.080000	0.000000	0.171188
21.090000	0.000000	0.170401
21.100000	0.000000	0.169650
21.110000	0.000000	0.168898
21.120000	0.000000	0.168147
21.130000	0.000000	0.167396
21.140000	0.000000	0.166644
21.150000	0.000000	0.165893
21.160000	0.000000	0.165142
21.170000	0.000000	0.164392
21.180000	0.000000	0.163641
21.190000	0.000000	0.162890
21.200000	0.000000	0.162139
21.210000	0.000000	0.161388
21.220000	0.000000	0.160637
21.230000	0.000000	0.159886
21.240000	0.000000	0.159135
21.250000	0.000000	0.158358
21.260000	0.000000	0.157583
21.270000	0.000000	0.156866
21.280000	0.000000	0.156268
21.290000	0.000000	0.155694
21.300000	0.000000	0.155122
21.310000	0.000000	0.154551
21.320000	0.000000	0.153979
21.330000	0.000000	0.153407
21.340000	0.000000	0.152836
21.350000	0.000000	0.152265
21.360000	0.000000	0.151695
21.370000	0.000000	0.151128
21.380000	0.000000	0.150561
21.390000	0.000000	0.149994
21.400000	0.000000	0.149428
21.410000	0.000000	0.148870
21.420000	0.000000	0.148324
21.430000	0.000000	0.147798
21.440000	0.000000	0.147281
21.450000	0.000000	0.146765
21.460000	0.000000	0.146248
21.470000	0.000000	0.145732
21.480000	0.000000	0.145215
21.490000	0.000000	0.144699
21.500000	0.000000	0.144182
21.510000	0.000000	0.143666
21.520000	0.000000	0.143149
21.530000	0.000000	0.142633
21.540000	0.000000	0.142116
21.550000	0.000000	0.141600
21.560000	0.000000	0.141083
21.570000	0.000000	0.140567
21.580000	0.000000	0.140052
21.590000	0.000000	0.139503
21.600000	0.000000	0.138987
21.610000	0.000000	0.138474
21.620000	0.000000	0.137961
21.630000	0.000000	0.137448
21.640000	0.000000	0.136935
21.650000	0.000000	0.136422
21.660000	0.000000	0.135909
21.670000	0.000000	0.135396
21.680000	0.000000	0.134883
21.690000	0.000000	0.134370
21.700000	0.000000	0.133857
21.710000	0.000000	0.133344
21.720000	0.000000	0.132831
21.730000	0.000000	0.132319
21.740000	0.000000	0.131809
21.750000	0.000000	0.131297
21.760000	0.000000	0.130762
21.770000	0.000000	0.130256
21.780000	0.000000	0.129750
21.790000	0.000000	0.129244
21.800000	0.000000	0.128737
21.810000	0.000000	0.128231
21.820000	0.000000	0.127725
21.830000	0.000000	0.127219
21.840000	0.000000	0.126713
21.850000	0.000000	0.126206
21.860000	0.000000	0.125700
21.870000	0.000000	0.125194
21.880000	0.000000	0.124688
21.890000	0.000000	0.124182
21.900000	0.000000	0.123676
21.910000	0.000000	0.123170
21.920000	0.000000	0.122651
21.930000	0.000000	0.122123
21.940000	0.000000	0.121617
21.950000	0.000000	0.121111
21.960000	0.000000	0.120606
21.970000	0.000000	0.120100
21.980000	0.000000	0.119594
21.990000	0.000000	0.119090
22.000000	0.000000	0.118587
22.010000	0.000000	0.118084
22.020000	0.000000	0.117580
22.030000	0.000000	0.117077
22.040000	0.000000	0.116574
22.050000	0.000000	0.116071
22.060000	0.000000	0.115568
22.070000	0.000000	0.115065
22.080000	0.000000	0.114563
22.090000	0.000000	0.114042
22.100000	0.000000	0.113526
22.110000	0.000000	0.113024
22.120000	0.000000	0.112523
22.130000	0.000000	0.112021
22.140000	0.000000	0.111520
22.150000	0.000000	0.111018
22.160000	0.000000	0.110516
22.170000	0.000000	0.110015
22.180000	0.000000	0.109513
22.190000	0.000000	0.109011
22.200000	0.000000	0.108510
22.210000	0.000000	0.108008
22.220000	0.000000	0.107506
22.230000	0.000000	0.107005
22.240000	0.000000	0.106503
22.250000	0.000000	0.106002
22.260000	0.000000	0.105473
22.270000	0.000000	0.104964
22.280000	0.000000	0.104517
22.290000	0.000000	0.104128
22.300000	0.000000	0.103747
22.310000	0.000000	0.103365
22.320000	0.000000	0.102985
22.330000	0.000000	0.102605
22.340000	0.000000	0.102226
22.350000	0.000000	0.101847
22.360000	0.000000	0.101470
22.370000	0.000000	0.101104
22.380000	0.000000	0.100756
22.390000	0.000000	0.100410
22.400000	0.000000	0.100065
22.410000	0.000000	0.099720
22.420000	0.000000	0.099375
22.430000	0.000000	0.099006
22.440000	0.000000	0.098661
22.450000	0.000000	0.098316
22.460000	0.000000	0.097971
22.470000	0.000000	0.097626
22.480000	0.000000	0.097281
22.490000	0.000000	0.096935
22.500000	0.000000	0.096590
22.510000	0.000000	0.096245
22.520000	0.000000	0.095901
22.530000	0.000000	0.095557
22.540000	0.000000	0.095213
22.550000	0.000000	0.094870
22.560000	0.000000	0.094527
22.570000	0.000000	0.094183
22.580000	0.000000	0.093840
22.590000	0.000000	0.093492
22.600000	0.000000	0.093131
22.610000	0.000000	0.092788
22.620000	0.000000	0.092445
22.630000	0.000000	0.092103
22.640000	0.000000	0.091760
22.650000	0.000000	0.091417
22.660000	0.000000	0.091074
22.670000	0.000000	0.090732
22.680000	0.000000	0.090389
22.690000	0.000000	0.090046
22.700000	0.000000	0.089704
22.710000	0.000000	0.089365
22.720000	0.000000	0.089026
22.730000	0.000000	0.088688
22.740000	0.000000	0.088350
22.750000	0.000000	0.088011
22.760000	0.000000	0.087664
22.770000	0.000000	0.087312
22.780000	0.000000	0.086974
22.790000	0.000000	0.086635
22.800000	0.000000	0.086297
22.810000	0.000000	0.085959
22.820000	0.000000	0.085621
22.830000	0.000000	0.085282
22.840000	0.000000	0.084944
22.850000	0.000000	0.084606
22.860000	0.000000	0.084268
22.870000	0.000000	0.083929
22.880000	0.000000	0.083591
22.890000	0.000000	0.083253
22.900000	0.000000	0.082915
22.910000	0.000000	0.082577
22.920000	0.000000	0.082238
22.930000	0.000000	0.081886
22.940000	0.000000	0.081539
22.950000	0.000000	0.081201
22.960000	0.000000	0.080863
22.970000	0.000000	0.080525
22.980000	0.000000	0.080187
22.990000	0.000000	0.079849
23.000000	0.000000	0.079512
23.010000	0.000000	0.079174
23.020000	0.000000	0.078837
23.030000	0.000000	0.078501
23.040000	0.000000	0.078165
23.050000	0.000000	0.077829
23.060000	0.000000	0.077494
23.070000	0.000000	0.077158
23.080000	0.000000	0.076823
23.090000	0.000000	0.076488
23.100000	0.000000	0.076134
23.110000	0.000000	0.075795
23.120000	0.000000	0.075460
23.130000	0.000000	0.075124
23.140000	0.000000	0.074789
23.150000	0.000000	0.074454
23.160000	0.000000	0.074119
23.170000	0.000000	0.073784
23.180000	0.000000	0.073448
23.190000	0.000000	0.073113
23.200000	0.000000	0.072778
23.210000	0.000000	0.072443
23.220000	0.000000	0.072108
23.230000	0.000000	0.071773
23.240000	0.000000	0.071438
23.250000	0.000000	0.071103
23.260000	0.000000	0.070768
23.270000	0.000000	0.070411
23.280000	0.000000	0.070077
23.290000	0.000000	0.069780
23.300000	0.000000	0.069521
23.310000	0.000000	0.069268
23.320000	0.000000	0.069015
23.330000	0.000000	0.068771
23.340000	0.000000	0.068537
23.350000	0.000000	0.068306
23.360000	0.000000	0.068075
23.370000	0.000000	0.067844
23.380000	0.000000	0.067613
23.390000	0.000000	0.067382
23.400000	0.000000	0.067152
23.410000	0.000000	0.066921
23.420000	0.000000	0.066690
23.430000	0.000000	0.066455
23.440000	0.000000	0.066213
23.450000	0.000000	0.065983
23.460000	0.000000	0.065753
23.470000	0.000000	0.065523
23.480000	0.000000	0.065293
23.490000	0.000000	0.065063
23.500000	0.000000	0.064833
23.510000	0.000000	0.064603
23.520000	0.000000	0.064374
23.530000	0.000000	0.064144
23.540000	0.000000	0.063915
23.550000	0.000000	0.063685
23.560000	0.000000	0.063456
23.570000	0.000000	0.063226
23.580000	0.000000	0.062997
23.590000	0.000000	0.062768
23.600000	0.000000	0.062531
23.610000	0.000000	0.062294
23.620000	0.000000	0.062064
23.630000	0.000000	0.061835
23.640000	0.000000	0.061606
23.650000	0.000000	0.061377
23.660000	0.000000	0.061148
23.670000	0.000000	0.060919
23.680000	0.000000	0.060691
23.690000	0.000000	0.060465
23.700000	0.000000	0.060239
23.710000	0.000000	0.060013
23.720000	0.000000	0.059787
23.730000	0.000000	0.059560
23.740000	0.000000	0.059334
23.750000	0.000000	0.059108
23.760000	0.000000	0.058882
23.770000	0.000000	0.058645
23.780000	0.000000	0.058414
23.790000	0.000000	0.058188
23.800000	0.000000	0.057962
23.810000	0.000000	0.057736
23.820000	0.000000	0.057510
23.830000	0.000000	0.057283
23.840000	0.000000	0.057057
23.850000	0.000000	0.056831
23.860000	0.000000	0.056605
23.870000	0.000000	0.056379
23.880000	0.000000	0.056153
23.890000	0.000000	0.055926
23.900000	0.000000	0.055700
23.910000	0.000000	0.055474
23.920000	0.000000	0.055248
23.930000	0.000000	0.055022
23.940000	0.000000	0.054782
23.950000	0.000000	0.054555
23.960000	0.000000	0.054329
23.970000	0.000000	0.054103
23.980000	0.000000	0.053877
23.990000	0.000000	0.053651
24.000000	0.000000	0.053425
24.010000	0.000000	0.053200
24.020000	0.000000	0.052974
24.030000	0.000000	0.052748
24.040000	0.000000	0.052522
24.050000	0.000000	0.052297
24.060000	0.000000	0.052073
24.070000	0.000000	0.051849
24.080000	0.000000	0.051625
24.090000	0.000000	0.051401
24.100000	0.000000	0.051175
24.110000	0.000000	0.050937
24.120000	0.000000	0.050713
24.130000	0.000000	0.050489
24.140000	0.000000	0.050265
24.150000	0.000000	0.050041
24.160000	0.000000	0.049817
24.170000	0.000000	0.049593
24.180000	0.000000	0.049369
24.190000	0.000000	0.049145
24.200000	0.000000	0.048922
24.210000	0.000000	0.048698
24.220000	0.000000	0.048474
24.230000	0.000000	0.048250
24.240000	0.000000	0.048026
24.250000	0.000000	0.047802
24.260000	0.000000	0.047578
24.270000	0.000000	0.047350
24.280000	0.000000	0.047116
24.290000	0.000000	0.046893
24.300000	0.000000	0.046682
24.310000	0.000000	0.046508
24.320000	0.000000	0.046350
24.330000	0.000000	0.046196
24.340000	0.000000	0.046042
24.350000	0.000000	0.045887
24.360000	0.000000	0.045733
24.370000	0.000000	0.045579
24.380000	0.000000	0.045425
24.390000	0.000000	0.045271
24.400000	0.000000	0.045118
24.410000	0.000000	0.044964
24.420000	0.000000	0.044810
24.430000	0.000000	0.044656
24.440000	0.000000	0.044497
24.450000	0.000000	0.044339
24.460000	0.000000	0.044185
24.470000	0.000000	0.044031
24.480000	0.000000	0.043877
24.490000	0.000000	0.043724
24.500000	0.000000	0.043570
24.510000	0.000000	0.043417
24.520000	0.000000	0.043263
24.530000	0.000000	0.043110
24.540000	0.000000	0.042957
24.550000	0.000000	0.042803
24.560000	0.000000	0.042650
24.570000	0.000000	0.042496
24.580000	0.000000	0.042343
24.590000	0.000000	0.042190
24.600000	0.000000	0.042036
24.610000	0.000000	0.041876
24.620000	0.000000	0.041720
24.630000	0.000000	0.041566
24.640000	0.000000	0.041413
24.650000	0.000000	0.041260
24.660000	0.000000	0.041108
24.670000	0.000000	0.040957
24.680000	0.000000	0.040806
24.690000	0.000000	0.040655
24.700000	0.000000	0.040503
24.710000	0.000000	0.040352
24.720000	0.000000	0.040201
24.730000	0.000000	0.040050
24.740000	0.000000	0.039899
24.750000	0.000000	0.039747
24.760000	0.000000	0.039596
24.770000	0.000000	0.039445
24.780000	0.000000	0.039284
24.790000	0.000000	0.039132
24.800000	0.000000	0.038981
24.810000	0.000000	0.038830
24.820000	0.000000	0.038679
24.830000	0.000000	0.038528
24.840000	0.000000	0.038377
24.850000	0.000000	0.038225
24.860000	0.000000	0.038074
24.870000	0.000000	0.037923
24.880000	0.000000	0.037772
24.890000	0.000000	0.037621
24.900000	0.000000	0.037469
24.910000	0.000000	0.037318
24.920000	0.000000	0.037167
24.930000	0.000000	0.037016
24.940000	0.000000	0.036864
24.950000	0.000000	0.036704
24.960000	0.000000	0.036553
24.970000	0.000000	0.036402
24.980000	0.000000	0.036251
24.990000	0.000000	0.036100
25.000000	0.000000	0.035949
25.010000	0.000000	0.035798
25.020000	0.000000	0.035647
25.030000	0.000000	0.035496
25.040000	0.000000	0.035345
25.050000	0.000000	0.035194
25.060000	0.000000	0.035044
25.070000	0.000000	0.034893
25.080000	0.000000	0.034743
25.090000	0.000000	0.034593
25.100000	0.000000	0.034443
25.110000	0.000000	0.034290
25.120000	0.000000	0.034134
25.130000	0.000000	0.033984
25.140000	0.000000	0.033834
25.150000	0.000000	0.033685
25.160000	0.000000	0.033535
25.170000	0.000000	0.033386
25.180000	0.000000	0.033236
25.190000	0.000000	0.033086
25.200000	0.000000	0.032937
25.210000	0.000000	0.032787
25.220000	0.000000	0.032637
25.230000	0.000000	0.032488
25.240000	0.000000	0.032338
25.250000	0.000000	0.032188
25.260000	0.000000	0.032039
25.270000	0.000000	0.031896
25.280000	0.000000	0.031752
25.290000	0.000000	0.031609
25.300000	0.000000	0.031470
25.310000	0.000000	0.031331
25.320000	0.000000	0.031197
25.330000	0.000000	0.031083
25.340000	0.000000	0.030979
25.350000	0.000000	0.030876
25.360000	0.000000	0.030773
25.370000	0.000000	0.030670
25.380000	0.000000	0.030567
25.390000	0.000000	0.030465
25.400000	0.000000	0.030362
25.410000	0.000000	0.030259
25.420000	0.000000	0.030156
25.430000	0.000000	0.030053
25.440000	0.000000	0.029950
25.450000	0.000000	0.029842
25.460000	0.000000	0.029738
25.470000	0.000000	0.029635
25.480000	0.000000	0.029532
25.490000	0.000000	0.029430
25.500000	0.000000	0.029327
25.510000	0.000000	0.029224
25.520000	0.000000	0.029122
25.530000	0.000000	0.029019
25.540000	0.000000	0.028916
25.550000	0.000000	0.028814
25.560000	0.000000	0.028711
25.570000	0.000000	0.028609
25.580000	0.000000	0.028506
25.590000	0.000000	0.028404
25.600000	0.000000	0.028301
25.610000	0.000000	0.028198
25.620000	0.000000	0.028089
25.630000	0.000000	0.027987
25.640000	0.000000	0.027885
25.650000	0.000000	0.027783
25.660000	0.000000	0.027682
25.670000	0.000000	0.027581
25.680000	0.000000	0.027480
25.690000	0.000000	0.027379
25.700000	0.000000	0.027277
25.710000	0.000000	0.027176
25.720000	0.000000	0.027075
25.730000	0.000000	0.026974
25.740000	0.000000	0.026873
25.750000	0.000000	0.026772
25.760000	0.000000	0.026671
25.770000	0.000000	0.026570
25.780000	0.000000	0.026467
25.790000	0.000000	0.026361
25.800000	0.000000	0.026259
25.810000	0.000000	0.026158
25.820000	0.000000	0.026057
25.830000	0.000000	0.025956
25.840000	0.000000	0.025855
25.850000	0.000000	0.025754
25.860000	0.000000	0.025653
25.870000	0.000000	0.025552
25.880000	0.000000	0.025450
25.890000	0.000000	0.025349
25.900000	0.000000	0.025248
25.910000	0.000000	0.025147
25.920000	0.000000	0.025046
25.930000	0.000000	0.024945
25.940000	0.000000	0.024844
25.950000	0.000000	0.024740
25.960000	0.000000	0.024635
25.970000	0.000000	0.024534
25.980000	0.000000	0.024433
25.990000	0.000000	0.024332
26.000000	0.000000	0.024231
26.010000	0.000000	0.024130
26.020000	0.000000	0.024029
26.030000	0.000000	0.023929
26.040000	0.000000	0.023828
26.050000	0.000000	0.023727
26.060000	0.000000	0.023626
26.070000	0.000000	0.023525
26.080000	0.000000	0.023425
26.090000	0.000000	0.023324
26.100000	0.000000	0.023224
26.110000	0.000000	0.023123
26.120000	0.000000	0.023018
26.130000	0.000000	0.022915
26.140000	0.000000	0.022815
26.150000	0.000000	0.022715
26.160000	0.000000	0.022615
26.170000	0.000000	0.022515
26.180000	0.000000	0.022415
26.190000	0.000000	0.022315
26.200000	0.000000	0.022215
26.210000	0.000000	0.022115
26.220000	0.000000	0.022015
26.230000	0.000000	0.021915
26.240000	0.000000	0.021817
26.250000	0.000000	0.021724
26.260000	0.000000	0.021631
26.270000	0.000000	0.021538
26.280000	0.000000	0.021445
26.290000	0.000000	0.021347
26.300000	0.000000	0.021254
26.310000	0.000000	0.021161
26.320000	0.000000	0.021069
26.330000	0.000000	0.020976
26.340000	0.000000	0.020884
26.350000	0.000000	0.020803
26.360000	0.000000	0.020731
26.370000	0.000000	0.020663
26.380000	0.000000	0.020594
26.390000	0.000000	0.020525
26.400000	0.000000	0.020456
26.410000	0.000000	0.020388
26.420000	0.000000	0.020319
26.430000	0.000000	0.020250
26.440000	0.000000	0.020181
26.450000	0.000000	0.020112
26.460000	0.000000	0.020039
26.470000	0.000000	0.019971
26.480000	0.000000	0.019902
26.490000	0.000000	0.019833
26.500000	0.000000	0.019765
26.510000	0.000000	0.019696
26.520000	0.000000	0.019627
26.530000	0.000000	0.019559
26.540000	0.000000	0.019490
26.550000	0.000000	0.019422
26.560000	0.000000	0.019353
26.570000	0.000000	0.019284
26.580000	0.000000	0.019216
26.590000	0.000000	0.019147
26.600000	0.000000	0.019079
26.610000	0.000000	0.019010
26.620000	0.000000	0.018940
26.630000	0.000000	0.018869
26.640000	0.000000	0.018801
26.650000	0.000000	0.018733
26.660000	0.000000	0.018666
26.670000	0.000000	0.018598
26.680000	0.000000	0.018530
26.690000	0.000000	0.018463
26.700000	0.000000	0.018395
26.710000	0.000000	0.018327
26.720000	0.000000	0.018260
26.730000	0.000000	0.018192
26.740000	0.000000	0.018125
26.750000	0.000000	0.018057
26.760000	0.000000	0.017989
26.770000	0.000000	0.017922
26.780000	0.000000	0.017854
26.790000	0.000000	0.017784
26.800000	0.000000	0.017714
26.810000	0.000000	0.017647
26.820000	0.000000	0.017579
26.830000	0.000000	0.017511
26.840000	0.000000	0.017444
26.850000	0.000000	0.017376
26.860000	0.000000	0.017309
26.870000	0.000000	0.017241
26.880000	0.000000	0.017174
26.890000	0.000000	0.017106
26.900000	0.000000	0.017038
26.910000	0.000000	0.016971
26.920000	0.000000	0.016903
26.930000	0.000000	0.016836
26.940000	0.000000	0.016768
26.950000	0.000000	0.016701
26.960000	0.000000	0.016630
26.970000	0.000000	0.016561
26.980000	0.000000	0.016493
26.990000	0.000000	0.016426
27.000000	0.000000	0.016359
27.010000	0.000000	0.016291
27.020000	0.000000	0.016224
27.030000	0.000000	0.016156
27.040000	0.000000	0.016089
27.050000	0.000000	0.016021
27.060000	0.000000	0.015954
27.070000	0.000000	0.015887
27.080000	0.000000	0.015819
27.090000	0.000000	0.015752
27.100000	0.000000	0.015685
27.110000	0.000000	0.015617
27.120000	0.000000	0.015550
27.130000	0.000000	0.015479
27.140000	0.000000	0.015411
27.150000	0.000000	0.015344
27.160000	0.000000	0.015277
27.170000	0.000000	0.015209
27.180000	0.000000	0.015142
27.190000	0.000000	0.015076
27.200000	0.000000	0.015009
27.210000	0.000000	0.014943
27.220000	0.000000	0.014879
27.230000	0.000000	0.014817
27.240000	0.000000	0.014754
27.250000	0.000000	0.014692
27.260000	0.000000	0.014630
27.270000	0.000000	0.014568
27.280000	0.000000	0.014506
27.290000	0.000000	0.014444
27.300000	0.000000	0.014378
27.310000	0.000000	0.014316
27.320000	0.000000	0.014254
27.330000	0.000000	0.014192
27.340000	0.000000	0.014130
27.350000	0.000000	0.014069
27.360000	0.000000	0.014007
27.370000	0.000000	0.013947
27.380000	0.000000	0.013895
27.390000	0.000000	0.013849
27.400000	0.000000	0.013803
27.410000	0.000000	0.013757
27.420000	0.000000	0.013711
27.430000	0.000000	0.013665
27.440000	0.000000	0.013620
27.450000	0.000000	0.013574
27.460000	0.000000	0.013527
27.470000	0.000000	0.013479
27.480000	0.000000	0.013433
27.490000	0.000000	0.013387
27.500000	0.000000	0.013341
27.510000	0.000000	0.013295
27.520000	0.000000	0.013249
27.530000	0.000000	0.013203
27.540000	0.000000	0.013158
27.550000	0.000000	0.013112
27.560000	0.000000	0.013066
27.570000	0.000000	0.013020
27.580000	0.000000	0.012974
27.590000	0.000000	0.012928
27.600000	0.000000	0.012883
27.610000	0.000000	0.012837
27.620000	0.000000	0.012791
27.630000	0.000000	0.012744
27.640000	0.000000	0.012697
27.650000	0.000000	0.012652
27.660000	0.000000	0.012607
27.670000	0.000000	0.012561
27.680000	0.000000	0.012516
27.690000	0.000000	0.012471
27.700000	0.000000	0.012426
27.710000	0.000000	0.012381
27.720000	0.000000	0.012336
27.730000	0.000000	0.012290
27.740000	0.000000	0.012245
27.750000	0.000000	0.012200
27.760000	0.000000	0.012155
27.770000	0.000000	0.012110
27.780000	0.000000	0.012064
27.790000	0.000000	0.012019
27.800000	0.000000	0.011972
27.810000	0.000000	0.011926
27.820000	0.000000	0.011881
27.830000	0.000000	0.011836
27.840000	0.000000	0.011790
27.850000	0.000000	0.011745
27.860000	0.000000	0.011700
27.870000	0.000000	0.011655
27.880000	0.000000	0.011610
27.890000	0.000000	0.011565
27.900000	0.000000	0.011519
27.910000	0.000000	0.011474
27.920000	0.000000	0.011429
27.930000	0.000000	0.011384
27.940000	0.000000	0.011339
27.950000	0.000000	0.011294
27.960000	0.000000	0.011249
27.970000	0.000000	0.011201
27.980000	0.000000	0.011156
27.990000	0.000000	0.011110
28.000000	0.000000	0.011065
28.010000	0.000000	0.011020
28.020000	0.000000	0.010975
28.030000	0.000000	0.010930
28.040000	0.000000	0.010885
28.050000	0.000000	0.010840
28.060000	0.000000	0.010795
28.070000	0.000000	0.010750
28.080000	0.000000	0.010705
28.090000	0.000000	0.010660
28.100000	0.000000	0.010615
28.110000	0.000000	0.010570
28.120000	0.000000	0.010525
28.130000	0.000000	0.010480
28.140000	0.000000	0.010432
28.150000	0.000000	0.010387
28.160000	0.000000	0.010342
28.170000	0.000000	0.010298
28.180000	0.000000	0.010253
28.190000	0.000000	0.010208
28.200000	0.000000	0.010165
28.210000	0.000000	0.010123
28.220000	0.000000	0.010082
28.230000	0.000000	0.010040
28.240000	0.000000	0.009998
28.250000	0.000000	0.009957
28.260000	0.000000	0.009915
28.270000	0.000000	0.009874
28.280000	0.000000	0.009832
28.290000	0.000000	0.009791
28.300000	0.000000	0.009749
28.310000	0.000000	0.009705
28.320000	0.000000	0.009664
28.330000	0.000000	0.009623
28.340000	0.000000	0.009581
28.350000	0.000000	0.009540
28.360000	0.000000	0.009498
28.370000	0.000000	0.009457
28.380000	0.000000	0.009416
28.390000	0.000000	0.009374
28.400000	0.000000	0.009334
28.410000	0.000000	0.009297
28.420000	0.000000	0.009265
28.430000	0.000000	0.009234
28.440000	0.000000	0.009204
28.450000	0.000000	0.009173
28.460000	0.000000	0.009142
28.470000	0.000000	0.009110
28.480000	0.000000	0.009079
28.490000	0.000000	0.009048
28.500000	0.000000	0.009018
28.510000	0.000000	0.008987
28.520000	0.000000	0.008956
28.530000	0.000000	0.008926
28.540000	0.000000	0.008895
28.550000	0.000000	0.008864
28.560000	0.000000	0.008833
28.570000	0.000000	0.008803
28.580000	0.000000	0.008772
28.590000	0.000000	0.008741
28.600000	0.000000	0.008711
28.610000	0.000000	0.008680
28.620000	0.000000	0.008650
28.630000	0.000000	0.008619
28.640000	0.000000	0.008587
28.650000	0.000000	0.008556
28.660000	0.000000	0.008526
28.670000	0.000000	0.008496
28.680000	0.000000	0.008466
28.690000	0.000000	0.008436
28.700000	0.000000	0.008405
28.710000	0.000000	0.008375
28.720000	0.000000	0.008345
28.730000	0.000000	0.008315
28.740000	0.000000	0.008284
28.750000	0.000000	0.008254
28.760000	0.000000	0.008224
28.770000	0.000000	0.008194
28.780000	0.000000	0.008164
28.790000	0.000000	0.008133
28.800000	0.000000	0.008103
28.810000	0.000000	0.008071
28.820000	0.000000	0.008041
28.830000	0.000000	0.008010
28.840000	0.000000	0.007980
28.850000	0.000000	0.007950
28.860000	0.000000	0.007920
28.870000	0.000000	0.007890
28.880000	0.000000	0.007859
28.890000	0.000000	0.007829
28.900000	0.000000	0.007799
28.910000	0.000000	0.007769
28.920000	0.000000	0.007739
28.930000	0.000000	0.007709
28.940000	0.000000	0.007678
28.950000	0.000000	0.007648
28.960000	0.000000	0.007618
28.970000	0.000000	0.007588
28.980000	0.000000	0.007556
28.990000	0.000000	0.007526
29.000000	0.000000	0.007496
29.010000	0.000000	0.007465
29.020000	0.000000	0.007435
29.030000	0.000000	0.007405
29.040000	0.000000	0.007375
29.050000	0.000000	0.007345
29.060000	0.000000	0.007315
29.070000	0.000000	0.007285
29.080000	0.000000	0.007254
29.090000	0.000000	0.007224
29.100000	0.000000	0.007194
29.110000	0.000000	0.007164
29.120000	0.000000	0.007134
29.130000	0.000000	0.007104
29.140000	0.000000	0.007073
29.150000	0.000000	0.007042
29.160000	0.000000	0.007012
29.170000	0.000000	0.006982
29.180000	0.000000	0.006953
29.190000	0.000000	0.006925
29.200000	0.000000	0.006897
29.210000	0.000000	0.006869
29.220000	0.000000	0.006841
29.230000	0.000000	0.006813
29.240000	0.000000	0.006785
29.250000	0.000000	0.006757
29.260000	0.000000	0.006729
29.270000	0.000000	0.006701
29.280000	0.000000	0.006673
29.290000	0.000000	0.006646
29.300000	0.000000	0.006618
29.310000	0.000000	0.006589
29.320000	0.000000	0.006561
29.330000	0.000000	0.006533
29.340000	0.000000	0.006505
29.350000	0.000000	0.006478
29.360000	0.000000	0.006450
29.370000	0.000000	0.006422
29.380000	0.000000	0.006395
29.390000	0.000000	0.006367
29.400000	0.000000	0.006339
29.410000	0.000000	0.006312
29.420000	0.000000	0.006284
29.430000	0.000000	0.006256
29.440000	0.000000	0.006229
29.450000	0.000000	0.006206
29.460000	0.000000	0.006185
29.470000	0.000000	0.006164
29.480000	0.000000	0.006143
29.490000	0.000000	0.006122
29.500000	0.000000	0.006102
29.510000	0.000000	0.006081
29.520000	0.000000	0.006061
29.530000	0.000000	0.006040
29.540000	0.000000	0.006019
29.550000	0.000000	0.005999
29.560000	0.000000	0.005978
29.570000	0.000000	0.005958
29.580000	0.000000	0.005937
29.590000	0.000000	0.005917
29.600000	0.000000	0.005896
29.610000	0.000000	0.005876
29.620000	0.000000	0.005855
29.630000	0.000000	0.005835
29.640000	0.000000	0.005814
29.650000	0.000000	0.005793
29.660000	0.000000	0.005773
29.670000	0.000000	0.005752
29.680000	0.000000	0.005732
29.690000	0.000000	0.005712
29.700000	0.000000	0.005692
29.710000	0.000000	0.005671
29.720000	0.000000	0.005651
29.730000	0.000000	0.005631
29.740000	0.000000	0.005611
29.750000	0.000000	0.005591
29.760000	0.000000	0.005570
29.770000	0.000000	0.005550
29.780000	0.000000	0.005530
29.790000	0.000000	0.005510
29.800000	0.000000	0.005490
29.810000	0.000000	0.005469
29.820000	0.000000	0.005448
29.830000	0.000000	0.005428
29.840000	0.000000	0.005407
29.850000	0.000000	0.005387
29.860000	0.000000	0.005367
29.870000	0.000000	0.005347
29.880000	0.000000	0.005327
29.890000	0.000000	0.005306
29.900000	0.000000	0.005286
29.910000	0.000000	0.005266
29.920000	0.000000	0.005246
29.930000	0.000000	0.005226
29.940000	0.000000	0.005206
29.950000	0.000000	0.005185
29.960000	0.000000	0.005165
29.970000	0.000000	0.005145
29.980000	0.000000	0.005124
29.990000	0.000000	0.005103
30.000000	0.000000	0.005083
30.010000	0.000000	0.005063
30.020000	0.000000	0.005043
30.030000	0.000000	0.005023
30.040000	0.000000	0.005002
30.050000	0.000000	0.004982
30.060000	0.000000	0.004962
30.070000	0.000000	0.004942
30.080000	0.000000	0.004922
30.090000	0.000000	0.004902
