0.100000	0.000000	93697.661700
0.110000	0.000000	50124.408776
0.120000	0.000000	46116.825437
0.130000	0.000000	42061.321203
0.140000	0.000000	37370.642882
0.150000	0.000000	32405.247873
0.160000	0.000000	30013.169104
0.170000	0.000000	27065.434545
0.180000	0.000000	25014.759804
0.190000	0.000000	23704.960585
0.200000	0.000000	21361.090130
0.210000	0.000000	20476.450653
0.220000	0.000000	20342.568141
0.230000	0.000000	18105.186888
0.240000	0.000000	18097.580889
0.250000	0.000000	17092.365060
0.260000	0.000000	15297.435861
0.270000	0.000000	14822.882681
0.280000	0.000000	14421.425598
0.290000	0.000000	13578.545143
0.300000	0.000000	13079.403024
0.310000	0.000000	12603.578713
0.320000	0.000000	12460.252082
0.330000	0.000000	12138.775496
0.340000	0.000000	11740.537411
0.350000	0.000000	11319.117897
0.360000	0.000000	17643.368111
0.370000	0.000000	33979.433496
0.380000	0.000000	36156.851275
0.390000	0.000000	17184.013421
0.400000	0.000000	37056.457191
0.410000	0.000000	9724.328754
0.420000	0.000000	19288.497141
0.430000	0.000000	15235.682062
0.440000	0.000000	17519.711544
0.450000	0.000000	8702.824965
0.460000	0.000000	7501.766682
0.470000	0.000000	7420.253005
0.480000	0.000000	17987.392332
0.490000	0.000000	12992.006744
0.500000	0.000000	11105.200213
0.510000	0.000000	9623.979740
0.520000	0.000000	6558.963582
0.530000	0.000000	8552.624566
0.540000	0.000000	9636.916805
0.550000	0.000000	6101.284107
0.560000	0.000000	7045.559174
0.570000	0.000000	9434.630266
0.580000	0.000000	8502.246369
0.590000	0.000000	7438.038797
0.600000	0.000000	8907.539379
0.610000	0.000000	5432.752992
0.620000	0.000000	5773.427316
0.630000	0.000000	6425.500380
0.640000	0.000000	6057.683056
0.650000	0.000000	17078.138003
0.660000	0.000000	11459.923500
0.670000	0.000000	5292.877773
0.680000	0.000000	4994.235406
0.690000	0.000000	4832.364407
0.700000	0.000000	4929.807733
0.710000	0.000000	5141.259924
0.720000	0.000000	4947.937111
0.730000	0.000000	5935.713396
0.740000	0.000000	4256.180004
0.750000	0.000000	3976.789492
0.760000	0.000000	3931.038984
0.770000	0.000000	6599.709548
0.780000	0.000000	3909.897153
0.790000	0.000000	3920.831517
0.800000	0.000000	3936.170675
0.810000	0.000000	4448.425226
0.820000	0.000000	4011.093365
0.830000	0.000000	3895.606700
0.840000	0.000000	3870.871986
0.850000	0.000000	3695.000843
0.860000	0.000000	3545.566179
0.870000	0.000000	3582.533829
0.880000	0.000000	3669.303618
0.890000	0.000000	3448.013102
0.900000	0.000000	3527.212516
0.910000	0.000000	3754.572445
0.920000	0.000000	3534.867236
0.930000	0.000000	3918.176634
0.940000	0.000000	3494.467823
0.950000	0.000000	3687.800763
0.960000	0.000000	3672.690673
0.970000	0.000000	4124.962001
0.980000	0.000000	3602.063572
0.990000	0.000000	4120.142797
1.000000	0.000000	4575.236129
1.010000	0.000000	8321.775416
1.020000	0.000000	7916.554417
1.030000	0.000000	4372.830051
1.040000	0.000000	7541.144490
1.050000	0.000000	10299.008441
1.060000	0.000000	3572.812908
1.070000	0.000000	4338.924568
1.080000	0.000000	8009.960472
1.090000	0.000000	3958.738548
1.100000	0.000000	12974.954723
1.110000	0.000000	2973.475997
1.120000	0.000000	11805.568247
1.130000	0.000000	4231.758642
1.140000	0.000000	2749.606131
1.150000	0.000000	5067.730440
1.160000	0.000000	7664.696047
1.170000	0.000000	4879.733600
1.180000	0.000000	2504.750416
1.190000	0.000000	2552.792154
1.200000	0.000000	2847.224713
1.210000	0.000000	2903.999948
1.220000	0.000000	2372.956139
1.230000	0.000000	2561.499346
1.240000	0.000000	2606.299424
1.250000	0.000000	2249.971182
1.260000	0.000000	2269.867131
1.270000	0.000000	2569.371884
1.280000	0.000000	2206.842876
1.290000	0.000000	2457.282497
1.300000	0.000000	2308.160351
1.310000	0.000000	2469.277442
1.320000	0.000000	2439.460661
1.330000	0.000000	2282.748641
1.340000	0.000000	2169.627020
1.350000	0.000000	2145.123131
1.360000	0.000000	2260.799387
1.370000	0.000000	2361.863546
1.380000	0.000000	2320.100744
1.390000	0.000000	2430.022980
1.400000	0.000000	2598.082332
1.410000	0.000000	2037.828960
1.420000	0.000000	2163.046434
1.430000	0.000000	2096.183833
1.440000	0.000000	1971.696991
1.450000	0.000000	2004.613999
1.460000	0.000000	1900.727074
1.470000	0.000000	2150.854280
1.480000	0.000000	2729.942580
1.490000	0.000000	2764.003959
1.500000	0.000000	2418.295029
1.510000	0.000000	2003.778554
1.520000	0.000000	1836.328661
1.530000	0.000000	1801.404151
1.540000	0.000000	2240.271974
1.550000	0.000000	2634.810644
1.560000	0.000000	1844.470038
1.570000	0.000000	1916.956033
1.580000	0.000000	1697.694994
1.590000	0.000000	1684.177135
1.600000	0.000000	1732.409252
1.610000	0.000000	1726.136004
1.620000	0.000000	1618.961234
1.630000	0.000000	1606.127496
1.640000	0.000000	1578.313714
1.650000	0.000000	1961.355632
1.660000	0.000000	1924.002441
1.670000	0.000000	1761.706636
1.680000	0.000000	1628.797019
1.690000	0.000000	1546.817721
1.700000	0.000000	1536.403791
1.710000	0.000000	1528.850357
1.720000	0.000000	1614.831067
1.730000	0.000000	1778.594418
1.740000	0.000000	1510.736902
1.750000	0.000000	1669.448442
1.760000	0.000000	1536.227912
1.770000	0.000000	1502.376062
1.780000	0.000000	1399.187893
1.790000	0.000000	1388.859225
1.800000	0.000000	1427.418842
1.810000	0.000000	1518.917850
1.820000	0.000000	1482.200422
1.830000	0.000000	1405.818691
1.840000	0.000000	1354.349511
1.850000	0.000000	1322.990801
1.860000	0.000000	1304.424825
1.870000	0.000000	1333.846948
1.880000	0.000000	1345.127583
1.890000	0.000000	1276.714658
1.900000	0.000000	1266.634804
1.910000	0.000000	1254.027054
1.920000	0.000000	1244.431042
1.930000	0.000000	1234.735004
1.940000	0.000000	1245.707873
1.950000	0.000000	1223.142269
1.960000	0.000000	1204.293227
1.970000	0.000000	1198.061202
1.980000	0.000000	1189.663088
1.990000	0.000000	1180.145305
2.000000	0.000000	1172.276159
2.010000	0.000000	1161.901964
2.020000	0.000000	1156.899301
2.030000	0.000000	1147.046693
2.040000	0.000000	1134.702654
2.050000	0.000000	1129.082868
2.060000	0.000000	1117.301775
2.070000	0.000000	1104.432159
2.080000	0.000000	1096.301567
2.090000	0.000000	1084.535650
2.100000	0.000000	1073.798360
2.110000	0.000000	1062.863181
2.120000	0.000000	1052.827699
2.130000	0.000000	1042.365730
2.140000	0.000000	1022.535909
2.150000	0.000000	1018.684855
2.160000	0.000000	997.779943
2.170000	0.000000	980.381314
2.180000	0.000000	967.607366
2.190000	0.000000	955.454678
2.200000	0.000000	943.659053
2.210000	0.000000	930.795794
2.220000	0.000000	917.173452
2.230000	0.000000	904.763681
2.240000	0.000000	892.380074
2.250000	0.000000	879.996343
2.260000	0.000000	867.640147
2.270000	0.000000	855.834969
2.280000	0.000000	842.561057
2.290000	0.000000	830.435867
2.300000	0.000000	845.992322
2.310000	0.000000	807.382074
2.320000	0.000000	784.629785
2.330000	0.000000	767.152932
2.340000	0.000000	749.783739
2.350000	0.000000	731.972012
2.360000	0.000000	714.081539
2.370000	0.000000	732.621600
2.380000	0.000000	728.860343
2.390000	0.000000	661.016522
2.400000	0.000000	685.178230
2.410000	0.000000	764.369681
2.420000	0.000000	7900.787128
2.430000	0.000000	54512.565076
2.440000	0.000000	26606.876728
2.450000	0.000000	10875.077753
2.460000	0.000000	119994.063969
2.470000	0.000000	16118.190373
2.480000	0.000000	513.546222
2.490000	0.000000	500.835463
2.500000	0.000000	488.214380
2.510000	0.000000	477.221635
2.520000	0.000000	464.524004
2.530000	0.000000	451.256394
2.540000	0.000000	438.978279
2.550000	0.000000	503.927456
2.560000	0.000000	561.151110
2.570000	0.000000	408.722684
2.580000	0.000000	1465.891474
2.590000	0.000000	5923.371026
2.600000	0.000000	6179.680062
2.610000	0.000000	64966.812605
2.620000	0.000000	126520.707752
2.630000	0.000000	9619.938752
2.640000	0.000000	317.699067
2.650000	0.000000	314.367459
2.660000	0.000000	311.437319
2.670000	0.000000	308.658321
2.680000	0.000000	305.848675
2.690000	0.000000	303.043767
2.700000	0.000000	300.429029
2.710000	0.000000	297.655043
2.720000	0.000000	296.159245
2.730000	0.000000	294.987557
2.740000	0.000000	292.202229
2.750000	0.000000	296.914920
2.760000	0.000000	285.959835
2.770000	0.000000	289.469366
2.780000	0.000000	310.914833
2.790000	0.000000	296.025628
2.800000	0.000000	341.277045
2.810000	0.000000	283.989464
2.820000	0.000000	1115.594688
2.830000	0.000000	647.887576
2.840000	0.000000	314.446715
2.850000	0.000000	267.621804
2.860000	0.000000	257.981770
2.870000	0.000000	9496.360224
2.880000	0.000000	11918.961696
2.890000	0.000000	251.124159
2.900000	0.000000	248.894038
2.910000	0.000000	246.626033
2.920000	0.000000	244.586332
2.930000	0.000000	243.497014
2.940000	0.000000	253.437274
2.950000	0.000000	707.060325
2.960000	0.000000	395.672465
2.970000	0.000000	249.917339
2.980000	0.000000	247.417751
2.990000	0.000000	233.879648
3.000000	0.000000	227.357949
3.010000	0.000000	382.840127
3.020000	0.000000	4402.193144
3.030000	0.000000	3649.545750
3.040000	0.000000	552.695434
3.050000	0.000000	635.849308
3.060000	0.000000	346.671348
3.070000	0.000000	213.288907
3.080000	0.000000	212.148035
3.090000	0.000000	3994.902986
3.100000	0.000000	25171.403851
3.110000	0.000000	222.387578
3.120000	0.000000	307.163936
3.130000	0.000000	2489.869099
3.140000	0.000000	472.842139
3.150000	0.000000	1196.267021
3.160000	0.000000	487.853251
3.170000	0.000000	745.675096
3.180000	0.000000	1012.097665
3.190000	0.000000	595.402905
3.200000	0.000000	232.226854
3.210000	0.000000	228.644738
3.220000	0.000000	269.073336
3.230000	0.000000	268.145087
3.240000	0.000000	266.758562
3.250000	0.000000	272.718680
3.260000	0.000000	1261.020871
3.270000	0.000000	7424.955046
3.280000	0.000000	291.839577
3.290000	0.000000	261.717115
3.300000	0.000000	259.390791
3.310000	0.000000	319.114648
3.320000	0.000000	376.322632
3.330000	0.000000	284.116861
3.340000	0.000000	247.792079
3.350000	0.000000	2367.195859
3.360000	0.000000	1760.957294
3.370000	0.000000	242.416585
3.380000	0.000000	240.658030
3.390000	0.000000	909.786284
3.400000	0.000000	1511.842276
3.410000	0.000000	510.105581
3.420000	0.000000	1175.847619
3.430000	0.000000	316.255292
3.440000	0.000000	972.281954
3.450000	0.000000	974.881130
3.460000	0.000000	237.007177
3.470000	0.000000	232.478788
3.480000	0.000000	224.950972
3.490000	0.000000	341.629888
3.500000	0.000000	411.263543
3.510000	0.000000	412.749646
3.520000	0.000000	404.263524
3.530000	0.000000	401.369036
3.540000	0.000000	398.773182
3.550000	0.000000	396.353073
3.560000	0.000000	393.855530
3.570000	0.000000	391.105054
3.580000	0.000000	388.756625
3.590000	0.000000	386.086686
3.600000	0.000000	384.091384
3.610000	0.000000	385.914846
3.620000	0.000000	379.345569
3.630000	0.000000	375.376009
3.640000	0.000000	372.828021
3.650000	0.000000	370.179287
3.660000	0.000000	367.933916
3.670000	0.000000	366.893190
3.680000	0.000000	396.601202
3.690000	0.000000	383.792610
3.700000	0.000000	360.411201
3.710000	0.000000	355.607702
3.720000	0.000000	352.999497
3.730000	0.000000	350.560876
3.740000	0.000000	348.131905
3.750000	0.000000	345.702460
3.760000	0.000000	343.260053
3.770000	0.000000	341.069865
3.780000	0.000000	341.152193
3.790000	0.000000	337.181487
3.800000	0.000000	333.854739
3.810000	0.000000	331.238078
3.820000	0.000000	328.726245
3.830000	0.000000	326.711079
3.840000	0.000000	325.436303
3.850000	0.000000	376.068689
3.860000	0.000000	379.969197
3.870000	0.000000	360.107200
3.880000	0.000000	355.710001
3.890000	0.000000	419.050886
3.900000	0.000000	452.417127
3.910000	0.000000	307.302895
3.920000	0.000000	309.552579
3.930000	0.000000	322.614725
3.940000	0.000000	300.176858
3.950000	0.000000	297.906714
3.960000	0.000000	303.318336
3.970000	0.000000	293.416886
3.980000	0.000000	290.664329
3.990000	0.000000	288.340019
4.000000	0.000000	289.542426
4.010000	0.000000	285.124934
4.020000	0.000000	281.487807
4.030000	0.000000	280.734595
4.040000	0.000000	278.284615
4.050000	0.000000	275.511618
4.060000	0.000000	275.618583
4.070000	0.000000	274.855696
4.080000	0.000000	270.694535
4.090000	0.000000	274.115103
4.100000	0.000000	295.361376
4.110000	0.000000	265.895080
4.120000	0.000000	263.340450
4.130000	0.000000	260.013731
4.140000	0.000000	265.274705
4.150000	0.000000	257.740115
4.160000	0.000000	255.107982
4.170000	0.000000	253.492566
4.180000	0.000000	251.843548
4.190000	0.000000	250.199077
4.200000	0.000000	248.566536
4.210000	0.000000	246.934185
4.220000	0.000000	245.303515
4.230000	0.000000	243.725773
4.240000	0.000000	243.150011
4.250000	0.000000	242.995625
4.260000	0.000000	238.887326
4.270000	0.000000	237.320259
4.280000	0.000000	235.686275
4.290000	0.000000	234.071057
4.300000	0.000000	234.097488
4.310000	0.000000	231.002524
4.320000	0.000000	229.192139
4.330000	0.000000	228.920408
4.340000	0.000000	226.444680
4.350000	0.000000	224.849914
4.360000	0.000000	223.316145
4.370000	0.000000	221.568897
4.380000	0.000000	219.961935
4.390000	0.000000	218.228248
4.400000	0.000000	216.397692
4.410000	0.000000	214.811735
4.420000	0.000000	213.328508
4.430000	0.000000	212.005347
4.440000	0.000000	210.234300
4.450000	0.000000	208.674147
4.460000	0.000000	207.133597
4.470000	0.000000	205.500459
4.480000	0.000000	204.378535
4.490000	0.000000	202.435543
4.500000	0.000000	204.313839
4.510000	0.000000	201.218192
4.520000	0.000000	198.008717
4.530000	0.000000	196.199850
4.540000	0.000000	194.621790
4.550000	0.000000	193.004771
4.560000	0.000000	191.481369
4.570000	0.000000	198.947226
4.580000	0.000000	207.850340
4.590000	0.000000	186.953761
4.600000	0.000000	185.450623
4.610000	0.000000	183.965771
4.620000	0.000000	182.627076
4.630000	0.000000	181.163429
4.640000	0.000000	179.923861
4.650000	0.000000	178.728668
4.660000	0.000000	177.536791
4.670000	0.000000	176.412744
4.680000	0.000000	175.414255
4.690000	0.000000	175.372390
4.700000	0.000000	174.653947
4.710000	0.000000	173.271018
4.720000	0.000000	173.215500
4.730000	0.000000	172.644493
4.740000	0.000000	171.125710
4.750000	0.000000	171.121233
4.760000	0.000000	166.963057
4.770000	0.000000	165.762121
4.780000	0.000000	164.779130
4.790000	0.000000	163.728588
4.800000	0.000000	162.534650
4.810000	0.000000	161.820317
4.820000	0.000000	168.078575
4.830000	0.000000	161.055755
4.840000	0.000000	158.238980
4.850000	0.000000	158.100330
4.860000	0.000000	158.130915
4.870000	0.000000	156.069769
4.880000	0.000000	153.934372
4.890000	0.000000	152.878979
4.900000	0.000000	151.830869
4.910000	0.000000	150.786174
4.920000	0.000000	150.617550
4.930000	0.000000	151.600182
4.940000	0.000000	147.681581
4.950000	0.000000	146.624678
4.960000	0.000000	145.664895
4.970000	0.000000	144.673782
4.980000	0.000000	145.171532
4.990000	0.000000	142.617204
5.000000	0.000000	141.325458
5.010000	0.000000	140.287622
5.020000	0.000000	140.052990
5.030000	0.000000	138.707276
5.040000	0.000000	137.654375
5.050000	0.000000	136.778280
5.060000	0.000000	135.471927
5.070000	0.000000	134.415021
5.080000	0.000000	133.445330
5.090000	0.000000	132.223007
5.100000	0.000000	131.221858
5.110000	0.000000	130.343759
5.120000	0.000000	130.328433
5.130000	0.000000	128.313601
5.140000	0.000000	127.260975
5.150000	0.000000	126.419500
5.160000	0.000000	125.345435
5.170000	0.000000	124.347802
5.180000	0.000000	123.362980
5.190000	0.000000	122.476694
5.200000	0.000000	121.791797
5.210000	0.000000	120.933291
5.220000	0.000000	120.016528
5.230000	0.000000	119.234070
5.240000	0.000000	118.623688
5.250000	0.000000	118.035772
5.260000	0.000000	116.939026
5.270000	0.000000	116.230234
5.280000	0.000000	115.521446
5.290000	0.000000	114.813739
5.300000	0.000000	114.082054
5.310000	0.000000	113.607142
5.320000	0.000000	112.671966
5.330000	0.000000	111.942744
5.340000	0.000000	111.234922
5.350000	0.000000	110.646348
5.360000	0.000000	109.879860
5.370000	0.000000	109.163961
5.380000	0.000000	108.464840
5.390000	0.000000	107.759597
5.400000	0.000000	107.080980
5.410000	0.000000	106.359383
5.420000	0.000000	105.633936
5.430000	0.000000	104.943442
5.440000	0.000000	104.254834
5.450000	0.000000	103.558813
5.460000	0.000000	102.857978
5.470000	0.000000	102.161015
5.480000	0.000000	101.454847
5.490000	0.000000	100.895635
5.500000	0.000000	100.109884
5.510000	0.000000	99.399022
5.520000	0.000000	98.700512
5.530000	0.000000	98.075806
5.540000	0.000000	97.418458
5.550000	0.000000	96.692924
5.560000	0.000000	96.009211
5.570000	0.000000	95.535364
5.580000	0.000000	94.976111
5.590000	0.000000	94.015346
5.600000	0.000000	93.529311
5.610000	0.000000	93.752881
5.620000	0.000000	96.687652
5.630000	0.000000	95.632369
5.640000	0.000000	93.173781
5.650000	0.000000	93.198311
5.660000	0.000000	92.090848
5.670000	0.000000	98.995997
5.680000	0.000000	90.981835
5.690000	0.000000	87.269518
5.700000	0.000000	86.600571
5.710000	0.000000	85.938788
5.720000	0.000000	85.279251
5.730000	0.000000	84.623511
5.740000	0.000000	83.970277
5.750000	0.000000	83.363071
5.760000	0.000000	82.841945
5.770000	0.000000	82.302139
5.780000	0.000000	81.773174
5.790000	0.000000	81.251796
5.800000	0.000000	80.731976
5.810000	0.000000	80.173259
5.820000	0.000000	79.657471
5.830000	0.000000	79.135755
5.840000	0.000000	78.623552
5.850000	0.000000	78.141320
5.860000	0.000000	77.766719
5.870000	0.000000	77.315599
5.880000	0.000000	76.824748
5.890000	0.000000	76.337789
5.900000	0.000000	75.865273
5.910000	0.000000	75.412928
5.920000	0.000000	74.989735
5.930000	0.000000	74.592840
5.940000	0.000000	73.987702
5.950000	0.000000	73.530541
5.960000	0.000000	73.074907
5.970000	0.000000	72.612554
5.980000	0.000000	72.129447
5.990000	0.000000	71.671689
6.000000	0.000000	71.272184
6.010000	0.000000	70.771714
6.020000	0.000000	70.342161
6.030000	0.000000	69.900248
6.040000	0.000000	69.425781
6.050000	0.000000	68.968153
6.060000	0.000000	68.533174
6.070000	0.000000	68.105851
6.080000	0.000000	67.661547
6.090000	0.000000	67.268563
6.100000	0.000000	67.005681
6.110000	0.000000	66.852625
6.120000	0.000000	68.347870
6.130000	0.000000	66.697853
6.140000	0.000000	65.731642
6.150000	0.000000	65.822811
6.160000	0.000000	65.125072
6.170000	0.000000	67.154459
6.180000	0.000000	64.110229
6.190000	0.000000	62.756261
6.200000	0.000000	62.318176
6.210000	0.000000	61.876281
6.220000	0.000000	61.432896
6.230000	0.000000	60.993508
6.240000	0.000000	60.555678
6.250000	0.000000	60.119381
6.260000	0.000000	59.684283
6.270000	0.000000	59.250506
6.280000	0.000000	58.818624
6.290000	0.000000	58.387889
6.300000	0.000000	57.953583
6.310000	0.000000	57.498136
6.320000	0.000000	57.068115
6.330000	0.000000	56.676136
6.340000	0.000000	56.320161
6.350000	0.000000	55.975943
6.360000	0.000000	55.629735
6.370000	0.000000	55.283084
6.380000	0.000000	54.956164
6.390000	0.000000	54.621619
6.400000	0.000000	54.332917
6.410000	0.000000	54.010252
6.420000	0.000000	53.577374
6.430000	0.000000	53.239597
6.440000	0.000000	52.933379
6.450000	0.000000	52.669846
6.460000	0.000000	52.787036
6.470000	0.000000	53.367083
6.480000	0.000000	51.789068
6.490000	0.000000	51.952405
6.500000	0.000000	51.427143
6.510000	0.000000	50.939569
6.520000	0.000000	50.689346
6.530000	0.000000	56.413664
6.540000	0.000000	58.670258
6.550000	0.000000	53.951000
6.560000	0.000000	51.779643
6.570000	0.000000	61.539780
6.580000	0.000000	67.789542
6.590000	0.000000	60.133103
6.600000	0.000000	83.456740
6.610000	0.000000	153.451657
6.620000	0.000000	162.616571
6.630000	0.000000	204.529087
6.640000	0.000000	217.734269
6.650000	0.000000	268.487405
6.660000	0.000000	256.624446
6.670000	0.000000	149.490134
6.680000	0.000000	161.621489
6.690000	0.000000	431.170789
6.700000	0.000000	208.400757
6.710000	0.000000	48.050632
6.720000	0.000000	44.890247
6.730000	0.000000	44.098191
6.740000	0.000000	43.805618
6.750000	0.000000	43.512400
6.760000	0.000000	43.222582
6.770000	0.000000	42.932936
6.780000	0.000000	42.643146
6.790000	0.000000	42.353284
6.800000	0.000000	42.063837
6.810000	0.000000	41.768042
6.820000	0.000000	41.471648
6.830000	0.000000	41.186648
6.840000	0.000000	40.951297
6.850000	0.000000	40.630168
6.860000	0.000000	40.333072
6.870000	0.000000	40.080995
6.880000	0.000000	39.785464
6.890000	0.000000	39.540581
6.900000	0.000000	39.407206
6.910000	0.000000	39.595244
6.920000	0.000000	39.611700
6.930000	0.000000	38.929866
6.940000	0.000000	38.867355
6.950000	0.000000	38.829233
6.960000	0.000000	38.235196
6.970000	0.000000	39.693676
6.980000	0.000000	37.194758
6.990000	0.000000	36.944562
7.000000	0.000000	36.719716
7.010000	0.000000	36.511660
7.020000	0.000000	36.516910
7.030000	0.000000	36.140704
7.040000	0.000000	35.826736
7.050000	0.000000	35.651475
7.060000	0.000000	35.436532
7.070000	0.000000	35.185162
7.080000	0.000000	34.947988
7.090000	0.000000	34.713659
7.100000	0.000000	34.513609
7.110000	0.000000	34.335341
7.120000	0.000000	34.124058
7.130000	0.000000	33.927768
7.140000	0.000000	33.731420
7.150000	0.000000	33.515832
7.160000	0.000000	33.361714
7.170000	0.000000	33.311329
7.180000	0.000000	32.999974
7.190000	0.000000	32.836108
7.200000	0.000000	32.581802
7.210000	0.000000	32.347078
7.220000	0.000000	32.145387
7.230000	0.000000	31.947574
7.240000	0.000000	31.752819
7.250000	0.000000	31.577298
7.260000	0.000000	31.493152
7.270000	0.000000	31.412047
7.280000	0.000000	31.027880
7.290000	0.000000	30.779244
7.300000	0.000000	30.584561
7.310000	0.000000	30.390235
7.320000	0.000000	30.185197
7.330000	0.000000	30.028979
7.340000	0.000000	29.803223
7.350000	0.000000	29.604924
7.360000	0.000000	29.431936
7.370000	0.000000	29.227666
7.380000	0.000000	29.038452
7.390000	0.000000	28.848629
7.400000	0.000000	28.657428
7.410000	0.000000	28.465986
7.420000	0.000000	28.270250
7.430000	0.000000	28.082161
7.440000	0.000000	27.889959
7.450000	0.000000	27.700393
7.460000	0.000000	27.513941
7.470000	0.000000	27.321580
7.480000	0.000000	27.139755
7.490000	0.000000	26.931680
7.500000	0.000000	26.741774
7.510000	0.000000	26.553678
7.520000	0.000000	26.457984
7.530000	0.000000	26.230019
7.540000	0.000000	26.019043
7.550000	0.000000	25.892226
7.560000	0.000000	25.716286
7.570000	0.000000	25.523883
7.580000	0.000000	25.371489
7.590000	0.000000	25.215934
7.600000	0.000000	25.068508
7.610000	0.000000	24.964969
7.620000	0.000000	24.940118
7.630000	0.000000	24.885673
7.640000	0.000000	24.686469
7.650000	0.000000	24.385557
7.660000	0.000000	24.236716
7.670000	0.000000	24.041188
7.680000	0.000000	24.310590
7.690000	0.000000	23.923354
7.700000	0.000000	23.983595
7.710000	0.000000	24.557927
7.720000	0.000000	26.983984
7.730000	0.000000	28.180471
7.740000	0.000000	26.136036
7.750000	0.000000	26.437856
7.760000	0.000000	29.857581
7.770000	0.000000	35.962582
7.780000	0.000000	48.107858
7.790000	0.000000	30.500513
7.800000	0.000000	29.384794
7.810000	0.000000	22.435744
7.820000	0.000000	24.894548
7.830000	0.000000	22.769897
7.840000	0.000000	21.772747
7.850000	0.000000	21.550309
7.860000	0.000000	26.351673
7.870000	0.000000	46.403730
7.880000	0.000000	33.036268
7.890000	0.000000	21.027559
7.900000	0.000000	20.897636
7.910000	0.000000	20.781977
7.920000	0.000000	20.657852
7.930000	0.000000	20.510294
7.940000	0.000000	20.381593
7.950000	0.000000	20.253157
7.960000	0.000000	20.129881
7.970000	0.000000	20.032169
7.980000	0.000000	19.872906
7.990000	0.000000	19.737906
8.000000	0.000000	19.610029
8.010000	0.000000	19.491513
8.020000	0.000000	19.358755
8.030000	0.000000	19.237319
8.040000	0.000000	19.108656
8.050000	0.000000	18.984229
8.060000	0.000000	18.856802
8.070000	0.000000	18.726611
8.080000	0.000000	18.600994
8.090000	0.000000	18.553655
8.100000	0.000000	18.519187
8.110000	0.000000	18.310303
8.120000	0.000000	18.184096
8.130000	0.000000	18.080062
8.140000	0.000000	17.996473
8.150000	0.000000	17.793976
8.160000	0.000000	31.529058
8.170000	0.000000	18.487649
8.180000	0.000000	19.402664
8.190000	0.000000	18.031539
8.200000	0.000000	17.249989
8.210000	0.000000	18.969777
8.220000	0.000000	18.094976
8.230000	0.000000	16.887859
8.240000	0.000000	16.864746
8.250000	0.000000	16.787895
8.260000	0.000000	16.564139
8.270000	0.000000	16.467544
8.280000	0.000000	18.928892
8.290000	0.000000	25.374927
8.300000	0.000000	16.190533
8.310000	0.000000	16.108804
8.320000	0.000000	15.987516
8.330000	0.000000	15.918609
8.340000	0.000000	21.474319
8.350000	0.000000	16.601026
8.360000	0.000000	16.649408
8.370000	0.000000	15.868208
8.380000	0.000000	15.462121
8.390000	0.000000	16.084645
8.400000	0.000000	15.786329
8.410000	0.000000	15.121594
8.420000	0.000000	15.034207
8.430000	0.000000	14.947727
8.440000	0.000000	14.861248
8.450000	0.000000	14.774687
8.460000	0.000000	14.688214
8.470000	0.000000	15.027287
8.480000	0.000000	18.938654
8.490000	0.000000	14.425647
8.500000	0.000000	14.336456
8.510000	0.000000	14.250042
8.520000	0.000000	14.163627
8.530000	0.000000	14.077866
8.540000	0.000000	13.991776
8.550000	0.000000	13.906740
8.560000	0.000000	13.831692
8.570000	0.000000	13.746308
8.580000	0.000000	14.748935
8.590000	0.000000	15.006490
8.600000	0.000000	13.486913
8.610000	0.000000	13.398487
8.620000	0.000000	13.314077
8.630000	0.000000	13.229738
8.640000	0.000000	13.257962
8.650000	0.000000	14.444515
8.660000	0.000000	12.972961
8.670000	0.000000	12.888043
8.680000	0.000000	12.910650
8.690000	0.000000	13.442680
8.700000	0.000000	12.838534
8.710000	0.000000	12.952511
8.720000	0.000000	12.677560
8.730000	0.000000	12.627559
8.740000	0.000000	12.509157
8.750000	0.000000	12.221658
8.760000	0.000000	12.140184
8.770000	0.000000	12.056681
8.780000	0.000000	11.972072
8.790000	0.000000	11.891554
8.800000	0.000000	11.812113
8.810000	0.000000	11.728202
8.820000	0.000000	11.663510
8.830000	0.000000	11.675787
8.840000	0.000000	11.611085
8.850000	0.000000	11.546251
8.860000	0.000000	11.481406
8.870000	0.000000	11.416773
8.880000	0.000000	11.352427
8.890000	0.000000	11.288269
8.900000	0.000000	11.245558
8.910000	0.000000	11.178877
8.920000	0.000000	11.094588
8.930000	0.000000	11.029583
8.940000	0.000000	10.964983
8.950000	0.000000	10.900415
8.960000	0.000000	10.835902
8.970000	0.000000	10.771407
8.980000	0.000000	10.707565
8.990000	0.000000	10.653959
9.000000	0.000000	10.573812
9.010000	0.000000	10.532232
9.020000	0.000000	10.518669
9.030000	0.000000	10.398100
9.040000	0.000000	10.335596
9.050000	0.000000	10.279288
9.060000	0.000000	10.277697
9.070000	0.000000	10.408184
9.080000	0.000000	10.307561
9.090000	0.000000	10.064794
9.100000	0.000000	9.988335
9.110000	0.000000	9.918900
9.120000	0.000000	9.878952
9.130000	0.000000	9.799249
9.140000	0.000000	9.721498
9.150000	0.000000	9.664848
9.160000	0.000000	9.633594
9.170000	0.000000	9.593917
9.180000	0.000000	9.780344
9.190000	0.000000	9.478777
9.200000	0.000000	9.374656
9.210000	0.000000	9.317761
9.220000	0.000000	9.260869
9.230000	0.000000	9.203984
9.240000	0.000000	9.147390
9.250000	0.000000	9.090908
9.260000	0.000000	9.034441
9.270000	0.000000	8.978137
9.280000	0.000000	8.921852
9.290000	0.000000	8.865575
9.300000	0.000000	8.809362
9.310000	0.000000	8.753650
9.320000	0.000000	8.698026
9.330000	0.000000	8.638210
9.340000	0.000000	8.580292
9.350000	0.000000	8.524136
9.360000	0.000000	8.468732
9.370000	0.000000	8.413534
9.380000	0.000000	8.358360
9.390000	0.000000	8.303186
9.400000	0.000000	8.248014
9.410000	0.000000	8.192861
9.420000	0.000000	8.137724
9.430000	0.000000	8.082596
9.440000	0.000000	8.030209
9.450000	0.000000	7.979583
9.460000	0.000000	7.923909
9.470000	0.000000	7.879856
9.480000	0.000000	7.837402
9.490000	0.000000	7.792339
9.500000	0.000000	7.748000
9.510000	0.000000	7.702974
9.520000	0.000000	7.834634
9.530000	0.000000	7.652282
9.540000	0.000000	7.598897
9.550000	0.000000	7.541052
9.560000	0.000000	7.493499
9.570000	0.000000	7.473706
9.580000	0.000000	7.424057
9.590000	0.000000	7.359796
9.600000	0.000000	7.316380
9.610000	0.000000	7.272670
9.620000	0.000000	7.229760
9.630000	0.000000	7.186947
9.640000	0.000000	7.144140
9.650000	0.000000	7.107926
9.660000	0.000000	7.162533
9.670000	0.000000	7.012985
9.680000	0.000000	6.970242
9.690000	0.000000	6.927330
9.700000	0.000000	6.884878
9.710000	0.000000	6.842182
9.720000	0.000000	6.799144
9.730000	0.000000	6.809957
9.740000	0.000000	6.753222
9.750000	0.000000	6.684495
9.760000	0.000000	6.647386
9.770000	0.000000	6.598471
9.780000	0.000000	6.566299
9.790000	0.000000	6.537090
9.800000	0.000000	6.484282
9.810000	0.000000	6.446354
9.820000	0.000000	6.408512
9.830000	0.000000	6.370374
9.840000	0.000000	6.330790
9.850000	0.000000	6.293228
9.860000	0.000000	6.255666
9.870000	0.000000	6.218105
9.880000	0.000000	6.186048
9.890000	0.000000	6.168588
9.900000	0.000000	6.119009
9.910000	0.000000	6.067959
9.920000	0.000000	6.030815
9.930000	0.000000	5.993955
9.940000	0.000000	5.957127
9.950000	0.000000	5.920316
9.960000	0.000000	5.883516
9.970000	0.000000	5.846664
9.980000	0.000000	5.809813
9.990000	0.000000	5.773791
10.000000	0.000000	5.756800
10.010000	0.000000	5.697589
10.020000	0.000000	5.660027
10.030000	0.000000	5.623185
10.040000	0.000000	5.586359
10.050000	0.000000	5.549539
10.060000	0.000000	5.512732
10.070000	0.000000	5.483521
10.080000	0.000000	5.445153
10.090000	0.000000	5.402389
10.100000	0.000000	5.366564
10.110000	0.000000	5.333842
10.120000	0.000000	5.306881
10.130000	0.000000	5.282136
10.140000	0.000000	5.246757
10.150000	0.000000	5.218319
10.160000	0.000000	5.194172
10.170000	0.000000	5.158992
10.180000	0.000000	5.133245
10.190000	0.000000	5.101228
10.200000	0.000000	5.072090
10.210000	0.000000	5.043360
10.220000	0.000000	5.014648
10.230000	0.000000	4.986004
10.240000	0.000000	4.957405
10.250000	0.000000	4.928816
10.260000	0.000000	4.900228
10.270000	0.000000	4.871639
10.280000	0.000000	4.843183
10.290000	0.000000	4.814923
10.300000	0.000000	4.786495
10.310000	0.000000	4.757929
10.320000	0.000000	4.729370
10.330000	0.000000	4.700816
10.340000	0.000000	4.670701
10.350000	0.000000	4.641780
10.360000	0.000000	4.613266
10.370000	0.000000	4.584929
10.380000	0.000000	4.556634
10.390000	0.000000	4.528343
10.400000	0.000000	4.500070
10.410000	0.000000	4.471877
10.420000	0.000000	4.444678
10.430000	0.000000	4.418891
10.440000	0.000000	4.393777
10.450000	0.000000	4.368663
10.460000	0.000000	4.343553
10.470000	0.000000	4.318451
10.480000	0.000000	4.293335
10.490000	0.000000	4.268209
10.500000	0.000000	4.243024
10.510000	0.000000	4.216340
10.520000	0.000000	4.191594
10.530000	0.000000	4.167000
10.540000	0.000000	4.142420
10.550000	0.000000	4.117856
10.560000	0.000000	4.093267
10.570000	0.000000	4.068682
10.580000	0.000000	4.044103
10.590000	0.000000	4.019524
10.600000	0.000000	3.994951
10.610000	0.000000	3.970375
10.620000	0.000000	3.945788
10.630000	0.000000	3.921211
10.640000	0.000000	3.896637
10.650000	0.000000	3.872052
10.660000	0.000000	3.847479
10.670000	0.000000	3.822457
10.680000	0.000000	3.796654
10.690000	0.000000	3.772077
10.700000	0.000000	3.747505
10.710000	0.000000	3.722942
10.720000	0.000000	3.698387
10.730000	0.000000	3.673837
10.740000	0.000000	3.649290
10.750000	0.000000	3.624968
10.760000	0.000000	3.602722
10.770000	0.000000	3.582768
10.780000	0.000000	3.563413
10.790000	0.000000	3.544108
10.800000	0.000000	3.524805
10.810000	0.000000	3.505515
10.820000	0.000000	3.486256
10.830000	0.000000	3.467000
10.840000	0.000000	3.447128
10.850000	0.000000	3.427188
10.860000	0.000000	3.407957
10.870000	0.000000	3.388827
10.880000	0.000000	3.369730
10.890000	0.000000	3.350636
10.900000	0.000000	3.331543
10.910000	0.000000	3.312449
10.920000	0.000000	3.293358
10.930000	0.000000	3.274274
10.940000	0.000000	3.255196
10.950000	0.000000	3.236121
10.960000	0.000000	3.217047
10.970000	0.000000	3.197973
10.980000	0.000000	3.178901
10.990000	0.000000	3.159838
11.000000	0.000000	3.140868
11.010000	0.000000	3.121107
11.020000	0.000000	3.101818
11.030000	0.000000	3.082997
11.040000	0.000000	3.064334
11.050000	0.000000	3.045706
11.060000	0.000000	3.027082
11.070000	0.000000	3.008457
11.080000	0.000000	2.989833
11.090000	0.000000	2.971209
11.100000	0.000000	2.952652
11.110000	0.000000	2.934733
11.120000	0.000000	2.917803
11.130000	0.000000	2.901263
11.140000	0.000000	2.884829
11.150000	0.000000	2.868397
11.160000	0.000000	2.851968
11.170000	0.000000	2.835549
11.180000	0.000000	2.818139
11.190000	0.000000	2.801607
11.200000	0.000000	2.785195
11.210000	0.000000	2.768784
11.220000	0.000000	2.752373
11.230000	0.000000	2.735962
11.240000	0.000000	2.719552
11.250000	0.000000	2.703141
11.260000	0.000000	2.686731
11.270000	0.000000	2.670321
11.280000	0.000000	2.653910
11.290000	0.000000	2.637500
11.300000	0.000000	2.621090
11.310000	0.000000	2.604679
11.320000	0.000000	2.588269
11.330000	0.000000	2.571859
11.340000	0.000000	2.555332
11.350000	0.000000	2.537931
11.360000	0.000000	2.521534
11.370000	0.000000	2.505142
11.380000	0.000000	2.488752
11.390000	0.000000	2.472363
11.400000	0.000000	2.455986
11.410000	0.000000	2.440058
11.420000	0.000000	2.425816
11.430000	0.000000	2.412729
11.440000	0.000000	2.399796
11.450000	0.000000	2.386904
11.460000	0.000000	2.374015
11.470000	0.000000	2.361131
11.480000	0.000000	2.348267
11.490000	0.000000	2.335413
11.500000	0.000000	2.322563
11.510000	0.000000	2.309474
11.520000	0.000000	2.296091
11.530000	0.000000	2.283301
11.540000	0.000000	2.270510
11.550000	0.000000	2.257721
11.560000	0.000000	2.244945
11.570000	0.000000	2.232197
11.580000	0.000000	2.219460
11.590000	0.000000	2.206723
11.600000	0.000000	2.193988
11.610000	0.000000	2.181255
11.620000	0.000000	2.168522
11.630000	0.000000	2.155798
11.640000	0.000000	2.143122
11.650000	0.000000	2.130548
11.660000	0.000000	2.118046
11.670000	0.000000	2.105560
11.680000	0.000000	2.092676
11.690000	0.000000	2.079842
11.700000	0.000000	2.067409
11.710000	0.000000	2.054975
11.720000	0.000000	2.042542
11.730000	0.000000	2.030113
11.740000	0.000000	2.017789
11.750000	0.000000	2.005552
11.760000	0.000000	1.993340
11.770000	0.000000	1.981128
11.780000	0.000000	1.968916
11.790000	0.000000	1.956713
11.800000	0.000000	1.944760
11.810000	0.000000	1.933477
11.820000	0.000000	1.922505
11.830000	0.000000	1.911534
11.840000	0.000000	1.900566
11.850000	0.000000	1.889058
11.860000	0.000000	1.877902
11.870000	0.000000	1.866943
11.880000	0.000000	1.855984
11.890000	0.000000	1.845026
11.900000	0.000000	1.834068
11.910000	0.000000	1.823109
11.920000	0.000000	1.812151
11.930000	0.000000	1.801194
11.940000	0.000000	1.790236
11.950000	0.000000	1.779278
11.960000	0.000000	1.768320
11.970000	0.000000	1.757363
11.980000	0.000000	1.746405
11.990000	0.000000	1.735449
12.000000	0.000000	1.724495
12.010000	0.000000	1.713543
12.020000	0.000000	1.701894
12.030000	0.000000	1.690908
12.040000	0.000000	1.679964
12.050000	0.000000	1.669032
12.060000	0.000000	1.658106
12.070000	0.000000	1.647310
12.080000	0.000000	1.637672
12.090000	0.000000	1.628836
12.100000	0.000000	1.620179
12.110000	0.000000	1.611554
12.120000	0.000000	1.602949
12.130000	0.000000	1.594344
12.140000	0.000000	1.585743
12.150000	0.000000	1.577155
12.160000	0.000000	1.568589
12.170000	0.000000	1.560047
12.180000	0.000000	1.551415
12.190000	0.000000	1.542392
12.200000	0.000000	1.533860
12.210000	0.000000	1.525328
12.220000	0.000000	1.516795
12.230000	0.000000	1.508263
12.240000	0.000000	1.499731
12.250000	0.000000	1.491199
12.260000	0.000000	1.482669
12.270000	0.000000	1.474171
12.280000	0.000000	1.465728
12.290000	0.000000	1.457340
12.300000	0.000000	1.448991
12.310000	0.000000	1.440655
12.320000	0.000000	1.432341
12.330000	0.000000	1.424037
12.340000	0.000000	1.415732
12.350000	0.000000	1.407222
12.360000	0.000000	1.398607
12.370000	0.000000	1.390444
12.380000	0.000000	1.382289
12.390000	0.000000	1.374135
12.400000	0.000000	1.365981
12.410000	0.000000	1.357828
12.420000	0.000000	1.349675
12.430000	0.000000	1.341521
12.440000	0.000000	1.333368
12.450000	0.000000	1.325214
12.460000	0.000000	1.317061
12.470000	0.000000	1.308908
12.480000	0.000000	1.300755
12.490000	0.000000	1.292631
12.500000	0.000000	1.284707
12.510000	0.000000	1.277329
12.520000	0.000000	1.269718
12.530000	0.000000	1.262190
12.540000	0.000000	1.254869
12.550000	0.000000	1.247551
12.560000	0.000000	1.240233
12.570000	0.000000	1.232915
12.580000	0.000000	1.225597
12.590000	0.000000	1.218279
12.600000	0.000000	1.210961
12.610000	0.000000	1.203643
12.620000	0.000000	1.196326
12.630000	0.000000	1.189009
12.640000	0.000000	1.181693
12.650000	0.000000	1.174378
12.660000	0.000000	1.167063
12.670000	0.000000	1.159749
12.680000	0.000000	1.152437
12.690000	0.000000	1.144736
12.700000	0.000000	1.137329
12.710000	0.000000	1.130032
12.720000	0.000000	1.122736
12.730000	0.000000	1.115439
12.740000	0.000000	1.108383
12.750000	0.000000	1.102148
12.760000	0.000000	1.096321
12.770000	0.000000	1.090535
12.780000	0.000000	1.084769
12.790000	0.000000	1.079021
12.800000	0.000000	1.073274
12.810000	0.000000	1.067530
12.820000	0.000000	1.061798
12.830000	0.000000	1.056091
12.840000	0.000000	1.050391
12.850000	0.000000	1.044691
12.860000	0.000000	1.038606
12.870000	0.000000	1.032906
12.880000	0.000000	1.027206
12.890000	0.000000	1.021507
12.900000	0.000000	1.015815
12.910000	0.000000	1.010152
12.920000	0.000000	1.004503
12.930000	0.000000	0.998855
12.940000	0.000000	0.993216
12.950000	0.000000	0.987604
12.960000	0.000000	0.982019
12.970000	0.000000	0.976450
12.980000	0.000000	0.970900
12.990000	0.000000	0.965390
13.000000	0.000000	0.959938
13.010000	0.000000	0.954489
13.020000	0.000000	0.948963
13.030000	0.000000	0.943224
13.040000	0.000000	0.937775
13.050000	0.000000	0.932327
13.060000	0.000000	0.926879
13.070000	0.000000	0.921431
13.080000	0.000000	0.915984
13.090000	0.000000	0.910537
13.100000	0.000000	0.905091
13.110000	0.000000	0.899645
13.120000	0.000000	0.894199
13.130000	0.000000	0.888753
13.140000	0.000000	0.883307
13.150000	0.000000	0.877860
13.160000	0.000000	0.872415
13.170000	0.000000	0.866969
13.180000	0.000000	0.861524
13.190000	0.000000	0.855924
13.200000	0.000000	0.850384
13.210000	0.000000	0.845446
13.220000	0.000000	0.840554
13.230000	0.000000	0.835666
13.240000	0.000000	0.830779
13.250000	0.000000	0.825892
13.260000	0.000000	0.821004
13.270000	0.000000	0.816117
13.280000	0.000000	0.811231
13.290000	0.000000	0.806345
13.300000	0.000000	0.801459
13.310000	0.000000	0.796574
13.320000	0.000000	0.791689
13.330000	0.000000	0.786803
13.340000	0.000000	0.781918
13.350000	0.000000	0.777035
13.360000	0.000000	0.771952
13.370000	0.000000	0.766956
13.380000	0.000000	0.762082
13.390000	0.000000	0.757209
13.400000	0.000000	0.752336
13.410000	0.000000	0.747619
13.420000	0.000000	0.743457
13.430000	0.000000	0.739563
13.440000	0.000000	0.735694
13.450000	0.000000	0.731831
13.460000	0.000000	0.727982
13.470000	0.000000	0.724142
13.480000	0.000000	0.720307
13.490000	0.000000	0.716482
13.500000	0.000000	0.712665
13.510000	0.000000	0.708853
13.520000	0.000000	0.705045
13.530000	0.000000	0.701019
13.540000	0.000000	0.697179
13.550000	0.000000	0.693401
13.560000	0.000000	0.689626
13.570000	0.000000	0.685851
13.580000	0.000000	0.682076
13.590000	0.000000	0.678301
13.600000	0.000000	0.674528
13.610000	0.000000	0.670776
13.620000	0.000000	0.667066
13.630000	0.000000	0.663396
13.640000	0.000000	0.659741
13.650000	0.000000	0.656087
13.660000	0.000000	0.652433
13.670000	0.000000	0.648779
13.680000	0.000000	0.645125
13.690000	0.000000	0.641461
13.700000	0.000000	0.637586
13.710000	0.000000	0.633945
13.720000	0.000000	0.630305
13.730000	0.000000	0.626664
13.740000	0.000000	0.623023
13.750000	0.000000	0.619383
13.760000	0.000000	0.615742
13.770000	0.000000	0.612101
13.780000	0.000000	0.608461
13.790000	0.000000	0.604821
13.800000	0.000000	0.601182
13.810000	0.000000	0.597543
13.820000	0.000000	0.593903
13.830000	0.000000	0.590264
13.840000	0.000000	0.586625
13.850000	0.000000	0.582987
13.860000	0.000000	0.579283
13.870000	0.000000	0.575464
13.880000	0.000000	0.571825
13.890000	0.000000	0.568187
13.900000	0.000000	0.564551
13.910000	0.000000	0.561085
13.920000	0.000000	0.557775
13.930000	0.000000	0.554510
13.940000	0.000000	0.551245
13.950000	0.000000	0.547980
13.960000	0.000000	0.544715
13.970000	0.000000	0.541451
13.980000	0.000000	0.538186
13.990000	0.000000	0.534921
14.000000	0.000000	0.531657
14.010000	0.000000	0.528393
14.020000	0.000000	0.525133
14.030000	0.000000	0.521770
14.040000	0.000000	0.518397
14.050000	0.000000	0.515140
14.060000	0.000000	0.511883
14.070000	0.000000	0.508626
14.080000	0.000000	0.505393
14.090000	0.000000	0.502500
14.100000	0.000000	0.499854
14.110000	0.000000	0.497268
14.120000	0.000000	0.494684
14.130000	0.000000	0.492107
14.140000	0.000000	0.489541
14.150000	0.000000	0.486979
14.160000	0.000000	0.484421
14.170000	0.000000	0.481869
14.180000	0.000000	0.479320
14.190000	0.000000	0.476786
14.200000	0.000000	0.474145
14.210000	0.000000	0.471569
14.220000	0.000000	0.469047
14.230000	0.000000	0.466524
14.240000	0.000000	0.464002
14.250000	0.000000	0.461480
14.260000	0.000000	0.458972
14.270000	0.000000	0.456491
14.280000	0.000000	0.454034
14.290000	0.000000	0.451589
14.300000	0.000000	0.449146
14.310000	0.000000	0.446704
14.320000	0.000000	0.444262
14.330000	0.000000	0.441820
14.340000	0.000000	0.439378
14.350000	0.000000	0.436936
14.360000	0.000000	0.434494
14.370000	0.000000	0.431905
14.380000	0.000000	0.429446
14.390000	0.000000	0.427004
14.400000	0.000000	0.424562
14.410000	0.000000	0.422126
14.420000	0.000000	0.419692
14.430000	0.000000	0.417259
14.440000	0.000000	0.414826
14.450000	0.000000	0.412394
14.460000	0.000000	0.409961
14.470000	0.000000	0.407528
14.480000	0.000000	0.405095
14.490000	0.000000	0.402662
14.500000	0.000000	0.400229
14.510000	0.000000	0.397797
14.520000	0.000000	0.395365
14.530000	0.000000	0.392916
14.540000	0.000000	0.390338
14.550000	0.000000	0.387906
14.560000	0.000000	0.385475
14.570000	0.000000	0.383043
14.580000	0.000000	0.380612
14.590000	0.000000	0.378182
14.600000	0.000000	0.375753
14.610000	0.000000	0.373328
14.620000	0.000000	0.370990
14.630000	0.000000	0.368766
14.640000	0.000000	0.366584
14.650000	0.000000	0.364402
14.660000	0.000000	0.362219
14.670000	0.000000	0.360037
14.680000	0.000000	0.357857
14.690000	0.000000	0.355678
14.700000	0.000000	0.353453
14.710000	0.000000	0.351175
14.720000	0.000000	0.348997
14.730000	0.000000	0.346820
14.740000	0.000000	0.344643
14.750000	0.000000	0.342466
14.760000	0.000000	0.340342
14.770000	0.000000	0.338455
14.780000	0.000000	0.336710
14.790000	0.000000	0.334982
14.800000	0.000000	0.333256
14.810000	0.000000	0.331529
14.820000	0.000000	0.329807
14.830000	0.000000	0.328097
14.840000	0.000000	0.326400
14.850000	0.000000	0.324709
14.860000	0.000000	0.323019
14.870000	0.000000	0.321268
14.880000	0.000000	0.319523
14.890000	0.000000	0.317835
14.900000	0.000000	0.316151
14.910000	0.000000	0.314484
14.920000	0.000000	0.312826
14.930000	0.000000	0.311172
14.940000	0.000000	0.309521
14.950000	0.000000	0.307875
14.960000	0.000000	0.306237
14.970000	0.000000	0.304604
14.980000	0.000000	0.302971
14.990000	0.000000	0.301338
15.000000	0.000000	0.299705
15.010000	0.000000	0.298073
15.020000	0.000000	0.296440
15.030000	0.000000	0.294807
15.040000	0.000000	0.293093
15.050000	0.000000	0.291431
15.060000	0.000000	0.289799
15.070000	0.000000	0.288166
15.080000	0.000000	0.286534
15.090000	0.000000	0.284901
15.100000	0.000000	0.283269
15.110000	0.000000	0.281636
15.120000	0.000000	0.280004
15.130000	0.000000	0.278372
15.140000	0.000000	0.276742
15.150000	0.000000	0.275115
15.160000	0.000000	0.273489
15.170000	0.000000	0.271862
15.180000	0.000000	0.270236
15.190000	0.000000	0.268609
15.200000	0.000000	0.266983
15.210000	0.000000	0.265252
15.220000	0.000000	0.263620
15.230000	0.000000	0.261994
15.240000	0.000000	0.260369
15.250000	0.000000	0.258743
15.260000	0.000000	0.257118
15.270000	0.000000	0.255493
15.280000	0.000000	0.253868
15.290000	0.000000	0.252244
15.300000	0.000000	0.250620
15.310000	0.000000	0.248997
15.320000	0.000000	0.247374
15.330000	0.000000	0.245775
15.340000	0.000000	0.244257
15.350000	0.000000	0.242800
15.360000	0.000000	0.241343
15.370000	0.000000	0.239871
15.380000	0.000000	0.238332
15.390000	0.000000	0.236876
15.400000	0.000000	0.235420
15.410000	0.000000	0.233965
15.420000	0.000000	0.232509
15.430000	0.000000	0.231054
15.440000	0.000000	0.229637
15.450000	0.000000	0.228370
15.460000	0.000000	0.227206
15.470000	0.000000	0.226051
15.480000	0.000000	0.224899
15.490000	0.000000	0.223751
15.500000	0.000000	0.222606
15.510000	0.000000	0.221464
15.520000	0.000000	0.220328
15.530000	0.000000	0.219198
15.540000	0.000000	0.218039
15.550000	0.000000	0.216862
15.560000	0.000000	0.215747
15.570000	0.000000	0.214636
15.580000	0.000000	0.213525
15.590000	0.000000	0.212417
15.600000	0.000000	0.211312
15.610000	0.000000	0.210209
15.620000	0.000000	0.209107
15.630000	0.000000	0.208006
15.640000	0.000000	0.206909
15.650000	0.000000	0.205817
15.660000	0.000000	0.204726
15.670000	0.000000	0.203634
15.680000	0.000000	0.202542
15.690000	0.000000	0.201450
15.700000	0.000000	0.200359
15.710000	0.000000	0.199224
15.720000	0.000000	0.198102
15.730000	0.000000	0.197010
15.740000	0.000000	0.195918
15.750000	0.000000	0.194827
15.760000	0.000000	0.193735
15.770000	0.000000	0.192643
15.780000	0.000000	0.191552
15.790000	0.000000	0.190460
15.800000	0.000000	0.189369
15.810000	0.000000	0.188277
15.820000	0.000000	0.187186
15.830000	0.000000	0.186095
15.840000	0.000000	0.185003
15.850000	0.000000	0.183912
15.860000	0.000000	0.182820
15.870000	0.000000	0.181730
15.880000	0.000000	0.180585
15.890000	0.000000	0.179482
15.900000	0.000000	0.178394
15.910000	0.000000	0.177307
15.920000	0.000000	0.176220
15.930000	0.000000	0.175133
15.940000	0.000000	0.174046
15.950000	0.000000	0.172959
15.960000	0.000000	0.171872
15.970000	0.000000	0.170786
15.980000	0.000000	0.169700
15.990000	0.000000	0.168614
16.000000	0.000000	0.167528
16.010000	0.000000	0.166443
16.020000	0.000000	0.165358
16.030000	0.000000	0.164274
16.040000	0.000000	0.163191
16.050000	0.000000	0.162044
16.060000	0.000000	0.161052
16.070000	0.000000	0.160077
16.080000	0.000000	0.159104
16.090000	0.000000	0.158131
16.100000	0.000000	0.157157
16.110000	0.000000	0.156184
16.120000	0.000000	0.155216
16.130000	0.000000	0.154326
16.140000	0.000000	0.153528
16.150000	0.000000	0.152762
16.160000	0.000000	0.151997
16.170000	0.000000	0.151232
16.180000	0.000000	0.150466
16.190000	0.000000	0.149701
16.200000	0.000000	0.148937
16.210000	0.000000	0.148170
16.220000	0.000000	0.147388
16.230000	0.000000	0.146645
16.240000	0.000000	0.145903
16.250000	0.000000	0.145160
16.260000	0.000000	0.144418
16.270000	0.000000	0.143677
16.280000	0.000000	0.142938
16.290000	0.000000	0.142200
16.300000	0.000000	0.141463
16.310000	0.000000	0.140726
16.320000	0.000000	0.139991
16.330000	0.000000	0.139259
16.340000	0.000000	0.138529
16.350000	0.000000	0.137799
16.360000	0.000000	0.137069
16.370000	0.000000	0.136340
16.380000	0.000000	0.135589
16.390000	0.000000	0.134831
16.400000	0.000000	0.134101
16.410000	0.000000	0.133371
16.420000	0.000000	0.132641
16.430000	0.000000	0.131911
16.440000	0.000000	0.131182
16.450000	0.000000	0.130452
16.460000	0.000000	0.129722
16.470000	0.000000	0.128992
16.480000	0.000000	0.128262
16.490000	0.000000	0.127533
16.500000	0.000000	0.126803
16.510000	0.000000	0.126073
16.520000	0.000000	0.125343
16.530000	0.000000	0.124614
16.540000	0.000000	0.123884
16.550000	0.000000	0.123123
16.560000	0.000000	0.122375
16.570000	0.000000	0.121646
16.580000	0.000000	0.120916
16.590000	0.000000	0.120187
16.600000	0.000000	0.119458
16.610000	0.000000	0.118730
16.620000	0.000000	0.118003
16.630000	0.000000	0.117277
16.640000	0.000000	0.116550
16.650000	0.000000	0.115823
16.660000	0.000000	0.115097
16.670000	0.000000	0.114370
16.680000	0.000000	0.113644
16.690000	0.000000	0.112918
16.700000	0.000000	0.112193
16.710000	0.000000	0.111468
16.720000	0.000000	0.110702
16.730000	0.000000	0.109970
16.740000	0.000000	0.109246
16.750000	0.000000	0.108521
16.760000	0.000000	0.107797
16.770000	0.000000	0.107082
16.780000	0.000000	0.106408
16.790000	0.000000	0.105755
16.800000	0.000000	0.105106
16.810000	0.000000	0.104478
16.820000	0.000000	0.103908
16.830000	0.000000	0.103394
16.840000	0.000000	0.102882
16.850000	0.000000	0.102370
16.860000	0.000000	0.101859
16.870000	0.000000	0.101353
16.880000	0.000000	0.100848
16.890000	0.000000	0.100313
16.900000	0.000000	0.099810
16.910000	0.000000	0.099312
16.920000	0.000000	0.098815
16.930000	0.000000	0.098319
16.940000	0.000000	0.097823
16.950000	0.000000	0.097329
16.960000	0.000000	0.096835
16.970000	0.000000	0.096340
16.980000	0.000000	0.095846
16.990000	0.000000	0.095352
17.000000	0.000000	0.094859
17.010000	0.000000	0.094367
17.020000	0.000000	0.093877
17.030000	0.000000	0.093389
17.040000	0.000000	0.092901
17.050000	0.000000	0.092404
17.060000	0.000000	0.091892
17.070000	0.000000	0.091404
17.080000	0.000000	0.090916
17.090000	0.000000	0.090428
17.100000	0.000000	0.089940
17.110000	0.000000	0.089452
17.120000	0.000000	0.088964
17.130000	0.000000	0.088476
17.140000	0.000000	0.087987
17.150000	0.000000	0.087499
17.160000	0.000000	0.087011
17.170000	0.000000	0.086523
17.180000	0.000000	0.086035
17.190000	0.000000	0.085547
17.200000	0.000000	0.085059
17.210000	0.000000	0.084571
17.220000	0.000000	0.084067
17.230000	0.000000	0.083562
17.240000	0.000000	0.083074
17.250000	0.000000	0.082586
17.260000	0.000000	0.082098
17.270000	0.000000	0.081610
17.280000	0.000000	0.081122
17.290000	0.000000	0.080635
17.300000	0.000000	0.080147
17.310000	0.000000	0.079659
17.320000	0.000000	0.079171
17.330000	0.000000	0.078684
17.340000	0.000000	0.078196
17.350000	0.000000	0.077710
17.360000	0.000000	0.077224
17.370000	0.000000	0.076738
17.380000	0.000000	0.076253
17.390000	0.000000	0.075746
17.400000	0.000000	0.075250
17.410000	0.000000	0.074765
17.420000	0.000000	0.074281
17.430000	0.000000	0.073796
17.440000	0.000000	0.073311
17.450000	0.000000	0.072827
17.460000	0.000000	0.072343
17.470000	0.000000	0.071861
17.480000	0.000000	0.071380
17.490000	0.000000	0.070900
17.500000	0.000000	0.070442
17.510000	0.000000	0.070046
17.520000	0.000000	0.069703
17.530000	0.000000	0.069363
17.540000	0.000000	0.069027
17.550000	0.000000	0.068690
17.560000	0.000000	0.068333
17.570000	0.000000	0.067995
17.580000	0.000000	0.067658
17.590000	0.000000	0.067322
17.600000	0.000000	0.066986
17.610000	0.000000	0.066653
17.620000	0.000000	0.066322
17.630000	0.000000	0.065992
17.640000	0.000000	0.065661
17.650000	0.000000	0.065331
17.660000	0.000000	0.065001
17.670000	0.000000	0.064670
17.680000	0.000000	0.064340
17.690000	0.000000	0.064009
17.700000	0.000000	0.063679
17.710000	0.000000	0.063350
17.720000	0.000000	0.063021
17.730000	0.000000	0.062675
17.740000	0.000000	0.062349
17.750000	0.000000	0.062023
17.760000	0.000000	0.061696
17.770000	0.000000	0.061370
17.780000	0.000000	0.061044
17.790000	0.000000	0.060717
17.800000	0.000000	0.060391
17.810000	0.000000	0.060065
17.820000	0.000000	0.059738
17.830000	0.000000	0.059412
17.840000	0.000000	0.059086
17.850000	0.000000	0.058759
17.860000	0.000000	0.058433
17.870000	0.000000	0.058107
17.880000	0.000000	0.057780
17.890000	0.000000	0.057447
17.900000	0.000000	0.057105
17.910000	0.000000	0.056779
17.920000	0.000000	0.056453
17.930000	0.000000	0.056126
17.940000	0.000000	0.055800
17.950000	0.000000	0.055474
17.960000	0.000000	0.055148
17.970000	0.000000	0.054822
17.980000	0.000000	0.054495
17.990000	0.000000	0.054169
18.000000	0.000000	0.053843
18.010000	0.000000	0.053517
18.020000	0.000000	0.053191
18.030000	0.000000	0.052864
18.040000	0.000000	0.052538
18.050000	0.000000	0.052212
18.060000	0.000000	0.051875
18.070000	0.000000	0.051539
18.080000	0.000000	0.051214
18.090000	0.000000	0.050889
18.100000	0.000000	0.050565
18.110000	0.000000	0.050241
18.120000	0.000000	0.049916
18.130000	0.000000	0.049593
18.140000	0.000000	0.049270
18.150000	0.000000	0.048948
18.160000	0.000000	0.048626
18.170000	0.000000	0.048305
18.180000	0.000000	0.047983
18.190000	0.000000	0.047667
18.200000	0.000000	0.047375
18.210000	0.000000	0.047116
18.220000	0.000000	0.046858
18.230000	0.000000	0.046601
18.240000	0.000000	0.046371
18.250000	0.000000	0.046146
18.260000	0.000000	0.045921
18.270000	0.000000	0.045696
18.280000	0.000000	0.045471
18.290000	0.000000	0.045247
18.300000	0.000000	0.045023
18.310000	0.000000	0.044800
18.320000	0.000000	0.044579
18.330000	0.000000	0.044358
18.340000	0.000000	0.044137
18.350000	0.000000	0.043916
18.360000	0.000000	0.043695
18.370000	0.000000	0.043474
18.380000	0.000000	0.043253
18.390000	0.000000	0.043032
18.400000	0.000000	0.042797
18.410000	0.000000	0.042576
18.420000	0.000000	0.042357
18.430000	0.000000	0.042139
18.440000	0.000000	0.041921
18.450000	0.000000	0.041702
18.460000	0.000000	0.041484
18.470000	0.000000	0.041266
18.480000	0.000000	0.041048
18.490000	0.000000	0.040829
18.500000	0.000000	0.040611
18.510000	0.000000	0.040393
18.520000	0.000000	0.040175
18.530000	0.000000	0.039956
18.540000	0.000000	0.039738
18.550000	0.000000	0.039520
18.560000	0.000000	0.039299
18.570000	0.000000	0.039068
18.580000	0.000000	0.038850
18.590000	0.000000	0.038632
18.600000	0.000000	0.038414
18.610000	0.000000	0.038195
18.620000	0.000000	0.037977
18.630000	0.000000	0.037759
18.640000	0.000000	0.037541
18.650000	0.000000	0.037322
18.660000	0.000000	0.037104
18.670000	0.000000	0.036886
18.680000	0.000000	0.036668
18.690000	0.000000	0.036450
18.700000	0.000000	0.036231
18.710000	0.000000	0.036013
18.720000	0.000000	0.035795
18.730000	0.000000	0.035572
18.740000	0.000000	0.035344
18.750000	0.000000	0.035126
18.760000	0.000000	0.034909
18.770000	0.000000	0.034691
18.780000	0.000000	0.034473
18.790000	0.000000	0.034255
18.800000	0.000000	0.034038
18.810000	0.000000	0.033821
18.820000	0.000000	0.033605
18.830000	0.000000	0.033389
18.840000	0.000000	0.033174
18.850000	0.000000	0.032958
18.860000	0.000000	0.032744
18.870000	0.000000	0.032531
18.880000	0.000000	0.032319
18.890000	0.000000	0.032112
18.900000	0.000000	0.031928
18.910000	0.000000	0.031750
18.920000	0.000000	0.031578
18.930000	0.000000	0.031405
18.940000	0.000000	0.031233
18.950000	0.000000	0.031060
18.960000	0.000000	0.030897
18.970000	0.000000	0.030743
18.980000	0.000000	0.030593
18.990000	0.000000	0.030443
19.000000	0.000000	0.030294
19.010000	0.000000	0.030144
19.020000	0.000000	0.029996
19.030000	0.000000	0.029848
19.040000	0.000000	0.029700
19.050000	0.000000	0.029553
19.060000	0.000000	0.029405
19.070000	0.000000	0.029249
19.080000	0.000000	0.029099
19.090000	0.000000	0.028951
19.100000	0.000000	0.028804
19.110000	0.000000	0.028656
19.120000	0.000000	0.028510
19.130000	0.000000	0.028363
19.140000	0.000000	0.028217
19.150000	0.000000	0.028071
19.160000	0.000000	0.027925
19.170000	0.000000	0.027779
19.180000	0.000000	0.027633
19.190000	0.000000	0.027487
19.200000	0.000000	0.027341
19.210000	0.000000	0.027195
19.220000	0.000000	0.027049
19.230000	0.000000	0.026903
19.240000	0.000000	0.026747
19.250000	0.000000	0.026601
19.260000	0.000000	0.026455
19.270000	0.000000	0.026309
19.280000	0.000000	0.026163
19.290000	0.000000	0.026017
19.300000	0.000000	0.025871
19.310000	0.000000	0.025725
19.320000	0.000000	0.025579
19.330000	0.000000	0.025433
19.340000	0.000000	0.025287
19.350000	0.000000	0.025141
19.360000	0.000000	0.024995
19.370000	0.000000	0.024849
19.380000	0.000000	0.024703
19.390000	0.000000	0.024557
19.400000	0.000000	0.024409
19.410000	0.000000	0.024256
19.420000	0.000000	0.024110
19.430000	0.000000	0.023964
19.440000	0.000000	0.023818
19.450000	0.000000	0.023672
19.460000	0.000000	0.023527
19.470000	0.000000	0.023381
19.480000	0.000000	0.023236
19.490000	0.000000	0.023091
19.500000	0.000000	0.022946
19.510000	0.000000	0.022802
19.520000	0.000000	0.022657
19.530000	0.000000	0.022513
19.540000	0.000000	0.022369
19.550000	0.000000	0.022227
19.560000	0.000000	0.022084
19.570000	0.000000	0.021937
19.580000	0.000000	0.021789
19.590000	0.000000	0.021661
19.600000	0.000000	0.021544
19.610000	0.000000	0.021429
19.620000	0.000000	0.021314
19.630000	0.000000	0.021198
19.640000	0.000000	0.021083
19.650000	0.000000	0.020968
19.660000	0.000000	0.020852
19.670000	0.000000	0.020737
19.680000	0.000000	0.020623
19.690000	0.000000	0.020511
19.700000	0.000000	0.020407
19.710000	0.000000	0.020307
19.720000	0.000000	0.020207
19.730000	0.000000	0.020108
19.740000	0.000000	0.020005
19.750000	0.000000	0.019904
19.760000	0.000000	0.019805
19.770000	0.000000	0.019706
19.780000	0.000000	0.019607
19.790000	0.000000	0.019508
19.800000	0.000000	0.019409
19.810000	0.000000	0.019310
19.820000	0.000000	0.019212
19.830000	0.000000	0.019114
19.840000	0.000000	0.019016
19.850000	0.000000	0.018918
19.860000	0.000000	0.018820
19.870000	0.000000	0.018723
19.880000	0.000000	0.018625
19.890000	0.000000	0.018527
19.900000	0.000000	0.018430
19.910000	0.000000	0.018327
19.920000	0.000000	0.018228
19.930000	0.000000	0.018130
19.940000	0.000000	0.018033
19.950000	0.000000	0.017935
19.960000	0.000000	0.017837
19.970000	0.000000	0.017740
19.980000	0.000000	0.017642
19.990000	0.000000	0.017544
20.000000	0.000000	0.017447
20.010000	0.000000	0.017349
20.020000	0.000000	0.017251
20.030000	0.000000	0.017154
20.040000	0.000000	0.017056
20.050000	0.000000	0.016959
20.060000	0.000000	0.016861
20.070000	0.000000	0.016763
20.080000	0.000000	0.016659
20.090000	0.000000	0.016562
20.100000	0.000000	0.016464
20.110000	0.000000	0.016366
20.120000	0.000000	0.016269
20.130000	0.000000	0.016171
20.140000	0.000000	0.016074
20.150000	0.000000	0.015976
20.160000	0.000000	0.015879
20.170000	0.000000	0.015782
20.180000	0.000000	0.015686
20.190000	0.000000	0.015589
20.200000	0.000000	0.015492
20.210000	0.000000	0.015396
20.220000	0.000000	0.015300
20.230000	0.000000	0.015205
20.240000	0.000000	0.015107
20.250000	0.000000	0.015007
20.260000	0.000000	0.014911
20.270000	0.000000	0.014816
20.280000	0.000000	0.014721
20.290000	0.000000	0.014637
20.300000	0.000000	0.014558
20.310000	0.000000	0.014480
20.320000	0.000000	0.014403
20.330000	0.000000	0.014326
20.340000	0.000000	0.014248
20.350000	0.000000	0.014171
20.360000	0.000000	0.014094
20.370000	0.000000	0.014018
20.380000	0.000000	0.013941
20.390000	0.000000	0.013864
20.400000	0.000000	0.013787
20.410000	0.000000	0.013708
20.420000	0.000000	0.013628
20.430000	0.000000	0.013555
20.440000	0.000000	0.013488
20.450000	0.000000	0.013422
20.460000	0.000000	0.013356
20.470000	0.000000	0.013290
20.480000	0.000000	0.013223
20.490000	0.000000	0.013157
20.500000	0.000000	0.013091
20.510000	0.000000	0.013025
20.520000	0.000000	0.012959
20.530000	0.000000	0.012893
20.540000	0.000000	0.012827
20.550000	0.000000	0.012762
20.560000	0.000000	0.012696
20.570000	0.000000	0.012631
20.580000	0.000000	0.012562
20.590000	0.000000	0.012495
20.600000	0.000000	0.012430
20.610000	0.000000	0.012365
20.620000	0.000000	0.012299
20.630000	0.000000	0.012234
20.640000	0.000000	0.012169
20.650000	0.000000	0.012103
20.660000	0.000000	0.012038
20.670000	0.000000	0.011972
20.680000	0.000000	0.011907
20.690000	0.000000	0.011842
20.700000	0.000000	0.011776
20.710000	0.000000	0.011711
20.720000	0.000000	0.011646
20.730000	0.000000	0.011580
20.740000	0.000000	0.011515
20.750000	0.000000	0.011446
20.760000	0.000000	0.011380
20.770000	0.000000	0.011315
20.780000	0.000000	0.011249
20.790000	0.000000	0.011184
20.800000	0.000000	0.011119
20.810000	0.000000	0.011053
20.820000	0.000000	0.010988
20.830000	0.000000	0.010923
20.840000	0.000000	0.010858
20.850000	0.000000	0.010793
20.860000	0.000000	0.010728
20.870000	0.000000	0.010663
20.880000	0.000000	0.010599
20.890000	0.000000	0.010534
20.900000	0.000000	0.010470
20.910000	0.000000	0.010406
20.920000	0.000000	0.010338
20.930000	0.000000	0.010274
20.940000	0.000000	0.010210
20.950000	0.000000	0.010146
20.960000	0.000000	0.010082
20.970000	0.000000	0.010018
20.980000	0.000000	0.009955
20.990000	0.000000	0.009898
21.000000	0.000000	0.009846
21.010000	0.000000	0.009794
21.020000	0.000000	0.009742
21.030000	0.000000	0.009690
21.040000	0.000000	0.009638
21.050000	0.000000	0.009586
21.060000	0.000000	0.009535
21.070000	0.000000	0.009483
21.080000	0.000000	0.009431
21.090000	0.000000	0.009377
21.100000	0.000000	0.009325
21.110000	0.000000	0.009274
21.120000	0.000000	0.009223
21.130000	0.000000	0.009171
21.140000	0.000000	0.009120
21.150000	0.000000	0.009069
21.160000	0.000000	0.009019
21.170000	0.000000	0.008971
21.180000	0.000000	0.008927
21.190000	0.000000	0.008882
21.200000	0.000000	0.008838
21.210000	0.000000	0.008794
21.220000	0.000000	0.008750
21.230000	0.000000	0.008705
21.240000	0.000000	0.008661
21.250000	0.000000	0.008616
21.260000	0.000000	0.008570
21.270000	0.000000	0.008526
21.280000	0.000000	0.008483
21.290000	0.000000	0.008439
21.300000	0.000000	0.008395
21.310000	0.000000	0.008351
21.320000	0.000000	0.008307
21.330000	0.000000	0.008264
21.340000	0.000000	0.008220
21.350000	0.000000	0.008176
21.360000	0.000000	0.008133
21.370000	0.000000	0.008089
21.380000	0.000000	0.008045
21.390000	0.000000	0.008001
21.400000	0.000000	0.007958
21.410000	0.000000	0.007914
21.420000	0.000000	0.007868
21.430000	0.000000	0.007824
21.440000	0.000000	0.007780
21.450000	0.000000	0.007736
21.460000	0.000000	0.007692
21.470000	0.000000	0.007649
21.480000	0.000000	0.007605
21.490000	0.000000	0.007561
21.500000	0.000000	0.007518
21.510000	0.000000	0.007474
21.520000	0.000000	0.007430
21.530000	0.000000	0.007387
21.540000	0.000000	0.007344
21.550000	0.000000	0.007300
21.560000	0.000000	0.007257
21.570000	0.000000	0.007214
21.580000	0.000000	0.007171
21.590000	0.000000	0.007126
21.600000	0.000000	0.007083
21.610000	0.000000	0.007040
21.620000	0.000000	0.006997
21.630000	0.000000	0.006954
21.640000	0.000000	0.006911
21.650000	0.000000	0.006869
21.660000	0.000000	0.006826
21.670000	0.000000	0.006783
21.680000	0.000000	0.006741
21.690000	0.000000	0.006701
21.700000	0.000000	0.006666
21.710000	0.000000	0.006631
21.720000	0.000000	0.006597
21.730000	0.000000	0.006562
21.740000	0.000000	0.006527
21.750000	0.000000	0.006492
21.760000	0.000000	0.006456
21.770000	0.000000	0.006421
21.780000	0.000000	0.006386
21.790000	0.000000	0.006352
21.800000	0.000000	0.006317
21.810000	0.000000	0.006283
21.820000	0.000000	0.006248
21.830000	0.000000	0.006214
21.840000	0.000000	0.006179
21.850000	0.000000	0.006145
21.860000	0.000000	0.006111
21.870000	0.000000	0.006077
21.880000	0.000000	0.006043
21.890000	0.000000	0.006009
21.900000	0.000000	0.005975
21.910000	0.000000	0.005943
21.920000	0.000000	0.005913
21.930000	0.000000	0.005882
21.940000	0.000000	0.005852
21.950000	0.000000	0.005822
21.960000	0.000000	0.005793
21.970000	0.000000	0.005764
21.980000	0.000000	0.005734
21.990000	0.000000	0.005705
22.000000	0.000000	0.005676
22.010000	0.000000	0.005646
22.020000	0.000000	0.005617
22.030000	0.000000	0.005587
22.040000	0.000000	0.005558
22.050000	0.000000	0.005529
22.060000	0.000000	0.005500
22.070000	0.000000	0.005470
22.080000	0.000000	0.005441
22.090000	0.000000	0.005411
22.100000	0.000000	0.005381
22.110000	0.000000	0.005351
22.120000	0.000000	0.005322
22.130000	0.000000	0.005293
22.140000	0.000000	0.005264
22.150000	0.000000	0.005234
22.160000	0.000000	0.005205
22.170000	0.000000	0.005176
22.180000	0.000000	0.005147
22.190000	0.000000	0.005117
22.200000	0.000000	0.005088
22.210000	0.000000	0.005059
22.220000	0.000000	0.005030
22.230000	0.000000	0.005001
22.240000	0.000000	0.004972
22.250000	0.000000	0.004943
22.260000	0.000000	0.004913
22.270000	0.000000	0.004884
22.280000	0.000000	0.004855
22.290000	0.000000	0.004826
22.300000	0.000000	0.004798
22.310000	0.000000	0.004769
22.320000	0.000000	0.004740
22.330000	0.000000	0.004712
22.340000	0.000000	0.004683
22.350000	0.000000	0.004654
22.360000	0.000000	0.004626
22.370000	0.000000	0.004597
22.380000	0.000000	0.004569
22.390000	0.000000	0.004541
22.400000	0.000000	0.004517
22.410000	0.000000	0.004493
22.420000	0.000000	0.004470
22.430000	0.000000	0.004445
22.440000	0.000000	0.004422
22.450000	0.000000	0.004399
22.460000	0.000000	0.004376
22.470000	0.000000	0.004353
22.480000	0.000000	0.004329
22.490000	0.000000	0.004306
22.500000	0.000000	0.004283
22.510000	0.000000	0.004260
22.520000	0.000000	0.004237
22.530000	0.000000	0.004214
22.540000	0.000000	0.004190
22.550000	0.000000	0.004167
22.560000	0.000000	0.004144
22.570000	0.000000	0.004121
22.580000	0.000000	0.004099
22.590000	0.000000	0.004075
22.600000	0.000000	0.004051
22.610000	0.000000	0.004029
22.620000	0.000000	0.004006
22.630000	0.000000	0.003983
22.640000	0.000000	0.003960
22.650000	0.000000	0.003939
22.660000	0.000000	0.003919
22.670000	0.000000	0.003899
22.680000	0.000000	0.003879
22.690000	0.000000	0.003860
22.700000	0.000000	0.003840
22.710000	0.000000	0.003820
22.720000	0.000000	0.003801
22.730000	0.000000	0.003781
22.740000	0.000000	0.003761
22.750000	0.000000	0.003742
22.760000	0.000000	0.003722
22.770000	0.000000	0.003701
22.780000	0.000000	0.003682
22.790000	0.000000	0.003662
22.800000	0.000000	0.003642
22.810000	0.000000	0.003623
22.820000	0.000000	0.003603
22.830000	0.000000	0.003584
22.840000	0.000000	0.003564
22.850000	0.000000	0.003545
22.860000	0.000000	0.003525
22.870000	0.000000	0.003505
22.880000	0.000000	0.003486
22.890000	0.000000	0.003466
22.900000	0.000000	0.003447
22.910000	0.000000	0.003427
22.920000	0.000000	0.003408
22.930000	0.000000	0.003388
22.940000	0.000000	0.003368
22.950000	0.000000	0.003349
22.960000	0.000000	0.003330
22.970000	0.000000	0.003311
22.980000	0.000000	0.003291
22.990000	0.000000	0.003272
23.000000	0.000000	0.003253
23.010000	0.000000	0.003234
23.020000	0.000000	0.003215
23.030000	0.000000	0.003195
23.040000	0.000000	0.003176
23.050000	0.000000	0.003157
23.060000	0.000000	0.003138
23.070000	0.000000	0.003119
23.080000	0.000000	0.003100
23.090000	0.000000	0.003080
23.100000	0.000000	0.003062
23.110000	0.000000	0.003046
23.120000	0.000000	0.003031
23.130000	0.000000	0.003015
23.140000	0.000000	0.003000
23.150000	0.000000	0.002984
23.160000	0.000000	0.002969
23.170000	0.000000	0.002953
23.180000	0.000000	0.002938
23.190000	0.000000	0.002922
23.200000	0.000000	0.002907
23.210000	0.000000	0.002891
23.220000	0.000000	0.002876
23.230000	0.000000	0.002860
23.240000	0.000000	0.002845
23.250000	0.000000	0.002829
23.260000	0.000000	0.002814
23.270000	0.000000	0.002797
23.280000	0.000000	0.002782
23.290000	0.000000	0.002766
23.300000	0.000000	0.002751
23.310000	0.000000	0.002736
23.320000	0.000000	0.002720
23.330000	0.000000	0.002705
23.340000	0.000000	0.002690
23.350000	0.000000	0.002675
23.360000	0.000000	0.002659
23.370000	0.000000	0.002644
23.380000	0.000000	0.002629
23.390000	0.000000	0.002614
23.400000	0.000000	0.002600
23.410000	0.000000	0.002587
23.420000	0.000000	0.002574
23.430000	0.000000	0.002561
23.440000	0.000000	0.002547
23.450000	0.000000	0.002534
23.460000	0.000000	0.002521
23.470000	0.000000	0.002507
23.480000	0.000000	0.002494
23.490000	0.000000	0.002481
23.500000	0.000000	0.002468
23.510000	0.000000	0.002455
23.520000	0.000000	0.002442
23.530000	0.000000	0.002429
23.540000	0.000000	0.002416
23.550000	0.000000	0.002403
23.560000	0.000000	0.002389
23.570000	0.000000	0.002376
23.580000	0.000000	0.002363
23.590000	0.000000	0.002350
23.600000	0.000000	0.002337
23.610000	0.000000	0.002323
23.620000	0.000000	0.002310
23.630000	0.000000	0.002298
23.640000	0.000000	0.002285
23.650000	0.000000	0.002272
23.660000	0.000000	0.002259
23.670000	0.000000	0.002246
23.680000	0.000000	0.002233
23.690000	0.000000	0.002220
23.700000	0.000000	0.002208
23.710000	0.000000	0.002195
23.720000	0.000000	0.002182
23.730000	0.000000	0.002169
23.740000	0.000000	0.002156
23.750000	0.000000	0.002143
23.760000	0.000000	0.002131
23.770000	0.000000	0.002117
23.780000	0.000000	0.002104
23.790000	0.000000	0.002091
23.800000	0.000000	0.002079
23.810000	0.000000	0.002067
23.820000	0.000000	0.002057
23.830000	0.000000	0.002047
23.840000	0.000000	0.002036
23.850000	0.000000	0.002026
23.860000	0.000000	0.002015
23.870000	0.000000	0.002005
23.880000	0.000000	0.001995
23.890000	0.000000	0.001984
23.900000	0.000000	0.001974
23.910000	0.000000	0.001963
23.920000	0.000000	0.001953
23.930000	0.000000	0.001943
23.940000	0.000000	0.001932
23.950000	0.000000	0.001921
23.960000	0.000000	0.001911
23.970000	0.000000	0.001900
23.980000	0.000000	0.001890
23.990000	0.000000	0.001880
24.000000	0.000000	0.001869
24.010000	0.000000	0.001859
24.020000	0.000000	0.001849
24.030000	0.000000	0.001839
24.040000	0.000000	0.001828
24.050000	0.000000	0.001818
24.060000	0.000000	0.001808
24.070000	0.000000	0.001797
24.080000	0.000000	0.001787
24.090000	0.000000	0.001777
24.100000	0.000000	0.001767
24.110000	0.000000	0.001756
24.120000	0.000000	0.001746
24.130000	0.000000	0.001736
24.140000	0.000000	0.001726
24.150000	0.000000	0.001717
24.160000	0.000000	0.001708
24.170000	0.000000	0.001699
24.180000	0.000000	0.001691
24.190000	0.000000	0.001682
24.200000	0.000000	0.001673
24.210000	0.000000	0.001664
24.220000	0.000000	0.001655
24.230000	0.000000	0.001647
24.240000	0.000000	0.001638
24.250000	0.000000	0.001629
24.260000	0.000000	0.001620
24.270000	0.000000	0.001611
24.280000	0.000000	0.001602
24.290000	0.000000	0.001593
24.300000	0.000000	0.001585
24.310000	0.000000	0.001576
24.320000	0.000000	0.001567
24.330000	0.000000	0.001559
24.340000	0.000000	0.001550
24.350000	0.000000	0.001542
24.360000	0.000000	0.001533
24.370000	0.000000	0.001524
24.380000	0.000000	0.001516
24.390000	0.000000	0.001507
24.400000	0.000000	0.001499
24.410000	0.000000	0.001490
24.420000	0.000000	0.001481
24.430000	0.000000	0.001473
24.440000	0.000000	0.001464
24.450000	0.000000	0.001455
24.460000	0.000000	0.001446
24.470000	0.000000	0.001438
24.480000	0.000000	0.001429
24.490000	0.000000	0.001421
24.500000	0.000000	0.001412
24.510000	0.000000	0.001404
24.520000	0.000000	0.001396
24.530000	0.000000	0.001389
24.540000	0.000000	0.001382
24.550000	0.000000	0.001375
24.560000	0.000000	0.001368
24.570000	0.000000	0.001362
24.580000	0.000000	0.001355
24.590000	0.000000	0.001348
24.600000	0.000000	0.001341
24.610000	0.000000	0.001333
24.620000	0.000000	0.001326
24.630000	0.000000	0.001319
24.640000	0.000000	0.001312
24.650000	0.000000	0.001305
24.660000	0.000000	0.001299
24.670000	0.000000	0.001292
24.680000	0.000000	0.001285
24.690000	0.000000	0.001278
24.700000	0.000000	0.001271
24.710000	0.000000	0.001264
24.720000	0.000000	0.001257
24.730000	0.000000	0.001250
24.740000	0.000000	0.001243
24.750000	0.000000	0.001236
24.760000	0.000000	0.001229
24.770000	0.000000	0.001222
24.780000	0.000000	0.001215
24.790000	0.000000	0.001208
24.800000	0.000000	0.001201
24.810000	0.000000	0.001195
24.820000	0.000000	0.001188
24.830000	0.000000	0.001181
24.840000	0.000000	0.001174
24.850000	0.000000	0.001167
24.860000	0.000000	0.001160
24.870000	0.000000	0.001154
24.880000	0.000000	0.001147
24.890000	0.000000	0.001141
24.900000	0.000000	0.001135
24.910000	0.000000	0.001129
24.920000	0.000000	0.001123
24.930000	0.000000	0.001117
24.940000	0.000000	0.001111
24.950000	0.000000	0.001105
24.960000	0.000000	0.001099
24.970000	0.000000	0.001093
24.980000	0.000000	0.001087
24.990000	0.000000	0.001081
25.000000	0.000000	0.001076
25.010000	0.000000	0.001070
25.020000	0.000000	0.001064
25.030000	0.000000	0.001058
25.040000	0.000000	0.001053
25.050000	0.000000	0.001047
25.060000	0.000000	0.001041
25.070000	0.000000	0.001035
25.080000	0.000000	0.001029
25.090000	0.000000	0.001024
25.100000	0.000000	0.001018
25.110000	0.000000	0.001012
25.120000	0.000000	0.001006
25.130000	0.000000	0.001000
25.140000	0.000000	0.000995
25.150000	0.000000	0.000989
25.160000	0.000000	0.000983
25.170000	0.000000	0.000977
25.180000	0.000000	0.000972
25.190000	0.000000	0.000966
25.200000	0.000000	0.000960
25.210000	0.000000	0.000954
25.220000	0.000000	0.000949
25.230000	0.000000	0.000944
25.240000	0.000000	0.000939
25.250000	0.000000	0.000935
25.260000	0.000000	0.000930
25.270000	0.000000	0.000925
25.280000	0.000000	0.000920
25.290000	0.000000	0.000916
25.300000	0.000000	0.000911
25.310000	0.000000	0.000906
25.320000	0.000000	0.000902
25.330000	0.000000	0.000897
25.340000	0.000000	0.000892
25.350000	0.000000	0.000888
25.360000	0.000000	0.000883
25.370000	0.000000	0.000878
25.380000	0.000000	0.000874
25.390000	0.000000	0.000869
25.400000	0.000000	0.000864
25.410000	0.000000	0.000860
25.420000	0.000000	0.000855
25.430000	0.000000	0.000851
25.440000	0.000000	0.000846
25.450000	0.000000	0.000841
25.460000	0.000000	0.000836
25.470000	0.000000	0.000832
25.480000	0.000000	0.000827
25.490000	0.000000	0.000822
25.500000	0.000000	0.000818
25.510000	0.000000	0.000813
25.520000	0.000000	0.000809
25.530000	0.000000	0.000804
25.540000	0.000000	0.000799
25.550000	0.000000	0.000795
25.560000	0.000000	0.000790
25.570000	0.000000	0.000786
25.580000	0.000000	0.000781
25.590000	0.000000	0.000777
25.600000	0.000000	0.000772
25.610000	0.000000	0.000768
25.620000	0.000000	0.000763
25.630000	0.000000	0.000758
25.640000	0.000000	0.000754
25.650000	0.000000	0.000750
25.660000	0.000000	0.000746
25.670000	0.000000	0.000742
25.680000	0.000000	0.000738
25.690000	0.000000	0.000734
25.700000	0.000000	0.000730
25.710000	0.000000	0.000727
25.720000	0.000000	0.000723
25.730000	0.000000	0.000719
25.740000	0.000000	0.000715
25.750000	0.000000	0.000711
25.760000	0.000000	0.000707
25.770000	0.000000	0.000703
25.780000	0.000000	0.000700
25.790000	0.000000	0.000696
25.800000	0.000000	0.000692
25.810000	0.000000	0.000688
25.820000	0.000000	0.000684
25.830000	0.000000	0.000680
25.840000	0.000000	0.000676
25.850000	0.000000	0.000672
25.860000	0.000000	0.000669
25.870000	0.000000	0.000665
25.880000	0.000000	0.000661
25.890000	0.000000	0.000657
25.900000	0.000000	0.000653
25.910000	0.000000	0.000649
25.920000	0.000000	0.000645
25.930000	0.000000	0.000642
25.940000	0.000000	0.000638
25.950000	0.000000	0.000635
25.960000	0.000000	0.000632
25.970000	0.000000	0.000629
25.980000	0.000000	0.000626
25.990000	0.000000	0.000623
26.000000	0.000000	0.000619
26.010000	0.000000	0.000616
26.020000	0.000000	0.000613
26.030000	0.000000	0.000610
26.040000	0.000000	0.000607
26.050000	0.000000	0.000604
26.060000	0.000000	0.000601
26.070000	0.000000	0.000598
26.080000	0.000000	0.000595
26.090000	0.000000	0.000591
26.100000	0.000000	0.000588
26.110000	0.000000	0.000585
26.120000	0.000000	0.000582
26.130000	0.000000	0.000579
26.140000	0.000000	0.000576
26.150000	0.000000	0.000573
26.160000	0.000000	0.000569
26.170000	0.000000	0.000566
26.180000	0.000000	0.000563
26.190000	0.000000	0.000560
26.200000	0.000000	0.000557
26.210000	0.000000	0.000554
26.220000	0.000000	0.000551
26.230000	0.000000	0.000548
26.240000	0.000000	0.000545
26.250000	0.000000	0.000542
26.260000	0.000000	0.000539
26.270000	0.000000	0.000536
26.280000	0.000000	0.000532
26.290000	0.000000	0.000529
26.300000	0.000000	0.000526
26.310000	0.000000	0.000523
26.320000	0.000000	0.000520
26.330000	0.000000	0.000517
26.340000	0.000000	0.000514
26.350000	0.000000	0.000511
26.360000	0.000000	0.000508
26.370000	0.000000	0.000505
26.380000	0.000000	0.000502
26.390000	0.000000	0.000499
26.400000	0.000000	0.000496
26.410000	0.000000	0.000494
26.420000	0.000000	0.000491
26.430000	0.000000	0.000489
26.440000	0.000000	0.000486
26.450000	0.000000	0.000483
26.460000	0.000000	0.000481
26.470000	0.000000	0.000478
26.480000	0.000000	0.000476
26.490000	0.000000	0.000473
26.500000	0.000000	0.000470
26.510000	0.000000	0.000468
26.520000	0.000000	0.000465
26.530000	0.000000	0.000463
26.540000	0.000000	0.000460
26.550000	0.000000	0.000458
26.560000	0.000000	0.000455
26.570000	0.000000	0.000452
26.580000	0.000000	0.000450
26.590000	0.000000	0.000447
26.600000	0.000000	0.000445
26.610000	0.000000	0.000442
26.620000	0.000000	0.000439
26.630000	0.000000	0.000437
26.640000	0.000000	0.000434
26.650000	0.000000	0.000432
26.660000	0.000000	0.000430
26.670000	0.000000	0.000428
26.680000	0.000000	0.000426
26.690000	0.000000	0.000424
26.700000	0.000000	0.000421
26.710000	0.000000	0.000419
26.720000	0.000000	0.000417
26.730000	0.000000	0.000415
26.740000	0.000000	0.000413
26.750000	0.000000	0.000411
26.760000	0.000000	0.000409
26.770000	0.000000	0.000407
26.780000	0.000000	0.000405
26.790000	0.000000	0.000403
26.800000	0.000000	0.000400
26.810000	0.000000	0.000398
26.820000	0.000000	0.000396
26.830000	0.000000	0.000394
26.840000	0.000000	0.000392
26.850000	0.000000	0.000390
26.860000	0.000000	0.000388
26.870000	0.000000	0.000386
26.880000	0.000000	0.000384
26.890000	0.000000	0.000382
26.900000	0.000000	0.000380
26.910000	0.000000	0.000378
26.920000	0.000000	0.000376
26.930000	0.000000	0.000373
26.940000	0.000000	0.000371
26.950000	0.000000	0.000369
26.960000	0.000000	0.000367
26.970000	0.000000	0.000365
26.980000	0.000000	0.000363
26.990000	0.000000	0.000361
27.000000	0.000000	0.000359
27.010000	0.000000	0.000357
27.020000	0.000000	0.000355
27.030000	0.000000	0.000353
27.040000	0.000000	0.000351
27.050000	0.000000	0.000349
27.060000	0.000000	0.000347
27.070000	0.000000	0.000345
27.080000	0.000000	0.000343
27.090000	0.000000	0.000341
27.100000	0.000000	0.000339
27.110000	0.000000	0.000337
27.120000	0.000000	0.000335
27.130000	0.000000	0.000332
27.140000	0.000000	0.000331
27.150000	0.000000	0.000329
27.160000	0.000000	0.000327
27.170000	0.000000	0.000325
27.180000	0.000000	0.000324
27.190000	0.000000	0.000322
27.200000	0.000000	0.000320
27.210000	0.000000	0.000318
27.220000	0.000000	0.000317
27.230000	0.000000	0.000315
27.240000	0.000000	0.000313
27.250000	0.000000	0.000311
27.260000	0.000000	0.000310
27.270000	0.000000	0.000308
27.280000	0.000000	0.000306
27.290000	0.000000	0.000305
27.300000	0.000000	0.000303
27.310000	0.000000	0.000301
27.320000	0.000000	0.000299
27.330000	0.000000	0.000298
27.340000	0.000000	0.000296
27.350000	0.000000	0.000294
27.360000	0.000000	0.000293
27.370000	0.000000	0.000291
27.380000	0.000000	0.000290
27.390000	0.000000	0.000288
27.400000	0.000000	0.000287
27.410000	0.000000	0.000286
27.420000	0.000000	0.000284
27.430000	0.000000	0.000283
27.440000	0.000000	0.000281
27.450000	0.000000	0.000280
27.460000	0.000000	0.000279
27.470000	0.000000	0.000277
27.480000	0.000000	0.000276
27.490000	0.000000	0.000274
27.500000	0.000000	0.000273
27.510000	0.000000	0.000272
27.520000	0.000000	0.000270
27.530000	0.000000	0.000269
27.540000	0.000000	0.000267
27.550000	0.000000	0.000266
27.560000	0.000000	0.000265
27.570000	0.000000	0.000263
27.580000	0.000000	0.000262
27.590000	0.000000	0.000260
27.600000	0.000000	0.000259
27.610000	0.000000	0.000258
27.620000	0.000000	0.000256
27.630000	0.000000	0.000255
27.640000	0.000000	0.000253
27.650000	0.000000	0.000252
27.660000	0.000000	0.000251
27.670000	0.000000	0.000249
27.680000	0.000000	0.000248
27.690000	0.000000	0.000247
27.700000	0.000000	0.000245
27.710000	0.000000	0.000244
27.720000	0.000000	0.000242
27.730000	0.000000	0.000241
27.740000	0.000000	0.000240
27.750000	0.000000	0.000238
27.760000	0.000000	0.000237
27.770000	0.000000	0.000236
27.780000	0.000000	0.000234
27.790000	0.000000	0.000233
27.800000	0.000000	0.000231
27.810000	0.000000	0.000230
27.820000	0.000000	0.000229
27.830000	0.000000	0.000227
27.840000	0.000000	0.000226
27.850000	0.000000	0.000225
27.860000	0.000000	0.000223
27.870000	0.000000	0.000222
27.880000	0.000000	0.000221
27.890000	0.000000	0.000219
27.900000	0.000000	0.000218
27.910000	0.000000	0.000217
27.920000	0.000000	0.000216
27.930000	0.000000	0.000215
27.940000	0.000000	0.000213
27.950000	0.000000	0.000212
27.960000	0.000000	0.000211
27.970000	0.000000	0.000210
27.980000	0.000000	0.000209
27.990000	0.000000	0.000208
28.000000	0.000000	0.000206
28.010000	0.000000	0.000205
28.020000	0.000000	0.000204
28.030000	0.000000	0.000203
28.040000	0.000000	0.000202
28.050000	0.000000	0.000201
28.060000	0.000000	0.000200
28.070000	0.000000	0.000198
28.080000	0.000000	0.000197
28.090000	0.000000	0.000197
28.100000	0.000000	0.000196
28.110000	0.000000	0.000195
28.120000	0.000000	0.000194
28.130000	0.000000	0.000193
28.140000	0.000000	0.000192
28.150000	0.000000	0.000191
28.160000	0.000000	0.000190
28.170000	0.000000	0.000189
28.180000	0.000000	0.000188
28.190000	0.000000	0.000187
28.200000	0.000000	0.000186
28.210000	0.000000	0.000185
28.220000	0.000000	0.000184
28.230000	0.000000	0.000183
28.240000	0.000000	0.000182
28.250000	0.000000	0.000182
28.260000	0.000000	0.000181
28.270000	0.000000	0.000180
28.280000	0.000000	0.000179
28.290000	0.000000	0.000178
28.300000	0.000000	0.000177
28.310000	0.000000	0.000176
28.320000	0.000000	0.000175
28.330000	0.000000	0.000174
28.340000	0.000000	0.000173
28.350000	0.000000	0.000172
28.360000	0.000000	0.000171
28.370000	0.000000	0.000170
28.380000	0.000000	0.000169
28.390000	0.000000	0.000168
28.400000	0.000000	0.000168
28.410000	0.000000	0.000167
28.420000	0.000000	0.000166
28.430000	0.000000	0.000165
28.440000	0.000000	0.000164
28.450000	0.000000	0.000163
28.460000	0.000000	0.000162
28.470000	0.000000	0.000161
28.480000	0.000000	0.000160
28.490000	0.000000	0.000159
28.500000	0.000000	0.000158
28.510000	0.000000	0.000157
28.520000	0.000000	0.000156
28.530000	0.000000	0.000156
28.540000	0.000000	0.000155
28.550000	0.000000	0.000154
28.560000	0.000000	0.000153
28.570000	0.000000	0.000152
28.580000	0.000000	0.000151
28.590000	0.000000	0.000150
28.600000	0.000000	0.000149
28.610000	0.000000	0.000148
28.620000	0.000000	0.000147
28.630000	0.000000	0.000147
28.640000	0.000000	0.000146
28.650000	0.000000	0.000145
28.660000	0.000000	0.000144
28.670000	0.000000	0.000143
28.680000	0.000000	0.000142
28.690000	0.000000	0.000142
28.700000	0.000000	0.000141
28.710000	0.000000	0.000140
28.720000	0.000000	0.000139
28.730000	0.000000	0.000139
28.740000	0.000000	0.000138
28.750000	0.000000	0.000137
28.760000	0.000000	0.000136
28.770000	0.000000	0.000135
28.780000	0.000000	0.000135
28.790000	0.000000	0.000134
28.800000	0.000000	0.000133
28.810000	0.000000	0.000133
28.820000	0.000000	0.000132
28.830000	0.000000	0.000131
28.840000	0.000000	0.000131
28.850000	0.000000	0.000130
28.860000	0.000000	0.000130
28.870000	0.000000	0.000129
28.880000	0.000000	0.000128
28.890000	0.000000	0.000128
28.900000	0.000000	0.000127
28.910000	0.000000	0.000126
28.920000	0.000000	0.000126
28.930000	0.000000	0.000125
28.940000	0.000000	0.000125
28.950000	0.000000	0.000124
28.960000	0.000000	0.000123
28.970000	0.000000	0.000123
28.980000	0.000000	0.000122
28.990000	0.000000	0.000121
29.000000	0.000000	0.000121
29.010000	0.000000	0.000120
29.020000	0.000000	0.000119
29.030000	0.000000	0.000119
29.040000	0.000000	0.000118
29.050000	0.000000	0.000118
29.060000	0.000000	0.000117
29.070000	0.000000	0.000116
29.080000	0.000000	0.000116
29.090000	0.000000	0.000115
29.100000	0.000000	0.000115
29.110000	0.000000	0.000114
29.120000	0.000000	0.000113
29.130000	0.000000	0.000113
29.140000	0.000000	0.000112
29.150000	0.000000	0.000111
29.160000	0.000000	0.000111
29.170000	0.000000	0.000110
29.180000	0.000000	0.000110
29.190000	0.000000	0.000109
29.200000	0.000000	0.000108
29.210000	0.000000	0.000108
29.220000	0.000000	0.000107
29.230000	0.000000	0.000107
29.240000	0.000000	0.000106
29.250000	0.000000	0.000105
29.260000	0.000000	0.000105
29.270000	0.000000	0.000104
29.280000	0.000000	0.000103
29.290000	0.000000	0.000103
29.300000	0.000000	0.000102
29.310000	0.000000	0.000102
29.320000	0.000000	0.000101
29.330000	0.000000	0.000100
29.340000	0.000000	0.000100
29.350000	0.000000	0.000099
29.360000	0.000000	0.000099
29.370000	0.000000	0.000098
29.380000	0.000000	0.000097
29.390000	0.000000	0.000097
29.400000	0.000000	0.000096
29.410000	0.000000	0.000096
29.420000	0.000000	0.000095
29.430000	0.000000	0.000095
29.440000	0.000000	0.000094
29.450000	0.000000	0.000094
29.460000	0.000000	0.000093
29.470000	0.000000	0.000093
29.480000	0.000000	0.000092
29.490000	0.000000	0.000091
29.500000	0.000000	0.000091
29.510000	0.000000	0.000090
29.520000	0.000000	0.000090
29.530000	0.000000	0.000090
29.540000	0.000000	0.000089
29.550000	0.000000	0.000089
29.560000	0.000000	0.000088
29.570000	0.000000	0.000088
29.580000	0.000000	0.000088
29.590000	0.000000	0.000087
29.600000	0.000000	0.000087
29.610000	0.000000	0.000086
29.620000	0.000000	0.000086
29.630000	0.000000	0.000085
29.640000	0.000000	0.000085
29.650000	0.000000	0.000085
29.660000	0.000000	0.000084
29.670000	0.000000	0.000084
29.680000	0.000000	0.000083
29.690000	0.000000	0.000083
29.700000	0.000000	0.000082
29.710000	0.000000	0.000082
29.720000	0.000000	0.000082
29.730000	0.000000	0.000081
29.740000	0.000000	0.000081
29.750000	0.000000	0.000080
29.760000	0.000000	0.000080
29.770000	0.000000	0.000080
29.780000	0.000000	0.000079
29.790000	0.000000	0.000079
29.800000	0.000000	0.000078
29.810000	0.000000	0.000078
29.820000	0.000000	0.000077
29.830000	0.000000	0.000077
29.840000	0.000000	0.000077
29.850000	0.000000	0.000076
29.860000	0.000000	0.000076
29.870000	0.000000	0.000075
29.880000	0.000000	0.000075
29.890000	0.000000	0.000075
29.900000	0.000000	0.000074
29.910000	0.000000	0.000074
29.920000	0.000000	0.000073
29.930000	0.000000	0.000073
29.940000	0.000000	0.000073
29.950000	0.000000	0.000072
29.960000	0.000000	0.000072
29.970000	0.000000	0.000071
29.980000	0.000000	0.000071
29.990000	0.000000	0.000070
30.000000	0.000000	0.000070
30.010000	0.000000	0.000070
30.020000	0.000000	0.000069
30.030000	0.000000	0.000069
30.040000	0.000000	0.000068
30.050000	0.000000	0.000068
30.060000	0.000000	0.000068
30.070000	0.000000	0.000067
30.080000	0.000000	0.000067
30.090000	0.000000	0.000066
