0.100000	0.000000	663170.915468
0.110000	0.000000	765614.820709
0.120000	0.000000	352918.453946
0.130000	0.000000	470081.027150
0.140000	0.000000	191214.455581
0.150000	0.000000	76367.310196
0.160000	0.000000	64937.778258
0.170000	0.000000	58000.137953
0.180000	0.000000	65226.131500
0.190000	0.000000	64443.720053
0.200000	0.000000	55202.389335
0.210000	0.000000	57204.104219
0.220000	0.000000	57658.095940
0.230000	0.000000	83659.676116
0.240000	0.000000	65386.853427
0.250000	0.000000	66113.236523
0.260000	0.000000	71071.248903
0.270000	0.000000	37346.452706
0.280000	0.000000	57880.334095
0.290000	0.000000	35632.474673
0.300000	0.000000	38201.783851
0.310000	0.000000	32543.855886
0.320000	0.000000	29178.718132
0.330000	0.000000	33229.123771
0.340000	0.000000	29361.471894
0.350000	0.000000	23378.532884
0.360000	0.000000	37671.489480
0.370000	0.000000	55509.065874
0.380000	0.000000	42702.622876
0.390000	0.000000	27171.472562
0.400000	0.000000	36326.299113
0.410000	0.000000	16775.478047
0.420000	0.000000	17887.547617
0.430000	0.000000	18241.190081
0.440000	0.000000	14754.831281
0.450000	0.000000	15418.630106
0.460000	0.000000	13121.833641
0.470000	0.000000	12947.795431
0.480000	0.000000	11950.143614
0.490000	0.000000	19406.819643
0.500000	0.000000	18799.792900
0.510000	0.000000	12549.281544
0.520000	0.000000	10670.925500
0.530000	0.000000	12061.908853
0.540000	0.000000	11470.486841
0.550000	0.000000	9732.345215
0.560000	0.000000	12582.448294
0.570000	0.000000	14495.791840
0.580000	0.000000	9500.384495
0.590000	0.000000	10352.700375
0.600000	0.000000	8305.160456
0.610000	0.000000	8108.113484
0.620000	0.000000	9932.295561
0.630000	0.000000	8599.968473
0.640000	0.000000	7654.296880
0.650000	0.000000	83077.728396
0.660000	0.000000	48603.112500
0.670000	0.000000	10372.433395
0.680000	0.000000	8032.546862
0.690000	0.000000	24154.631373
0.700000	0.000000	30644.324678
0.710000	0.000000	75128.350172
0.720000	0.000000	159011.525402
0.730000	0.000000	26382.883635
0.740000	0.000000	83684.608351
0.750000	0.000000	15327.723417
0.760000	0.000000	64612.329761
0.770000	0.000000	133444.680187
0.780000	0.000000	51110.635724
0.790000	0.000000	46943.986016
0.800000	0.000000	69757.353699
0.810000	0.000000	58201.387373
0.820000	0.000000	143167.693120
0.830000	0.000000	89236.479278
0.840000	0.000000	55966.733113
0.850000	0.000000	77576.185324
0.860000	0.000000	113950.705011
0.870000	0.000000	111535.946054
0.880000	0.000000	42753.212468
0.890000	0.000000	49912.003497
0.900000	0.000000	69068.233890
0.910000	0.000000	100354.137836
0.920000	0.000000	55920.975731
0.930000	0.000000	24084.841154
0.940000	0.000000	26155.808682
0.950000	0.000000	36731.635072
0.960000	0.000000	49519.235347
0.970000	0.000000	20922.509616
0.980000	0.000000	15107.945629
0.990000	0.000000	23592.930407
1.000000	0.000000	33563.523966
1.010000	0.000000	50991.773580
1.020000	0.000000	35279.651613
1.030000	0.000000	7337.663850
1.040000	0.000000	8585.312249
1.050000	0.000000	9344.165127
1.060000	0.000000	8271.665111
1.070000	0.000000	18414.410241
1.080000	0.000000	15883.304624
1.090000	0.000000	16437.197981
1.100000	0.000000	11777.467919
1.110000	0.000000	9830.703761
1.120000	0.000000	9153.210757
1.130000	0.000000	5094.757530
1.140000	0.000000	12381.662704
1.150000	0.000000	8718.301112
1.160000	0.000000	12186.334122
1.170000	0.000000	12312.849482
1.180000	0.000000	8419.812267
1.190000	0.000000	5744.246214
1.200000	0.000000	5748.097317
1.210000	0.000000	6382.055452
1.220000	0.000000	4696.066670
1.230000	0.000000	3735.893277
1.240000	0.000000	3901.475898
1.250000	0.000000	4726.768963
1.260000	0.000000	3094.013810
1.270000	0.000000	7006.652310
1.280000	0.000000	2513.245520
1.290000	0.000000	2349.125887
1.300000	0.000000	2983.719425
1.310000	0.000000	3367.751595
1.320000	0.000000	2536.484989
1.330000	0.000000	2515.952899
1.340000	0.000000	2934.723803
1.350000	0.000000	2486.415812
1.360000	0.000000	2168.575200
1.370000	0.000000	2126.190888
1.380000	0.000000	1606.073112
1.390000	0.000000	1597.708487
1.400000	0.000000	1739.970326
1.410000	0.000000	1413.617215
1.420000	0.000000	1503.653691
1.430000	0.000000	1458.262905
1.440000	0.000000	1657.215918
1.450000	0.000000	1202.856619
1.460000	0.000000	1206.800826
1.470000	0.000000	1111.305580
1.480000	0.000000	1146.107558
1.490000	0.000000	1093.400469
1.500000	0.000000	1022.165042
1.510000	0.000000	994.637812
1.520000	0.000000	1006.710061
1.530000	0.000000	981.277912
1.540000	0.000000	915.345543
1.550000	0.000000	913.209486
1.560000	0.000000	6279.684918
1.570000	0.000000	18693.163783
1.580000	0.000000	12279.093921
1.590000	0.000000	39560.086850
1.600000	0.000000	821.673149
1.610000	0.000000	777.954469
1.620000	0.000000	734.129818
1.630000	0.000000	713.641249
1.640000	0.000000	698.122242
1.650000	0.000000	702.843265
1.660000	0.000000	677.007202
1.670000	0.000000	671.427715
1.680000	0.000000	651.580664
1.690000	0.000000	944.610405
1.700000	0.000000	1217.568560
1.710000	0.000000	1421.364703
1.720000	0.000000	7524.987239
1.730000	0.000000	15326.309271
1.740000	0.000000	555.622462
1.750000	0.000000	547.072086
1.760000	0.000000	533.437032
1.770000	0.000000	522.914036
1.780000	0.000000	512.049565
1.790000	0.000000	508.336593
1.800000	0.000000	515.395070
1.810000	0.000000	776.936061
1.820000	0.000000	655.321156
1.830000	0.000000	506.634495
1.840000	0.000000	458.351044
1.850000	0.000000	452.498357
1.860000	0.000000	2719.435147
1.870000	0.000000	3127.747094
1.880000	0.000000	423.038802
1.890000	0.000000	459.820717
1.900000	0.000000	536.291774
1.910000	0.000000	449.794283
1.920000	0.000000	399.897494
1.930000	0.000000	390.199524
1.940000	0.000000	485.803543
1.950000	0.000000	376.800556
1.960000	0.000000	1793.520480
1.970000	0.000000	585.377054
1.980000	0.000000	349.948827
1.990000	0.000000	384.653005
2.000000	0.000000	888.794856
2.010000	0.000000	651.313209
2.020000	0.000000	545.988355
2.030000	0.000000	654.820636
2.040000	0.000000	1366.251299
2.050000	0.000000	1803.562929
2.060000	0.000000	410.862866
2.070000	0.000000	296.210400
2.080000	0.000000	302.180630
2.090000	0.000000	330.024858
2.100000	0.000000	321.333485
2.110000	0.000000	316.077957
2.120000	0.000000	333.755021
2.130000	0.000000	316.974865
2.140000	0.000000	309.193616
2.150000	0.000000	812.582767
2.160000	0.000000	472.871809
2.170000	0.000000	274.465045
2.180000	0.000000	269.315415
2.190000	0.000000	264.190330
2.200000	0.000000	383.675202
2.210000	0.000000	417.438996
2.220000	0.000000	249.030079
2.230000	0.000000	282.524753
2.240000	0.000000	370.402200
2.250000	0.000000	317.832995
2.260000	0.000000	283.395395
2.270000	0.000000	263.091863
2.280000	0.000000	246.966183
2.290000	0.000000	219.763293
2.300000	0.000000	232.390720
2.310000	0.000000	231.181407
2.320000	0.000000	227.219742
2.330000	0.000000	223.248765
2.340000	0.000000	219.420434
2.350000	0.000000	215.357246
2.360000	0.000000	211.206805
2.370000	0.000000	219.309699
2.380000	0.000000	219.934631
2.390000	0.000000	199.098903
2.400000	0.000000	206.395485
2.410000	0.000000	229.162566
2.420000	0.000000	813.354284
2.430000	0.000000	4752.135262
2.440000	0.000000	2323.985590
2.450000	0.000000	2483.017325
2.460000	0.000000	5570.772704
2.470000	0.000000	859.344691
2.480000	0.000000	166.207234
2.490000	0.000000	163.321915
2.500000	0.000000	160.474806
2.510000	0.000000	161.092436
2.520000	0.000000	157.268782
2.530000	0.000000	152.096466
2.540000	0.000000	149.471126
2.550000	0.000000	147.677451
2.560000	0.000000	145.902826
2.570000	0.000000	142.353723
2.580000	0.000000	150.054878
2.590000	0.000000	188.005004
2.600000	0.000000	162.541596
2.610000	0.000000	253.622304
2.620000	0.000000	354.492973
2.630000	0.000000	144.218623
2.640000	0.000000	126.581515
2.650000	0.000000	123.079172
2.660000	0.000000	120.571641
2.670000	0.000000	118.464364
2.680000	0.000000	116.391805
2.690000	0.000000	114.500524
2.700000	0.000000	112.967515
2.710000	0.000000	111.079213
2.720000	0.000000	108.920059
2.730000	0.000000	107.471031
2.740000	0.000000	108.739702
2.750000	0.000000	115.090732
2.760000	0.000000	107.171229
2.770000	0.000000	109.197732
2.780000	0.000000	124.747439
2.790000	0.000000	101.805285
2.800000	0.000000	111.012458
2.810000	0.000000	96.191479
2.820000	0.000000	290.790346
2.830000	0.000000	179.764702
2.840000	0.000000	99.808148
2.850000	0.000000	87.994178
2.860000	0.000000	85.086876
2.870000	0.000000	361.539626
2.880000	0.000000	433.032981
2.890000	0.000000	80.769158
2.900000	0.000000	79.370525
2.910000	0.000000	78.003666
2.920000	0.000000	76.732341
2.930000	0.000000	75.503400
2.940000	0.000000	76.844991
2.950000	0.000000	169.942321
2.960000	0.000000	102.202596
2.970000	0.000000	73.425439
2.980000	0.000000	72.599292
2.990000	0.000000	69.095000
3.000000	0.000000	67.005441
3.010000	0.000000	97.311127
3.020000	0.000000	195.245226
3.030000	0.000000	155.813563
3.040000	0.000000	67.615214
3.050000	0.000000	66.590583
3.060000	0.000000	61.064733
3.070000	0.000000	59.677930
3.080000	0.000000	60.128881
3.090000	0.000000	89.382825
3.100000	0.000000	258.635411
3.110000	0.000000	78.618353
3.120000	0.000000	117.572634
3.130000	0.000000	258.074778
3.140000	0.000000	76.691744
3.150000	0.000000	70.732471
3.160000	0.000000	56.278318
3.170000	0.000000	60.333521
3.180000	0.000000	65.186789
3.190000	0.000000	55.741429
3.200000	0.000000	48.313250
3.210000	0.000000	47.991535
3.220000	0.000000	48.207067
3.230000	0.000000	48.821100
3.240000	0.000000	47.990931
3.250000	0.000000	47.228317
3.260000	0.000000	47.573581
3.270000	0.000000	53.064045
3.280000	0.000000	45.149834
3.290000	0.000000	44.121203
3.300000	0.000000	43.403380
3.310000	0.000000	43.020296
3.320000	0.000000	42.561202
3.330000	0.000000	41.388230
3.340000	0.000000	40.622948
3.350000	0.000000	41.704795
3.360000	0.000000	40.524806
3.370000	0.000000	38.566605
3.380000	0.000000	37.883356
3.390000	0.000000	37.778253
3.400000	0.000000	37.637170
3.410000	0.000000	36.337172
3.420000	0.000000	36.257067
3.430000	0.000000	35.306402
3.440000	0.000000	35.390364
3.450000	0.000000	34.457039
3.460000	0.000000	33.327362
3.470000	0.000000	35.506383
3.480000	0.000000	32.867106
3.490000	0.000000	32.730478
3.500000	0.000000	33.890711
3.510000	0.000000	31.810949
3.520000	0.000000	30.147576
3.530000	0.000000	29.588995
3.540000	0.000000	29.125186
3.550000	0.000000	28.705505
3.560000	0.000000	28.266350
3.570000	0.000000	27.819044
3.580000	0.000000	27.592993
3.590000	0.000000	27.236207
3.600000	0.000000	27.557149
3.610000	0.000000	34.220149
3.620000	0.000000	27.545363
3.630000	0.000000	25.218223
3.640000	0.000000	24.841847
3.650000	0.000000	24.358414
3.660000	0.000000	23.962884
3.670000	0.000000	23.960923
3.680000	0.000000	29.191402
3.690000	0.000000	26.422697
3.700000	0.000000	22.438704
3.710000	0.000000	22.050277
3.720000	0.000000	21.679377
3.730000	0.000000	21.330442
3.740000	0.000000	20.994641
3.750000	0.000000	20.647112
3.760000	0.000000	20.276581
3.770000	0.000000	20.193280
3.780000	0.000000	22.511610
3.790000	0.000000	20.923815
3.800000	0.000000	19.489950
3.810000	0.000000	19.020119
3.820000	0.000000	18.434473
3.830000	0.000000	18.215729
3.840000	0.000000	19.284731
3.850000	0.000000	30.697705
3.860000	0.000000	37.123846
3.870000	0.000000	31.124878
3.880000	0.000000	25.427908
3.890000	0.000000	31.921132
3.900000	0.000000	33.357820
3.910000	0.000000	15.909994
3.920000	0.000000	15.662544
3.930000	0.000000	15.441693
3.940000	0.000000	15.141786
3.950000	0.000000	14.910003
3.960000	0.000000	15.728395
3.970000	0.000000	14.466968
3.980000	0.000000	14.172764
3.990000	0.000000	13.937767
4.000000	0.000000	14.097709
4.010000	0.000000	13.633521
4.020000	0.000000	13.255068
4.030000	0.000000	13.202735
4.040000	0.000000	13.069741
4.050000	0.000000	12.823518
4.060000	0.000000	12.592920
4.070000	0.000000	12.325388
4.080000	0.000000	12.080689
4.090000	0.000000	11.818248
4.100000	0.000000	11.646151
4.110000	0.000000	11.472629
4.120000	0.000000	11.446994
4.130000	0.000000	11.126428
4.140000	0.000000	10.967289
4.150000	0.000000	10.784170
4.160000	0.000000	10.609586
4.170000	0.000000	10.440250
4.180000	0.000000	10.277755
4.190000	0.000000	10.118509
4.200000	0.000000	9.959491
4.210000	0.000000	9.800675
4.220000	0.000000	9.642093
4.230000	0.000000	9.514329
4.240000	0.000000	9.392723
4.250000	0.000000	9.188875
4.260000	0.000000	9.016008
4.270000	0.000000	8.867884
4.280000	0.000000	8.709625
4.290000	0.000000	8.563263
4.300000	0.000000	8.422404
4.310000	0.000000	8.291730
4.320000	0.000000	8.158227
4.330000	0.000000	8.091046
4.340000	0.000000	7.929789
4.350000	0.000000	7.782529
4.360000	0.000000	7.661972
4.370000	0.000000	7.540687
4.380000	0.000000	7.420604
4.390000	0.000000	7.305477
4.400000	0.000000	7.191153
4.410000	0.000000	7.080267
4.420000	0.000000	6.976995
4.430000	0.000000	6.880673
4.440000	0.000000	6.760671
4.450000	0.000000	6.655610
4.460000	0.000000	6.580676
4.470000	0.000000	6.468103
4.480000	0.000000	6.513306
4.490000	0.000000	6.271586
4.500000	0.000000	7.770730
4.510000	0.000000	6.917878
4.520000	0.000000	6.065657
4.530000	0.000000	5.847984
4.540000	0.000000	5.742782
4.550000	0.000000	5.627331
4.560000	0.000000	5.540809
4.570000	0.000000	5.832326
4.580000	0.000000	6.182824
4.590000	0.000000	5.283124
4.600000	0.000000	5.201470
4.610000	0.000000	5.122224
4.620000	0.000000	5.047959
4.630000	0.000000	4.961385
4.640000	0.000000	4.884165
4.650000	0.000000	4.820197
4.660000	0.000000	4.740513
4.670000	0.000000	4.667399
4.680000	0.000000	4.627276
4.690000	0.000000	4.590463
4.700000	0.000000	4.601760
4.710000	0.000000	4.754169
4.720000	0.000000	4.803688
4.730000	0.000000	4.601240
4.740000	0.000000	4.357521
4.750000	0.000000	4.190829
4.760000	0.000000	4.104856
4.770000	0.000000	3.961865
4.780000	0.000000	3.894704
4.790000	0.000000	3.830922
4.800000	0.000000	3.767937
4.810000	0.000000	3.733375
4.820000	0.000000	4.215722
4.830000	0.000000	3.780573
4.840000	0.000000	3.559994
4.850000	0.000000	3.529191
4.860000	0.000000	3.454626
4.870000	0.000000	3.376428
4.880000	0.000000	3.325171
4.890000	0.000000	3.276640
4.900000	0.000000	3.228371
4.910000	0.000000	3.180220
4.920000	0.000000	3.159989
4.930000	0.000000	3.176196
4.940000	0.000000	3.037109
4.950000	0.000000	2.989618
4.960000	0.000000	2.942085
4.970000	0.000000	2.892073
4.980000	0.000000	2.892085
4.990000	0.000000	2.805011
5.000000	0.000000	2.751248
5.010000	0.000000	2.705016
5.020000	0.000000	2.679221
5.030000	0.000000	2.625649
5.040000	0.000000	2.580673
5.050000	0.000000	2.543289
5.060000	0.000000	2.497207
5.070000	0.000000	2.457130
5.080000	0.000000	2.419386
5.090000	0.000000	2.376886
5.100000	0.000000	2.341193
5.110000	0.000000	2.304444
5.120000	0.000000	2.270565
5.130000	0.000000	2.240061
5.140000	0.000000	2.207042
5.150000	0.000000	2.176630
5.160000	0.000000	2.144345
5.170000	0.000000	2.110527
5.180000	0.000000	2.078151
5.190000	0.000000	2.046322
5.200000	0.000000	2.014334
5.210000	0.000000	1.981861
5.220000	0.000000	1.949816
5.230000	0.000000	1.918348
5.240000	0.000000	1.886844
5.250000	0.000000	1.855729
5.260000	0.000000	1.825130
5.270000	0.000000	1.794809
5.280000	0.000000	1.764507
5.290000	0.000000	1.734551
5.300000	0.000000	1.704414
5.310000	0.000000	1.677063
5.320000	0.000000	1.651007
5.330000	0.000000	1.625457
5.340000	0.000000	1.600953
5.350000	0.000000	1.576826
5.360000	0.000000	1.553751
5.370000	0.000000	1.531023
5.380000	0.000000	1.508452
5.390000	0.000000	1.486396
5.400000	0.000000	1.464765
5.410000	0.000000	1.443351
5.420000	0.000000	1.422176
5.430000	0.000000	1.400998
5.440000	0.000000	1.379878
5.450000	0.000000	1.359477
5.460000	0.000000	1.341058
5.470000	0.000000	1.317558
5.480000	0.000000	1.293872
5.490000	0.000000	1.290221
5.500000	0.000000	1.263063
5.510000	0.000000	1.234925
5.520000	0.000000	1.212535
5.530000	0.000000	1.200483
5.540000	0.000000	1.179506
5.550000	0.000000	1.152921
5.560000	0.000000	1.133383
5.570000	0.000000	1.123697
5.580000	0.000000	1.109932
5.590000	0.000000	1.080807
5.600000	0.000000	1.067564
5.610000	0.000000	1.061730
5.620000	0.000000	1.044252
5.630000	0.000000	1.047284
5.640000	0.000000	1.018032
5.650000	0.000000	0.995679
5.660000	0.000000	0.978718
5.670000	0.000000	0.969620
5.680000	0.000000	0.949208
5.690000	0.000000	0.931164
5.700000	0.000000	0.916359
5.710000	0.000000	0.902064
5.720000	0.000000	0.887780
5.730000	0.000000	0.873642
5.740000	0.000000	0.859711
5.750000	0.000000	0.847183
5.760000	0.000000	0.835779
5.770000	0.000000	0.820678
5.780000	0.000000	0.806349
5.790000	0.000000	0.792344
5.800000	0.000000	0.779338
5.810000	0.000000	0.764807
5.820000	0.000000	0.752320
5.830000	0.000000	0.740619
5.840000	0.000000	0.729470
5.850000	0.000000	0.719084
5.860000	0.000000	0.709421
5.870000	0.000000	0.699165
5.880000	0.000000	0.690060
5.890000	0.000000	0.679945
5.900000	0.000000	0.669273
5.910000	0.000000	0.660073
5.920000	0.000000	0.650286
5.930000	0.000000	0.640414
5.940000	0.000000	0.631054
5.950000	0.000000	0.622434
5.960000	0.000000	0.612000
5.970000	0.000000	0.601497
5.980000	0.000000	0.593211
5.990000	0.000000	0.584092
6.000000	0.000000	0.573669
6.010000	0.000000	0.564173
6.020000	0.000000	0.556203
6.030000	0.000000	0.547570
6.040000	0.000000	0.537471
6.050000	0.000000	0.528140
6.060000	0.000000	0.520422
6.070000	0.000000	0.512024
6.080000	0.000000	0.502658
6.090000	0.000000	0.494857
6.100000	0.000000	0.488182
6.110000	0.000000	0.482065
6.120000	0.000000	0.475221
6.130000	0.000000	0.468203
6.140000	0.000000	0.460746
6.150000	0.000000	0.453891
6.160000	0.000000	0.447110
6.170000	0.000000	0.440851
6.180000	0.000000	0.434155
6.190000	0.000000	0.427640
6.200000	0.000000	0.421233
6.210000	0.000000	0.414788
6.220000	0.000000	0.408416
6.230000	0.000000	0.402068
6.240000	0.000000	0.395776
6.250000	0.000000	0.389664
6.260000	0.000000	0.383587
6.270000	0.000000	0.377519
6.280000	0.000000	0.371502
6.290000	0.000000	0.365344
6.300000	0.000000	0.359208
6.310000	0.000000	0.353021
6.320000	0.000000	0.347620
6.330000	0.000000	0.342397
6.340000	0.000000	0.336372
6.350000	0.000000	0.331263
6.360000	0.000000	0.326586
6.370000	0.000000	0.322040
6.380000	0.000000	0.317549
6.390000	0.000000	0.313363
6.400000	0.000000	0.311121
6.410000	0.000000	0.360270
6.420000	0.000000	0.479983
6.430000	0.000000	0.501654
6.440000	0.000000	0.327803
6.450000	0.000000	0.397410
6.460000	0.000000	0.537114
6.470000	0.000000	0.486751
6.480000	0.000000	0.318183
6.490000	0.000000	0.894418
6.500000	0.000000	0.874824
6.510000	0.000000	0.429923
6.520000	0.000000	0.308926
6.530000	0.000000	0.453348
6.540000	0.000000	0.457171
6.550000	0.000000	0.331657
6.560000	0.000000	0.261785
6.570000	0.000000	0.334168
6.580000	0.000000	0.382772
6.590000	0.000000	0.282869
6.600000	0.000000	0.260737
6.610000	0.000000	0.283040
6.620000	0.000000	0.265300
6.630000	0.000000	0.227360
6.640000	0.000000	0.230617
6.650000	0.000000	0.242302
6.660000	0.000000	0.221397
6.670000	0.000000	0.217759
6.680000	0.000000	0.206507
6.690000	0.000000	0.202580
6.700000	0.000000	0.204135
6.710000	0.000000	0.197506
6.720000	0.000000	0.190008
6.730000	0.000000	0.186397
6.740000	0.000000	0.183580
6.750000	0.000000	0.180796
6.760000	0.000000	0.178034
6.770000	0.000000	0.175257
6.780000	0.000000	0.172498
6.790000	0.000000	0.169748
6.800000	0.000000	0.167009
6.810000	0.000000	0.164212
6.820000	0.000000	0.161436
6.830000	0.000000	0.158777
6.840000	0.000000	0.156241
6.850000	0.000000	0.153767
6.860000	0.000000	0.151353
6.870000	0.000000	0.149131
6.880000	0.000000	0.147045
6.890000	0.000000	0.144992
6.900000	0.000000	0.143229
6.910000	0.000000	0.141274
6.920000	0.000000	0.138926
6.930000	0.000000	0.136966
6.940000	0.000000	0.134938
6.950000	0.000000	0.133067
6.960000	0.000000	0.131044
6.970000	0.000000	0.129113
6.980000	0.000000	0.127111
6.990000	0.000000	0.125175
7.000000	0.000000	0.123320
7.010000	0.000000	0.121466
7.020000	0.000000	0.119663
7.030000	0.000000	0.117780
7.040000	0.000000	0.115912
7.050000	0.000000	0.114164
7.060000	0.000000	0.112345
7.070000	0.000000	0.110475
7.080000	0.000000	0.108660
7.090000	0.000000	0.106878
7.100000	0.000000	0.105194
7.110000	0.000000	0.103545
7.120000	0.000000	0.101873
7.130000	0.000000	0.100325
7.140000	0.000000	0.098922
7.150000	0.000000	0.097471
7.160000	0.000000	0.096109
7.170000	0.000000	0.094870
7.180000	0.000000	0.093557
7.190000	0.000000	0.095258
7.200000	0.000000	0.091991
7.210000	0.000000	0.089395
7.220000	0.000000	0.088103
7.230000	0.000000	0.086814
7.240000	0.000000	0.085537
7.250000	0.000000	0.084380
7.260000	0.000000	0.083946
7.270000	0.000000	0.083577
7.280000	0.000000	0.080688
7.290000	0.000000	0.079372
7.300000	0.000000	0.078083
7.310000	0.000000	0.076847
7.320000	0.000000	0.075528
7.330000	0.000000	0.074339
7.340000	0.000000	0.073682
7.350000	0.000000	0.073148
7.360000	0.000000	0.071362
7.370000	0.000000	0.069836
7.380000	0.000000	0.068632
7.390000	0.000000	0.067558
7.400000	0.000000	0.066580
7.410000	0.000000	0.065760
7.420000	0.000000	0.065329
7.430000	0.000000	0.064820
7.440000	0.000000	0.063398
7.450000	0.000000	0.062219
7.460000	0.000000	0.061288
7.470000	0.000000	0.060246
7.480000	0.000000	0.059396
7.490000	0.000000	0.059457
7.500000	0.000000	0.058054
7.510000	0.000000	0.058424
7.520000	0.000000	0.057096
7.530000	0.000000	0.055881
7.540000	0.000000	0.055169
7.550000	0.000000	0.054084
7.560000	0.000000	0.052817
7.570000	0.000000	0.051891
7.580000	0.000000	0.051159
7.590000	0.000000	0.050314
7.600000	0.000000	0.049428
7.610000	0.000000	0.048671
7.620000	0.000000	0.048115
7.630000	0.000000	0.047628
7.640000	0.000000	0.046378
7.650000	0.000000	0.045574
7.660000	0.000000	0.044860
7.670000	0.000000	0.044228
7.680000	0.000000	0.043625
7.690000	0.000000	0.043004
7.700000	0.000000	0.042386
7.710000	0.000000	0.041780
7.720000	0.000000	0.041461
7.730000	0.000000	0.040834
7.740000	0.000000	0.040044
7.750000	0.000000	0.039488
7.760000	0.000000	0.039004
7.770000	0.000000	0.038726
7.780000	0.000000	0.038806
7.790000	0.000000	0.038808
7.800000	0.000000	0.037634
7.810000	0.000000	0.036244
7.820000	0.000000	0.035794
7.830000	0.000000	0.035231
7.840000	0.000000	0.034424
7.850000	0.000000	0.033934
7.860000	0.000000	0.033360
7.870000	0.000000	0.032839
7.880000	0.000000	0.032312
7.890000	0.000000	0.031789
7.900000	0.000000	0.031281
7.910000	0.000000	0.030788
7.920000	0.000000	0.030313
7.930000	0.000000	0.029861
7.940000	0.000000	0.029440
7.950000	0.000000	0.029027
7.960000	0.000000	0.028625
7.970000	0.000000	0.028261
7.980000	0.000000	0.027796
7.990000	0.000000	0.027375
8.000000	0.000000	0.026982
8.010000	0.000000	0.026596
8.020000	0.000000	0.026220
8.030000	0.000000	0.025846
8.040000	0.000000	0.025472
8.050000	0.000000	0.025100
8.060000	0.000000	0.024728
8.070000	0.000000	0.024356
8.080000	0.000000	0.023984
8.090000	0.000000	0.023624
8.100000	0.000000	0.023265
8.110000	0.000000	0.022885
8.120000	0.000000	0.022540
8.130000	0.000000	0.022197
8.140000	0.000000	0.021855
8.150000	0.000000	0.021510
8.160000	0.000000	0.021303
8.170000	0.000000	0.020824
8.180000	0.000000	0.020514
8.190000	0.000000	0.020181
8.200000	0.000000	0.019883
8.210000	0.000000	0.019621
8.220000	0.000000	0.019334
8.230000	0.000000	0.019046
8.240000	0.000000	0.018771
8.250000	0.000000	0.018501
8.260000	0.000000	0.018238
8.270000	0.000000	0.017979
8.280000	0.000000	0.017727
8.290000	0.000000	0.017480
8.300000	0.000000	0.017226
8.310000	0.000000	0.016976
8.320000	0.000000	0.016720
8.330000	0.000000	0.016460
8.340000	0.000000	0.016265
8.350000	0.000000	0.015971
8.360000	0.000000	0.015725
8.370000	0.000000	0.015481
8.380000	0.000000	0.015247
8.390000	0.000000	0.015024
8.400000	0.000000	0.014794
8.410000	0.000000	0.014560
8.420000	0.000000	0.014345
8.430000	0.000000	0.014129
8.440000	0.000000	0.013883
8.450000	0.000000	0.013669
8.460000	0.000000	0.013457
8.470000	0.000000	0.013261
8.480000	0.000000	0.013076
8.490000	0.000000	0.012882
8.500000	0.000000	0.012692
8.510000	0.000000	0.012515
8.520000	0.000000	0.012336
8.530000	0.000000	0.012155
8.540000	0.000000	0.011983
8.550000	0.000000	0.011815
8.560000	0.000000	0.011647
8.570000	0.000000	0.011480
8.580000	0.000000	0.011313
8.590000	0.000000	0.011147
8.600000	0.000000	0.010981
8.610000	0.000000	0.010815
8.620000	0.000000	0.010647
8.630000	0.000000	0.010487
8.640000	0.000000	0.010332
8.650000	0.000000	0.010179
8.660000	0.000000	0.010016
8.670000	0.000000	0.009860
8.680000	0.000000	0.009707
8.690000	0.000000	0.009555
8.700000	0.000000	0.009406
8.710000	0.000000	0.009263
8.720000	0.000000	0.009118
8.730000	0.000000	0.008977
8.740000	0.000000	0.008846
8.750000	0.000000	0.008721
8.760000	0.000000	0.008596
8.770000	0.000000	0.008472
8.780000	0.000000	0.008349
8.790000	0.000000	0.008230
8.800000	0.000000	0.008115
8.810000	0.000000	0.008002
8.820000	0.000000	0.007890
8.830000	0.000000	0.007770
8.840000	0.000000	0.007657
8.850000	0.000000	0.007545
8.860000	0.000000	0.007433
8.870000	0.000000	0.007321
8.880000	0.000000	0.007211
8.890000	0.000000	0.007104
8.900000	0.000000	0.007000
8.910000	0.000000	0.006897
8.920000	0.000000	0.006793
8.930000	0.000000	0.006690
8.940000	0.000000	0.006588
8.950000	0.000000	0.006484
8.960000	0.000000	0.006383
8.970000	0.000000	0.006285
8.980000	0.000000	0.006188
8.990000	0.000000	0.006091
9.000000	0.000000	0.005992
9.010000	0.000000	0.005906
9.020000	0.000000	0.005822
9.030000	0.000000	0.005739
9.040000	0.000000	0.005655
9.050000	0.000000	0.005574
9.060000	0.000000	0.005496
9.070000	0.000000	0.005419
9.080000	0.000000	0.005343
9.090000	0.000000	0.005268
9.100000	0.000000	0.005192
9.110000	0.000000	0.005117
9.120000	0.000000	0.005042
9.130000	0.000000	0.004967
9.140000	0.000000	0.004893
9.150000	0.000000	0.004821
9.160000	0.000000	0.004749
9.170000	0.000000	0.004676
9.180000	0.000000	0.004607
9.190000	0.000000	0.004538
9.200000	0.000000	0.004469
9.210000	0.000000	0.004400
9.220000	0.000000	0.004332
9.230000	0.000000	0.004265
9.240000	0.000000	0.004200
9.250000	0.000000	0.004135
9.260000	0.000000	0.004071
9.270000	0.000000	0.004009
9.280000	0.000000	0.003950
9.290000	0.000000	0.003894
9.300000	0.000000	0.003838
9.310000	0.000000	0.003783
9.320000	0.000000	0.003729
9.330000	0.000000	0.003675
9.340000	0.000000	0.003622
9.350000	0.000000	0.003571
9.360000	0.000000	0.003520
9.370000	0.000000	0.003469
9.380000	0.000000	0.003419
9.390000	0.000000	0.003368
9.400000	0.000000	0.003319
9.410000	0.000000	0.003271
9.420000	0.000000	0.003223
9.430000	0.000000	0.003176
9.440000	0.000000	0.003130
9.450000	0.000000	0.003084
9.460000	0.000000	0.003037
9.470000	0.000000	0.002991
9.480000	0.000000	0.002945
9.490000	0.000000	0.002899
9.500000	0.000000	0.002853
9.510000	0.000000	0.002809
9.520000	0.000000	0.002765
9.530000	0.000000	0.002722
9.540000	0.000000	0.002681
9.550000	0.000000	0.002642
9.560000	0.000000	0.002604
9.570000	0.000000	0.002567
9.580000	0.000000	0.002530
9.590000	0.000000	0.002495
9.600000	0.000000	0.002460
9.610000	0.000000	0.002426
9.620000	0.000000	0.002391
9.630000	0.000000	0.002357
9.640000	0.000000	0.002323
9.650000	0.000000	0.002289
9.660000	0.000000	0.002255
9.670000	0.000000	0.002220
9.680000	0.000000	0.002188
9.690000	0.000000	0.002157
9.700000	0.000000	0.002126
9.710000	0.000000	0.002095
9.720000	0.000000	0.002064
9.730000	0.000000	0.002032
9.740000	0.000000	0.002002
9.750000	0.000000	0.001971
9.760000	0.000000	0.001940
9.770000	0.000000	0.001911
9.780000	0.000000	0.001882
9.790000	0.000000	0.001853
9.800000	0.000000	0.001824
9.810000	0.000000	0.001796
9.820000	0.000000	0.001770
9.830000	0.000000	0.001744
9.840000	0.000000	0.001718
9.850000	0.000000	0.001694
9.860000	0.000000	0.001670
9.870000	0.000000	0.001647
9.880000	0.000000	0.001624
9.890000	0.000000	0.001601
9.900000	0.000000	0.001578
9.910000	0.000000	0.001555
9.920000	0.000000	0.001532
9.930000	0.000000	0.001510
9.940000	0.000000	0.001488
9.950000	0.000000	0.001467
9.960000	0.000000	0.001446
9.970000	0.000000	0.001425
9.980000	0.000000	0.001404
9.990000	0.000000	0.001383
10.000000	0.000000	0.001362
10.010000	0.000000	0.001340
10.020000	0.000000	0.001320
10.030000	0.000000	0.001300
10.040000	0.000000	0.001280
10.050000	0.000000	0.001261
10.060000	0.000000	0.001241
10.070000	0.000000	0.001222
10.080000	0.000000	0.001203
10.090000	0.000000	0.001185
10.100000	0.000000	0.001168
10.110000	0.000000	0.001152
10.120000	0.000000	0.001136
10.130000	0.000000	0.001120
10.140000	0.000000	0.001105
10.150000	0.000000	0.001089
10.160000	0.000000	0.001074
10.170000	0.000000	0.001057
10.180000	0.000000	0.001042
10.190000	0.000000	0.001027
10.200000	0.000000	0.001012
10.210000	0.000000	0.000997
10.220000	0.000000	0.000983
10.230000	0.000000	0.000969
10.240000	0.000000	0.000955
10.250000	0.000000	0.000941
10.260000	0.000000	0.000927
10.270000	0.000000	0.000913
10.280000	0.000000	0.000899
10.290000	0.000000	0.000885
10.300000	0.000000	0.000872
10.310000	0.000000	0.000859
10.320000	0.000000	0.000846
10.330000	0.000000	0.000833
10.340000	0.000000	0.000819
10.350000	0.000000	0.000806
10.360000	0.000000	0.000794
10.370000	0.000000	0.000783
10.380000	0.000000	0.000772
10.390000	0.000000	0.000761
10.400000	0.000000	0.000751
10.410000	0.000000	0.000741
10.420000	0.000000	0.000730
10.430000	0.000000	0.000720
10.440000	0.000000	0.000709
10.450000	0.000000	0.000699
10.460000	0.000000	0.000689
10.470000	0.000000	0.000679
10.480000	0.000000	0.000670
10.490000	0.000000	0.000660
10.500000	0.000000	0.000650
10.510000	0.000000	0.000640
10.520000	0.000000	0.000631
10.530000	0.000000	0.000622
10.540000	0.000000	0.000612
10.550000	0.000000	0.000603
10.560000	0.000000	0.000594
10.570000	0.000000	0.000585
10.580000	0.000000	0.000576
10.590000	0.000000	0.000567
10.600000	0.000000	0.000559
10.610000	0.000000	0.000550
10.620000	0.000000	0.000541
10.630000	0.000000	0.000533
10.640000	0.000000	0.000526
10.650000	0.000000	0.000518
10.660000	0.000000	0.000511
10.670000	0.000000	0.000504
10.680000	0.000000	0.000497
10.690000	0.000000	0.000490
10.700000	0.000000	0.000483
10.710000	0.000000	0.000476
10.720000	0.000000	0.000469
10.730000	0.000000	0.000463
10.740000	0.000000	0.000456
10.750000	0.000000	0.000450
10.760000	0.000000	0.000443
10.770000	0.000000	0.000437
10.780000	0.000000	0.000430
10.790000	0.000000	0.000424
10.800000	0.000000	0.000418
10.810000	0.000000	0.000411
10.820000	0.000000	0.000405
10.830000	0.000000	0.000399
10.840000	0.000000	0.000393
10.850000	0.000000	0.000387
10.860000	0.000000	0.000381
10.870000	0.000000	0.000375
10.880000	0.000000	0.000369
10.890000	0.000000	0.000363
10.900000	0.000000	0.000358
10.910000	0.000000	0.000353
10.920000	0.000000	0.000348
10.930000	0.000000	0.000343
10.940000	0.000000	0.000339
10.950000	0.000000	0.000334
10.960000	0.000000	0.000329
10.970000	0.000000	0.000325
10.980000	0.000000	0.000320
10.990000	0.000000	0.000316
11.000000	0.000000	0.000311
11.010000	0.000000	0.000307
11.020000	0.000000	0.000302
11.030000	0.000000	0.000298
11.040000	0.000000	0.000293
11.050000	0.000000	0.000289
11.060000	0.000000	0.000285
11.070000	0.000000	0.000281
11.080000	0.000000	0.000276
11.090000	0.000000	0.000272
11.100000	0.000000	0.000268
11.110000	0.000000	0.000264
11.120000	0.000000	0.000260
11.130000	0.000000	0.000256
11.140000	0.000000	0.000252
11.150000	0.000000	0.000248
11.160000	0.000000	0.000244
11.170000	0.000000	0.000241
11.180000	0.000000	0.000237
11.190000	0.000000	0.000234
11.200000	0.000000	0.000231
11.210000	0.000000	0.000227
11.220000	0.000000	0.000224
11.230000	0.000000	0.000221
11.240000	0.000000	0.000218
11.250000	0.000000	0.000215
11.260000	0.000000	0.000212
11.270000	0.000000	0.000209
11.280000	0.000000	0.000206
11.290000	0.000000	0.000203
11.300000	0.000000	0.000200
11.310000	0.000000	0.000197
11.320000	0.000000	0.000195
11.330000	0.000000	0.000192
11.340000	0.000000	0.000189
11.350000	0.000000	0.000186
11.360000	0.000000	0.000183
11.370000	0.000000	0.000180
11.380000	0.000000	0.000177
11.390000	0.000000	0.000175
11.400000	0.000000	0.000172
11.410000	0.000000	0.000170
11.420000	0.000000	0.000167
11.430000	0.000000	0.000164
11.440000	0.000000	0.000162
11.450000	0.000000	0.000160
11.460000	0.000000	0.000157
11.470000	0.000000	0.000155
11.480000	0.000000	0.000153
11.490000	0.000000	0.000151
11.500000	0.000000	0.000149
11.510000	0.000000	0.000147
11.520000	0.000000	0.000145
11.530000	0.000000	0.000143
11.540000	0.000000	0.000141
11.550000	0.000000	0.000139
11.560000	0.000000	0.000137
11.570000	0.000000	0.000135
11.580000	0.000000	0.000133
11.590000	0.000000	0.000131
11.600000	0.000000	0.000129
11.610000	0.000000	0.000127
11.620000	0.000000	0.000125
11.630000	0.000000	0.000123
11.640000	0.000000	0.000121
11.650000	0.000000	0.000119
11.660000	0.000000	0.000118
11.670000	0.000000	0.000116
11.680000	0.000000	0.000114
11.690000	0.000000	0.000112
11.700000	0.000000	0.000111
11.710000	0.000000	0.000109
11.720000	0.000000	0.000107
11.730000	0.000000	0.000106
11.740000	0.000000	0.000104
11.750000	0.000000	0.000103
11.760000	0.000000	0.000101
11.770000	0.000000	0.000100
11.780000	0.000000	0.000099
11.790000	0.000000	0.000097
11.800000	0.000000	0.000096
11.810000	0.000000	0.000095
11.820000	0.000000	0.000093
11.830000	0.000000	0.000092
11.840000	0.000000	0.000091
11.850000	0.000000	0.000089
11.860000	0.000000	0.000088
11.870000	0.000000	0.000087
11.880000	0.000000	0.000085
11.890000	0.000000	0.000084
11.900000	0.000000	0.000083
11.910000	0.000000	0.000082
11.920000	0.000000	0.000080
11.930000	0.000000	0.000079
11.940000	0.000000	0.000078
11.950000	0.000000	0.000077
11.960000	0.000000	0.000076
11.970000	0.000000	0.000074
11.980000	0.000000	0.000073
11.990000	0.000000	0.000072
12.000000	0.000000	0.000071
12.010000	0.000000	0.000070
12.020000	0.000000	0.000069
12.030000	0.000000	0.000068
12.040000	0.000000	0.000067
12.050000	0.000000	0.000066
12.060000	0.000000	0.000066
12.070000	0.000000	0.000065
12.080000	0.000000	0.000064
12.090000	0.000000	0.000063
12.100000	0.000000	0.000062
12.110000	0.000000	0.000061
12.120000	0.000000	0.000060
12.130000	0.000000	0.000059
12.140000	0.000000	0.000059
12.150000	0.000000	0.000058
12.160000	0.000000	0.000057
12.170000	0.000000	0.000056
12.180000	0.000000	0.000055
12.190000	0.000000	0.000054
12.200000	0.000000	0.000053
12.210000	0.000000	0.000053
12.220000	0.000000	0.000052
12.230000	0.000000	0.000051
12.240000	0.000000	0.000050
12.250000	0.000000	0.000049
12.260000	0.000000	0.000049
12.270000	0.000000	0.000048
12.280000	0.000000	0.000047
12.290000	0.000000	0.000047
12.300000	0.000000	0.000046
12.310000	0.000000	0.000045
12.320000	0.000000	0.000045
12.330000	0.000000	0.000044
12.340000	0.000000	0.000044
12.350000	0.000000	0.000043
12.360000	0.000000	0.000042
12.370000	0.000000	0.000042
12.380000	0.000000	0.000041
12.390000	0.000000	0.000041
12.400000	0.000000	0.000040
12.410000	0.000000	0.000039
12.420000	0.000000	0.000039
12.430000	0.000000	0.000038
12.440000	0.000000	0.000038
12.450000	0.000000	0.000037
12.460000	0.000000	0.000037
12.470000	0.000000	0.000036
12.480000	0.000000	0.000035
12.490000	0.000000	0.000035
12.500000	0.000000	0.000034
12.510000	0.000000	0.000034
12.520000	0.000000	0.000033
12.530000	0.000000	0.000033
12.540000	0.000000	0.000032
12.550000	0.000000	0.000032
12.560000	0.000000	0.000031
12.570000	0.000000	0.000031
12.580000	0.000000	0.000031
12.590000	0.000000	0.000030
12.600000	0.000000	0.000030
12.610000	0.000000	0.000029
12.620000	0.000000	0.000029
12.630000	0.000000	0.000029
12.640000	0.000000	0.000028
12.650000	0.000000	0.000028
12.660000	0.000000	0.000027
12.670000	0.000000	0.000027
12.680000	0.000000	0.000027
12.690000	0.000000	0.000026
12.700000	0.000000	0.000026
12.710000	0.000000	0.000025
12.720000	0.000000	0.000025
12.730000	0.000000	0.000025
12.740000	0.000000	0.000024
12.750000	0.000000	0.000024
12.760000	0.000000	0.000024
12.770000	0.000000	0.000023
12.780000	0.000000	0.000023
12.790000	0.000000	0.000022
12.800000	0.000000	0.000022
12.810000	0.000000	0.000022
12.820000	0.000000	0.000021
12.830000	0.000000	0.000021
12.840000	0.000000	0.000021
12.850000	0.000000	0.000021
12.860000	0.000000	0.000020
12.870000	0.000000	0.000020
12.880000	0.000000	0.000020
12.890000	0.000000	0.000020
12.900000	0.000000	0.000019
12.910000	0.000000	0.000019
12.920000	0.000000	0.000019
12.930000	0.000000	0.000018
12.940000	0.000000	0.000018
12.950000	0.000000	0.000018
12.960000	0.000000	0.000018
12.970000	0.000000	0.000017
12.980000	0.000000	0.000017
12.990000	0.000000	0.000017
13.000000	0.000000	0.000017
13.010000	0.000000	0.000016
13.020000	0.000000	0.000016
13.030000	0.000000	0.000016
13.040000	0.000000	0.000016
13.050000	0.000000	0.000015
13.060000	0.000000	0.000015
13.070000	0.000000	0.000015
13.080000	0.000000	0.000015
13.090000	0.000000	0.000014
13.100000	0.000000	0.000014
13.110000	0.000000	0.000014
13.120000	0.000000	0.000014
13.130000	0.000000	0.000014
13.140000	0.000000	0.000014
13.150000	0.000000	0.000013
13.160000	0.000000	0.000013
13.170000	0.000000	0.000013
13.180000	0.000000	0.000013
13.190000	0.000000	0.000013
13.200000	0.000000	0.000012
13.210000	0.000000	0.000012
13.220000	0.000000	0.000012
13.230000	0.000000	0.000012
13.240000	0.000000	0.000012
13.250000	0.000000	0.000012
13.260000	0.000000	0.000011
13.270000	0.000000	0.000011
13.280000	0.000000	0.000011
13.290000	0.000000	0.000011
13.300000	0.000000	0.000011
13.310000	0.000000	0.000011
13.320000	0.000000	0.000010
13.330000	0.000000	0.000010
13.340000	0.000000	0.000010
13.350000	0.000000	0.000010
13.360000	0.000000	0.000010
13.370000	0.000000	0.000010
13.380000	0.000000	0.000010
13.390000	0.000000	0.000009
13.400000	0.000000	0.000009
13.410000	0.000000	0.000009
13.420000	0.000000	0.000009
13.430000	0.000000	0.000009
13.440000	0.000000	0.000009
13.450000	0.000000	0.000009
13.460000	0.000000	0.000009
13.470000	0.000000	0.000008
13.480000	0.000000	0.000008
13.490000	0.000000	0.000008
13.500000	0.000000	0.000008
13.510000	0.000000	0.000008
13.520000	0.000000	0.000008
13.530000	0.000000	0.000008
13.540000	0.000000	0.000008
13.550000	0.000000	0.000007
13.560000	0.000000	0.000007
13.570000	0.000000	0.000007
13.580000	0.000000	0.000007
13.590000	0.000000	0.000007
13.600000	0.000000	0.000007
13.610000	0.000000	0.000007
13.620000	0.000000	0.000007
13.630000	0.000000	0.000007
13.640000	0.000000	0.000007
13.650000	0.000000	0.000006
13.660000	0.000000	0.000006
13.670000	0.000000	0.000006
13.680000	0.000000	0.000006
13.690000	0.000000	0.000006
13.700000	0.000000	0.000006
13.710000	0.000000	0.000006
13.720000	0.000000	0.000006
13.730000	0.000000	0.000006
13.740000	0.000000	0.000006
13.750000	0.000000	0.000006
13.760000	0.000000	0.000006
13.770000	0.000000	0.000005
13.780000	0.000000	0.000005
13.790000	0.000000	0.000005
13.800000	0.000000	0.000005
13.810000	0.000000	0.000005
13.820000	0.000000	0.000005
13.830000	0.000000	0.000005
13.840000	0.000000	0.000005
13.850000	0.000000	0.000005
13.860000	0.000000	0.000005
13.870000	0.000000	0.000005
13.880000	0.000000	0.000005
13.890000	0.000000	0.000005
13.900000	0.000000	0.000004
13.910000	0.000000	0.000004
13.920000	0.000000	0.000004
13.930000	0.000000	0.000004
13.940000	0.000000	0.000004
13.950000	0.000000	0.000004
13.960000	0.000000	0.000004
13.970000	0.000000	0.000004
13.980000	0.000000	0.000004
13.990000	0.000000	0.000004
14.000000	0.000000	0.000004
14.010000	0.000000	0.000004
14.020000	0.000000	0.000004
14.030000	0.000000	0.000004
14.040000	0.000000	0.000004
14.050000	0.000000	0.000004
14.060000	0.000000	0.000004
14.070000	0.000000	0.000004
14.080000	0.000000	0.000003
14.090000	0.000000	0.000003
14.100000	0.000000	0.000003
14.110000	0.000000	0.000003
14.120000	0.000000	0.000003
14.130000	0.000000	0.000003
14.140000	0.000000	0.000003
14.150000	0.000000	0.000003
14.160000	0.000000	0.000003
14.170000	0.000000	0.000003
14.180000	0.000000	0.000003
14.190000	0.000000	0.000003
14.200000	0.000000	0.000003
14.210000	0.000000	0.000003
14.220000	0.000000	0.000003
14.230000	0.000000	0.000003
14.240000	0.000000	0.000003
14.250000	0.000000	0.000003
14.260000	0.000000	0.000003
14.270000	0.000000	0.000003
14.280000	0.000000	0.000003
14.290000	0.000000	0.000003
14.300000	0.000000	0.000003
14.310000	0.000000	0.000002
14.320000	0.000000	0.000002
14.330000	0.000000	0.000002
14.340000	0.000000	0.000002
14.350000	0.000000	0.000002
14.360000	0.000000	0.000002
14.370000	0.000000	0.000002
14.380000	0.000000	0.000002
14.390000	0.000000	0.000002
14.400000	0.000000	0.000002
14.410000	0.000000	0.000002
14.420000	0.000000	0.000002
14.430000	0.000000	0.000002
14.440000	0.000000	0.000002
14.450000	0.000000	0.000002
14.460000	0.000000	0.000002
14.470000	0.000000	0.000002
14.480000	0.000000	0.000002
14.490000	0.000000	0.000002
14.500000	0.000000	0.000002
14.510000	0.000000	0.000002
14.520000	0.000000	0.000002
14.530000	0.000000	0.000002
14.540000	0.000000	0.000002
14.550000	0.000000	0.000002
14.560000	0.000000	0.000002
14.570000	0.000000	0.000002
14.580000	0.000000	0.000002
14.590000	0.000000	0.000002
14.600000	0.000000	0.000002
14.610000	0.000000	0.000002
14.620000	0.000000	0.000002
14.630000	0.000000	0.000002
14.640000	0.000000	0.000002
14.650000	0.000000	0.000002
14.660000	0.000000	0.000001
14.670000	0.000000	0.000001
14.680000	0.000000	0.000001
14.690000	0.000000	0.000001
14.700000	0.000000	0.000001
14.710000	0.000000	0.000001
14.720000	0.000000	0.000001
14.730000	0.000000	0.000001
14.740000	0.000000	0.000001
14.750000	0.000000	0.000001
14.760000	0.000000	0.000001
14.770000	0.000000	0.000001
14.780000	0.000000	0.000001
14.790000	0.000000	0.000001
14.800000	0.000000	0.000001
14.810000	0.000000	0.000001
14.820000	0.000000	0.000001
14.830000	0.000000	0.000001
14.840000	0.000000	0.000001
14.850000	0.000000	0.000001
14.860000	0.000000	0.000001
14.870000	0.000000	0.000001
14.880000	0.000000	0.000001
14.890000	0.000000	0.000001
14.900000	0.000000	0.000001
14.910000	0.000000	0.000001
14.920000	0.000000	0.000001
14.930000	0.000000	0.000001
14.940000	0.000000	1.0e-06
14.950000	0.000000	9.8e-07
14.960000	0.000000	9.7e-07
14.970000	0.000000	9.5e-07
14.980000	0.000000	9.4e-07
14.990000	0.000000	9.3e-07
15.000000	0.000000	9.1e-07
15.010000	0.000000	9.0e-07
15.020000	0.000000	8.9e-07
15.030000	0.000000	8.7e-07
15.040000	0.000000	8.6e-07
15.050000	0.000000	8.5e-07
15.060000	0.000000	8.4e-07
15.070000	0.000000	8.3e-07
15.080000	0.000000	8.2e-07
15.090000	0.000000	8.0e-07
15.100000	0.000000	7.9e-07
15.110000	0.000000	7.8e-07
15.120000	0.000000	7.7e-07
15.130000	0.000000	7.6e-07
15.140000	0.000000	7.5e-07
15.150000	0.000000	7.4e-07
15.160000	0.000000	7.3e-07
15.170000	0.000000	7.2e-07
15.180000	0.000000	7.1e-07
15.190000	0.000000	7.0e-07
15.200000	0.000000	6.9e-07
15.210000	0.000000	6.8e-07
15.220000	0.000000	6.7e-07
15.230000	0.000000	6.6e-07
15.240000	0.000000	6.5e-07
15.250000	0.000000	6.4e-07
15.260000	0.000000	6.3e-07
15.270000	0.000000	6.2e-07
15.280000	0.000000	6.1e-07
15.290000	0.000000	6.0e-07
15.300000	0.000000	5.9e-07
15.310000	0.000000	5.8e-07
15.320000	0.000000	5.8e-07
15.330000	0.000000	5.7e-07
15.340000	0.000000	5.6e-07
15.350000	0.000000	5.5e-07
15.360000	0.000000	5.5e-07
15.370000	0.000000	5.4e-07
15.380000	0.000000	5.3e-07
15.390000	0.000000	5.2e-07
15.400000	0.000000	5.1e-07
15.410000	0.000000	5.1e-07
15.420000	0.000000	5.0e-07
15.430000	0.000000	4.9e-07
15.440000	0.000000	4.9e-07
15.450000	0.000000	4.8e-07
15.460000	0.000000	4.7e-07
15.470000	0.000000	4.6e-07
15.480000	0.000000	4.6e-07
15.490000	0.000000	4.5e-07
15.500000	0.000000	4.4e-07
15.510000	0.000000	4.4e-07
15.520000	0.000000	4.3e-07
15.530000	0.000000	4.3e-07
15.540000	0.000000	4.2e-07
15.550000	0.000000	4.1e-07
15.560000	0.000000	4.1e-07
15.570000	0.000000	4.0e-07
15.580000	0.000000	4.0e-07
15.590000	0.000000	3.9e-07
15.600000	0.000000	3.8e-07
15.610000	0.000000	3.8e-07
15.620000	0.000000	3.7e-07
15.630000	0.000000	3.7e-07
15.640000	0.000000	3.6e-07
15.650000	0.000000	3.6e-07
15.660000	0.000000	3.5e-07
15.670000	0.000000	3.5e-07
15.680000	0.000000	3.4e-07
15.690000	0.000000	3.4e-07
15.700000	0.000000	3.3e-07
15.710000	0.000000	3.3e-07
15.720000	0.000000	3.2e-07
15.730000	0.000000	3.2e-07
15.740000	0.000000	3.1e-07
15.750000	0.000000	3.1e-07
15.760000	0.000000	3.1e-07
15.770000	0.000000	3.0e-07
15.780000	0.000000	3.0e-07
15.790000	0.000000	2.9e-07
15.800000	0.000000	2.9e-07
15.810000	0.000000	2.8e-07
15.820000	0.000000	2.8e-07
15.830000	0.000000	2.8e-07
15.840000	0.000000	2.7e-07
15.850000	0.000000	2.7e-07
15.860000	0.000000	2.6e-07
15.870000	0.000000	2.6e-07
15.880000	0.000000	2.6e-07
15.890000	0.000000	2.5e-07
15.900000	0.000000	2.5e-07
15.910000	0.000000	2.5e-07
15.920000	0.000000	2.4e-07
15.930000	0.000000	2.4e-07
15.940000	0.000000	2.4e-07
15.950000	0.000000	2.3e-07
15.960000	0.000000	2.3e-07
15.970000	0.000000	2.3e-07
15.980000	0.000000	2.2e-07
15.990000	0.000000	2.2e-07
16.000000	0.000000	2.2e-07
16.010000	0.000000	2.1e-07
16.020000	0.000000	2.1e-07
16.030000	0.000000	2.1e-07
16.040000	0.000000	2.0e-07
16.050000	0.000000	2.0e-07
16.060000	0.000000	2.0e-07
16.070000	0.000000	2.0e-07
16.080000	0.000000	1.9e-07
16.090000	0.000000	1.9e-07
16.100000	0.000000	1.9e-07
16.110000	0.000000	1.8e-07
16.120000	0.000000	1.8e-07
16.130000	0.000000	1.8e-07
16.140000	0.000000	1.8e-07
16.150000	0.000000	1.7e-07
16.160000	0.000000	1.7e-07
16.170000	0.000000	1.7e-07
16.180000	0.000000	1.7e-07
16.190000	0.000000	1.7e-07
16.200000	0.000000	1.6e-07
16.210000	0.000000	1.6e-07
16.220000	0.000000	1.6e-07
16.230000	0.000000	1.6e-07
16.240000	0.000000	1.5e-07
16.250000	0.000000	1.5e-07
16.260000	0.000000	1.5e-07
16.270000	0.000000	1.5e-07
16.280000	0.000000	1.4e-07
16.290000	0.000000	1.4e-07
16.300000	0.000000	1.4e-07
16.310000	0.000000	1.4e-07
16.320000	0.000000	1.4e-07
16.330000	0.000000	1.3e-07
16.340000	0.000000	1.3e-07
16.350000	0.000000	1.3e-07
16.360000	0.000000	1.3e-07
16.370000	0.000000	1.3e-07
16.380000	0.000000	1.3e-07
16.390000	0.000000	1.2e-07
16.400000	0.000000	1.2e-07
16.410000	0.000000	1.2e-07
16.420000	0.000000	1.2e-07
16.430000	0.000000	1.2e-07
16.440000	0.000000	1.2e-07
16.450000	0.000000	1.1e-07
16.460000	0.000000	1.1e-07
16.470000	0.000000	1.1e-07
16.480000	0.000000	1.1e-07
16.490000	0.000000	1.1e-07
16.500000	0.000000	1.1e-07
16.510000	0.000000	1.0e-07
16.520000	0.000000	1.0e-07
16.530000	0.000000	1.0e-07
16.540000	0.000000	1.0e-07
16.550000	0.000000	9.8e-08
16.560000	0.000000	9.7e-08
16.570000	0.000000	9.5e-08
16.580000	0.000000	9.4e-08
16.590000	0.000000	9.3e-08
16.600000	0.000000	9.1e-08
16.610000	0.000000	9.0e-08
16.620000	0.000000	8.9e-08
16.630000	0.000000	8.7e-08
16.640000	0.000000	8.6e-08
16.650000	0.000000	8.5e-08
16.660000	0.000000	8.4e-08
16.670000	0.000000	8.2e-08
16.680000	0.000000	8.1e-08
16.690000	0.000000	8.0e-08
16.700000	0.000000	7.9e-08
16.710000	0.000000	7.8e-08
16.720000	0.000000	7.7e-08
16.730000	0.000000	7.6e-08
16.740000	0.000000	7.5e-08
16.750000	0.000000	7.4e-08
16.760000	0.000000	7.3e-08
16.770000	0.000000	7.2e-08
16.780000	0.000000	7.1e-08
16.790000	0.000000	7.0e-08
16.800000	0.000000	6.9e-08
16.810000	0.000000	6.8e-08
16.820000	0.000000	6.7e-08
16.830000	0.000000	6.6e-08
16.840000	0.000000	6.5e-08
16.850000	0.000000	6.4e-08
16.860000	0.000000	6.3e-08
16.870000	0.000000	6.2e-08
16.880000	0.000000	6.1e-08
16.890000	0.000000	6.0e-08
16.900000	0.000000	5.9e-08
16.910000	0.000000	5.8e-08
16.920000	0.000000	5.8e-08
16.930000	0.000000	5.7e-08
16.940000	0.000000	5.6e-08
16.950000	0.000000	5.5e-08
16.960000	0.000000	5.4e-08
16.970000	0.000000	5.4e-08
16.980000	0.000000	5.3e-08
16.990000	0.000000	5.2e-08
17.000000	0.000000	5.2e-08
17.010000	0.000000	5.1e-08
17.020000	0.000000	5.0e-08
17.030000	0.000000	5.0e-08
17.040000	0.000000	4.9e-08
17.050000	0.000000	4.8e-08
17.060000	0.000000	4.7e-08
17.070000	0.000000	4.7e-08
17.080000	0.000000	4.6e-08
17.090000	0.000000	4.5e-08
17.100000	0.000000	4.5e-08
17.110000	0.000000	4.4e-08
17.120000	0.000000	4.3e-08
17.130000	0.000000	4.3e-08
17.140000	0.000000	4.2e-08
17.150000	0.000000	4.2e-08
17.160000	0.000000	4.1e-08
17.170000	0.000000	4.0e-08
17.180000	0.000000	4.0e-08
17.190000	0.000000	3.9e-08
17.200000	0.000000	3.9e-08
17.210000	0.000000	3.8e-08
17.220000	0.000000	3.7e-08
17.230000	0.000000	3.7e-08
17.240000	0.000000	3.6e-08
17.250000	0.000000	3.6e-08
17.260000	0.000000	3.5e-08
17.270000	0.000000	3.5e-08
17.280000	0.000000	3.5e-08
17.290000	0.000000	3.4e-08
17.300000	0.000000	3.4e-08
17.310000	0.000000	3.3e-08
17.320000	0.000000	3.3e-08
17.330000	0.000000	3.2e-08
17.340000	0.000000	3.2e-08
17.350000	0.000000	3.1e-08
17.360000	0.000000	3.1e-08
17.370000	0.000000	3.0e-08
17.380000	0.000000	3.0e-08
17.390000	0.000000	3.0e-08
17.400000	0.000000	2.9e-08
17.410000	0.000000	2.9e-08
17.420000	0.000000	2.8e-08
17.430000	0.000000	2.8e-08
17.440000	0.000000	2.7e-08
17.450000	0.000000	2.7e-08
17.460000	0.000000	2.7e-08
17.470000	0.000000	2.6e-08
17.480000	0.000000	2.6e-08
17.490000	0.000000	2.5e-08
17.500000	0.000000	2.5e-08
17.510000	0.000000	2.5e-08
17.520000	0.000000	2.4e-08
17.530000	0.000000	2.4e-08
17.540000	0.000000	2.4e-08
17.550000	0.000000	2.3e-08
17.560000	0.000000	2.3e-08
17.570000	0.000000	2.3e-08
17.580000	0.000000	2.2e-08
17.590000	0.000000	2.2e-08
17.600000	0.000000	2.2e-08
17.610000	0.000000	2.2e-08
17.620000	0.000000	2.1e-08
17.630000	0.000000	2.1e-08
17.640000	0.000000	2.1e-08
17.650000	0.000000	2.0e-08
17.660000	0.000000	2.0e-08
17.670000	0.000000	2.0e-08
17.680000	0.000000	1.9e-08
17.690000	0.000000	1.9e-08
17.700000	0.000000	1.9e-08
17.710000	0.000000	1.9e-08
17.720000	0.000000	1.8e-08
17.730000	0.000000	1.8e-08
17.740000	0.000000	1.8e-08
17.750000	0.000000	1.8e-08
17.760000	0.000000	1.7e-08
17.770000	0.000000	1.7e-08
17.780000	0.000000	1.7e-08
17.790000	0.000000	1.7e-08
17.800000	0.000000	1.6e-08
17.810000	0.000000	1.6e-08
17.820000	0.000000	1.6e-08
17.830000	0.000000	1.6e-08
17.840000	0.000000	1.5e-08
17.850000	0.000000	1.5e-08
17.860000	0.000000	1.5e-08
17.870000	0.000000	1.5e-08
17.880000	0.000000	1.5e-08
17.890000	0.000000	1.4e-08
17.900000	0.000000	1.4e-08
17.910000	0.000000	1.4e-08
17.920000	0.000000	1.4e-08
17.930000	0.000000	1.4e-08
17.940000	0.000000	1.3e-08
17.950000	0.000000	1.3e-08
17.960000	0.000000	1.3e-08
17.970000	0.000000	1.3e-08
17.980000	0.000000	1.3e-08
17.990000	0.000000	1.3e-08
18.000000	0.000000	1.2e-08
18.010000	0.000000	1.2e-08
18.020000	0.000000	1.2e-08
18.030000	0.000000	1.2e-08
18.040000	0.000000	1.2e-08
18.050000	0.000000	1.1e-08
18.060000	0.000000	1.1e-08
18.070000	0.000000	1.1e-08
18.080000	0.000000	1.1e-08
18.090000	0.000000	1.1e-08
18.100000	0.000000	1.1e-08
18.110000	0.000000	1.1e-08
18.120000	0.000000	1.0e-08
18.130000	0.000000	1.0e-08
18.140000	0.000000	1.0e-08
18.150000	0.000000	1.0e-08
18.160000	0.000000	9.8e-09
18.170000	0.000000	9.7e-09
18.180000	0.000000	9.6e-09
18.190000	0.000000	9.4e-09
18.200000	0.000000	9.3e-09
18.210000	0.000000	9.1e-09
18.220000	0.000000	9.0e-09
18.230000	0.000000	8.9e-09
18.240000	0.000000	8.8e-09
18.250000	0.000000	8.6e-09
18.260000	0.000000	8.5e-09
18.270000	0.000000	8.4e-09
18.280000	0.000000	8.3e-09
18.290000	0.000000	8.1e-09
18.300000	0.000000	8.0e-09
18.310000	0.000000	7.9e-09
18.320000	0.000000	7.8e-09
18.330000	0.000000	7.7e-09
18.340000	0.000000	7.6e-09
18.350000	0.000000	7.5e-09
18.360000	0.000000	7.4e-09
18.370000	0.000000	7.3e-09
18.380000	0.000000	7.2e-09
18.390000	0.000000	7.1e-09
18.400000	0.000000	7.0e-09
18.410000	0.000000	6.9e-09
18.420000	0.000000	6.8e-09
18.430000	0.000000	6.7e-09
18.440000	0.000000	6.6e-09
18.450000	0.000000	6.5e-09
18.460000	0.000000	6.4e-09
18.470000	0.000000	6.3e-09
18.480000	0.000000	6.2e-09
18.490000	0.000000	6.1e-09
18.500000	0.000000	6.0e-09
18.510000	0.000000	6.0e-09
18.520000	0.000000	5.9e-09
18.530000	0.000000	5.8e-09
18.540000	0.000000	5.7e-09
18.550000	0.000000	5.6e-09
18.560000	0.000000	5.5e-09
18.570000	0.000000	5.5e-09
18.580000	0.000000	5.4e-09
18.590000	0.000000	5.3e-09
18.600000	0.000000	5.2e-09
18.610000	0.000000	5.1e-09
18.620000	0.000000	5.1e-09
18.630000	0.000000	5.0e-09
18.640000	0.000000	4.9e-09
18.650000	0.000000	4.9e-09
18.660000	0.000000	4.8e-09
18.670000	0.000000	4.7e-09
18.680000	0.000000	4.7e-09
18.690000	0.000000	4.6e-09
18.700000	0.000000	4.5e-09
18.710000	0.000000	4.5e-09
18.720000	0.000000	4.4e-09
18.730000	0.000000	4.4e-09
18.740000	0.000000	4.3e-09
18.750000	0.000000	4.2e-09
18.760000	0.000000	4.2e-09
18.770000	0.000000	4.1e-09
18.780000	0.000000	4.1e-09
18.790000	0.000000	4.0e-09
18.800000	0.000000	3.9e-09
18.810000	0.000000	3.9e-09
18.820000	0.000000	3.8e-09
18.830000	0.000000	3.8e-09
18.840000	0.000000	3.7e-09
18.850000	0.000000	3.7e-09
18.860000	0.000000	3.6e-09
18.870000	0.000000	3.6e-09
18.880000	0.000000	3.5e-09
18.890000	0.000000	3.5e-09
18.900000	0.000000	3.4e-09
18.910000	0.000000	3.4e-09
18.920000	0.000000	3.3e-09
18.930000	0.000000	3.3e-09
18.940000	0.000000	3.2e-09
18.950000	0.000000	3.2e-09
18.960000	0.000000	3.1e-09
18.970000	0.000000	3.1e-09
18.980000	0.000000	3.0e-09
18.990000	0.000000	3.0e-09
19.000000	0.000000	3.0e-09
19.010000	0.000000	2.9e-09
19.020000	0.000000	2.9e-09
19.030000	0.000000	2.8e-09
19.040000	0.000000	2.8e-09
19.050000	0.000000	2.8e-09
19.060000	0.000000	2.7e-09
19.070000	0.000000	2.7e-09
19.080000	0.000000	2.6e-09
19.090000	0.000000	2.6e-09
19.100000	0.000000	2.6e-09
19.110000	0.000000	2.5e-09
19.120000	0.000000	2.5e-09
19.130000	0.000000	2.5e-09
19.140000	0.000000	2.4e-09
19.150000	0.000000	2.4e-09
19.160000	0.000000	2.4e-09
19.170000	0.000000	2.3e-09
19.180000	0.000000	2.3e-09
19.190000	0.000000	2.3e-09
19.200000	0.000000	2.2e-09
19.210000	0.000000	2.2e-09
19.220000	0.000000	2.2e-09
19.230000	0.000000	2.1e-09
19.240000	0.000000	2.1e-09
19.250000	0.000000	2.1e-09
19.260000	0.000000	2.0e-09
19.270000	0.000000	2.0e-09
19.280000	0.000000	2.0e-09
19.290000	0.000000	2.0e-09
19.300000	0.000000	1.9e-09
19.310000	0.000000	1.9e-09
19.320000	0.000000	1.9e-09
19.330000	0.000000	1.9e-09
19.340000	0.000000	1.8e-09
19.350000	0.000000	1.8e-09
19.360000	0.000000	1.8e-09
19.370000	0.000000	1.7e-09
19.380000	0.000000	1.7e-09
19.390000	0.000000	1.7e-09
19.400000	0.000000	1.7e-09
19.410000	0.000000	1.7e-09
19.420000	0.000000	1.6e-09
19.430000	0.000000	1.6e-09
19.440000	0.000000	1.6e-09
19.450000	0.000000	1.6e-09
19.460000	0.000000	1.5e-09
19.470000	0.000000	1.5e-09
19.480000	0.000000	1.5e-09
19.490000	0.000000	1.5e-09
19.500000	0.000000	1.5e-09
19.510000	0.000000	1.4e-09
19.520000	0.000000	1.4e-09
19.530000	0.000000	1.4e-09
19.540000	0.000000	1.4e-09
19.550000	0.000000	1.4e-09
19.560000	0.000000	1.3e-09
19.570000	0.000000	1.3e-09
19.580000	0.000000	1.3e-09
19.590000	0.000000	1.3e-09
19.600000	0.000000	1.3e-09
19.610000	0.000000	1.2e-09
19.620000	0.000000	1.2e-09
19.630000	0.000000	1.2e-09
19.640000	0.000000	1.2e-09
19.650000	0.000000	1.2e-09
19.660000	0.000000	1.2e-09
19.670000	0.000000	1.1e-09
19.680000	0.000000	1.1e-09
19.690000	0.000000	1.1e-09
19.700000	0.000000	1.1e-09
19.710000	0.000000	1.1e-09
19.720000	0.000000	1.1e-09
19.730000	0.000000	1.0e-09
19.740000	0.000000	1.0e-09
19.750000	0.000000	1.0e-09
19.760000	0.000000	1.0e-09
19.770000	0.000000	9.9e-10
19.780000	0.000000	9.7e-10
19.790000	0.000000	9.6e-10
19.800000	0.000000	9.5e-10
19.810000	0.000000	9.3e-10
19.820000	0.000000	9.2e-10
19.830000	0.000000	9.1e-10
19.840000	0.000000	9.0e-10
19.850000	0.000000	8.8e-10
19.860000	0.000000	8.7e-10
19.870000	0.000000	8.6e-10
19.880000	0.000000	8.5e-10
19.890000	0.000000	8.3e-10
19.900000	0.000000	8.2e-10
19.910000	0.000000	8.1e-10
19.920000	0.000000	8.0e-10
19.930000	0.000000	7.9e-10
19.940000	0.000000	7.8e-10
19.950000	0.000000	7.7e-10
19.960000	0.000000	7.6e-10
19.970000	0.000000	7.4e-10
19.980000	0.000000	7.3e-10
19.990000	0.000000	7.2e-10
20.000000	0.000000	7.1e-10
20.010000	0.000000	7.0e-10
20.020000	0.000000	6.9e-10
20.030000	0.000000	6.8e-10
20.040000	0.000000	6.7e-10
20.050000	0.000000	6.6e-10
20.060000	0.000000	6.5e-10
20.070000	0.000000	6.5e-10
20.080000	0.000000	6.4e-10
20.090000	0.000000	6.3e-10
20.100000	0.000000	6.2e-10
20.110000	0.000000	6.1e-10
20.120000	0.000000	6.0e-10
20.130000	0.000000	5.9e-10
20.140000	0.000000	5.8e-10
20.150000	0.000000	5.8e-10
20.160000	0.000000	5.7e-10
20.170000	0.000000	5.6e-10
20.180000	0.000000	5.5e-10
20.190000	0.000000	5.4e-10
20.200000	0.000000	5.4e-10
20.210000	0.000000	5.3e-10
20.220000	0.000000	5.2e-10
20.230000	0.000000	5.2e-10
20.240000	0.000000	5.1e-10
20.250000	0.000000	5.0e-10
20.260000	0.000000	4.9e-10
20.270000	0.000000	4.9e-10
20.280000	0.000000	4.8e-10
20.290000	0.000000	4.7e-10
20.300000	0.000000	4.7e-10
20.310000	0.000000	4.6e-10
20.320000	0.000000	4.5e-10
20.330000	0.000000	4.5e-10
20.340000	0.000000	4.4e-10
20.350000	0.000000	4.3e-10
20.360000	0.000000	4.3e-10
20.370000	0.000000	4.2e-10
20.380000	0.000000	4.2e-10
20.390000	0.000000	4.1e-10
20.400000	0.000000	4.0e-10
20.410000	0.000000	4.0e-10
20.420000	0.000000	3.9e-10
20.430000	0.000000	3.9e-10
20.440000	0.000000	3.8e-10
20.450000	0.000000	3.8e-10
20.460000	0.000000	3.7e-10
20.470000	0.000000	3.7e-10
20.480000	0.000000	3.6e-10
20.490000	0.000000	3.6e-10
20.500000	0.000000	3.5e-10
20.510000	0.000000	3.5e-10
20.520000	0.000000	3.4e-10
20.530000	0.000000	3.4e-10
20.540000	0.000000	3.3e-10
20.550000	0.000000	3.3e-10
20.560000	0.000000	3.2e-10
20.570000	0.000000	3.2e-10
20.580000	0.000000	3.1e-10
20.590000	0.000000	3.1e-10
20.600000	0.000000	3.0e-10
20.610000	0.000000	3.0e-10
20.620000	0.000000	3.0e-10
20.630000	0.000000	2.9e-10
20.640000	0.000000	2.9e-10
20.650000	0.000000	2.8e-10
20.660000	0.000000	2.8e-10
20.670000	0.000000	2.8e-10
20.680000	0.000000	2.7e-10
20.690000	0.000000	2.7e-10
20.700000	0.000000	2.6e-10
20.710000	0.000000	2.6e-10
20.720000	0.000000	2.6e-10
20.730000	0.000000	2.5e-10
20.740000	0.000000	2.5e-10
20.750000	0.000000	2.5e-10
20.760000	0.000000	2.4e-10
20.770000	0.000000	2.4e-10
20.780000	0.000000	2.4e-10
20.790000	0.000000	2.3e-10
20.800000	0.000000	2.3e-10
20.810000	0.000000	2.3e-10
20.820000	0.000000	2.2e-10
20.830000	0.000000	2.2e-10
20.840000	0.000000	2.2e-10
20.850000	0.000000	2.1e-10
20.860000	0.000000	2.1e-10
20.870000	0.000000	2.1e-10
20.880000	0.000000	2.0e-10
20.890000	0.000000	2.0e-10
20.900000	0.000000	2.0e-10
20.910000	0.000000	2.0e-10
20.920000	0.000000	1.9e-10
20.930000	0.000000	1.9e-10
20.940000	0.000000	1.9e-10
20.950000	0.000000	1.9e-10
20.960000	0.000000	1.8e-10
20.970000	0.000000	1.8e-10
20.980000	0.000000	1.8e-10
20.990000	0.000000	1.7e-10
21.000000	0.000000	1.7e-10
21.010000	0.000000	1.7e-10
21.020000	0.000000	1.7e-10
21.030000	0.000000	1.7e-10
21.040000	0.000000	1.6e-10
21.050000	0.000000	1.6e-10
21.060000	0.000000	1.6e-10
21.070000	0.000000	1.6e-10
21.080000	0.000000	1.5e-10
21.090000	0.000000	1.5e-10
21.100000	0.000000	1.5e-10
21.110000	0.000000	1.5e-10
21.120000	0.000000	1.5e-10
21.130000	0.000000	1.4e-10
21.140000	0.000000	1.4e-10
21.150000	0.000000	1.4e-10
21.160000	0.000000	1.4e-10
21.170000	0.000000	1.4e-10
21.180000	0.000000	1.3e-10
21.190000	0.000000	1.3e-10
21.200000	0.000000	1.3e-10
21.210000	0.000000	1.3e-10
21.220000	0.000000	1.3e-10
21.230000	0.000000	1.2e-10
21.240000	0.000000	1.2e-10
21.250000	0.000000	1.2e-10
21.260000	0.000000	1.2e-10
21.270000	0.000000	1.2e-10
21.280000	0.000000	1.2e-10
21.290000	0.000000	1.1e-10
21.300000	0.000000	1.1e-10
21.310000	0.000000	1.1e-10
21.320000	0.000000	1.1e-10
21.330000	0.000000	1.1e-10
21.340000	0.000000	1.1e-10
21.350000	0.000000	1.1e-10
21.360000	0.000000	1.0e-10
21.370000	0.000000	1.0e-10
21.380000	0.000000	1.0e-10
21.390000	0.000000	9.9e-11
21.400000	0.000000	9.8e-11
21.410000	0.000000	9.7e-11
21.420000	0.000000	9.5e-11
21.430000	0.000000	9.4e-11
21.440000	0.000000	9.3e-11
21.450000	0.000000	9.1e-11
21.460000	0.000000	9.0e-11
21.470000	0.000000	8.9e-11
21.480000	0.000000	8.8e-11
21.490000	0.000000	8.6e-11
21.500000	0.000000	8.5e-11
21.510000	0.000000	8.4e-11
21.520000	0.000000	8.3e-11
21.530000	0.000000	8.2e-11
21.540000	0.000000	8.0e-11
21.550000	0.000000	7.9e-11
21.560000	0.000000	7.8e-11
21.570000	0.000000	7.7e-11
21.580000	0.000000	7.6e-11
21.590000	0.000000	7.5e-11
21.600000	0.000000	7.4e-11
21.610000	0.000000	7.3e-11
21.620000	0.000000	7.2e-11
21.630000	0.000000	7.1e-11
21.640000	0.000000	7.0e-11
21.650000	0.000000	6.9e-11
21.660000	0.000000	6.8e-11
21.670000	0.000000	6.7e-11
21.680000	0.000000	6.6e-11
21.690000	0.000000	6.5e-11
21.700000	0.000000	6.4e-11
21.710000	0.000000	6.3e-11
21.720000	0.000000	6.2e-11
21.730000	0.000000	6.1e-11
21.740000	0.000000	6.1e-11
21.750000	0.000000	6.0e-11
21.760000	0.000000	5.9e-11
21.770000	0.000000	5.8e-11
21.780000	0.000000	5.7e-11
21.790000	0.000000	5.7e-11
21.800000	0.000000	5.6e-11
21.810000	0.000000	5.5e-11
21.820000	0.000000	5.4e-11
21.830000	0.000000	5.3e-11
21.840000	0.000000	5.3e-11
21.850000	0.000000	5.2e-11
21.860000	0.000000	5.1e-11
21.870000	0.000000	5.0e-11
21.880000	0.000000	5.0e-11
21.890000	0.000000	4.9e-11
21.900000	0.000000	4.8e-11
21.910000	0.000000	4.8e-11
21.920000	0.000000	4.7e-11
21.930000	0.000000	4.6e-11
21.940000	0.000000	4.6e-11
21.950000	0.000000	4.5e-11
21.960000	0.000000	4.4e-11
21.970000	0.000000	4.4e-11
21.980000	0.000000	4.3e-11
21.990000	0.000000	4.2e-11
22.000000	0.000000	4.2e-11
22.010000	0.000000	4.1e-11
22.020000	0.000000	4.1e-11
22.030000	0.000000	4.0e-11
22.040000	0.000000	4.0e-11
22.050000	0.000000	3.9e-11
22.060000	0.000000	3.9e-11
22.070000	0.000000	3.8e-11
22.080000	0.000000	3.8e-11
22.090000	0.000000	3.7e-11
22.100000	0.000000	3.6e-11
22.110000	0.000000	3.6e-11
22.120000	0.000000	3.5e-11
22.130000	0.000000	3.5e-11
22.140000	0.000000	3.4e-11
22.150000	0.000000	3.4e-11
22.160000	0.000000	3.3e-11
22.170000	0.000000	3.3e-11
22.180000	0.000000	3.2e-11
22.190000	0.000000	3.2e-11
22.200000	0.000000	3.2e-11
22.210000	0.000000	3.1e-11
22.220000	0.000000	3.1e-11
22.230000	0.000000	3.0e-11
22.240000	0.000000	3.0e-11
22.250000	0.000000	2.9e-11
22.260000	0.000000	2.9e-11
22.270000	0.000000	2.9e-11
22.280000	0.000000	2.8e-11
22.290000	0.000000	2.8e-11
22.300000	0.000000	2.7e-11
22.310000	0.000000	2.7e-11
22.320000	0.000000	2.7e-11
22.330000	0.000000	2.6e-11
22.340000	0.000000	2.6e-11
22.350000	0.000000	2.6e-11
22.360000	0.000000	2.5e-11
22.370000	0.000000	2.5e-11
22.380000	0.000000	2.5e-11
22.390000	0.000000	2.4e-11
22.400000	0.000000	2.4e-11
22.410000	0.000000	2.4e-11
22.420000	0.000000	2.3e-11
22.430000	0.000000	2.3e-11
22.440000	0.000000	2.3e-11
22.450000	0.000000	2.2e-11
22.460000	0.000000	2.2e-11
22.470000	0.000000	2.2e-11
22.480000	0.000000	2.1e-11
22.490000	0.000000	2.1e-11
22.500000	0.000000	2.1e-11
22.510000	0.000000	2.0e-11
22.520000	0.000000	2.0e-11
22.530000	0.000000	2.0e-11
22.540000	0.000000	2.0e-11
22.550000	0.000000	1.9e-11
22.560000	0.000000	1.9e-11
22.570000	0.000000	1.9e-11
22.580000	0.000000	1.8e-11
22.590000	0.000000	1.8e-11
22.600000	0.000000	1.8e-11
22.610000	0.000000	1.8e-11
22.620000	0.000000	1.7e-11
22.630000	0.000000	1.7e-11
22.640000	0.000000	1.7e-11
22.650000	0.000000	1.7e-11
22.660000	0.000000	1.7e-11
22.670000	0.000000	1.6e-11
22.680000	0.000000	1.6e-11
22.690000	0.000000	1.6e-11
22.700000	0.000000	1.6e-11
22.710000	0.000000	1.5e-11
22.720000	0.000000	1.5e-11
22.730000	0.000000	1.5e-11
22.740000	0.000000	1.5e-11
22.750000	0.000000	1.5e-11
22.760000	0.000000	1.4e-11
22.770000	0.000000	1.4e-11
22.780000	0.000000	1.4e-11
22.790000	0.000000	1.4e-11
22.800000	0.000000	1.4e-11
22.810000	0.000000	1.3e-11
22.820000	0.000000	1.3e-11
22.830000	0.000000	1.3e-11
22.840000	0.000000	1.3e-11
22.850000	0.000000	1.3e-11
22.860000	0.000000	1.2e-11
22.870000	0.000000	1.2e-11
22.880000	0.000000	1.2e-11
22.890000	0.000000	1.2e-11
22.900000	0.000000	1.2e-11
22.910000	0.000000	1.2e-11
22.920000	0.000000	1.1e-11
22.930000	0.000000	1.1e-11
22.940000	0.000000	1.1e-11
22.950000	0.000000	1.1e-11
22.960000	0.000000	1.0e-11
22.970000	0.000000	1.0e-11
22.980000	0.000000	1.0e-11
22.990000	0.000000	1.0e-11
23.000000	0.000000	9.9e-12
23.010000	0.000000	9.7e-12
23.020000	0.000000	9.6e-12
23.030000	0.000000	9.5e-12
23.040000	0.000000	9.3e-12
23.050000	0.000000	9.2e-12
23.060000	0.000000	9.1e-12
23.070000	0.000000	9.0e-12
23.080000	0.000000	8.8e-12
23.090000	0.000000	8.7e-12
23.100000	0.000000	8.6e-12
23.110000	0.000000	8.5e-12
23.120000	0.000000	8.4e-12
23.130000	0.000000	8.3e-12
23.140000	0.000000	8.1e-12
23.150000	0.000000	8.0e-12
23.160000	0.000000	7.9e-12
23.170000	0.000000	7.8e-12
23.180000	0.000000	7.7e-12
23.190000	0.000000	7.6e-12
23.200000	0.000000	7.4e-12
23.210000	0.000000	7.3e-12
23.220000	0.000000	7.2e-12
23.230000	0.000000	7.1e-12
23.240000	0.000000	7.0e-12
23.250000	0.000000	6.9e-12
23.260000	0.000000	6.8e-12
23.270000	0.000000	6.7e-12
23.280000	0.000000	6.6e-12
23.290000	0.000000	6.6e-12
23.300000	0.000000	6.5e-12
23.310000	0.000000	6.4e-12
23.320000	0.000000	6.3e-12
23.330000	0.000000	6.2e-12
23.340000	0.000000	6.1e-12
23.350000	0.000000	6.0e-12
23.360000	0.000000	6.0e-12
23.370000	0.000000	5.9e-12
23.380000	0.000000	5.8e-12
23.390000	0.000000	5.7e-12
23.400000	0.000000	5.6e-12
23.410000	0.000000	5.6e-12
23.420000	0.000000	5.5e-12
23.430000	0.000000	5.4e-12
23.440000	0.000000	5.3e-12
23.450000	0.000000	5.2e-12
23.460000	0.000000	5.2e-12
23.470000	0.000000	5.1e-12
23.480000	0.000000	5.0e-12
23.490000	0.000000	4.9e-12
23.500000	0.000000	4.9e-12
23.510000	0.000000	4.8e-12
23.520000	0.000000	4.7e-12
23.530000	0.000000	4.7e-12
23.540000	0.000000	4.6e-12
23.550000	0.000000	4.6e-12
23.560000	0.000000	4.5e-12
23.570000	0.000000	4.4e-12
23.580000	0.000000	4.4e-12
23.590000	0.000000	4.3e-12
23.600000	0.000000	4.3e-12
23.610000	0.000000	4.2e-12
23.620000	0.000000	4.1e-12
23.630000	0.000000	4.1e-12
23.640000	0.000000	4.0e-12
23.650000	0.000000	4.0e-12
23.660000	0.000000	3.9e-12
23.670000	0.000000	3.9e-12
23.680000	0.000000	3.8e-12
23.690000	0.000000	3.7e-12
23.700000	0.000000	3.7e-12
23.710000	0.000000	3.6e-12
23.720000	0.000000	3.6e-12
23.730000	0.000000	3.5e-12
23.740000	0.000000	3.5e-12
23.750000	0.000000	3.4e-12
23.760000	0.000000	3.4e-12
23.770000	0.000000	3.3e-12
23.780000	0.000000	3.3e-12
23.790000	0.000000	3.2e-12
23.800000	0.000000	3.2e-12
23.810000	0.000000	3.2e-12
23.820000	0.000000	3.1e-12
23.830000	0.000000	3.1e-12
23.840000	0.000000	3.0e-12
23.850000	0.000000	3.0e-12
23.860000	0.000000	2.9e-12
23.870000	0.000000	2.9e-12
23.880000	0.000000	2.9e-12
23.890000	0.000000	2.8e-12
23.900000	0.000000	2.8e-12
23.910000	0.000000	2.8e-12
23.920000	0.000000	2.7e-12
23.930000	0.000000	2.7e-12
23.940000	0.000000	2.6e-12
23.950000	0.000000	2.6e-12
23.960000	0.000000	2.6e-12
23.970000	0.000000	2.5e-12
23.980000	0.000000	2.5e-12
23.990000	0.000000	2.5e-12
24.000000	0.000000	2.4e-12
24.010000	0.000000	2.4e-12
24.020000	0.000000	2.3e-12
24.030000	0.000000	2.3e-12
24.040000	0.000000	2.3e-12
24.050000	0.000000	2.2e-12
24.060000	0.000000	2.2e-12
24.070000	0.000000	2.2e-12
24.080000	0.000000	2.2e-12
24.090000	0.000000	2.1e-12
24.100000	0.000000	2.1e-12
24.110000	0.000000	2.1e-12
24.120000	0.000000	2.0e-12
24.130000	0.000000	2.0e-12
24.140000	0.000000	2.0e-12
24.150000	0.000000	2.0e-12
24.160000	0.000000	1.9e-12
24.170000	0.000000	1.9e-12
24.180000	0.000000	1.9e-12
24.190000	0.000000	1.9e-12
24.200000	0.000000	1.8e-12
24.210000	0.000000	1.8e-12
24.220000	0.000000	1.8e-12
24.230000	0.000000	1.8e-12
24.240000	0.000000	1.7e-12
24.250000	0.000000	1.7e-12
24.260000	0.000000	1.7e-12
24.270000	0.000000	1.7e-12
24.280000	0.000000	1.6e-12
24.290000	0.000000	1.6e-12
24.300000	0.000000	1.6e-12
24.310000	0.000000	1.5e-12
24.320000	0.000000	1.5e-12
24.330000	0.000000	1.5e-12
24.340000	0.000000	1.5e-12
24.350000	0.000000	1.5e-12
24.360000	0.000000	1.4e-12
24.370000	0.000000	1.4e-12
24.380000	0.000000	1.4e-12
24.390000	0.000000	1.4e-12
24.400000	0.000000	1.4e-12
24.410000	0.000000	1.3e-12
24.420000	0.000000	1.3e-12
24.430000	0.000000	1.3e-12
24.440000	0.000000	1.3e-12
24.450000	0.000000	1.3e-12
24.460000	0.000000	1.3e-12
24.470000	0.000000	1.2e-12
24.480000	0.000000	1.2e-12
24.490000	0.000000	1.2e-12
24.500000	0.000000	1.2e-12
24.510000	0.000000	1.2e-12
24.520000	0.000000	1.2e-12
24.530000	0.000000	1.1e-12
24.540000	0.000000	1.1e-12
24.550000	0.000000	1.1e-12
24.560000	0.000000	1.1e-12
24.570000	0.000000	1.1e-12
24.580000	0.000000	1.1e-12
24.590000	0.000000	1.0e-12
24.600000	0.000000	1.0e-12
24.610000	0.000000	1.0e-12
24.620000	0.000000	9.9e-13
24.630000	0.000000	9.8e-13
24.640000	0.000000	9.7e-13
24.650000	0.000000	9.5e-13
24.660000	0.000000	9.4e-13
24.670000	0.000000	9.3e-13
24.680000	0.000000	9.2e-13
24.690000	0.000000	9.0e-13
24.700000	0.000000	8.9e-13
24.710000	0.000000	8.8e-13
24.720000	0.000000	8.7e-13
24.730000	0.000000	8.6e-13
24.740000	0.000000	8.5e-13
24.750000	0.000000	8.4e-13
24.760000	0.000000	8.2e-13
24.770000	0.000000	8.1e-13
24.780000	0.000000	8.0e-13
24.790000	0.000000	7.9e-13
24.800000	0.000000	7.8e-13
24.810000	0.000000	7.7e-13
24.820000	0.000000	7.5e-13
24.830000	0.000000	7.4e-13
24.840000	0.000000	7.3e-13
24.850000	0.000000	7.2e-13
24.860000	0.000000	7.1e-13
24.870000	0.000000	7.0e-13
24.880000	0.000000	6.9e-13
24.890000	0.000000	6.8e-13
24.900000	0.000000	6.7e-13
24.910000	0.000000	6.6e-13
24.920000	0.000000	6.5e-13
24.930000	0.000000	6.4e-13
24.940000	0.000000	6.3e-13
24.950000	0.000000	6.3e-13
24.960000	0.000000	6.2e-13
24.970000	0.000000	6.1e-13
24.980000	0.000000	6.0e-13
24.990000	0.000000	5.9e-13
25.000000	0.000000	5.9e-13
25.010000	0.000000	5.8e-13
25.020000	0.000000	5.7e-13
25.030000	0.000000	5.6e-13
25.040000	0.000000	5.6e-13
25.050000	0.000000	5.5e-13
25.060000	0.000000	5.4e-13
25.070000	0.000000	5.3e-13
25.080000	0.000000	5.3e-13
25.090000	0.000000	5.2e-13
25.100000	0.000000	5.1e-13
25.110000	0.000000	5.0e-13
25.120000	0.000000	4.9e-13
25.130000	0.000000	4.9e-13
25.140000	0.000000	4.8e-13
25.150000	0.000000	4.7e-13
25.160000	0.000000	4.6e-13
25.170000	0.000000	4.6e-13
25.180000	0.000000	4.5e-13
25.190000	0.000000	4.5e-13
25.200000	0.000000	4.4e-13
25.210000	0.000000	4.3e-13
25.220000	0.000000	4.3e-13
25.230000	0.000000	4.2e-13
25.240000	0.000000	4.2e-13
25.250000	0.000000	4.1e-13
25.260000	0.000000	4.1e-13
25.270000	0.000000	4.0e-13
25.280000	0.000000	4.0e-13
25.290000	0.000000	3.9e-13
25.300000	0.000000	3.9e-13
25.310000	0.000000	3.8e-13
25.320000	0.000000	3.8e-13
25.330000	0.000000	3.7e-13
25.340000	0.000000	3.6e-13
25.350000	0.000000	3.6e-13
25.360000	0.000000	3.5e-13
25.370000	0.000000	3.5e-13
25.380000	0.000000	3.4e-13
25.390000	0.000000	3.4e-13
25.400000	0.000000	3.3e-13
25.410000	0.000000	3.3e-13
25.420000	0.000000	3.2e-13
25.430000	0.000000	3.2e-13
25.440000	0.000000	3.1e-13
25.450000	0.000000	3.1e-13
25.460000	0.000000	3.0e-13
25.470000	0.000000	3.0e-13
25.480000	0.000000	3.0e-13
25.490000	0.000000	2.9e-13
25.500000	0.000000	2.9e-13
25.510000	0.000000	2.8e-13
25.520000	0.000000	2.8e-13
25.530000	0.000000	2.8e-13
25.540000	0.000000	2.7e-13
25.550000	0.000000	2.7e-13
25.560000	0.000000	2.7e-13
25.570000	0.000000	2.6e-13
25.580000	0.000000	2.6e-13
25.590000	0.000000	2.6e-13
25.600000	0.000000	2.5e-13
25.610000	0.000000	2.5e-13
25.620000	0.000000	2.5e-13
25.630000	0.000000	2.4e-13
25.640000	0.000000	2.4e-13
25.650000	0.000000	2.4e-13
25.660000	0.000000	2.3e-13
25.670000	0.000000	2.3e-13
25.680000	0.000000	2.3e-13
25.690000	0.000000	2.2e-13
25.700000	0.000000	2.2e-13
25.710000	0.000000	2.2e-13
25.720000	0.000000	2.1e-13
25.730000	0.000000	2.1e-13
25.740000	0.000000	2.1e-13
25.750000	0.000000	2.0e-13
25.760000	0.000000	2.0e-13
25.770000	0.000000	2.0e-13
25.780000	0.000000	1.9e-13
25.790000	0.000000	1.9e-13
25.800000	0.000000	1.9e-13
25.810000	0.000000	1.9e-13
25.820000	0.000000	1.8e-13
25.830000	0.000000	1.8e-13
25.840000	0.000000	1.8e-13
25.850000	0.000000	1.8e-13
25.860000	0.000000	1.8e-13
25.870000	0.000000	1.7e-13
25.880000	0.000000	1.7e-13
25.890000	0.000000	1.7e-13
25.900000	0.000000	1.7e-13
25.910000	0.000000	1.6e-13
25.920000	0.000000	1.6e-13
25.930000	0.000000	1.6e-13
25.940000	0.000000	1.6e-13
25.950000	0.000000	1.5e-13
25.960000	0.000000	1.5e-13
25.970000	0.000000	1.5e-13
25.980000	0.000000	1.5e-13
25.990000	0.000000	1.5e-13
26.000000	0.000000	1.4e-13
26.010000	0.000000	1.4e-13
26.020000	0.000000	1.4e-13
26.030000	0.000000	1.4e-13
26.040000	0.000000	1.4e-13
26.050000	0.000000	1.3e-13
26.060000	0.000000	1.3e-13
26.070000	0.000000	1.3e-13
26.080000	0.000000	1.3e-13
26.090000	0.000000	1.3e-13
26.100000	0.000000	1.2e-13
26.110000	0.000000	1.2e-13
26.120000	0.000000	1.2e-13
26.130000	0.000000	1.2e-13
26.140000	0.000000	1.2e-13
26.150000	0.000000	1.2e-13
26.160000	0.000000	1.2e-13
26.170000	0.000000	1.1e-13
26.180000	0.000000	1.1e-13
26.190000	0.000000	1.1e-13
26.200000	0.000000	1.1e-13
26.210000	0.000000	1.1e-13
26.220000	0.000000	1.1e-13
26.230000	0.000000	1.0e-13
26.240000	0.000000	1.0e-13
26.250000	0.000000	1.0e-13
26.260000	0.000000	1.0e-13
26.270000	0.000000	9.9e-14
26.280000	0.000000	9.7e-14
26.290000	0.000000	9.5e-14
26.300000	0.000000	9.4e-14
26.310000	0.000000	9.3e-14
26.320000	0.000000	9.1e-14
26.330000	0.000000	9.0e-14
26.340000	0.000000	8.9e-14
26.350000	0.000000	8.8e-14
26.360000	0.000000	8.7e-14
26.370000	0.000000	8.5e-14
26.380000	0.000000	8.4e-14
26.390000	0.000000	8.3e-14
26.400000	0.000000	8.2e-14
26.410000	0.000000	8.1e-14
26.420000	0.000000	8.0e-14
26.430000	0.000000	7.9e-14
26.440000	0.000000	7.8e-14
26.450000	0.000000	7.7e-14
26.460000	0.000000	7.6e-14
26.470000	0.000000	7.5e-14
26.480000	0.000000	7.4e-14
26.490000	0.000000	7.3e-14
26.500000	0.000000	7.2e-14
26.510000	0.000000	7.1e-14
26.520000	0.000000	7.0e-14
26.530000	0.000000	6.9e-14
26.540000	0.000000	6.8e-14
26.550000	0.000000	6.7e-14
26.560000	0.000000	6.6e-14
26.570000	0.000000	6.5e-14
26.580000	0.000000	6.4e-14
26.590000	0.000000	6.3e-14
26.600000	0.000000	6.2e-14
26.610000	0.000000	6.1e-14
26.620000	0.000000	6.0e-14
26.630000	0.000000	5.9e-14
26.640000	0.000000	5.8e-14
26.650000	0.000000	5.8e-14
26.660000	0.000000	5.7e-14
26.670000	0.000000	5.6e-14
26.680000	0.000000	5.5e-14
26.690000	0.000000	5.5e-14
26.700000	0.000000	5.4e-14
26.710000	0.000000	5.3e-14
26.720000	0.000000	5.3e-14
26.730000	0.000000	5.2e-14
26.740000	0.000000	5.1e-14
26.750000	0.000000	5.1e-14
26.760000	0.000000	5.0e-14
26.770000	0.000000	4.9e-14
26.780000	0.000000	4.9e-14
26.790000	0.000000	4.8e-14
26.800000	0.000000	4.7e-14
26.810000	0.000000	4.6e-14
26.820000	0.000000	4.6e-14
26.830000	0.000000	4.5e-14
26.840000	0.000000	4.4e-14
26.850000	0.000000	4.4e-14
26.860000	0.000000	4.3e-14
26.870000	0.000000	4.2e-14
26.880000	0.000000	4.2e-14
26.890000	0.000000	4.1e-14
26.900000	0.000000	4.1e-14
26.910000	0.000000	4.0e-14
26.920000	0.000000	4.0e-14
26.930000	0.000000	3.9e-14
26.940000	0.000000	3.8e-14
26.950000	0.000000	3.8e-14
26.960000	0.000000	3.7e-14
26.970000	0.000000	3.7e-14
26.980000	0.000000	3.6e-14
26.990000	0.000000	3.6e-14
27.000000	0.000000	3.6e-14
27.010000	0.000000	3.5e-14
27.020000	0.000000	3.5e-14
27.030000	0.000000	3.4e-14
27.040000	0.000000	3.4e-14
27.050000	0.000000	3.3e-14
27.060000	0.000000	3.3e-14
27.070000	0.000000	3.2e-14
27.080000	0.000000	3.2e-14
27.090000	0.000000	3.1e-14
27.100000	0.000000	3.1e-14
27.110000	0.000000	3.0e-14
27.120000	0.000000	3.0e-14
27.130000	0.000000	3.0e-14
27.140000	0.000000	2.9e-14
27.150000	0.000000	2.9e-14
27.160000	0.000000	2.8e-14
27.170000	0.000000	2.8e-14
27.180000	0.000000	2.8e-14
27.190000	0.000000	2.7e-14
27.200000	0.000000	2.7e-14
27.210000	0.000000	2.6e-14
27.220000	0.000000	2.6e-14
27.230000	0.000000	2.6e-14
27.240000	0.000000	2.5e-14
27.250000	0.000000	2.5e-14
27.260000	0.000000	2.5e-14
27.270000	0.000000	2.4e-14
27.280000	0.000000	2.4e-14
27.290000	0.000000	2.4e-14
27.300000	0.000000	2.3e-14
27.310000	0.000000	2.3e-14
27.320000	0.000000	2.3e-14
27.330000	0.000000	2.2e-14
27.340000	0.000000	2.2e-14
27.350000	0.000000	2.2e-14
27.360000	0.000000	2.2e-14
27.370000	0.000000	2.1e-14
27.380000	0.000000	2.1e-14
27.390000	0.000000	2.1e-14
27.400000	0.000000	2.0e-14
27.410000	0.000000	2.0e-14
27.420000	0.000000	2.0e-14
27.430000	0.000000	1.9e-14
27.440000	0.000000	1.9e-14
27.450000	0.000000	1.9e-14
27.460000	0.000000	1.9e-14
27.470000	0.000000	1.8e-14
27.480000	0.000000	1.8e-14
27.490000	0.000000	1.8e-14
27.500000	0.000000	1.8e-14
27.510000	0.000000	1.7e-14
27.520000	0.000000	1.7e-14
27.530000	0.000000	1.7e-14
27.540000	0.000000	1.7e-14
27.550000	0.000000	1.6e-14
27.560000	0.000000	1.6e-14
27.570000	0.000000	1.6e-14
27.580000	0.000000	1.6e-14
27.590000	0.000000	1.6e-14
27.600000	0.000000	1.5e-14
27.610000	0.000000	1.5e-14
27.620000	0.000000	1.5e-14
27.630000	0.000000	1.5e-14
27.640000	0.000000	1.5e-14
27.650000	0.000000	1.4e-14
27.660000	0.000000	1.4e-14
27.670000	0.000000	1.4e-14
27.680000	0.000000	1.4e-14
27.690000	0.000000	1.4e-14
27.700000	0.000000	1.3e-14
27.710000	0.000000	1.3e-14
27.720000	0.000000	1.3e-14
27.730000	0.000000	1.3e-14
27.740000	0.000000	1.3e-14
27.750000	0.000000	1.2e-14
27.760000	0.000000	1.2e-14
27.770000	0.000000	1.2e-14
27.780000	0.000000	1.2e-14
27.790000	0.000000	1.2e-14
27.800000	0.000000	1.2e-14
27.810000	0.000000	1.1e-14
27.820000	0.000000	1.1e-14
27.830000	0.000000	1.1e-14
27.840000	0.000000	1.1e-14
27.850000	0.000000	1.1e-14
27.860000	0.000000	1.1e-14
27.870000	0.000000	1.1e-14
27.880000	0.000000	1.0e-14
27.890000	0.000000	1.0e-14
27.900000	0.000000	1.0e-14
27.910000	0.000000	1.0e-14
27.920000	0.000000	9.8e-15
27.930000	0.000000	9.7e-15
27.940000	0.000000	9.6e-15
27.950000	0.000000	9.4e-15
27.960000	0.000000	9.3e-15
27.970000	0.000000	9.1e-15
27.980000	0.000000	9.0e-15
27.990000	0.000000	8.9e-15
28.000000	0.000000	8.8e-15
28.010000	0.000000	8.7e-15
28.020000	0.000000	8.5e-15
28.030000	0.000000	8.4e-15
28.040000	0.000000	8.3e-15
28.050000	0.000000	8.2e-15
28.060000	0.000000	8.1e-15
28.070000	0.000000	8.0e-15
28.080000	0.000000	7.9e-15
28.090000	0.000000	7.8e-15
28.100000	0.000000	7.7e-15
28.110000	0.000000	7.5e-15
28.120000	0.000000	7.4e-15
28.130000	0.000000	7.3e-15
28.140000	0.000000	7.2e-15
28.150000	0.000000	7.1e-15
28.160000	0.000000	7.0e-15
28.170000	0.000000	6.9e-15
28.180000	0.000000	6.8e-15
28.190000	0.000000	6.7e-15
28.200000	0.000000	6.7e-15
28.210000	0.000000	6.6e-15
28.220000	0.000000	6.5e-15
28.230000	0.000000	6.4e-15
28.240000	0.000000	6.3e-15
28.250000	0.000000	6.2e-15
28.260000	0.000000	6.1e-15
28.270000	0.000000	6.0e-15
28.280000	0.000000	5.9e-15
28.290000	0.000000	5.9e-15
28.300000	0.000000	5.8e-15
28.310000	0.000000	5.7e-15
28.320000	0.000000	5.6e-15
28.330000	0.000000	5.5e-15
28.340000	0.000000	5.5e-15
28.350000	0.000000	5.4e-15
28.360000	0.000000	5.3e-15
28.370000	0.000000	5.3e-15
28.380000	0.000000	5.2e-15
28.390000	0.000000	5.1e-15
28.400000	0.000000	5.0e-15
28.410000	0.000000	5.0e-15
28.420000	0.000000	4.9e-15
28.430000	0.000000	4.8e-15
28.440000	0.000000	4.8e-15
28.450000	0.000000	4.7e-15
28.460000	0.000000	4.6e-15
28.470000	0.000000	4.6e-15
28.480000	0.000000	4.5e-15
28.490000	0.000000	4.4e-15
28.500000	0.000000	4.4e-15
28.510000	0.000000	4.3e-15
28.520000	0.000000	4.3e-15
28.530000	0.000000	4.2e-15
28.540000	0.000000	4.1e-15
28.550000	0.000000	4.1e-15
28.560000	0.000000	4.0e-15
28.570000	0.000000	4.0e-15
28.580000	0.000000	3.9e-15
28.590000	0.000000	3.9e-15
28.600000	0.000000	3.8e-15
28.610000	0.000000	3.8e-15
28.620000	0.000000	3.7e-15
28.630000	0.000000	3.7e-15
28.640000	0.000000	3.6e-15
28.650000	0.000000	3.6e-15
28.660000	0.000000	3.5e-15
28.670000	0.000000	3.5e-15
28.680000	0.000000	3.4e-15
28.690000	0.000000	3.4e-15
28.700000	0.000000	3.3e-15
28.710000	0.000000	3.3e-15
28.720000	0.000000	3.2e-15
28.730000	0.000000	3.2e-15
28.740000	0.000000	3.1e-15
28.750000	0.000000	3.1e-15
28.760000	0.000000	3.0e-15
28.770000	0.000000	3.0e-15
28.780000	0.000000	3.0e-15
28.790000	0.000000	2.9e-15
28.800000	0.000000	2.9e-15
28.810000	0.000000	2.8e-15
28.820000	0.000000	2.8e-15
28.830000	0.000000	2.8e-15
28.840000	0.000000	2.7e-15
28.850000	0.000000	2.7e-15
28.860000	0.000000	2.6e-15
28.870000	0.000000	2.6e-15
28.880000	0.000000	2.6e-15
28.890000	0.000000	2.5e-15
28.900000	0.000000	2.5e-15
28.910000	0.000000	2.5e-15
28.920000	0.000000	2.4e-15
28.930000	0.000000	2.4e-15
28.940000	0.000000	2.4e-15
28.950000	0.000000	2.3e-15
28.960000	0.000000	2.3e-15
28.970000	0.000000	2.3e-15
28.980000	0.000000	2.2e-15
28.990000	0.000000	2.2e-15
29.000000	0.000000	2.2e-15
29.010000	0.000000	2.2e-15
29.020000	0.000000	2.1e-15
29.030000	0.000000	2.1e-15
29.040000	0.000000	2.1e-15
29.050000	0.000000	2.0e-15
29.060000	0.000000	2.0e-15
29.070000	0.000000	2.0e-15
29.080000	0.000000	1.9e-15
29.090000	0.000000	1.9e-15
29.100000	0.000000	1.9e-15
29.110000	0.000000	1.9e-15
29.120000	0.000000	1.8e-15
29.130000	0.000000	1.8e-15
29.140000	0.000000	1.8e-15
29.150000	0.000000	1.8e-15
29.160000	0.000000	1.7e-15
29.170000	0.000000	1.7e-15
29.180000	0.000000	1.7e-15
29.190000	0.000000	1.7e-15
29.200000	0.000000	1.7e-15
29.210000	0.000000	1.6e-15
29.220000	0.000000	1.6e-15
29.230000	0.000000	1.6e-15
29.240000	0.000000	1.6e-15
29.250000	0.000000	1.5e-15
29.260000	0.000000	1.5e-15
29.270000	0.000000	1.5e-15
29.280000	0.000000	1.5e-15
29.290000	0.000000	1.5e-15
29.300000	0.000000	1.4e-15
29.310000	0.000000	1.4e-15
29.320000	0.000000	1.4e-15
29.330000	0.000000	1.4e-15
29.340000	0.000000	1.4e-15
29.350000	0.000000	1.3e-15
29.360000	0.000000	1.3e-15
29.370000	0.000000	1.3e-15
29.380000	0.000000	1.3e-15
29.390000	0.000000	1.3e-15
29.400000	0.000000	1.2e-15
29.410000	0.000000	1.2e-15
29.420000	0.000000	1.2e-15
29.430000	0.000000	1.2e-15
29.440000	0.000000	1.2e-15
29.450000	0.000000	1.2e-15
29.460000	0.000000	1.2e-15
29.470000	0.000000	1.1e-15
29.480000	0.000000	1.1e-15
29.490000	0.000000	1.1e-15
29.500000	0.000000	1.1e-15
29.510000	0.000000	1.1e-15
29.520000	0.000000	1.1e-15
29.530000	0.000000	1.0e-15
29.540000	0.000000	1.0e-15
29.550000	0.000000	1.0e-15
29.560000	0.000000	1.0e-15
29.570000	0.000000	9.9e-16
29.580000	0.000000	9.8e-16
29.590000	0.000000	9.6e-16
29.600000	0.000000	9.5e-16
29.610000	0.000000	9.3e-16
29.620000	0.000000	9.2e-16
29.630000	0.000000	9.1e-16
29.640000	0.000000	8.9e-16
29.650000	0.000000	8.8e-16
29.660000	0.000000	8.7e-16
29.670000	0.000000	8.5e-16
29.680000	0.000000	8.4e-16
29.690000	0.000000	8.3e-16
29.700000	0.000000	8.2e-16
29.710000	0.000000	8.1e-16
29.720000	0.000000	8.0e-16
29.730000	0.000000	7.9e-16
29.740000	0.000000	7.8e-16
29.750000	0.000000	7.7e-16
29.760000	0.000000	7.6e-16
29.770000	0.000000	7.5e-16
29.780000	0.000000	7.4e-16
29.790000	0.000000	7.3e-16
29.800000	0.000000	7.2e-16
29.810000	0.000000	7.1e-16
29.820000	0.000000	7.0e-16
29.830000	0.000000	6.9e-16
29.840000	0.000000	6.8e-16
29.850000	0.000000	6.7e-16
29.860000	0.000000	6.6e-16
29.870000	0.000000	6.5e-16
29.880000	0.000000	6.4e-16
29.890000	0.000000	6.3e-16
29.900000	0.000000	6.2e-16
29.910000	0.000000	6.2e-16
29.920000	0.000000	6.1e-16
29.930000	0.000000	6.0e-16
29.940000	0.000000	5.9e-16
29.950000	0.000000	5.8e-16
29.960000	0.000000	5.7e-16
29.970000	0.000000	5.6e-16
29.980000	0.000000	5.6e-16
29.990000	0.000000	5.5e-16
30.000000	0.000000	5.4e-16
30.010000	0.000000	5.4e-16
30.020000	0.000000	5.3e-16
30.030000	0.000000	5.2e-16
30.040000	0.000000	5.1e-16
30.050000	0.000000	5.1e-16
30.060000	0.000000	5.0e-16
30.070000	0.000000	4.9e-16
30.080000	0.000000	4.9e-16
30.090000	0.000000	4.8e-16
