0.100000	0.000000	15813.952287
0.110000	0.000000	11098.840591
0.120000	0.000000	12887.693178
0.130000	0.000000	11532.745906
0.140000	0.000000	11187.437420
0.150000	0.000000	8889.137221
0.160000	0.000000	8397.500549
0.170000	0.000000	7210.725491
0.180000	0.000000	6503.199586
0.190000	0.000000	6482.624099
0.200000	0.000000	5523.607201
0.210000	0.000000	5593.004130
0.220000	0.000000	6164.371987
0.230000	0.000000	4799.107807
0.240000	0.000000	5327.463295
0.250000	0.000000	4831.539572
0.260000	0.000000	4041.499865
0.270000	0.000000	4007.392379
0.280000	0.000000	4079.281392
0.290000	0.000000	3744.620558
0.300000	0.000000	3466.531082
0.310000	0.000000	3445.650683
0.320000	0.000000	3498.356031
0.330000	0.000000	3573.702024
0.340000	0.000000	3306.196096
0.350000	0.000000	2977.602596
0.360000	0.000000	8191.499722
0.370000	0.000000	21982.231677
0.380000	0.000000	24665.776886
0.390000	0.000000	9121.567561
0.400000	0.000000	26519.007881
0.410000	0.000000	3431.279214
0.420000	0.000000	11662.568251
0.430000	0.000000	8158.320863
0.440000	0.000000	10443.216640
0.450000	0.000000	3100.959203
0.460000	0.000000	2235.044957
0.470000	0.000000	2184.471791
0.480000	0.000000	11029.492712
0.490000	0.000000	6397.484666
0.500000	0.000000	5336.229001
0.510000	0.000000	4567.820487
0.520000	0.000000	1958.165324
0.530000	0.000000	3796.006193
0.540000	0.000000	4941.234019
0.550000	0.000000	1873.044735
0.560000	0.000000	2567.417246
0.570000	0.000000	4914.079361
0.580000	0.000000	4185.480746
0.590000	0.000000	3375.620425
0.600000	0.000000	4746.783768
0.610000	0.000000	1815.950189
0.620000	0.000000	2045.646914
0.630000	0.000000	2871.974097
0.640000	0.000000	2676.578968
0.650000	0.000000	5319.166542
0.660000	0.000000	3936.599298
0.670000	0.000000	2159.902042
0.680000	0.000000	1987.934513
0.690000	0.000000	1916.678690
0.700000	0.000000	2022.447539
0.710000	0.000000	2241.396781
0.720000	0.000000	2131.390090
0.730000	0.000000	2999.598428
0.740000	0.000000	1672.653622
0.750000	0.000000	1484.907595
0.760000	0.000000	1460.068296
0.770000	0.000000	2314.947783
0.780000	0.000000	1476.839661
0.790000	0.000000	1593.293607
0.800000	0.000000	1636.784984
0.810000	0.000000	1711.135348
0.820000	0.000000	1583.251582
0.830000	0.000000	1506.142477
0.840000	0.000000	1440.569502
0.850000	0.000000	1384.298063
0.860000	0.000000	1372.794529
0.870000	0.000000	1394.534604
0.880000	0.000000	1420.353986
0.890000	0.000000	1393.644060
0.900000	0.000000	1394.902522
0.910000	0.000000	1410.066072
0.920000	0.000000	1383.132382
0.930000	0.000000	1412.230406
0.940000	0.000000	1367.096922
0.950000	0.000000	1379.031211
0.960000	0.000000	1372.066391
0.970000	0.000000	1406.632394
0.980000	0.000000	1352.210553
0.990000	0.000000	1393.757041
1.000000	0.000000	1430.692022
1.010000	0.000000	1759.757050
1.020000	0.000000	1715.821706
1.030000	0.000000	1391.413621
1.040000	0.000000	1672.655369
1.050000	0.000000	1916.850480
1.060000	0.000000	1299.069886
1.070000	0.000000	1360.947460
1.080000	0.000000	1682.980043
1.090000	0.000000	1314.376213
1.100000	0.000000	2105.727689
1.110000	0.000000	1212.264752
1.120000	0.000000	1997.023177
1.130000	0.000000	1312.557069
1.140000	0.000000	1173.581958
1.150000	0.000000	1372.827155
1.160000	0.000000	1595.186945
1.170000	0.000000	1342.300279
1.180000	0.000000	1126.415754
1.190000	0.000000	1124.916428
1.200000	0.000000	1146.472755
1.210000	0.000000	1147.620027
1.220000	0.000000	1095.869299
1.230000	0.000000	1108.809572
1.240000	0.000000	1108.721035
1.250000	0.000000	1072.811168
1.260000	0.000000	1070.744812
1.270000	0.000000	1092.965004
1.280000	0.000000	1056.649680
1.290000	0.000000	1074.437060
1.300000	0.000000	1057.677800
1.310000	0.000000	1068.339114
1.320000	0.000000	1061.583514
1.330000	0.000000	1043.539847
1.340000	0.000000	1029.426553
1.350000	0.000000	1023.026841
1.360000	0.000000	1029.300782
1.370000	0.000000	1034.796917
1.380000	0.000000	1027.380305
1.390000	0.000000	1032.946423
1.400000	0.000000	1044.047990
1.410000	0.000000	989.472155
1.420000	0.000000	997.060734
1.430000	0.000000	986.716627
1.440000	0.000000	971.448431
1.450000	0.000000	970.182734
1.460000	0.000000	956.724830
1.470000	0.000000	974.797702
1.480000	0.000000	1022.180637
1.490000	0.000000	1021.958511
1.500000	0.000000	986.799627
1.510000	0.000000	945.723466
1.520000	0.000000	927.032420
1.530000	0.000000	919.824979
1.540000	0.000000	954.299588
1.550000	0.000000	985.134867
1.560000	0.000000	911.628275
1.570000	0.000000	914.189269
1.580000	0.000000	890.315792
1.590000	0.000000	885.037728
1.600000	0.000000	885.483937
1.610000	0.000000	880.721968
1.620000	0.000000	866.926313
1.630000	0.000000	861.776034
1.640000	0.000000	855.273875
1.650000	0.000000	885.669070
1.660000	0.000000	878.000085
1.670000	0.000000	859.381608
1.680000	0.000000	843.633872
1.690000	0.000000	832.351255
1.700000	0.000000	827.400586
1.710000	0.000000	822.706189
1.720000	0.000000	826.165447
1.730000	0.000000	836.542218
1.740000	0.000000	808.966895
1.750000	0.000000	819.100948
1.760000	0.000000	803.067937
1.770000	0.000000	796.008590
1.780000	0.000000	782.634575
1.790000	0.000000	777.696941
1.800000	0.000000	777.135628
1.810000	0.000000	781.040903
1.820000	0.000000	773.782191
1.830000	0.000000	763.027284
1.840000	0.000000	754.451351
1.850000	0.000000	747.637489
1.860000	0.000000	741.956187
1.870000	0.000000	740.517901
1.880000	0.000000	737.486940
1.890000	0.000000	727.492831
1.900000	0.000000	722.672822
1.910000	0.000000	717.402784
1.920000	0.000000	712.518080
1.930000	0.000000	707.625450
1.940000	0.000000	704.486537
1.950000	0.000000	698.233653
1.960000	0.000000	692.545170
1.970000	0.000000	687.953046
1.980000	0.000000	683.177241
1.990000	0.000000	678.300894
2.000000	0.000000	673.578175
2.010000	0.000000	668.640908
2.020000	0.000000	664.164701
2.030000	0.000000	659.506089
2.040000	0.000000	654.432945
2.050000	0.000000	649.568208
2.060000	0.000000	644.487800
2.070000	0.000000	639.326647
2.080000	0.000000	634.568566
2.090000	0.000000	629.364441
2.100000	0.000000	622.965285
2.110000	0.000000	614.906014
2.120000	0.000000	606.884757
2.130000	0.000000	599.023082
2.140000	0.000000	590.346921
2.150000	0.000000	583.104851
2.160000	0.000000	574.321022
2.170000	0.000000	565.855349
2.180000	0.000000	557.813319
2.190000	0.000000	549.828963
2.200000	0.000000	541.875609
2.210000	0.000000	533.829854
2.220000	0.000000	525.716692
2.230000	0.000000	517.702898
2.240000	0.000000	509.685162
2.250000	0.000000	501.667388
2.260000	0.000000	493.652069
2.270000	0.000000	485.686293
2.280000	0.000000	477.244740
2.290000	0.000000	469.134483
2.300000	0.000000	463.366675
2.310000	0.000000	450.411780
2.320000	0.000000	437.765662
2.330000	0.000000	425.395214
2.340000	0.000000	413.195704
2.350000	0.000000	400.663335
2.360000	0.000000	388.068173
2.370000	0.000000	406.714771
2.380000	0.000000	406.152917
2.390000	0.000000	350.471687
2.400000	0.000000	373.667081
2.410000	0.000000	444.147292
2.420000	0.000000	6493.079810
2.430000	0.000000	45997.672260
2.440000	0.000000	22356.003083
2.450000	0.000000	9111.996406
2.460000	0.000000	100979.834394
2.470000	0.000000	13399.338626
2.480000	0.000000	245.714473
2.490000	0.000000	237.135455
2.500000	0.000000	228.566257
2.510000	0.000000	220.148245
2.520000	0.000000	211.578385
2.530000	0.000000	202.957192
2.540000	0.000000	194.425360
2.550000	0.000000	250.536296
2.560000	0.000000	300.198139
2.570000	0.000000	174.371478
2.580000	0.000000	1060.687904
2.590000	0.000000	4792.413836
2.600000	0.000000	4963.392536
2.610000	0.000000	53362.493597
2.620000	0.000000	104032.996861
2.630000	0.000000	7768.354603
2.640000	0.000000	109.063135
2.650000	0.000000	108.164565
2.660000	0.000000	107.302225
2.670000	0.000000	106.453547
2.680000	0.000000	105.602114
2.690000	0.000000	104.751077
2.700000	0.000000	103.921584
2.710000	0.000000	103.074144
2.720000	0.000000	102.332793
2.730000	0.000000	101.626521
2.740000	0.000000	100.782807
2.750000	0.000000	100.607169
2.760000	0.000000	99.030793
2.770000	0.000000	98.746871
2.780000	0.000000	100.047802
2.790000	0.000000	113.024695
2.800000	0.000000	153.781639
2.810000	0.000000	106.095434
2.820000	0.000000	819.709925
2.830000	0.000000	420.425730
2.840000	0.000000	136.186054
2.850000	0.000000	97.451749
2.860000	0.000000	90.502638
2.870000	0.000000	7864.151270
2.880000	0.000000	9903.454763
2.890000	0.000000	88.099223
2.900000	0.000000	87.309959
2.910000	0.000000	86.522141
2.920000	0.000000	85.734359
2.930000	0.000000	85.038602
2.940000	0.000000	94.740674
2.950000	0.000000	477.732471
2.960000	0.000000	205.804848
2.970000	0.000000	94.434573
2.980000	0.000000	94.506973
2.990000	0.000000	84.100757
3.000000	0.000000	79.481657
3.010000	0.000000	213.517276
3.020000	0.000000	3592.739714
3.030000	0.000000	2959.021542
3.040000	0.000000	355.181622
3.050000	0.000000	425.732005
3.060000	0.000000	185.116154
3.070000	0.000000	74.513521
3.080000	0.000000	74.025001
3.090000	0.000000	3171.417862
3.100000	0.000000	20504.838482
3.110000	0.000000	73.781541
3.120000	0.000000	80.897344
3.130000	0.000000	1698.121215
3.140000	0.000000	264.680253
3.150000	0.000000	907.239790
3.160000	0.000000	313.688576
3.170000	0.000000	530.909543
3.180000	0.000000	755.326142
3.190000	0.000000	406.373906
3.200000	0.000000	102.425032
3.210000	0.000000	100.369025
3.220000	0.000000	135.462351
3.230000	0.000000	135.963916
3.240000	0.000000	135.555351
3.250000	0.000000	141.100604
3.260000	0.000000	952.198560
3.270000	0.000000	6003.268956
3.280000	0.000000	151.962299
3.290000	0.000000	131.418981
3.300000	0.000000	130.559830
3.310000	0.000000	135.024184
3.320000	0.000000	139.265629
3.330000	0.000000	130.697705
3.340000	0.000000	127.021944
3.350000	0.000000	1864.541505
3.360000	0.000000	1368.325595
3.370000	0.000000	124.478269
3.380000	0.000000	123.665423
3.390000	0.000000	672.510331
3.400000	0.000000	1166.391039
3.410000	0.000000	346.224275
3.420000	0.000000	892.268285
3.430000	0.000000	188.417160
3.440000	0.000000	725.573022
3.450000	0.000000	729.744658
3.460000	0.000000	125.474811
3.470000	0.000000	116.992387
3.480000	0.000000	115.659340
3.490000	0.000000	210.668304
3.500000	0.000000	260.761493
3.510000	0.000000	268.047456
3.520000	0.000000	265.955864
3.530000	0.000000	264.354320
3.540000	0.000000	262.779724
3.550000	0.000000	261.220756
3.560000	0.000000	259.654918
3.570000	0.000000	258.066698
3.580000	0.000000	256.514194
3.590000	0.000000	254.933161
3.600000	0.000000	253.412365
3.610000	0.000000	252.234911
3.620000	0.000000	250.264305
3.630000	0.000000	248.512607
3.640000	0.000000	246.941029
3.650000	0.000000	245.360433
3.660000	0.000000	243.816337
3.670000	0.000000	242.380716
3.680000	0.000000	243.652700
3.690000	0.000000	241.171161
3.700000	0.000000	237.769353
3.710000	0.000000	236.009326
3.720000	0.000000	234.435763
3.730000	0.000000	232.876665
3.740000	0.000000	231.318207
3.750000	0.000000	229.759625
3.760000	0.000000	228.199875
3.770000	0.000000	226.662427
3.780000	0.000000	225.326286
3.790000	0.000000	223.570371
3.800000	0.000000	221.895880
3.810000	0.000000	220.318037
3.820000	0.000000	218.749646
3.830000	0.000000	217.225007
3.840000	0.000000	215.767013
3.850000	0.000000	218.851159
3.860000	0.000000	217.863254
3.870000	0.000000	214.770092
3.880000	0.000000	213.023491
3.890000	0.000000	217.187280
3.900000	0.000000	218.728871
3.910000	0.000000	204.740403
3.920000	0.000000	203.578995
3.930000	0.000000	203.340115
3.940000	0.000000	200.072512
3.950000	0.000000	198.525770
3.960000	0.000000	197.577954
3.970000	0.000000	195.346937
3.980000	0.000000	193.758657
3.990000	0.000000	192.207847
4.000000	0.000000	190.966418
4.010000	0.000000	189.231868
4.020000	0.000000	187.565571
4.030000	0.000000	186.152542
4.040000	0.000000	184.590927
4.050000	0.000000	183.000582
4.060000	0.000000	181.739339
4.070000	0.000000	180.590266
4.080000	0.000000	179.293109
4.090000	0.000000	178.646058
4.100000	0.000000	179.506738
4.110000	0.000000	176.128511
4.120000	0.000000	174.998417
4.130000	0.000000	173.740006
4.140000	0.000000	173.275405
4.150000	0.000000	171.720458
4.160000	0.000000	170.583232
4.170000	0.000000	169.532753
4.180000	0.000000	168.479355
4.190000	0.000000	167.426352
4.200000	0.000000	166.374385
4.210000	0.000000	165.322435
4.220000	0.000000	164.270530
4.230000	0.000000	163.222683
4.240000	0.000000	162.259343
4.250000	0.000000	161.331278
4.260000	0.000000	160.066633
4.270000	0.000000	159.018564
4.280000	0.000000	157.964645
4.290000	0.000000	156.896144
4.300000	0.000000	155.937991
4.310000	0.000000	154.759945
4.320000	0.000000	153.691065
4.330000	0.000000	152.754332
4.340000	0.000000	151.628245
4.350000	0.000000	150.577448
4.360000	0.000000	149.532248
4.370000	0.000000	148.468828
4.380000	0.000000	147.417164
4.390000	0.000000	146.354893
4.400000	0.000000	145.284617
4.410000	0.000000	144.235026
4.420000	0.000000	143.194579
4.430000	0.000000	142.168147
4.440000	0.000000	141.103020
4.450000	0.000000	140.056326
4.460000	0.000000	138.982270
4.470000	0.000000	137.896782
4.480000	0.000000	136.888682
4.490000	0.000000	135.808259
4.500000	0.000000	135.066029
4.510000	0.000000	133.883242
4.520000	0.000000	132.690571
4.530000	0.000000	131.621860
4.540000	0.000000	130.573490
4.550000	0.000000	129.521847
4.560000	0.000000	128.478712
4.570000	0.000000	128.213931
4.580000	0.000000	128.073594
4.590000	0.000000	125.353122
4.600000	0.000000	124.311787
4.610000	0.000000	123.273466
4.620000	0.000000	122.266832
4.630000	0.000000	121.419699
4.640000	0.000000	120.672363
4.650000	0.000000	119.942323
4.660000	0.000000	119.213352
4.670000	0.000000	118.502187
4.680000	0.000000	117.808477
4.690000	0.000000	117.198437
4.700000	0.000000	116.531078
4.710000	0.000000	115.805377
4.720000	0.000000	115.194018
4.730000	0.000000	114.537680
4.740000	0.000000	113.796858
4.750000	0.000000	113.187517
4.760000	0.000000	112.222027
4.770000	0.000000	111.510303
4.780000	0.000000	110.817763
4.790000	0.000000	110.119455
4.800000	0.000000	109.372169
4.810000	0.000000	108.698954
4.820000	0.000000	108.634261
4.830000	0.000000	107.418519
4.840000	0.000000	106.566978
4.850000	0.000000	105.944923
4.860000	0.000000	105.336262
4.870000	0.000000	104.553614
4.880000	0.000000	103.765181
4.890000	0.000000	103.066723
4.900000	0.000000	102.369070
4.910000	0.000000	101.671745
4.920000	0.000000	101.050098
4.930000	0.000000	100.527897
4.940000	0.000000	99.582249
4.950000	0.000000	98.883882
4.960000	0.000000	98.189141
4.970000	0.000000	97.459207
4.980000	0.000000	96.895685
4.990000	0.000000	96.068188
5.000000	0.000000	95.349518
5.010000	0.000000	94.652821
5.020000	0.000000	94.025537
5.030000	0.000000	93.302894
5.040000	0.000000	92.605558
5.050000	0.000000	91.923345
5.060000	0.000000	91.203990
5.070000	0.000000	90.506117
5.080000	0.000000	89.815756
5.090000	0.000000	89.103594
5.100000	0.000000	88.410514
5.110000	0.000000	87.727655
5.120000	0.000000	87.116487
5.130000	0.000000	86.326577
5.140000	0.000000	85.600995
5.150000	0.000000	84.921757
5.160000	0.000000	84.222578
5.170000	0.000000	83.529823
5.180000	0.000000	82.848343
5.190000	0.000000	82.276746
5.200000	0.000000	81.786747
5.210000	0.000000	81.295027
5.220000	0.000000	80.798166
5.230000	0.000000	80.312792
5.240000	0.000000	79.841691
5.250000	0.000000	79.374393
5.260000	0.000000	78.871099
5.270000	0.000000	78.405725
5.280000	0.000000	77.940351
5.290000	0.000000	77.475012
5.300000	0.000000	76.993150
5.310000	0.000000	76.534033
5.320000	0.000000	76.049773
5.330000	0.000000	75.582601
5.340000	0.000000	75.117194
5.350000	0.000000	74.661679
5.360000	0.000000	74.191406
5.370000	0.000000	73.725344
5.380000	0.000000	73.260764
5.390000	0.000000	72.795824
5.400000	0.000000	72.333175
5.410000	0.000000	71.866959
5.420000	0.000000	71.400422
5.430000	0.000000	70.936779
5.440000	0.000000	70.473306
5.450000	0.000000	70.009253
5.460000	0.000000	69.544731
5.470000	0.000000	69.060394
5.480000	0.000000	68.588238
5.490000	0.000000	68.136117
5.500000	0.000000	67.664159
5.510000	0.000000	67.198750
5.520000	0.000000	66.734691
5.530000	0.000000	66.277230
5.540000	0.000000	65.816948
5.550000	0.000000	65.350694
5.560000	0.000000	64.887971
5.570000	0.000000	64.443193
5.580000	0.000000	63.991056
5.590000	0.000000	63.504580
5.600000	0.000000	63.059039
5.610000	0.000000	62.674423
5.620000	0.000000	62.520336
5.630000	0.000000	62.033089
5.640000	0.000000	61.388705
5.650000	0.000000	60.983131
5.660000	0.000000	60.483365
5.670000	0.000000	60.669470
5.680000	0.000000	59.579508
5.690000	0.000000	58.857733
5.700000	0.000000	58.396383
5.710000	0.000000	57.935655
5.720000	0.000000	57.475015
5.730000	0.000000	57.014506
5.740000	0.000000	56.554916
5.750000	0.000000	56.128016
5.760000	0.000000	55.776264
5.770000	0.000000	55.455122
5.780000	0.000000	55.134929
5.790000	0.000000	54.815391
5.800000	0.000000	54.493073
5.810000	0.000000	54.154686
5.820000	0.000000	53.835628
5.830000	0.000000	53.516078
5.840000	0.000000	53.198204
5.850000	0.000000	52.888516
5.860000	0.000000	52.590406
5.870000	0.000000	52.286000
5.880000	0.000000	51.978316
5.890000	0.000000	51.671037
5.900000	0.000000	51.364967
5.910000	0.000000	51.060687
5.920000	0.000000	50.758769
5.930000	0.000000	50.459037
5.940000	0.000000	50.142457
5.950000	0.000000	49.837853
5.960000	0.000000	49.533384
5.970000	0.000000	49.221738
5.980000	0.000000	48.903558
5.990000	0.000000	48.598902
6.000000	0.000000	48.299221
6.010000	0.000000	47.990927
6.020000	0.000000	47.688774
6.030000	0.000000	47.385693
6.040000	0.000000	47.079878
6.050000	0.000000	46.775553
6.060000	0.000000	46.473220
6.070000	0.000000	46.171504
6.080000	0.000000	45.868282
6.090000	0.000000	45.569567
6.100000	0.000000	45.282067
6.110000	0.000000	45.003739
6.120000	0.000000	44.866746
6.130000	0.000000	44.460932
6.140000	0.000000	44.101622
6.150000	0.000000	43.836119
6.160000	0.000000	43.510739
6.170000	0.000000	43.417477
6.180000	0.000000	42.893006
6.190000	0.000000	42.512311
6.200000	0.000000	42.209488
6.210000	0.000000	41.906372
6.220000	0.000000	41.603135
6.230000	0.000000	41.300240
6.240000	0.000000	40.997505
6.250000	0.000000	40.694907
6.260000	0.000000	40.392328
6.270000	0.000000	40.089714
6.280000	0.000000	39.787245
6.290000	0.000000	39.484876
6.300000	0.000000	39.182193
6.310000	0.000000	38.863533
6.320000	0.000000	38.557465
6.330000	0.000000	38.298517
6.340000	0.000000	38.080638
6.350000	0.000000	37.868689
6.360000	0.000000	37.656598
6.370000	0.000000	37.444475
6.380000	0.000000	37.234037
6.390000	0.000000	37.022981
6.400000	0.000000	36.816074
6.410000	0.000000	36.606020
6.420000	0.000000	36.386114
6.430000	0.000000	36.174779
6.440000	0.000000	35.966085
6.450000	0.000000	35.761815
6.460000	0.000000	35.592495
6.470000	0.000000	35.467711
6.480000	0.000000	35.141113
6.490000	0.000000	34.981582
6.500000	0.000000	34.759800
6.510000	0.000000	34.540255
6.520000	0.000000	34.342609
6.530000	0.000000	34.667320
6.540000	0.000000	34.688467
6.550000	0.000000	34.099576
6.560000	0.000000	33.736713
6.570000	0.000000	34.439395
6.580000	0.000000	34.824791
6.590000	0.000000	33.952704
6.600000	0.000000	35.813477
6.610000	0.000000	41.757151
6.620000	0.000000	42.306402
6.630000	0.000000	45.419767
6.640000	0.000000	46.649287
6.650000	0.000000	50.843014
6.660000	0.000000	49.417483
6.670000	0.000000	40.179128
6.680000	0.000000	40.928689
6.690000	0.000000	63.468114
6.700000	0.000000	44.485189
6.710000	0.000000	30.761771
6.720000	0.000000	30.308028
6.730000	0.000000	30.062683
6.740000	0.000000	29.861316
6.750000	0.000000	29.659893
6.760000	0.000000	29.458771
6.770000	0.000000	29.257665
6.780000	0.000000	29.056547
6.790000	0.000000	28.855423
6.800000	0.000000	28.654350
6.810000	0.000000	28.447704
6.820000	0.000000	28.238986
6.830000	0.000000	28.038138
6.840000	0.000000	27.841291
6.850000	0.000000	27.637535
6.860000	0.000000	27.435714
6.870000	0.000000	27.237524
6.880000	0.000000	27.035827
6.890000	0.000000	26.838203
6.900000	0.000000	26.650304
6.910000	0.000000	26.487754
6.920000	0.000000	26.311224
6.930000	0.000000	26.084137
6.940000	0.000000	25.923675
6.950000	0.000000	25.798087
6.960000	0.000000	25.628514
6.970000	0.000000	25.619529
6.980000	0.000000	25.294910
6.990000	0.000000	25.149110
7.000000	0.000000	25.008386
7.010000	0.000000	24.868993
7.020000	0.000000	24.747724
7.030000	0.000000	24.594205
7.040000	0.000000	24.445921
7.050000	0.000000	24.309450
7.060000	0.000000	24.169545
7.070000	0.000000	24.026488
7.080000	0.000000	23.884670
7.090000	0.000000	23.743518
7.100000	0.000000	23.606865
7.110000	0.000000	23.474096
7.120000	0.000000	23.338580
7.130000	0.000000	23.204351
7.140000	0.000000	23.070125
7.150000	0.000000	22.927559
7.160000	0.000000	22.795726
7.170000	0.000000	22.674100
7.180000	0.000000	22.529922
7.190000	0.000000	22.398336
7.200000	0.000000	22.259221
7.210000	0.000000	22.121737
7.220000	0.000000	21.987003
7.230000	0.000000	21.852589
7.240000	0.000000	21.718438
7.250000	0.000000	21.585907
7.260000	0.000000	21.461055
7.270000	0.000000	21.336447
7.280000	0.000000	21.186380
7.290000	0.000000	21.047694
7.300000	0.000000	20.913543
7.310000	0.000000	20.779014
7.320000	0.000000	20.636470
7.330000	0.000000	20.505563
7.340000	0.000000	20.368802
7.350000	0.000000	20.234349
7.360000	0.000000	20.102024
7.370000	0.000000	19.967069
7.380000	0.000000	19.833343
7.390000	0.000000	19.699513
7.400000	0.000000	19.565574
7.410000	0.000000	19.431627
7.420000	0.000000	19.297311
7.430000	0.000000	19.163642
7.440000	0.000000	19.029600
7.450000	0.000000	18.895794
7.460000	0.000000	18.762267
7.470000	0.000000	18.628210
7.480000	0.000000	18.493003
7.490000	0.000000	18.351725
7.500000	0.000000	18.217887
7.510000	0.000000	18.084227
7.520000	0.000000	17.958580
7.530000	0.000000	17.821521
7.540000	0.000000	17.685926
7.550000	0.000000	17.563038
7.560000	0.000000	17.453946
7.570000	0.000000	17.355520
7.580000	0.000000	17.261551
7.590000	0.000000	17.167259
7.600000	0.000000	17.073620
7.610000	0.000000	16.983744
7.620000	0.000000	16.900665
7.630000	0.000000	16.815971
7.640000	0.000000	16.716959
7.650000	0.000000	16.607404
7.660000	0.000000	16.511215
7.670000	0.000000	16.413471
7.680000	0.000000	16.356857
7.690000	0.000000	16.241899
7.700000	0.000000	16.165262
7.710000	0.000000	16.133061
7.720000	0.000000	16.258229
7.730000	0.000000	16.277789
7.740000	0.000000	16.023038
7.750000	0.000000	15.967125
7.760000	0.000000	16.179453
7.770000	0.000000	16.631303
7.780000	0.000000	17.591075
7.790000	0.000000	16.005967
7.800000	0.000000	15.817285
7.810000	0.000000	15.160872
7.820000	0.000000	15.289644
7.830000	0.000000	15.027566
7.840000	0.000000	14.863646
7.850000	0.000000	14.766257
7.860000	0.000000	15.089060
7.870000	0.000000	16.680198
7.880000	0.000000	15.487312
7.890000	0.000000	14.408177
7.900000	0.000000	14.318728
7.910000	0.000000	14.230490
7.920000	0.000000	14.141542
7.930000	0.000000	14.050614
7.940000	0.000000	13.961281
7.950000	0.000000	13.871964
7.960000	0.000000	13.783068
7.970000	0.000000	13.696354
7.980000	0.000000	13.604277
7.990000	0.000000	13.509580
8.000000	0.000000	13.419684
8.010000	0.000000	13.331125
8.020000	0.000000	13.241385
8.030000	0.000000	13.152569
8.040000	0.000000	13.063165
8.050000	0.000000	12.974107
8.060000	0.000000	12.884807
8.070000	0.000000	12.795294
8.080000	0.000000	12.706170
8.090000	0.000000	12.623827
8.100000	0.000000	12.542580
8.110000	0.000000	12.446188
8.120000	0.000000	12.357031
8.130000	0.000000	12.269706
8.140000	0.000000	12.183944
8.150000	0.000000	12.087866
8.160000	0.000000	13.179494
8.170000	0.000000	11.985680
8.180000	0.000000	11.992469
8.190000	0.000000	11.818065
8.200000	0.000000	11.697169
8.210000	0.000000	11.790329
8.220000	0.000000	11.661523
8.230000	0.000000	11.504316
8.240000	0.000000	11.447495
8.250000	0.000000	11.386778
8.260000	0.000000	11.314704
8.270000	0.000000	11.252462
8.280000	0.000000	11.402857
8.290000	0.000000	11.884490
8.300000	0.000000	11.066842
8.310000	0.000000	11.005874
8.320000	0.000000	10.940373
8.330000	0.000000	10.878001
8.340000	0.000000	11.298649
8.350000	0.000000	10.828331
8.360000	0.000000	10.778499
8.370000	0.000000	10.657761
8.380000	0.000000	10.569075
8.390000	0.000000	10.568215
8.400000	0.000000	10.489091
8.410000	0.000000	10.379505
8.420000	0.000000	10.319758
8.430000	0.000000	10.260100
8.440000	0.000000	10.200443
8.450000	0.000000	10.140779
8.460000	0.000000	10.081121
8.470000	0.000000	10.056793
8.480000	0.000000	10.329031
8.490000	0.000000	9.900023
8.500000	0.000000	9.838462
8.510000	0.000000	9.778811
8.520000	0.000000	9.719161
8.530000	0.000000	9.659570
8.540000	0.000000	9.599956
8.550000	0.000000	9.540408
8.560000	0.000000	9.481639
8.570000	0.000000	9.422046
8.580000	0.000000	9.452604
8.590000	0.000000	9.421415
8.600000	0.000000	9.243010
8.610000	0.000000	9.183168
8.620000	0.000000	9.123643
8.630000	0.000000	9.064125
8.640000	0.000000	9.013928
8.650000	0.000000	9.059644
8.660000	0.000000	8.882655
8.670000	0.000000	8.822179
8.680000	0.000000	8.771575
8.690000	0.000000	8.762752
8.700000	0.000000	8.660454
8.710000	0.000000	8.617450
8.720000	0.000000	8.542187
8.730000	0.000000	8.485556
8.740000	0.000000	8.423242
8.750000	0.000000	8.346918
8.760000	0.000000	8.287656
8.770000	0.000000	8.228243
8.780000	0.000000	8.168770
8.790000	0.000000	8.109643
8.800000	0.000000	8.050623
8.810000	0.000000	7.991982
8.820000	0.000000	7.943982
8.830000	0.000000	7.906530
8.840000	0.000000	7.864883
8.850000	0.000000	7.823353
8.860000	0.000000	7.781822
8.870000	0.000000	7.740304
8.880000	0.000000	7.698809
8.890000	0.000000	7.657332
8.900000	0.000000	7.617581
8.910000	0.000000	7.575899
8.920000	0.000000	7.532797
8.930000	0.000000	7.491247
8.940000	0.000000	7.449731
8.950000	0.000000	7.408219
8.960000	0.000000	7.366711
8.970000	0.000000	7.325205
8.980000	0.000000	7.283752
8.990000	0.000000	7.242766
9.000000	0.000000	7.197892
9.010000	0.000000	7.158250
9.020000	0.000000	7.121062
9.030000	0.000000	7.074817
9.040000	0.000000	7.033442
9.050000	0.000000	6.992600
9.060000	0.000000	6.956339
9.070000	0.000000	6.931562
9.080000	0.000000	6.888028
9.090000	0.000000	6.832839
9.100000	0.000000	6.791528
9.110000	0.000000	6.750768
9.120000	0.000000	6.712455
9.130000	0.000000	6.670821
9.140000	0.000000	6.629398
9.150000	0.000000	6.589697
9.160000	0.000000	6.551135
9.170000	0.000000	6.511293
9.180000	0.000000	6.491127
9.190000	0.000000	6.431691
9.200000	0.000000	6.388148
9.210000	0.000000	6.348405
9.220000	0.000000	6.308662
9.230000	0.000000	6.268919
9.240000	0.000000	6.229205
9.250000	0.000000	6.189508
9.260000	0.000000	6.149815
9.270000	0.000000	6.110137
9.280000	0.000000	6.070461
9.290000	0.000000	6.030786
9.300000	0.000000	5.991116
9.310000	0.000000	5.951490
9.320000	0.000000	5.911872
9.330000	0.000000	5.870526
9.340000	0.000000	5.829717
9.350000	0.000000	5.790056
9.360000	0.000000	5.750477
9.370000	0.000000	5.710921
9.380000	0.000000	5.671368
9.390000	0.000000	5.631815
9.400000	0.000000	5.592262
9.410000	0.000000	5.552710
9.420000	0.000000	5.513160
9.430000	0.000000	5.473611
9.440000	0.000000	5.434295
9.450000	0.000000	5.395860
9.460000	0.000000	5.360509
9.470000	0.000000	5.332308
9.480000	0.000000	5.304693
9.490000	0.000000	5.276856
9.500000	0.000000	5.247792
9.510000	0.000000	5.219612
9.520000	0.000000	5.206437
9.530000	0.000000	5.167201
9.540000	0.000000	5.138669
9.550000	0.000000	5.109766
9.560000	0.000000	5.081717
9.570000	0.000000	5.055972
9.580000	0.000000	5.027747
9.590000	0.000000	4.998313
9.600000	0.000000	4.970610
9.610000	0.000000	4.942879
9.620000	0.000000	4.915210
9.630000	0.000000	4.887543
9.640000	0.000000	4.859877
9.650000	0.000000	4.832740
9.660000	0.000000	4.812891
9.670000	0.000000	4.775020
9.680000	0.000000	4.747359
9.690000	0.000000	4.719684
9.700000	0.000000	4.692048
9.710000	0.000000	4.664392
9.720000	0.000000	4.636707
9.730000	0.000000	4.613486
9.740000	0.000000	4.584917
9.750000	0.000000	4.555718
9.760000	0.000000	4.529308
9.770000	0.000000	4.501910
9.780000	0.000000	4.475892
9.790000	0.000000	4.450122
9.800000	0.000000	4.422397
9.810000	0.000000	4.395907
9.820000	0.000000	4.369427
9.830000	0.000000	4.342596
9.840000	0.000000	4.314731
9.850000	0.000000	4.288278
9.860000	0.000000	4.261825
9.870000	0.000000	4.235372
9.880000	0.000000	4.209361
9.890000	0.000000	4.184517
9.900000	0.000000	4.157102
9.910000	0.000000	4.129572
9.920000	0.000000	4.103165
9.930000	0.000000	4.076789
9.940000	0.000000	4.050418
9.950000	0.000000	4.024047
9.960000	0.000000	3.997677
9.970000	0.000000	3.971304
9.980000	0.000000	3.944930
9.990000	0.000000	3.918623
10.000000	0.000000	3.893170
10.010000	0.000000	3.864092
10.020000	0.000000	3.837661
10.030000	0.000000	3.811288
10.040000	0.000000	3.784917
10.050000	0.000000	3.758546
10.060000	0.000000	3.732176
10.070000	0.000000	3.706413
10.080000	0.000000	3.679918
10.090000	0.000000	3.653071
10.100000	0.000000	3.627650
10.110000	0.000000	3.605445
10.120000	0.000000	3.586961
10.130000	0.000000	3.568819
10.140000	0.000000	3.549830
10.150000	0.000000	3.531395
10.160000	0.000000	3.513300
10.170000	0.000000	3.493630
10.180000	0.000000	3.474998
10.190000	0.000000	3.456268
10.200000	0.000000	3.437768
10.210000	0.000000	3.419301
10.220000	0.000000	3.400835
10.230000	0.000000	3.382370
10.240000	0.000000	3.363907
10.250000	0.000000	3.345444
10.260000	0.000000	3.326981
10.270000	0.000000	3.308518
10.280000	0.000000	3.290066
10.290000	0.000000	3.271629
10.300000	0.000000	3.253179
10.310000	0.000000	3.234719
10.320000	0.000000	3.216259
10.330000	0.000000	3.197799
10.340000	0.000000	3.178293
10.350000	0.000000	3.159631
10.360000	0.000000	3.141172
10.370000	0.000000	3.122719
10.380000	0.000000	3.104266
10.390000	0.000000	3.085814
10.400000	0.000000	3.067364
10.410000	0.000000	3.048923
10.420000	0.000000	3.030729
10.430000	0.000000	3.012899
10.440000	0.000000	2.995246
10.450000	0.000000	2.977593
10.460000	0.000000	2.959940
10.470000	0.000000	2.942287
10.480000	0.000000	2.924634
10.490000	0.000000	2.906980
10.500000	0.000000	2.889264
10.510000	0.000000	2.870482
10.520000	0.000000	2.852867
10.530000	0.000000	2.835270
10.540000	0.000000	2.817673
10.550000	0.000000	2.800078
10.560000	0.000000	2.782481
10.570000	0.000000	2.764884
10.580000	0.000000	2.747288
10.590000	0.000000	2.729692
10.600000	0.000000	2.712096
10.610000	0.000000	2.694500
10.620000	0.000000	2.676903
10.630000	0.000000	2.659307
10.640000	0.000000	2.641711
10.650000	0.000000	2.624114
10.660000	0.000000	2.606518
10.670000	0.000000	2.588608
10.680000	0.000000	2.570136
10.690000	0.000000	2.552539
10.700000	0.000000	2.534944
10.710000	0.000000	2.517349
10.720000	0.000000	2.499755
10.730000	0.000000	2.482161
10.740000	0.000000	2.464568
10.750000	0.000000	2.447207
10.760000	0.000000	2.431984
10.770000	0.000000	2.419091
10.780000	0.000000	2.406747
10.790000	0.000000	2.394408
10.800000	0.000000	2.382069
10.810000	0.000000	2.369731
10.820000	0.000000	2.357394
10.830000	0.000000	2.345056
10.840000	0.000000	2.332324
10.850000	0.000000	2.319548
10.860000	0.000000	2.307211
10.870000	0.000000	2.294878
10.880000	0.000000	2.282545
10.890000	0.000000	2.270212
10.900000	0.000000	2.257880
10.910000	0.000000	2.245547
10.920000	0.000000	2.233215
10.930000	0.000000	2.220884
10.940000	0.000000	2.208553
10.950000	0.000000	2.196223
10.960000	0.000000	2.183892
10.970000	0.000000	2.171562
10.980000	0.000000	2.159231
10.990000	0.000000	2.146901
11.000000	0.000000	2.134574
11.010000	0.000000	2.121679
11.020000	0.000000	2.109091
11.030000	0.000000	2.096773
11.040000	0.000000	2.084473
11.050000	0.000000	2.072176
11.060000	0.000000	2.059880
11.070000	0.000000	2.047584
11.080000	0.000000	2.035289
11.090000	0.000000	2.022993
11.100000	0.000000	2.010715
11.110000	0.000000	1.998610
11.120000	0.000000	1.986764
11.130000	0.000000	1.974997
11.140000	0.000000	1.963242
11.150000	0.000000	1.951487
11.160000	0.000000	1.939732
11.170000	0.000000	1.927977
11.180000	0.000000	1.915512
11.190000	0.000000	1.903674
11.200000	0.000000	1.891920
11.210000	0.000000	1.880166
11.220000	0.000000	1.868412
11.230000	0.000000	1.856658
11.240000	0.000000	1.844904
11.250000	0.000000	1.833150
11.260000	0.000000	1.821396
11.270000	0.000000	1.809642
11.280000	0.000000	1.797888
11.290000	0.000000	1.786134
11.300000	0.000000	1.774380
11.310000	0.000000	1.762626
11.320000	0.000000	1.750873
11.330000	0.000000	1.739119
11.340000	0.000000	1.727281
11.350000	0.000000	1.714816
11.360000	0.000000	1.703064
11.370000	0.000000	1.691312
11.380000	0.000000	1.679560
11.390000	0.000000	1.667808
11.400000	0.000000	1.656057
11.410000	0.000000	1.644761
11.420000	0.000000	1.635210
11.430000	0.000000	1.626844
11.440000	0.000000	1.618598
11.450000	0.000000	1.610357
11.460000	0.000000	1.602116
11.470000	0.000000	1.593875
11.480000	0.000000	1.585635
11.490000	0.000000	1.577395
11.500000	0.000000	1.569156
11.510000	0.000000	1.560741
11.520000	0.000000	1.552122
11.530000	0.000000	1.543884
11.540000	0.000000	1.535646
11.550000	0.000000	1.527408
11.560000	0.000000	1.519171
11.570000	0.000000	1.510935
11.580000	0.000000	1.502699
11.590000	0.000000	1.494464
11.600000	0.000000	1.486228
11.610000	0.000000	1.477993
11.620000	0.000000	1.469758
11.630000	0.000000	1.461523
11.640000	0.000000	1.453290
11.650000	0.000000	1.445063
11.660000	0.000000	1.436843
11.670000	0.000000	1.428625
11.680000	0.000000	1.420120
11.690000	0.000000	1.411644
11.700000	0.000000	1.403432
11.710000	0.000000	1.395220
11.720000	0.000000	1.387007
11.730000	0.000000	1.378795
11.740000	0.000000	1.370595
11.750000	0.000000	1.362405
11.760000	0.000000	1.354217
11.770000	0.000000	1.346029
11.780000	0.000000	1.337841
11.790000	0.000000	1.329655
11.800000	0.000000	1.321538
11.810000	0.000000	1.313602
11.820000	0.000000	1.305750
11.830000	0.000000	1.297898
11.840000	0.000000	1.290047
11.850000	0.000000	1.281804
11.860000	0.000000	1.273813
11.870000	0.000000	1.265962
11.880000	0.000000	1.258111
11.890000	0.000000	1.250260
11.900000	0.000000	1.242408
11.910000	0.000000	1.234557
11.920000	0.000000	1.226706
11.930000	0.000000	1.218855
11.940000	0.000000	1.211004
11.950000	0.000000	1.203153
11.960000	0.000000	1.195302
11.970000	0.000000	1.187451
11.980000	0.000000	1.179600
11.990000	0.000000	1.171749
12.000000	0.000000	1.163898
12.010000	0.000000	1.156048
12.020000	0.000000	1.147695
12.030000	0.000000	1.139817
12.040000	0.000000	1.131968
12.050000	0.000000	1.124119
12.060000	0.000000	1.116271
12.070000	0.000000	1.108558
12.080000	0.000000	1.102044
12.090000	0.000000	1.096363
12.100000	0.000000	1.090854
12.110000	0.000000	1.085349
12.120000	0.000000	1.079846
12.130000	0.000000	1.074343
12.140000	0.000000	1.068840
12.150000	0.000000	1.063338
12.160000	0.000000	1.057836
12.170000	0.000000	1.052335
12.180000	0.000000	1.046775
12.190000	0.000000	1.040961
12.200000	0.000000	1.035461
12.210000	0.000000	1.029961
12.220000	0.000000	1.024461
12.230000	0.000000	1.018960
12.240000	0.000000	1.013460
12.250000	0.000000	1.007960
12.260000	0.000000	1.002460
12.270000	0.000000	0.996962
12.280000	0.000000	0.991469
12.290000	0.000000	0.985979
12.300000	0.000000	0.980491
12.310000	0.000000	0.975003
12.320000	0.000000	0.969518
12.330000	0.000000	0.964034
12.340000	0.000000	0.958550
12.350000	0.000000	0.952929
12.360000	0.000000	0.947216
12.370000	0.000000	0.941748
12.380000	0.000000	0.936280
12.390000	0.000000	0.930812
12.400000	0.000000	0.925345
12.410000	0.000000	0.919877
12.420000	0.000000	0.914410
12.430000	0.000000	0.908942
12.440000	0.000000	0.903474
12.450000	0.000000	0.898007
12.460000	0.000000	0.892539
12.470000	0.000000	0.887072
12.480000	0.000000	0.881604
12.490000	0.000000	0.876144
12.500000	0.000000	0.870738
12.510000	0.000000	0.865481
12.520000	0.000000	0.860032
12.530000	0.000000	0.854639
12.540000	0.000000	0.849396
12.550000	0.000000	0.844152
12.560000	0.000000	0.838909
12.570000	0.000000	0.833666
12.580000	0.000000	0.828423
12.590000	0.000000	0.823180
12.600000	0.000000	0.817936
12.610000	0.000000	0.812693
12.620000	0.000000	0.807450
12.630000	0.000000	0.802207
12.640000	0.000000	0.796964
12.650000	0.000000	0.791721
12.660000	0.000000	0.786478
12.670000	0.000000	0.781235
12.680000	0.000000	0.775993
12.690000	0.000000	0.770471
12.700000	0.000000	0.765154
12.710000	0.000000	0.759913
12.720000	0.000000	0.754672
12.730000	0.000000	0.749431
12.740000	0.000000	0.744439
12.750000	0.000000	0.740298
12.760000	0.000000	0.736580
12.770000	0.000000	0.732900
12.780000	0.000000	0.729222
12.790000	0.000000	0.725546
12.800000	0.000000	0.721871
12.810000	0.000000	0.718195
12.820000	0.000000	0.714520
12.830000	0.000000	0.710845
12.840000	0.000000	0.707171
12.850000	0.000000	0.703497
12.860000	0.000000	0.699575
12.870000	0.000000	0.695900
12.880000	0.000000	0.692226
12.890000	0.000000	0.688552
12.900000	0.000000	0.684879
12.910000	0.000000	0.681209
12.920000	0.000000	0.677541
12.930000	0.000000	0.673872
12.940000	0.000000	0.670204
12.950000	0.000000	0.666537
12.960000	0.000000	0.662871
12.970000	0.000000	0.659207
12.980000	0.000000	0.655544
12.990000	0.000000	0.651885
13.000000	0.000000	0.648232
13.010000	0.000000	0.644580
13.020000	0.000000	0.640876
13.030000	0.000000	0.637029
13.040000	0.000000	0.633376
13.050000	0.000000	0.629724
13.060000	0.000000	0.626072
13.070000	0.000000	0.622419
13.080000	0.000000	0.618767
13.090000	0.000000	0.615115
13.100000	0.000000	0.611463
13.110000	0.000000	0.607810
13.120000	0.000000	0.604158
13.130000	0.000000	0.600506
13.140000	0.000000	0.596854
13.150000	0.000000	0.593201
13.160000	0.000000	0.589549
13.170000	0.000000	0.585897
13.180000	0.000000	0.582245
13.190000	0.000000	0.578489
13.200000	0.000000	0.574725
13.210000	0.000000	0.571210
13.220000	0.000000	0.567707
13.230000	0.000000	0.564205
13.240000	0.000000	0.560702
13.250000	0.000000	0.557200
13.260000	0.000000	0.553698
13.270000	0.000000	0.550196
13.280000	0.000000	0.546694
13.290000	0.000000	0.543192
13.300000	0.000000	0.539690
13.310000	0.000000	0.536188
13.320000	0.000000	0.532686
13.330000	0.000000	0.529184
13.340000	0.000000	0.525682
13.350000	0.000000	0.522181
13.360000	0.000000	0.518530
13.370000	0.000000	0.514942
13.380000	0.000000	0.511442
13.390000	0.000000	0.507941
13.400000	0.000000	0.504440
13.410000	0.000000	0.501102
13.420000	0.000000	0.498338
13.430000	0.000000	0.495853
13.440000	0.000000	0.493392
13.450000	0.000000	0.490933
13.460000	0.000000	0.488475
13.470000	0.000000	0.486018
13.480000	0.000000	0.483561
13.490000	0.000000	0.481105
13.500000	0.000000	0.478648
13.510000	0.000000	0.476192
13.520000	0.000000	0.473737
13.530000	0.000000	0.471141
13.540000	0.000000	0.468660
13.550000	0.000000	0.466207
13.560000	0.000000	0.463755
13.570000	0.000000	0.461303
13.580000	0.000000	0.458851
13.590000	0.000000	0.456399
13.600000	0.000000	0.453947
13.610000	0.000000	0.451496
13.620000	0.000000	0.449048
13.630000	0.000000	0.446605
13.640000	0.000000	0.444163
13.650000	0.000000	0.441721
13.660000	0.000000	0.439279
13.670000	0.000000	0.436838
13.680000	0.000000	0.434396
13.690000	0.000000	0.431946
13.700000	0.000000	0.429348
13.710000	0.000000	0.426906
13.720000	0.000000	0.424465
13.730000	0.000000	0.422024
13.740000	0.000000	0.419582
13.750000	0.000000	0.417141
13.760000	0.000000	0.414700
13.770000	0.000000	0.412258
13.780000	0.000000	0.409817
13.790000	0.000000	0.407376
13.800000	0.000000	0.404934
13.810000	0.000000	0.402493
13.820000	0.000000	0.400052
13.830000	0.000000	0.397610
13.840000	0.000000	0.395169
13.850000	0.000000	0.392728
13.860000	0.000000	0.390243
13.870000	0.000000	0.387680
13.880000	0.000000	0.385239
13.890000	0.000000	0.382798
13.900000	0.000000	0.380357
13.910000	0.000000	0.377961
13.920000	0.000000	0.375608
13.930000	0.000000	0.373267
13.940000	0.000000	0.370927
13.950000	0.000000	0.368586
13.960000	0.000000	0.366245
13.970000	0.000000	0.363904
13.980000	0.000000	0.361563
13.990000	0.000000	0.359222
14.000000	0.000000	0.356881
14.010000	0.000000	0.354540
14.020000	0.000000	0.352200
14.030000	0.000000	0.349785
14.040000	0.000000	0.347361
14.050000	0.000000	0.345021
14.060000	0.000000	0.342681
14.070000	0.000000	0.340341
14.080000	0.000000	0.338025
14.090000	0.000000	0.336061
14.100000	0.000000	0.334354
14.110000	0.000000	0.332710
14.120000	0.000000	0.331065
14.130000	0.000000	0.329421
14.140000	0.000000	0.327779
14.150000	0.000000	0.326137
14.160000	0.000000	0.324495
14.170000	0.000000	0.322853
14.180000	0.000000	0.321212
14.190000	0.000000	0.319572
14.200000	0.000000	0.317857
14.210000	0.000000	0.316183
14.220000	0.000000	0.314544
14.230000	0.000000	0.312904
14.240000	0.000000	0.311265
14.250000	0.000000	0.309626
14.260000	0.000000	0.307989
14.270000	0.000000	0.306354
14.280000	0.000000	0.304721
14.290000	0.000000	0.303089
14.300000	0.000000	0.301457
14.310000	0.000000	0.299825
14.320000	0.000000	0.298192
14.330000	0.000000	0.296560
14.340000	0.000000	0.294928
14.350000	0.000000	0.293296
14.360000	0.000000	0.291664
14.370000	0.000000	0.289933
14.380000	0.000000	0.288289
14.390000	0.000000	0.286657
14.400000	0.000000	0.285025
14.410000	0.000000	0.283393
14.420000	0.000000	0.281761
14.430000	0.000000	0.280129
14.440000	0.000000	0.278497
14.450000	0.000000	0.276865
14.460000	0.000000	0.275233
14.470000	0.000000	0.273601
14.480000	0.000000	0.271969
14.490000	0.000000	0.270337
14.500000	0.000000	0.268705
14.510000	0.000000	0.267073
14.520000	0.000000	0.265442
14.530000	0.000000	0.263798
14.540000	0.000000	0.262067
14.550000	0.000000	0.260436
14.560000	0.000000	0.258804
14.570000	0.000000	0.257172
14.580000	0.000000	0.255540
14.590000	0.000000	0.253908
14.600000	0.000000	0.252276
14.610000	0.000000	0.250646
14.620000	0.000000	0.249039
14.630000	0.000000	0.247462
14.640000	0.000000	0.245897
14.650000	0.000000	0.244332
14.660000	0.000000	0.242767
14.670000	0.000000	0.241202
14.680000	0.000000	0.239638
14.690000	0.000000	0.238073
14.700000	0.000000	0.236475
14.710000	0.000000	0.234838
14.720000	0.000000	0.233274
14.730000	0.000000	0.231709
14.740000	0.000000	0.230145
14.750000	0.000000	0.228580
14.760000	0.000000	0.227071
14.770000	0.000000	0.225806
14.780000	0.000000	0.224689
14.790000	0.000000	0.223590
14.800000	0.000000	0.222490
14.810000	0.000000	0.221391
14.820000	0.000000	0.220292
14.830000	0.000000	0.219195
14.840000	0.000000	0.218098
14.850000	0.000000	0.217002
14.860000	0.000000	0.215906
14.870000	0.000000	0.214771
14.880000	0.000000	0.213640
14.890000	0.000000	0.212544
14.900000	0.000000	0.211448
14.910000	0.000000	0.210355
14.920000	0.000000	0.209262
14.930000	0.000000	0.208170
14.940000	0.000000	0.207078
14.950000	0.000000	0.205986
14.960000	0.000000	0.204894
14.970000	0.000000	0.203803
14.980000	0.000000	0.202712
14.990000	0.000000	0.201621
15.000000	0.000000	0.200529
15.010000	0.000000	0.199438
15.020000	0.000000	0.198347
15.030000	0.000000	0.197255
15.040000	0.000000	0.196110
15.050000	0.000000	0.194999
15.060000	0.000000	0.193908
15.070000	0.000000	0.192817
15.080000	0.000000	0.191725
15.090000	0.000000	0.190634
15.100000	0.000000	0.189543
15.110000	0.000000	0.188452
15.120000	0.000000	0.187360
15.130000	0.000000	0.186269
15.140000	0.000000	0.185178
15.150000	0.000000	0.184087
15.160000	0.000000	0.182996
15.170000	0.000000	0.181905
15.180000	0.000000	0.180813
15.190000	0.000000	0.179722
15.200000	0.000000	0.178631
15.210000	0.000000	0.177470
15.220000	0.000000	0.176375
15.230000	0.000000	0.175284
15.240000	0.000000	0.174193
15.250000	0.000000	0.173102
15.260000	0.000000	0.172011
15.270000	0.000000	0.170920
15.280000	0.000000	0.169829
15.290000	0.000000	0.168738
15.300000	0.000000	0.167647
15.310000	0.000000	0.166556
15.320000	0.000000	0.165465
15.330000	0.000000	0.164381
15.340000	0.000000	0.163319
15.350000	0.000000	0.162273
15.360000	0.000000	0.161226
15.370000	0.000000	0.160169
15.380000	0.000000	0.159064
15.390000	0.000000	0.158018
15.400000	0.000000	0.156972
15.410000	0.000000	0.155926
15.420000	0.000000	0.154880
15.430000	0.000000	0.153834
15.440000	0.000000	0.152828
15.450000	0.000000	0.151977
15.460000	0.000000	0.151231
15.470000	0.000000	0.150496
15.480000	0.000000	0.149761
15.490000	0.000000	0.149027
15.500000	0.000000	0.148293
15.510000	0.000000	0.147559
15.520000	0.000000	0.146826
15.530000	0.000000	0.146093
15.540000	0.000000	0.145341
15.550000	0.000000	0.144577
15.560000	0.000000	0.143846
15.570000	0.000000	0.143115
15.580000	0.000000	0.142384
15.590000	0.000000	0.141654
15.600000	0.000000	0.140923
15.610000	0.000000	0.140193
15.620000	0.000000	0.139463
15.630000	0.000000	0.138733
15.640000	0.000000	0.138003
15.650000	0.000000	0.137273
15.660000	0.000000	0.136543
15.670000	0.000000	0.135813
15.680000	0.000000	0.135084
15.690000	0.000000	0.134354
15.700000	0.000000	0.133624
15.710000	0.000000	0.132866
15.720000	0.000000	0.132115
15.730000	0.000000	0.131385
15.740000	0.000000	0.130656
15.750000	0.000000	0.129926
15.760000	0.000000	0.129196
15.770000	0.000000	0.128466
15.780000	0.000000	0.127736
15.790000	0.000000	0.127007
15.800000	0.000000	0.126277
15.810000	0.000000	0.125547
15.820000	0.000000	0.124817
15.830000	0.000000	0.124087
15.840000	0.000000	0.123358
15.850000	0.000000	0.122628
15.860000	0.000000	0.121898
15.870000	0.000000	0.121168
15.880000	0.000000	0.120400
15.890000	0.000000	0.119660
15.900000	0.000000	0.118930
15.910000	0.000000	0.118200
15.920000	0.000000	0.117471
15.930000	0.000000	0.116741
15.940000	0.000000	0.116011
15.950000	0.000000	0.115282
15.960000	0.000000	0.114552
15.970000	0.000000	0.113823
15.980000	0.000000	0.113093
15.990000	0.000000	0.112363
16.000000	0.000000	0.111634
16.010000	0.000000	0.110904
16.020000	0.000000	0.110175
16.030000	0.000000	0.109445
16.040000	0.000000	0.108716
16.050000	0.000000	0.107940
16.060000	0.000000	0.107236
16.070000	0.000000	0.106536
16.080000	0.000000	0.105836
16.090000	0.000000	0.105137
16.100000	0.000000	0.104437
16.110000	0.000000	0.103738
16.120000	0.000000	0.103043
16.130000	0.000000	0.102429
16.140000	0.000000	0.101908
16.150000	0.000000	0.101417
16.160000	0.000000	0.100927
16.170000	0.000000	0.100436
16.180000	0.000000	0.099945
16.190000	0.000000	0.099454
16.200000	0.000000	0.098964
16.210000	0.000000	0.098467
16.220000	0.000000	0.097952
16.230000	0.000000	0.097463
16.240000	0.000000	0.096975
16.250000	0.000000	0.096486
16.260000	0.000000	0.095998
16.270000	0.000000	0.095509
16.280000	0.000000	0.095021
16.290000	0.000000	0.094533
16.300000	0.000000	0.094045
16.310000	0.000000	0.093557
16.320000	0.000000	0.093068
16.330000	0.000000	0.092580
16.340000	0.000000	0.092093
16.350000	0.000000	0.091605
16.360000	0.000000	0.091117
16.370000	0.000000	0.090629
16.380000	0.000000	0.090127
16.390000	0.000000	0.089620
16.400000	0.000000	0.089132
16.410000	0.000000	0.088644
16.420000	0.000000	0.088156
16.430000	0.000000	0.087668
16.440000	0.000000	0.087180
16.450000	0.000000	0.086692
16.460000	0.000000	0.086204
16.470000	0.000000	0.085717
16.480000	0.000000	0.085229
16.490000	0.000000	0.084741
16.500000	0.000000	0.084253
16.510000	0.000000	0.083765
16.520000	0.000000	0.083277
16.530000	0.000000	0.082789
16.540000	0.000000	0.082301
16.550000	0.000000	0.081792
16.560000	0.000000	0.081292
16.570000	0.000000	0.080804
16.580000	0.000000	0.080316
16.590000	0.000000	0.079829
16.600000	0.000000	0.079341
16.610000	0.000000	0.078853
16.620000	0.000000	0.078365
16.630000	0.000000	0.077877
16.640000	0.000000	0.077389
16.650000	0.000000	0.076902
16.660000	0.000000	0.076414
16.670000	0.000000	0.075926
16.680000	0.000000	0.075438
16.690000	0.000000	0.074950
16.700000	0.000000	0.074463
16.710000	0.000000	0.073975
16.720000	0.000000	0.073460
16.730000	0.000000	0.072967
16.740000	0.000000	0.072479
16.750000	0.000000	0.071992
16.760000	0.000000	0.071504
16.770000	0.000000	0.071019
16.780000	0.000000	0.070545
16.790000	0.000000	0.070076
16.800000	0.000000	0.069609
16.810000	0.000000	0.069161
16.820000	0.000000	0.068772
16.830000	0.000000	0.068441
16.840000	0.000000	0.068113
16.850000	0.000000	0.067785
16.860000	0.000000	0.067457
16.870000	0.000000	0.067129
16.880000	0.000000	0.066801
16.890000	0.000000	0.066452
16.900000	0.000000	0.066125
16.910000	0.000000	0.065798
16.920000	0.000000	0.065471
16.930000	0.000000	0.065144
16.940000	0.000000	0.064818
16.950000	0.000000	0.064491
16.960000	0.000000	0.064165
16.970000	0.000000	0.063838
16.980000	0.000000	0.063512
16.990000	0.000000	0.063185
17.000000	0.000000	0.062859
17.010000	0.000000	0.062532
17.020000	0.000000	0.062206
17.030000	0.000000	0.061879
17.040000	0.000000	0.061553
17.050000	0.000000	0.061221
17.060000	0.000000	0.060878
17.070000	0.000000	0.060552
17.080000	0.000000	0.060226
17.090000	0.000000	0.059899
17.100000	0.000000	0.059573
17.110000	0.000000	0.059247
17.120000	0.000000	0.058920
17.130000	0.000000	0.058594
17.140000	0.000000	0.058268
17.150000	0.000000	0.057941
17.160000	0.000000	0.057615
17.170000	0.000000	0.057288
17.180000	0.000000	0.056962
17.190000	0.000000	0.056636
17.200000	0.000000	0.056309
17.210000	0.000000	0.055983
17.220000	0.000000	0.055646
17.230000	0.000000	0.055308
17.240000	0.000000	0.054982
17.250000	0.000000	0.054656
17.260000	0.000000	0.054329
17.270000	0.000000	0.054003
17.280000	0.000000	0.053677
17.290000	0.000000	0.053350
17.300000	0.000000	0.053024
17.310000	0.000000	0.052698
17.320000	0.000000	0.052371
17.330000	0.000000	0.052045
17.340000	0.000000	0.051719
17.350000	0.000000	0.051393
17.360000	0.000000	0.051066
17.370000	0.000000	0.050740
17.380000	0.000000	0.050414
17.390000	0.000000	0.050073
17.400000	0.000000	0.049739
17.410000	0.000000	0.049413
17.420000	0.000000	0.049087
17.430000	0.000000	0.048761
17.440000	0.000000	0.048435
17.450000	0.000000	0.048109
17.460000	0.000000	0.047783
17.470000	0.000000	0.047457
17.480000	0.000000	0.047131
17.490000	0.000000	0.046805
17.500000	0.000000	0.046494
17.510000	0.000000	0.046226
17.520000	0.000000	0.046005
17.530000	0.000000	0.045786
17.540000	0.000000	0.045567
17.550000	0.000000	0.045348
17.560000	0.000000	0.045116
17.570000	0.000000	0.044895
17.580000	0.000000	0.044677
17.590000	0.000000	0.044458
17.600000	0.000000	0.044239
17.610000	0.000000	0.044020
17.620000	0.000000	0.043802
17.630000	0.000000	0.043583
17.640000	0.000000	0.043365
17.650000	0.000000	0.043147
17.660000	0.000000	0.042928
17.670000	0.000000	0.042710
17.680000	0.000000	0.042492
17.690000	0.000000	0.042273
17.700000	0.000000	0.042055
17.710000	0.000000	0.041837
17.720000	0.000000	0.041617
17.730000	0.000000	0.041385
17.740000	0.000000	0.041167
17.750000	0.000000	0.040949
17.760000	0.000000	0.040731
17.770000	0.000000	0.040513
17.780000	0.000000	0.040294
17.790000	0.000000	0.040076
17.800000	0.000000	0.039858
17.810000	0.000000	0.039640
17.820000	0.000000	0.039422
17.830000	0.000000	0.039203
17.840000	0.000000	0.038985
17.850000	0.000000	0.038767
17.860000	0.000000	0.038549
17.870000	0.000000	0.038330
17.880000	0.000000	0.038112
17.890000	0.000000	0.037889
17.900000	0.000000	0.037661
17.910000	0.000000	0.037443
17.920000	0.000000	0.037225
17.930000	0.000000	0.037006
17.940000	0.000000	0.036788
17.950000	0.000000	0.036570
17.960000	0.000000	0.036352
17.970000	0.000000	0.036133
17.980000	0.000000	0.035915
17.990000	0.000000	0.035697
18.000000	0.000000	0.035479
18.010000	0.000000	0.035261
18.020000	0.000000	0.035042
18.030000	0.000000	0.034824
18.040000	0.000000	0.034606
18.050000	0.000000	0.034388
18.060000	0.000000	0.034162
18.070000	0.000000	0.033937
18.080000	0.000000	0.033719
18.090000	0.000000	0.033501
18.100000	0.000000	0.033282
18.110000	0.000000	0.033064
18.120000	0.000000	0.032846
18.130000	0.000000	0.032628
18.140000	0.000000	0.032410
18.150000	0.000000	0.032192
18.160000	0.000000	0.031975
18.170000	0.000000	0.031757
18.180000	0.000000	0.031539
18.190000	0.000000	0.031326
18.200000	0.000000	0.031135
18.210000	0.000000	0.030979
18.220000	0.000000	0.030824
18.230000	0.000000	0.030665
18.240000	0.000000	0.030515
18.250000	0.000000	0.030369
18.260000	0.000000	0.030223
18.270000	0.000000	0.030076
18.280000	0.000000	0.029930
18.290000	0.000000	0.029783
18.300000	0.000000	0.029637
18.310000	0.000000	0.029491
18.320000	0.000000	0.029345
18.330000	0.000000	0.029199
18.340000	0.000000	0.029053
18.350000	0.000000	0.028907
18.360000	0.000000	0.028761
18.370000	0.000000	0.028615
18.380000	0.000000	0.028468
18.390000	0.000000	0.028322
18.400000	0.000000	0.028167
18.410000	0.000000	0.028020
18.420000	0.000000	0.027874
18.430000	0.000000	0.027728
18.440000	0.000000	0.027582
18.450000	0.000000	0.027437
18.460000	0.000000	0.027291
18.470000	0.000000	0.027145
18.480000	0.000000	0.026999
18.490000	0.000000	0.026853
18.500000	0.000000	0.026707
18.510000	0.000000	0.026561
18.520000	0.000000	0.026415
18.530000	0.000000	0.026269
18.540000	0.000000	0.026123
18.550000	0.000000	0.025977
18.560000	0.000000	0.025829
18.570000	0.000000	0.025675
18.580000	0.000000	0.025529
18.590000	0.000000	0.025383
18.600000	0.000000	0.025237
18.610000	0.000000	0.025091
18.620000	0.000000	0.024945
18.630000	0.000000	0.024799
18.640000	0.000000	0.024653
18.650000	0.000000	0.024507
18.660000	0.000000	0.024361
18.670000	0.000000	0.024215
18.680000	0.000000	0.024069
18.690000	0.000000	0.023923
18.700000	0.000000	0.023777
18.710000	0.000000	0.023631
18.720000	0.000000	0.023485
18.730000	0.000000	0.023336
18.740000	0.000000	0.023184
18.750000	0.000000	0.023038
18.760000	0.000000	0.022892
18.770000	0.000000	0.022746
18.780000	0.000000	0.022600
18.790000	0.000000	0.022454
18.800000	0.000000	0.022308
18.810000	0.000000	0.022162
18.820000	0.000000	0.022016
18.830000	0.000000	0.021871
18.840000	0.000000	0.021725
18.850000	0.000000	0.021579
18.860000	0.000000	0.021434
18.870000	0.000000	0.021288
18.880000	0.000000	0.021143
18.890000	0.000000	0.021004
18.900000	0.000000	0.020891
18.910000	0.000000	0.020784
18.920000	0.000000	0.020680
18.930000	0.000000	0.020576
18.940000	0.000000	0.020472
18.950000	0.000000	0.020368
18.960000	0.000000	0.020267
18.970000	0.000000	0.020168
18.980000	0.000000	0.020070
18.990000	0.000000	0.019972
19.000000	0.000000	0.019874
19.010000	0.000000	0.019777
19.020000	0.000000	0.019679
19.030000	0.000000	0.019581
19.040000	0.000000	0.019483
19.050000	0.000000	0.019386
19.060000	0.000000	0.019288
19.070000	0.000000	0.019185
19.080000	0.000000	0.019086
19.090000	0.000000	0.018988
19.100000	0.000000	0.018891
19.110000	0.000000	0.018793
19.120000	0.000000	0.018695
19.130000	0.000000	0.018598
19.140000	0.000000	0.018500
19.150000	0.000000	0.018402
19.160000	0.000000	0.018305
19.170000	0.000000	0.018207
19.180000	0.000000	0.018109
19.190000	0.000000	0.018012
19.200000	0.000000	0.017914
19.210000	0.000000	0.017817
19.220000	0.000000	0.017719
19.230000	0.000000	0.017621
19.240000	0.000000	0.017517
19.250000	0.000000	0.017419
19.260000	0.000000	0.017322
19.270000	0.000000	0.017224
19.280000	0.000000	0.017126
19.290000	0.000000	0.017029
19.300000	0.000000	0.016931
19.310000	0.000000	0.016834
19.320000	0.000000	0.016736
19.330000	0.000000	0.016638
19.340000	0.000000	0.016541
19.350000	0.000000	0.016443
19.360000	0.000000	0.016345
19.370000	0.000000	0.016248
19.380000	0.000000	0.016150
19.390000	0.000000	0.016053
19.400000	0.000000	0.015953
19.410000	0.000000	0.015851
19.420000	0.000000	0.015753
19.430000	0.000000	0.015655
19.440000	0.000000	0.015558
19.450000	0.000000	0.015460
19.460000	0.000000	0.015363
19.470000	0.000000	0.015265
19.480000	0.000000	0.015167
19.490000	0.000000	0.015070
19.500000	0.000000	0.014972
19.510000	0.000000	0.014875
19.520000	0.000000	0.014777
19.530000	0.000000	0.014680
19.540000	0.000000	0.014583
19.550000	0.000000	0.014485
19.560000	0.000000	0.014388
19.570000	0.000000	0.014288
19.580000	0.000000	0.014187
19.590000	0.000000	0.014104
19.600000	0.000000	0.014034
19.610000	0.000000	0.013964
19.620000	0.000000	0.013895
19.630000	0.000000	0.013825
19.640000	0.000000	0.013756
19.650000	0.000000	0.013686
19.660000	0.000000	0.013617
19.670000	0.000000	0.013547
19.680000	0.000000	0.013478
19.690000	0.000000	0.013409
19.700000	0.000000	0.013343
19.710000	0.000000	0.013277
19.720000	0.000000	0.013212
19.730000	0.000000	0.013147
19.740000	0.000000	0.013079
19.750000	0.000000	0.013012
19.760000	0.000000	0.012946
19.770000	0.000000	0.012881
19.780000	0.000000	0.012816
19.790000	0.000000	0.012750
19.800000	0.000000	0.012685
19.810000	0.000000	0.012619
19.820000	0.000000	0.012554
19.830000	0.000000	0.012489
19.840000	0.000000	0.012424
19.850000	0.000000	0.012358
19.860000	0.000000	0.012293
19.870000	0.000000	0.012228
19.880000	0.000000	0.012162
19.890000	0.000000	0.012097
19.900000	0.000000	0.012032
19.910000	0.000000	0.011963
19.920000	0.000000	0.011897
19.930000	0.000000	0.011831
19.940000	0.000000	0.011766
19.950000	0.000000	0.011701
19.960000	0.000000	0.011635
19.970000	0.000000	0.011570
19.980000	0.000000	0.011505
19.990000	0.000000	0.011439
20.000000	0.000000	0.011374
20.010000	0.000000	0.011309
20.020000	0.000000	0.011244
20.030000	0.000000	0.011178
20.040000	0.000000	0.011113
20.050000	0.000000	0.011048
20.060000	0.000000	0.010982
20.070000	0.000000	0.010917
20.080000	0.000000	0.010847
20.090000	0.000000	0.010782
20.100000	0.000000	0.010717
20.110000	0.000000	0.010651
20.120000	0.000000	0.010586
20.130000	0.000000	0.010521
20.140000	0.000000	0.010455
20.150000	0.000000	0.010390
20.160000	0.000000	0.010325
20.170000	0.000000	0.010260
20.180000	0.000000	0.010194
20.190000	0.000000	0.010129
20.200000	0.000000	0.010064
20.210000	0.000000	0.009999
20.220000	0.000000	0.009934
20.230000	0.000000	0.009869
20.240000	0.000000	0.009802
20.250000	0.000000	0.009734
20.260000	0.000000	0.009669
20.270000	0.000000	0.009604
20.280000	0.000000	0.009540
20.290000	0.000000	0.009486
20.300000	0.000000	0.009438
20.310000	0.000000	0.009392
20.320000	0.000000	0.009345
20.330000	0.000000	0.009299
20.340000	0.000000	0.009252
20.350000	0.000000	0.009206
20.360000	0.000000	0.009159
20.370000	0.000000	0.009113
20.380000	0.000000	0.009066
20.390000	0.000000	0.009020
20.400000	0.000000	0.008973
20.410000	0.000000	0.008925
20.420000	0.000000	0.008877
20.430000	0.000000	0.008832
20.440000	0.000000	0.008788
20.450000	0.000000	0.008744
20.460000	0.000000	0.008700
20.470000	0.000000	0.008657
20.480000	0.000000	0.008613
20.490000	0.000000	0.008569
20.500000	0.000000	0.008525
20.510000	0.000000	0.008482
20.520000	0.000000	0.008438
20.530000	0.000000	0.008394
20.540000	0.000000	0.008350
20.550000	0.000000	0.008307
20.560000	0.000000	0.008263
20.570000	0.000000	0.008219
20.580000	0.000000	0.008174
20.590000	0.000000	0.008129
20.600000	0.000000	0.008085
20.610000	0.000000	0.008041
20.620000	0.000000	0.007998
20.630000	0.000000	0.007954
20.640000	0.000000	0.007910
20.650000	0.000000	0.007867
20.660000	0.000000	0.007823
20.670000	0.000000	0.007779
20.680000	0.000000	0.007735
20.690000	0.000000	0.007692
20.700000	0.000000	0.007648
20.710000	0.000000	0.007604
20.720000	0.000000	0.007560
20.730000	0.000000	0.007517
20.740000	0.000000	0.007473
20.750000	0.000000	0.007427
20.760000	0.000000	0.007383
20.770000	0.000000	0.007339
20.780000	0.000000	0.007295
20.790000	0.000000	0.007251
20.800000	0.000000	0.007208
20.810000	0.000000	0.007164
20.820000	0.000000	0.007120
20.830000	0.000000	0.007077
20.840000	0.000000	0.007033
20.850000	0.000000	0.006989
20.860000	0.000000	0.006946
20.870000	0.000000	0.006902
20.880000	0.000000	0.006858
20.890000	0.000000	0.006815
20.900000	0.000000	0.006771
20.910000	0.000000	0.006727
20.920000	0.000000	0.006681
20.930000	0.000000	0.006637
20.940000	0.000000	0.006594
20.950000	0.000000	0.006550
20.960000	0.000000	0.006507
20.970000	0.000000	0.006463
20.980000	0.000000	0.006421
20.990000	0.000000	0.006385
21.000000	0.000000	0.006353
21.010000	0.000000	0.006322
21.020000	0.000000	0.006290
21.030000	0.000000	0.006259
21.040000	0.000000	0.006228
21.050000	0.000000	0.006197
21.060000	0.000000	0.006166
21.070000	0.000000	0.006135
21.080000	0.000000	0.006103
21.090000	0.000000	0.006071
21.100000	0.000000	0.006040
21.110000	0.000000	0.006008
21.120000	0.000000	0.005977
21.130000	0.000000	0.005946
21.140000	0.000000	0.005915
21.150000	0.000000	0.005884
21.160000	0.000000	0.005853
21.170000	0.000000	0.005823
21.180000	0.000000	0.005794
21.190000	0.000000	0.005764
21.200000	0.000000	0.005735
21.210000	0.000000	0.005706
21.220000	0.000000	0.005677
21.230000	0.000000	0.005647
21.240000	0.000000	0.005618
21.250000	0.000000	0.005588
21.260000	0.000000	0.005558
21.270000	0.000000	0.005528
21.280000	0.000000	0.005499
21.290000	0.000000	0.005470
21.300000	0.000000	0.005441
21.310000	0.000000	0.005411
21.320000	0.000000	0.005382
21.330000	0.000000	0.005353
21.340000	0.000000	0.005324
21.350000	0.000000	0.005294
21.360000	0.000000	0.005265
21.370000	0.000000	0.005236
21.380000	0.000000	0.005207
21.390000	0.000000	0.005177
21.400000	0.000000	0.005148
21.410000	0.000000	0.005119
21.420000	0.000000	0.005088
21.430000	0.000000	0.005058
21.440000	0.000000	0.005029
21.450000	0.000000	0.005000
21.460000	0.000000	0.004971
21.470000	0.000000	0.004941
21.480000	0.000000	0.004912
21.490000	0.000000	0.004883
21.500000	0.000000	0.004854
21.510000	0.000000	0.004824
21.520000	0.000000	0.004795
21.530000	0.000000	0.004766
21.540000	0.000000	0.004737
21.550000	0.000000	0.004708
21.560000	0.000000	0.004678
21.570000	0.000000	0.004649
21.580000	0.000000	0.004620
21.590000	0.000000	0.004589
21.600000	0.000000	0.004560
21.610000	0.000000	0.004531
21.620000	0.000000	0.004501
21.630000	0.000000	0.004472
21.640000	0.000000	0.004443
21.650000	0.000000	0.004414
21.660000	0.000000	0.004385
21.670000	0.000000	0.004356
21.680000	0.000000	0.004327
21.690000	0.000000	0.004302
21.700000	0.000000	0.004280
21.710000	0.000000	0.004259
21.720000	0.000000	0.004239
21.730000	0.000000	0.004218
21.740000	0.000000	0.004197
21.750000	0.000000	0.004176
21.760000	0.000000	0.004154
21.770000	0.000000	0.004133
21.780000	0.000000	0.004112
21.790000	0.000000	0.004091
21.800000	0.000000	0.004071
21.810000	0.000000	0.004050
21.820000	0.000000	0.004029
21.830000	0.000000	0.004008
21.840000	0.000000	0.003987
21.850000	0.000000	0.003967
21.860000	0.000000	0.003946
21.870000	0.000000	0.003925
21.880000	0.000000	0.003904
21.890000	0.000000	0.003883
21.900000	0.000000	0.003863
21.910000	0.000000	0.003842
21.920000	0.000000	0.003822
21.930000	0.000000	0.003802
21.940000	0.000000	0.003782
21.950000	0.000000	0.003763
21.960000	0.000000	0.003743
21.970000	0.000000	0.003724
21.980000	0.000000	0.003704
21.990000	0.000000	0.003684
22.000000	0.000000	0.003665
22.010000	0.000000	0.003645
22.020000	0.000000	0.003626
22.030000	0.000000	0.003606
22.040000	0.000000	0.003586
22.050000	0.000000	0.003567
22.060000	0.000000	0.003547
22.070000	0.000000	0.003528
22.080000	0.000000	0.003508
22.090000	0.000000	0.003488
22.100000	0.000000	0.003468
22.110000	0.000000	0.003448
22.120000	0.000000	0.003429
22.130000	0.000000	0.003409
22.140000	0.000000	0.003389
22.150000	0.000000	0.003370
22.160000	0.000000	0.003350
22.170000	0.000000	0.003331
22.180000	0.000000	0.003311
22.190000	0.000000	0.003291
22.200000	0.000000	0.003272
22.210000	0.000000	0.003252
22.220000	0.000000	0.003233
22.230000	0.000000	0.003213
22.240000	0.000000	0.003194
22.250000	0.000000	0.003174
22.260000	0.000000	0.003154
22.270000	0.000000	0.003134
22.280000	0.000000	0.003114
22.290000	0.000000	0.003095
22.300000	0.000000	0.003075
22.310000	0.000000	0.003056
22.320000	0.000000	0.003036
22.330000	0.000000	0.003017
22.340000	0.000000	0.002997
22.350000	0.000000	0.002978
22.360000	0.000000	0.002958
22.370000	0.000000	0.002939
22.380000	0.000000	0.002919
22.390000	0.000000	0.002901
22.400000	0.000000	0.002886
22.410000	0.000000	0.002872
22.420000	0.000000	0.002858
22.430000	0.000000	0.002843
22.440000	0.000000	0.002829
22.450000	0.000000	0.002815
22.460000	0.000000	0.002801
22.470000	0.000000	0.002787
22.480000	0.000000	0.002773
22.490000	0.000000	0.002759
22.500000	0.000000	0.002745
22.510000	0.000000	0.002731
22.520000	0.000000	0.002718
22.530000	0.000000	0.002704
22.540000	0.000000	0.002690
22.550000	0.000000	0.002676
22.560000	0.000000	0.002662
22.570000	0.000000	0.002648
22.580000	0.000000	0.002634
22.590000	0.000000	0.002620
22.600000	0.000000	0.002605
22.610000	0.000000	0.002591
22.620000	0.000000	0.002577
22.630000	0.000000	0.002564
22.640000	0.000000	0.002550
22.650000	0.000000	0.002536
22.660000	0.000000	0.002523
22.670000	0.000000	0.002510
22.680000	0.000000	0.002497
22.690000	0.000000	0.002484
22.700000	0.000000	0.002470
22.710000	0.000000	0.002457
22.720000	0.000000	0.002444
22.730000	0.000000	0.002431
22.740000	0.000000	0.002418
22.750000	0.000000	0.002405
22.760000	0.000000	0.002392
22.770000	0.000000	0.002378
22.780000	0.000000	0.002365
22.790000	0.000000	0.002352
22.800000	0.000000	0.002339
22.810000	0.000000	0.002325
22.820000	0.000000	0.002312
22.830000	0.000000	0.002299
22.840000	0.000000	0.002286
22.850000	0.000000	0.002273
22.860000	0.000000	0.002260
22.870000	0.000000	0.002247
22.880000	0.000000	0.002234
22.890000	0.000000	0.002221
22.900000	0.000000	0.002208
22.910000	0.000000	0.002195
22.920000	0.000000	0.002181
22.930000	0.000000	0.002168
22.940000	0.000000	0.002154
22.950000	0.000000	0.002141
22.960000	0.000000	0.002128
22.970000	0.000000	0.002115
22.980000	0.000000	0.002102
22.990000	0.000000	0.002089
23.000000	0.000000	0.002076
23.010000	0.000000	0.002063
23.020000	0.000000	0.002050
23.030000	0.000000	0.002037
23.040000	0.000000	0.002024
23.050000	0.000000	0.002011
23.060000	0.000000	0.001998
23.070000	0.000000	0.001985
23.080000	0.000000	0.001972
23.090000	0.000000	0.001959
23.100000	0.000000	0.001947
23.110000	0.000000	0.001937
23.120000	0.000000	0.001928
23.130000	0.000000	0.001919
23.140000	0.000000	0.001909
23.150000	0.000000	0.001900
23.160000	0.000000	0.001891
23.170000	0.000000	0.001881
23.180000	0.000000	0.001872
23.190000	0.000000	0.001863
23.200000	0.000000	0.001853
23.210000	0.000000	0.001844
23.220000	0.000000	0.001835
23.230000	0.000000	0.001825
23.240000	0.000000	0.001816
23.250000	0.000000	0.001807
23.260000	0.000000	0.001797
23.270000	0.000000	0.001787
23.280000	0.000000	0.001778
23.290000	0.000000	0.001769
23.300000	0.000000	0.001760
23.310000	0.000000	0.001750
23.320000	0.000000	0.001741
23.330000	0.000000	0.001732
23.340000	0.000000	0.001722
23.350000	0.000000	0.001713
23.360000	0.000000	0.001704
23.370000	0.000000	0.001694
23.380000	0.000000	0.001685
23.390000	0.000000	0.001676
23.400000	0.000000	0.001667
23.410000	0.000000	0.001658
23.420000	0.000000	0.001649
23.430000	0.000000	0.001641
23.440000	0.000000	0.001631
23.450000	0.000000	0.001623
23.460000	0.000000	0.001614
23.470000	0.000000	0.001605
23.480000	0.000000	0.001596
23.490000	0.000000	0.001587
23.500000	0.000000	0.001579
23.510000	0.000000	0.001570
23.520000	0.000000	0.001561
23.530000	0.000000	0.001552
23.540000	0.000000	0.001544
23.550000	0.000000	0.001535
23.560000	0.000000	0.001526
23.570000	0.000000	0.001517
23.580000	0.000000	0.001509
23.590000	0.000000	0.001500
23.600000	0.000000	0.001491
23.610000	0.000000	0.001482
23.620000	0.000000	0.001473
23.630000	0.000000	0.001464
23.640000	0.000000	0.001455
23.650000	0.000000	0.001447
23.660000	0.000000	0.001438
23.670000	0.000000	0.001429
23.680000	0.000000	0.001421
23.690000	0.000000	0.001412
23.700000	0.000000	0.001403
23.710000	0.000000	0.001394
23.720000	0.000000	0.001386
23.730000	0.000000	0.001377
23.740000	0.000000	0.001368
23.750000	0.000000	0.001359
23.760000	0.000000	0.001351
23.770000	0.000000	0.001341
23.780000	0.000000	0.001333
23.790000	0.000000	0.001324
23.800000	0.000000	0.001315
23.810000	0.000000	0.001308
23.820000	0.000000	0.001302
23.830000	0.000000	0.001296
23.840000	0.000000	0.001289
23.850000	0.000000	0.001283
23.860000	0.000000	0.001277
23.870000	0.000000	0.001271
23.880000	0.000000	0.001264
23.890000	0.000000	0.001258
23.900000	0.000000	0.001252
23.910000	0.000000	0.001246
23.920000	0.000000	0.001239
23.930000	0.000000	0.001233
23.940000	0.000000	0.001227
23.950000	0.000000	0.001220
23.960000	0.000000	0.001214
23.970000	0.000000	0.001208
23.980000	0.000000	0.001202
23.990000	0.000000	0.001195
24.000000	0.000000	0.001189
24.010000	0.000000	0.001183
24.020000	0.000000	0.001177
24.030000	0.000000	0.001170
24.040000	0.000000	0.001164
24.050000	0.000000	0.001158
24.060000	0.000000	0.001152
24.070000	0.000000	0.001145
24.080000	0.000000	0.001139
24.090000	0.000000	0.001133
24.100000	0.000000	0.001127
24.110000	0.000000	0.001120
24.120000	0.000000	0.001114
24.130000	0.000000	0.001108
24.140000	0.000000	0.001101
24.150000	0.000000	0.001096
24.160000	0.000000	0.001090
24.170000	0.000000	0.001084
24.180000	0.000000	0.001078
24.190000	0.000000	0.001072
24.200000	0.000000	0.001066
24.210000	0.000000	0.001060
24.220000	0.000000	0.001054
24.230000	0.000000	0.001049
24.240000	0.000000	0.001043
24.250000	0.000000	0.001037
24.260000	0.000000	0.001031
24.270000	0.000000	0.001025
24.280000	0.000000	0.001019
24.290000	0.000000	0.001013
24.300000	0.000000	0.001007
24.310000	0.000000	0.001001
24.320000	0.000000	0.000995
24.330000	0.000000	0.000989
24.340000	0.000000	0.000984
24.350000	0.000000	0.000978
24.360000	0.000000	0.000972
24.370000	0.000000	0.000966
24.380000	0.000000	0.000960
24.390000	0.000000	0.000954
24.400000	0.000000	0.000948
24.410000	0.000000	0.000943
24.420000	0.000000	0.000937
24.430000	0.000000	0.000931
24.440000	0.000000	0.000925
24.450000	0.000000	0.000919
24.460000	0.000000	0.000913
24.470000	0.000000	0.000907
24.480000	0.000000	0.000901
24.490000	0.000000	0.000895
24.500000	0.000000	0.000890
24.510000	0.000000	0.000884
24.520000	0.000000	0.000879
24.530000	0.000000	0.000875
24.540000	0.000000	0.000871
24.550000	0.000000	0.000867
24.560000	0.000000	0.000863
24.570000	0.000000	0.000858
24.580000	0.000000	0.000854
24.590000	0.000000	0.000850
24.600000	0.000000	0.000846
24.610000	0.000000	0.000841
24.620000	0.000000	0.000837
24.630000	0.000000	0.000833
24.640000	0.000000	0.000829
24.650000	0.000000	0.000825
24.660000	0.000000	0.000821
24.670000	0.000000	0.000816
24.680000	0.000000	0.000812
24.690000	0.000000	0.000808
24.700000	0.000000	0.000804
24.710000	0.000000	0.000800
24.720000	0.000000	0.000795
24.730000	0.000000	0.000791
24.740000	0.000000	0.000787
24.750000	0.000000	0.000783
24.760000	0.000000	0.000779
24.770000	0.000000	0.000775
24.780000	0.000000	0.000770
24.790000	0.000000	0.000766
24.800000	0.000000	0.000762
24.810000	0.000000	0.000758
24.820000	0.000000	0.000753
24.830000	0.000000	0.000749
24.840000	0.000000	0.000745
24.850000	0.000000	0.000741
24.860000	0.000000	0.000737
24.870000	0.000000	0.000733
24.880000	0.000000	0.000728
24.890000	0.000000	0.000724
24.900000	0.000000	0.000720
24.910000	0.000000	0.000716
24.920000	0.000000	0.000713
24.930000	0.000000	0.000709
24.940000	0.000000	0.000705
24.950000	0.000000	0.000700
24.960000	0.000000	0.000697
24.970000	0.000000	0.000693
24.980000	0.000000	0.000689
24.990000	0.000000	0.000685
25.000000	0.000000	0.000681
25.010000	0.000000	0.000677
25.020000	0.000000	0.000673
25.030000	0.000000	0.000669
25.040000	0.000000	0.000665
25.050000	0.000000	0.000661
25.060000	0.000000	0.000657
25.070000	0.000000	0.000653
25.080000	0.000000	0.000649
25.090000	0.000000	0.000646
25.100000	0.000000	0.000642
25.110000	0.000000	0.000638
25.120000	0.000000	0.000634
25.130000	0.000000	0.000630
25.140000	0.000000	0.000626
25.150000	0.000000	0.000622
25.160000	0.000000	0.000618
25.170000	0.000000	0.000614
25.180000	0.000000	0.000610
25.190000	0.000000	0.000606
25.200000	0.000000	0.000602
25.210000	0.000000	0.000598
25.220000	0.000000	0.000595
25.230000	0.000000	0.000592
25.240000	0.000000	0.000589
25.250000	0.000000	0.000586
25.260000	0.000000	0.000583
25.270000	0.000000	0.000580
25.280000	0.000000	0.000577
25.290000	0.000000	0.000575
25.300000	0.000000	0.000572
25.310000	0.000000	0.000569
25.320000	0.000000	0.000566
25.330000	0.000000	0.000563
25.340000	0.000000	0.000561
25.350000	0.000000	0.000558
25.360000	0.000000	0.000555
25.370000	0.000000	0.000552
25.380000	0.000000	0.000549
25.390000	0.000000	0.000547
25.400000	0.000000	0.000544
25.410000	0.000000	0.000541
25.420000	0.000000	0.000538
25.430000	0.000000	0.000535
25.440000	0.000000	0.000533
25.450000	0.000000	0.000530
25.460000	0.000000	0.000527
25.470000	0.000000	0.000524
25.480000	0.000000	0.000521
25.490000	0.000000	0.000518
25.500000	0.000000	0.000516
25.510000	0.000000	0.000513
25.520000	0.000000	0.000510
25.530000	0.000000	0.000507
25.540000	0.000000	0.000504
25.550000	0.000000	0.000502
25.560000	0.000000	0.000499
25.570000	0.000000	0.000496
25.580000	0.000000	0.000493
25.590000	0.000000	0.000490
25.600000	0.000000	0.000488
25.610000	0.000000	0.000485
25.620000	0.000000	0.000482
25.630000	0.000000	0.000479
25.640000	0.000000	0.000476
25.650000	0.000000	0.000474
25.660000	0.000000	0.000471
25.670000	0.000000	0.000469
25.680000	0.000000	0.000466
25.690000	0.000000	0.000463
25.700000	0.000000	0.000461
25.710000	0.000000	0.000458
25.720000	0.000000	0.000455
25.730000	0.000000	0.000453
25.740000	0.000000	0.000450
25.750000	0.000000	0.000448
25.760000	0.000000	0.000445
25.770000	0.000000	0.000442
25.780000	0.000000	0.000440
25.790000	0.000000	0.000437
25.800000	0.000000	0.000434
25.810000	0.000000	0.000432
25.820000	0.000000	0.000429
25.830000	0.000000	0.000426
25.840000	0.000000	0.000424
25.850000	0.000000	0.000421
25.860000	0.000000	0.000419
25.870000	0.000000	0.000416
25.880000	0.000000	0.000413
25.890000	0.000000	0.000411
25.900000	0.000000	0.000408
25.910000	0.000000	0.000405
25.920000	0.000000	0.000403
25.930000	0.000000	0.000400
25.940000	0.000000	0.000398
25.950000	0.000000	0.000396
25.960000	0.000000	0.000394
25.970000	0.000000	0.000392
25.980000	0.000000	0.000391
25.990000	0.000000	0.000389
26.000000	0.000000	0.000387
26.010000	0.000000	0.000385
26.020000	0.000000	0.000383
26.030000	0.000000	0.000381
26.040000	0.000000	0.000379
26.050000	0.000000	0.000377
26.060000	0.000000	0.000376
26.070000	0.000000	0.000374
26.080000	0.000000	0.000372
26.090000	0.000000	0.000370
26.100000	0.000000	0.000368
26.110000	0.000000	0.000366
26.120000	0.000000	0.000364
26.130000	0.000000	0.000362
26.140000	0.000000	0.000360
26.150000	0.000000	0.000359
26.160000	0.000000	0.000357
26.170000	0.000000	0.000355
26.180000	0.000000	0.000353
26.190000	0.000000	0.000351
26.200000	0.000000	0.000349
26.210000	0.000000	0.000347
26.220000	0.000000	0.000345
26.230000	0.000000	0.000344
26.240000	0.000000	0.000342
26.250000	0.000000	0.000340
26.260000	0.000000	0.000338
26.270000	0.000000	0.000336
26.280000	0.000000	0.000334
26.290000	0.000000	0.000332
26.300000	0.000000	0.000330
26.310000	0.000000	0.000329
26.320000	0.000000	0.000327
26.330000	0.000000	0.000325
26.340000	0.000000	0.000323
26.350000	0.000000	0.000321
26.360000	0.000000	0.000319
26.370000	0.000000	0.000317
26.380000	0.000000	0.000315
26.390000	0.000000	0.000314
26.400000	0.000000	0.000312
26.410000	0.000000	0.000310
26.420000	0.000000	0.000308
26.430000	0.000000	0.000307
26.440000	0.000000	0.000305
26.450000	0.000000	0.000303
26.460000	0.000000	0.000301
26.470000	0.000000	0.000299
26.480000	0.000000	0.000298
26.490000	0.000000	0.000296
26.500000	0.000000	0.000294
26.510000	0.000000	0.000292
26.520000	0.000000	0.000291
26.530000	0.000000	0.000289
26.540000	0.000000	0.000287
26.550000	0.000000	0.000285
26.560000	0.000000	0.000284
26.570000	0.000000	0.000282
26.580000	0.000000	0.000280
26.590000	0.000000	0.000278
26.600000	0.000000	0.000277
26.610000	0.000000	0.000275
26.620000	0.000000	0.000273
26.630000	0.000000	0.000271
26.640000	0.000000	0.000270
26.650000	0.000000	0.000268
26.660000	0.000000	0.000267
26.670000	0.000000	0.000266
26.680000	0.000000	0.000264
26.690000	0.000000	0.000263
26.700000	0.000000	0.000262
26.710000	0.000000	0.000261
26.720000	0.000000	0.000259
26.730000	0.000000	0.000258
26.740000	0.000000	0.000257
26.750000	0.000000	0.000256
26.760000	0.000000	0.000254
26.770000	0.000000	0.000253
26.780000	0.000000	0.000252
26.790000	0.000000	0.000250
26.800000	0.000000	0.000249
26.810000	0.000000	0.000248
26.820000	0.000000	0.000247
26.830000	0.000000	0.000245
26.840000	0.000000	0.000244
26.850000	0.000000	0.000243
26.860000	0.000000	0.000242
26.870000	0.000000	0.000240
26.880000	0.000000	0.000239
26.890000	0.000000	0.000238
26.900000	0.000000	0.000237
26.910000	0.000000	0.000235
26.920000	0.000000	0.000234
26.930000	0.000000	0.000233
26.940000	0.000000	0.000232
26.950000	0.000000	0.000230
26.960000	0.000000	0.000229
26.970000	0.000000	0.000228
26.980000	0.000000	0.000227
26.990000	0.000000	0.000225
27.000000	0.000000	0.000224
27.010000	0.000000	0.000223
27.020000	0.000000	0.000222
27.030000	0.000000	0.000220
27.040000	0.000000	0.000219
27.050000	0.000000	0.000218
27.060000	0.000000	0.000217
27.070000	0.000000	0.000215
27.080000	0.000000	0.000214
27.090000	0.000000	0.000213
27.100000	0.000000	0.000212
27.110000	0.000000	0.000210
27.120000	0.000000	0.000209
27.130000	0.000000	0.000208
27.140000	0.000000	0.000207
27.150000	0.000000	0.000205
27.160000	0.000000	0.000204
27.170000	0.000000	0.000203
27.180000	0.000000	0.000202
27.190000	0.000000	0.000201
27.200000	0.000000	0.000199
27.210000	0.000000	0.000198
27.220000	0.000000	0.000197
27.230000	0.000000	0.000196
27.240000	0.000000	0.000195
27.250000	0.000000	0.000194
27.260000	0.000000	0.000192
27.270000	0.000000	0.000191
27.280000	0.000000	0.000190
27.290000	0.000000	0.000189
27.300000	0.000000	0.000188
27.310000	0.000000	0.000186
27.320000	0.000000	0.000185
27.330000	0.000000	0.000184
27.340000	0.000000	0.000183
27.350000	0.000000	0.000182
27.360000	0.000000	0.000181
27.370000	0.000000	0.000180
27.380000	0.000000	0.000179
27.390000	0.000000	0.000178
27.400000	0.000000	0.000177
27.410000	0.000000	0.000177
27.420000	0.000000	0.000176
27.430000	0.000000	0.000175
27.440000	0.000000	0.000174
27.450000	0.000000	0.000173
27.460000	0.000000	0.000172
27.470000	0.000000	0.000171
27.480000	0.000000	0.000171
27.490000	0.000000	0.000170
27.500000	0.000000	0.000169
27.510000	0.000000	0.000168
27.520000	0.000000	0.000167
27.530000	0.000000	0.000166
27.540000	0.000000	0.000166
27.550000	0.000000	0.000165
27.560000	0.000000	0.000164
27.570000	0.000000	0.000163
27.580000	0.000000	0.000162
27.590000	0.000000	0.000161
27.600000	0.000000	0.000161
27.610000	0.000000	0.000160
27.620000	0.000000	0.000159
27.630000	0.000000	0.000158
27.640000	0.000000	0.000157
27.650000	0.000000	0.000156
27.660000	0.000000	0.000156
27.670000	0.000000	0.000155
27.680000	0.000000	0.000154
27.690000	0.000000	0.000153
27.700000	0.000000	0.000152
27.710000	0.000000	0.000151
27.720000	0.000000	0.000150
27.730000	0.000000	0.000150
27.740000	0.000000	0.000149
27.750000	0.000000	0.000148
27.760000	0.000000	0.000147
27.770000	0.000000	0.000146
27.780000	0.000000	0.000145
27.790000	0.000000	0.000145
27.800000	0.000000	0.000144
27.810000	0.000000	0.000143
27.820000	0.000000	0.000142
27.830000	0.000000	0.000141
27.840000	0.000000	0.000140
27.850000	0.000000	0.000140
27.860000	0.000000	0.000139
27.870000	0.000000	0.000138
27.880000	0.000000	0.000137
27.890000	0.000000	0.000136
27.900000	0.000000	0.000135
27.910000	0.000000	0.000135
27.920000	0.000000	0.000134
27.930000	0.000000	0.000133
27.940000	0.000000	0.000132
27.950000	0.000000	0.000132
27.960000	0.000000	0.000131
27.970000	0.000000	0.000130
27.980000	0.000000	0.000129
27.990000	0.000000	0.000128
28.000000	0.000000	0.000128
28.010000	0.000000	0.000127
28.020000	0.000000	0.000126
28.030000	0.000000	0.000125
28.040000	0.000000	0.000124
28.050000	0.000000	0.000124
28.060000	0.000000	0.000123
28.070000	0.000000	0.000122
28.080000	0.000000	0.000121
28.090000	0.000000	0.000121
28.100000	0.000000	0.000120
28.110000	0.000000	0.000120
28.120000	0.000000	0.000119
28.130000	0.000000	0.000119
28.140000	0.000000	0.000118
28.150000	0.000000	0.000117
28.160000	0.000000	0.000117
28.170000	0.000000	0.000116
28.180000	0.000000	0.000116
28.190000	0.000000	0.000115
28.200000	0.000000	0.000115
28.210000	0.000000	0.000114
28.220000	0.000000	0.000114
28.230000	0.000000	0.000113
28.240000	0.000000	0.000112
28.250000	0.000000	0.000112
28.260000	0.000000	0.000111
28.270000	0.000000	0.000111
28.280000	0.000000	0.000110
28.290000	0.000000	0.000110
28.300000	0.000000	0.000109
28.310000	0.000000	0.000108
28.320000	0.000000	0.000108
28.330000	0.000000	0.000107
28.340000	0.000000	0.000107
28.350000	0.000000	0.000106
28.360000	0.000000	0.000106
28.370000	0.000000	0.000105
28.380000	0.000000	0.000105
28.390000	0.000000	0.000104
28.400000	0.000000	0.000103
28.410000	0.000000	0.000103
28.420000	0.000000	0.000102
28.430000	0.000000	0.000102
28.440000	0.000000	0.000101
28.450000	0.000000	0.000101
28.460000	0.000000	0.000100
28.470000	0.000000	0.000099
28.480000	0.000000	0.000099
28.490000	0.000000	0.000098
28.500000	0.000000	0.000098
28.510000	0.000000	0.000097
28.520000	0.000000	0.000097
28.530000	0.000000	0.000096
28.540000	0.000000	0.000096
28.550000	0.000000	0.000095
28.560000	0.000000	0.000094
28.570000	0.000000	0.000094
28.580000	0.000000	0.000093
28.590000	0.000000	0.000093
28.600000	0.000000	0.000092
28.610000	0.000000	0.000092
28.620000	0.000000	0.000091
28.630000	0.000000	0.000091
28.640000	0.000000	0.000090
28.650000	0.000000	0.000089
28.660000	0.000000	0.000089
28.670000	0.000000	0.000088
28.680000	0.000000	0.000088
28.690000	0.000000	0.000087
28.700000	0.000000	0.000087
28.710000	0.000000	0.000086
28.720000	0.000000	0.000086
28.730000	0.000000	0.000085
28.740000	0.000000	0.000085
28.750000	0.000000	0.000084
28.760000	0.000000	0.000084
28.770000	0.000000	0.000083
28.780000	0.000000	0.000083
28.790000	0.000000	0.000082
28.800000	0.000000	0.000082
28.810000	0.000000	0.000081
28.820000	0.000000	0.000081
28.830000	0.000000	0.000080
28.840000	0.000000	0.000080
28.850000	0.000000	0.000080
28.860000	0.000000	0.000079
28.870000	0.000000	0.000079
28.880000	0.000000	0.000079
28.890000	0.000000	0.000078
28.900000	0.000000	0.000078
28.910000	0.000000	0.000077
28.920000	0.000000	0.000077
28.930000	0.000000	0.000077
28.940000	0.000000	0.000076
28.950000	0.000000	0.000076
28.960000	0.000000	0.000076
28.970000	0.000000	0.000075
28.980000	0.000000	0.000075
28.990000	0.000000	0.000074
29.000000	0.000000	0.000074
29.010000	0.000000	0.000074
29.020000	0.000000	0.000073
29.030000	0.000000	0.000073
29.040000	0.000000	0.000073
29.050000	0.000000	0.000072
29.060000	0.000000	0.000072
29.070000	0.000000	0.000071
29.080000	0.000000	0.000071
29.090000	0.000000	0.000071
29.100000	0.000000	0.000070
29.110000	0.000000	0.000070
29.120000	0.000000	0.000070
29.130000	0.000000	0.000069
29.140000	0.000000	0.000069
29.150000	0.000000	0.000068
29.160000	0.000000	0.000068
29.170000	0.000000	0.000068
29.180000	0.000000	0.000067
29.190000	0.000000	0.000067
29.200000	0.000000	0.000067
29.210000	0.000000	0.000066
29.220000	0.000000	0.000066
29.230000	0.000000	0.000065
29.240000	0.000000	0.000065
29.250000	0.000000	0.000065
29.260000	0.000000	0.000064
29.270000	0.000000	0.000064
29.280000	0.000000	0.000064
29.290000	0.000000	0.000063
29.300000	0.000000	0.000063
29.310000	0.000000	0.000062
29.320000	0.000000	0.000062
29.330000	0.000000	0.000062
29.340000	0.000000	0.000061
29.350000	0.000000	0.000061
29.360000	0.000000	0.000061
29.370000	0.000000	0.000060
29.380000	0.000000	0.000060
29.390000	0.000000	0.000059
29.400000	0.000000	0.000059
29.410000	0.000000	0.000059
29.420000	0.000000	0.000058
29.430000	0.000000	0.000058
29.440000	0.000000	0.000058
29.450000	0.000000	0.000057
29.460000	0.000000	0.000057
29.470000	0.000000	0.000057
29.480000	0.000000	0.000056
29.490000	0.000000	0.000056
29.500000	0.000000	0.000055
29.510000	0.000000	0.000055
29.520000	0.000000	0.000055
29.530000	0.000000	0.000055
29.540000	0.000000	0.000054
29.550000	0.000000	0.000054
29.560000	0.000000	0.000054
29.570000	0.000000	0.000054
29.580000	0.000000	0.000053
29.590000	0.000000	0.000053
29.600000	0.000000	0.000053
29.610000	0.000000	0.000053
29.620000	0.000000	0.000052
29.630000	0.000000	0.000052
29.640000	0.000000	0.000052
29.650000	0.000000	0.000052
29.660000	0.000000	0.000051
29.670000	0.000000	0.000051
29.680000	0.000000	0.000051
29.690000	0.000000	0.000051
29.700000	0.000000	0.000050
29.710000	0.000000	0.000050
29.720000	0.000000	0.000050
29.730000	0.000000	0.000050
29.740000	0.000000	0.000049
29.750000	0.000000	0.000049
29.760000	0.000000	0.000049
29.770000	0.000000	0.000049
29.780000	0.000000	0.000048
29.790000	0.000000	0.000048
29.800000	0.000000	0.000048
29.810000	0.000000	0.000048
29.820000	0.000000	0.000047
29.830000	0.000000	0.000047
29.840000	0.000000	0.000047
29.850000	0.000000	0.000047
29.860000	0.000000	0.000046
29.870000	0.000000	0.000046
29.880000	0.000000	0.000046
29.890000	0.000000	0.000046
29.900000	0.000000	0.000045
29.910000	0.000000	0.000045
29.920000	0.000000	0.000045
29.930000	0.000000	0.000045
29.940000	0.000000	0.000044
29.950000	0.000000	0.000044
29.960000	0.000000	0.000044
29.970000	0.000000	0.000044
29.980000	0.000000	0.000043
29.990000	0.000000	0.000043
30.000000	0.000000	0.000043
30.010000	0.000000	0.000043
30.020000	0.000000	0.000042
30.030000	0.000000	0.000042
30.040000	0.000000	0.000042
30.050000	0.000000	0.000042
30.060000	0.000000	0.000041
30.070000	0.000000	0.000041
30.080000	0.000000	0.000041
30.090000	0.000000	0.000041
