0.100000	0.000000	88782.343257
0.110000	0.000000	65451.426818
0.120000	0.000000	72566.642448
0.130000	0.000000	64951.547729
0.140000	0.000000	64723.451862
0.150000	0.000000	52515.762847
0.160000	0.000000	50832.425585
0.170000	0.000000	43782.110986
0.180000	0.000000	38176.976135
0.190000	0.000000	37580.064366
0.200000	0.000000	32798.015326
0.210000	0.000000	33053.668664
0.220000	0.000000	35701.569700
0.230000	0.000000	28630.743017
0.240000	0.000000	31802.258598
0.250000	0.000000	28595.941885
0.260000	0.000000	24210.176615
0.270000	0.000000	23914.505518
0.280000	0.000000	24356.171732
0.290000	0.000000	22537.308544
0.300000	0.000000	20767.105017
0.310000	0.000000	20722.523138
0.320000	0.000000	20715.715909
0.330000	0.000000	20622.429534
0.340000	0.000000	19295.363343
0.350000	0.000000	17738.989664
0.360000	0.000000	41436.651120
0.370000	0.000000	104476.868102
0.380000	0.000000	116688.548228
0.390000	0.000000	46011.170104
0.400000	0.000000	126942.495489
0.410000	0.000000	19952.519437
0.420000	0.000000	63829.849182
0.430000	0.000000	45269.493691
0.440000	0.000000	56339.919930
0.450000	0.000000	17867.707668
0.460000	0.000000	13372.479397
0.470000	0.000000	13074.809365
0.480000	0.000000	68346.433064
0.490000	0.000000	39381.616677
0.500000	0.000000	27383.566950
0.510000	0.000000	23750.219035
0.520000	0.000000	11724.520244
0.530000	0.000000	20255.352317
0.540000	0.000000	25555.623205
0.550000	0.000000	11213.718986
0.560000	0.000000	14660.492533
0.570000	0.000000	26479.828511
0.580000	0.000000	23468.361623
0.590000	0.000000	18111.485430
0.600000	0.000000	25712.880463
0.610000	0.000000	10801.483861
0.620000	0.000000	11720.026859
0.630000	0.000000	15984.837782
0.640000	0.000000	15038.209177
0.650000	0.000000	31748.347636
0.660000	0.000000	23173.403873
0.670000	0.000000	12478.738199
0.680000	0.000000	11583.167385
0.690000	0.000000	11184.582040
0.700000	0.000000	11730.735321
0.710000	0.000000	12885.597160
0.720000	0.000000	12633.045904
0.730000	0.000000	17959.065191
0.740000	0.000000	9799.649192
0.750000	0.000000	8779.075255
0.760000	0.000000	8647.518636
0.770000	0.000000	13930.491072
0.780000	0.000000	8733.020130
0.790000	0.000000	9472.944610
0.800000	0.000000	9750.200449
0.810000	0.000000	10187.580902
0.820000	0.000000	9393.261099
0.830000	0.000000	8907.828632
0.840000	0.000000	8497.686207
0.850000	0.000000	8151.042307
0.860000	0.000000	8084.904552
0.870000	0.000000	8212.848781
0.880000	0.000000	8368.635580
0.890000	0.000000	8238.432562
0.900000	0.000000	8226.306964
0.910000	0.000000	8269.255041
0.920000	0.000000	8149.665894
0.930000	0.000000	8268.177334
0.940000	0.000000	8034.559559
0.950000	0.000000	8065.843340
0.960000	0.000000	8001.544471
0.970000	0.000000	8172.465655
0.980000	0.000000	7914.724942
0.990000	0.000000	8089.585875
1.000000	0.000000	8205.901812
1.010000	0.000000	10001.553250
1.020000	0.000000	9801.650405
1.030000	0.000000	8052.994876
1.040000	0.000000	9454.952365
1.050000	0.000000	10664.666043
1.060000	0.000000	7597.461111
1.070000	0.000000	7946.194405
1.080000	0.000000	9715.021958
1.090000	0.000000	7681.782791
1.100000	0.000000	12325.719740
1.110000	0.000000	7144.845379
1.120000	0.000000	11418.642799
1.130000	0.000000	7677.395148
1.140000	0.000000	6913.928708
1.150000	0.000000	8068.279283
1.160000	0.000000	9410.938573
1.170000	0.000000	7930.108947
1.180000	0.000000	6641.913080
1.190000	0.000000	6628.867026
1.200000	0.000000	6744.233725
1.210000	0.000000	6745.129918
1.220000	0.000000	6466.345977
1.230000	0.000000	6531.993134
1.240000	0.000000	6531.609937
1.250000	0.000000	6333.380685
1.260000	0.000000	6314.256474
1.270000	0.000000	6448.251141
1.280000	0.000000	6237.050106
1.290000	0.000000	6352.914465
1.300000	0.000000	6238.595040
1.310000	0.000000	6286.004256
1.320000	0.000000	6248.651330
1.330000	0.000000	6147.731603
1.340000	0.000000	6067.458455
1.350000	0.000000	6036.648548
1.360000	0.000000	6071.148196
1.370000	0.000000	6083.475353
1.380000	0.000000	6028.929317
1.390000	0.000000	6065.155053
1.400000	0.000000	6120.715079
1.410000	0.000000	5833.775670
1.420000	0.000000	5859.806647
1.430000	0.000000	5812.229179
1.440000	0.000000	5723.895730
1.450000	0.000000	5718.117228
1.460000	0.000000	5646.985927
1.470000	0.000000	5753.918627
1.480000	0.000000	6025.815362
1.490000	0.000000	5996.777177
1.500000	0.000000	5808.873523
1.510000	0.000000	5580.328894
1.520000	0.000000	5465.001152
1.530000	0.000000	5425.382368
1.540000	0.000000	5638.851599
1.550000	0.000000	5821.234504
1.560000	0.000000	5373.613129
1.570000	0.000000	5382.287764
1.580000	0.000000	5257.176713
1.590000	0.000000	5227.769211
1.600000	0.000000	5223.190160
1.610000	0.000000	5192.826268
1.620000	0.000000	5120.483548
1.630000	0.000000	5089.490834
1.640000	0.000000	5051.350452
1.650000	0.000000	5210.874540
1.660000	0.000000	5177.009688
1.670000	0.000000	5075.345622
1.680000	0.000000	4981.187836
1.690000	0.000000	4914.656004
1.700000	0.000000	4885.351922
1.710000	0.000000	4857.455672
1.720000	0.000000	4881.645317
1.730000	0.000000	4945.251163
1.740000	0.000000	4777.703738
1.750000	0.000000	4832.800455
1.760000	0.000000	4745.910315
1.770000	0.000000	4704.465209
1.780000	0.000000	4624.746408
1.790000	0.000000	4595.265353
1.800000	0.000000	4589.705820
1.810000	0.000000	4617.946162
1.820000	0.000000	4574.391162
1.830000	0.000000	4509.837793
1.840000	0.000000	4458.974489
1.850000	0.000000	4419.066120
1.860000	0.000000	4385.898493
1.870000	0.000000	4377.830841
1.880000	0.000000	4359.800986
1.890000	0.000000	4299.537428
1.900000	0.000000	4270.575369
1.910000	0.000000	4239.224767
1.920000	0.000000	4210.277651
1.930000	0.000000	4181.357065
1.940000	0.000000	4162.418316
1.950000	0.000000	4126.644678
1.960000	0.000000	4092.619674
1.970000	0.000000	4065.792385
1.980000	0.000000	4037.627673
1.990000	0.000000	4008.915063
2.000000	0.000000	3981.160265
2.010000	0.000000	3952.241635
2.020000	0.000000	3926.313381
2.030000	0.000000	3898.630904
2.040000	0.000000	3868.397689
2.050000	0.000000	3840.220305
2.060000	0.000000	3810.419284
2.070000	0.000000	3779.791362
2.080000	0.000000	3751.766127
2.090000	0.000000	3721.750822
2.100000	0.000000	3692.777037
2.110000	0.000000	3654.373488
2.120000	0.000000	3608.342251
2.130000	0.000000	3562.832313
2.140000	0.000000	3511.980956
2.150000	0.000000	3468.867149
2.160000	0.000000	3417.871775
2.170000	0.000000	3368.447765
2.180000	0.000000	3321.044417
2.190000	0.000000	3273.917193
2.200000	0.000000	3226.994583
2.210000	0.000000	3179.457966
2.220000	0.000000	3131.512466
2.230000	0.000000	3084.357460
2.240000	0.000000	3037.325702
2.250000	0.000000	2990.293460
2.260000	0.000000	2943.275380
2.270000	0.000000	2896.521567
2.280000	0.000000	2847.009529
2.290000	0.000000	2799.455580
2.300000	0.000000	2767.157917
2.310000	0.000000	2706.006431
2.320000	0.000000	2640.560935
2.330000	0.000000	2570.268795
2.340000	0.000000	2498.776989
2.350000	0.000000	2425.572522
2.360000	0.000000	2352.074676
2.370000	0.000000	2426.363729
2.380000	0.000000	2409.966857
2.390000	0.000000	2133.722900
2.400000	0.000000	2230.637003
2.410000	0.000000	2549.230994
2.420000	0.000000	33622.385802
2.430000	0.000000	236319.602937
2.440000	0.000000	114817.948808
2.450000	0.000000	44035.789839
2.460000	0.000000	535674.178531
2.470000	0.000000	71318.188531
2.480000	0.000000	1529.928245
2.490000	0.000000	1477.249062
2.500000	0.000000	1424.593833
2.510000	0.000000	1372.603512
2.520000	0.000000	1319.771655
2.530000	0.000000	1266.672981
2.540000	0.000000	1214.036781
2.550000	0.000000	1519.970686
2.560000	0.000000	1789.369469
2.570000	0.000000	1084.044646
2.580000	0.000000	6002.375184
2.590000	0.000000	26732.632713
2.600000	0.000000	29253.871233
2.610000	0.000000	326010.176493
2.620000	0.000000	636938.231816
2.630000	0.000000	47581.801333
2.640000	0.000000	689.095501
2.650000	0.000000	683.707386
2.660000	0.000000	678.522305
2.670000	0.000000	673.409944
2.680000	0.000000	668.282751
2.690000	0.000000	663.158243
2.700000	0.000000	658.144412
2.710000	0.000000	653.040056
2.720000	0.000000	648.595314
2.730000	0.000000	644.318640
2.740000	0.000000	639.053556
2.750000	0.000000	637.539274
2.760000	0.000000	628.325189
2.770000	0.000000	626.249030
2.780000	0.000000	633.013088
2.790000	0.000000	691.762794
2.800000	0.000000	885.835112
2.810000	0.000000	656.449332
2.820000	0.000000	4069.844932
2.830000	0.000000	2159.735609
2.840000	0.000000	798.536820
2.850000	0.000000	611.212665
2.860000	0.000000	576.488398
2.870000	0.000000	42339.481932
2.880000	0.000000	53294.866582
2.890000	0.000000	561.513562
2.900000	0.000000	556.564833
2.910000	0.000000	551.617311
2.920000	0.000000	546.694759
2.930000	0.000000	542.299511
2.940000	0.000000	587.821328
2.950000	0.000000	2430.183999
2.960000	0.000000	1119.397841
2.970000	0.000000	583.292850
2.980000	0.000000	582.508519
2.990000	0.000000	531.357847
3.000000	0.000000	508.133116
3.010000	0.000000	1153.090346
3.020000	0.000000	19428.741625
3.030000	0.000000	16068.251124
3.040000	0.000000	2050.391613
3.050000	0.000000	2447.430263
3.060000	0.000000	1099.865647
3.070000	0.000000	476.319158
3.080000	0.000000	473.354316
3.090000	0.000000	19507.850484
3.100000	0.000000	126026.706813
3.110000	0.000000	471.186775
3.120000	0.000000	511.999923
3.130000	0.000000	9347.859125
3.140000	0.000000	1513.533681
3.150000	0.000000	5021.494722
3.160000	0.000000	1779.735344
3.170000	0.000000	2966.971329
3.180000	0.000000	4194.176504
3.190000	0.000000	2294.177530
3.200000	0.000000	631.800362
3.210000	0.000000	616.475853
3.220000	0.000000	802.037090
3.230000	0.000000	790.747112
3.240000	0.000000	788.461327
3.250000	0.000000	819.943918
3.260000	0.000000	5902.387835
3.270000	0.000000	37633.658801
3.280000	0.000000	881.960187
3.290000	0.000000	765.025247
3.300000	0.000000	760.080120
3.310000	0.000000	792.358143
3.320000	0.000000	823.349786
3.330000	0.000000	764.416295
3.340000	0.000000	739.625120
3.350000	0.000000	11676.869827
3.360000	0.000000	8553.996500
3.370000	0.000000	725.197745
3.380000	0.000000	720.622774
3.390000	0.000000	4181.156127
3.400000	0.000000	7295.183753
3.410000	0.000000	2125.561720
3.420000	0.000000	5569.106178
3.430000	0.000000	1131.755379
3.440000	0.000000	4519.666026
3.450000	0.000000	4531.581278
3.460000	0.000000	736.227552
3.470000	0.000000	683.333760
3.480000	0.000000	675.632974
3.490000	0.000000	1274.454415
3.500000	0.000000	1590.578779
3.510000	0.000000	1637.210712
3.520000	0.000000	1624.789577
3.530000	0.000000	1615.413518
3.540000	0.000000	1606.179652
3.550000	0.000000	1597.035008
3.560000	0.000000	1587.850627
3.570000	0.000000	1578.534896
3.580000	0.000000	1569.423431
3.590000	0.000000	1560.147548
3.600000	0.000000	1551.205796
3.610000	0.000000	1544.086095
3.620000	0.000000	1532.736347
3.630000	0.000000	1522.550335
3.640000	0.000000	1513.362100
3.650000	0.000000	1504.124655
3.660000	0.000000	1495.080786
3.670000	0.000000	1486.613286
3.680000	0.000000	1494.478145
3.690000	0.000000	1480.060715
3.700000	0.000000	1459.697317
3.710000	0.000000	1449.022146
3.720000	0.000000	1439.727766
3.730000	0.000000	1430.537567
3.740000	0.000000	1421.356008
3.750000	0.000000	1412.175683
3.760000	0.000000	1402.989137
3.770000	0.000000	1393.931585
3.780000	0.000000	1386.030297
3.790000	0.000000	1375.785605
3.800000	0.000000	1366.001464
3.810000	0.000000	1356.775386
3.820000	0.000000	1347.599781
3.830000	0.000000	1338.688023
3.840000	0.000000	1330.127195
3.850000	0.000000	1350.018400
3.860000	0.000000	1343.773438
3.870000	0.000000	1325.284687
3.880000	0.000000	1315.475499
3.890000	0.000000	1343.308765
3.900000	0.000000	1354.691653
3.910000	0.000000	1265.602651
3.920000	0.000000	1259.347398
3.930000	0.000000	1259.738462
3.940000	0.000000	1238.302848
3.950000	0.000000	1229.260148
3.960000	0.000000	1223.878169
3.970000	0.000000	1210.642742
3.980000	0.000000	1201.321586
3.990000	0.000000	1192.232870
4.000000	0.000000	1185.051141
4.010000	0.000000	1174.832538
4.020000	0.000000	1165.042413
4.030000	0.000000	1156.803868
4.040000	0.000000	1147.639475
4.050000	0.000000	1138.311993
4.060000	0.000000	1130.619251
4.070000	0.000000	1122.362481
4.080000	0.000000	1112.239534
4.090000	0.000000	1108.179146
4.100000	0.000000	1116.844995
4.110000	0.000000	1091.738526
4.120000	0.000000	1084.853540
4.130000	0.000000	1077.407881
4.140000	0.000000	1075.493562
4.150000	0.000000	1065.670946
4.160000	0.000000	1058.879780
4.170000	0.000000	1052.713621
4.180000	0.000000	1046.530277
4.190000	0.000000	1040.351788
4.200000	0.000000	1034.180897
4.210000	0.000000	1028.010099
4.220000	0.000000	1021.841985
4.230000	0.000000	1015.711891
4.240000	0.000000	1010.215916
4.250000	0.000000	1004.997254
4.260000	0.000000	997.323764
4.270000	0.000000	991.220160
4.280000	0.000000	985.079716
4.290000	0.000000	978.856720
4.300000	0.000000	973.491095
4.310000	0.000000	966.436835
4.320000	0.000000	960.185993
4.330000	0.000000	954.855987
4.340000	0.000000	948.210782
4.350000	0.000000	942.104000
4.360000	0.000000	936.022256
4.370000	0.000000	929.809623
4.380000	0.000000	923.693868
4.390000	0.000000	917.497864
4.400000	0.000000	911.234984
4.410000	0.000000	905.128810
4.420000	0.000000	899.075810
4.430000	0.000000	893.111460
4.440000	0.000000	886.887444
4.450000	0.000000	880.779943
4.460000	0.000000	874.512781
4.470000	0.000000	868.178874
4.480000	0.000000	862.304179
4.490000	0.000000	855.993756
4.500000	0.000000	851.663928
4.510000	0.000000	844.767110
4.520000	0.000000	837.805680
4.530000	0.000000	831.569934
4.540000	0.000000	825.454781
4.550000	0.000000	819.313416
4.560000	0.000000	813.214180
4.570000	0.000000	812.291642
4.580000	0.000000	812.196954
4.590000	0.000000	794.936622
4.600000	0.000000	788.847506
4.610000	0.000000	782.768791
4.620000	0.000000	776.771043
4.630000	0.000000	770.310993
4.640000	0.000000	764.082322
4.650000	0.000000	757.992610
4.660000	0.000000	751.964080
4.670000	0.000000	746.877491
4.680000	0.000000	742.349039
4.690000	0.000000	738.482620
4.700000	0.000000	734.192578
4.710000	0.000000	729.679848
4.720000	0.000000	726.113006
4.730000	0.000000	722.316737
4.740000	0.000000	718.047891
4.750000	0.000000	714.640016
4.760000	0.000000	708.728282
4.770000	0.000000	704.591809
4.780000	0.000000	700.571426
4.790000	0.000000	696.509697
4.800000	0.000000	692.150519
4.810000	0.000000	688.248357
4.820000	0.000000	688.372971
4.830000	0.000000	680.880893
4.840000	0.000000	675.811106
4.850000	0.000000	672.361987
4.860000	0.000000	669.050543
4.870000	0.000000	664.306516
4.880000	0.000000	659.502161
4.890000	0.000000	655.437236
4.900000	0.000000	651.373104
4.910000	0.000000	647.310219
4.920000	0.000000	643.757351
4.930000	0.000000	640.874900
4.940000	0.000000	635.140882
4.950000	0.000000	631.070284
4.960000	0.000000	627.045692
4.970000	0.000000	622.821020
4.980000	0.000000	619.636549
4.990000	0.000000	614.686720
5.000000	0.000000	610.479509
5.010000	0.000000	606.419450
5.020000	0.000000	602.827458
5.030000	0.000000	598.572093
5.040000	0.000000	594.486152
5.050000	0.000000	590.505859
5.060000	0.000000	586.273717
5.070000	0.000000	582.189003
5.080000	0.000000	578.155710
5.090000	0.000000	573.974522
5.100000	0.000000	569.922820
5.110000	0.000000	565.955999
5.120000	0.000000	562.583350
5.130000	0.000000	557.748222
5.140000	0.000000	553.505934
5.150000	0.000000	549.546162
5.160000	0.000000	545.446692
5.170000	0.000000	541.396381
5.180000	0.000000	537.346328
5.190000	0.000000	533.290134
5.200000	0.000000	529.320550
5.210000	0.000000	525.242868
5.220000	0.000000	521.131855
5.230000	0.000000	517.102545
5.240000	0.000000	513.192464
5.250000	0.000000	509.440333
5.260000	0.000000	505.794018
5.270000	0.000000	502.838051
5.280000	0.000000	499.882947
5.290000	0.000000	496.929443
5.300000	0.000000	493.872685
5.310000	0.000000	491.002686
5.320000	0.000000	487.933053
5.330000	0.000000	485.173867
5.340000	0.000000	482.467313
5.350000	0.000000	479.847390
5.360000	0.000000	477.104279
5.370000	0.000000	474.395870
5.380000	0.000000	471.696787
5.390000	0.000000	468.989766
5.400000	0.000000	466.300047
5.410000	0.000000	463.582501
5.420000	0.000000	460.863585
5.430000	0.000000	458.169376
5.440000	0.000000	455.476400
5.450000	0.000000	452.777118
5.460000	0.000000	450.076779
5.470000	0.000000	447.265306
5.480000	0.000000	444.520678
5.490000	0.000000	441.897749
5.500000	0.000000	439.151052
5.510000	0.000000	436.445538
5.520000	0.000000	433.740112
5.530000	0.000000	431.071861
5.540000	0.000000	428.384786
5.550000	0.000000	425.660288
5.560000	0.000000	422.961421
5.570000	0.000000	420.389518
5.580000	0.000000	417.766968
5.590000	0.000000	414.898987
5.600000	0.000000	412.310483
5.610000	0.000000	410.147530
5.620000	0.000000	409.679296
5.630000	0.000000	406.526486
5.640000	0.000000	402.721783
5.650000	0.000000	400.508536
5.660000	0.000000	397.572948
5.670000	0.000000	399.507596
5.680000	0.000000	392.348308
5.690000	0.000000	387.803486
5.700000	0.000000	385.110037
5.710000	0.000000	382.420644
5.720000	0.000000	379.734364
5.730000	0.000000	377.053638
5.740000	0.000000	374.376345
5.750000	0.000000	371.708453
5.760000	0.000000	369.048940
5.770000	0.000000	366.360574
5.780000	0.000000	363.678213
5.790000	0.000000	361.000275
5.800000	0.000000	358.297396
5.810000	0.000000	355.462336
5.820000	0.000000	352.787747
5.830000	0.000000	350.108932
5.840000	0.000000	347.502657
5.850000	0.000000	345.340386
5.860000	0.000000	343.428497
5.870000	0.000000	341.501412
5.880000	0.000000	339.546286
5.890000	0.000000	337.591281
5.900000	0.000000	335.646597
5.910000	0.000000	333.712747
5.920000	0.000000	331.801012
5.930000	0.000000	329.912965
5.940000	0.000000	327.904992
5.950000	0.000000	326.118314
5.960000	0.000000	324.352394
5.970000	0.000000	322.544960
5.980000	0.000000	320.699466
5.990000	0.000000	318.932493
6.000000	0.000000	317.201301
6.010000	0.000000	315.408006
6.020000	0.000000	313.655970
6.030000	0.000000	311.893729
6.040000	0.000000	310.110772
6.050000	0.000000	308.336699
6.060000	0.000000	306.574735
6.070000	0.000000	304.818596
6.080000	0.000000	303.053679
6.090000	0.000000	301.315975
6.100000	0.000000	299.653717
6.110000	0.000000	298.064714
6.120000	0.000000	297.468794
6.130000	0.000000	294.949833
6.140000	0.000000	292.839886
6.150000	0.000000	291.372552
6.160000	0.000000	289.465905
6.170000	0.000000	289.257484
6.180000	0.000000	285.870101
6.190000	0.000000	283.537981
6.200000	0.000000	281.778857
6.210000	0.000000	280.016333
6.220000	0.000000	278.252659
6.230000	0.000000	276.491586
6.240000	0.000000	274.730795
6.250000	0.000000	272.970719
6.260000	0.000000	271.212822
6.270000	0.000000	269.458241
6.280000	0.000000	267.705054
6.290000	0.000000	265.952505
6.300000	0.000000	264.198113
6.310000	0.000000	262.351833
6.320000	0.000000	260.578966
6.330000	0.000000	258.824773
6.340000	0.000000	257.069622
6.350000	0.000000	255.318518
6.360000	0.000000	253.565294
6.370000	0.000000	251.811614
6.380000	0.000000	250.070151
6.390000	0.000000	248.322897
6.400000	0.000000	246.596612
6.410000	0.000000	244.857106
6.420000	0.000000	243.063154
6.430000	0.000000	241.313938
6.440000	0.000000	239.586120
6.450000	0.000000	237.880886
6.460000	0.000000	236.500654
6.470000	0.000000	235.665641
6.480000	0.000000	233.630919
6.490000	0.000000	232.546699
6.500000	0.000000	231.141049
6.510000	0.000000	229.785890
6.520000	0.000000	228.530077
6.530000	0.000000	230.562150
6.540000	0.000000	230.713431
6.550000	0.000000	227.010034
6.560000	0.000000	224.605740
6.570000	0.000000	228.124228
6.580000	0.000000	230.015212
6.590000	0.000000	225.490053
6.600000	0.000000	237.355800
6.610000	0.000000	274.882169
6.620000	0.000000	281.280164
6.630000	0.000000	315.100221
6.640000	0.000000	313.220449
6.650000	0.000000	341.886107
6.660000	0.000000	341.098713
6.670000	0.000000	271.639579
6.680000	0.000000	281.578382
6.690000	0.000000	455.608401
6.700000	0.000000	311.050336
6.710000	0.000000	207.021620
6.720000	0.000000	204.320851
6.730000	0.000000	202.884597
6.740000	0.000000	201.714259
6.750000	0.000000	200.543508
6.760000	0.000000	199.374556
6.770000	0.000000	198.205675
6.780000	0.000000	197.036693
6.790000	0.000000	195.867655
6.800000	0.000000	194.698469
6.810000	0.000000	193.497167
6.820000	0.000000	192.287197
6.830000	0.000000	191.123165
6.840000	0.000000	189.997595
6.850000	0.000000	188.805401
6.860000	0.000000	187.631909
6.870000	0.000000	186.493238
6.880000	0.000000	185.321207
6.890000	0.000000	184.189061
6.900000	0.000000	183.114621
6.910000	0.000000	182.314964
6.920000	0.000000	181.399414
6.930000	0.000000	179.907335
6.940000	0.000000	179.004009
6.950000	0.000000	177.976769
6.960000	0.000000	176.490842
6.970000	0.000000	176.778669
6.980000	0.000000	173.637956
6.990000	0.000000	172.429185
7.000000	0.000000	171.265440
7.010000	0.000000	170.115431
7.020000	0.000000	169.098599
7.030000	0.000000	167.837219
7.040000	0.000000	166.616679
7.050000	0.000000	165.482301
7.060000	0.000000	164.325008
7.070000	0.000000	163.146674
7.080000	0.000000	161.976302
7.090000	0.000000	160.834848
7.100000	0.000000	159.822337
7.110000	0.000000	158.972084
7.120000	0.000000	158.110604
7.130000	0.000000	157.258098
7.140000	0.000000	156.405330
7.150000	0.000000	155.499310
7.160000	0.000000	154.663329
7.170000	0.000000	153.895828
7.180000	0.000000	152.976676
7.190000	0.000000	152.148132
7.200000	0.000000	151.257901
7.210000	0.000000	150.380753
7.220000	0.000000	149.525670
7.230000	0.000000	148.673152
7.240000	0.000000	147.822567
7.250000	0.000000	146.984509
7.260000	0.000000	146.216113
7.270000	0.000000	145.480444
7.280000	0.000000	144.576300
7.290000	0.000000	143.761783
7.300000	0.000000	142.982671
7.310000	0.000000	142.201164
7.320000	0.000000	141.372884
7.330000	0.000000	140.618572
7.340000	0.000000	139.818827
7.350000	0.000000	139.037178
7.360000	0.000000	138.272169
7.370000	0.000000	137.486617
7.380000	0.000000	136.711363
7.390000	0.000000	135.936803
7.400000	0.000000	135.160885
7.410000	0.000000	134.384398
7.420000	0.000000	133.605397
7.430000	0.000000	132.831288
7.440000	0.000000	132.055313
7.450000	0.000000	131.280592
7.460000	0.000000	130.507377
7.470000	0.000000	129.731326
7.480000	0.000000	128.948730
7.490000	0.000000	128.131222
7.500000	0.000000	127.356774
7.510000	0.000000	126.582791
7.520000	0.000000	125.861910
7.530000	0.000000	125.063602
7.540000	0.000000	124.275357
7.550000	0.000000	123.531960
7.560000	0.000000	122.751004
7.570000	0.000000	121.952529
7.580000	0.000000	121.174494
7.590000	0.000000	120.395981
7.600000	0.000000	119.623634
7.610000	0.000000	118.877785
7.620000	0.000000	118.177844
7.630000	0.000000	117.432027
7.640000	0.000000	116.656374
7.650000	0.000000	115.775219
7.660000	0.000000	114.963758
7.670000	0.000000	114.162404
7.680000	0.000000	113.601383
7.690000	0.000000	112.708818
7.700000	0.000000	112.087105
7.710000	0.000000	111.764320
7.720000	0.000000	112.604573
7.730000	0.000000	112.703632
7.740000	0.000000	110.775878
7.750000	0.000000	110.460262
7.760000	0.000000	112.106547
7.770000	0.000000	115.084185
7.780000	0.000000	122.012188
7.790000	0.000000	110.838247
7.800000	0.000000	110.155161
7.810000	0.000000	104.907239
7.820000	0.000000	105.880554
7.830000	0.000000	104.100597
7.840000	0.000000	103.015033
7.850000	0.000000	102.393027
7.860000	0.000000	105.136791
7.870000	0.000000	118.339624
7.880000	0.000000	108.779498
7.890000	0.000000	100.126093
7.900000	0.000000	99.559742
7.910000	0.000000	99.002387
7.920000	0.000000	98.439434
7.930000	0.000000	97.861379
7.940000	0.000000	97.298060
7.950000	0.000000	96.749059
7.960000	0.000000	96.231203
7.970000	0.000000	95.731247
7.980000	0.000000	95.196660
7.990000	0.000000	94.648923
8.000000	0.000000	94.128724
8.010000	0.000000	93.618174
8.020000	0.000000	93.097745
8.030000	0.000000	92.585726
8.040000	0.000000	92.068272
8.050000	0.000000	91.553969
8.060000	0.000000	91.037346
8.070000	0.000000	90.518158
8.080000	0.000000	90.001917
8.090000	0.000000	89.531084
8.100000	0.000000	89.068313
8.110000	0.000000	88.506035
8.120000	0.000000	87.989333
8.130000	0.000000	87.488360
8.140000	0.000000	87.006133
8.150000	0.000000	86.434415
8.160000	0.000000	94.326896
8.170000	0.000000	85.951887
8.180000	0.000000	86.059143
8.190000	0.000000	84.775803
8.200000	0.000000	83.841652
8.210000	0.000000	84.430307
8.220000	0.000000	83.441833
8.230000	0.000000	82.250437
8.240000	0.000000	81.810628
8.250000	0.000000	81.313185
8.260000	0.000000	80.683591
8.270000	0.000000	80.168328
8.280000	0.000000	81.410588
8.290000	0.000000	85.390652
8.300000	0.000000	78.630147
8.310000	0.000000	78.124292
8.320000	0.000000	77.584612
8.330000	0.000000	77.065648
8.340000	0.000000	80.007851
8.350000	0.000000	76.571416
8.360000	0.000000	76.144566
8.370000	0.000000	75.211411
8.380000	0.000000	74.500826
8.390000	0.000000	74.436087
8.400000	0.000000	73.827209
8.410000	0.000000	73.047841
8.420000	0.000000	72.668919
8.430000	0.000000	72.291441
8.440000	0.000000	71.913967
8.450000	0.000000	71.536428
8.460000	0.000000	71.158967
8.470000	0.000000	71.075436
8.480000	0.000000	73.459446
8.490000	0.000000	70.013054
8.500000	0.000000	69.623501
8.510000	0.000000	69.246040
8.520000	0.000000	68.868623
8.530000	0.000000	68.491582
8.540000	0.000000	68.114169
8.550000	0.000000	67.737867
8.560000	0.000000	67.369829
8.570000	0.000000	66.993370
8.580000	0.000000	67.374643
8.590000	0.000000	67.237430
8.600000	0.000000	65.861236
8.610000	0.000000	65.482374
8.620000	0.000000	65.106824
8.630000	0.000000	64.731580
8.640000	0.000000	64.438404
8.650000	0.000000	64.974795
8.660000	0.000000	63.647750
8.670000	0.000000	63.297511
8.680000	0.000000	63.026300
8.690000	0.000000	63.125244
8.700000	0.000000	62.409061
8.710000	0.000000	62.199903
8.720000	0.000000	61.721920
8.730000	0.000000	61.400844
8.740000	0.000000	61.032595
8.750000	0.000000	60.546575
8.760000	0.000000	60.204306
8.770000	0.000000	59.860084
8.780000	0.000000	59.514229
8.790000	0.000000	59.171128
8.800000	0.000000	58.828597
8.810000	0.000000	58.483009
8.820000	0.000000	58.143661
8.830000	0.000000	57.833963
8.840000	0.000000	57.488980
8.850000	0.000000	57.144980
8.860000	0.000000	56.800975
8.870000	0.000000	56.457179
8.880000	0.000000	56.113575
8.890000	0.000000	55.770019
8.900000	0.000000	55.443478
8.910000	0.000000	55.098011
8.920000	0.000000	54.738738
8.930000	0.000000	54.394908
8.940000	0.000000	54.051434
8.950000	0.000000	53.707986
8.960000	0.000000	53.364568
8.970000	0.000000	53.021170
8.980000	0.000000	52.678219
8.990000	0.000000	52.339022
9.000000	0.000000	51.968041
9.010000	0.000000	51.641531
9.020000	0.000000	51.329944
9.030000	0.000000	50.950249
9.040000	0.000000	50.608998
9.050000	0.000000	50.271436
9.060000	0.000000	49.973149
9.070000	0.000000	49.801052
9.080000	0.000000	49.509756
9.090000	0.000000	49.132101
9.100000	0.000000	48.866259
9.110000	0.000000	48.606498
9.120000	0.000000	48.367018
9.130000	0.000000	48.100982
9.140000	0.000000	47.834415
9.150000	0.000000	47.583453
9.160000	0.000000	47.347633
9.170000	0.000000	47.100623
9.180000	0.000000	47.039415
9.190000	0.000000	46.598233
9.200000	0.000000	46.310621
9.210000	0.000000	46.059761
9.220000	0.000000	45.808905
9.230000	0.000000	45.558050
9.240000	0.000000	45.307292
9.250000	0.000000	45.056440
9.260000	0.000000	44.805494
9.270000	0.000000	44.554643
9.280000	0.000000	44.303796
9.290000	0.000000	44.052953
9.300000	0.000000	43.802143
9.310000	0.000000	43.551598
9.320000	0.000000	43.301105
9.330000	0.000000	43.039733
9.340000	0.000000	42.782234
9.350000	0.000000	42.545303
9.360000	0.000000	42.314645
9.370000	0.000000	42.084744
9.380000	0.000000	41.854865
9.390000	0.000000	41.624988
9.400000	0.000000	41.395111
9.410000	0.000000	41.165240
9.420000	0.000000	40.935377
9.430000	0.000000	40.705527
9.440000	0.000000	40.477339
9.450000	0.000000	40.249775
9.460000	0.000000	40.016935
9.470000	0.000000	39.787029
9.480000	0.000000	39.557824
9.490000	0.000000	39.326920
9.500000	0.000000	39.085869
9.510000	0.000000	38.852211
9.520000	0.000000	38.743101
9.530000	0.000000	38.417823
9.540000	0.000000	38.181317
9.550000	0.000000	37.941760
9.560000	0.000000	37.709348
9.570000	0.000000	37.496192
9.580000	0.000000	37.262567
9.590000	0.000000	37.018770
9.600000	0.000000	36.789262
9.610000	0.000000	36.559674
9.620000	0.000000	36.330709
9.630000	0.000000	36.101894
9.640000	0.000000	35.873089
9.650000	0.000000	35.649460
9.660000	0.000000	35.497066
9.670000	0.000000	35.171330
9.680000	0.000000	34.942571
9.690000	0.000000	34.713678
9.700000	0.000000	34.485097
9.710000	0.000000	34.256346
9.720000	0.000000	34.027358
9.730000	0.000000	33.835679
9.740000	0.000000	33.615702
9.750000	0.000000	33.414093
9.760000	0.000000	33.247084
9.770000	0.000000	33.072059
9.780000	0.000000	32.908726
9.790000	0.000000	32.747374
9.800000	0.000000	32.569663
9.810000	0.000000	32.402237
9.820000	0.000000	32.234765
9.830000	0.000000	32.064937
9.840000	0.000000	31.888593
9.850000	0.000000	31.721216
9.860000	0.000000	31.553868
9.870000	0.000000	31.386526
9.880000	0.000000	31.223518
9.890000	0.000000	31.072079
9.900000	0.000000	30.895245
9.910000	0.000000	30.717178
9.920000	0.000000	30.549842
9.930000	0.000000	30.382506
9.940000	0.000000	30.215171
9.950000	0.000000	30.047853
9.960000	0.000000	29.880546
9.970000	0.000000	29.713188
9.980000	0.000000	29.545829
9.990000	0.000000	29.379138
10.000000	0.000000	29.223667
10.010000	0.000000	29.033114
10.020000	0.000000	28.865254
10.030000	0.000000	28.697980
10.040000	0.000000	28.530721
10.050000	0.000000	28.364700
10.060000	0.000000	28.206340
10.070000	0.000000	28.058324
10.080000	0.000000	27.903684
10.090000	0.000000	27.745549
10.100000	0.000000	27.592225
10.110000	0.000000	27.438828
10.120000	0.000000	27.287205
10.130000	0.000000	27.137183
10.140000	0.000000	26.978636
10.150000	0.000000	26.825638
10.160000	0.000000	26.676087
10.170000	0.000000	26.512245
10.180000	0.000000	26.358271
10.190000	0.000000	26.202553
10.200000	0.000000	26.049125
10.210000	0.000000	25.896097
10.220000	0.000000	25.743165
10.230000	0.000000	25.590381
10.240000	0.000000	25.437678
10.250000	0.000000	25.284990
10.260000	0.000000	25.132303
10.270000	0.000000	24.979616
10.280000	0.000000	24.827036
10.290000	0.000000	24.674615
10.300000	0.000000	24.522057
10.310000	0.000000	24.369374
10.320000	0.000000	24.216695
10.330000	0.000000	24.064024
10.340000	0.000000	23.902734
10.350000	0.000000	23.748361
10.360000	0.000000	23.595754
10.370000	0.000000	23.443419
10.380000	0.000000	23.291151
10.390000	0.000000	23.138888
10.400000	0.000000	22.986626
10.410000	0.000000	22.834426
10.420000	0.000000	22.694602
10.430000	0.000000	22.573611
10.440000	0.000000	22.461893
10.450000	0.000000	22.350174
10.460000	0.000000	22.238461
10.470000	0.000000	22.126758
10.480000	0.000000	22.015038
10.490000	0.000000	21.903307
10.500000	0.000000	21.791220
10.510000	0.000000	21.672390
10.520000	0.000000	21.560713
10.530000	0.000000	21.449038
10.540000	0.000000	21.337380
10.550000	0.000000	21.225747
10.560000	0.000000	21.114086
10.570000	0.000000	21.002429
10.580000	0.000000	20.890780
10.590000	0.000000	20.779132
10.600000	0.000000	20.667492
10.610000	0.000000	20.555849
10.620000	0.000000	20.444193
10.630000	0.000000	20.332549
10.640000	0.000000	20.220909
10.650000	0.000000	20.109255
10.660000	0.000000	19.997615
10.670000	0.000000	19.883980
10.680000	0.000000	19.766816
10.690000	0.000000	19.655222
10.700000	0.000000	19.543628
10.710000	0.000000	19.432037
10.720000	0.000000	19.320453
10.730000	0.000000	19.208871
10.740000	0.000000	19.097289
10.750000	0.000000	18.985707
10.760000	0.000000	18.874151
10.770000	0.000000	18.765034
10.780000	0.000000	18.660357
10.790000	0.000000	18.557997
10.800000	0.000000	18.455640
10.810000	0.000000	18.353305
10.820000	0.000000	18.251016
10.830000	0.000000	18.148732
10.840000	0.000000	18.043175
10.850000	0.000000	17.937323
10.860000	0.000000	17.835168
10.870000	0.000000	17.733172
10.880000	0.000000	17.631226
10.890000	0.000000	17.529287
10.900000	0.000000	17.427354
10.910000	0.000000	17.325423
10.920000	0.000000	17.223493
10.930000	0.000000	17.121562
10.940000	0.000000	17.019632
10.950000	0.000000	16.917705
10.960000	0.000000	16.815790
10.970000	0.000000	16.713889
10.980000	0.000000	16.611991
10.990000	0.000000	16.510108
11.000000	0.000000	16.408369
11.010000	0.000000	16.302059
11.020000	0.000000	16.198283
11.030000	0.000000	16.096677
11.040000	0.000000	15.995071
11.050000	0.000000	15.893465
11.060000	0.000000	15.791860
11.070000	0.000000	15.690254
11.080000	0.000000	15.588649
11.090000	0.000000	15.487043
11.100000	0.000000	15.386416
11.110000	0.000000	15.295082
11.120000	0.000000	15.217214
11.130000	0.000000	15.142666
11.140000	0.000000	15.068119
11.150000	0.000000	14.993573
11.160000	0.000000	14.919034
11.170000	0.000000	14.844511
11.180000	0.000000	14.765482
11.190000	0.000000	14.690431
11.200000	0.000000	14.615911
11.210000	0.000000	14.541390
11.220000	0.000000	14.466870
11.230000	0.000000	14.392359
11.240000	0.000000	14.317855
11.250000	0.000000	14.243353
11.260000	0.000000	14.168850
11.270000	0.000000	14.094348
11.280000	0.000000	14.019846
11.290000	0.000000	13.945344
11.300000	0.000000	13.870842
11.310000	0.000000	13.796340
11.320000	0.000000	13.721840
11.330000	0.000000	13.647340
11.340000	0.000000	13.572310
11.350000	0.000000	13.493302
11.360000	0.000000	13.418816
11.370000	0.000000	13.344352
11.380000	0.000000	13.269893
11.390000	0.000000	13.195434
11.400000	0.000000	13.120975
11.410000	0.000000	13.046516
11.420000	0.000000	12.972058
11.430000	0.000000	12.897599
11.440000	0.000000	12.823140
11.450000	0.000000	12.748681
11.460000	0.000000	12.674223
11.470000	0.000000	12.599773
11.480000	0.000000	12.525372
11.490000	0.000000	12.451523
11.500000	0.000000	12.381307
11.510000	0.000000	12.311658
11.520000	0.000000	12.240399
11.530000	0.000000	12.172303
11.540000	0.000000	12.104207
11.550000	0.000000	12.036111
11.560000	0.000000	11.968027
11.570000	0.000000	11.899981
11.580000	0.000000	11.831953
11.590000	0.000000	11.763928
11.600000	0.000000	11.695906
11.610000	0.000000	11.627886
11.620000	0.000000	11.559866
11.630000	0.000000	11.491860
11.640000	0.000000	11.423917
11.650000	0.000000	11.356077
11.660000	0.000000	11.288245
11.670000	0.000000	11.220412
11.680000	0.000000	11.150168
11.690000	0.000000	11.080173
11.700000	0.000000	11.012367
11.710000	0.000000	10.944561
11.720000	0.000000	10.876756
11.730000	0.000000	10.808951
11.740000	0.000000	10.741146
11.750000	0.000000	10.673341
11.760000	0.000000	10.605537
11.770000	0.000000	10.537734
11.780000	0.000000	10.469931
11.790000	0.000000	10.402254
11.800000	0.000000	10.338233
11.810000	0.000000	10.283953
11.820000	0.000000	10.234187
11.830000	0.000000	10.184423
11.840000	0.000000	10.134664
11.850000	0.000000	10.082436
11.860000	0.000000	10.031801
11.870000	0.000000	9.982051
11.880000	0.000000	9.932302
11.890000	0.000000	9.882552
11.900000	0.000000	9.832802
11.910000	0.000000	9.783053
11.920000	0.000000	9.733304
11.930000	0.000000	9.683560
11.940000	0.000000	9.633821
11.950000	0.000000	9.584083
11.960000	0.000000	9.534346
11.970000	0.000000	9.484608
11.980000	0.000000	9.434871
11.990000	0.000000	9.385133
12.000000	0.000000	9.335396
12.010000	0.000000	9.285658
12.020000	0.000000	9.232734
12.030000	0.000000	9.182822
12.040000	0.000000	9.133100
12.050000	0.000000	9.083389
12.060000	0.000000	9.033680
12.070000	0.000000	8.983971
12.080000	0.000000	8.934263
12.090000	0.000000	8.884554
12.100000	0.000000	8.834845
12.110000	0.000000	8.785136
12.120000	0.000000	8.735427
12.130000	0.000000	8.685718
12.140000	0.000000	8.636014
12.150000	0.000000	8.586329
12.160000	0.000000	8.536679
12.170000	0.000000	8.487067
12.180000	0.000000	8.436927
12.190000	0.000000	8.384502
12.200000	0.000000	8.334933
12.210000	0.000000	8.285368
12.220000	0.000000	8.236478
12.230000	0.000000	8.190080
12.240000	0.000000	8.144539
12.250000	0.000000	8.099081
12.260000	0.000000	8.053626
12.270000	0.000000	8.008192
12.280000	0.000000	7.962787
12.290000	0.000000	7.917433
12.300000	0.000000	7.872140
12.310000	0.000000	7.826855
12.320000	0.000000	7.781572
12.330000	0.000000	7.736289
12.340000	0.000000	7.691007
12.350000	0.000000	7.644596
12.360000	0.000000	7.597380
12.370000	0.000000	7.552097
12.380000	0.000000	7.506817
12.390000	0.000000	7.461539
12.400000	0.000000	7.416261
12.410000	0.000000	7.370984
12.420000	0.000000	7.325707
12.430000	0.000000	7.280433
12.440000	0.000000	7.235166
12.450000	0.000000	7.189902
12.460000	0.000000	7.144638
12.470000	0.000000	7.099374
12.480000	0.000000	7.054110
12.490000	0.000000	7.009254
12.500000	0.000000	6.967314
12.510000	0.000000	6.933322
12.520000	0.000000	6.898780
12.530000	0.000000	6.864599
12.540000	0.000000	6.831363
12.550000	0.000000	6.798128
12.560000	0.000000	6.764892
12.570000	0.000000	6.731657
12.580000	0.000000	6.698421
12.590000	0.000000	6.665186
12.600000	0.000000	6.631951
12.610000	0.000000	6.598715
12.620000	0.000000	6.565480
12.630000	0.000000	6.532246
12.640000	0.000000	6.499016
12.650000	0.000000	6.465788
12.660000	0.000000	6.432561
12.670000	0.000000	6.399333
12.680000	0.000000	6.366106
12.690000	0.000000	6.331105
12.700000	0.000000	6.297405
12.710000	0.000000	6.264181
12.720000	0.000000	6.230958
12.730000	0.000000	6.197742
12.740000	0.000000	6.164532
12.750000	0.000000	6.131323
12.760000	0.000000	6.098114
12.770000	0.000000	6.064905
12.780000	0.000000	6.031697
12.790000	0.000000	5.998489
12.800000	0.000000	5.965281
12.810000	0.000000	5.932076
12.820000	0.000000	5.898890
12.830000	0.000000	5.865742
12.840000	0.000000	5.832599
12.850000	0.000000	5.799456
12.860000	0.000000	5.764072
12.870000	0.000000	5.730930
12.880000	0.000000	5.697802
12.890000	0.000000	5.664686
12.900000	0.000000	5.631572
12.910000	0.000000	5.598459
12.920000	0.000000	5.565347
12.930000	0.000000	5.532234
12.940000	0.000000	5.499136
12.950000	0.000000	5.466197
12.960000	0.000000	5.434229
12.970000	0.000000	5.403651
12.980000	0.000000	5.373377
12.990000	0.000000	5.343118
13.000000	0.000000	5.312860
13.010000	0.000000	5.282603
13.020000	0.000000	5.251915
13.030000	0.000000	5.220043
13.040000	0.000000	5.189788
13.050000	0.000000	5.159533
13.060000	0.000000	5.129278
13.070000	0.000000	5.099023
13.080000	0.000000	5.068770
13.090000	0.000000	5.038518
13.100000	0.000000	5.008266
13.110000	0.000000	4.978015
13.120000	0.000000	4.947763
13.130000	0.000000	4.917512
13.140000	0.000000	4.887260
13.150000	0.000000	4.857009
13.160000	0.000000	4.826758
13.170000	0.000000	4.796508
13.180000	0.000000	4.766261
13.190000	0.000000	4.735158
13.200000	0.000000	4.705438
13.210000	0.000000	4.682547
13.220000	0.000000	4.660299
13.230000	0.000000	4.638102
13.240000	0.000000	4.615905
13.250000	0.000000	4.593707
13.260000	0.000000	4.571510
13.270000	0.000000	4.549314
13.280000	0.000000	4.527117
13.290000	0.000000	4.504920
13.300000	0.000000	4.482723
13.310000	0.000000	4.460527
13.320000	0.000000	4.438330
13.330000	0.000000	4.416134
13.340000	0.000000	4.393937
13.350000	0.000000	4.371742
13.360000	0.000000	4.348603
13.370000	0.000000	4.325859
13.380000	0.000000	4.303668
13.390000	0.000000	4.281479
13.400000	0.000000	4.259290
13.410000	0.000000	4.237101
13.420000	0.000000	4.214914
13.430000	0.000000	4.192731
13.440000	0.000000	4.170552
13.450000	0.000000	4.148372
13.460000	0.000000	4.126193
13.470000	0.000000	4.104014
13.480000	0.000000	4.081839
13.490000	0.000000	4.059678
13.500000	0.000000	4.037529
13.510000	0.000000	4.015388
13.520000	0.000000	3.993253
13.530000	0.000000	3.969858
13.540000	0.000000	3.947487
13.550000	0.000000	3.925352
13.560000	0.000000	3.903217
13.570000	0.000000	3.881086
13.580000	0.000000	3.858966
13.590000	0.000000	3.836850
13.600000	0.000000	3.814736
13.610000	0.000000	3.792647
13.620000	0.000000	3.770581
13.630000	0.000000	3.748521
13.640000	0.000000	3.726461
13.650000	0.000000	3.704401
13.660000	0.000000	3.682342
13.670000	0.000000	3.660282
13.680000	0.000000	3.638222
13.690000	0.000000	3.616088
13.700000	0.000000	3.593179
13.710000	0.000000	3.572905
13.720000	0.000000	3.552691
13.730000	0.000000	3.532480
13.740000	0.000000	3.512270
13.750000	0.000000	3.492060
13.760000	0.000000	3.471851
13.770000	0.000000	3.451643
13.780000	0.000000	3.431434
13.790000	0.000000	3.411226
13.800000	0.000000	3.391020
13.810000	0.000000	3.370813
13.820000	0.000000	3.350607
13.830000	0.000000	3.330401
13.840000	0.000000	3.310194
13.850000	0.000000	3.289989
13.860000	0.000000	3.269424
13.870000	0.000000	3.248212
13.880000	0.000000	3.228007
13.890000	0.000000	3.207802
13.900000	0.000000	3.187618
13.910000	0.000000	3.169877
13.920000	0.000000	3.154405
13.930000	0.000000	3.139574
13.940000	0.000000	3.124745
13.950000	0.000000	3.109918
13.960000	0.000000	3.095091
13.970000	0.000000	3.080264
13.980000	0.000000	3.065437
13.990000	0.000000	3.050610
14.000000	0.000000	3.035783
14.010000	0.000000	3.020956
14.020000	0.000000	3.006130
14.030000	0.000000	2.990828
14.040000	0.000000	2.975474
14.050000	0.000000	2.960648
14.060000	0.000000	2.945822
14.070000	0.000000	2.930998
14.080000	0.000000	2.916176
14.090000	0.000000	2.901354
14.100000	0.000000	2.886533
14.110000	0.000000	2.871711
14.120000	0.000000	2.856890
14.130000	0.000000	2.842071
14.140000	0.000000	2.827256
14.150000	0.000000	2.812442
14.160000	0.000000	2.797636
14.170000	0.000000	2.782840
14.180000	0.000000	2.768044
14.190000	0.000000	2.753248
14.200000	0.000000	2.737776
14.210000	0.000000	2.722674
14.220000	0.000000	2.707888
14.230000	0.000000	2.693102
14.240000	0.000000	2.678317
14.250000	0.000000	2.663531
14.260000	0.000000	2.648745
14.270000	0.000000	2.633964
14.280000	0.000000	2.619205
14.290000	0.000000	2.604465
14.300000	0.000000	2.589729
14.310000	0.000000	2.574993
14.320000	0.000000	2.560257
14.330000	0.000000	2.545521
14.340000	0.000000	2.530785
14.350000	0.000000	2.516049
14.360000	0.000000	2.501314
14.370000	0.000000	2.485687
14.380000	0.000000	2.470847
14.390000	0.000000	2.456112
14.400000	0.000000	2.441377
14.410000	0.000000	2.426649
14.420000	0.000000	2.411926
14.430000	0.000000	2.397205
14.440000	0.000000	2.382624
14.450000	0.000000	2.368616
14.460000	0.000000	2.355067
14.470000	0.000000	2.341566
14.480000	0.000000	2.328065
14.490000	0.000000	2.314565
14.500000	0.000000	2.301065
14.510000	0.000000	2.287566
14.520000	0.000000	2.274067
14.530000	0.000000	2.260473
14.540000	0.000000	2.246158
14.550000	0.000000	2.232660
14.560000	0.000000	2.219162
14.570000	0.000000	2.205664
14.580000	0.000000	2.192166
14.590000	0.000000	2.178669
14.600000	0.000000	2.165173
14.610000	0.000000	2.151724
14.620000	0.000000	2.139544
14.630000	0.000000	2.129013
14.640000	0.000000	2.119096
14.650000	0.000000	2.109180
14.660000	0.000000	2.099263
14.670000	0.000000	2.089347
14.680000	0.000000	2.079431
14.690000	0.000000	2.069515
14.700000	0.000000	2.059390
14.710000	0.000000	2.049019
14.720000	0.000000	2.039107
14.730000	0.000000	2.029195
14.740000	0.000000	2.019282
14.750000	0.000000	2.009371
14.760000	0.000000	1.999460
14.770000	0.000000	1.989549
14.780000	0.000000	1.979638
14.790000	0.000000	1.969727
14.800000	0.000000	1.959817
14.810000	0.000000	1.949908
14.820000	0.000000	1.940000
14.830000	0.000000	1.930093
14.840000	0.000000	1.920192
14.850000	0.000000	1.910300
14.860000	0.000000	1.900408
14.870000	0.000000	1.890165
14.880000	0.000000	1.879957
14.890000	0.000000	1.870068
14.900000	0.000000	1.860183
14.910000	0.000000	1.850298
14.920000	0.000000	1.840414
14.930000	0.000000	1.830529
14.940000	0.000000	1.820644
14.950000	0.000000	1.810764
14.960000	0.000000	1.800896
14.970000	0.000000	1.791035
14.980000	0.000000	1.781177
14.990000	0.000000	1.771323
15.000000	0.000000	1.761471
15.010000	0.000000	1.751619
15.020000	0.000000	1.741767
15.030000	0.000000	1.731916
15.040000	0.000000	1.721573
15.050000	0.000000	1.711546
15.060000	0.000000	1.701695
15.070000	0.000000	1.691843
15.080000	0.000000	1.681992
15.090000	0.000000	1.672141
15.100000	0.000000	1.662290
15.110000	0.000000	1.652439
15.120000	0.000000	1.642587
15.130000	0.000000	1.632737
15.140000	0.000000	1.622889
15.150000	0.000000	1.613047
15.160000	0.000000	1.603205
15.170000	0.000000	1.593363
15.180000	0.000000	1.583521
15.190000	0.000000	1.573714
15.200000	0.000000	1.564331
15.210000	0.000000	1.554727
15.220000	0.000000	1.545670
15.230000	0.000000	1.536645
15.240000	0.000000	1.527621
15.250000	0.000000	1.518598
15.260000	0.000000	1.509574
15.270000	0.000000	1.500550
15.280000	0.000000	1.491526
15.290000	0.000000	1.482502
15.300000	0.000000	1.473480
15.310000	0.000000	1.464458
15.320000	0.000000	1.455437
15.330000	0.000000	1.446762
15.340000	0.000000	1.439269
15.350000	0.000000	1.432641
15.360000	0.000000	1.426013
15.370000	0.000000	1.419315
15.380000	0.000000	1.412310
15.390000	0.000000	1.405683
15.400000	0.000000	1.399055
15.410000	0.000000	1.392428
15.420000	0.000000	1.385800
15.430000	0.000000	1.379173
15.440000	0.000000	1.372546
15.450000	0.000000	1.365919
15.460000	0.000000	1.359293
15.470000	0.000000	1.352669
15.480000	0.000000	1.346045
15.490000	0.000000	1.339421
15.500000	0.000000	1.332797
15.510000	0.000000	1.326173
15.520000	0.000000	1.319551
15.530000	0.000000	1.312935
15.540000	0.000000	1.306156
15.550000	0.000000	1.299260
15.560000	0.000000	1.292648
15.570000	0.000000	1.286037
15.580000	0.000000	1.279426
15.590000	0.000000	1.272818
15.600000	0.000000	1.266211
15.610000	0.000000	1.259605
15.620000	0.000000	1.252998
15.630000	0.000000	1.246394
15.640000	0.000000	1.239797
15.650000	0.000000	1.233207
15.660000	0.000000	1.226617
15.670000	0.000000	1.220027
15.680000	0.000000	1.213437
15.690000	0.000000	1.206847
15.700000	0.000000	1.200260
15.710000	0.000000	1.193417
15.720000	0.000000	1.186645
15.730000	0.000000	1.180061
15.740000	0.000000	1.173476
15.750000	0.000000	1.166892
15.760000	0.000000	1.160307
15.770000	0.000000	1.153723
15.780000	0.000000	1.147138
15.790000	0.000000	1.140554
15.800000	0.000000	1.133970
15.810000	0.000000	1.127386
15.820000	0.000000	1.120802
15.830000	0.000000	1.114218
15.840000	0.000000	1.107634
15.850000	0.000000	1.101050
15.860000	0.000000	1.094466
15.870000	0.000000	1.087884
15.880000	0.000000	1.080955
15.890000	0.000000	1.074283
15.900000	0.000000	1.067706
15.910000	0.000000	1.061128
15.920000	0.000000	1.054550
15.930000	0.000000	1.047973
15.940000	0.000000	1.041396
15.950000	0.000000	1.035002
15.960000	0.000000	1.028858
15.970000	0.000000	1.022826
15.980000	0.000000	1.016794
15.990000	0.000000	1.010762
16.000000	0.000000	1.004730
16.010000	0.000000	0.998699
16.020000	0.000000	0.992668
16.030000	0.000000	0.986637
16.040000	0.000000	0.980606
16.050000	0.000000	0.974321
16.060000	0.000000	0.969625
16.070000	0.000000	0.965176
16.080000	0.000000	0.960745
16.090000	0.000000	0.956314
16.100000	0.000000	0.951883
16.110000	0.000000	0.947452
16.120000	0.000000	0.943021
16.130000	0.000000	0.938590
16.140000	0.000000	0.934160
16.150000	0.000000	0.929729
16.160000	0.000000	0.925299
16.170000	0.000000	0.920868
16.180000	0.000000	0.916438
16.190000	0.000000	0.912008
16.200000	0.000000	0.907578
16.210000	0.000000	0.903086
16.220000	0.000000	0.898425
16.230000	0.000000	0.894000
16.240000	0.000000	0.889577
16.250000	0.000000	0.885154
16.260000	0.000000	0.880731
16.270000	0.000000	0.876309
16.280000	0.000000	0.871887
16.290000	0.000000	0.867468
16.300000	0.000000	0.863051
16.310000	0.000000	0.858634
16.320000	0.000000	0.854220
16.330000	0.000000	0.849812
16.340000	0.000000	0.845406
16.350000	0.000000	0.841000
16.360000	0.000000	0.836594
16.370000	0.000000	0.832188
16.380000	0.000000	0.827657
16.390000	0.000000	0.823078
16.400000	0.000000	0.818672
16.410000	0.000000	0.814266
16.420000	0.000000	0.809863
16.430000	0.000000	0.805460
16.440000	0.000000	0.801058
16.450000	0.000000	0.796656
16.460000	0.000000	0.792253
16.470000	0.000000	0.787851
16.480000	0.000000	0.783449
16.490000	0.000000	0.779047
16.500000	0.000000	0.774644
16.510000	0.000000	0.770242
16.520000	0.000000	0.765840
16.530000	0.000000	0.761438
16.540000	0.000000	0.757036
16.550000	0.000000	0.752446
16.560000	0.000000	0.747934
16.570000	0.000000	0.743533
16.580000	0.000000	0.739131
16.590000	0.000000	0.734729
16.600000	0.000000	0.730328
16.610000	0.000000	0.725929
16.620000	0.000000	0.721531
16.630000	0.000000	0.717133
16.640000	0.000000	0.712736
16.650000	0.000000	0.708338
16.660000	0.000000	0.703941
16.670000	0.000000	0.699543
16.680000	0.000000	0.695146
16.690000	0.000000	0.690749
16.700000	0.000000	0.686361
16.710000	0.000000	0.682081
16.720000	0.000000	0.677811
16.730000	0.000000	0.673736
16.740000	0.000000	0.669704
16.750000	0.000000	0.665672
16.760000	0.000000	0.661640
16.770000	0.000000	0.657749
16.780000	0.000000	0.654439
16.790000	0.000000	0.651442
16.800000	0.000000	0.648480
16.810000	0.000000	0.645517
16.820000	0.000000	0.642555
16.830000	0.000000	0.639592
16.840000	0.000000	0.636630
16.850000	0.000000	0.633667
16.860000	0.000000	0.630705
16.870000	0.000000	0.627743
16.880000	0.000000	0.624771
16.890000	0.000000	0.621619
16.900000	0.000000	0.618657
16.910000	0.000000	0.615698
16.920000	0.000000	0.612740
16.930000	0.000000	0.609781
16.940000	0.000000	0.606823
16.950000	0.000000	0.603865
16.960000	0.000000	0.600907
16.970000	0.000000	0.597948
16.980000	0.000000	0.594990
16.990000	0.000000	0.592032
17.000000	0.000000	0.589075
17.010000	0.000000	0.586121
17.020000	0.000000	0.583173
17.030000	0.000000	0.580227
17.040000	0.000000	0.577281
17.050000	0.000000	0.574283
17.060000	0.000000	0.571190
17.070000	0.000000	0.568244
17.080000	0.000000	0.565299
17.090000	0.000000	0.562353
17.100000	0.000000	0.559407
17.110000	0.000000	0.556461
17.120000	0.000000	0.553515
17.130000	0.000000	0.550570
17.140000	0.000000	0.547624
17.150000	0.000000	0.544680
17.160000	0.000000	0.541737
17.170000	0.000000	0.538794
17.180000	0.000000	0.535850
17.190000	0.000000	0.532907
17.200000	0.000000	0.529964
17.210000	0.000000	0.527020
17.220000	0.000000	0.523983
17.230000	0.000000	0.520935
17.240000	0.000000	0.517992
17.250000	0.000000	0.515048
17.260000	0.000000	0.512105
17.270000	0.000000	0.509162
17.280000	0.000000	0.506219
17.290000	0.000000	0.503276
17.300000	0.000000	0.500333
17.310000	0.000000	0.497389
17.320000	0.000000	0.494446
17.330000	0.000000	0.491503
17.340000	0.000000	0.488561
17.350000	0.000000	0.485620
17.360000	0.000000	0.482680
17.370000	0.000000	0.479740
17.380000	0.000000	0.476800
17.390000	0.000000	0.473724
17.400000	0.000000	0.470721
17.410000	0.000000	0.467781
17.420000	0.000000	0.464841
17.430000	0.000000	0.461902
17.440000	0.000000	0.458962
17.450000	0.000000	0.456023
17.460000	0.000000	0.453084
17.470000	0.000000	0.450204
17.480000	0.000000	0.447437
17.490000	0.000000	0.444751
17.500000	0.000000	0.442248
17.510000	0.000000	0.440123
17.520000	0.000000	0.438142
17.530000	0.000000	0.436161
17.540000	0.000000	0.434181
17.550000	0.000000	0.432200
17.560000	0.000000	0.430100
17.570000	0.000000	0.428105
17.580000	0.000000	0.426124
17.590000	0.000000	0.424144
17.600000	0.000000	0.422164
17.610000	0.000000	0.420186
17.620000	0.000000	0.418208
17.630000	0.000000	0.416230
17.640000	0.000000	0.414252
17.650000	0.000000	0.412274
17.660000	0.000000	0.410296
17.670000	0.000000	0.408318
17.680000	0.000000	0.406340
17.690000	0.000000	0.404362
17.700000	0.000000	0.402385
17.710000	0.000000	0.400409
17.720000	0.000000	0.398423
17.730000	0.000000	0.396332
17.740000	0.000000	0.394361
17.750000	0.000000	0.392390
17.760000	0.000000	0.390419
17.770000	0.000000	0.388449
17.780000	0.000000	0.386478
17.790000	0.000000	0.384508
17.800000	0.000000	0.382539
17.810000	0.000000	0.380569
17.820000	0.000000	0.378600
17.830000	0.000000	0.376630
17.840000	0.000000	0.374660
17.850000	0.000000	0.372691
17.860000	0.000000	0.370721
17.870000	0.000000	0.368752
17.880000	0.000000	0.366784
17.890000	0.000000	0.364774
17.900000	0.000000	0.362715
17.910000	0.000000	0.360747
17.920000	0.000000	0.358779
17.930000	0.000000	0.356811
17.940000	0.000000	0.354843
17.950000	0.000000	0.352875
17.960000	0.000000	0.350907
17.970000	0.000000	0.348939
17.980000	0.000000	0.346971
17.990000	0.000000	0.345004
18.000000	0.000000	0.343036
18.010000	0.000000	0.341068
18.020000	0.000000	0.339100
18.030000	0.000000	0.337132
18.040000	0.000000	0.335165
18.050000	0.000000	0.333197
18.060000	0.000000	0.331159
18.070000	0.000000	0.329128
18.080000	0.000000	0.327161
18.090000	0.000000	0.325195
18.100000	0.000000	0.323230
18.110000	0.000000	0.321264
18.120000	0.000000	0.319298
18.130000	0.000000	0.317332
18.140000	0.000000	0.315367
18.150000	0.000000	0.313401
18.160000	0.000000	0.311436
18.170000	0.000000	0.309471
18.180000	0.000000	0.307506
18.190000	0.000000	0.305541
18.200000	0.000000	0.303575
18.210000	0.000000	0.301610
18.220000	0.000000	0.299649
18.230000	0.000000	0.297774
18.240000	0.000000	0.296341
18.250000	0.000000	0.295012
18.260000	0.000000	0.293688
18.270000	0.000000	0.292363
18.280000	0.000000	0.291038
18.290000	0.000000	0.289714
18.300000	0.000000	0.288389
18.310000	0.000000	0.287066
18.320000	0.000000	0.285743
18.330000	0.000000	0.284420
18.340000	0.000000	0.283097
18.350000	0.000000	0.281774
18.360000	0.000000	0.280452
18.370000	0.000000	0.279129
18.380000	0.000000	0.277806
18.390000	0.000000	0.276483
18.400000	0.000000	0.275076
18.410000	0.000000	0.273750
18.420000	0.000000	0.272430
18.430000	0.000000	0.271111
18.440000	0.000000	0.269793
18.450000	0.000000	0.268474
18.460000	0.000000	0.267155
18.470000	0.000000	0.265837
18.480000	0.000000	0.264518
18.490000	0.000000	0.263200
18.500000	0.000000	0.261882
18.510000	0.000000	0.260564
18.520000	0.000000	0.259246
18.530000	0.000000	0.257928
18.540000	0.000000	0.256610
18.550000	0.000000	0.255292
18.560000	0.000000	0.253960
18.570000	0.000000	0.252568
18.580000	0.000000	0.251251
18.590000	0.000000	0.249933
18.600000	0.000000	0.248616
18.610000	0.000000	0.247299
18.620000	0.000000	0.245983
18.630000	0.000000	0.244667
18.640000	0.000000	0.243351
18.650000	0.000000	0.242035
18.660000	0.000000	0.240718
18.670000	0.000000	0.239402
18.680000	0.000000	0.238086
18.690000	0.000000	0.236770
18.700000	0.000000	0.235454
18.710000	0.000000	0.234138
18.720000	0.000000	0.232822
18.730000	0.000000	0.231473
18.740000	0.000000	0.230100
18.750000	0.000000	0.228784
18.760000	0.000000	0.227468
18.770000	0.000000	0.226152
18.780000	0.000000	0.224836
18.790000	0.000000	0.223520
18.800000	0.000000	0.222204
18.810000	0.000000	0.220888
18.820000	0.000000	0.219572
18.830000	0.000000	0.218257
18.840000	0.000000	0.216942
18.850000	0.000000	0.215628
18.860000	0.000000	0.214313
18.870000	0.000000	0.212999
18.880000	0.000000	0.211684
18.890000	0.000000	0.210370
18.900000	0.000000	0.209004
18.910000	0.000000	0.207652
18.920000	0.000000	0.206338
18.930000	0.000000	0.205024
18.940000	0.000000	0.203709
18.950000	0.000000	0.202396
18.960000	0.000000	0.201213
18.970000	0.000000	0.200170
18.980000	0.000000	0.199175
18.990000	0.000000	0.198181
19.000000	0.000000	0.197196
19.010000	0.000000	0.196252
19.020000	0.000000	0.195363
19.030000	0.000000	0.194478
19.040000	0.000000	0.193593
19.050000	0.000000	0.192709
19.060000	0.000000	0.191824
19.070000	0.000000	0.190892
19.080000	0.000000	0.189995
19.090000	0.000000	0.189111
19.100000	0.000000	0.188226
19.110000	0.000000	0.187342
19.120000	0.000000	0.186459
19.130000	0.000000	0.185577
19.140000	0.000000	0.184695
19.150000	0.000000	0.183813
19.160000	0.000000	0.182931
19.170000	0.000000	0.182049
19.180000	0.000000	0.181168
19.190000	0.000000	0.180286
19.200000	0.000000	0.179404
19.210000	0.000000	0.178522
19.220000	0.000000	0.177640
19.230000	0.000000	0.176759
19.240000	0.000000	0.175818
19.250000	0.000000	0.174936
19.260000	0.000000	0.174055
19.270000	0.000000	0.173174
19.280000	0.000000	0.172292
19.290000	0.000000	0.171411
19.300000	0.000000	0.170530
19.310000	0.000000	0.169649
19.320000	0.000000	0.168768
19.330000	0.000000	0.167886
19.340000	0.000000	0.167005
19.350000	0.000000	0.166124
19.360000	0.000000	0.165244
19.370000	0.000000	0.164364
19.380000	0.000000	0.163484
19.390000	0.000000	0.162603
19.400000	0.000000	0.161711
19.410000	0.000000	0.160784
19.420000	0.000000	0.159904
19.430000	0.000000	0.159024
19.440000	0.000000	0.158143
19.450000	0.000000	0.157263
19.460000	0.000000	0.156383
19.470000	0.000000	0.155503
19.480000	0.000000	0.154623
19.490000	0.000000	0.153743
19.500000	0.000000	0.152863
19.510000	0.000000	0.151983
19.520000	0.000000	0.151103
19.530000	0.000000	0.150223
19.540000	0.000000	0.149343
19.550000	0.000000	0.148463
19.560000	0.000000	0.147583
19.570000	0.000000	0.146678
19.580000	0.000000	0.145764
19.590000	0.000000	0.144885
19.600000	0.000000	0.144006
19.610000	0.000000	0.143127
19.620000	0.000000	0.142249
19.630000	0.000000	0.141370
19.640000	0.000000	0.140491
19.650000	0.000000	0.139612
19.660000	0.000000	0.138733
19.670000	0.000000	0.137854
19.680000	0.000000	0.136976
19.690000	0.000000	0.136142
19.700000	0.000000	0.135422
19.710000	0.000000	0.134757
19.720000	0.000000	0.134092
19.730000	0.000000	0.133428
19.740000	0.000000	0.132735
19.750000	0.000000	0.132054
19.760000	0.000000	0.131390
19.770000	0.000000	0.130726
19.780000	0.000000	0.130097
19.790000	0.000000	0.129498
19.800000	0.000000	0.128907
19.810000	0.000000	0.128315
19.820000	0.000000	0.127724
19.830000	0.000000	0.127134
19.840000	0.000000	0.126544
19.850000	0.000000	0.125954
19.860000	0.000000	0.125364
19.870000	0.000000	0.124774
19.880000	0.000000	0.124184
19.890000	0.000000	0.123594
19.900000	0.000000	0.123005
19.910000	0.000000	0.122381
19.920000	0.000000	0.121785
19.930000	0.000000	0.121196
19.940000	0.000000	0.120606
19.950000	0.000000	0.120016
19.960000	0.000000	0.119426
19.970000	0.000000	0.118837
19.980000	0.000000	0.118247
19.990000	0.000000	0.117658
20.000000	0.000000	0.117068
20.010000	0.000000	0.116479
20.020000	0.000000	0.115889
20.030000	0.000000	0.115300
20.040000	0.000000	0.114711
20.050000	0.000000	0.114121
20.060000	0.000000	0.113532
20.070000	0.000000	0.112940
20.080000	0.000000	0.112313
20.090000	0.000000	0.111724
20.100000	0.000000	0.111135
20.110000	0.000000	0.110546
20.120000	0.000000	0.109957
20.130000	0.000000	0.109368
20.140000	0.000000	0.108780
20.150000	0.000000	0.108191
20.160000	0.000000	0.107602
20.170000	0.000000	0.107014
20.180000	0.000000	0.106425
20.190000	0.000000	0.105837
20.200000	0.000000	0.105248
20.210000	0.000000	0.104660
20.220000	0.000000	0.104071
20.230000	0.000000	0.103482
20.240000	0.000000	0.102883
20.250000	0.000000	0.102266
20.260000	0.000000	0.101677
20.270000	0.000000	0.101088
20.280000	0.000000	0.100500
20.290000	0.000000	0.099911
20.300000	0.000000	0.099323
20.310000	0.000000	0.098734
20.320000	0.000000	0.098146
20.330000	0.000000	0.097559
20.340000	0.000000	0.096971
20.350000	0.000000	0.096383
20.360000	0.000000	0.095795
20.370000	0.000000	0.095207
20.380000	0.000000	0.094619
20.390000	0.000000	0.094032
20.400000	0.000000	0.093444
20.410000	0.000000	0.092837
20.420000	0.000000	0.092229
20.430000	0.000000	0.091691
20.440000	0.000000	0.091236
20.450000	0.000000	0.090792
20.460000	0.000000	0.090347
20.470000	0.000000	0.089903
20.480000	0.000000	0.089458
20.490000	0.000000	0.089014
20.500000	0.000000	0.088569
20.510000	0.000000	0.088125
20.520000	0.000000	0.087681
20.530000	0.000000	0.087237
20.540000	0.000000	0.086793
20.550000	0.000000	0.086354
20.560000	0.000000	0.085939
20.570000	0.000000	0.085544
20.580000	0.000000	0.085131
20.590000	0.000000	0.084728
20.600000	0.000000	0.084333
20.610000	0.000000	0.083938
20.620000	0.000000	0.083544
20.630000	0.000000	0.083149
20.640000	0.000000	0.082755
20.650000	0.000000	0.082360
20.660000	0.000000	0.081966
20.670000	0.000000	0.081571
20.680000	0.000000	0.081176
20.690000	0.000000	0.080782
20.700000	0.000000	0.080387
20.710000	0.000000	0.079993
20.720000	0.000000	0.079598
20.730000	0.000000	0.079204
20.740000	0.000000	0.078809
20.750000	0.000000	0.078391
20.760000	0.000000	0.077994
20.770000	0.000000	0.077599
20.780000	0.000000	0.077205
20.790000	0.000000	0.076811
20.800000	0.000000	0.076416
20.810000	0.000000	0.076022
20.820000	0.000000	0.075628
20.830000	0.000000	0.075233
20.840000	0.000000	0.074839
20.850000	0.000000	0.074445
20.860000	0.000000	0.074051
20.870000	0.000000	0.073657
20.880000	0.000000	0.073263
20.890000	0.000000	0.072869
20.900000	0.000000	0.072475
20.910000	0.000000	0.072078
20.920000	0.000000	0.071660
20.930000	0.000000	0.071266
20.940000	0.000000	0.070873
20.950000	0.000000	0.070479
20.960000	0.000000	0.070085
20.970000	0.000000	0.069691
20.980000	0.000000	0.069298
20.990000	0.000000	0.068904
21.000000	0.000000	0.068510
21.010000	0.000000	0.068116
21.020000	0.000000	0.067722
21.030000	0.000000	0.067329
21.040000	0.000000	0.066935
21.050000	0.000000	0.066541
21.060000	0.000000	0.066147
21.070000	0.000000	0.065754
21.080000	0.000000	0.065352
21.090000	0.000000	0.064941
21.100000	0.000000	0.064548
21.110000	0.000000	0.064154
21.120000	0.000000	0.063761
21.130000	0.000000	0.063368
21.140000	0.000000	0.062974
21.150000	0.000000	0.062581
21.160000	0.000000	0.062196
21.170000	0.000000	0.061852
21.180000	0.000000	0.061548
21.190000	0.000000	0.061251
21.200000	0.000000	0.060953
21.210000	0.000000	0.060656
21.220000	0.000000	0.060359
21.230000	0.000000	0.060062
21.240000	0.000000	0.059764
21.250000	0.000000	0.059457
21.260000	0.000000	0.059151
21.270000	0.000000	0.058854
21.280000	0.000000	0.058558
21.290000	0.000000	0.058261
21.300000	0.000000	0.057964
21.310000	0.000000	0.057668
21.320000	0.000000	0.057371
21.330000	0.000000	0.057084
21.340000	0.000000	0.056811
21.350000	0.000000	0.056547
21.360000	0.000000	0.056283
21.370000	0.000000	0.056019
21.380000	0.000000	0.055755
21.390000	0.000000	0.055491
21.400000	0.000000	0.055227
21.410000	0.000000	0.054964
21.420000	0.000000	0.054686
21.430000	0.000000	0.054418
21.440000	0.000000	0.054154
21.450000	0.000000	0.053890
21.460000	0.000000	0.053626
21.470000	0.000000	0.053362
21.480000	0.000000	0.053098
21.490000	0.000000	0.052834
21.500000	0.000000	0.052571
21.510000	0.000000	0.052307
21.520000	0.000000	0.052043
21.530000	0.000000	0.051779
21.540000	0.000000	0.051515
21.550000	0.000000	0.051251
21.560000	0.000000	0.050988
21.570000	0.000000	0.050724
21.580000	0.000000	0.050460
21.590000	0.000000	0.050179
21.600000	0.000000	0.049915
21.610000	0.000000	0.049651
21.620000	0.000000	0.049388
21.630000	0.000000	0.049124
21.640000	0.000000	0.048861
21.650000	0.000000	0.048597
21.660000	0.000000	0.048334
21.670000	0.000000	0.048070
21.680000	0.000000	0.047807
21.690000	0.000000	0.047543
21.700000	0.000000	0.047280
21.710000	0.000000	0.047016
21.720000	0.000000	0.046753
21.730000	0.000000	0.046489
21.740000	0.000000	0.046226
21.750000	0.000000	0.045960
21.760000	0.000000	0.045681
21.770000	0.000000	0.045418
21.780000	0.000000	0.045154
21.790000	0.000000	0.044891
21.800000	0.000000	0.044628
21.810000	0.000000	0.044364
21.820000	0.000000	0.044101
21.830000	0.000000	0.043838
21.840000	0.000000	0.043575
21.850000	0.000000	0.043312
21.860000	0.000000	0.043049
21.870000	0.000000	0.042786
21.880000	0.000000	0.042523
21.890000	0.000000	0.042260
21.900000	0.000000	0.042000
21.910000	0.000000	0.041766
21.920000	0.000000	0.041562
21.930000	0.000000	0.041354
21.940000	0.000000	0.041155
21.950000	0.000000	0.040956
21.960000	0.000000	0.040758
21.970000	0.000000	0.040559
21.980000	0.000000	0.040361
21.990000	0.000000	0.040162
22.000000	0.000000	0.039964
22.010000	0.000000	0.039765
22.020000	0.000000	0.039566
22.030000	0.000000	0.039368
22.040000	0.000000	0.039169
22.050000	0.000000	0.038971
22.060000	0.000000	0.038773
22.070000	0.000000	0.038574
22.080000	0.000000	0.038376
22.090000	0.000000	0.038170
22.100000	0.000000	0.037966
22.110000	0.000000	0.037770
22.120000	0.000000	0.037589
22.130000	0.000000	0.037412
22.140000	0.000000	0.037235
22.150000	0.000000	0.037059
22.160000	0.000000	0.036882
22.170000	0.000000	0.036705
22.180000	0.000000	0.036529
22.190000	0.000000	0.036352
22.200000	0.000000	0.036175
22.210000	0.000000	0.035999
22.220000	0.000000	0.035822
22.230000	0.000000	0.035645
22.240000	0.000000	0.035469
22.250000	0.000000	0.035292
22.260000	0.000000	0.035106
22.270000	0.000000	0.034927
22.280000	0.000000	0.034750
22.290000	0.000000	0.034574
22.300000	0.000000	0.034397
22.310000	0.000000	0.034221
22.320000	0.000000	0.034044
22.330000	0.000000	0.033867
22.340000	0.000000	0.033691
22.350000	0.000000	0.033514
22.360000	0.000000	0.033338
22.370000	0.000000	0.033162
22.380000	0.000000	0.032985
22.390000	0.000000	0.032809
22.400000	0.000000	0.032632
22.410000	0.000000	0.032456
22.420000	0.000000	0.032280
22.430000	0.000000	0.032091
22.440000	0.000000	0.031915
22.450000	0.000000	0.031738
22.460000	0.000000	0.031562
22.470000	0.000000	0.031386
22.480000	0.000000	0.031209
22.490000	0.000000	0.031033
22.500000	0.000000	0.030856
22.510000	0.000000	0.030680
22.520000	0.000000	0.030504
22.530000	0.000000	0.030328
22.540000	0.000000	0.030151
22.550000	0.000000	0.029975
22.560000	0.000000	0.029799
22.570000	0.000000	0.029623
22.580000	0.000000	0.029447
22.590000	0.000000	0.029268
22.600000	0.000000	0.029083
22.610000	0.000000	0.028907
22.620000	0.000000	0.028731
22.630000	0.000000	0.028555
22.640000	0.000000	0.028379
22.650000	0.000000	0.028223
22.660000	0.000000	0.028085
22.670000	0.000000	0.027952
22.680000	0.000000	0.027819
22.690000	0.000000	0.027686
22.700000	0.000000	0.027553
22.710000	0.000000	0.027420
22.720000	0.000000	0.027287
22.730000	0.000000	0.027155
22.740000	0.000000	0.027022
22.750000	0.000000	0.026889
22.760000	0.000000	0.026752
22.770000	0.000000	0.026614
22.780000	0.000000	0.026482
22.790000	0.000000	0.026349
22.800000	0.000000	0.026216
22.810000	0.000000	0.026083
22.820000	0.000000	0.025951
22.830000	0.000000	0.025818
22.840000	0.000000	0.025685
22.850000	0.000000	0.025552
22.860000	0.000000	0.025420
22.870000	0.000000	0.025287
22.880000	0.000000	0.025154
22.890000	0.000000	0.025023
22.900000	0.000000	0.024899
22.910000	0.000000	0.024780
22.920000	0.000000	0.024662
22.930000	0.000000	0.024539
22.940000	0.000000	0.024418
22.950000	0.000000	0.024300
22.960000	0.000000	0.024181
22.970000	0.000000	0.024063
22.980000	0.000000	0.023945
22.990000	0.000000	0.023827
23.000000	0.000000	0.023709
23.010000	0.000000	0.023591
23.020000	0.000000	0.023472
23.030000	0.000000	0.023354
23.040000	0.000000	0.023236
23.050000	0.000000	0.023118
23.060000	0.000000	0.023000
23.070000	0.000000	0.022882
23.080000	0.000000	0.022764
23.090000	0.000000	0.022645
23.100000	0.000000	0.022521
23.110000	0.000000	0.022401
23.120000	0.000000	0.022283
23.130000	0.000000	0.022165
23.140000	0.000000	0.022047
23.150000	0.000000	0.021929
23.160000	0.000000	0.021811
23.170000	0.000000	0.021693
23.180000	0.000000	0.021575
23.190000	0.000000	0.021457
23.200000	0.000000	0.021339
23.210000	0.000000	0.021221
23.220000	0.000000	0.021103
23.230000	0.000000	0.020985
23.240000	0.000000	0.020867
23.250000	0.000000	0.020749
23.260000	0.000000	0.020631
23.270000	0.000000	0.020505
23.280000	0.000000	0.020387
23.290000	0.000000	0.020269
23.300000	0.000000	0.020151
23.310000	0.000000	0.020033
23.320000	0.000000	0.019915
23.330000	0.000000	0.019798
23.340000	0.000000	0.019680
23.350000	0.000000	0.019562
23.360000	0.000000	0.019445
23.370000	0.000000	0.019327
23.380000	0.000000	0.019209
23.390000	0.000000	0.019097
23.400000	0.000000	0.019000
23.410000	0.000000	0.018911
23.420000	0.000000	0.018823
23.430000	0.000000	0.018732
23.440000	0.000000	0.018639
23.450000	0.000000	0.018550
23.460000	0.000000	0.018461
23.470000	0.000000	0.018372
23.480000	0.000000	0.018283
23.490000	0.000000	0.018194
23.500000	0.000000	0.018105
23.510000	0.000000	0.018016
23.520000	0.000000	0.017928
23.530000	0.000000	0.017839
23.540000	0.000000	0.017750
23.550000	0.000000	0.017661
23.560000	0.000000	0.017572
23.570000	0.000000	0.017483
23.580000	0.000000	0.017395
23.590000	0.000000	0.017306
23.600000	0.000000	0.017214
23.610000	0.000000	0.017122
23.620000	0.000000	0.017033
23.630000	0.000000	0.016944
23.640000	0.000000	0.016856
23.650000	0.000000	0.016767
23.660000	0.000000	0.016678
23.670000	0.000000	0.016589
23.680000	0.000000	0.016504
23.690000	0.000000	0.016423
23.700000	0.000000	0.016344
23.710000	0.000000	0.016265
23.720000	0.000000	0.016186
23.730000	0.000000	0.016107
23.740000	0.000000	0.016028
23.750000	0.000000	0.015948
23.760000	0.000000	0.015869
23.770000	0.000000	0.015787
23.780000	0.000000	0.015706
23.790000	0.000000	0.015627
23.800000	0.000000	0.015548
23.810000	0.000000	0.015469
23.820000	0.000000	0.015389
23.830000	0.000000	0.015310
23.840000	0.000000	0.015231
23.850000	0.000000	0.015152
23.860000	0.000000	0.015073
23.870000	0.000000	0.014994
23.880000	0.000000	0.014915
23.890000	0.000000	0.014836
23.900000	0.000000	0.014757
23.910000	0.000000	0.014678
23.920000	0.000000	0.014599
23.930000	0.000000	0.014520
23.940000	0.000000	0.014436
23.950000	0.000000	0.014357
23.960000	0.000000	0.014278
23.970000	0.000000	0.014199
23.980000	0.000000	0.014120
23.990000	0.000000	0.014041
24.000000	0.000000	0.013962
24.010000	0.000000	0.013883
24.020000	0.000000	0.013804
24.030000	0.000000	0.013725
24.040000	0.000000	0.013646
24.050000	0.000000	0.013567
24.060000	0.000000	0.013488
24.070000	0.000000	0.013409
24.080000	0.000000	0.013330
24.090000	0.000000	0.013251
24.100000	0.000000	0.013172
24.110000	0.000000	0.013088
24.120000	0.000000	0.013010
24.130000	0.000000	0.012931
24.140000	0.000000	0.012858
24.150000	0.000000	0.012796
24.160000	0.000000	0.012736
24.170000	0.000000	0.012677
24.180000	0.000000	0.012617
24.190000	0.000000	0.012558
24.200000	0.000000	0.012498
24.210000	0.000000	0.012439
24.220000	0.000000	0.012379
24.230000	0.000000	0.012320
24.240000	0.000000	0.012260
24.250000	0.000000	0.012201
24.260000	0.000000	0.012141
24.270000	0.000000	0.012080
24.280000	0.000000	0.012018
24.290000	0.000000	0.011959
24.300000	0.000000	0.011899
24.310000	0.000000	0.011840
24.320000	0.000000	0.011780
24.330000	0.000000	0.011721
24.340000	0.000000	0.011661
24.350000	0.000000	0.011602
24.360000	0.000000	0.011542
24.370000	0.000000	0.011483
24.380000	0.000000	0.011423
24.390000	0.000000	0.011364
24.400000	0.000000	0.011304
24.410000	0.000000	0.011245
24.420000	0.000000	0.011185
24.430000	0.000000	0.011126
24.440000	0.000000	0.011064
24.450000	0.000000	0.011003
24.460000	0.000000	0.010944
24.470000	0.000000	0.010888
24.480000	0.000000	0.010835
24.490000	0.000000	0.010782
24.500000	0.000000	0.010729
24.510000	0.000000	0.010676
24.520000	0.000000	0.010623
24.530000	0.000000	0.010570
24.540000	0.000000	0.010517
24.550000	0.000000	0.010464
24.560000	0.000000	0.010411
24.570000	0.000000	0.010358
24.580000	0.000000	0.010305
24.590000	0.000000	0.010252
24.600000	0.000000	0.010199
24.610000	0.000000	0.010144
24.620000	0.000000	0.010090
24.630000	0.000000	0.010037
24.640000	0.000000	0.009984
24.650000	0.000000	0.009931
24.660000	0.000000	0.009878
24.670000	0.000000	0.009825
24.680000	0.000000	0.009772
24.690000	0.000000	0.009720
24.700000	0.000000	0.009667
24.710000	0.000000	0.009614
24.720000	0.000000	0.009561
24.730000	0.000000	0.009508
24.740000	0.000000	0.009455
24.750000	0.000000	0.009402
24.760000	0.000000	0.009349
24.770000	0.000000	0.009297
24.780000	0.000000	0.009240
24.790000	0.000000	0.009187
24.800000	0.000000	0.009135
24.810000	0.000000	0.009082
24.820000	0.000000	0.009029
24.830000	0.000000	0.008976
24.840000	0.000000	0.008923
24.850000	0.000000	0.008871
24.860000	0.000000	0.008818
24.870000	0.000000	0.008765
24.880000	0.000000	0.008714
24.890000	0.000000	0.008667
24.900000	0.000000	0.008626
24.910000	0.000000	0.008586
24.920000	0.000000	0.008546
24.930000	0.000000	0.008507
24.940000	0.000000	0.008466
24.950000	0.000000	0.008424
24.960000	0.000000	0.008384
24.970000	0.000000	0.008345
24.980000	0.000000	0.008305
24.990000	0.000000	0.008265
25.000000	0.000000	0.008225
25.010000	0.000000	0.008185
25.020000	0.000000	0.008146
25.030000	0.000000	0.008106
25.040000	0.000000	0.008066
25.050000	0.000000	0.008026
25.060000	0.000000	0.007986
25.070000	0.000000	0.007947
25.080000	0.000000	0.007907
25.090000	0.000000	0.007867
25.100000	0.000000	0.007827
25.110000	0.000000	0.007786
25.120000	0.000000	0.007745
25.130000	0.000000	0.007705
25.140000	0.000000	0.007665
25.150000	0.000000	0.007625
25.160000	0.000000	0.007586
25.170000	0.000000	0.007546
25.180000	0.000000	0.007506
25.190000	0.000000	0.007466
25.200000	0.000000	0.007426
25.210000	0.000000	0.007387
25.220000	0.000000	0.007347
25.230000	0.000000	0.007307
25.240000	0.000000	0.007267
25.250000	0.000000	0.007228
25.260000	0.000000	0.007191
25.270000	0.000000	0.007155
25.280000	0.000000	0.007118
25.290000	0.000000	0.007082
25.300000	0.000000	0.007047
25.310000	0.000000	0.007011
25.320000	0.000000	0.006976
25.330000	0.000000	0.006940
25.340000	0.000000	0.006905
25.350000	0.000000	0.006869
25.360000	0.000000	0.006834
25.370000	0.000000	0.006799
25.380000	0.000000	0.006763
25.390000	0.000000	0.006728
25.400000	0.000000	0.006692
25.410000	0.000000	0.006657
25.420000	0.000000	0.006622
25.430000	0.000000	0.006586
25.440000	0.000000	0.006551
25.450000	0.000000	0.006513
25.460000	0.000000	0.006478
25.470000	0.000000	0.006442
25.480000	0.000000	0.006407
25.490000	0.000000	0.006371
25.500000	0.000000	0.006336
25.510000	0.000000	0.006301
25.520000	0.000000	0.006265
25.530000	0.000000	0.006230
25.540000	0.000000	0.006195
25.550000	0.000000	0.006159
25.560000	0.000000	0.006124
25.570000	0.000000	0.006089
25.580000	0.000000	0.006053
25.590000	0.000000	0.006018
25.600000	0.000000	0.005983
25.610000	0.000000	0.005948
25.620000	0.000000	0.005910
25.630000	0.000000	0.005875
25.640000	0.000000	0.005845
25.650000	0.000000	0.005818
25.660000	0.000000	0.005791
25.670000	0.000000	0.005765
25.680000	0.000000	0.005738
25.690000	0.000000	0.005711
25.700000	0.000000	0.005685
25.710000	0.000000	0.005658
25.720000	0.000000	0.005631
25.730000	0.000000	0.005605
25.740000	0.000000	0.005578
25.750000	0.000000	0.005551
25.760000	0.000000	0.005525
25.770000	0.000000	0.005498
25.780000	0.000000	0.005471
25.790000	0.000000	0.005443
25.800000	0.000000	0.005416
25.810000	0.000000	0.005390
25.820000	0.000000	0.005363
25.830000	0.000000	0.005336
25.840000	0.000000	0.005310
25.850000	0.000000	0.005283
25.860000	0.000000	0.005256
25.870000	0.000000	0.005230
25.880000	0.000000	0.005203
25.890000	0.000000	0.005176
25.900000	0.000000	0.005150
25.910000	0.000000	0.005123
25.920000	0.000000	0.005097
25.930000	0.000000	0.005070
25.940000	0.000000	0.005043
25.950000	0.000000	0.005016
25.960000	0.000000	0.004988
25.970000	0.000000	0.004962
25.980000	0.000000	0.004935
25.990000	0.000000	0.004908
26.000000	0.000000	0.004882
26.010000	0.000000	0.004855
26.020000	0.000000	0.004828
26.030000	0.000000	0.004802
26.040000	0.000000	0.004775
26.050000	0.000000	0.004751
26.060000	0.000000	0.004727
26.070000	0.000000	0.004703
26.080000	0.000000	0.004679
26.090000	0.000000	0.004656
26.100000	0.000000	0.004632
26.110000	0.000000	0.004608
26.120000	0.000000	0.004583
26.130000	0.000000	0.004559
26.140000	0.000000	0.004535
26.150000	0.000000	0.004512
26.160000	0.000000	0.004488
26.170000	0.000000	0.004464
26.180000	0.000000	0.004441
26.190000	0.000000	0.004417
26.200000	0.000000	0.004393
26.210000	0.000000	0.004370
26.220000	0.000000	0.004346
26.230000	0.000000	0.004322
26.240000	0.000000	0.004298
26.250000	0.000000	0.004275
26.260000	0.000000	0.004251
26.270000	0.000000	0.004227
26.280000	0.000000	0.004204
26.290000	0.000000	0.004179
26.300000	0.000000	0.004155
26.310000	0.000000	0.004131
26.320000	0.000000	0.004108
26.330000	0.000000	0.004084
26.340000	0.000000	0.004060
26.350000	0.000000	0.004037
26.360000	0.000000	0.004013
26.370000	0.000000	0.003990
26.380000	0.000000	0.003967
26.390000	0.000000	0.003946
26.400000	0.000000	0.003928
26.410000	0.000000	0.003910
26.420000	0.000000	0.003892
26.430000	0.000000	0.003874
26.440000	0.000000	0.003856
26.450000	0.000000	0.003838
26.460000	0.000000	0.003819
26.470000	0.000000	0.003802
26.480000	0.000000	0.003784
26.490000	0.000000	0.003766
26.500000	0.000000	0.003748
26.510000	0.000000	0.003730
26.520000	0.000000	0.003712
26.530000	0.000000	0.003695
26.540000	0.000000	0.003677
26.550000	0.000000	0.003659
26.560000	0.000000	0.003641
26.570000	0.000000	0.003623
26.580000	0.000000	0.003605
26.590000	0.000000	0.003588
26.600000	0.000000	0.003570
26.610000	0.000000	0.003552
26.620000	0.000000	0.003534
26.630000	0.000000	0.003515
26.640000	0.000000	0.003497
26.650000	0.000000	0.003479
26.660000	0.000000	0.003462
26.670000	0.000000	0.003444
26.680000	0.000000	0.003426
26.690000	0.000000	0.003408
26.700000	0.000000	0.003390
26.710000	0.000000	0.003372
26.720000	0.000000	0.003355
26.730000	0.000000	0.003337
26.740000	0.000000	0.003319
26.750000	0.000000	0.003301
26.760000	0.000000	0.003283
26.770000	0.000000	0.003265
26.780000	0.000000	0.003248
26.790000	0.000000	0.003229
26.800000	0.000000	0.003211
26.810000	0.000000	0.003193
26.820000	0.000000	0.003175
26.830000	0.000000	0.003157
26.840000	0.000000	0.003141
26.850000	0.000000	0.003125
26.860000	0.000000	0.003109
26.870000	0.000000	0.003093
26.880000	0.000000	0.003077
26.890000	0.000000	0.003061
26.900000	0.000000	0.003045
26.910000	0.000000	0.003029
26.920000	0.000000	0.003014
26.930000	0.000000	0.002998
26.940000	0.000000	0.002982
26.950000	0.000000	0.002966
26.960000	0.000000	0.002949
26.970000	0.000000	0.002933
26.980000	0.000000	0.002917
26.990000	0.000000	0.002902
27.000000	0.000000	0.002886
27.010000	0.000000	0.002870
27.020000	0.000000	0.002854
27.030000	0.000000	0.002838
27.040000	0.000000	0.002822
27.050000	0.000000	0.002807
27.060000	0.000000	0.002791
27.070000	0.000000	0.002775
27.080000	0.000000	0.002759
27.090000	0.000000	0.002743
27.100000	0.000000	0.002727
27.110000	0.000000	0.002712
27.120000	0.000000	0.002696
27.130000	0.000000	0.002679
27.140000	0.000000	0.002665
27.150000	0.000000	0.002653
27.160000	0.000000	0.002641
27.170000	0.000000	0.002629
27.180000	0.000000	0.002617
27.190000	0.000000	0.002605
27.200000	0.000000	0.002593
27.210000	0.000000	0.002581
27.220000	0.000000	0.002569
27.230000	0.000000	0.002557
27.240000	0.000000	0.002546
27.250000	0.000000	0.002534
27.260000	0.000000	0.002522
27.270000	0.000000	0.002510
27.280000	0.000000	0.002498
27.290000	0.000000	0.002486
27.300000	0.000000	0.002473
27.310000	0.000000	0.002461
27.320000	0.000000	0.002449
27.330000	0.000000	0.002437
27.340000	0.000000	0.002426
27.350000	0.000000	0.002414
27.360000	0.000000	0.002402
27.370000	0.000000	0.002390
27.380000	0.000000	0.002378
27.390000	0.000000	0.002366
27.400000	0.000000	0.002354
27.410000	0.000000	0.002342
27.420000	0.000000	0.002330
27.430000	0.000000	0.002318
27.440000	0.000000	0.002306
27.450000	0.000000	0.002294
27.460000	0.000000	0.002282
27.470000	0.000000	0.002270
27.480000	0.000000	0.002258
27.490000	0.000000	0.002246
27.500000	0.000000	0.002234
27.510000	0.000000	0.002222
27.520000	0.000000	0.002210
27.530000	0.000000	0.002198
27.540000	0.000000	0.002186
27.550000	0.000000	0.002175
27.560000	0.000000	0.002163
27.570000	0.000000	0.002151
27.580000	0.000000	0.002139
27.590000	0.000000	0.002127
27.600000	0.000000	0.002115
27.610000	0.000000	0.002103
27.620000	0.000000	0.002091
27.630000	0.000000	0.002079
27.640000	0.000000	0.002068
27.650000	0.000000	0.002058
27.660000	0.000000	0.002047
27.670000	0.000000	0.002037
27.680000	0.000000	0.002026
27.690000	0.000000	0.002015
27.700000	0.000000	0.002005
27.710000	0.000000	0.001994
27.720000	0.000000	0.001984
27.730000	0.000000	0.001973
27.740000	0.000000	0.001962
27.750000	0.000000	0.001952
27.760000	0.000000	0.001941
27.770000	0.000000	0.001931
27.780000	0.000000	0.001920
27.790000	0.000000	0.001910
27.800000	0.000000	0.001898
27.810000	0.000000	0.001888
27.820000	0.000000	0.001877
27.830000	0.000000	0.001867
27.840000	0.000000	0.001856
27.850000	0.000000	0.001845
27.860000	0.000000	0.001835
27.870000	0.000000	0.001824
27.880000	0.000000	0.001814
27.890000	0.000000	0.001804
27.900000	0.000000	0.001795
27.910000	0.000000	0.001787
27.920000	0.000000	0.001779
27.930000	0.000000	0.001771
27.940000	0.000000	0.001763
27.950000	0.000000	0.001755
27.960000	0.000000	0.001747
27.970000	0.000000	0.001738
27.980000	0.000000	0.001730
27.990000	0.000000	0.001722
28.000000	0.000000	0.001714
28.010000	0.000000	0.001707
28.020000	0.000000	0.001699
28.030000	0.000000	0.001691
28.040000	0.000000	0.001683
28.050000	0.000000	0.001675
28.060000	0.000000	0.001667
28.070000	0.000000	0.001659
28.080000	0.000000	0.001651
28.090000	0.000000	0.001643
28.100000	0.000000	0.001635
28.110000	0.000000	0.001627
28.120000	0.000000	0.001619
28.130000	0.000000	0.001611
28.140000	0.000000	0.001602
28.150000	0.000000	0.001594
28.160000	0.000000	0.001586
28.170000	0.000000	0.001578
28.180000	0.000000	0.001570
28.190000	0.000000	0.001562
28.200000	0.000000	0.001554
28.210000	0.000000	0.001546
28.220000	0.000000	0.001538
28.230000	0.000000	0.001530
28.240000	0.000000	0.001522
28.250000	0.000000	0.001515
28.260000	0.000000	0.001507
28.270000	0.000000	0.001499
28.280000	0.000000	0.001491
28.290000	0.000000	0.001483
28.300000	0.000000	0.001474
28.310000	0.000000	0.001466
28.320000	0.000000	0.001458
28.330000	0.000000	0.001450
28.340000	0.000000	0.001442
28.350000	0.000000	0.001434
28.360000	0.000000	0.001426
28.370000	0.000000	0.001418
28.380000	0.000000	0.001410
28.390000	0.000000	0.001402
28.400000	0.000000	0.001394
28.410000	0.000000	0.001386
28.420000	0.000000	0.001379
28.430000	0.000000	0.001371
28.440000	0.000000	0.001364
28.450000	0.000000	0.001357
28.460000	0.000000	0.001350
28.470000	0.000000	0.001342
28.480000	0.000000	0.001335
28.490000	0.000000	0.001328
28.500000	0.000000	0.001321
28.510000	0.000000	0.001314
28.520000	0.000000	0.001307
28.530000	0.000000	0.001300
28.540000	0.000000	0.001293
28.550000	0.000000	0.001286
28.560000	0.000000	0.001278
28.570000	0.000000	0.001271
28.580000	0.000000	0.001264
28.590000	0.000000	0.001257
28.600000	0.000000	0.001250
28.610000	0.000000	0.001243
28.620000	0.000000	0.001236
28.630000	0.000000	0.001229
28.640000	0.000000	0.001222
28.650000	0.000000	0.001215
28.660000	0.000000	0.001209
28.670000	0.000000	0.001204
28.680000	0.000000	0.001199
28.690000	0.000000	0.001193
28.700000	0.000000	0.001188
28.710000	0.000000	0.001183
28.720000	0.000000	0.001177
28.730000	0.000000	0.001172
28.740000	0.000000	0.001167
28.750000	0.000000	0.001161
28.760000	0.000000	0.001156
28.770000	0.000000	0.001151
28.780000	0.000000	0.001145
28.790000	0.000000	0.001140
28.800000	0.000000	0.001135
28.810000	0.000000	0.001129
28.820000	0.000000	0.001123
28.830000	0.000000	0.001118
28.840000	0.000000	0.001113
28.850000	0.000000	0.001107
28.860000	0.000000	0.001102
28.870000	0.000000	0.001097
28.880000	0.000000	0.001091
28.890000	0.000000	0.001086
28.900000	0.000000	0.001081
28.910000	0.000000	0.001075
28.920000	0.000000	0.001070
28.930000	0.000000	0.001065
28.940000	0.000000	0.001059
28.950000	0.000000	0.001054
28.960000	0.000000	0.001049
28.970000	0.000000	0.001043
28.980000	0.000000	0.001038
28.990000	0.000000	0.001032
29.000000	0.000000	0.001027
29.010000	0.000000	0.001022
29.020000	0.000000	0.001016
29.030000	0.000000	0.001011
29.040000	0.000000	0.001006
29.050000	0.000000	0.001000
29.060000	0.000000	0.000995
29.070000	0.000000	0.000990
29.080000	0.000000	0.000984
29.090000	0.000000	0.000979
29.100000	0.000000	0.000974
29.110000	0.000000	0.000968
29.120000	0.000000	0.000963
29.130000	0.000000	0.000958
29.140000	0.000000	0.000952
29.150000	0.000000	0.000947
29.160000	0.000000	0.000941
29.170000	0.000000	0.000936
29.180000	0.000000	0.000931
29.190000	0.000000	0.000925
29.200000	0.000000	0.000920
29.210000	0.000000	0.000915
29.220000	0.000000	0.000909
29.230000	0.000000	0.000904
29.240000	0.000000	0.000900
29.250000	0.000000	0.000895
29.260000	0.000000	0.000890
29.270000	0.000000	0.000885
29.280000	0.000000	0.000881
29.290000	0.000000	0.000876
29.300000	0.000000	0.000871
29.310000	0.000000	0.000866
29.320000	0.000000	0.000861
29.330000	0.000000	0.000857
29.340000	0.000000	0.000852
29.350000	0.000000	0.000847
29.360000	0.000000	0.000842
29.370000	0.000000	0.000838
29.380000	0.000000	0.000833
29.390000	0.000000	0.000828
29.400000	0.000000	0.000824
29.410000	0.000000	0.000819
29.420000	0.000000	0.000816
29.430000	0.000000	0.000812
29.440000	0.000000	0.000808
29.450000	0.000000	0.000805
29.460000	0.000000	0.000801
29.470000	0.000000	0.000798
29.480000	0.000000	0.000794
29.490000	0.000000	0.000790
29.500000	0.000000	0.000787
29.510000	0.000000	0.000783
29.520000	0.000000	0.000780
29.530000	0.000000	0.000776
29.540000	0.000000	0.000772
29.550000	0.000000	0.000769
29.560000	0.000000	0.000765
29.570000	0.000000	0.000762
29.580000	0.000000	0.000758
29.590000	0.000000	0.000755
29.600000	0.000000	0.000751
29.610000	0.000000	0.000747
29.620000	0.000000	0.000744
29.630000	0.000000	0.000740
29.640000	0.000000	0.000737
29.650000	0.000000	0.000733
29.660000	0.000000	0.000729
29.670000	0.000000	0.000726
29.680000	0.000000	0.000722
29.690000	0.000000	0.000719
29.700000	0.000000	0.000715
29.710000	0.000000	0.000711
29.720000	0.000000	0.000708
29.730000	0.000000	0.000704
29.740000	0.000000	0.000701
29.750000	0.000000	0.000697
29.760000	0.000000	0.000694
29.770000	0.000000	0.000690
29.780000	0.000000	0.000686
29.790000	0.000000	0.000683
29.800000	0.000000	0.000679
29.810000	0.000000	0.000676
29.820000	0.000000	0.000672
29.830000	0.000000	0.000668
29.840000	0.000000	0.000665
29.850000	0.000000	0.000661
29.860000	0.000000	0.000658
29.870000	0.000000	0.000654
29.880000	0.000000	0.000650
29.890000	0.000000	0.000647
29.900000	0.000000	0.000643
29.910000	0.000000	0.000640
29.920000	0.000000	0.000636
29.930000	0.000000	0.000633
29.940000	0.000000	0.000629
29.950000	0.000000	0.000625
29.960000	0.000000	0.000622
29.970000	0.000000	0.000618
29.980000	0.000000	0.000615
29.990000	0.000000	0.000611
30.000000	0.000000	0.000607
30.010000	0.000000	0.000604
30.020000	0.000000	0.000600
30.030000	0.000000	0.000597
30.040000	0.000000	0.000594
30.050000	0.000000	0.000591
30.060000	0.000000	0.000587
30.070000	0.000000	0.000584
30.080000	0.000000	0.000581
30.090000	0.000000	0.000578
