0.100000	0.000000	618054.872982
0.110000	0.000000	703407.453781
0.120000	0.000000	326243.185095
0.130000	0.000000	429379.071589
0.140000	0.000000	175040.895919
0.150000	0.000000	70474.118255
0.160000	0.000000	59931.542958
0.170000	0.000000	53536.019545
0.180000	0.000000	60004.382377
0.190000	0.000000	59269.328877
0.200000	0.000000	50932.966534
0.210000	0.000000	52696.133780
0.220000	0.000000	57692.795525
0.230000	0.000000	92720.612696
0.240000	0.000000	61148.244846
0.250000	0.000000	71007.260434
0.260000	0.000000	66357.474924
0.270000	0.000000	36427.123873
0.280000	0.000000	55261.872828
0.290000	0.000000	33157.777362
0.300000	0.000000	35361.401043
0.310000	0.000000	32496.470044
0.320000	0.000000	28223.890016
0.330000	0.000000	32025.005858
0.340000	0.000000	28472.763369
0.350000	0.000000	22205.597512
0.360000	0.000000	36162.371242
0.370000	0.000000	54638.122520
0.380000	0.000000	42846.534753
0.390000	0.000000	26227.613762
0.400000	0.000000	36301.928224
0.410000	0.000000	15884.058428
0.420000	0.000000	16723.977247
0.430000	0.000000	17481.670428
0.440000	0.000000	13943.372593
0.450000	0.000000	14588.749595
0.460000	0.000000	12385.387371
0.470000	0.000000	12153.298283
0.480000	0.000000	11265.237268
0.490000	0.000000	17980.774032
0.500000	0.000000	17889.083323
0.510000	0.000000	12090.726337
0.520000	0.000000	9989.560976
0.530000	0.000000	11466.671967
0.540000	0.000000	11045.532979
0.550000	0.000000	9116.725363
0.560000	0.000000	11727.774909
0.570000	0.000000	13591.102762
0.580000	0.000000	8913.353705
0.590000	0.000000	9826.738581
0.600000	0.000000	7910.232821
0.610000	0.000000	7624.502553
0.620000	0.000000	9320.425898
0.630000	0.000000	8125.858059
0.640000	0.000000	7240.342066
0.650000	0.000000	75774.085831
0.660000	0.000000	44415.285419
0.670000	0.000000	9662.047579
0.680000	0.000000	7538.985107
0.690000	0.000000	22183.627198
0.700000	0.000000	28074.620130
0.710000	0.000000	67802.554664
0.720000	0.000000	143164.726861
0.730000	0.000000	24059.831475
0.740000	0.000000	75553.364248
0.750000	0.000000	14188.646986
0.760000	0.000000	59348.324503
0.770000	0.000000	121467.755283
0.780000	0.000000	46686.657110
0.790000	0.000000	42910.096396
0.800000	0.000000	63305.998674
0.810000	0.000000	53360.248186
0.820000	0.000000	129775.729184
0.830000	0.000000	81146.278670
0.840000	0.000000	51396.066606
0.850000	0.000000	71031.008099
0.860000	0.000000	104142.876137
0.870000	0.000000	102050.887223
0.880000	0.000000	39491.508905
0.890000	0.000000	45908.323630
0.900000	0.000000	63856.223320
0.910000	0.000000	92883.255698
0.920000	0.000000	51604.773641
0.930000	0.000000	22467.886842
0.940000	0.000000	24560.460925
0.950000	0.000000	34382.322709
0.960000	0.000000	46500.207371
0.970000	0.000000	19658.589771
0.980000	0.000000	14223.424539
0.990000	0.000000	22097.567403
1.000000	0.000000	31333.176093
1.010000	0.000000	46878.007851
1.020000	0.000000	32372.314002
1.030000	0.000000	7025.956370
1.040000	0.000000	8202.663676
1.050000	0.000000	8929.931460
1.060000	0.000000	7761.898160
1.070000	0.000000	17013.781284
1.080000	0.000000	14736.617738
1.090000	0.000000	15203.854513
1.100000	0.000000	10873.952243
1.110000	0.000000	9100.726223
1.120000	0.000000	8603.588090
1.130000	0.000000	4853.006218
1.140000	0.000000	11516.463682
1.150000	0.000000	8172.522949
1.160000	0.000000	11352.487411
1.170000	0.000000	11412.886677
1.180000	0.000000	7837.550986
1.190000	0.000000	5405.418936
1.200000	0.000000	5400.000698
1.210000	0.000000	5985.781361
1.220000	0.000000	4462.576078
1.230000	0.000000	3583.801899
1.240000	0.000000	3740.841537
1.250000	0.000000	4504.773067
1.260000	0.000000	3006.153074
1.270000	0.000000	6597.161965
1.280000	0.000000	2446.949228
1.290000	0.000000	2305.675007
1.300000	0.000000	2889.400895
1.310000	0.000000	3279.060289
1.320000	0.000000	2478.951750
1.330000	0.000000	2442.870565
1.340000	0.000000	2841.245325
1.350000	0.000000	2426.119859
1.360000	0.000000	2129.908730
1.370000	0.000000	2092.491154
1.380000	0.000000	1601.561914
1.390000	0.000000	1587.724703
1.400000	0.000000	1717.528184
1.410000	0.000000	1407.184503
1.420000	0.000000	1494.471891
1.430000	0.000000	1445.507034
1.440000	0.000000	1638.372669
1.450000	0.000000	1199.862507
1.460000	0.000000	1198.435449
1.470000	0.000000	1108.636082
1.480000	0.000000	1141.286737
1.490000	0.000000	1088.814139
1.500000	0.000000	1017.628108
1.510000	0.000000	988.658987
1.520000	0.000000	1004.404328
1.530000	0.000000	976.965667
1.540000	0.000000	901.969481
1.550000	0.000000	917.570981
1.560000	0.000000	9324.043252
1.570000	0.000000	28745.248518
1.580000	0.000000	18737.134650
1.590000	0.000000	61519.861257
1.600000	0.000000	805.379305
1.610000	0.000000	747.595232
1.620000	0.000000	703.927007
1.630000	0.000000	683.504802
1.640000	0.000000	667.879336
1.650000	0.000000	672.428810
1.660000	0.000000	646.271734
1.670000	0.000000	650.501547
1.680000	0.000000	627.081671
1.690000	0.000000	1098.154050
1.700000	0.000000	1537.131560
1.710000	0.000000	1868.190057
1.720000	0.000000	11610.447464
1.730000	0.000000	24068.000128
1.740000	0.000000	520.767923
1.750000	0.000000	512.964916
1.760000	0.000000	500.004072
1.770000	0.000000	490.219511
1.780000	0.000000	480.087470
1.790000	0.000000	480.338645
1.800000	0.000000	496.588775
1.810000	0.000000	910.085787
1.820000	0.000000	726.615167
1.830000	0.000000	500.782510
1.840000	0.000000	431.180695
1.850000	0.000000	427.651201
1.860000	0.000000	3995.873551
1.870000	0.000000	4642.922413
1.880000	0.000000	397.347107
1.890000	0.000000	459.380422
1.900000	0.000000	583.155254
1.910000	0.000000	453.187473
1.920000	0.000000	380.178817
1.930000	0.000000	369.689815
1.940000	0.000000	523.055870
1.950000	0.000000	357.867399
1.960000	0.000000	2590.318549
1.970000	0.000000	694.912098
1.980000	0.000000	329.132489
1.990000	0.000000	388.523661
2.000000	0.000000	1186.229326
2.010000	0.000000	816.405496
2.020000	0.000000	654.815184
2.030000	0.000000	830.134711
2.040000	0.000000	1974.909744
2.050000	0.000000	2679.510992
2.060000	0.000000	456.951991
2.070000	0.000000	279.728810
2.080000	0.000000	292.410914
2.090000	0.000000	339.451222
2.100000	0.000000	328.974883
2.110000	0.000000	323.843623
2.120000	0.000000	333.663805
2.130000	0.000000	320.574321
2.140000	0.000000	312.474297
2.150000	0.000000	1103.987401
2.160000	0.000000	581.948046
2.170000	0.000000	276.997828
2.180000	0.000000	271.904650
2.190000	0.000000	266.843266
2.200000	0.000000	461.296020
2.210000	0.000000	518.456978
2.220000	0.000000	251.854806
2.230000	0.000000	308.506629
2.240000	0.000000	452.137870
2.250000	0.000000	370.643132
2.260000	0.000000	318.075087
2.270000	0.000000	287.085269
2.280000	0.000000	264.148619
2.290000	0.000000	222.872265
2.300000	0.000000	242.386080
2.310000	0.000000	245.625952
2.320000	0.000000	242.258504
2.330000	0.000000	238.103892
2.340000	0.000000	234.106588
2.350000	0.000000	229.861238
2.360000	0.000000	225.525965
2.370000	0.000000	234.345625
2.380000	0.000000	235.139222
2.390000	0.000000	212.899928
2.400000	0.000000	220.887753
2.410000	0.000000	245.517473
2.420000	0.000000	877.261246
2.430000	0.000000	5135.175613
2.440000	0.000000	2512.766367
2.450000	0.000000	2672.838449
2.460000	0.000000	6047.319736
2.470000	0.000000	931.096062
2.480000	0.000000	178.238139
2.490000	0.000000	175.118145
2.500000	0.000000	172.037050
2.510000	0.000000	172.174787
2.520000	0.000000	168.191742
2.530000	0.000000	162.958352
2.540000	0.000000	160.121971
2.550000	0.000000	158.251631
2.560000	0.000000	156.440355
2.570000	0.000000	152.652146
2.580000	0.000000	161.254360
2.590000	0.000000	203.407836
2.600000	0.000000	175.539874
2.610000	0.000000	277.736350
2.620000	0.000000	390.714418
2.630000	0.000000	155.880951
2.640000	0.000000	136.123361
2.650000	0.000000	132.610380
2.660000	0.000000	130.007623
2.670000	0.000000	127.772413
2.680000	0.000000	125.564788
2.690000	0.000000	123.516589
2.700000	0.000000	121.799763
2.710000	0.000000	119.754260
2.720000	0.000000	117.459605
2.730000	0.000000	115.822851
2.740000	0.000000	116.692669
2.750000	0.000000	122.288289
2.760000	0.000000	114.625485
2.770000	0.000000	116.265839
2.780000	0.000000	130.465315
2.790000	0.000000	109.594719
2.800000	0.000000	119.661600
2.810000	0.000000	103.764209
2.820000	0.000000	313.260119
2.830000	0.000000	193.833104
2.840000	0.000000	107.842091
2.850000	0.000000	95.187220
2.860000	0.000000	92.106188
2.870000	0.000000	393.436983
2.880000	0.000000	471.397656
2.890000	0.000000	87.546391
2.900000	0.000000	86.062063
2.910000	0.000000	84.605312
2.920000	0.000000	83.229852
2.930000	0.000000	81.891392
2.940000	0.000000	83.326143
2.950000	0.000000	183.588046
2.960000	0.000000	110.573835
2.970000	0.000000	79.584305
2.980000	0.000000	78.680222
2.990000	0.000000	74.891114
3.000000	0.000000	72.626244
3.010000	0.000000	105.282688
3.020000	0.000000	212.212706
3.030000	0.000000	169.427298
3.040000	0.000000	73.252359
3.050000	0.000000	72.239015
3.060000	0.000000	66.320218
3.070000	0.000000	64.760266
3.080000	0.000000	65.050308
3.090000	0.000000	94.465396
3.100000	0.000000	264.821576
3.110000	0.000000	81.789761
3.120000	0.000000	118.047652
3.130000	0.000000	255.071108
3.140000	0.000000	80.502811
3.150000	0.000000	77.185319
3.160000	0.000000	61.392777
3.170000	0.000000	65.822542
3.180000	0.000000	71.117680
3.190000	0.000000	60.794262
3.200000	0.000000	52.579827
3.210000	0.000000	52.208272
3.220000	0.000000	52.542418
3.230000	0.000000	53.218229
3.240000	0.000000	52.316558
3.250000	0.000000	51.487339
3.260000	0.000000	51.863353
3.270000	0.000000	57.846254
3.280000	0.000000	49.218940
3.290000	0.000000	48.132744
3.300000	0.000000	47.365075
3.310000	0.000000	46.923464
3.320000	0.000000	46.410708
3.330000	0.000000	45.208820
3.340000	0.000000	44.421003
3.350000	0.000000	45.632464
3.360000	0.000000	44.348365
3.370000	0.000000	42.221046
3.380000	0.000000	41.493469
3.390000	0.000000	41.397890
3.400000	0.000000	41.257740
3.410000	0.000000	39.804447
3.420000	0.000000	39.730070
3.430000	0.000000	38.633768
3.440000	0.000000	38.702656
3.450000	0.000000	37.750081
3.460000	0.000000	36.498363
3.470000	0.000000	38.435209
3.480000	0.000000	35.885244
3.490000	0.000000	35.690411
3.500000	0.000000	36.704705
3.510000	0.000000	34.675909
3.520000	0.000000	33.037982
3.530000	0.000000	32.444714
3.540000	0.000000	31.946336
3.550000	0.000000	31.489715
3.560000	0.000000	31.014801
3.570000	0.000000	30.531416
3.580000	0.000000	30.255269
3.590000	0.000000	29.861078
3.600000	0.000000	30.097361
3.610000	0.000000	36.209296
3.620000	0.000000	29.956207
3.630000	0.000000	27.730917
3.640000	0.000000	27.315745
3.650000	0.000000	26.800897
3.660000	0.000000	26.369349
3.670000	0.000000	26.308767
3.680000	0.000000	31.171558
3.690000	0.000000	28.510577
3.700000	0.000000	24.705849
3.710000	0.000000	24.282715
3.720000	0.000000	23.875105
3.730000	0.000000	23.486797
3.740000	0.000000	23.111312
3.750000	0.000000	22.727254
3.760000	0.000000	22.323555
3.770000	0.000000	22.190302
3.780000	0.000000	24.314370
3.790000	0.000000	22.746175
3.800000	0.000000	21.392423
3.810000	0.000000	20.909370
3.820000	0.000000	20.322645
3.830000	0.000000	20.074882
3.840000	0.000000	21.018391
3.850000	0.000000	31.671417
3.860000	0.000000	37.613841
3.870000	0.000000	31.970646
3.880000	0.000000	26.636631
3.890000	0.000000	32.729154
3.900000	0.000000	34.068423
3.910000	0.000000	17.587159
3.920000	0.000000	17.316343
3.930000	0.000000	17.071845
3.940000	0.000000	16.749317
3.950000	0.000000	16.491614
3.960000	0.000000	17.221862
3.970000	0.000000	15.991646
3.980000	0.000000	15.674395
3.990000	0.000000	15.413564
4.000000	0.000000	15.527163
4.010000	0.000000	15.052159
4.020000	0.000000	14.659356
4.030000	0.000000	14.578973
4.040000	0.000000	14.423764
4.050000	0.000000	14.163075
4.060000	0.000000	13.918912
4.070000	0.000000	13.637845
4.080000	0.000000	13.377636
4.090000	0.000000	13.101365
4.100000	0.000000	12.910400
4.110000	0.000000	12.717130
4.120000	0.000000	12.666437
4.130000	0.000000	12.336429
4.140000	0.000000	12.161268
4.150000	0.000000	11.962477
4.160000	0.000000	11.772131
4.170000	0.000000	11.586853
4.180000	0.000000	11.407377
4.190000	0.000000	11.230663
4.200000	0.000000	11.054141
4.210000	0.000000	10.877805
4.220000	0.000000	10.701672
4.230000	0.000000	10.554392
4.240000	0.000000	10.413291
4.250000	0.000000	10.196061
4.260000	0.000000	10.008065
4.270000	0.000000	9.843916
4.280000	0.000000	9.672472
4.290000	0.000000	9.515123
4.300000	0.000000	9.362259
4.310000	0.000000	9.219194
4.320000	0.000000	9.073452
4.330000	0.000000	8.990170
4.340000	0.000000	8.818031
4.350000	0.000000	8.659233
4.360000	0.000000	8.525681
4.370000	0.000000	8.392026
4.380000	0.000000	8.260631
4.390000	0.000000	8.134702
4.400000	0.000000	8.009572
4.410000	0.000000	7.887338
4.420000	0.000000	7.771989
4.430000	0.000000	7.663374
4.440000	0.000000	7.532351
4.450000	0.000000	7.415481
4.460000	0.000000	7.326196
4.470000	0.000000	7.201525
4.480000	0.000000	7.225631
4.490000	0.000000	6.981154
4.500000	0.000000	8.365907
4.510000	0.000000	7.550043
4.520000	0.000000	6.735028
4.530000	0.000000	6.515220
4.540000	0.000000	6.402283
4.550000	0.000000	6.280389
4.560000	0.000000	6.185560
4.570000	0.000000	6.451346
4.580000	0.000000	6.773291
4.590000	0.000000	5.902334
4.600000	0.000000	5.811598
4.610000	0.000000	5.723452
4.620000	0.000000	5.640584
4.630000	0.000000	5.545536
4.640000	0.000000	5.459192
4.650000	0.000000	5.386346
4.660000	0.000000	5.299276
4.670000	0.000000	5.218298
4.680000	0.000000	5.168558
4.690000	0.000000	5.122908
4.700000	0.000000	5.122770
4.710000	0.000000	5.252532
4.720000	0.000000	5.286030
4.730000	0.000000	5.084714
4.740000	0.000000	4.844135
4.750000	0.000000	4.676024
4.760000	0.000000	4.581107
4.770000	0.000000	4.435168
4.780000	0.000000	4.360499
4.790000	0.000000	4.290307
4.800000	0.000000	4.221475
4.810000	0.000000	4.180150
4.820000	0.000000	4.627157
4.830000	0.000000	4.206559
4.840000	0.000000	3.989365
4.850000	0.000000	3.950999
4.860000	0.000000	3.871793
4.870000	0.000000	3.789259
4.880000	0.000000	3.731901
4.890000	0.000000	3.677021
4.900000	0.000000	3.622394
4.910000	0.000000	3.568070
4.920000	0.000000	3.540903
4.930000	0.000000	3.548917
4.940000	0.000000	3.408585
4.950000	0.000000	3.355847
4.960000	0.000000	3.302987
4.970000	0.000000	3.247368
4.980000	0.000000	3.240184
4.990000	0.000000	3.149706
5.000000	0.000000	3.091105
5.010000	0.000000	3.039627
5.020000	0.000000	3.007639
5.030000	0.000000	2.949168
5.040000	0.000000	2.899366
5.050000	0.000000	2.857663
5.060000	0.000000	2.808167
5.070000	0.000000	2.764433
5.080000	0.000000	2.722870
5.090000	0.000000	2.676574
5.100000	0.000000	2.636751
5.110000	0.000000	2.596011
5.120000	0.000000	2.558001
5.130000	0.000000	2.522955
5.140000	0.000000	2.485297
5.150000	0.000000	2.450627
5.160000	0.000000	2.414079
5.170000	0.000000	2.376033
5.180000	0.000000	2.339499
5.190000	0.000000	2.303892
5.200000	0.000000	2.268343
5.210000	0.000000	2.232336
5.220000	0.000000	2.196756
5.230000	0.000000	2.161802
5.240000	0.000000	2.126865
5.250000	0.000000	2.092271
5.260000	0.000000	2.058092
5.270000	0.000000	2.024158
5.280000	0.000000	1.990243
5.290000	0.000000	1.956676
5.300000	0.000000	1.923061
5.310000	0.000000	1.893021
5.320000	0.000000	1.864482
5.330000	0.000000	1.836392
5.340000	0.000000	1.809178
5.350000	0.000000	1.782278
5.360000	0.000000	1.756339
5.370000	0.000000	1.730759
5.380000	0.000000	1.705334
5.390000	0.000000	1.680354
5.400000	0.000000	1.655767
5.410000	0.000000	1.631444
5.420000	0.000000	1.607390
5.430000	0.000000	1.583313
5.440000	0.000000	1.559322
5.450000	0.000000	1.536055
5.460000	0.000000	1.514764
5.470000	0.000000	1.488953
5.480000	0.000000	1.463050
5.490000	0.000000	1.456281
5.500000	0.000000	1.426954
5.510000	0.000000	1.396824
5.520000	0.000000	1.372134
5.530000	0.000000	1.357310
5.540000	0.000000	1.333943
5.550000	0.000000	1.305189
5.560000	0.000000	1.283491
5.570000	0.000000	1.271768
5.580000	0.000000	1.256210
5.590000	0.000000	1.225629
5.600000	0.000000	1.210512
5.610000	0.000000	1.202734
5.620000	0.000000	1.183490
5.630000	0.000000	1.185162
5.640000	0.000000	1.153493
5.650000	0.000000	1.128977
5.660000	0.000000	1.109949
5.670000	0.000000	1.099178
5.680000	0.000000	1.076598
5.690000	0.000000	1.056462
5.700000	0.000000	1.039706
5.710000	0.000000	1.023496
5.720000	0.000000	1.007314
5.730000	0.000000	0.991404
5.740000	0.000000	0.975847
5.750000	0.000000	0.961676
5.760000	0.000000	0.948585
5.770000	0.000000	0.931925
5.780000	0.000000	0.916009
5.790000	0.000000	0.900397
5.800000	0.000000	0.885698
5.810000	0.000000	0.869426
5.820000	0.000000	0.855415
5.830000	0.000000	0.842518
5.840000	0.000000	0.830137
5.850000	0.000000	0.818419
5.860000	0.000000	0.807401
5.870000	0.000000	0.795824
5.880000	0.000000	0.785392
5.890000	0.000000	0.774002
5.900000	0.000000	0.762045
5.910000	0.000000	0.751479
5.920000	0.000000	0.740359
5.930000	0.000000	0.729185
5.940000	0.000000	0.718499
5.950000	0.000000	0.708546
5.960000	0.000000	0.696889
5.970000	0.000000	0.685121
5.980000	0.000000	0.675427
5.990000	0.000000	0.665000
6.000000	0.000000	0.653379
6.010000	0.000000	0.642781
6.020000	0.000000	0.633716
6.030000	0.000000	0.624003
6.040000	0.000000	0.612838
6.050000	0.000000	0.602417
6.060000	0.000000	0.593588
6.070000	0.000000	0.584076
6.080000	0.000000	0.573665
6.090000	0.000000	0.564964
6.100000	0.000000	0.557407
6.110000	0.000000	0.550390
6.120000	0.000000	0.542652
6.130000	0.000000	0.534736
6.140000	0.000000	0.526362
6.150000	0.000000	0.518631
6.160000	0.000000	0.510955
6.170000	0.000000	0.503826
6.180000	0.000000	0.496212
6.190000	0.000000	0.488795
6.200000	0.000000	0.481494
6.210000	0.000000	0.474162
6.220000	0.000000	0.466919
6.230000	0.000000	0.459709
6.240000	0.000000	0.452540
6.250000	0.000000	0.445539
6.260000	0.000000	0.438585
6.270000	0.000000	0.431666
6.280000	0.000000	0.424840
6.290000	0.000000	0.417955
6.300000	0.000000	0.411091
6.310000	0.000000	0.404123
6.320000	0.000000	0.397964
6.330000	0.000000	0.391999
6.340000	0.000000	0.385223
6.350000	0.000000	0.379450
6.360000	0.000000	0.374137
6.370000	0.000000	0.368967
6.380000	0.000000	0.363862
6.390000	0.000000	0.359061
6.400000	0.000000	0.356154
6.410000	0.000000	0.401651
6.420000	0.000000	0.513585
6.430000	0.000000	0.533296
6.440000	0.000000	0.369087
6.450000	0.000000	0.435336
6.460000	0.000000	0.569136
6.470000	0.000000	0.522242
6.480000	0.000000	0.357789
6.490000	0.000000	0.924380
6.500000	0.000000	0.904661
6.510000	0.000000	0.466491
6.520000	0.000000	0.347158
6.530000	0.000000	0.492909
6.540000	0.000000	0.496480
6.550000	0.000000	0.369024
6.560000	0.000000	0.298091
6.570000	0.000000	0.373639
6.580000	0.000000	0.424057
6.590000	0.000000	0.319553
6.600000	0.000000	0.296602
6.610000	0.000000	0.320757
6.620000	0.000000	0.301432
6.630000	0.000000	0.260600
6.640000	0.000000	0.264060
6.650000	0.000000	0.276270
6.660000	0.000000	0.253597
6.670000	0.000000	0.249485
6.680000	0.000000	0.237242
6.690000	0.000000	0.232941
6.700000	0.000000	0.234235
6.710000	0.000000	0.226901
6.720000	0.000000	0.218727
6.730000	0.000000	0.214667
6.740000	0.000000	0.211439
6.750000	0.000000	0.208238
6.760000	0.000000	0.205059
6.770000	0.000000	0.201870
6.780000	0.000000	0.198704
6.790000	0.000000	0.195562
6.800000	0.000000	0.192439
6.810000	0.000000	0.189247
6.820000	0.000000	0.186064
6.830000	0.000000	0.183022
6.840000	0.000000	0.180129
6.850000	0.000000	0.177298
6.860000	0.000000	0.174524
6.870000	0.000000	0.171969
6.880000	0.000000	0.169579
6.890000	0.000000	0.167233
6.900000	0.000000	0.165195
6.910000	0.000000	0.162963
6.920000	0.000000	0.160331
6.930000	0.000000	0.158108
6.940000	0.000000	0.155809
6.950000	0.000000	0.153671
6.960000	0.000000	0.151376
6.970000	0.000000	0.149176
6.980000	0.000000	0.146893
6.990000	0.000000	0.144676
7.000000	0.000000	0.142543
7.010000	0.000000	0.140409
7.020000	0.000000	0.138330
7.030000	0.000000	0.136166
7.040000	0.000000	0.134018
7.050000	0.000000	0.131999
7.060000	0.000000	0.129914
7.070000	0.000000	0.127780
7.080000	0.000000	0.125701
7.090000	0.000000	0.123648
7.100000	0.000000	0.121688
7.110000	0.000000	0.119772
7.120000	0.000000	0.117853
7.130000	0.000000	0.116060
7.140000	0.000000	0.114447
7.150000	0.000000	0.112789
7.160000	0.000000	0.111229
7.170000	0.000000	0.109792
7.180000	0.000000	0.108285
7.190000	0.000000	0.109615
7.200000	0.000000	0.106288
7.210000	0.000000	0.103590
7.220000	0.000000	0.102115
7.230000	0.000000	0.100646
7.240000	0.000000	0.099187
7.250000	0.000000	0.097839
7.260000	0.000000	0.097180
7.270000	0.000000	0.096584
7.280000	0.000000	0.093585
7.290000	0.000000	0.092085
7.300000	0.000000	0.090612
7.310000	0.000000	0.089189
7.320000	0.000000	0.087673
7.330000	0.000000	0.086299
7.340000	0.000000	0.085442
7.350000	0.000000	0.084706
7.360000	0.000000	0.082752
7.370000	0.000000	0.081050
7.380000	0.000000	0.079661
7.390000	0.000000	0.078406
7.400000	0.000000	0.077272
7.410000	0.000000	0.076312
7.420000	0.000000	0.075745
7.430000	0.000000	0.075111
7.440000	0.000000	0.073561
7.450000	0.000000	0.072256
7.460000	0.000000	0.071205
7.470000	0.000000	0.070039
7.480000	0.000000	0.069062
7.490000	0.000000	0.068967
7.500000	0.000000	0.067453
7.510000	0.000000	0.067675
7.520000	0.000000	0.066257
7.530000	0.000000	0.064925
7.540000	0.000000	0.064084
7.550000	0.000000	0.062873
7.560000	0.000000	0.061482
7.570000	0.000000	0.060431
7.580000	0.000000	0.059577
7.590000	0.000000	0.058605
7.600000	0.000000	0.057589
7.610000	0.000000	0.056700
7.620000	0.000000	0.056019
7.630000	0.000000	0.055429
7.640000	0.000000	0.054026
7.650000	0.000000	0.053087
7.660000	0.000000	0.052238
7.670000	0.000000	0.051502
7.680000	0.000000	0.050811
7.690000	0.000000	0.050102
7.700000	0.000000	0.049395
7.710000	0.000000	0.048703
7.720000	0.000000	0.048317
7.730000	0.000000	0.047603
7.740000	0.000000	0.046715
7.750000	0.000000	0.046077
7.760000	0.000000	0.045517
7.770000	0.000000	0.045183
7.780000	0.000000	0.045233
7.790000	0.000000	0.045159
7.800000	0.000000	0.043858
7.810000	0.000000	0.042335
7.820000	0.000000	0.041803
7.830000	0.000000	0.041154
7.840000	0.000000	0.040247
7.850000	0.000000	0.039671
7.860000	0.000000	0.039008
7.870000	0.000000	0.038401
7.880000	0.000000	0.037783
7.890000	0.000000	0.037171
7.900000	0.000000	0.036576
7.910000	0.000000	0.035995
7.920000	0.000000	0.035432
7.930000	0.000000	0.034897
7.940000	0.000000	0.034404
7.950000	0.000000	0.033923
7.960000	0.000000	0.033461
7.970000	0.000000	0.033042
7.980000	0.000000	0.032515
7.990000	0.000000	0.032031
8.000000	0.000000	0.031580
8.010000	0.000000	0.031138
8.020000	0.000000	0.030704
8.030000	0.000000	0.030272
8.040000	0.000000	0.029841
8.050000	0.000000	0.029412
8.060000	0.000000	0.028983
8.070000	0.000000	0.028555
8.080000	0.000000	0.028127
8.090000	0.000000	0.027712
8.100000	0.000000	0.027297
8.110000	0.000000	0.026857
8.120000	0.000000	0.026452
8.130000	0.000000	0.026048
8.140000	0.000000	0.025647
8.150000	0.000000	0.025242
8.160000	0.000000	0.024998
8.170000	0.000000	0.024437
8.180000	0.000000	0.024067
8.190000	0.000000	0.023671
8.200000	0.000000	0.023320
8.210000	0.000000	0.023012
8.220000	0.000000	0.022677
8.230000	0.000000	0.022342
8.240000	0.000000	0.022026
8.250000	0.000000	0.021716
8.260000	0.000000	0.021413
8.270000	0.000000	0.021114
8.280000	0.000000	0.020823
8.290000	0.000000	0.020539
8.300000	0.000000	0.020244
8.310000	0.000000	0.019956
8.320000	0.000000	0.019661
8.330000	0.000000	0.019361
8.340000	0.000000	0.019137
8.350000	0.000000	0.018797
8.360000	0.000000	0.018514
8.370000	0.000000	0.018230
8.380000	0.000000	0.017954
8.390000	0.000000	0.017692
8.400000	0.000000	0.017422
8.410000	0.000000	0.017146
8.420000	0.000000	0.016892
8.430000	0.000000	0.016635
8.440000	0.000000	0.016350
8.450000	0.000000	0.016094
8.460000	0.000000	0.015842
8.470000	0.000000	0.015610
8.480000	0.000000	0.015393
8.490000	0.000000	0.015165
8.500000	0.000000	0.014943
8.510000	0.000000	0.014734
8.520000	0.000000	0.014528
8.530000	0.000000	0.014320
8.540000	0.000000	0.014121
8.550000	0.000000	0.013925
8.560000	0.000000	0.013731
8.570000	0.000000	0.013538
8.580000	0.000000	0.013345
8.590000	0.000000	0.013153
8.600000	0.000000	0.012961
8.610000	0.000000	0.012769
8.620000	0.000000	0.012576
8.630000	0.000000	0.012390
8.640000	0.000000	0.012208
8.650000	0.000000	0.012027
8.660000	0.000000	0.011836
8.670000	0.000000	0.011652
8.680000	0.000000	0.011472
8.690000	0.000000	0.011294
8.700000	0.000000	0.011117
8.710000	0.000000	0.010947
8.720000	0.000000	0.010774
8.730000	0.000000	0.010607
8.740000	0.000000	0.010453
8.750000	0.000000	0.010305
8.760000	0.000000	0.010158
8.770000	0.000000	0.010012
8.780000	0.000000	0.009868
8.790000	0.000000	0.009727
8.800000	0.000000	0.009592
8.810000	0.000000	0.009461
8.820000	0.000000	0.009331
8.830000	0.000000	0.009191
8.840000	0.000000	0.009060
8.850000	0.000000	0.008931
8.860000	0.000000	0.008801
8.870000	0.000000	0.008672
8.880000	0.000000	0.008544
8.890000	0.000000	0.008420
8.900000	0.000000	0.008297
8.910000	0.000000	0.008176
8.920000	0.000000	0.008054
8.930000	0.000000	0.007933
8.940000	0.000000	0.007812
8.950000	0.000000	0.007691
8.960000	0.000000	0.007571
8.970000	0.000000	0.007455
8.980000	0.000000	0.007340
8.990000	0.000000	0.007223
9.000000	0.000000	0.007105
9.010000	0.000000	0.007005
9.020000	0.000000	0.006906
9.030000	0.000000	0.006808
9.040000	0.000000	0.006709
9.050000	0.000000	0.006613
9.060000	0.000000	0.006520
9.070000	0.000000	0.006428
9.080000	0.000000	0.006338
9.090000	0.000000	0.006250
9.100000	0.000000	0.006162
9.110000	0.000000	0.006075
9.120000	0.000000	0.005988
9.130000	0.000000	0.005902
9.140000	0.000000	0.005816
9.150000	0.000000	0.005732
9.160000	0.000000	0.005647
9.170000	0.000000	0.005562
9.180000	0.000000	0.005480
9.190000	0.000000	0.005399
9.200000	0.000000	0.005318
9.210000	0.000000	0.005237
9.220000	0.000000	0.005156
9.230000	0.000000	0.005077
9.240000	0.000000	0.004999
9.250000	0.000000	0.004922
9.260000	0.000000	0.004845
9.270000	0.000000	0.004771
9.280000	0.000000	0.004703
9.290000	0.000000	0.004637
9.300000	0.000000	0.004571
9.310000	0.000000	0.004505
9.320000	0.000000	0.004441
9.330000	0.000000	0.004376
9.340000	0.000000	0.004313
9.350000	0.000000	0.004251
9.360000	0.000000	0.004191
9.370000	0.000000	0.004132
9.380000	0.000000	0.004073
9.390000	0.000000	0.004014
9.400000	0.000000	0.003957
9.410000	0.000000	0.003901
9.420000	0.000000	0.003845
9.430000	0.000000	0.003790
9.440000	0.000000	0.003735
9.450000	0.000000	0.003680
9.460000	0.000000	0.003626
9.470000	0.000000	0.003571
9.480000	0.000000	0.003517
9.490000	0.000000	0.003463
9.500000	0.000000	0.003408
9.510000	0.000000	0.003355
9.520000	0.000000	0.003303
9.530000	0.000000	0.003252
9.540000	0.000000	0.003203
9.550000	0.000000	0.003157
9.560000	0.000000	0.003112
9.570000	0.000000	0.003068
9.580000	0.000000	0.003025
9.590000	0.000000	0.002983
9.600000	0.000000	0.002941
9.610000	0.000000	0.002899
9.620000	0.000000	0.002858
9.630000	0.000000	0.002817
9.640000	0.000000	0.002776
9.650000	0.000000	0.002736
9.660000	0.000000	0.002697
9.670000	0.000000	0.002656
9.680000	0.000000	0.002618
9.690000	0.000000	0.002581
9.700000	0.000000	0.002545
9.710000	0.000000	0.002508
9.720000	0.000000	0.002471
9.730000	0.000000	0.002435
9.740000	0.000000	0.002398
9.750000	0.000000	0.002362
9.760000	0.000000	0.002326
9.770000	0.000000	0.002291
9.780000	0.000000	0.002256
9.790000	0.000000	0.002221
9.800000	0.000000	0.002187
9.810000	0.000000	0.002153
9.820000	0.000000	0.002122
9.830000	0.000000	0.002092
9.840000	0.000000	0.002061
9.850000	0.000000	0.002033
9.860000	0.000000	0.002005
9.870000	0.000000	0.001977
9.880000	0.000000	0.001949
9.890000	0.000000	0.001921
9.900000	0.000000	0.001893
9.910000	0.000000	0.001865
9.920000	0.000000	0.001838
9.930000	0.000000	0.001812
9.940000	0.000000	0.001786
9.950000	0.000000	0.001761
9.960000	0.000000	0.001736
9.970000	0.000000	0.001711
9.980000	0.000000	0.001687
9.990000	0.000000	0.001662
10.000000	0.000000	0.001637
10.010000	0.000000	0.001611
10.020000	0.000000	0.001587
10.030000	0.000000	0.001563
10.040000	0.000000	0.001540
10.050000	0.000000	0.001516
10.060000	0.000000	0.001493
10.070000	0.000000	0.001470
10.080000	0.000000	0.001448
10.090000	0.000000	0.001427
10.100000	0.000000	0.001407
10.110000	0.000000	0.001387
10.120000	0.000000	0.001368
10.130000	0.000000	0.001349
10.140000	0.000000	0.001331
10.150000	0.000000	0.001312
10.160000	0.000000	0.001293
10.170000	0.000000	0.001274
10.180000	0.000000	0.001255
10.190000	0.000000	0.001236
10.200000	0.000000	0.001219
10.210000	0.000000	0.001201
10.220000	0.000000	0.001184
10.230000	0.000000	0.001167
10.240000	0.000000	0.001150
10.250000	0.000000	0.001134
10.260000	0.000000	0.001118
10.270000	0.000000	0.001101
10.280000	0.000000	0.001085
10.290000	0.000000	0.001068
10.300000	0.000000	0.001052
10.310000	0.000000	0.001037
10.320000	0.000000	0.001021
10.330000	0.000000	0.001005
10.340000	0.000000	0.000989
10.350000	0.000000	0.000974
10.360000	0.000000	0.000960
10.370000	0.000000	0.000946
10.380000	0.000000	0.000933
10.390000	0.000000	0.000921
10.400000	0.000000	0.000908
10.410000	0.000000	0.000895
10.420000	0.000000	0.000883
10.430000	0.000000	0.000870
10.440000	0.000000	0.000858
10.450000	0.000000	0.000845
10.460000	0.000000	0.000833
10.470000	0.000000	0.000821
10.480000	0.000000	0.000809
10.490000	0.000000	0.000798
10.500000	0.000000	0.000786
10.510000	0.000000	0.000774
10.520000	0.000000	0.000763
10.530000	0.000000	0.000752
10.540000	0.000000	0.000741
10.550000	0.000000	0.000730
10.560000	0.000000	0.000719
10.570000	0.000000	0.000708
10.580000	0.000000	0.000698
10.590000	0.000000	0.000687
10.600000	0.000000	0.000677
10.610000	0.000000	0.000666
10.620000	0.000000	0.000656
10.630000	0.000000	0.000647
10.640000	0.000000	0.000638
10.650000	0.000000	0.000629
10.660000	0.000000	0.000620
10.670000	0.000000	0.000612
10.680000	0.000000	0.000603
10.690000	0.000000	0.000595
10.700000	0.000000	0.000586
10.710000	0.000000	0.000578
10.720000	0.000000	0.000570
10.730000	0.000000	0.000562
10.740000	0.000000	0.000554
10.750000	0.000000	0.000546
10.760000	0.000000	0.000538
10.770000	0.000000	0.000530
10.780000	0.000000	0.000522
10.790000	0.000000	0.000514
10.800000	0.000000	0.000507
10.810000	0.000000	0.000499
10.820000	0.000000	0.000492
10.830000	0.000000	0.000485
10.840000	0.000000	0.000477
10.850000	0.000000	0.000470
10.860000	0.000000	0.000463
10.870000	0.000000	0.000456
10.880000	0.000000	0.000449
10.890000	0.000000	0.000442
10.900000	0.000000	0.000436
10.910000	0.000000	0.000430
10.920000	0.000000	0.000424
10.930000	0.000000	0.000418
10.940000	0.000000	0.000412
10.950000	0.000000	0.000407
10.960000	0.000000	0.000401
10.970000	0.000000	0.000395
10.980000	0.000000	0.000390
10.990000	0.000000	0.000385
11.000000	0.000000	0.000379
11.010000	0.000000	0.000373
11.020000	0.000000	0.000368
11.030000	0.000000	0.000363
11.040000	0.000000	0.000357
11.050000	0.000000	0.000352
11.060000	0.000000	0.000347
11.070000	0.000000	0.000342
11.080000	0.000000	0.000337
11.090000	0.000000	0.000332
11.100000	0.000000	0.000327
11.110000	0.000000	0.000322
11.120000	0.000000	0.000317
11.130000	0.000000	0.000312
11.140000	0.000000	0.000308
11.150000	0.000000	0.000303
11.160000	0.000000	0.000298
11.170000	0.000000	0.000294
11.180000	0.000000	0.000290
11.190000	0.000000	0.000286
11.200000	0.000000	0.000282
11.210000	0.000000	0.000278
11.220000	0.000000	0.000274
11.230000	0.000000	0.000270
11.240000	0.000000	0.000267
11.250000	0.000000	0.000263
11.260000	0.000000	0.000259
11.270000	0.000000	0.000256
11.280000	0.000000	0.000252
11.290000	0.000000	0.000248
11.300000	0.000000	0.000245
11.310000	0.000000	0.000241
11.320000	0.000000	0.000238
11.330000	0.000000	0.000234
11.340000	0.000000	0.000231
11.350000	0.000000	0.000227
11.360000	0.000000	0.000224
11.370000	0.000000	0.000220
11.380000	0.000000	0.000217
11.390000	0.000000	0.000214
11.400000	0.000000	0.000211
11.410000	0.000000	0.000208
11.420000	0.000000	0.000204
11.430000	0.000000	0.000201
11.440000	0.000000	0.000198
11.450000	0.000000	0.000195
11.460000	0.000000	0.000193
11.470000	0.000000	0.000190
11.480000	0.000000	0.000188
11.490000	0.000000	0.000185
11.500000	0.000000	0.000183
11.510000	0.000000	0.000180
11.520000	0.000000	0.000177
11.530000	0.000000	0.000175
11.540000	0.000000	0.000173
11.550000	0.000000	0.000170
11.560000	0.000000	0.000168
11.570000	0.000000	0.000165
11.580000	0.000000	0.000163
11.590000	0.000000	0.000161
11.600000	0.000000	0.000158
11.610000	0.000000	0.000156
11.620000	0.000000	0.000154
11.630000	0.000000	0.000151
11.640000	0.000000	0.000149
11.650000	0.000000	0.000147
11.660000	0.000000	0.000144
11.670000	0.000000	0.000142
11.680000	0.000000	0.000140
11.690000	0.000000	0.000138
11.700000	0.000000	0.000136
11.710000	0.000000	0.000134
11.720000	0.000000	0.000132
11.730000	0.000000	0.000130
11.740000	0.000000	0.000128
11.750000	0.000000	0.000127
11.760000	0.000000	0.000125
11.770000	0.000000	0.000123
11.780000	0.000000	0.000122
11.790000	0.000000	0.000120
11.800000	0.000000	0.000118
11.810000	0.000000	0.000117
11.820000	0.000000	0.000115
11.830000	0.000000	0.000113
11.840000	0.000000	0.000112
11.850000	0.000000	0.000110
11.860000	0.000000	0.000109
11.870000	0.000000	0.000107
11.880000	0.000000	0.000105
11.890000	0.000000	0.000104
11.900000	0.000000	0.000102
11.910000	0.000000	0.000101
11.920000	0.000000	0.000099
11.930000	0.000000	0.000098
11.940000	0.000000	0.000096
11.950000	0.000000	0.000095
11.960000	0.000000	0.000093
11.970000	0.000000	0.000092
11.980000	0.000000	0.000090
11.990000	0.000000	0.000089
12.000000	0.000000	0.000088
12.010000	0.000000	0.000087
12.020000	0.000000	0.000085
12.030000	0.000000	0.000084
12.040000	0.000000	0.000083
12.050000	0.000000	0.000082
12.060000	0.000000	0.000081
12.070000	0.000000	0.000080
12.080000	0.000000	0.000079
12.090000	0.000000	0.000078
12.100000	0.000000	0.000077
12.110000	0.000000	0.000076
12.120000	0.000000	0.000074
12.130000	0.000000	0.000073
12.140000	0.000000	0.000072
12.150000	0.000000	0.000071
12.160000	0.000000	0.000070
12.170000	0.000000	0.000069
12.180000	0.000000	0.000068
12.190000	0.000000	0.000067
12.200000	0.000000	0.000066
12.210000	0.000000	0.000065
12.220000	0.000000	0.000064
12.230000	0.000000	0.000063
12.240000	0.000000	0.000062
12.250000	0.000000	0.000061
12.260000	0.000000	0.000060
12.270000	0.000000	0.000059
12.280000	0.000000	0.000059
12.290000	0.000000	0.000058
12.300000	0.000000	0.000057
12.310000	0.000000	0.000056
12.320000	0.000000	0.000056
12.330000	0.000000	0.000055
12.340000	0.000000	0.000054
12.350000	0.000000	0.000053
12.360000	0.000000	0.000053
12.370000	0.000000	0.000052
12.380000	0.000000	0.000051
12.390000	0.000000	0.000050
12.400000	0.000000	0.000050
12.410000	0.000000	0.000049
12.420000	0.000000	0.000048
12.430000	0.000000	0.000048
12.440000	0.000000	0.000047
12.450000	0.000000	0.000046
12.460000	0.000000	0.000045
12.470000	0.000000	0.000045
12.480000	0.000000	0.000044
12.490000	0.000000	0.000043
12.500000	0.000000	0.000043
12.510000	0.000000	0.000042
12.520000	0.000000	0.000041
12.530000	0.000000	0.000041
12.540000	0.000000	0.000040
12.550000	0.000000	0.000040
12.560000	0.000000	0.000039
12.570000	0.000000	0.000039
12.580000	0.000000	0.000038
12.590000	0.000000	0.000038
12.600000	0.000000	0.000037
12.610000	0.000000	0.000037
12.620000	0.000000	0.000036
12.630000	0.000000	0.000036
12.640000	0.000000	0.000035
12.650000	0.000000	0.000035
12.660000	0.000000	0.000034
12.670000	0.000000	0.000034
12.680000	0.000000	0.000033
12.690000	0.000000	0.000033
12.700000	0.000000	0.000032
12.710000	0.000000	0.000032
12.720000	0.000000	0.000031
12.730000	0.000000	0.000031
12.740000	0.000000	0.000030
12.750000	0.000000	0.000030
12.760000	0.000000	0.000029
12.770000	0.000000	0.000029
12.780000	0.000000	0.000028
12.790000	0.000000	0.000028
12.800000	0.000000	0.000028
12.810000	0.000000	0.000027
12.820000	0.000000	0.000027
12.830000	0.000000	0.000026
12.840000	0.000000	0.000026
12.850000	0.000000	0.000026
12.860000	0.000000	0.000025
12.870000	0.000000	0.000025
12.880000	0.000000	0.000025
12.890000	0.000000	0.000024
12.900000	0.000000	0.000024
12.910000	0.000000	0.000024
12.920000	0.000000	0.000023
12.930000	0.000000	0.000023
12.940000	0.000000	0.000023
12.950000	0.000000	0.000022
12.960000	0.000000	0.000022
12.970000	0.000000	0.000022
12.980000	0.000000	0.000021
12.990000	0.000000	0.000021
13.000000	0.000000	0.000021
13.010000	0.000000	0.000021
13.020000	0.000000	0.000020
13.030000	0.000000	0.000020
13.040000	0.000000	0.000020
13.050000	0.000000	0.000019
13.060000	0.000000	0.000019
13.070000	0.000000	0.000019
13.080000	0.000000	0.000018
13.090000	0.000000	0.000018
13.100000	0.000000	0.000018
13.110000	0.000000	0.000018
13.120000	0.000000	0.000017
13.130000	0.000000	0.000017
13.140000	0.000000	0.000017
13.150000	0.000000	0.000017
13.160000	0.000000	0.000017
13.170000	0.000000	0.000016
13.180000	0.000000	0.000016
13.190000	0.000000	0.000016
13.200000	0.000000	0.000016
13.210000	0.000000	0.000015
13.220000	0.000000	0.000015
13.230000	0.000000	0.000015
13.240000	0.000000	0.000015
13.250000	0.000000	0.000015
13.260000	0.000000	0.000014
13.270000	0.000000	0.000014
13.280000	0.000000	0.000014
13.290000	0.000000	0.000014
13.300000	0.000000	0.000014
13.310000	0.000000	0.000013
13.320000	0.000000	0.000013
13.330000	0.000000	0.000013
13.340000	0.000000	0.000013
13.350000	0.000000	0.000013
13.360000	0.000000	0.000012
13.370000	0.000000	0.000012
13.380000	0.000000	0.000012
13.390000	0.000000	0.000012
13.400000	0.000000	0.000012
13.410000	0.000000	0.000011
13.420000	0.000000	0.000011
13.430000	0.000000	0.000011
13.440000	0.000000	0.000011
13.450000	0.000000	0.000011
13.460000	0.000000	0.000011
13.470000	0.000000	0.000011
13.480000	0.000000	0.000010
13.490000	0.000000	0.000010
13.500000	0.000000	0.000010
13.510000	0.000000	0.000010
13.520000	0.000000	0.000010
13.530000	0.000000	0.000010
13.540000	0.000000	0.000010
13.550000	0.000000	0.000009
13.560000	0.000000	0.000009
13.570000	0.000000	0.000009
13.580000	0.000000	0.000009
13.590000	0.000000	0.000009
13.600000	0.000000	0.000009
13.610000	0.000000	0.000009
13.620000	0.000000	0.000008
13.630000	0.000000	0.000008
13.640000	0.000000	0.000008
13.650000	0.000000	0.000008
13.660000	0.000000	0.000008
13.670000	0.000000	0.000008
13.680000	0.000000	0.000008
13.690000	0.000000	0.000008
13.700000	0.000000	0.000008
13.710000	0.000000	0.000007
13.720000	0.000000	0.000007
13.730000	0.000000	0.000007
13.740000	0.000000	0.000007
13.750000	0.000000	0.000007
13.760000	0.000000	0.000007
13.770000	0.000000	0.000007
13.780000	0.000000	0.000007
13.790000	0.000000	0.000007
13.800000	0.000000	0.000007
13.810000	0.000000	0.000006
13.820000	0.000000	0.000006
13.830000	0.000000	0.000006
13.840000	0.000000	0.000006
13.850000	0.000000	0.000006
13.860000	0.000000	0.000006
13.870000	0.000000	0.000006
13.880000	0.000000	0.000006
13.890000	0.000000	0.000006
13.900000	0.000000	0.000006
13.910000	0.000000	0.000006
13.920000	0.000000	0.000006
13.930000	0.000000	0.000005
13.940000	0.000000	0.000005
13.950000	0.000000	0.000005
13.960000	0.000000	0.000005
13.970000	0.000000	0.000005
13.980000	0.000000	0.000005
13.990000	0.000000	0.000005
14.000000	0.000000	0.000005
14.010000	0.000000	0.000005
14.020000	0.000000	0.000005
14.030000	0.000000	0.000005
14.040000	0.000000	0.000005
14.050000	0.000000	0.000005
14.060000	0.000000	0.000005
14.070000	0.000000	0.000004
14.080000	0.000000	0.000004
14.090000	0.000000	0.000004
14.100000	0.000000	0.000004
14.110000	0.000000	0.000004
14.120000	0.000000	0.000004
14.130000	0.000000	0.000004
14.140000	0.000000	0.000004
14.150000	0.000000	0.000004
14.160000	0.000000	0.000004
14.170000	0.000000	0.000004
14.180000	0.000000	0.000004
14.190000	0.000000	0.000004
14.200000	0.000000	0.000004
14.210000	0.000000	0.000004
14.220000	0.000000	0.000004
14.230000	0.000000	0.000004
14.240000	0.000000	0.000003
14.250000	0.000000	0.000003
14.260000	0.000000	0.000003
14.270000	0.000000	0.000003
14.280000	0.000000	0.000003
14.290000	0.000000	0.000003
14.300000	0.000000	0.000003
14.310000	0.000000	0.000003
14.320000	0.000000	0.000003
14.330000	0.000000	0.000003
14.340000	0.000000	0.000003
14.350000	0.000000	0.000003
14.360000	0.000000	0.000003
14.370000	0.000000	0.000003
14.380000	0.000000	0.000003
14.390000	0.000000	0.000003
14.400000	0.000000	0.000003
14.410000	0.000000	0.000003
14.420000	0.000000	0.000003
14.430000	0.000000	0.000003
14.440000	0.000000	0.000003
14.450000	0.000000	0.000003
14.460000	0.000000	0.000003
14.470000	0.000000	0.000003
14.480000	0.000000	0.000002
14.490000	0.000000	0.000002
14.500000	0.000000	0.000002
14.510000	0.000000	0.000002
14.520000	0.000000	0.000002
14.530000	0.000000	0.000002
14.540000	0.000000	0.000002
14.550000	0.000000	0.000002
14.560000	0.000000	0.000002
14.570000	0.000000	0.000002
14.580000	0.000000	0.000002
14.590000	0.000000	0.000002
14.600000	0.000000	0.000002
14.610000	0.000000	0.000002
14.620000	0.000000	0.000002
14.630000	0.000000	0.000002
14.640000	0.000000	0.000002
14.650000	0.000000	0.000002
14.660000	0.000000	0.000002
14.670000	0.000000	0.000002
14.680000	0.000000	0.000002
14.690000	0.000000	0.000002
14.700000	0.000000	0.000002
14.710000	0.000000	0.000002
14.720000	0.000000	0.000002
14.730000	0.000000	0.000002
14.740000	0.000000	0.000002
14.750000	0.000000	0.000002
14.760000	0.000000	0.000002
14.770000	0.000000	0.000002
14.780000	0.000000	0.000002
14.790000	0.000000	0.000002
14.800000	0.000000	0.000002
14.810000	0.000000	0.000002
14.820000	0.000000	0.000002
14.830000	0.000000	0.000002
14.840000	0.000000	0.000001
14.850000	0.000000	0.000001
14.860000	0.000000	0.000001
14.870000	0.000000	0.000001
14.880000	0.000000	0.000001
14.890000	0.000000	0.000001
14.900000	0.000000	0.000001
14.910000	0.000000	0.000001
14.920000	0.000000	0.000001
14.930000	0.000000	0.000001
14.940000	0.000000	0.000001
14.950000	0.000000	0.000001
14.960000	0.000000	0.000001
14.970000	0.000000	0.000001
14.980000	0.000000	0.000001
14.990000	0.000000	0.000001
15.000000	0.000000	0.000001
15.010000	0.000000	0.000001
15.020000	0.000000	0.000001
15.030000	0.000000	0.000001
15.040000	0.000000	0.000001
15.050000	0.000000	0.000001
15.060000	0.000000	0.000001
15.070000	0.000000	0.000001
15.080000	0.000000	0.000001
15.090000	0.000000	0.000001
15.100000	0.000000	0.000001
15.110000	0.000000	0.000001
15.120000	0.000000	9.9e-07
15.130000	0.000000	9.8e-07
15.140000	0.000000	9.7e-07
15.150000	0.000000	9.5e-07
15.160000	0.000000	9.4e-07
15.170000	0.000000	9.3e-07
15.180000	0.000000	9.1e-07
15.190000	0.000000	9.0e-07
15.200000	0.000000	8.9e-07
15.210000	0.000000	8.7e-07
15.220000	0.000000	8.6e-07
15.230000	0.000000	8.5e-07
15.240000	0.000000	8.4e-07
15.250000	0.000000	8.2e-07
15.260000	0.000000	8.1e-07
15.270000	0.000000	8.0e-07
15.280000	0.000000	7.9e-07
15.290000	0.000000	7.8e-07
15.300000	0.000000	7.7e-07
15.310000	0.000000	7.6e-07
15.320000	0.000000	7.5e-07
15.330000	0.000000	7.4e-07
15.340000	0.000000	7.3e-07
15.350000	0.000000	7.2e-07
15.360000	0.000000	7.1e-07
15.370000	0.000000	7.0e-07
15.380000	0.000000	6.9e-07
15.390000	0.000000	6.8e-07
15.400000	0.000000	6.7e-07
15.410000	0.000000	6.6e-07
15.420000	0.000000	6.5e-07
15.430000	0.000000	6.4e-07
15.440000	0.000000	6.3e-07
15.450000	0.000000	6.2e-07
15.460000	0.000000	6.1e-07
15.470000	0.000000	6.0e-07
15.480000	0.000000	5.9e-07
15.490000	0.000000	5.9e-07
15.500000	0.000000	5.8e-07
15.510000	0.000000	5.7e-07
15.520000	0.000000	5.6e-07
15.530000	0.000000	5.5e-07
15.540000	0.000000	5.4e-07
15.550000	0.000000	5.4e-07
15.560000	0.000000	5.3e-07
15.570000	0.000000	5.2e-07
15.580000	0.000000	5.1e-07
15.590000	0.000000	5.1e-07
15.600000	0.000000	5.0e-07
15.610000	0.000000	4.9e-07
15.620000	0.000000	4.9e-07
15.630000	0.000000	4.8e-07
15.640000	0.000000	4.7e-07
15.650000	0.000000	4.7e-07
15.660000	0.000000	4.6e-07
15.670000	0.000000	4.5e-07
15.680000	0.000000	4.5e-07
15.690000	0.000000	4.4e-07
15.700000	0.000000	4.3e-07
15.710000	0.000000	4.3e-07
15.720000	0.000000	4.2e-07
15.730000	0.000000	4.2e-07
15.740000	0.000000	4.1e-07
15.750000	0.000000	4.0e-07
15.760000	0.000000	4.0e-07
15.770000	0.000000	3.9e-07
15.780000	0.000000	3.9e-07
15.790000	0.000000	3.8e-07
15.800000	0.000000	3.8e-07
15.810000	0.000000	3.7e-07
15.820000	0.000000	3.6e-07
15.830000	0.000000	3.6e-07
15.840000	0.000000	3.5e-07
15.850000	0.000000	3.5e-07
15.860000	0.000000	3.5e-07
15.870000	0.000000	3.4e-07
15.880000	0.000000	3.4e-07
15.890000	0.000000	3.3e-07
15.900000	0.000000	3.3e-07
15.910000	0.000000	3.2e-07
15.920000	0.000000	3.2e-07
15.930000	0.000000	3.1e-07
15.940000	0.000000	3.1e-07
15.950000	0.000000	3.0e-07
15.960000	0.000000	3.0e-07
15.970000	0.000000	3.0e-07
15.980000	0.000000	2.9e-07
15.990000	0.000000	2.9e-07
16.000000	0.000000	2.8e-07
16.010000	0.000000	2.8e-07
16.020000	0.000000	2.7e-07
16.030000	0.000000	2.7e-07
16.040000	0.000000	2.7e-07
16.050000	0.000000	2.6e-07
16.060000	0.000000	2.6e-07
16.070000	0.000000	2.6e-07
16.080000	0.000000	2.5e-07
16.090000	0.000000	2.5e-07
16.100000	0.000000	2.4e-07
16.110000	0.000000	2.4e-07
16.120000	0.000000	2.4e-07
16.130000	0.000000	2.3e-07
16.140000	0.000000	2.3e-07
16.150000	0.000000	2.3e-07
16.160000	0.000000	2.3e-07
16.170000	0.000000	2.2e-07
16.180000	0.000000	2.2e-07
16.190000	0.000000	2.2e-07
16.200000	0.000000	2.1e-07
16.210000	0.000000	2.1e-07
16.220000	0.000000	2.1e-07
16.230000	0.000000	2.0e-07
16.240000	0.000000	2.0e-07
16.250000	0.000000	2.0e-07
16.260000	0.000000	2.0e-07
16.270000	0.000000	1.9e-07
16.280000	0.000000	1.9e-07
16.290000	0.000000	1.9e-07
16.300000	0.000000	1.8e-07
16.310000	0.000000	1.8e-07
16.320000	0.000000	1.8e-07
16.330000	0.000000	1.8e-07
16.340000	0.000000	1.7e-07
16.350000	0.000000	1.7e-07
16.360000	0.000000	1.7e-07
16.370000	0.000000	1.7e-07
16.380000	0.000000	1.6e-07
16.390000	0.000000	1.6e-07
16.400000	0.000000	1.6e-07
16.410000	0.000000	1.6e-07
16.420000	0.000000	1.6e-07
16.430000	0.000000	1.5e-07
16.440000	0.000000	1.5e-07
16.450000	0.000000	1.5e-07
16.460000	0.000000	1.5e-07
16.470000	0.000000	1.5e-07
16.480000	0.000000	1.4e-07
16.490000	0.000000	1.4e-07
16.500000	0.000000	1.4e-07
16.510000	0.000000	1.4e-07
16.520000	0.000000	1.4e-07
16.530000	0.000000	1.3e-07
16.540000	0.000000	1.3e-07
16.550000	0.000000	1.3e-07
16.560000	0.000000	1.3e-07
16.570000	0.000000	1.3e-07
16.580000	0.000000	1.2e-07
16.590000	0.000000	1.2e-07
16.600000	0.000000	1.2e-07
16.610000	0.000000	1.2e-07
16.620000	0.000000	1.2e-07
16.630000	0.000000	1.2e-07
16.640000	0.000000	1.1e-07
16.650000	0.000000	1.1e-07
16.660000	0.000000	1.1e-07
16.670000	0.000000	1.1e-07
16.680000	0.000000	1.1e-07
16.690000	0.000000	1.1e-07
16.700000	0.000000	1.0e-07
16.710000	0.000000	1.0e-07
16.720000	0.000000	1.0e-07
16.730000	0.000000	1.0e-07
16.740000	0.000000	9.9e-08
16.750000	0.000000	9.8e-08
16.760000	0.000000	9.6e-08
16.770000	0.000000	9.5e-08
16.780000	0.000000	9.4e-08
16.790000	0.000000	9.2e-08
16.800000	0.000000	9.1e-08
16.810000	0.000000	9.0e-08
16.820000	0.000000	8.8e-08
16.830000	0.000000	8.7e-08
16.840000	0.000000	8.6e-08
16.850000	0.000000	8.5e-08
16.860000	0.000000	8.3e-08
16.870000	0.000000	8.2e-08
16.880000	0.000000	8.1e-08
16.890000	0.000000	8.0e-08
16.900000	0.000000	7.9e-08
16.910000	0.000000	7.7e-08
16.920000	0.000000	7.6e-08
16.930000	0.000000	7.5e-08
16.940000	0.000000	7.4e-08
16.950000	0.000000	7.3e-08
16.960000	0.000000	7.2e-08
16.970000	0.000000	7.1e-08
16.980000	0.000000	7.0e-08
16.990000	0.000000	6.9e-08
17.000000	0.000000	6.8e-08
17.010000	0.000000	6.8e-08
17.020000	0.000000	6.7e-08
17.030000	0.000000	6.6e-08
17.040000	0.000000	6.5e-08
17.050000	0.000000	6.4e-08
17.060000	0.000000	6.3e-08
17.070000	0.000000	6.2e-08
17.080000	0.000000	6.1e-08
17.090000	0.000000	6.0e-08
17.100000	0.000000	5.9e-08
17.110000	0.000000	5.9e-08
17.120000	0.000000	5.8e-08
17.130000	0.000000	5.7e-08
17.140000	0.000000	5.6e-08
17.150000	0.000000	5.5e-08
17.160000	0.000000	5.4e-08
17.170000	0.000000	5.4e-08
17.180000	0.000000	5.3e-08
17.190000	0.000000	5.2e-08
17.200000	0.000000	5.1e-08
17.210000	0.000000	5.1e-08
17.220000	0.000000	5.0e-08
17.230000	0.000000	4.9e-08
17.240000	0.000000	4.9e-08
17.250000	0.000000	4.8e-08
17.260000	0.000000	4.7e-08
17.270000	0.000000	4.7e-08
17.280000	0.000000	4.6e-08
17.290000	0.000000	4.5e-08
17.300000	0.000000	4.5e-08
17.310000	0.000000	4.4e-08
17.320000	0.000000	4.4e-08
17.330000	0.000000	4.3e-08
17.340000	0.000000	4.2e-08
17.350000	0.000000	4.2e-08
17.360000	0.000000	4.1e-08
17.370000	0.000000	4.1e-08
17.380000	0.000000	4.0e-08
17.390000	0.000000	3.9e-08
17.400000	0.000000	3.9e-08
17.410000	0.000000	3.8e-08
17.420000	0.000000	3.8e-08
17.430000	0.000000	3.7e-08
17.440000	0.000000	3.7e-08
17.450000	0.000000	3.6e-08
17.460000	0.000000	3.6e-08
17.470000	0.000000	3.5e-08
17.480000	0.000000	3.4e-08
17.490000	0.000000	3.4e-08
17.500000	0.000000	3.4e-08
17.510000	0.000000	3.3e-08
17.520000	0.000000	3.3e-08
17.530000	0.000000	3.2e-08
17.540000	0.000000	3.2e-08
17.550000	0.000000	3.1e-08
17.560000	0.000000	3.1e-08
17.570000	0.000000	3.1e-08
17.580000	0.000000	3.0e-08
17.590000	0.000000	3.0e-08
17.600000	0.000000	2.9e-08
17.610000	0.000000	2.9e-08
17.620000	0.000000	2.9e-08
17.630000	0.000000	2.8e-08
17.640000	0.000000	2.8e-08
17.650000	0.000000	2.7e-08
17.660000	0.000000	2.7e-08
17.670000	0.000000	2.7e-08
17.680000	0.000000	2.6e-08
17.690000	0.000000	2.6e-08
17.700000	0.000000	2.5e-08
17.710000	0.000000	2.5e-08
17.720000	0.000000	2.5e-08
17.730000	0.000000	2.4e-08
17.740000	0.000000	2.4e-08
17.750000	0.000000	2.4e-08
17.760000	0.000000	2.3e-08
17.770000	0.000000	2.3e-08
17.780000	0.000000	2.3e-08
17.790000	0.000000	2.2e-08
17.800000	0.000000	2.2e-08
17.810000	0.000000	2.2e-08
17.820000	0.000000	2.1e-08
17.830000	0.000000	2.1e-08
17.840000	0.000000	2.1e-08
17.850000	0.000000	2.1e-08
17.860000	0.000000	2.0e-08
17.870000	0.000000	2.0e-08
17.880000	0.000000	2.0e-08
17.890000	0.000000	1.9e-08
17.900000	0.000000	1.9e-08
17.910000	0.000000	1.9e-08
17.920000	0.000000	1.9e-08
17.930000	0.000000	1.8e-08
17.940000	0.000000	1.8e-08
17.950000	0.000000	1.8e-08
17.960000	0.000000	1.8e-08
17.970000	0.000000	1.7e-08
17.980000	0.000000	1.7e-08
17.990000	0.000000	1.7e-08
18.000000	0.000000	1.7e-08
18.010000	0.000000	1.6e-08
18.020000	0.000000	1.6e-08
18.030000	0.000000	1.6e-08
18.040000	0.000000	1.6e-08
18.050000	0.000000	1.5e-08
18.060000	0.000000	1.5e-08
18.070000	0.000000	1.5e-08
18.080000	0.000000	1.5e-08
18.090000	0.000000	1.5e-08
18.100000	0.000000	1.4e-08
18.110000	0.000000	1.4e-08
18.120000	0.000000	1.4e-08
18.130000	0.000000	1.4e-08
18.140000	0.000000	1.4e-08
18.150000	0.000000	1.3e-08
18.160000	0.000000	1.3e-08
18.170000	0.000000	1.3e-08
18.180000	0.000000	1.3e-08
18.190000	0.000000	1.3e-08
18.200000	0.000000	1.3e-08
18.210000	0.000000	1.2e-08
18.220000	0.000000	1.2e-08
18.230000	0.000000	1.2e-08
18.240000	0.000000	1.2e-08
18.250000	0.000000	1.2e-08
18.260000	0.000000	1.2e-08
18.270000	0.000000	1.1e-08
18.280000	0.000000	1.1e-08
18.290000	0.000000	1.1e-08
18.300000	0.000000	1.1e-08
18.310000	0.000000	1.1e-08
18.320000	0.000000	1.1e-08
18.330000	0.000000	1.0e-08
18.340000	0.000000	1.0e-08
18.350000	0.000000	1.0e-08
18.360000	0.000000	9.9e-09
18.370000	0.000000	9.8e-09
18.380000	0.000000	9.7e-09
18.390000	0.000000	9.6e-09
18.400000	0.000000	9.4e-09
18.410000	0.000000	9.3e-09
18.420000	0.000000	9.2e-09
18.430000	0.000000	9.1e-09
18.440000	0.000000	8.9e-09
18.450000	0.000000	8.8e-09
18.460000	0.000000	8.7e-09
18.470000	0.000000	8.6e-09
18.480000	0.000000	8.5e-09
18.490000	0.000000	8.3e-09
18.500000	0.000000	8.2e-09
18.510000	0.000000	8.1e-09
18.520000	0.000000	8.0e-09
18.530000	0.000000	7.9e-09
18.540000	0.000000	7.8e-09
18.550000	0.000000	7.7e-09
18.560000	0.000000	7.5e-09
18.570000	0.000000	7.4e-09
18.580000	0.000000	7.3e-09
18.590000	0.000000	7.2e-09
18.600000	0.000000	7.1e-09
18.610000	0.000000	7.0e-09
18.620000	0.000000	6.9e-09
18.630000	0.000000	6.8e-09
18.640000	0.000000	6.7e-09
18.650000	0.000000	6.6e-09
18.660000	0.000000	6.5e-09
18.670000	0.000000	6.4e-09
18.680000	0.000000	6.3e-09
18.690000	0.000000	6.3e-09
18.700000	0.000000	6.2e-09
18.710000	0.000000	6.1e-09
18.720000	0.000000	6.0e-09
18.730000	0.000000	5.9e-09
18.740000	0.000000	5.9e-09
18.750000	0.000000	5.8e-09
18.760000	0.000000	5.7e-09
18.770000	0.000000	5.6e-09
18.780000	0.000000	5.5e-09
18.790000	0.000000	5.5e-09
18.800000	0.000000	5.4e-09
18.810000	0.000000	5.3e-09
18.820000	0.000000	5.2e-09
18.830000	0.000000	5.2e-09
18.840000	0.000000	5.1e-09
18.850000	0.000000	5.0e-09
18.860000	0.000000	4.9e-09
18.870000	0.000000	4.9e-09
18.880000	0.000000	4.8e-09
18.890000	0.000000	4.7e-09
18.900000	0.000000	4.6e-09
18.910000	0.000000	4.6e-09
18.920000	0.000000	4.5e-09
18.930000	0.000000	4.5e-09
18.940000	0.000000	4.4e-09
18.950000	0.000000	4.3e-09
18.960000	0.000000	4.3e-09
18.970000	0.000000	4.2e-09
18.980000	0.000000	4.2e-09
18.990000	0.000000	4.1e-09
19.000000	0.000000	4.1e-09
19.010000	0.000000	4.0e-09
19.020000	0.000000	3.9e-09
19.030000	0.000000	3.9e-09
19.040000	0.000000	3.8e-09
19.050000	0.000000	3.8e-09
19.060000	0.000000	3.7e-09
19.070000	0.000000	3.7e-09
19.080000	0.000000	3.6e-09
19.090000	0.000000	3.6e-09
19.100000	0.000000	3.5e-09
19.110000	0.000000	3.5e-09
19.120000	0.000000	3.4e-09
19.130000	0.000000	3.4e-09
19.140000	0.000000	3.3e-09
19.150000	0.000000	3.3e-09
19.160000	0.000000	3.2e-09
19.170000	0.000000	3.2e-09
19.180000	0.000000	3.1e-09
19.190000	0.000000	3.1e-09
19.200000	0.000000	3.0e-09
19.210000	0.000000	3.0e-09
19.220000	0.000000	3.0e-09
19.230000	0.000000	2.9e-09
19.240000	0.000000	2.9e-09
19.250000	0.000000	2.8e-09
19.260000	0.000000	2.8e-09
19.270000	0.000000	2.8e-09
19.280000	0.000000	2.7e-09
19.290000	0.000000	2.7e-09
19.300000	0.000000	2.7e-09
19.310000	0.000000	2.6e-09
19.320000	0.000000	2.6e-09
19.330000	0.000000	2.5e-09
19.340000	0.000000	2.5e-09
19.350000	0.000000	2.5e-09
19.360000	0.000000	2.4e-09
19.370000	0.000000	2.4e-09
19.380000	0.000000	2.4e-09
19.390000	0.000000	2.3e-09
19.400000	0.000000	2.3e-09
19.410000	0.000000	2.3e-09
19.420000	0.000000	2.2e-09
19.430000	0.000000	2.2e-09
19.440000	0.000000	2.2e-09
19.450000	0.000000	2.1e-09
19.460000	0.000000	2.1e-09
19.470000	0.000000	2.1e-09
19.480000	0.000000	2.1e-09
19.490000	0.000000	2.0e-09
19.500000	0.000000	2.0e-09
19.510000	0.000000	2.0e-09
19.520000	0.000000	1.9e-09
19.530000	0.000000	1.9e-09
19.540000	0.000000	1.9e-09
19.550000	0.000000	1.9e-09
19.560000	0.000000	1.8e-09
19.570000	0.000000	1.8e-09
19.580000	0.000000	1.8e-09
19.590000	0.000000	1.8e-09
19.600000	0.000000	1.7e-09
19.610000	0.000000	1.7e-09
19.620000	0.000000	1.7e-09
19.630000	0.000000	1.7e-09
19.640000	0.000000	1.6e-09
19.650000	0.000000	1.6e-09
19.660000	0.000000	1.6e-09
19.670000	0.000000	1.6e-09
19.680000	0.000000	1.6e-09
19.690000	0.000000	1.5e-09
19.700000	0.000000	1.5e-09
19.710000	0.000000	1.5e-09
19.720000	0.000000	1.5e-09
19.730000	0.000000	1.4e-09
19.740000	0.000000	1.4e-09
19.750000	0.000000	1.4e-09
19.760000	0.000000	1.4e-09
19.770000	0.000000	1.4e-09
19.780000	0.000000	1.3e-09
19.790000	0.000000	1.3e-09
19.800000	0.000000	1.3e-09
19.810000	0.000000	1.3e-09
19.820000	0.000000	1.3e-09
19.830000	0.000000	1.3e-09
19.840000	0.000000	1.2e-09
19.850000	0.000000	1.2e-09
19.860000	0.000000	1.2e-09
19.870000	0.000000	1.2e-09
19.880000	0.000000	1.2e-09
19.890000	0.000000	1.2e-09
19.900000	0.000000	1.1e-09
19.910000	0.000000	1.1e-09
19.920000	0.000000	1.1e-09
19.930000	0.000000	1.1e-09
19.940000	0.000000	1.1e-09
19.950000	0.000000	1.1e-09
19.960000	0.000000	1.1e-09
19.970000	0.000000	1.0e-09
19.980000	0.000000	1.0e-09
19.990000	0.000000	1.0e-09
20.000000	0.000000	9.9e-10
20.010000	0.000000	9.8e-10
20.020000	0.000000	9.6e-10
20.030000	0.000000	9.5e-10
20.040000	0.000000	9.4e-10
20.050000	0.000000	9.2e-10
20.060000	0.000000	9.1e-10
20.070000	0.000000	9.0e-10
20.080000	0.000000	8.9e-10
20.090000	0.000000	8.7e-10
20.100000	0.000000	8.6e-10
20.110000	0.000000	8.5e-10
20.120000	0.000000	8.4e-10
20.130000	0.000000	8.3e-10
20.140000	0.000000	8.1e-10
20.150000	0.000000	8.0e-10
20.160000	0.000000	7.9e-10
20.170000	0.000000	7.8e-10
20.180000	0.000000	7.7e-10
20.190000	0.000000	7.6e-10
20.200000	0.000000	7.5e-10
20.210000	0.000000	7.4e-10
20.220000	0.000000	7.3e-10
20.230000	0.000000	7.2e-10
20.240000	0.000000	7.1e-10
20.250000	0.000000	7.0e-10
20.260000	0.000000	6.9e-10
20.270000	0.000000	6.8e-10
20.280000	0.000000	6.7e-10
20.290000	0.000000	6.6e-10
20.300000	0.000000	6.5e-10
20.310000	0.000000	6.4e-10
20.320000	0.000000	6.3e-10
20.330000	0.000000	6.2e-10
20.340000	0.000000	6.2e-10
20.350000	0.000000	6.1e-10
20.360000	0.000000	6.0e-10
20.370000	0.000000	5.9e-10
20.380000	0.000000	5.8e-10
20.390000	0.000000	5.7e-10
20.400000	0.000000	5.7e-10
20.410000	0.000000	5.6e-10
20.420000	0.000000	5.5e-10
20.430000	0.000000	5.4e-10
20.440000	0.000000	5.3e-10
20.450000	0.000000	5.3e-10
20.460000	0.000000	5.2e-10
20.470000	0.000000	5.1e-10
20.480000	0.000000	5.1e-10
20.490000	0.000000	5.0e-10
20.500000	0.000000	4.9e-10
20.510000	0.000000	4.9e-10
20.520000	0.000000	4.8e-10
20.530000	0.000000	4.7e-10
20.540000	0.000000	4.7e-10
20.550000	0.000000	4.6e-10
20.560000	0.000000	4.5e-10
20.570000	0.000000	4.5e-10
20.580000	0.000000	4.4e-10
20.590000	0.000000	4.3e-10
20.600000	0.000000	4.3e-10
20.610000	0.000000	4.2e-10
20.620000	0.000000	4.2e-10
20.630000	0.000000	4.1e-10
20.640000	0.000000	4.0e-10
20.650000	0.000000	4.0e-10
20.660000	0.000000	3.9e-10
20.670000	0.000000	3.9e-10
20.680000	0.000000	3.8e-10
20.690000	0.000000	3.8e-10
20.700000	0.000000	3.7e-10
20.710000	0.000000	3.7e-10
20.720000	0.000000	3.6e-10
20.730000	0.000000	3.6e-10
20.740000	0.000000	3.5e-10
20.750000	0.000000	3.5e-10
20.760000	0.000000	3.4e-10
20.770000	0.000000	3.4e-10
20.780000	0.000000	3.3e-10
20.790000	0.000000	3.3e-10
20.800000	0.000000	3.2e-10
20.810000	0.000000	3.2e-10
20.820000	0.000000	3.1e-10
20.830000	0.000000	3.1e-10
20.840000	0.000000	3.1e-10
20.850000	0.000000	3.0e-10
20.860000	0.000000	3.0e-10
20.870000	0.000000	2.9e-10
20.880000	0.000000	2.9e-10
20.890000	0.000000	2.9e-10
20.900000	0.000000	2.8e-10
20.910000	0.000000	2.8e-10
20.920000	0.000000	2.7e-10
20.930000	0.000000	2.7e-10
20.940000	0.000000	2.7e-10
20.950000	0.000000	2.6e-10
20.960000	0.000000	2.6e-10
20.970000	0.000000	2.5e-10
20.980000	0.000000	2.5e-10
20.990000	0.000000	2.5e-10
21.000000	0.000000	2.4e-10
21.010000	0.000000	2.4e-10
21.020000	0.000000	2.4e-10
21.030000	0.000000	2.3e-10
21.040000	0.000000	2.3e-10
21.050000	0.000000	2.3e-10
21.060000	0.000000	2.2e-10
21.070000	0.000000	2.2e-10
21.080000	0.000000	2.2e-10
21.090000	0.000000	2.2e-10
21.100000	0.000000	2.1e-10
21.110000	0.000000	2.1e-10
21.120000	0.000000	2.1e-10
21.130000	0.000000	2.0e-10
21.140000	0.000000	2.0e-10
21.150000	0.000000	2.0e-10
21.160000	0.000000	2.0e-10
21.170000	0.000000	1.9e-10
21.180000	0.000000	1.9e-10
21.190000	0.000000	1.9e-10
21.200000	0.000000	1.9e-10
21.210000	0.000000	1.8e-10
21.220000	0.000000	1.8e-10
21.230000	0.000000	1.8e-10
21.240000	0.000000	1.7e-10
21.250000	0.000000	1.7e-10
21.260000	0.000000	1.7e-10
21.270000	0.000000	1.7e-10
21.280000	0.000000	1.6e-10
21.290000	0.000000	1.6e-10
21.300000	0.000000	1.6e-10
21.310000	0.000000	1.6e-10
21.320000	0.000000	1.6e-10
21.330000	0.000000	1.5e-10
21.340000	0.000000	1.5e-10
21.350000	0.000000	1.5e-10
21.360000	0.000000	1.5e-10
21.370000	0.000000	1.5e-10
21.380000	0.000000	1.4e-10
21.390000	0.000000	1.4e-10
21.400000	0.000000	1.4e-10
21.410000	0.000000	1.4e-10
21.420000	0.000000	1.4e-10
21.430000	0.000000	1.3e-10
21.440000	0.000000	1.3e-10
21.450000	0.000000	1.3e-10
21.460000	0.000000	1.3e-10
21.470000	0.000000	1.3e-10
21.480000	0.000000	1.3e-10
21.490000	0.000000	1.2e-10
21.500000	0.000000	1.2e-10
21.510000	0.000000	1.2e-10
21.520000	0.000000	1.2e-10
21.530000	0.000000	1.2e-10
21.540000	0.000000	1.1e-10
21.550000	0.000000	1.1e-10
21.560000	0.000000	1.1e-10
21.570000	0.000000	1.1e-10
21.580000	0.000000	1.1e-10
21.590000	0.000000	1.1e-10
21.600000	0.000000	1.1e-10
21.610000	0.000000	1.0e-10
21.620000	0.000000	1.0e-10
21.630000	0.000000	1.0e-10
21.640000	0.000000	1.0e-10
21.650000	0.000000	9.8e-11
21.660000	0.000000	9.7e-11
21.670000	0.000000	9.5e-11
21.680000	0.000000	9.4e-11
21.690000	0.000000	9.3e-11
21.700000	0.000000	9.2e-11
21.710000	0.000000	9.1e-11
21.720000	0.000000	8.9e-11
21.730000	0.000000	8.8e-11
21.740000	0.000000	8.7e-11
21.750000	0.000000	8.6e-11
21.760000	0.000000	8.5e-11
21.770000	0.000000	8.3e-11
21.780000	0.000000	8.2e-11
21.790000	0.000000	8.1e-11
21.800000	0.000000	8.0e-11
21.810000	0.000000	7.9e-11
21.820000	0.000000	7.8e-11
21.830000	0.000000	7.7e-11
21.840000	0.000000	7.5e-11
21.850000	0.000000	7.4e-11
21.860000	0.000000	7.3e-11
21.870000	0.000000	7.2e-11
21.880000	0.000000	7.1e-11
21.890000	0.000000	7.0e-11
21.900000	0.000000	6.9e-11
21.910000	0.000000	6.8e-11
21.920000	0.000000	6.7e-11
21.930000	0.000000	6.6e-11
21.940000	0.000000	6.5e-11
21.950000	0.000000	6.4e-11
21.960000	0.000000	6.4e-11
21.970000	0.000000	6.3e-11
21.980000	0.000000	6.2e-11
21.990000	0.000000	6.1e-11
22.000000	0.000000	6.0e-11
22.010000	0.000000	6.0e-11
22.020000	0.000000	5.9e-11
22.030000	0.000000	5.8e-11
22.040000	0.000000	5.7e-11
22.050000	0.000000	5.6e-11
22.060000	0.000000	5.6e-11
22.070000	0.000000	5.5e-11
22.080000	0.000000	5.4e-11
22.090000	0.000000	5.3e-11
22.100000	0.000000	5.3e-11
22.110000	0.000000	5.2e-11
22.120000	0.000000	5.1e-11
22.130000	0.000000	5.0e-11
22.140000	0.000000	5.0e-11
22.150000	0.000000	4.9e-11
22.160000	0.000000	4.8e-11
22.170000	0.000000	4.7e-11
22.180000	0.000000	4.7e-11
22.190000	0.000000	4.6e-11
22.200000	0.000000	4.5e-11
22.210000	0.000000	4.5e-11
22.220000	0.000000	4.4e-11
22.230000	0.000000	4.4e-11
22.240000	0.000000	4.3e-11
22.250000	0.000000	4.2e-11
22.260000	0.000000	4.2e-11
22.270000	0.000000	4.1e-11
22.280000	0.000000	4.1e-11
22.290000	0.000000	4.0e-11
22.300000	0.000000	4.0e-11
22.310000	0.000000	3.9e-11
22.320000	0.000000	3.9e-11
22.330000	0.000000	3.8e-11
22.340000	0.000000	3.8e-11
22.350000	0.000000	3.7e-11
22.360000	0.000000	3.7e-11
22.370000	0.000000	3.6e-11
22.380000	0.000000	3.6e-11
22.390000	0.000000	3.5e-11
22.400000	0.000000	3.5e-11
22.410000	0.000000	3.4e-11
22.420000	0.000000	3.4e-11
22.430000	0.000000	3.3e-11
22.440000	0.000000	3.3e-11
22.450000	0.000000	3.2e-11
22.460000	0.000000	3.2e-11
22.470000	0.000000	3.1e-11
22.480000	0.000000	3.1e-11
22.490000	0.000000	3.0e-11
22.500000	0.000000	3.0e-11
22.510000	0.000000	2.9e-11
22.520000	0.000000	2.9e-11
22.530000	0.000000	2.9e-11
22.540000	0.000000	2.8e-11
22.550000	0.000000	2.8e-11
22.560000	0.000000	2.8e-11
22.570000	0.000000	2.7e-11
22.580000	0.000000	2.7e-11
22.590000	0.000000	2.7e-11
22.600000	0.000000	2.6e-11
22.610000	0.000000	2.6e-11
22.620000	0.000000	2.5e-11
22.630000	0.000000	2.5e-11
22.640000	0.000000	2.5e-11
22.650000	0.000000	2.4e-11
22.660000	0.000000	2.4e-11
22.670000	0.000000	2.4e-11
22.680000	0.000000	2.3e-11
22.690000	0.000000	2.3e-11
22.700000	0.000000	2.3e-11
22.710000	0.000000	2.2e-11
22.720000	0.000000	2.2e-11
22.730000	0.000000	2.2e-11
22.740000	0.000000	2.1e-11
22.750000	0.000000	2.1e-11
22.760000	0.000000	2.1e-11
22.770000	0.000000	2.1e-11
22.780000	0.000000	2.0e-11
22.790000	0.000000	2.0e-11
22.800000	0.000000	2.0e-11
22.810000	0.000000	1.9e-11
22.820000	0.000000	1.9e-11
22.830000	0.000000	1.9e-11
22.840000	0.000000	1.9e-11
22.850000	0.000000	1.8e-11
22.860000	0.000000	1.8e-11
22.870000	0.000000	1.8e-11
22.880000	0.000000	1.8e-11
22.890000	0.000000	1.7e-11
22.900000	0.000000	1.7e-11
22.910000	0.000000	1.7e-11
22.920000	0.000000	1.7e-11
22.930000	0.000000	1.6e-11
22.940000	0.000000	1.6e-11
22.950000	0.000000	1.6e-11
22.960000	0.000000	1.5e-11
22.970000	0.000000	1.5e-11
22.980000	0.000000	1.5e-11
22.990000	0.000000	1.5e-11
23.000000	0.000000	1.5e-11
23.010000	0.000000	1.4e-11
23.020000	0.000000	1.4e-11
23.030000	0.000000	1.4e-11
23.040000	0.000000	1.4e-11
23.050000	0.000000	1.4e-11
23.060000	0.000000	1.3e-11
23.070000	0.000000	1.3e-11
23.080000	0.000000	1.3e-11
23.090000	0.000000	1.3e-11
23.100000	0.000000	1.3e-11
23.110000	0.000000	1.3e-11
23.120000	0.000000	1.2e-11
23.130000	0.000000	1.2e-11
23.140000	0.000000	1.2e-11
23.150000	0.000000	1.2e-11
23.160000	0.000000	1.2e-11
23.170000	0.000000	1.2e-11
23.180000	0.000000	1.1e-11
23.190000	0.000000	1.1e-11
23.200000	0.000000	1.1e-11
23.210000	0.000000	1.1e-11
23.220000	0.000000	1.1e-11
23.230000	0.000000	1.1e-11
23.240000	0.000000	1.0e-11
23.250000	0.000000	1.0e-11
23.260000	0.000000	1.0e-11
23.270000	0.000000	1.0e-11
23.280000	0.000000	9.9e-12
23.290000	0.000000	9.8e-12
23.300000	0.000000	9.6e-12
23.310000	0.000000	9.5e-12
23.320000	0.000000	9.4e-12
23.330000	0.000000	9.3e-12
23.340000	0.000000	9.1e-12
23.350000	0.000000	9.0e-12
23.360000	0.000000	8.9e-12
23.370000	0.000000	8.7e-12
23.380000	0.000000	8.6e-12
23.390000	0.000000	8.5e-12
23.400000	0.000000	8.4e-12
23.410000	0.000000	8.3e-12
23.420000	0.000000	8.2e-12
23.430000	0.000000	8.1e-12
23.440000	0.000000	7.9e-12
23.450000	0.000000	7.8e-12
23.460000	0.000000	7.7e-12
23.470000	0.000000	7.6e-12
23.480000	0.000000	7.5e-12
23.490000	0.000000	7.4e-12
23.500000	0.000000	7.3e-12
23.510000	0.000000	7.2e-12
23.520000	0.000000	7.1e-12
23.530000	0.000000	7.0e-12
23.540000	0.000000	6.9e-12
23.550000	0.000000	6.8e-12
23.560000	0.000000	6.7e-12
23.570000	0.000000	6.6e-12
23.580000	0.000000	6.5e-12
23.590000	0.000000	6.5e-12
23.600000	0.000000	6.4e-12
23.610000	0.000000	6.3e-12
23.620000	0.000000	6.2e-12
23.630000	0.000000	6.1e-12
23.640000	0.000000	6.0e-12
23.650000	0.000000	5.9e-12
23.660000	0.000000	5.8e-12
23.670000	0.000000	5.8e-12
23.680000	0.000000	5.7e-12
23.690000	0.000000	5.6e-12
23.700000	0.000000	5.5e-12
23.710000	0.000000	5.5e-12
23.720000	0.000000	5.4e-12
23.730000	0.000000	5.3e-12
23.740000	0.000000	5.2e-12
23.750000	0.000000	5.2e-12
23.760000	0.000000	5.1e-12
23.770000	0.000000	5.0e-12
23.780000	0.000000	4.9e-12
23.790000	0.000000	4.9e-12
23.800000	0.000000	4.8e-12
23.810000	0.000000	4.8e-12
23.820000	0.000000	4.7e-12
23.830000	0.000000	4.6e-12
23.840000	0.000000	4.6e-12
23.850000	0.000000	4.5e-12
23.860000	0.000000	4.4e-12
23.870000	0.000000	4.4e-12
23.880000	0.000000	4.3e-12
23.890000	0.000000	4.3e-12
23.900000	0.000000	4.2e-12
23.910000	0.000000	4.1e-12
23.920000	0.000000	4.1e-12
23.930000	0.000000	4.0e-12
23.940000	0.000000	4.0e-12
23.950000	0.000000	3.9e-12
23.960000	0.000000	3.8e-12
23.970000	0.000000	3.8e-12
23.980000	0.000000	3.7e-12
23.990000	0.000000	3.7e-12
24.000000	0.000000	3.6e-12
24.010000	0.000000	3.6e-12
24.020000	0.000000	3.5e-12
24.030000	0.000000	3.5e-12
24.040000	0.000000	3.4e-12
24.050000	0.000000	3.4e-12
24.060000	0.000000	3.4e-12
24.070000	0.000000	3.3e-12
24.080000	0.000000	3.3e-12
24.090000	0.000000	3.2e-12
24.100000	0.000000	3.2e-12
24.110000	0.000000	3.1e-12
24.120000	0.000000	3.1e-12
24.130000	0.000000	3.0e-12
24.140000	0.000000	3.0e-12
24.150000	0.000000	3.0e-12
24.160000	0.000000	2.9e-12
24.170000	0.000000	2.9e-12
24.180000	0.000000	2.9e-12
24.190000	0.000000	2.8e-12
24.200000	0.000000	2.8e-12
24.210000	0.000000	2.7e-12
24.220000	0.000000	2.7e-12
24.230000	0.000000	2.7e-12
24.240000	0.000000	2.6e-12
24.250000	0.000000	2.6e-12
24.260000	0.000000	2.5e-12
24.270000	0.000000	2.5e-12
24.280000	0.000000	2.4e-12
24.290000	0.000000	2.4e-12
24.300000	0.000000	2.3e-12
24.310000	0.000000	2.3e-12
24.320000	0.000000	2.3e-12
24.330000	0.000000	2.2e-12
24.340000	0.000000	2.2e-12
24.350000	0.000000	2.2e-12
24.360000	0.000000	2.2e-12
24.370000	0.000000	2.1e-12
24.380000	0.000000	2.1e-12
24.390000	0.000000	2.1e-12
24.400000	0.000000	2.0e-12
24.410000	0.000000	2.0e-12
24.420000	0.000000	2.0e-12
24.430000	0.000000	2.0e-12
24.440000	0.000000	1.9e-12
24.450000	0.000000	1.9e-12
24.460000	0.000000	1.9e-12
24.470000	0.000000	1.9e-12
24.480000	0.000000	1.8e-12
24.490000	0.000000	1.8e-12
24.500000	0.000000	1.8e-12
24.510000	0.000000	1.8e-12
24.520000	0.000000	1.7e-12
24.530000	0.000000	1.7e-12
24.540000	0.000000	1.7e-12
24.550000	0.000000	1.7e-12
24.560000	0.000000	1.6e-12
24.570000	0.000000	1.6e-12
24.580000	0.000000	1.6e-12
24.590000	0.000000	1.6e-12
24.600000	0.000000	1.5e-12
24.610000	0.000000	1.5e-12
24.620000	0.000000	1.5e-12
24.630000	0.000000	1.5e-12
24.640000	0.000000	1.5e-12
24.650000	0.000000	1.4e-12
24.660000	0.000000	1.4e-12
24.670000	0.000000	1.4e-12
24.680000	0.000000	1.4e-12
24.690000	0.000000	1.4e-12
24.700000	0.000000	1.4e-12
24.710000	0.000000	1.3e-12
24.720000	0.000000	1.3e-12
24.730000	0.000000	1.3e-12
24.740000	0.000000	1.3e-12
24.750000	0.000000	1.3e-12
24.760000	0.000000	1.2e-12
24.770000	0.000000	1.2e-12
24.780000	0.000000	1.2e-12
24.790000	0.000000	1.2e-12
24.800000	0.000000	1.2e-12
24.810000	0.000000	1.2e-12
24.820000	0.000000	1.1e-12
24.830000	0.000000	1.1e-12
24.840000	0.000000	1.1e-12
24.850000	0.000000	1.1e-12
24.860000	0.000000	1.1e-12
24.870000	0.000000	1.1e-12
24.880000	0.000000	1.0e-12
24.890000	0.000000	1.0e-12
24.900000	0.000000	1.0e-12
24.910000	0.000000	1.0e-12
24.920000	0.000000	9.9e-13
24.930000	0.000000	9.8e-13
24.940000	0.000000	9.7e-13
24.950000	0.000000	9.5e-13
24.960000	0.000000	9.4e-13
24.970000	0.000000	9.3e-13
24.980000	0.000000	9.2e-13
24.990000	0.000000	9.0e-13
25.000000	0.000000	8.9e-13
25.010000	0.000000	8.8e-13
25.020000	0.000000	8.7e-13
25.030000	0.000000	8.6e-13
25.040000	0.000000	8.5e-13
25.050000	0.000000	8.4e-13
25.060000	0.000000	8.2e-13
25.070000	0.000000	8.1e-13
25.080000	0.000000	8.0e-13
25.090000	0.000000	7.9e-13
25.100000	0.000000	7.8e-13
25.110000	0.000000	7.7e-13
25.120000	0.000000	7.5e-13
25.130000	0.000000	7.4e-13
25.140000	0.000000	7.3e-13
25.150000	0.000000	7.2e-13
25.160000	0.000000	7.1e-13
25.170000	0.000000	7.0e-13
25.180000	0.000000	6.9e-13
25.190000	0.000000	6.8e-13
25.200000	0.000000	6.7e-13
25.210000	0.000000	6.6e-13
25.220000	0.000000	6.5e-13
25.230000	0.000000	6.5e-13
25.240000	0.000000	6.4e-13
25.250000	0.000000	6.3e-13
25.260000	0.000000	6.2e-13
25.270000	0.000000	6.1e-13
25.280000	0.000000	6.1e-13
25.290000	0.000000	6.0e-13
25.300000	0.000000	5.9e-13
25.310000	0.000000	5.8e-13
25.320000	0.000000	5.7e-13
25.330000	0.000000	5.7e-13
25.340000	0.000000	5.6e-13
25.350000	0.000000	5.5e-13
25.360000	0.000000	5.4e-13
25.370000	0.000000	5.4e-13
25.380000	0.000000	5.3e-13
25.390000	0.000000	5.2e-13
25.400000	0.000000	5.1e-13
25.410000	0.000000	5.1e-13
25.420000	0.000000	5.0e-13
25.430000	0.000000	4.9e-13
25.440000	0.000000	4.8e-13
25.450000	0.000000	4.7e-13
25.460000	0.000000	4.7e-13
25.470000	0.000000	4.6e-13
25.480000	0.000000	4.5e-13
25.490000	0.000000	4.5e-13
25.500000	0.000000	4.4e-13
25.510000	0.000000	4.4e-13
25.520000	0.000000	4.3e-13
25.530000	0.000000	4.3e-13
25.540000	0.000000	4.2e-13
25.550000	0.000000	4.2e-13
25.560000	0.000000	4.1e-13
25.570000	0.000000	4.1e-13
25.580000	0.000000	4.0e-13
25.590000	0.000000	3.9e-13
25.600000	0.000000	3.9e-13
25.610000	0.000000	3.8e-13
25.620000	0.000000	3.8e-13
25.630000	0.000000	3.7e-13
25.640000	0.000000	3.7e-13
25.650000	0.000000	3.6e-13
25.660000	0.000000	3.6e-13
25.670000	0.000000	3.5e-13
25.680000	0.000000	3.5e-13
25.690000	0.000000	3.4e-13
25.700000	0.000000	3.4e-13
25.710000	0.000000	3.3e-13
25.720000	0.000000	3.3e-13
25.730000	0.000000	3.2e-13
25.740000	0.000000	3.2e-13
25.750000	0.000000	3.1e-13
25.760000	0.000000	3.1e-13
25.770000	0.000000	3.0e-13
25.780000	0.000000	3.0e-13
25.790000	0.000000	3.0e-13
25.800000	0.000000	2.9e-13
25.810000	0.000000	2.9e-13
25.820000	0.000000	2.9e-13
25.830000	0.000000	2.8e-13
25.840000	0.000000	2.8e-13
25.850000	0.000000	2.7e-13
25.860000	0.000000	2.7e-13
25.870000	0.000000	2.7e-13
25.880000	0.000000	2.6e-13
25.890000	0.000000	2.6e-13
25.900000	0.000000	2.6e-13
25.910000	0.000000	2.5e-13
25.920000	0.000000	2.5e-13
25.930000	0.000000	2.5e-13
25.940000	0.000000	2.4e-13
25.950000	0.000000	2.4e-13
25.960000	0.000000	2.4e-13
25.970000	0.000000	2.3e-13
25.980000	0.000000	2.3e-13
25.990000	0.000000	2.3e-13
26.000000	0.000000	2.2e-13
26.010000	0.000000	2.2e-13
26.020000	0.000000	2.2e-13
26.030000	0.000000	2.1e-13
26.040000	0.000000	2.1e-13
26.050000	0.000000	2.1e-13
26.060000	0.000000	2.0e-13
26.070000	0.000000	2.0e-13
26.080000	0.000000	2.0e-13
26.090000	0.000000	2.0e-13
26.100000	0.000000	1.9e-13
26.110000	0.000000	1.9e-13
26.120000	0.000000	1.9e-13
26.130000	0.000000	1.9e-13
26.140000	0.000000	1.8e-13
26.150000	0.000000	1.8e-13
26.160000	0.000000	1.8e-13
26.170000	0.000000	1.8e-13
26.180000	0.000000	1.7e-13
26.190000	0.000000	1.7e-13
26.200000	0.000000	1.7e-13
26.210000	0.000000	1.7e-13
26.220000	0.000000	1.7e-13
26.230000	0.000000	1.6e-13
26.240000	0.000000	1.6e-13
26.250000	0.000000	1.6e-13
26.260000	0.000000	1.6e-13
26.270000	0.000000	1.5e-13
26.280000	0.000000	1.5e-13
26.290000	0.000000	1.5e-13
26.300000	0.000000	1.5e-13
26.310000	0.000000	1.4e-13
26.320000	0.000000	1.4e-13
26.330000	0.000000	1.4e-13
26.340000	0.000000	1.4e-13
26.350000	0.000000	1.4e-13
26.360000	0.000000	1.3e-13
26.370000	0.000000	1.3e-13
26.380000	0.000000	1.3e-13
26.390000	0.000000	1.3e-13
26.400000	0.000000	1.3e-13
26.410000	0.000000	1.3e-13
26.420000	0.000000	1.2e-13
26.430000	0.000000	1.2e-13
26.440000	0.000000	1.2e-13
26.450000	0.000000	1.2e-13
26.460000	0.000000	1.2e-13
26.470000	0.000000	1.2e-13
26.480000	0.000000	1.2e-13
26.490000	0.000000	1.1e-13
26.500000	0.000000	1.1e-13
26.510000	0.000000	1.1e-13
26.520000	0.000000	1.1e-13
26.530000	0.000000	1.1e-13
26.540000	0.000000	1.1e-13
26.550000	0.000000	1.0e-13
26.560000	0.000000	1.0e-13
26.570000	0.000000	1.0e-13
26.580000	0.000000	1.0e-13
26.590000	0.000000	9.9e-14
26.600000	0.000000	9.7e-14
26.610000	0.000000	9.6e-14
26.620000	0.000000	9.4e-14
26.630000	0.000000	9.3e-14
26.640000	0.000000	9.2e-14
26.650000	0.000000	9.0e-14
26.660000	0.000000	8.9e-14
26.670000	0.000000	8.8e-14
26.680000	0.000000	8.7e-14
26.690000	0.000000	8.6e-14
26.700000	0.000000	8.5e-14
26.710000	0.000000	8.4e-14
26.720000	0.000000	8.2e-14
26.730000	0.000000	8.1e-14
26.740000	0.000000	8.0e-14
26.750000	0.000000	7.9e-14
26.760000	0.000000	7.8e-14
26.770000	0.000000	7.7e-14
26.780000	0.000000	7.6e-14
26.790000	0.000000	7.5e-14
26.800000	0.000000	7.4e-14
26.810000	0.000000	7.3e-14
26.820000	0.000000	7.2e-14
26.830000	0.000000	7.1e-14
26.840000	0.000000	7.0e-14
26.850000	0.000000	6.9e-14
26.860000	0.000000	6.8e-14
26.870000	0.000000	6.7e-14
26.880000	0.000000	6.6e-14
26.890000	0.000000	6.5e-14
26.900000	0.000000	6.4e-14
26.910000	0.000000	6.3e-14
26.920000	0.000000	6.2e-14
26.930000	0.000000	6.1e-14
26.940000	0.000000	6.1e-14
26.950000	0.000000	6.0e-14
26.960000	0.000000	5.9e-14
26.970000	0.000000	5.8e-14
26.980000	0.000000	5.7e-14
26.990000	0.000000	5.7e-14
27.000000	0.000000	5.6e-14
27.010000	0.000000	5.5e-14
27.020000	0.000000	5.5e-14
27.030000	0.000000	5.4e-14
27.040000	0.000000	5.3e-14
27.050000	0.000000	5.2e-14
27.060000	0.000000	5.2e-14
27.070000	0.000000	5.1e-14
27.080000	0.000000	5.0e-14
27.090000	0.000000	5.0e-14
27.100000	0.000000	4.9e-14
27.110000	0.000000	4.8e-14
27.120000	0.000000	4.8e-14
27.130000	0.000000	4.7e-14
27.140000	0.000000	4.6e-14
27.150000	0.000000	4.6e-14
27.160000	0.000000	4.5e-14
27.170000	0.000000	4.4e-14
27.180000	0.000000	4.4e-14
27.190000	0.000000	4.3e-14
27.200000	0.000000	4.2e-14
27.210000	0.000000	4.2e-14
27.220000	0.000000	4.1e-14
27.230000	0.000000	4.1e-14
27.240000	0.000000	4.0e-14
27.250000	0.000000	4.0e-14
27.260000	0.000000	3.9e-14
27.270000	0.000000	3.8e-14
27.280000	0.000000	3.8e-14
27.290000	0.000000	3.7e-14
27.300000	0.000000	3.7e-14
27.310000	0.000000	3.7e-14
27.320000	0.000000	3.6e-14
27.330000	0.000000	3.6e-14
27.340000	0.000000	3.5e-14
27.350000	0.000000	3.5e-14
27.360000	0.000000	3.4e-14
27.370000	0.000000	3.4e-14
27.380000	0.000000	3.3e-14
27.390000	0.000000	3.3e-14
27.400000	0.000000	3.2e-14
27.410000	0.000000	3.2e-14
27.420000	0.000000	3.1e-14
27.430000	0.000000	3.1e-14
27.440000	0.000000	3.1e-14
27.450000	0.000000	3.0e-14
27.460000	0.000000	3.0e-14
27.470000	0.000000	2.9e-14
27.480000	0.000000	2.9e-14
27.490000	0.000000	2.8e-14
27.500000	0.000000	2.8e-14
27.510000	0.000000	2.8e-14
27.520000	0.000000	2.7e-14
27.530000	0.000000	2.7e-14
27.540000	0.000000	2.7e-14
27.550000	0.000000	2.6e-14
27.560000	0.000000	2.6e-14
27.570000	0.000000	2.5e-14
27.580000	0.000000	2.5e-14
27.590000	0.000000	2.5e-14
27.600000	0.000000	2.4e-14
27.610000	0.000000	2.4e-14
27.620000	0.000000	2.4e-14
27.630000	0.000000	2.4e-14
27.640000	0.000000	2.3e-14
27.650000	0.000000	2.3e-14
27.660000	0.000000	2.3e-14
27.670000	0.000000	2.2e-14
27.680000	0.000000	2.2e-14
27.690000	0.000000	2.2e-14
27.700000	0.000000	2.1e-14
27.710000	0.000000	2.1e-14
27.720000	0.000000	2.1e-14
27.730000	0.000000	2.1e-14
27.740000	0.000000	2.0e-14
27.750000	0.000000	2.0e-14
27.760000	0.000000	2.0e-14
27.770000	0.000000	1.9e-14
27.780000	0.000000	1.9e-14
27.790000	0.000000	1.9e-14
27.800000	0.000000	1.9e-14
27.810000	0.000000	1.8e-14
27.820000	0.000000	1.8e-14
27.830000	0.000000	1.8e-14
27.840000	0.000000	1.8e-14
27.850000	0.000000	1.7e-14
27.860000	0.000000	1.7e-14
27.870000	0.000000	1.7e-14
27.880000	0.000000	1.7e-14
27.890000	0.000000	1.6e-14
27.900000	0.000000	1.6e-14
27.910000	0.000000	1.6e-14
27.920000	0.000000	1.6e-14
27.930000	0.000000	1.6e-14
27.940000	0.000000	1.5e-14
27.950000	0.000000	1.5e-14
27.960000	0.000000	1.5e-14
27.970000	0.000000	1.5e-14
27.980000	0.000000	1.5e-14
27.990000	0.000000	1.4e-14
28.000000	0.000000	1.4e-14
28.010000	0.000000	1.4e-14
28.020000	0.000000	1.4e-14
28.030000	0.000000	1.4e-14
28.040000	0.000000	1.3e-14
28.050000	0.000000	1.3e-14
28.060000	0.000000	1.3e-14
28.070000	0.000000	1.3e-14
28.080000	0.000000	1.3e-14
28.090000	0.000000	1.2e-14
28.100000	0.000000	1.2e-14
28.110000	0.000000	1.2e-14
28.120000	0.000000	1.2e-14
28.130000	0.000000	1.2e-14
28.140000	0.000000	1.2e-14
28.150000	0.000000	1.1e-14
28.160000	0.000000	1.1e-14
28.170000	0.000000	1.1e-14
28.180000	0.000000	1.1e-14
28.190000	0.000000	1.1e-14
28.200000	0.000000	1.1e-14
28.210000	0.000000	1.1e-14
28.220000	0.000000	1.0e-14
28.230000	0.000000	1.0e-14
28.240000	0.000000	1.0e-14
28.250000	0.000000	1.0e-14
28.260000	0.000000	9.9e-15
28.270000	0.000000	9.8e-15
28.280000	0.000000	9.6e-15
28.290000	0.000000	9.5e-15
28.300000	0.000000	9.4e-15
28.310000	0.000000	9.2e-15
28.320000	0.000000	9.1e-15
28.330000	0.000000	9.0e-15
28.340000	0.000000	8.9e-15
28.350000	0.000000	8.7e-15
28.360000	0.000000	8.6e-15
28.370000	0.000000	8.5e-15
28.380000	0.000000	8.4e-15
28.390000	0.000000	8.3e-15
28.400000	0.000000	8.1e-15
28.410000	0.000000	8.0e-15
28.420000	0.000000	7.9e-15
28.430000	0.000000	7.8e-15
28.440000	0.000000	7.7e-15
28.450000	0.000000	7.6e-15
28.460000	0.000000	7.5e-15
28.470000	0.000000	7.4e-15
28.480000	0.000000	7.3e-15
28.490000	0.000000	7.2e-15
28.500000	0.000000	7.1e-15
28.510000	0.000000	7.0e-15
28.520000	0.000000	6.9e-15
28.530000	0.000000	6.8e-15
28.540000	0.000000	6.7e-15
28.550000	0.000000	6.6e-15
28.560000	0.000000	6.5e-15
28.570000	0.000000	6.5e-15
28.580000	0.000000	6.4e-15
28.590000	0.000000	6.3e-15
28.600000	0.000000	6.2e-15
28.610000	0.000000	6.1e-15
28.620000	0.000000	6.0e-15
28.630000	0.000000	5.9e-15
28.640000	0.000000	5.9e-15
28.650000	0.000000	5.8e-15
28.660000	0.000000	5.7e-15
28.670000	0.000000	5.6e-15
28.680000	0.000000	5.5e-15
28.690000	0.000000	5.5e-15
28.700000	0.000000	5.4e-15
28.710000	0.000000	5.3e-15
28.720000	0.000000	5.2e-15
28.730000	0.000000	5.2e-15
28.740000	0.000000	5.1e-15
28.750000	0.000000	5.0e-15
28.760000	0.000000	5.0e-15
28.770000	0.000000	4.9e-15
28.780000	0.000000	4.8e-15
28.790000	0.000000	4.8e-15
28.800000	0.000000	4.7e-15
28.810000	0.000000	4.6e-15
28.820000	0.000000	4.6e-15
28.830000	0.000000	4.5e-15
28.840000	0.000000	4.4e-15
28.850000	0.000000	4.4e-15
28.860000	0.000000	4.3e-15
28.870000	0.000000	4.3e-15
28.880000	0.000000	4.2e-15
28.890000	0.000000	4.2e-15
28.900000	0.000000	4.1e-15
28.910000	0.000000	4.1e-15
28.920000	0.000000	4.0e-15
28.930000	0.000000	3.9e-15
28.940000	0.000000	3.9e-15
28.950000	0.000000	3.8e-15
28.960000	0.000000	3.8e-15
28.970000	0.000000	3.7e-15
28.980000	0.000000	3.7e-15
28.990000	0.000000	3.6e-15
29.000000	0.000000	3.6e-15
29.010000	0.000000	3.5e-15
29.020000	0.000000	3.5e-15
29.030000	0.000000	3.4e-15
29.040000	0.000000	3.4e-15
29.050000	0.000000	3.3e-15
29.060000	0.000000	3.3e-15
29.070000	0.000000	3.2e-15
29.080000	0.000000	3.2e-15
29.090000	0.000000	3.1e-15
29.100000	0.000000	3.1e-15
29.110000	0.000000	3.1e-15
29.120000	0.000000	3.0e-15
29.130000	0.000000	3.0e-15
29.140000	0.000000	2.9e-15
29.150000	0.000000	2.9e-15
29.160000	0.000000	2.9e-15
29.170000	0.000000	2.8e-15
29.180000	0.000000	2.8e-15
29.190000	0.000000	2.8e-15
29.200000	0.000000	2.7e-15
29.210000	0.000000	2.7e-15
29.220000	0.000000	2.6e-15
29.230000	0.000000	2.6e-15
29.240000	0.000000	2.6e-15
29.250000	0.000000	2.5e-15
29.260000	0.000000	2.5e-15
29.270000	0.000000	2.5e-15
29.280000	0.000000	2.4e-15
29.290000	0.000000	2.4e-15
29.300000	0.000000	2.4e-15
29.310000	0.000000	2.3e-15
29.320000	0.000000	2.3e-15
29.330000	0.000000	2.3e-15
29.340000	0.000000	2.2e-15
29.350000	0.000000	2.2e-15
29.360000	0.000000	2.2e-15
29.370000	0.000000	2.1e-15
29.380000	0.000000	2.1e-15
29.390000	0.000000	2.1e-15
29.400000	0.000000	2.1e-15
29.410000	0.000000	2.0e-15
29.420000	0.000000	2.0e-15
29.430000	0.000000	2.0e-15
29.440000	0.000000	2.0e-15
29.450000	0.000000	1.9e-15
29.460000	0.000000	1.9e-15
29.470000	0.000000	1.9e-15
29.480000	0.000000	1.9e-15
29.490000	0.000000	1.8e-15
29.500000	0.000000	1.8e-15
29.510000	0.000000	1.8e-15
29.520000	0.000000	1.8e-15
29.530000	0.000000	1.7e-15
29.540000	0.000000	1.7e-15
29.550000	0.000000	1.7e-15
29.560000	0.000000	1.7e-15
29.570000	0.000000	1.6e-15
29.580000	0.000000	1.6e-15
29.590000	0.000000	1.6e-15
29.600000	0.000000	1.6e-15
29.610000	0.000000	1.5e-15
29.620000	0.000000	1.5e-15
29.630000	0.000000	1.5e-15
29.640000	0.000000	1.5e-15
29.650000	0.000000	1.5e-15
29.660000	0.000000	1.4e-15
29.670000	0.000000	1.4e-15
29.680000	0.000000	1.4e-15
29.690000	0.000000	1.4e-15
29.700000	0.000000	1.4e-15
29.710000	0.000000	1.3e-15
29.720000	0.000000	1.3e-15
29.730000	0.000000	1.3e-15
29.740000	0.000000	1.3e-15
29.750000	0.000000	1.3e-15
29.760000	0.000000	1.3e-15
29.770000	0.000000	1.2e-15
29.780000	0.000000	1.2e-15
29.790000	0.000000	1.2e-15
29.800000	0.000000	1.2e-15
29.810000	0.000000	1.2e-15
29.820000	0.000000	1.2e-15
29.830000	0.000000	1.1e-15
29.840000	0.000000	1.1e-15
29.850000	0.000000	1.1e-15
29.860000	0.000000	1.1e-15
29.870000	0.000000	1.1e-15
29.880000	0.000000	1.1e-15
29.890000	0.000000	1.1e-15
29.900000	0.000000	1.0e-15
29.910000	0.000000	1.0e-15
29.920000	0.000000	1.0e-15
29.930000	0.000000	9.9e-16
29.940000	0.000000	9.8e-16
29.950000	0.000000	9.6e-16
29.960000	0.000000	9.5e-16
29.970000	0.000000	9.4e-16
29.980000	0.000000	9.3e-16
29.990000	0.000000	9.1e-16
30.000000	0.000000	9.0e-16
30.010000	0.000000	8.9e-16
30.020000	0.000000	8.8e-16
30.030000	0.000000	8.7e-16
30.040000	0.000000	8.6e-16
30.050000	0.000000	8.5e-16
30.060000	0.000000	8.4e-16
30.070000	0.000000	8.3e-16
30.080000	0.000000	8.1e-16
30.090000	0.000000	8.0e-16
