0.100000	0.000000	2455308.926513
0.110000	0.000000	3060194.839565
0.120000	0.000000	1373666.558667
0.130000	0.000000	1958942.336702
0.140000	0.000000	794008.803984
0.150000	0.000000	310708.791546
0.160000	0.000000	265070.459188
0.170000	0.000000	237076.641895
0.180000	0.000000	272119.040237
0.190000	0.000000	269705.037026
0.200000	0.000000	227499.247981
0.210000	0.000000	237427.266428
0.220000	0.000000	207843.339168
0.230000	0.000000	242552.944017
0.240000	0.000000	269337.997942
0.250000	0.000000	203427.308853
0.260000	0.000000	289708.819565
0.270000	0.000000	138391.607898
0.280000	0.000000	220727.342380
0.290000	0.000000	143064.684176
0.300000	0.000000	152490.616229
0.310000	0.000000	114960.134418
0.320000	0.000000	105801.939073
0.330000	0.000000	119278.804875
0.340000	0.000000	106478.012725
0.350000	0.000000	89682.617640
0.360000	0.000000	126312.680929
0.370000	0.000000	141666.275698
0.380000	0.000000	79450.070446
0.390000	0.000000	87153.743262
0.400000	0.000000	71515.780371
0.410000	0.000000	65254.928278
0.420000	0.000000	70123.997626
0.430000	0.000000	69168.361098
0.440000	0.000000	55977.324736
0.450000	0.000000	58801.326115
0.460000	0.000000	50905.823114
0.470000	0.000000	50768.118687
0.480000	0.000000	46650.872527
0.490000	0.000000	79369.355726
0.500000	0.000000	63694.086867
0.510000	0.000000	39762.932965
0.520000	0.000000	42331.577239
0.530000	0.000000	42759.001465
0.540000	0.000000	36864.869867
0.550000	0.000000	38719.137782
0.560000	0.000000	50513.951673
0.570000	0.000000	55567.125349
0.580000	0.000000	37548.989131
0.590000	0.000000	37282.589355
0.600000	0.000000	29918.593482
0.610000	0.000000	31820.147508
0.620000	0.000000	38605.076427
0.630000	0.000000	32510.588161
0.640000	0.000000	29171.401313
0.650000	0.000000	355509.593985
0.660000	0.000000	206956.635758
0.670000	0.000000	41768.616185
0.680000	0.000000	31698.183579
0.690000	0.000000	99969.355667
0.700000	0.000000	127595.660985
0.710000	0.000000	342137.321762
0.720000	0.000000	729446.172090
0.730000	0.000000	115261.144913
0.740000	0.000000	379619.354981
0.750000	0.000000	61859.343250
0.760000	0.000000	258950.496369
0.770000	0.000000	563943.847434
0.780000	0.000000	213491.990152
0.790000	0.000000	195672.535036
0.800000	0.000000	305422.928165
0.810000	0.000000	238249.696943
0.820000	0.000000	627685.184363
0.830000	0.000000	384888.792618
0.840000	0.000000	225374.738508
0.850000	0.000000	316640.720282
0.860000	0.000000	468657.128199
0.870000	0.000000	455984.235323
0.880000	0.000000	168129.298539
0.890000	0.000000	200502.520512
0.900000	0.000000	266012.930622
0.910000	0.000000	382007.580311
0.920000	0.000000	220076.206553
0.930000	0.000000	90492.917701
0.940000	0.000000	94495.381812
0.950000	0.000000	133324.310684
0.960000	0.000000	175777.073599
0.970000	0.000000	76316.187483
0.980000	0.000000	55394.644731
0.990000	0.000000	87746.875885
1.000000	0.000000	127736.349944
1.010000	0.000000	210225.537814
1.020000	0.000000	147457.073745
1.030000	0.000000	25721.175874
1.040000	0.000000	30221.379242
1.050000	0.000000	32789.821188
1.060000	0.000000	31931.492177
1.070000	0.000000	73868.398382
1.080000	0.000000	62708.239623
1.090000	0.000000	65584.529721
1.100000	0.000000	49151.361215
1.110000	0.000000	40607.619410
1.120000	0.000000	34761.882012
1.130000	0.000000	18655.462716
1.140000	0.000000	48281.608324
1.150000	0.000000	33104.563682
1.160000	0.000000	46941.358678
1.170000	0.000000	48976.059178
1.180000	0.000000	33582.476242
1.190000	0.000000	22242.693335
1.200000	0.000000	22590.511568
1.210000	0.000000	25128.267071
1.220000	0.000000	17526.601440
1.230000	0.000000	13619.994256
1.240000	0.000000	14134.248144
1.250000	0.000000	17104.483678
1.260000	0.000000	10729.191594
1.270000	0.000000	26279.124155
1.280000	0.000000	8917.070717
1.290000	0.000000	8045.804220
1.300000	0.000000	10594.661658
1.310000	0.000000	11338.072215
1.320000	0.000000	8747.309740
1.330000	0.000000	8987.943285
1.340000	0.000000	10314.788877
1.350000	0.000000	8555.462688
1.360000	0.000000	7359.898778
1.370000	0.000000	7170.611700
1.380000	0.000000	5375.694986
1.390000	0.000000	5412.253590
1.400000	0.000000	5966.298272
1.410000	0.000000	4841.317879
1.420000	0.000000	5080.950253
1.430000	0.000000	4984.426529
1.440000	0.000000	5522.800344
1.450000	0.000000	4089.814341
1.460000	0.000000	4158.336457
1.470000	0.000000	3775.483965
1.480000	0.000000	3864.983069
1.490000	0.000000	3704.434314
1.500000	0.000000	3485.371797
1.510000	0.000000	3395.990497
1.520000	0.000000	3397.871492
1.530000	0.000000	3335.228467
1.540000	0.000000	3185.123656
1.550000	0.000000	3060.543905
1.560000	0.000000	2992.970865
1.570000	0.000000	2983.183355
1.580000	0.000000	2894.043777
1.590000	0.000000	2816.327383
1.600000	0.000000	2854.417820
1.610000	0.000000	2787.669624
1.620000	0.000000	2651.068831
1.630000	0.000000	2578.620437
1.640000	0.000000	2525.207842
1.650000	0.000000	2531.001640
1.660000	0.000000	2452.094315
1.670000	0.000000	2380.732738
1.680000	0.000000	2333.949070
1.690000	0.000000	2285.525490
1.700000	0.000000	2238.649447
1.710000	0.000000	2194.144312
1.720000	0.000000	2146.931363
1.730000	0.000000	2103.982248
1.740000	0.000000	2061.876394
1.750000	0.000000	2025.021214
1.760000	0.000000	1974.518091
1.770000	0.000000	1932.532509
1.780000	0.000000	1890.139186
1.790000	0.000000	1852.773521
1.800000	0.000000	1819.315239
1.810000	0.000000	1781.421691
1.820000	0.000000	1746.974628
1.830000	0.000000	1713.625662
1.840000	0.000000	1680.393575
1.850000	0.000000	1647.289047
1.860000	0.000000	1614.337111
1.870000	0.000000	1582.797837
1.880000	0.000000	1552.998847
1.890000	0.000000	1523.569921
1.900000	0.000000	1494.405281
1.910000	0.000000	1465.217430
1.920000	0.000000	1436.138836
1.930000	0.000000	1407.386034
1.940000	0.000000	1378.864886
1.950000	0.000000	1349.722265
1.960000	0.000000	1321.870096
1.970000	0.000000	1294.075289
1.980000	0.000000	1267.288922
1.990000	0.000000	1242.644581
2.000000	0.000000	1219.081151
2.010000	0.000000	1195.954697
2.020000	0.000000	1173.111044
2.030000	0.000000	1150.785504
2.040000	0.000000	1128.876460
2.050000	0.000000	1107.314749
2.060000	0.000000	1086.877773
2.070000	0.000000	1067.612695
2.080000	0.000000	1047.830417
2.090000	0.000000	1028.389352
2.100000	0.000000	1009.211861
2.110000	0.000000	990.640273
2.120000	0.000000	1098.154860
2.130000	0.000000	1018.069623
2.140000	0.000000	994.034025
2.150000	0.000000	1072.388247
2.160000	0.000000	948.645062
2.170000	0.000000	877.279346
2.180000	0.000000	859.870148
2.190000	0.000000	843.160958
2.200000	0.000000	827.075275
2.210000	0.000000	811.280565
2.220000	0.000000	795.684030
2.230000	0.000000	780.315213
2.240000	0.000000	765.477753
2.250000	0.000000	751.679048
2.260000	0.000000	738.792244
2.270000	0.000000	727.799155
2.280000	0.000000	713.384461
2.290000	0.000000	701.352022
2.300000	0.000000	703.770335
2.310000	0.000000	676.712040
2.320000	0.000000	660.689867
2.330000	0.000000	648.326438
2.340000	0.000000	636.067099
2.350000	0.000000	623.892986
2.360000	0.000000	612.049754
2.370000	0.000000	600.473335
2.380000	0.000000	588.930883
2.390000	0.000000	577.441868
2.400000	0.000000	566.206756
2.410000	0.000000	555.435599
2.420000	0.000000	544.874010
2.430000	0.000000	534.412538
2.440000	0.000000	524.342123
2.450000	0.000000	514.289953
2.460000	0.000000	510.602980
2.470000	0.000000	497.664613
2.480000	0.000000	487.976866
2.490000	0.000000	479.261605
2.500000	0.000000	470.691372
2.510000	0.000000	475.164477
2.520000	0.000000	462.857619
2.530000	0.000000	445.363546
2.540000	0.000000	437.200585
2.550000	0.000000	429.213221
2.560000	0.000000	421.494623
2.570000	0.000000	414.408075
2.580000	0.000000	408.123215
2.590000	0.000000	398.938427
2.600000	0.000000	390.880218
2.610000	0.000000	383.090496
2.620000	0.000000	375.431755
2.630000	0.000000	369.403253
2.640000	0.000000	367.425224
2.650000	0.000000	356.280770
2.660000	0.000000	348.635422
2.670000	0.000000	342.432616
2.680000	0.000000	336.299351
2.690000	0.000000	330.705086
2.700000	0.000000	326.326880
2.710000	0.000000	320.612408
2.720000	0.000000	313.843994
2.730000	0.000000	309.703850
2.740000	0.000000	316.015552
2.750000	0.000000	341.508250
2.760000	0.000000	313.756402
2.770000	0.000000	322.195475
2.780000	0.000000	381.454257
2.790000	0.000000	279.219322
2.800000	0.000000	270.996716
2.810000	0.000000	265.841703
2.820000	0.000000	260.806911
2.830000	0.000000	255.872408
2.840000	0.000000	251.137799
2.850000	0.000000	246.527003
2.860000	0.000000	242.104600
2.870000	0.000000	238.054654
2.880000	0.000000	233.910093
2.890000	0.000000	229.489275
2.900000	0.000000	225.366247
2.910000	0.000000	221.318413
2.920000	0.000000	217.552098
2.930000	0.000000	213.868928
2.940000	0.000000	210.124501
2.950000	0.000000	206.620811
2.960000	0.000000	203.505159
2.970000	0.000000	199.215063
2.980000	0.000000	195.778270
2.990000	0.000000	192.334785
3.000000	0.000000	189.011382
3.010000	0.000000	185.518368
3.020000	0.000000	182.027541
3.030000	0.000000	180.456046
3.040000	0.000000	178.177692
3.050000	0.000000	173.427371
3.060000	0.000000	169.028853
3.070000	0.000000	167.712514
3.080000	0.000000	170.289787
3.090000	0.000000	229.418816
3.100000	0.000000	573.952784
3.110000	0.000000	243.898703
3.120000	0.000000	386.488644
3.130000	0.000000	763.995311
3.140000	0.000000	218.922034
3.150000	0.000000	143.603551
3.160000	0.000000	141.026344
3.170000	0.000000	138.791492
3.180000	0.000000	136.684472
3.190000	0.000000	134.316503
3.200000	0.000000	134.121636
3.210000	0.000000	132.275164
3.220000	0.000000	127.673923
3.230000	0.000000	125.122284
3.240000	0.000000	122.831280
3.250000	0.000000	120.666635
3.260000	0.000000	119.363450
3.270000	0.000000	121.834539
3.280000	0.000000	115.038534
3.290000	0.000000	112.464632
3.300000	0.000000	110.461109
3.310000	0.000000	109.506559
3.320000	0.000000	108.332353
3.330000	0.000000	104.984218
3.340000	0.000000	102.572793
3.350000	0.000000	101.757861
3.360000	0.000000	99.906572
3.370000	0.000000	97.420486
3.380000	0.000000	95.585977
3.390000	0.000000	94.029198
3.400000	0.000000	92.502091
3.410000	0.000000	91.054400
3.420000	0.000000	89.584411
3.430000	0.000000	88.884720
3.440000	0.000000	88.275495
3.450000	0.000000	85.288164
3.460000	0.000000	83.738494
3.470000	0.000000	92.494167
3.480000	0.000000	83.340360
3.490000	0.000000	83.052843
3.500000	0.000000	87.611001
3.510000	0.000000	80.648765
3.520000	0.000000	75.180713
3.530000	0.000000	73.609659
3.540000	0.000000	72.348124
3.550000	0.000000	71.254443
3.560000	0.000000	70.093686
3.570000	0.000000	68.928646
3.580000	0.000000	68.603939
3.590000	0.000000	67.808241
3.600000	0.000000	69.559748
3.610000	0.000000	95.381623
3.620000	0.000000	70.537396
3.630000	0.000000	62.206004
3.640000	0.000000	61.241406
3.650000	0.000000	59.865687
3.660000	0.000000	58.817192
3.670000	0.000000	59.185276
3.680000	0.000000	77.947891
3.690000	0.000000	68.563421
3.700000	0.000000	54.910677
3.710000	0.000000	53.908783
3.720000	0.000000	52.964431
3.730000	0.000000	52.109068
3.740000	0.000000	51.320921
3.750000	0.000000	50.472940
3.760000	0.000000	49.508156
3.770000	0.000000	49.599145
3.780000	0.000000	58.643288
3.790000	0.000000	53.119164
3.800000	0.000000	48.056805
3.810000	0.000000	46.736228
3.820000	0.000000	44.838193
3.830000	0.000000	44.349286
3.840000	0.000000	48.779558
3.850000	0.000000	89.833793
3.860000	0.000000	113.806543
3.870000	0.000000	92.262524
3.880000	0.000000	71.256487
3.890000	0.000000	93.810757
3.900000	0.000000	98.628993
3.910000	0.000000	38.249404
3.920000	0.000000	37.619113
3.930000	0.000000	37.067418
3.940000	0.000000	36.282250
3.950000	0.000000	35.697611
3.960000	0.000000	38.800766
3.970000	0.000000	34.665044
3.980000	0.000000	33.892257
3.990000	0.000000	33.322282
4.000000	0.000000	34.118919
4.010000	0.000000	32.776560
4.020000	0.000000	31.734681
4.030000	0.000000	31.788971
4.040000	0.000000	31.564371
4.050000	0.000000	30.913986
4.060000	0.000000	30.271497
4.070000	0.000000	29.521217
4.080000	0.000000	28.853749
4.090000	0.000000	28.118233
4.100000	0.000000	27.682173
4.110000	0.000000	27.259962
4.120000	0.000000	27.339277
4.130000	0.000000	26.405999
4.140000	0.000000	26.004869
4.150000	0.000000	25.533769
4.160000	0.000000	25.087361
4.170000	0.000000	24.654335
4.180000	0.000000	24.239499
4.190000	0.000000	23.845578
4.200000	0.000000	23.459987
4.210000	0.000000	23.076321
4.220000	0.000000	22.695092
4.230000	0.000000	22.433864
4.240000	0.000000	22.203615
4.250000	0.000000	21.674184
4.260000	0.000000	21.262244
4.270000	0.000000	20.934915
4.280000	0.000000	20.556005
4.290000	0.000000	20.196690
4.300000	0.000000	19.842033
4.310000	0.000000	19.509993
4.320000	0.000000	19.168900
4.330000	0.000000	19.065159
4.340000	0.000000	18.627485
4.350000	0.000000	18.232317
4.360000	0.000000	17.930572
4.370000	0.000000	17.624069
4.380000	0.000000	17.317227
4.390000	0.000000	17.025079
4.400000	0.000000	16.733151
4.410000	0.000000	16.449588
4.420000	0.000000	16.193444
4.430000	0.000000	15.969157
4.440000	0.000000	15.666677
4.450000	0.000000	15.419103
4.460000	0.000000	15.291056
4.470000	0.000000	15.029610
4.480000	0.000000	15.328870
4.490000	0.000000	14.603266
4.500000	0.000000	20.107026
4.510000	0.000000	17.196592
4.520000	0.000000	14.284830
4.530000	0.000000	13.632616
4.540000	0.000000	13.367352
4.550000	0.000000	13.053662
4.560000	0.000000	12.839100
4.570000	0.000000	13.872439
4.580000	0.000000	15.099771
4.590000	0.000000	12.196948
4.600000	0.000000	11.992090
4.610000	0.000000	11.795880
4.620000	0.000000	11.615668
4.630000	0.000000	11.390379
4.640000	0.000000	11.195755
4.650000	0.000000	11.043597
4.660000	0.000000	10.838187
4.670000	0.000000	10.661613
4.680000	0.000000	10.600741
4.690000	0.000000	10.539765
4.700000	0.000000	10.638607
4.710000	0.000000	11.284110
4.720000	0.000000	11.566555
4.730000	0.000000	10.928947
4.740000	0.000000	10.156617
4.750000	0.000000	9.654831
4.760000	0.000000	9.477119
4.770000	0.000000	9.060201
4.780000	0.000000	8.911575
4.790000	0.000000	8.766564
4.800000	0.000000	8.615829
4.810000	0.000000	8.550805
4.820000	0.000000	10.263292
4.830000	0.000000	8.832195
4.840000	0.000000	8.121346
4.850000	0.000000	8.069026
4.860000	0.000000	7.861035
4.870000	0.000000	7.639272
4.880000	0.000000	7.509852
4.890000	0.000000	7.389881
4.900000	0.000000	7.275691
4.910000	0.000000	7.165440
4.920000	0.000000	7.146069
4.930000	0.000000	7.245147
4.940000	0.000000	6.837066
4.950000	0.000000	6.728134
4.960000	0.000000	6.621243
4.970000	0.000000	6.509542
4.980000	0.000000	6.557134
4.990000	0.000000	6.321830
5.000000	0.000000	6.195375
5.010000	0.000000	6.094125
5.020000	0.000000	6.059014
5.030000	0.000000	5.933316
5.040000	0.000000	5.832056
5.050000	0.000000	5.747476
5.060000	0.000000	5.628656
5.070000	0.000000	5.528180
5.080000	0.000000	5.434582
5.090000	0.000000	5.324518
5.100000	0.000000	5.236066
5.110000	0.000000	5.143607
5.120000	0.000000	5.059187
5.130000	0.000000	4.988866
5.140000	0.000000	4.914447
5.150000	0.000000	4.845832
5.160000	0.000000	4.772226
5.170000	0.000000	4.694115
5.180000	0.000000	4.620085
5.190000	0.000000	4.547567
5.200000	0.000000	4.475387
5.210000	0.000000	4.402418
5.220000	0.000000	4.330719
5.230000	0.000000	4.260848
5.240000	0.000000	4.191509
5.250000	0.000000	4.123720
5.260000	0.000000	4.057085
5.270000	0.000000	3.991151
5.280000	0.000000	3.925261
5.290000	0.000000	3.860119
5.300000	0.000000	3.793122
5.310000	0.000000	3.726803
5.320000	0.000000	3.662138
5.330000	0.000000	3.598708
5.340000	0.000000	3.537747
5.350000	0.000000	3.477834
5.360000	0.000000	3.422123
5.370000	0.000000	3.368915
5.380000	0.000000	3.317080
5.390000	0.000000	3.266877
5.400000	0.000000	3.217741
5.410000	0.000000	3.169127
5.420000	0.000000	3.121350
5.430000	0.000000	3.074176
5.440000	0.000000	3.027248
5.450000	0.000000	2.982885
5.460000	0.000000	2.947017
5.470000	0.000000	2.892293
5.480000	0.000000	2.837358
5.490000	0.000000	2.847792
5.500000	0.000000	2.782814
5.510000	0.000000	2.712490
5.520000	0.000000	2.661265
5.530000	0.000000	2.643367
5.540000	0.000000	2.596596
5.550000	0.000000	2.531690
5.560000	0.000000	2.486190
5.570000	0.000000	2.466968
5.580000	0.000000	2.434534
5.590000	0.000000	2.356701
5.600000	0.000000	2.325869
5.610000	0.000000	2.315705
5.620000	0.000000	2.273690
5.630000	0.000000	2.285268
5.640000	0.000000	2.214949
5.650000	0.000000	2.161676
5.660000	0.000000	2.122483
5.670000	0.000000	2.102547
5.680000	0.000000	2.055313
5.690000	0.000000	2.014510
5.700000	0.000000	1.982139
5.710000	0.000000	1.951228
5.720000	0.000000	1.920420
5.730000	0.000000	1.889884
5.740000	0.000000	1.859606
5.750000	0.000000	1.833345
5.760000	0.000000	1.810479
5.770000	0.000000	1.776203
5.780000	0.000000	1.744301
5.790000	0.000000	1.713332
5.800000	0.000000	1.685424
5.810000	0.000000	1.652765
5.820000	0.000000	1.624103
5.830000	0.000000	1.596340
5.840000	0.000000	1.569957
5.850000	0.000000	1.545766
5.860000	0.000000	1.524060
5.870000	0.000000	1.500766
5.880000	0.000000	1.480944
5.890000	0.000000	1.457893
5.900000	0.000000	1.433110
5.910000	0.000000	1.412886
5.920000	0.000000	1.390757
5.930000	0.000000	1.368366
5.940000	0.000000	1.348483
5.950000	0.000000	1.331130
5.960000	0.000000	1.307484
5.970000	0.000000	1.283922
5.980000	0.000000	1.267798
5.990000	0.000000	1.248345
6.000000	0.000000	1.224497
6.010000	0.000000	1.203495
6.020000	0.000000	1.186925
6.030000	0.000000	1.168420
6.040000	0.000000	1.145660
6.050000	0.000000	1.124792
6.060000	0.000000	1.108300
6.070000	0.000000	1.090062
6.080000	0.000000	1.068811
6.090000	0.000000	1.050916
6.100000	0.000000	1.035736
6.110000	0.000000	1.022145
6.120000	0.000000	1.006602
6.130000	0.000000	0.990647
6.140000	0.000000	0.973675
6.150000	0.000000	0.958116
6.160000	0.000000	0.942686
6.170000	0.000000	0.928816
6.180000	0.000000	0.914339
6.190000	0.000000	0.900402
6.200000	0.000000	0.886705
6.210000	0.000000	0.872853
6.220000	0.000000	0.859177
6.230000	0.000000	0.845518
6.240000	0.000000	0.831950
6.250000	0.000000	0.818862
6.260000	0.000000	0.805853
6.270000	0.000000	0.792817
6.280000	0.000000	0.779838
6.290000	0.000000	0.766456
6.300000	0.000000	0.753418
6.310000	0.000000	0.740465
6.320000	0.000000	0.729199
6.330000	0.000000	0.718248
6.340000	0.000000	0.705149
6.350000	0.000000	0.693832
6.360000	0.000000	0.683333
6.370000	0.000000	0.673113
6.380000	0.000000	0.663001
6.390000	0.000000	0.653894
6.400000	0.000000	0.651133
6.410000	0.000000	0.824263
6.420000	0.000000	1.238744
6.430000	0.000000	1.316305
6.440000	0.000000	0.721231
6.450000	0.000000	0.943359
6.460000	0.000000	1.384690
6.470000	0.000000	1.206169
6.480000	0.000000	0.696982
6.490000	0.000000	2.371729
6.500000	0.000000	2.315769
6.510000	0.000000	1.024572
6.520000	0.000000	0.673186
6.530000	0.000000	1.061102
6.540000	0.000000	1.072331
6.550000	0.000000	0.738042
6.560000	0.000000	0.551673
6.570000	0.000000	0.730649
6.580000	0.000000	0.852641
6.590000	0.000000	0.605970
6.600000	0.000000	0.550064
6.610000	0.000000	0.600525
6.620000	0.000000	0.559822
6.630000	0.000000	0.471156
6.640000	0.000000	0.478445
6.650000	0.000000	0.506751
6.660000	0.000000	0.458558
6.670000	0.000000	0.450739
6.680000	0.000000	0.424927
6.690000	0.000000	0.415916
6.700000	0.000000	0.420883
6.710000	0.000000	0.406045
6.720000	0.000000	0.388800
6.730000	0.000000	0.380880
6.740000	0.000000	0.374855
6.750000	0.000000	0.368904
6.760000	0.000000	0.363030
6.770000	0.000000	0.357184
6.780000	0.000000	0.351472
6.790000	0.000000	0.345762
6.800000	0.000000	0.340061
6.810000	0.000000	0.334284
6.820000	0.000000	0.328602
6.830000	0.000000	0.323294
6.840000	0.000000	0.318323
6.850000	0.000000	0.313365
6.860000	0.000000	0.308443
6.870000	0.000000	0.303730
6.880000	0.000000	0.299135
6.890000	0.000000	0.294605
6.900000	0.000000	0.290825
6.910000	0.000000	0.286608
6.920000	0.000000	0.281474
6.930000	0.000000	0.277293
6.940000	0.000000	0.272933
6.950000	0.000000	0.268949
6.960000	0.000000	0.264589
6.970000	0.000000	0.260456
6.980000	0.000000	0.256172
6.990000	0.000000	0.252031
7.000000	0.000000	0.248080
7.010000	0.000000	0.244214
7.020000	0.000000	0.240504
7.030000	0.000000	0.236612
7.040000	0.000000	0.232752
7.050000	0.000000	0.229196
7.060000	0.000000	0.225476
7.070000	0.000000	0.221661
7.080000	0.000000	0.218039
7.090000	0.000000	0.214537
7.100000	0.000000	0.211267
7.110000	0.000000	0.208063
7.120000	0.000000	0.204722
7.130000	0.000000	0.201579
7.140000	0.000000	0.198586
7.150000	0.000000	0.195420
7.160000	0.000000	0.192519
7.170000	0.000000	0.190036
7.180000	0.000000	0.187342
7.190000	0.000000	0.195139
7.200000	0.000000	0.185503
7.210000	0.000000	0.178196
7.220000	0.000000	0.175435
7.230000	0.000000	0.172677
7.240000	0.000000	0.169959
7.250000	0.000000	0.167646
7.260000	0.000000	0.167710
7.270000	0.000000	0.167987
7.280000	0.000000	0.160063
7.290000	0.000000	0.157268
7.300000	0.000000	0.154566
7.310000	0.000000	0.152056
7.320000	0.000000	0.149400
7.330000	0.000000	0.147101
7.340000	0.000000	0.146390
7.350000	0.000000	0.146002
7.360000	0.000000	0.141827
7.370000	0.000000	0.138458
7.380000	0.000000	0.136056
7.390000	0.000000	0.133944
7.400000	0.000000	0.131928
7.410000	0.000000	0.130311
7.420000	0.000000	0.129755
7.430000	0.000000	0.128874
7.440000	0.000000	0.125521
7.450000	0.000000	0.122838
7.460000	0.000000	0.120825
7.470000	0.000000	0.118490
7.480000	0.000000	0.116715
7.490000	0.000000	0.117757
7.500000	0.000000	0.114349
7.510000	0.000000	0.116197
7.520000	0.000000	0.112784
7.530000	0.000000	0.109908
7.540000	0.000000	0.108566
7.550000	0.000000	0.106166
7.560000	0.000000	0.103260
7.570000	0.000000	0.101325
7.580000	0.000000	0.099953
7.590000	0.000000	0.098280
7.600000	0.000000	0.096495
7.610000	0.000000	0.095050
7.620000	0.000000	0.094148
7.630000	0.000000	0.093301
7.640000	0.000000	0.090667
7.650000	0.000000	0.089114
7.660000	0.000000	0.087744
7.670000	0.000000	0.086440
7.680000	0.000000	0.085169
7.690000	0.000000	0.083857
7.700000	0.000000	0.082552
7.710000	0.000000	0.081271
7.720000	0.000000	0.080679
7.730000	0.000000	0.079351
7.740000	0.000000	0.077647
7.750000	0.000000	0.076509
7.760000	0.000000	0.075526
7.770000	0.000000	0.074998
7.780000	0.000000	0.075316
7.790000	0.000000	0.075613
7.800000	0.000000	0.073022
7.810000	0.000000	0.069893
7.820000	0.000000	0.069061
7.830000	0.000000	0.067968
7.840000	0.000000	0.066286
7.850000	0.000000	0.065372
7.860000	0.000000	0.064236
7.870000	0.000000	0.063232
7.880000	0.000000	0.062231
7.890000	0.000000	0.061241
7.900000	0.000000	0.060285
7.910000	0.000000	0.059371
7.920000	0.000000	0.058496
7.930000	0.000000	0.057626
7.940000	0.000000	0.056759
7.950000	0.000000	0.055894
7.960000	0.000000	0.055048
7.970000	0.000000	0.054297
7.980000	0.000000	0.053324
7.990000	0.000000	0.052462
8.000000	0.000000	0.051656
8.010000	0.000000	0.050861
8.020000	0.000000	0.050088
8.030000	0.000000	0.049321
8.040000	0.000000	0.048560
8.050000	0.000000	0.047804
8.060000	0.000000	0.047053
8.070000	0.000000	0.046316
8.080000	0.000000	0.045592
8.090000	0.000000	0.044893
8.100000	0.000000	0.044198
8.110000	0.000000	0.043467
8.120000	0.000000	0.042816
8.130000	0.000000	0.042169
8.140000	0.000000	0.041523
8.150000	0.000000	0.040874
8.160000	0.000000	0.040512
8.170000	0.000000	0.039610
8.180000	0.000000	0.039050
8.190000	0.000000	0.038438
8.200000	0.000000	0.037847
8.210000	0.000000	0.037304
8.220000	0.000000	0.036718
8.230000	0.000000	0.036132
8.240000	0.000000	0.035572
8.250000	0.000000	0.035021
8.260000	0.000000	0.034483
8.270000	0.000000	0.033953
8.280000	0.000000	0.033438
8.290000	0.000000	0.032935
8.300000	0.000000	0.032420
8.310000	0.000000	0.031917
8.320000	0.000000	0.031414
8.330000	0.000000	0.030908
8.340000	0.000000	0.030531
8.350000	0.000000	0.029959
8.360000	0.000000	0.029489
8.370000	0.000000	0.029026
8.380000	0.000000	0.028585
8.390000	0.000000	0.028167
8.400000	0.000000	0.027738
8.410000	0.000000	0.027301
8.420000	0.000000	0.026925
8.430000	0.000000	0.026541
8.440000	0.000000	0.026060
8.450000	0.000000	0.025672
8.460000	0.000000	0.025287
8.470000	0.000000	0.024910
8.480000	0.000000	0.024537
8.490000	0.000000	0.024145
8.500000	0.000000	0.023763
8.510000	0.000000	0.023411
8.520000	0.000000	0.023048
8.530000	0.000000	0.022673
8.540000	0.000000	0.022324
8.550000	0.000000	0.021985
8.560000	0.000000	0.021648
8.570000	0.000000	0.021318
8.580000	0.000000	0.020995
8.590000	0.000000	0.020674
8.600000	0.000000	0.020357
8.610000	0.000000	0.020040
8.620000	0.000000	0.019716
8.630000	0.000000	0.019414
8.640000	0.000000	0.019122
8.650000	0.000000	0.018835
8.660000	0.000000	0.018532
8.670000	0.000000	0.018245
8.680000	0.000000	0.017966
8.690000	0.000000	0.017688
8.700000	0.000000	0.017417
8.710000	0.000000	0.017166
8.720000	0.000000	0.016910
8.730000	0.000000	0.016654
8.740000	0.000000	0.016403
8.750000	0.000000	0.016151
8.760000	0.000000	0.015900
8.770000	0.000000	0.015649
8.780000	0.000000	0.015402
8.790000	0.000000	0.015164
8.800000	0.000000	0.014936
8.810000	0.000000	0.014709
8.820000	0.000000	0.014490
8.830000	0.000000	0.014258
8.840000	0.000000	0.014038
8.850000	0.000000	0.013824
8.860000	0.000000	0.013611
8.870000	0.000000	0.013398
8.880000	0.000000	0.013188
8.890000	0.000000	0.012987
8.900000	0.000000	0.012792
8.910000	0.000000	0.012599
8.920000	0.000000	0.012409
8.930000	0.000000	0.012221
8.940000	0.000000	0.012033
8.950000	0.000000	0.011846
8.960000	0.000000	0.011664
8.970000	0.000000	0.011492
8.980000	0.000000	0.011324
8.990000	0.000000	0.011154
9.000000	0.000000	0.010976
9.010000	0.000000	0.010808
9.020000	0.000000	0.010640
9.030000	0.000000	0.010472
9.040000	0.000000	0.010306
9.050000	0.000000	0.010145
9.060000	0.000000	0.009991
9.070000	0.000000	0.009842
9.080000	0.000000	0.009696
9.090000	0.000000	0.009552
9.100000	0.000000	0.009408
9.110000	0.000000	0.009266
9.120000	0.000000	0.009123
9.130000	0.000000	0.008980
9.140000	0.000000	0.008840
9.150000	0.000000	0.008705
9.160000	0.000000	0.008570
9.170000	0.000000	0.008437
9.180000	0.000000	0.008311
9.190000	0.000000	0.008185
9.200000	0.000000	0.008060
9.210000	0.000000	0.007938
9.220000	0.000000	0.007816
9.230000	0.000000	0.007698
9.240000	0.000000	0.007585
9.250000	0.000000	0.007472
9.260000	0.000000	0.007360
9.270000	0.000000	0.007247
9.280000	0.000000	0.007134
9.290000	0.000000	0.007022
9.300000	0.000000	0.006911
9.310000	0.000000	0.006801
9.320000	0.000000	0.006697
9.330000	0.000000	0.006596
9.340000	0.000000	0.006496
9.350000	0.000000	0.006401
9.360000	0.000000	0.006305
9.370000	0.000000	0.006210
9.380000	0.000000	0.006114
9.390000	0.000000	0.006019
9.400000	0.000000	0.005925
9.410000	0.000000	0.005835
9.420000	0.000000	0.005747
9.430000	0.000000	0.005661
9.440000	0.000000	0.005577
9.450000	0.000000	0.005494
9.460000	0.000000	0.005412
9.470000	0.000000	0.005330
9.480000	0.000000	0.005248
9.490000	0.000000	0.005167
9.500000	0.000000	0.005086
9.510000	0.000000	0.005009
9.520000	0.000000	0.004934
9.530000	0.000000	0.004858
9.540000	0.000000	0.004783
9.550000	0.000000	0.004709
9.560000	0.000000	0.004635
9.570000	0.000000	0.004561
9.580000	0.000000	0.004491
9.590000	0.000000	0.004425
9.600000	0.000000	0.004361
9.610000	0.000000	0.004297
9.620000	0.000000	0.004233
9.630000	0.000000	0.004169
9.640000	0.000000	0.004106
9.650000	0.000000	0.004042
9.660000	0.000000	0.003979
9.670000	0.000000	0.003914
9.680000	0.000000	0.003856
9.690000	0.000000	0.003798
9.700000	0.000000	0.003743
9.710000	0.000000	0.003688
9.720000	0.000000	0.003633
9.730000	0.000000	0.003578
9.740000	0.000000	0.003523
9.750000	0.000000	0.003469
9.760000	0.000000	0.003416
9.770000	0.000000	0.003364
9.780000	0.000000	0.003314
9.790000	0.000000	0.003263
9.800000	0.000000	0.003213
9.810000	0.000000	0.003164
9.820000	0.000000	0.003114
9.830000	0.000000	0.003065
9.840000	0.000000	0.003015
9.850000	0.000000	0.002970
9.860000	0.000000	0.002927
9.870000	0.000000	0.002885
9.880000	0.000000	0.002842
9.890000	0.000000	0.002799
9.900000	0.000000	0.002756
9.910000	0.000000	0.002714
9.920000	0.000000	0.002672
9.930000	0.000000	0.002631
9.940000	0.000000	0.002592
9.950000	0.000000	0.002554
9.960000	0.000000	0.002517
9.970000	0.000000	0.002480
9.980000	0.000000	0.002443
9.990000	0.000000	0.002407
10.000000	0.000000	0.002369
10.010000	0.000000	0.002331
10.020000	0.000000	0.002294
10.030000	0.000000	0.002259
10.040000	0.000000	0.002225
10.050000	0.000000	0.002192
10.060000	0.000000	0.002158
10.070000	0.000000	0.002125
10.080000	0.000000	0.002092
10.090000	0.000000	0.002060
10.100000	0.000000	0.002029
10.110000	0.000000	0.001998
10.120000	0.000000	0.001968
10.130000	0.000000	0.001940
10.140000	0.000000	0.001911
10.150000	0.000000	0.001882
10.160000	0.000000	0.001854
10.170000	0.000000	0.001824
10.180000	0.000000	0.001795
10.190000	0.000000	0.001768
10.200000	0.000000	0.001743
10.210000	0.000000	0.001717
10.220000	0.000000	0.001692
10.230000	0.000000	0.001667
10.240000	0.000000	0.001643
10.250000	0.000000	0.001618
10.260000	0.000000	0.001594
10.270000	0.000000	0.001569
10.280000	0.000000	0.001545
10.290000	0.000000	0.001520
10.300000	0.000000	0.001497
10.310000	0.000000	0.001475
10.320000	0.000000	0.001452
10.330000	0.000000	0.001430
10.340000	0.000000	0.001407
10.350000	0.000000	0.001386
10.360000	0.000000	0.001365
10.370000	0.000000	0.001344
10.380000	0.000000	0.001324
10.390000	0.000000	0.001304
10.400000	0.000000	0.001285
10.410000	0.000000	0.001266
10.420000	0.000000	0.001247
10.430000	0.000000	0.001228
10.440000	0.000000	0.001209
10.450000	0.000000	0.001191
10.460000	0.000000	0.001174
10.470000	0.000000	0.001157
10.480000	0.000000	0.001140
10.490000	0.000000	0.001123
10.500000	0.000000	0.001106
10.510000	0.000000	0.001089
10.520000	0.000000	0.001072
10.530000	0.000000	0.001056
10.540000	0.000000	0.001040
10.550000	0.000000	0.001023
10.560000	0.000000	0.001007
10.570000	0.000000	0.000992
10.580000	0.000000	0.000977
10.590000	0.000000	0.000962
10.600000	0.000000	0.000948
10.610000	0.000000	0.000934
10.620000	0.000000	0.000920
10.630000	0.000000	0.000906
10.640000	0.000000	0.000892
10.650000	0.000000	0.000879
10.660000	0.000000	0.000865
10.670000	0.000000	0.000852
10.680000	0.000000	0.000839
10.690000	0.000000	0.000826
10.700000	0.000000	0.000814
10.710000	0.000000	0.000802
10.720000	0.000000	0.000790
10.730000	0.000000	0.000779
10.740000	0.000000	0.000767
10.750000	0.000000	0.000756
10.760000	0.000000	0.000745
10.770000	0.000000	0.000734
10.780000	0.000000	0.000723
10.790000	0.000000	0.000712
10.800000	0.000000	0.000701
10.810000	0.000000	0.000690
10.820000	0.000000	0.000679
10.830000	0.000000	0.000668
10.840000	0.000000	0.000658
10.850000	0.000000	0.000648
10.860000	0.000000	0.000639
10.870000	0.000000	0.000629
10.880000	0.000000	0.000620
10.890000	0.000000	0.000610
10.900000	0.000000	0.000601
10.910000	0.000000	0.000592
10.920000	0.000000	0.000583
10.930000	0.000000	0.000574
10.940000	0.000000	0.000566
10.950000	0.000000	0.000557
10.960000	0.000000	0.000549
10.970000	0.000000	0.000541
10.980000	0.000000	0.000533
10.990000	0.000000	0.000526
11.000000	0.000000	0.000518
11.010000	0.000000	0.000510
11.020000	0.000000	0.000502
11.030000	0.000000	0.000495
11.040000	0.000000	0.000487
11.050000	0.000000	0.000480
11.060000	0.000000	0.000473
11.070000	0.000000	0.000465
11.080000	0.000000	0.000458
11.090000	0.000000	0.000451
11.100000	0.000000	0.000444
11.110000	0.000000	0.000437
11.120000	0.000000	0.000431
11.130000	0.000000	0.000425
11.140000	0.000000	0.000418
11.150000	0.000000	0.000412
11.160000	0.000000	0.000406
11.170000	0.000000	0.000399
11.180000	0.000000	0.000393
11.190000	0.000000	0.000387
11.200000	0.000000	0.000381
11.210000	0.000000	0.000376
11.220000	0.000000	0.000370
11.230000	0.000000	0.000365
11.240000	0.000000	0.000359
11.250000	0.000000	0.000354
11.260000	0.000000	0.000349
11.270000	0.000000	0.000344
11.280000	0.000000	0.000339
11.290000	0.000000	0.000334
11.300000	0.000000	0.000329
11.310000	0.000000	0.000324
11.320000	0.000000	0.000319
11.330000	0.000000	0.000314
11.340000	0.000000	0.000309
11.350000	0.000000	0.000304
11.360000	0.000000	0.000300
11.370000	0.000000	0.000295
11.380000	0.000000	0.000291
11.390000	0.000000	0.000286
11.400000	0.000000	0.000282
11.410000	0.000000	0.000278
11.420000	0.000000	0.000274
11.430000	0.000000	0.000270
11.440000	0.000000	0.000265
11.450000	0.000000	0.000261
11.460000	0.000000	0.000257
11.470000	0.000000	0.000254
11.480000	0.000000	0.000250
11.490000	0.000000	0.000246
11.500000	0.000000	0.000243
11.510000	0.000000	0.000239
11.520000	0.000000	0.000236
11.530000	0.000000	0.000232
11.540000	0.000000	0.000229
11.550000	0.000000	0.000225
11.560000	0.000000	0.000222
11.570000	0.000000	0.000219
11.580000	0.000000	0.000215
11.590000	0.000000	0.000212
11.600000	0.000000	0.000209
11.610000	0.000000	0.000206
11.620000	0.000000	0.000203
11.630000	0.000000	0.000199
11.640000	0.000000	0.000196
11.650000	0.000000	0.000194
11.660000	0.000000	0.000191
11.670000	0.000000	0.000188
11.680000	0.000000	0.000185
11.690000	0.000000	0.000182
11.700000	0.000000	0.000179
11.710000	0.000000	0.000177
11.720000	0.000000	0.000174
11.730000	0.000000	0.000171
11.740000	0.000000	0.000169
11.750000	0.000000	0.000166
11.760000	0.000000	0.000164
11.770000	0.000000	0.000161
11.780000	0.000000	0.000159
11.790000	0.000000	0.000157
11.800000	0.000000	0.000155
11.810000	0.000000	0.000152
11.820000	0.000000	0.000150
11.830000	0.000000	0.000148
11.840000	0.000000	0.000146
11.850000	0.000000	0.000143
11.860000	0.000000	0.000141
11.870000	0.000000	0.000139
11.880000	0.000000	0.000137
11.890000	0.000000	0.000135
11.900000	0.000000	0.000133
11.910000	0.000000	0.000131
11.920000	0.000000	0.000129
11.930000	0.000000	0.000127
11.940000	0.000000	0.000125
11.950000	0.000000	0.000123
11.960000	0.000000	0.000121
11.970000	0.000000	0.000119
11.980000	0.000000	0.000118
11.990000	0.000000	0.000116
12.000000	0.000000	0.000114
12.010000	0.000000	0.000112
12.020000	0.000000	0.000111
12.030000	0.000000	0.000109
12.040000	0.000000	0.000107
12.050000	0.000000	0.000106
12.060000	0.000000	0.000104
12.070000	0.000000	0.000103
12.080000	0.000000	0.000101
12.090000	0.000000	0.000100
12.100000	0.000000	0.000098
12.110000	0.000000	0.000097
12.120000	0.000000	0.000095
12.130000	0.000000	0.000094
12.140000	0.000000	0.000093
12.150000	0.000000	0.000091
12.160000	0.000000	0.000090
12.170000	0.000000	0.000088
12.180000	0.000000	0.000087
12.190000	0.000000	0.000086
12.200000	0.000000	0.000084
12.210000	0.000000	0.000083
12.220000	0.000000	0.000082
12.230000	0.000000	0.000081
12.240000	0.000000	0.000080
12.250000	0.000000	0.000078
12.260000	0.000000	0.000077
12.270000	0.000000	0.000076
12.280000	0.000000	0.000075
12.290000	0.000000	0.000074
12.300000	0.000000	0.000073
12.310000	0.000000	0.000072
12.320000	0.000000	0.000071
12.330000	0.000000	0.000070
12.340000	0.000000	0.000069
12.350000	0.000000	0.000068
12.360000	0.000000	0.000066
12.370000	0.000000	0.000066
12.380000	0.000000	0.000065
12.390000	0.000000	0.000064
12.400000	0.000000	0.000063
12.410000	0.000000	0.000062
12.420000	0.000000	0.000061
12.430000	0.000000	0.000060
12.440000	0.000000	0.000059
12.450000	0.000000	0.000058
12.460000	0.000000	0.000057
12.470000	0.000000	0.000056
12.480000	0.000000	0.000056
12.490000	0.000000	0.000055
12.500000	0.000000	0.000054
12.510000	0.000000	0.000053
12.520000	0.000000	0.000052
12.530000	0.000000	0.000051
12.540000	0.000000	0.000051
12.550000	0.000000	0.000050
12.560000	0.000000	0.000049
12.570000	0.000000	0.000048
12.580000	0.000000	0.000048
12.590000	0.000000	0.000047
12.600000	0.000000	0.000046
12.610000	0.000000	0.000046
12.620000	0.000000	0.000045
12.630000	0.000000	0.000044
12.640000	0.000000	0.000044
12.650000	0.000000	0.000043
12.660000	0.000000	0.000042
12.670000	0.000000	0.000042
12.680000	0.000000	0.000041
12.690000	0.000000	0.000041
12.700000	0.000000	0.000040
12.710000	0.000000	0.000039
12.720000	0.000000	0.000039
12.730000	0.000000	0.000038
12.740000	0.000000	0.000038
12.750000	0.000000	0.000037
12.760000	0.000000	0.000036
12.770000	0.000000	0.000036
12.780000	0.000000	0.000035
12.790000	0.000000	0.000035
12.800000	0.000000	0.000034
12.810000	0.000000	0.000034
12.820000	0.000000	0.000033
12.830000	0.000000	0.000033
12.840000	0.000000	0.000032
12.850000	0.000000	0.000032
12.860000	0.000000	0.000031
12.870000	0.000000	0.000031
12.880000	0.000000	0.000030
12.890000	0.000000	0.000030
12.900000	0.000000	0.000030
12.910000	0.000000	0.000029
12.920000	0.000000	0.000029
12.930000	0.000000	0.000028
12.940000	0.000000	0.000028
12.950000	0.000000	0.000028
12.960000	0.000000	0.000027
12.970000	0.000000	0.000027
12.980000	0.000000	0.000026
12.990000	0.000000	0.000026
13.000000	0.000000	0.000025
13.010000	0.000000	0.000025
13.020000	0.000000	0.000025
13.030000	0.000000	0.000024
13.040000	0.000000	0.000024
13.050000	0.000000	0.000024
13.060000	0.000000	0.000023
13.070000	0.000000	0.000023
13.080000	0.000000	0.000023
13.090000	0.000000	0.000022
13.100000	0.000000	0.000022
13.110000	0.000000	0.000022
13.120000	0.000000	0.000021
13.130000	0.000000	0.000021
13.140000	0.000000	0.000021
13.150000	0.000000	0.000020
13.160000	0.000000	0.000020
13.170000	0.000000	0.000020
13.180000	0.000000	0.000020
13.190000	0.000000	0.000019
13.200000	0.000000	0.000019
13.210000	0.000000	0.000019
13.220000	0.000000	0.000018
13.230000	0.000000	0.000018
13.240000	0.000000	0.000018
13.250000	0.000000	0.000018
13.260000	0.000000	0.000017
13.270000	0.000000	0.000017
13.280000	0.000000	0.000017
13.290000	0.000000	0.000017
13.300000	0.000000	0.000016
13.310000	0.000000	0.000016
13.320000	0.000000	0.000016
13.330000	0.000000	0.000016
13.340000	0.000000	0.000015
13.350000	0.000000	0.000015
13.360000	0.000000	0.000015
13.370000	0.000000	0.000015
13.380000	0.000000	0.000014
13.390000	0.000000	0.000014
13.400000	0.000000	0.000014
13.410000	0.000000	0.000014
13.420000	0.000000	0.000014
13.430000	0.000000	0.000013
13.440000	0.000000	0.000013
13.450000	0.000000	0.000013
13.460000	0.000000	0.000013
13.470000	0.000000	0.000013
13.480000	0.000000	0.000012
13.490000	0.000000	0.000012
13.500000	0.000000	0.000012
13.510000	0.000000	0.000012
13.520000	0.000000	0.000012
13.530000	0.000000	0.000012
13.540000	0.000000	0.000011
13.550000	0.000000	0.000011
13.560000	0.000000	0.000011
13.570000	0.000000	0.000011
13.580000	0.000000	0.000011
13.590000	0.000000	0.000011
13.600000	0.000000	0.000010
13.610000	0.000000	0.000010
13.620000	0.000000	0.000010
13.630000	0.000000	0.000010
13.640000	0.000000	0.000010
13.650000	0.000000	0.000010
13.660000	0.000000	0.000009
13.670000	0.000000	0.000009
13.680000	0.000000	0.000009
13.690000	0.000000	0.000009
13.700000	0.000000	0.000009
13.710000	0.000000	0.000009
13.720000	0.000000	0.000009
13.730000	0.000000	0.000009
13.740000	0.000000	0.000008
13.750000	0.000000	0.000008
13.760000	0.000000	0.000008
13.770000	0.000000	0.000008
13.780000	0.000000	0.000008
13.790000	0.000000	0.000008
13.800000	0.000000	0.000008
13.810000	0.000000	0.000008
13.820000	0.000000	0.000007
13.830000	0.000000	0.000007
13.840000	0.000000	0.000007
13.850000	0.000000	0.000007
13.860000	0.000000	0.000007
13.870000	0.000000	0.000007
13.880000	0.000000	0.000007
13.890000	0.000000	0.000007
13.900000	0.000000	0.000007
13.910000	0.000000	0.000007
13.920000	0.000000	0.000006
13.930000	0.000000	0.000006
13.940000	0.000000	0.000006
13.950000	0.000000	0.000006
13.960000	0.000000	0.000006
13.970000	0.000000	0.000006
13.980000	0.000000	0.000006
13.990000	0.000000	0.000006
14.000000	0.000000	0.000006
14.010000	0.000000	0.000006
14.020000	0.000000	0.000006
14.030000	0.000000	0.000005
14.040000	0.000000	0.000005
14.050000	0.000000	0.000005
14.060000	0.000000	0.000005
14.070000	0.000000	0.000005
14.080000	0.000000	0.000005
14.090000	0.000000	0.000005
14.100000	0.000000	0.000005
14.110000	0.000000	0.000005
14.120000	0.000000	0.000005
14.130000	0.000000	0.000005
14.140000	0.000000	0.000005
14.150000	0.000000	0.000005
14.160000	0.000000	0.000005
14.170000	0.000000	0.000004
14.180000	0.000000	0.000004
14.190000	0.000000	0.000004
14.200000	0.000000	0.000004
14.210000	0.000000	0.000004
14.220000	0.000000	0.000004
14.230000	0.000000	0.000004
14.240000	0.000000	0.000004
14.250000	0.000000	0.000004
14.260000	0.000000	0.000004
14.270000	0.000000	0.000004
14.280000	0.000000	0.000004
14.290000	0.000000	0.000004
14.300000	0.000000	0.000004
14.310000	0.000000	0.000004
14.320000	0.000000	0.000004
14.330000	0.000000	0.000004
14.340000	0.000000	0.000003
14.350000	0.000000	0.000003
14.360000	0.000000	0.000003
14.370000	0.000000	0.000003
14.380000	0.000000	0.000003
14.390000	0.000000	0.000003
14.400000	0.000000	0.000003
14.410000	0.000000	0.000003
14.420000	0.000000	0.000003
14.430000	0.000000	0.000003
14.440000	0.000000	0.000003
14.450000	0.000000	0.000003
14.460000	0.000000	0.000003
14.470000	0.000000	0.000003
14.480000	0.000000	0.000003
14.490000	0.000000	0.000003
14.500000	0.000000	0.000003
14.510000	0.000000	0.000003
14.520000	0.000000	0.000003
14.530000	0.000000	0.000003
14.540000	0.000000	0.000003
14.550000	0.000000	0.000003
14.560000	0.000000	0.000002
14.570000	0.000000	0.000002
14.580000	0.000000	0.000002
14.590000	0.000000	0.000002
14.600000	0.000000	0.000002
14.610000	0.000000	0.000002
14.620000	0.000000	0.000002
14.630000	0.000000	0.000002
14.640000	0.000000	0.000002
14.650000	0.000000	0.000002
14.660000	0.000000	0.000002
14.670000	0.000000	0.000002
14.680000	0.000000	0.000002
14.690000	0.000000	0.000002
14.700000	0.000000	0.000002
14.710000	0.000000	0.000002
14.720000	0.000000	0.000002
14.730000	0.000000	0.000002
14.740000	0.000000	0.000002
14.750000	0.000000	0.000002
14.760000	0.000000	0.000002
14.770000	0.000000	0.000002
14.780000	0.000000	0.000002
14.790000	0.000000	0.000002
14.800000	0.000000	0.000002
14.810000	0.000000	0.000002
14.820000	0.000000	0.000002
14.830000	0.000000	0.000002
14.840000	0.000000	0.000002
14.850000	0.000000	0.000002
14.860000	0.000000	0.000002
14.870000	0.000000	0.000002
14.880000	0.000000	0.000002
14.890000	0.000000	0.000002
14.900000	0.000000	0.000002
14.910000	0.000000	0.000001
14.920000	0.000000	0.000001
14.930000	0.000000	0.000001
14.940000	0.000000	0.000001
14.950000	0.000000	0.000001
14.960000	0.000000	0.000001
14.970000	0.000000	0.000001
14.980000	0.000000	0.000001
14.990000	0.000000	0.000001
15.000000	0.000000	0.000001
15.010000	0.000000	0.000001
15.020000	0.000000	0.000001
15.030000	0.000000	0.000001
15.040000	0.000000	0.000001
15.050000	0.000000	0.000001
15.060000	0.000000	0.000001
15.070000	0.000000	0.000001
15.080000	0.000000	0.000001
15.090000	0.000000	0.000001
15.100000	0.000000	0.000001
15.110000	0.000000	0.000001
15.120000	0.000000	0.000001
15.130000	0.000000	0.000001
15.140000	0.000000	0.000001
15.150000	0.000000	0.000001
15.160000	0.000000	0.000001
15.170000	0.000000	0.000001
15.180000	0.000000	9.9e-07
15.190000	0.000000	9.8e-07
15.200000	0.000000	9.7e-07
15.210000	0.000000	9.5e-07
15.220000	0.000000	9.4e-07
15.230000	0.000000	9.2e-07
15.240000	0.000000	9.1e-07
15.250000	0.000000	9.0e-07
15.260000	0.000000	8.8e-07
15.270000	0.000000	8.7e-07
15.280000	0.000000	8.6e-07
15.290000	0.000000	8.4e-07
15.300000	0.000000	8.3e-07
15.310000	0.000000	8.2e-07
15.320000	0.000000	8.1e-07
15.330000	0.000000	8.0e-07
15.340000	0.000000	7.9e-07
15.350000	0.000000	7.8e-07
15.360000	0.000000	7.6e-07
15.370000	0.000000	7.5e-07
15.380000	0.000000	7.4e-07
15.390000	0.000000	7.3e-07
15.400000	0.000000	7.2e-07
15.410000	0.000000	7.1e-07
15.420000	0.000000	7.0e-07
15.430000	0.000000	6.9e-07
15.440000	0.000000	6.8e-07
15.450000	0.000000	6.7e-07
15.460000	0.000000	6.6e-07
15.470000	0.000000	6.5e-07
15.480000	0.000000	6.4e-07
15.490000	0.000000	6.3e-07
15.500000	0.000000	6.2e-07
15.510000	0.000000	6.1e-07
15.520000	0.000000	6.0e-07
15.530000	0.000000	5.9e-07
15.540000	0.000000	5.8e-07
15.550000	0.000000	5.7e-07
15.560000	0.000000	5.7e-07
15.570000	0.000000	5.6e-07
15.580000	0.000000	5.5e-07
15.590000	0.000000	5.4e-07
15.600000	0.000000	5.4e-07
15.610000	0.000000	5.3e-07
15.620000	0.000000	5.2e-07
15.630000	0.000000	5.1e-07
15.640000	0.000000	5.1e-07
15.650000	0.000000	5.0e-07
15.660000	0.000000	4.9e-07
15.670000	0.000000	4.8e-07
15.680000	0.000000	4.8e-07
15.690000	0.000000	4.7e-07
15.700000	0.000000	4.6e-07
15.710000	0.000000	4.5e-07
15.720000	0.000000	4.5e-07
15.730000	0.000000	4.4e-07
15.740000	0.000000	4.3e-07
15.750000	0.000000	4.3e-07
15.760000	0.000000	4.2e-07
15.770000	0.000000	4.2e-07
15.780000	0.000000	4.1e-07
15.790000	0.000000	4.0e-07
15.800000	0.000000	4.0e-07
15.810000	0.000000	3.9e-07
15.820000	0.000000	3.9e-07
15.830000	0.000000	3.8e-07
15.840000	0.000000	3.8e-07
15.850000	0.000000	3.7e-07
15.860000	0.000000	3.6e-07
15.870000	0.000000	3.6e-07
15.880000	0.000000	3.5e-07
15.890000	0.000000	3.5e-07
15.900000	0.000000	3.4e-07
15.910000	0.000000	3.4e-07
15.920000	0.000000	3.3e-07
15.930000	0.000000	3.3e-07
15.940000	0.000000	3.2e-07
15.950000	0.000000	3.2e-07
15.960000	0.000000	3.1e-07
15.970000	0.000000	3.1e-07
15.980000	0.000000	3.1e-07
15.990000	0.000000	3.0e-07
16.000000	0.000000	3.0e-07
16.010000	0.000000	2.9e-07
16.020000	0.000000	2.9e-07
16.030000	0.000000	2.8e-07
16.040000	0.000000	2.8e-07
16.050000	0.000000	2.7e-07
16.060000	0.000000	2.7e-07
16.070000	0.000000	2.7e-07
16.080000	0.000000	2.6e-07
16.090000	0.000000	2.6e-07
16.100000	0.000000	2.6e-07
16.110000	0.000000	2.5e-07
16.120000	0.000000	2.5e-07
16.130000	0.000000	2.4e-07
16.140000	0.000000	2.4e-07
16.150000	0.000000	2.4e-07
16.160000	0.000000	2.3e-07
16.170000	0.000000	2.3e-07
16.180000	0.000000	2.3e-07
16.190000	0.000000	2.2e-07
16.200000	0.000000	2.2e-07
16.210000	0.000000	2.2e-07
16.220000	0.000000	2.1e-07
16.230000	0.000000	2.1e-07
16.240000	0.000000	2.1e-07
16.250000	0.000000	2.1e-07
16.260000	0.000000	2.0e-07
16.270000	0.000000	2.0e-07
16.280000	0.000000	2.0e-07
16.290000	0.000000	1.9e-07
16.300000	0.000000	1.9e-07
16.310000	0.000000	1.9e-07
16.320000	0.000000	1.8e-07
16.330000	0.000000	1.8e-07
16.340000	0.000000	1.8e-07
16.350000	0.000000	1.8e-07
16.360000	0.000000	1.7e-07
16.370000	0.000000	1.7e-07
16.380000	0.000000	1.7e-07
16.390000	0.000000	1.7e-07
16.400000	0.000000	1.6e-07
16.410000	0.000000	1.6e-07
16.420000	0.000000	1.6e-07
16.430000	0.000000	1.6e-07
16.440000	0.000000	1.6e-07
16.450000	0.000000	1.5e-07
16.460000	0.000000	1.5e-07
16.470000	0.000000	1.5e-07
16.480000	0.000000	1.5e-07
16.490000	0.000000	1.4e-07
16.500000	0.000000	1.4e-07
16.510000	0.000000	1.4e-07
16.520000	0.000000	1.4e-07
16.530000	0.000000	1.4e-07
16.540000	0.000000	1.3e-07
16.550000	0.000000	1.3e-07
16.560000	0.000000	1.3e-07
16.570000	0.000000	1.3e-07
16.580000	0.000000	1.3e-07
16.590000	0.000000	1.2e-07
16.600000	0.000000	1.2e-07
16.610000	0.000000	1.2e-07
16.620000	0.000000	1.2e-07
16.630000	0.000000	1.2e-07
16.640000	0.000000	1.2e-07
16.650000	0.000000	1.1e-07
16.660000	0.000000	1.1e-07
16.670000	0.000000	1.1e-07
16.680000	0.000000	1.1e-07
16.690000	0.000000	1.1e-07
16.700000	0.000000	1.1e-07
16.710000	0.000000	1.0e-07
16.720000	0.000000	1.0e-07
16.730000	0.000000	1.0e-07
16.740000	0.000000	1.0e-07
16.750000	0.000000	9.8e-08
16.760000	0.000000	9.7e-08
16.770000	0.000000	9.6e-08
16.780000	0.000000	9.4e-08
16.790000	0.000000	9.3e-08
16.800000	0.000000	9.1e-08
16.810000	0.000000	9.0e-08
16.820000	0.000000	8.9e-08
16.830000	0.000000	8.7e-08
16.840000	0.000000	8.6e-08
16.850000	0.000000	8.5e-08
16.860000	0.000000	8.3e-08
16.870000	0.000000	8.2e-08
16.880000	0.000000	8.1e-08
16.890000	0.000000	8.0e-08
16.900000	0.000000	7.9e-08
16.910000	0.000000	7.8e-08
16.920000	0.000000	7.6e-08
16.930000	0.000000	7.5e-08
16.940000	0.000000	7.4e-08
16.950000	0.000000	7.3e-08
16.960000	0.000000	7.2e-08
16.970000	0.000000	7.1e-08
16.980000	0.000000	7.0e-08
16.990000	0.000000	6.9e-08
17.000000	0.000000	6.8e-08
17.010000	0.000000	6.7e-08
17.020000	0.000000	6.6e-08
17.030000	0.000000	6.5e-08
17.040000	0.000000	6.4e-08
17.050000	0.000000	6.3e-08
17.060000	0.000000	6.2e-08
17.070000	0.000000	6.1e-08
17.080000	0.000000	6.0e-08
17.090000	0.000000	6.0e-08
17.100000	0.000000	5.9e-08
17.110000	0.000000	5.8e-08
17.120000	0.000000	5.7e-08
17.130000	0.000000	5.6e-08
17.140000	0.000000	5.5e-08
17.150000	0.000000	5.5e-08
17.160000	0.000000	5.4e-08
17.170000	0.000000	5.3e-08
17.180000	0.000000	5.2e-08
17.190000	0.000000	5.1e-08
17.200000	0.000000	5.1e-08
17.210000	0.000000	5.0e-08
17.220000	0.000000	4.9e-08
17.230000	0.000000	4.9e-08
17.240000	0.000000	4.8e-08
17.250000	0.000000	4.7e-08
17.260000	0.000000	4.7e-08
17.270000	0.000000	4.6e-08
17.280000	0.000000	4.5e-08
17.290000	0.000000	4.5e-08
17.300000	0.000000	4.4e-08
17.310000	0.000000	4.3e-08
17.320000	0.000000	4.3e-08
17.330000	0.000000	4.2e-08
17.340000	0.000000	4.1e-08
17.350000	0.000000	4.1e-08
17.360000	0.000000	4.0e-08
17.370000	0.000000	4.0e-08
17.380000	0.000000	3.9e-08
17.390000	0.000000	3.8e-08
17.400000	0.000000	3.8e-08
17.410000	0.000000	3.7e-08
17.420000	0.000000	3.7e-08
17.430000	0.000000	3.6e-08
17.440000	0.000000	3.6e-08
17.450000	0.000000	3.5e-08
17.460000	0.000000	3.5e-08
17.470000	0.000000	3.4e-08
17.480000	0.000000	3.4e-08
17.490000	0.000000	3.3e-08
17.500000	0.000000	3.3e-08
17.510000	0.000000	3.2e-08
17.520000	0.000000	3.2e-08
17.530000	0.000000	3.1e-08
17.540000	0.000000	3.1e-08
17.550000	0.000000	3.0e-08
17.560000	0.000000	3.0e-08
17.570000	0.000000	3.0e-08
17.580000	0.000000	2.9e-08
17.590000	0.000000	2.9e-08
17.600000	0.000000	2.8e-08
17.610000	0.000000	2.8e-08
17.620000	0.000000	2.7e-08
17.630000	0.000000	2.7e-08
17.640000	0.000000	2.7e-08
17.650000	0.000000	2.6e-08
17.660000	0.000000	2.6e-08
17.670000	0.000000	2.5e-08
17.680000	0.000000	2.5e-08
17.690000	0.000000	2.5e-08
17.700000	0.000000	2.4e-08
17.710000	0.000000	2.4e-08
17.720000	0.000000	2.4e-08
17.730000	0.000000	2.3e-08
17.740000	0.000000	2.3e-08
17.750000	0.000000	2.3e-08
17.760000	0.000000	2.2e-08
17.770000	0.000000	2.2e-08
17.780000	0.000000	2.2e-08
17.790000	0.000000	2.1e-08
17.800000	0.000000	2.1e-08
17.810000	0.000000	2.1e-08
17.820000	0.000000	2.0e-08
17.830000	0.000000	2.0e-08
17.840000	0.000000	2.0e-08
17.850000	0.000000	2.0e-08
17.860000	0.000000	1.9e-08
17.870000	0.000000	1.9e-08
17.880000	0.000000	1.9e-08
17.890000	0.000000	1.8e-08
17.900000	0.000000	1.8e-08
17.910000	0.000000	1.8e-08
17.920000	0.000000	1.8e-08
17.930000	0.000000	1.7e-08
17.940000	0.000000	1.7e-08
17.950000	0.000000	1.7e-08
17.960000	0.000000	1.7e-08
17.970000	0.000000	1.6e-08
17.980000	0.000000	1.6e-08
17.990000	0.000000	1.6e-08
18.000000	0.000000	1.6e-08
18.010000	0.000000	1.5e-08
18.020000	0.000000	1.5e-08
18.030000	0.000000	1.5e-08
18.040000	0.000000	1.5e-08
18.050000	0.000000	1.5e-08
18.060000	0.000000	1.4e-08
18.070000	0.000000	1.4e-08
18.080000	0.000000	1.4e-08
18.090000	0.000000	1.4e-08
18.100000	0.000000	1.4e-08
18.110000	0.000000	1.3e-08
18.120000	0.000000	1.3e-08
18.130000	0.000000	1.3e-08
18.140000	0.000000	1.3e-08
18.150000	0.000000	1.3e-08
18.160000	0.000000	1.2e-08
18.170000	0.000000	1.2e-08
18.180000	0.000000	1.2e-08
18.190000	0.000000	1.2e-08
18.200000	0.000000	1.2e-08
18.210000	0.000000	1.2e-08
18.220000	0.000000	1.1e-08
18.230000	0.000000	1.1e-08
18.240000	0.000000	1.1e-08
18.250000	0.000000	1.1e-08
18.260000	0.000000	1.1e-08
18.270000	0.000000	1.1e-08
18.280000	0.000000	1.0e-08
18.290000	0.000000	1.0e-08
18.300000	0.000000	1.0e-08
18.310000	0.000000	1.0e-08
18.320000	0.000000	9.8e-09
18.330000	0.000000	9.7e-09
18.340000	0.000000	9.6e-09
18.350000	0.000000	9.4e-09
18.360000	0.000000	9.3e-09
18.370000	0.000000	9.2e-09
18.380000	0.000000	9.0e-09
18.390000	0.000000	8.9e-09
18.400000	0.000000	8.8e-09
18.410000	0.000000	8.6e-09
18.420000	0.000000	8.5e-09
18.430000	0.000000	8.4e-09
18.440000	0.000000	8.3e-09
18.450000	0.000000	8.1e-09
18.460000	0.000000	8.0e-09
18.470000	0.000000	7.9e-09
18.480000	0.000000	7.8e-09
18.490000	0.000000	7.7e-09
18.500000	0.000000	7.5e-09
18.510000	0.000000	7.4e-09
18.520000	0.000000	7.3e-09
18.530000	0.000000	7.2e-09
18.540000	0.000000	7.1e-09
18.550000	0.000000	7.0e-09
18.560000	0.000000	6.9e-09
18.570000	0.000000	6.8e-09
18.580000	0.000000	6.7e-09
18.590000	0.000000	6.6e-09
18.600000	0.000000	6.5e-09
18.610000	0.000000	6.4e-09
18.620000	0.000000	6.3e-09
18.630000	0.000000	6.3e-09
18.640000	0.000000	6.2e-09
18.650000	0.000000	6.1e-09
18.660000	0.000000	6.0e-09
18.670000	0.000000	5.9e-09
18.680000	0.000000	5.8e-09
18.690000	0.000000	5.7e-09
18.700000	0.000000	5.7e-09
18.710000	0.000000	5.6e-09
18.720000	0.000000	5.5e-09
18.730000	0.000000	5.4e-09
18.740000	0.000000	5.3e-09
18.750000	0.000000	5.2e-09
18.760000	0.000000	5.2e-09
18.770000	0.000000	5.1e-09
18.780000	0.000000	5.0e-09
18.790000	0.000000	4.9e-09
18.800000	0.000000	4.9e-09
18.810000	0.000000	4.8e-09
18.820000	0.000000	4.7e-09
18.830000	0.000000	4.7e-09
18.840000	0.000000	4.6e-09
18.850000	0.000000	4.5e-09
18.860000	0.000000	4.5e-09
18.870000	0.000000	4.4e-09
18.880000	0.000000	4.3e-09
18.890000	0.000000	4.3e-09
18.900000	0.000000	4.2e-09
18.910000	0.000000	4.2e-09
18.920000	0.000000	4.1e-09
18.930000	0.000000	4.0e-09
18.940000	0.000000	4.0e-09
18.950000	0.000000	3.9e-09
18.960000	0.000000	3.9e-09
18.970000	0.000000	3.8e-09
18.980000	0.000000	3.8e-09
18.990000	0.000000	3.7e-09
19.000000	0.000000	3.6e-09
19.010000	0.000000	3.6e-09
19.020000	0.000000	3.5e-09
19.030000	0.000000	3.5e-09
19.040000	0.000000	3.4e-09
19.050000	0.000000	3.4e-09
19.060000	0.000000	3.3e-09
19.070000	0.000000	3.3e-09
19.080000	0.000000	3.2e-09
19.090000	0.000000	3.2e-09
19.100000	0.000000	3.1e-09
19.110000	0.000000	3.1e-09
19.120000	0.000000	3.1e-09
19.130000	0.000000	3.0e-09
19.140000	0.000000	3.0e-09
19.150000	0.000000	2.9e-09
19.160000	0.000000	2.9e-09
19.170000	0.000000	2.8e-09
19.180000	0.000000	2.8e-09
19.190000	0.000000	2.8e-09
19.200000	0.000000	2.7e-09
19.210000	0.000000	2.7e-09
19.220000	0.000000	2.6e-09
19.230000	0.000000	2.6e-09
19.240000	0.000000	2.6e-09
19.250000	0.000000	2.5e-09
19.260000	0.000000	2.5e-09
19.270000	0.000000	2.5e-09
19.280000	0.000000	2.4e-09
19.290000	0.000000	2.4e-09
19.300000	0.000000	2.3e-09
19.310000	0.000000	2.3e-09
19.320000	0.000000	2.3e-09
19.330000	0.000000	2.2e-09
19.340000	0.000000	2.2e-09
19.350000	0.000000	2.2e-09
19.360000	0.000000	2.1e-09
19.370000	0.000000	2.1e-09
19.380000	0.000000	2.1e-09
19.390000	0.000000	2.1e-09
19.400000	0.000000	2.0e-09
19.410000	0.000000	2.0e-09
19.420000	0.000000	2.0e-09
19.430000	0.000000	1.9e-09
19.440000	0.000000	1.9e-09
19.450000	0.000000	1.9e-09
19.460000	0.000000	1.9e-09
19.470000	0.000000	1.8e-09
19.480000	0.000000	1.8e-09
19.490000	0.000000	1.8e-09
19.500000	0.000000	1.8e-09
19.510000	0.000000	1.7e-09
19.520000	0.000000	1.7e-09
19.530000	0.000000	1.7e-09
19.540000	0.000000	1.7e-09
19.550000	0.000000	1.6e-09
19.560000	0.000000	1.6e-09
19.570000	0.000000	1.6e-09
19.580000	0.000000	1.6e-09
19.590000	0.000000	1.5e-09
19.600000	0.000000	1.5e-09
19.610000	0.000000	1.5e-09
19.620000	0.000000	1.5e-09
19.630000	0.000000	1.4e-09
19.640000	0.000000	1.4e-09
19.650000	0.000000	1.4e-09
19.660000	0.000000	1.4e-09
19.670000	0.000000	1.4e-09
19.680000	0.000000	1.4e-09
19.690000	0.000000	1.3e-09
19.700000	0.000000	1.3e-09
19.710000	0.000000	1.3e-09
19.720000	0.000000	1.3e-09
19.730000	0.000000	1.3e-09
19.740000	0.000000	1.2e-09
19.750000	0.000000	1.2e-09
19.760000	0.000000	1.2e-09
19.770000	0.000000	1.2e-09
19.780000	0.000000	1.2e-09
19.790000	0.000000	1.2e-09
19.800000	0.000000	1.1e-09
19.810000	0.000000	1.1e-09
19.820000	0.000000	1.1e-09
19.830000	0.000000	1.1e-09
19.840000	0.000000	1.1e-09
19.850000	0.000000	1.1e-09
19.860000	0.000000	1.0e-09
19.870000	0.000000	1.0e-09
19.880000	0.000000	1.0e-09
19.890000	0.000000	9.9e-10
19.900000	0.000000	9.8e-10
19.910000	0.000000	9.6e-10
19.920000	0.000000	9.5e-10
19.930000	0.000000	9.4e-10
19.940000	0.000000	9.2e-10
19.950000	0.000000	9.1e-10
19.960000	0.000000	9.0e-10
19.970000	0.000000	8.9e-10
19.980000	0.000000	8.7e-10
19.990000	0.000000	8.6e-10
20.000000	0.000000	8.5e-10
20.010000	0.000000	8.4e-10
20.020000	0.000000	8.3e-10
20.030000	0.000000	8.1e-10
20.040000	0.000000	8.0e-10
20.050000	0.000000	7.9e-10
20.060000	0.000000	7.8e-10
20.070000	0.000000	7.7e-10
20.080000	0.000000	7.6e-10
20.090000	0.000000	7.5e-10
20.100000	0.000000	7.3e-10
20.110000	0.000000	7.2e-10
20.120000	0.000000	7.1e-10
20.130000	0.000000	7.0e-10
20.140000	0.000000	6.9e-10
20.150000	0.000000	6.8e-10
20.160000	0.000000	6.7e-10
20.170000	0.000000	6.6e-10
20.180000	0.000000	6.5e-10
20.190000	0.000000	6.4e-10
20.200000	0.000000	6.3e-10
20.210000	0.000000	6.2e-10
20.220000	0.000000	6.2e-10
20.230000	0.000000	6.1e-10
20.240000	0.000000	6.0e-10
20.250000	0.000000	5.9e-10
20.260000	0.000000	5.8e-10
20.270000	0.000000	5.7e-10
20.280000	0.000000	5.6e-10
20.290000	0.000000	5.6e-10
20.300000	0.000000	5.5e-10
20.310000	0.000000	5.4e-10
20.320000	0.000000	5.3e-10
20.330000	0.000000	5.3e-10
20.340000	0.000000	5.2e-10
20.350000	0.000000	5.1e-10
20.360000	0.000000	5.0e-10
20.370000	0.000000	5.0e-10
20.380000	0.000000	4.9e-10
20.390000	0.000000	4.8e-10
20.400000	0.000000	4.7e-10
20.410000	0.000000	4.7e-10
20.420000	0.000000	4.6e-10
20.430000	0.000000	4.5e-10
20.440000	0.000000	4.5e-10
20.450000	0.000000	4.4e-10
20.460000	0.000000	4.3e-10
20.470000	0.000000	4.3e-10
20.480000	0.000000	4.2e-10
20.490000	0.000000	4.2e-10
20.500000	0.000000	4.1e-10
20.510000	0.000000	4.0e-10
20.520000	0.000000	4.0e-10
20.530000	0.000000	3.9e-10
20.540000	0.000000	3.9e-10
20.550000	0.000000	3.8e-10
20.560000	0.000000	3.8e-10
20.570000	0.000000	3.7e-10
20.580000	0.000000	3.7e-10
20.590000	0.000000	3.6e-10
20.600000	0.000000	3.6e-10
20.610000	0.000000	3.5e-10
20.620000	0.000000	3.5e-10
20.630000	0.000000	3.4e-10
20.640000	0.000000	3.4e-10
20.650000	0.000000	3.3e-10
20.660000	0.000000	3.3e-10
20.670000	0.000000	3.2e-10
20.680000	0.000000	3.2e-10
20.690000	0.000000	3.1e-10
20.700000	0.000000	3.1e-10
20.710000	0.000000	3.0e-10
20.720000	0.000000	3.0e-10
20.730000	0.000000	2.9e-10
20.740000	0.000000	2.9e-10
20.750000	0.000000	2.8e-10
20.760000	0.000000	2.8e-10
20.770000	0.000000	2.8e-10
20.780000	0.000000	2.7e-10
20.790000	0.000000	2.7e-10
20.800000	0.000000	2.7e-10
20.810000	0.000000	2.6e-10
20.820000	0.000000	2.6e-10
20.830000	0.000000	2.5e-10
20.840000	0.000000	2.5e-10
20.850000	0.000000	2.5e-10
20.860000	0.000000	2.4e-10
20.870000	0.000000	2.4e-10
20.880000	0.000000	2.4e-10
20.890000	0.000000	2.3e-10
20.900000	0.000000	2.3e-10
20.910000	0.000000	2.3e-10
20.920000	0.000000	2.2e-10
20.930000	0.000000	2.2e-10
20.940000	0.000000	2.2e-10
20.950000	0.000000	2.1e-10
20.960000	0.000000	2.1e-10
20.970000	0.000000	2.1e-10
20.980000	0.000000	2.0e-10
20.990000	0.000000	2.0e-10
21.000000	0.000000	2.0e-10
21.010000	0.000000	1.9e-10
21.020000	0.000000	1.9e-10
21.030000	0.000000	1.9e-10
21.040000	0.000000	1.9e-10
21.050000	0.000000	1.8e-10
21.060000	0.000000	1.8e-10
21.070000	0.000000	1.8e-10
21.080000	0.000000	1.8e-10
21.090000	0.000000	1.7e-10
21.100000	0.000000	1.7e-10
21.110000	0.000000	1.7e-10
21.120000	0.000000	1.7e-10
21.130000	0.000000	1.6e-10
21.140000	0.000000	1.6e-10
21.150000	0.000000	1.6e-10
21.160000	0.000000	1.6e-10
21.170000	0.000000	1.6e-10
21.180000	0.000000	1.5e-10
21.190000	0.000000	1.5e-10
21.200000	0.000000	1.5e-10
21.210000	0.000000	1.5e-10
21.220000	0.000000	1.4e-10
21.230000	0.000000	1.4e-10
21.240000	0.000000	1.4e-10
21.250000	0.000000	1.4e-10
21.260000	0.000000	1.4e-10
21.270000	0.000000	1.3e-10
21.280000	0.000000	1.3e-10
21.290000	0.000000	1.3e-10
21.300000	0.000000	1.3e-10
21.310000	0.000000	1.3e-10
21.320000	0.000000	1.2e-10
21.330000	0.000000	1.2e-10
21.340000	0.000000	1.2e-10
21.350000	0.000000	1.2e-10
21.360000	0.000000	1.2e-10
21.370000	0.000000	1.2e-10
21.380000	0.000000	1.1e-10
21.390000	0.000000	1.1e-10
21.400000	0.000000	1.1e-10
21.410000	0.000000	1.1e-10
21.420000	0.000000	1.1e-10
21.430000	0.000000	1.1e-10
21.440000	0.000000	1.0e-10
21.450000	0.000000	1.0e-10
21.460000	0.000000	1.0e-10
21.470000	0.000000	1.0e-10
21.480000	0.000000	9.9e-11
21.490000	0.000000	9.8e-11
21.500000	0.000000	9.6e-11
21.510000	0.000000	9.5e-11
21.520000	0.000000	9.3e-11
21.530000	0.000000	9.2e-11
21.540000	0.000000	9.0e-11
21.550000	0.000000	8.9e-11
21.560000	0.000000	8.8e-11
21.570000	0.000000	8.7e-11
21.580000	0.000000	8.5e-11
21.590000	0.000000	8.4e-11
21.600000	0.000000	8.3e-11
21.610000	0.000000	8.2e-11
21.620000	0.000000	8.1e-11
21.630000	0.000000	8.0e-11
21.640000	0.000000	7.8e-11
21.650000	0.000000	7.7e-11
21.660000	0.000000	7.6e-11
21.670000	0.000000	7.5e-11
21.680000	0.000000	7.3e-11
21.690000	0.000000	7.2e-11
21.700000	0.000000	7.1e-11
21.710000	0.000000	7.0e-11
21.720000	0.000000	6.9e-11
21.730000	0.000000	6.8e-11
21.740000	0.000000	6.7e-11
21.750000	0.000000	6.6e-11
21.760000	0.000000	6.5e-11
21.770000	0.000000	6.4e-11
21.780000	0.000000	6.4e-11
21.790000	0.000000	6.3e-11
21.800000	0.000000	6.2e-11
21.810000	0.000000	6.1e-11
21.820000	0.000000	6.0e-11
21.830000	0.000000	5.9e-11
21.840000	0.000000	5.8e-11
21.850000	0.000000	5.7e-11
21.860000	0.000000	5.6e-11
21.870000	0.000000	5.6e-11
21.880000	0.000000	5.5e-11
21.890000	0.000000	5.4e-11
21.900000	0.000000	5.3e-11
21.910000	0.000000	5.3e-11
21.920000	0.000000	5.2e-11
21.930000	0.000000	5.1e-11
21.940000	0.000000	5.0e-11
21.950000	0.000000	5.0e-11
21.960000	0.000000	4.9e-11
21.970000	0.000000	4.8e-11
21.980000	0.000000	4.8e-11
21.990000	0.000000	4.7e-11
22.000000	0.000000	4.6e-11
22.010000	0.000000	4.6e-11
22.020000	0.000000	4.5e-11
22.030000	0.000000	4.4e-11
22.040000	0.000000	4.4e-11
22.050000	0.000000	4.3e-11
22.060000	0.000000	4.2e-11
22.070000	0.000000	4.2e-11
22.080000	0.000000	4.1e-11
22.090000	0.000000	4.0e-11
22.100000	0.000000	4.0e-11
22.110000	0.000000	3.9e-11
22.120000	0.000000	3.9e-11
22.130000	0.000000	3.8e-11
22.140000	0.000000	3.8e-11
22.150000	0.000000	3.7e-11
22.160000	0.000000	3.7e-11
22.170000	0.000000	3.6e-11
22.180000	0.000000	3.6e-11
22.190000	0.000000	3.5e-11
22.200000	0.000000	3.5e-11
22.210000	0.000000	3.4e-11
22.220000	0.000000	3.4e-11
22.230000	0.000000	3.3e-11
22.240000	0.000000	3.3e-11
22.250000	0.000000	3.2e-11
22.260000	0.000000	3.2e-11
22.270000	0.000000	3.1e-11
22.280000	0.000000	3.1e-11
22.290000	0.000000	3.0e-11
22.300000	0.000000	3.0e-11
22.310000	0.000000	3.0e-11
22.320000	0.000000	2.9e-11
22.330000	0.000000	2.9e-11
22.340000	0.000000	2.8e-11
22.350000	0.000000	2.8e-11
22.360000	0.000000	2.7e-11
22.370000	0.000000	2.7e-11
22.380000	0.000000	2.7e-11
22.390000	0.000000	2.6e-11
22.400000	0.000000	2.6e-11
22.410000	0.000000	2.5e-11
22.420000	0.000000	2.5e-11
22.430000	0.000000	2.5e-11
22.440000	0.000000	2.4e-11
22.450000	0.000000	2.4e-11
22.460000	0.000000	2.4e-11
22.470000	0.000000	2.3e-11
22.480000	0.000000	2.3e-11
22.490000	0.000000	2.3e-11
22.500000	0.000000	2.2e-11
22.510000	0.000000	2.2e-11
22.520000	0.000000	2.2e-11
22.530000	0.000000	2.2e-11
22.540000	0.000000	2.1e-11
22.550000	0.000000	2.1e-11
22.560000	0.000000	2.1e-11
22.570000	0.000000	2.0e-11
22.580000	0.000000	2.0e-11
22.590000	0.000000	2.0e-11
22.600000	0.000000	1.9e-11
22.610000	0.000000	1.9e-11
22.620000	0.000000	1.9e-11
22.630000	0.000000	1.9e-11
22.640000	0.000000	1.8e-11
22.650000	0.000000	1.8e-11
22.660000	0.000000	1.8e-11
22.670000	0.000000	1.7e-11
22.680000	0.000000	1.7e-11
22.690000	0.000000	1.7e-11
22.700000	0.000000	1.7e-11
22.710000	0.000000	1.7e-11
22.720000	0.000000	1.6e-11
22.730000	0.000000	1.6e-11
22.740000	0.000000	1.6e-11
22.750000	0.000000	1.6e-11
22.760000	0.000000	1.5e-11
22.770000	0.000000	1.5e-11
22.780000	0.000000	1.5e-11
22.790000	0.000000	1.5e-11
22.800000	0.000000	1.5e-11
22.810000	0.000000	1.4e-11
22.820000	0.000000	1.4e-11
22.830000	0.000000	1.4e-11
22.840000	0.000000	1.4e-11
22.850000	0.000000	1.4e-11
22.860000	0.000000	1.3e-11
22.870000	0.000000	1.3e-11
22.880000	0.000000	1.3e-11
22.890000	0.000000	1.3e-11
22.900000	0.000000	1.3e-11
22.910000	0.000000	1.2e-11
22.920000	0.000000	1.2e-11
22.930000	0.000000	1.1e-11
22.940000	0.000000	1.1e-11
22.950000	0.000000	1.1e-11
22.960000	0.000000	1.1e-11
22.970000	0.000000	1.1e-11
22.980000	0.000000	1.1e-11
22.990000	0.000000	1.0e-11
23.000000	0.000000	1.0e-11
23.010000	0.000000	1.0e-11
23.020000	0.000000	1.0e-11
23.030000	0.000000	9.9e-12
23.040000	0.000000	9.8e-12
23.050000	0.000000	9.6e-12
23.060000	0.000000	9.5e-12
23.070000	0.000000	9.4e-12
23.080000	0.000000	9.2e-12
23.090000	0.000000	9.1e-12
23.100000	0.000000	9.0e-12
23.110000	0.000000	8.8e-12
23.120000	0.000000	8.7e-12
23.130000	0.000000	8.6e-12
23.140000	0.000000	8.4e-12
23.150000	0.000000	8.3e-12
23.160000	0.000000	8.2e-12
23.170000	0.000000	8.0e-12
23.180000	0.000000	7.9e-12
23.190000	0.000000	7.8e-12
23.200000	0.000000	7.7e-12
23.210000	0.000000	7.5e-12
23.220000	0.000000	7.4e-12
23.230000	0.000000	7.3e-12
23.240000	0.000000	7.2e-12
23.250000	0.000000	7.1e-12
23.260000	0.000000	7.0e-12
23.270000	0.000000	7.0e-12
23.280000	0.000000	6.9e-12
23.290000	0.000000	6.8e-12
23.300000	0.000000	6.7e-12
23.310000	0.000000	6.6e-12
23.320000	0.000000	6.5e-12
23.330000	0.000000	6.4e-12
23.340000	0.000000	6.3e-12
23.350000	0.000000	6.2e-12
23.360000	0.000000	6.2e-12
23.370000	0.000000	6.1e-12
23.380000	0.000000	6.0e-12
23.390000	0.000000	5.9e-12
23.400000	0.000000	5.8e-12
23.410000	0.000000	5.7e-12
23.420000	0.000000	5.6e-12
23.430000	0.000000	5.5e-12
23.440000	0.000000	5.5e-12
23.450000	0.000000	5.4e-12
23.460000	0.000000	5.3e-12
23.470000	0.000000	5.2e-12
23.480000	0.000000	5.1e-12
23.490000	0.000000	5.0e-12
23.500000	0.000000	5.0e-12
23.510000	0.000000	4.9e-12
23.520000	0.000000	4.8e-12
23.530000	0.000000	4.8e-12
23.540000	0.000000	4.7e-12
23.550000	0.000000	4.6e-12
23.560000	0.000000	4.6e-12
23.570000	0.000000	4.5e-12
23.580000	0.000000	4.5e-12
23.590000	0.000000	4.4e-12
23.600000	0.000000	4.3e-12
23.610000	0.000000	4.3e-12
23.620000	0.000000	4.2e-12
23.630000	0.000000	4.2e-12
23.640000	0.000000	4.1e-12
23.650000	0.000000	4.1e-12
23.660000	0.000000	4.0e-12
23.670000	0.000000	3.9e-12
23.680000	0.000000	3.9e-12
23.690000	0.000000	3.8e-12
23.700000	0.000000	3.8e-12
23.710000	0.000000	3.7e-12
23.720000	0.000000	3.6e-12
23.730000	0.000000	3.6e-12
23.740000	0.000000	3.5e-12
23.750000	0.000000	3.5e-12
23.760000	0.000000	3.4e-12
23.770000	0.000000	3.4e-12
23.780000	0.000000	3.3e-12
23.790000	0.000000	3.3e-12
23.800000	0.000000	3.2e-12
23.810000	0.000000	3.2e-12
23.820000	0.000000	3.1e-12
23.830000	0.000000	3.1e-12
23.840000	0.000000	3.1e-12
23.850000	0.000000	3.0e-12
23.860000	0.000000	3.0e-12
23.870000	0.000000	2.9e-12
23.880000	0.000000	2.9e-12
23.890000	0.000000	2.9e-12
23.900000	0.000000	2.8e-12
23.910000	0.000000	2.8e-12
23.920000	0.000000	2.7e-12
23.930000	0.000000	2.7e-12
23.940000	0.000000	2.7e-12
23.950000	0.000000	2.6e-12
23.960000	0.000000	2.6e-12
23.970000	0.000000	2.5e-12
23.980000	0.000000	2.5e-12
23.990000	0.000000	2.5e-12
24.000000	0.000000	2.4e-12
24.010000	0.000000	2.4e-12
24.020000	0.000000	2.4e-12
24.030000	0.000000	2.3e-12
24.040000	0.000000	2.3e-12
24.050000	0.000000	2.2e-12
24.060000	0.000000	2.2e-12
24.070000	0.000000	2.2e-12
24.080000	0.000000	2.2e-12
24.090000	0.000000	2.1e-12
24.100000	0.000000	2.1e-12
24.110000	0.000000	2.1e-12
24.120000	0.000000	2.0e-12
24.130000	0.000000	2.0e-12
24.140000	0.000000	2.0e-12
24.150000	0.000000	2.0e-12
24.160000	0.000000	1.9e-12
24.170000	0.000000	1.9e-12
24.180000	0.000000	1.9e-12
24.190000	0.000000	1.9e-12
24.200000	0.000000	1.8e-12
24.210000	0.000000	1.8e-12
24.220000	0.000000	1.8e-12
24.230000	0.000000	1.8e-12
24.240000	0.000000	1.7e-12
24.250000	0.000000	1.7e-12
24.260000	0.000000	1.7e-12
24.270000	0.000000	1.6e-12
24.280000	0.000000	1.6e-12
24.290000	0.000000	1.6e-12
24.300000	0.000000	1.6e-12
24.310000	0.000000	1.5e-12
24.320000	0.000000	1.5e-12
24.330000	0.000000	1.5e-12
24.340000	0.000000	1.5e-12
24.350000	0.000000	1.5e-12
24.360000	0.000000	1.4e-12
24.370000	0.000000	1.4e-12
24.380000	0.000000	1.4e-12
24.390000	0.000000	1.4e-12
24.400000	0.000000	1.4e-12
24.410000	0.000000	1.3e-12
24.420000	0.000000	1.3e-12
24.430000	0.000000	1.3e-12
24.440000	0.000000	1.3e-12
24.450000	0.000000	1.3e-12
24.460000	0.000000	1.3e-12
24.470000	0.000000	1.2e-12
24.480000	0.000000	1.2e-12
24.490000	0.000000	1.2e-12
24.500000	0.000000	1.2e-12
24.510000	0.000000	1.2e-12
24.520000	0.000000	1.2e-12
24.530000	0.000000	1.1e-12
24.540000	0.000000	1.1e-12
24.550000	0.000000	1.1e-12
24.560000	0.000000	1.1e-12
24.570000	0.000000	1.1e-12
24.580000	0.000000	1.1e-12
24.590000	0.000000	1.0e-12
24.600000	0.000000	1.0e-12
24.610000	0.000000	1.0e-12
24.620000	0.000000	9.9e-13
24.630000	0.000000	9.7e-13
24.640000	0.000000	9.6e-13
24.650000	0.000000	9.5e-13
24.660000	0.000000	9.4e-13
24.670000	0.000000	9.3e-13
24.680000	0.000000	9.1e-13
24.690000	0.000000	9.0e-13
24.700000	0.000000	8.9e-13
24.710000	0.000000	8.8e-13
24.720000	0.000000	8.7e-13
24.730000	0.000000	8.5e-13
24.740000	0.000000	8.4e-13
24.750000	0.000000	8.3e-13
24.760000	0.000000	8.2e-13
24.770000	0.000000	8.1e-13
24.780000	0.000000	7.9e-13
24.790000	0.000000	7.8e-13
24.800000	0.000000	7.7e-13
24.810000	0.000000	7.6e-13
24.820000	0.000000	7.5e-13
24.830000	0.000000	7.4e-13
24.840000	0.000000	7.2e-13
24.850000	0.000000	7.1e-13
24.860000	0.000000	7.0e-13
24.870000	0.000000	6.9e-13
24.880000	0.000000	6.8e-13
24.890000	0.000000	6.7e-13
24.900000	0.000000	6.6e-13
24.910000	0.000000	6.5e-13
24.920000	0.000000	6.4e-13
24.930000	0.000000	6.3e-13
24.940000	0.000000	6.3e-13
24.950000	0.000000	6.2e-13
24.960000	0.000000	6.1e-13
24.970000	0.000000	6.0e-13
24.980000	0.000000	5.9e-13
24.990000	0.000000	5.9e-13
25.000000	0.000000	5.8e-13
25.010000	0.000000	5.7e-13
25.020000	0.000000	5.6e-13
25.030000	0.000000	5.6e-13
25.040000	0.000000	5.5e-13
25.050000	0.000000	5.4e-13
25.060000	0.000000	5.3e-13
25.070000	0.000000	5.2e-13
25.080000	0.000000	5.2e-13
25.090000	0.000000	5.1e-13
25.100000	0.000000	5.0e-13
25.110000	0.000000	4.9e-13
25.120000	0.000000	4.8e-13
25.130000	0.000000	4.8e-13
25.140000	0.000000	4.7e-13
25.150000	0.000000	4.6e-13
25.160000	0.000000	4.5e-13
25.170000	0.000000	4.5e-13
25.180000	0.000000	4.4e-13
25.190000	0.000000	4.3e-13
25.200000	0.000000	4.3e-13
25.210000	0.000000	4.2e-13
25.220000	0.000000	4.2e-13
25.230000	0.000000	4.1e-13
25.240000	0.000000	4.1e-13
25.250000	0.000000	4.0e-13
25.260000	0.000000	4.0e-13
25.270000	0.000000	3.9e-13
25.280000	0.000000	3.9e-13
25.290000	0.000000	3.8e-13
25.300000	0.000000	3.8e-13
25.310000	0.000000	3.7e-13
25.320000	0.000000	3.7e-13
25.330000	0.000000	3.6e-13
25.340000	0.000000	3.5e-13
25.350000	0.000000	3.5e-13
25.360000	0.000000	3.4e-13
25.370000	0.000000	3.4e-13
25.380000	0.000000	3.3e-13
25.390000	0.000000	3.3e-13
25.400000	0.000000	3.2e-13
25.410000	0.000000	3.2e-13
25.420000	0.000000	3.1e-13
25.430000	0.000000	3.1e-13
25.440000	0.000000	3.0e-13
25.450000	0.000000	3.0e-13
25.460000	0.000000	2.9e-13
25.470000	0.000000	2.9e-13
25.480000	0.000000	2.9e-13
25.490000	0.000000	2.8e-13
25.500000	0.000000	2.8e-13
25.510000	0.000000	2.8e-13
25.520000	0.000000	2.7e-13
25.530000	0.000000	2.7e-13
25.540000	0.000000	2.7e-13
25.550000	0.000000	2.6e-13
25.560000	0.000000	2.6e-13
25.570000	0.000000	2.6e-13
25.580000	0.000000	2.5e-13
25.590000	0.000000	2.5e-13
25.600000	0.000000	2.4e-13
25.610000	0.000000	2.4e-13
25.620000	0.000000	2.4e-13
25.630000	0.000000	2.3e-13
25.640000	0.000000	2.3e-13
25.650000	0.000000	2.3e-13
25.660000	0.000000	2.2e-13
25.670000	0.000000	2.2e-13
25.680000	0.000000	2.2e-13
25.690000	0.000000	2.1e-13
25.700000	0.000000	2.1e-13
25.710000	0.000000	2.1e-13
25.720000	0.000000	2.0e-13
25.730000	0.000000	2.0e-13
25.740000	0.000000	2.0e-13
25.750000	0.000000	1.9e-13
25.760000	0.000000	1.9e-13
25.770000	0.000000	1.9e-13
25.780000	0.000000	1.9e-13
25.790000	0.000000	1.8e-13
25.800000	0.000000	1.8e-13
25.810000	0.000000	1.8e-13
25.820000	0.000000	1.8e-13
25.830000	0.000000	1.8e-13
25.840000	0.000000	1.7e-13
25.850000	0.000000	1.7e-13
25.860000	0.000000	1.7e-13
25.870000	0.000000	1.7e-13
25.880000	0.000000	1.6e-13
25.890000	0.000000	1.6e-13
25.900000	0.000000	1.6e-13
25.910000	0.000000	1.6e-13
25.920000	0.000000	1.5e-13
25.930000	0.000000	1.5e-13
25.940000	0.000000	1.5e-13
25.950000	0.000000	1.5e-13
25.960000	0.000000	1.4e-13
25.970000	0.000000	1.4e-13
25.980000	0.000000	1.4e-13
25.990000	0.000000	1.4e-13
26.000000	0.000000	1.4e-13
26.010000	0.000000	1.3e-13
26.020000	0.000000	1.3e-13
26.030000	0.000000	1.3e-13
26.040000	0.000000	1.3e-13
26.050000	0.000000	1.3e-13
26.060000	0.000000	1.3e-13
26.070000	0.000000	1.2e-13
26.080000	0.000000	1.2e-13
26.090000	0.000000	1.2e-13
26.100000	0.000000	1.2e-13
26.110000	0.000000	1.2e-13
26.120000	0.000000	1.2e-13
26.130000	0.000000	1.1e-13
26.140000	0.000000	1.1e-13
26.150000	0.000000	1.1e-13
26.160000	0.000000	1.1e-13
26.170000	0.000000	1.1e-13
26.180000	0.000000	1.1e-13
26.190000	0.000000	1.0e-13
26.200000	0.000000	1.0e-13
26.210000	0.000000	1.0e-13
26.220000	0.000000	1.0e-13
26.230000	0.000000	9.9e-14
26.240000	0.000000	9.7e-14
26.250000	0.000000	9.5e-14
26.260000	0.000000	9.4e-14
26.270000	0.000000	9.2e-14
26.280000	0.000000	9.1e-14
26.290000	0.000000	8.9e-14
26.300000	0.000000	8.8e-14
26.310000	0.000000	8.7e-14
26.320000	0.000000	8.6e-14
26.330000	0.000000	8.5e-14
26.340000	0.000000	8.4e-14
26.350000	0.000000	8.3e-14
26.360000	0.000000	8.2e-14
26.370000	0.000000	8.1e-14
26.380000	0.000000	7.9e-14
26.390000	0.000000	7.8e-14
26.400000	0.000000	7.7e-14
26.410000	0.000000	7.6e-14
26.420000	0.000000	7.5e-14
26.430000	0.000000	7.4e-14
26.440000	0.000000	7.3e-14
26.450000	0.000000	7.2e-14
26.460000	0.000000	7.1e-14
26.470000	0.000000	7.0e-14
26.480000	0.000000	6.9e-14
26.490000	0.000000	6.8e-14
26.500000	0.000000	6.7e-14
26.510000	0.000000	6.6e-14
26.520000	0.000000	6.5e-14
26.530000	0.000000	6.4e-14
26.540000	0.000000	6.3e-14
26.550000	0.000000	6.2e-14
26.560000	0.000000	6.1e-14
26.570000	0.000000	6.0e-14
26.580000	0.000000	5.9e-14
26.590000	0.000000	5.8e-14
26.600000	0.000000	5.7e-14
26.610000	0.000000	5.7e-14
26.620000	0.000000	5.6e-14
26.630000	0.000000	5.5e-14
26.640000	0.000000	5.5e-14
26.650000	0.000000	5.4e-14
26.660000	0.000000	5.3e-14
26.670000	0.000000	5.2e-14
26.680000	0.000000	5.2e-14
26.690000	0.000000	5.1e-14
26.700000	0.000000	5.0e-14
26.710000	0.000000	5.0e-14
26.720000	0.000000	4.9e-14
26.730000	0.000000	4.8e-14
26.740000	0.000000	4.8e-14
26.750000	0.000000	4.7e-14
26.760000	0.000000	4.6e-14
26.770000	0.000000	4.6e-14
26.780000	0.000000	4.5e-14
26.790000	0.000000	4.4e-14
26.800000	0.000000	4.3e-14
26.810000	0.000000	4.3e-14
26.820000	0.000000	4.2e-14
26.830000	0.000000	4.1e-14
26.840000	0.000000	4.1e-14
26.850000	0.000000	4.0e-14
26.860000	0.000000	3.9e-14
26.870000	0.000000	3.9e-14
26.880000	0.000000	3.8e-14
26.890000	0.000000	3.8e-14
26.900000	0.000000	3.8e-14
26.910000	0.000000	3.7e-14
26.920000	0.000000	3.7e-14
26.930000	0.000000	3.6e-14
26.940000	0.000000	3.6e-14
26.950000	0.000000	3.5e-14
26.960000	0.000000	3.5e-14
26.970000	0.000000	3.4e-14
26.980000	0.000000	3.4e-14
26.990000	0.000000	3.3e-14
27.000000	0.000000	3.3e-14
27.010000	0.000000	3.2e-14
27.020000	0.000000	3.2e-14
27.030000	0.000000	3.1e-14
27.040000	0.000000	3.1e-14
27.050000	0.000000	3.0e-14
27.060000	0.000000	3.0e-14
27.070000	0.000000	3.0e-14
27.080000	0.000000	2.9e-14
27.090000	0.000000	2.9e-14
27.100000	0.000000	2.8e-14
27.110000	0.000000	2.8e-14
27.120000	0.000000	2.7e-14
27.130000	0.000000	2.7e-14
27.140000	0.000000	2.6e-14
27.150000	0.000000	2.6e-14
27.160000	0.000000	2.6e-14
27.170000	0.000000	2.5e-14
27.180000	0.000000	2.5e-14
27.190000	0.000000	2.5e-14
27.200000	0.000000	2.4e-14
27.210000	0.000000	2.4e-14
27.220000	0.000000	2.4e-14
27.230000	0.000000	2.4e-14
27.240000	0.000000	2.3e-14
27.250000	0.000000	2.3e-14
27.260000	0.000000	2.3e-14
27.270000	0.000000	2.2e-14
27.280000	0.000000	2.2e-14
27.290000	0.000000	2.2e-14
27.300000	0.000000	2.1e-14
27.310000	0.000000	2.1e-14
27.320000	0.000000	2.1e-14
27.330000	0.000000	2.0e-14
27.340000	0.000000	2.0e-14
27.350000	0.000000	2.0e-14
27.360000	0.000000	1.9e-14
27.370000	0.000000	1.9e-14
27.380000	0.000000	1.9e-14
27.390000	0.000000	1.9e-14
27.400000	0.000000	1.8e-14
27.410000	0.000000	1.8e-14
27.420000	0.000000	1.8e-14
27.430000	0.000000	1.7e-14
27.440000	0.000000	1.7e-14
27.450000	0.000000	1.7e-14
27.460000	0.000000	1.7e-14
27.470000	0.000000	1.7e-14
27.480000	0.000000	1.6e-14
27.490000	0.000000	1.6e-14
27.500000	0.000000	1.6e-14
27.510000	0.000000	1.6e-14
27.520000	0.000000	1.6e-14
27.530000	0.000000	1.5e-14
27.540000	0.000000	1.5e-14
27.550000	0.000000	1.5e-14
27.560000	0.000000	1.5e-14
27.570000	0.000000	1.4e-14
27.580000	0.000000	1.4e-14
27.590000	0.000000	1.4e-14
27.600000	0.000000	1.4e-14
27.610000	0.000000	1.4e-14
27.620000	0.000000	1.3e-14
27.630000	0.000000	1.3e-14
27.640000	0.000000	1.3e-14
27.650000	0.000000	1.3e-14
27.660000	0.000000	1.3e-14
27.670000	0.000000	1.2e-14
27.680000	0.000000	1.2e-14
27.690000	0.000000	1.2e-14
27.700000	0.000000	1.2e-14
27.710000	0.000000	1.2e-14
27.720000	0.000000	1.2e-14
27.730000	0.000000	1.1e-14
27.740000	0.000000	1.1e-14
27.750000	0.000000	1.1e-14
27.760000	0.000000	1.1e-14
27.770000	0.000000	1.1e-14
27.780000	0.000000	1.1e-14
27.790000	0.000000	1.1e-14
27.800000	0.000000	1.0e-14
27.810000	0.000000	1.0e-14
27.820000	0.000000	1.0e-14
27.830000	0.000000	1.0e-14
27.840000	0.000000	9.8e-15
27.850000	0.000000	9.7e-15
27.860000	0.000000	9.6e-15
27.870000	0.000000	9.4e-15
27.880000	0.000000	9.3e-15
27.890000	0.000000	9.2e-15
27.900000	0.000000	9.0e-15
27.910000	0.000000	8.9e-15
27.920000	0.000000	8.7e-15
27.930000	0.000000	8.6e-15
27.940000	0.000000	8.5e-15
27.950000	0.000000	8.3e-15
27.960000	0.000000	8.2e-15
27.970000	0.000000	8.0e-15
27.980000	0.000000	7.9e-15
27.990000	0.000000	7.8e-15
28.000000	0.000000	7.7e-15
28.010000	0.000000	7.6e-15
28.020000	0.000000	7.5e-15
28.030000	0.000000	7.4e-15
28.040000	0.000000	7.3e-15
28.050000	0.000000	7.2e-15
28.060000	0.000000	7.2e-15
28.070000	0.000000	7.1e-15
28.080000	0.000000	7.0e-15
28.090000	0.000000	6.9e-15
28.100000	0.000000	6.8e-15
28.110000	0.000000	6.7e-15
28.120000	0.000000	6.6e-15
28.130000	0.000000	6.5e-15
28.140000	0.000000	6.4e-15
28.150000	0.000000	6.3e-15
28.160000	0.000000	6.2e-15
28.170000	0.000000	6.1e-15
28.180000	0.000000	6.0e-15
28.190000	0.000000	5.9e-15
28.200000	0.000000	5.9e-15
28.210000	0.000000	5.8e-15
28.220000	0.000000	5.7e-15
28.230000	0.000000	5.6e-15
28.240000	0.000000	5.5e-15
28.250000	0.000000	5.4e-15
28.260000	0.000000	5.3e-15
28.270000	0.000000	5.2e-15
28.280000	0.000000	5.2e-15
28.290000	0.000000	5.1e-15
28.300000	0.000000	5.0e-15
28.310000	0.000000	5.0e-15
28.320000	0.000000	4.9e-15
28.330000	0.000000	4.9e-15
28.340000	0.000000	4.8e-15
28.350000	0.000000	4.7e-15
28.360000	0.000000	4.7e-15
28.370000	0.000000	4.6e-15
28.380000	0.000000	4.5e-15
28.390000	0.000000	4.5e-15
28.400000	0.000000	4.4e-15
28.410000	0.000000	4.4e-15
28.420000	0.000000	4.3e-15
28.430000	0.000000	4.2e-15
28.440000	0.000000	4.2e-15
28.450000	0.000000	4.1e-15
28.460000	0.000000	4.0e-15
28.470000	0.000000	4.0e-15
28.480000	0.000000	3.9e-15
28.490000	0.000000	3.9e-15
28.500000	0.000000	3.8e-15
28.510000	0.000000	3.7e-15
28.520000	0.000000	3.7e-15
28.530000	0.000000	3.6e-15
28.540000	0.000000	3.6e-15
28.550000	0.000000	3.5e-15
28.560000	0.000000	3.5e-15
28.570000	0.000000	3.4e-15
28.580000	0.000000	3.4e-15
28.590000	0.000000	3.3e-15
28.600000	0.000000	3.3e-15
28.610000	0.000000	3.3e-15
28.620000	0.000000	3.2e-15
28.630000	0.000000	3.2e-15
28.640000	0.000000	3.1e-15
28.650000	0.000000	3.1e-15
28.660000	0.000000	3.0e-15
28.670000	0.000000	3.0e-15
28.680000	0.000000	3.0e-15
28.690000	0.000000	2.9e-15
28.700000	0.000000	2.9e-15
28.710000	0.000000	2.8e-15
28.720000	0.000000	2.8e-15
28.730000	0.000000	2.8e-15
28.740000	0.000000	2.7e-15
28.750000	0.000000	2.7e-15
28.760000	0.000000	2.6e-15
28.770000	0.000000	2.6e-15
28.780000	0.000000	2.5e-15
28.790000	0.000000	2.5e-15
28.800000	0.000000	2.5e-15
28.810000	0.000000	2.4e-15
28.820000	0.000000	2.4e-15
28.830000	0.000000	2.3e-15
28.840000	0.000000	2.3e-15
28.850000	0.000000	2.3e-15
28.860000	0.000000	2.3e-15
28.870000	0.000000	2.2e-15
28.880000	0.000000	2.2e-15
28.890000	0.000000	2.2e-15
28.900000	0.000000	2.2e-15
28.910000	0.000000	2.1e-15
28.920000	0.000000	2.1e-15
28.930000	0.000000	2.1e-15
28.940000	0.000000	2.0e-15
28.950000	0.000000	2.0e-15
28.960000	0.000000	2.0e-15
28.970000	0.000000	2.0e-15
28.980000	0.000000	1.9e-15
28.990000	0.000000	1.9e-15
29.000000	0.000000	1.9e-15
29.010000	0.000000	1.8e-15
29.020000	0.000000	1.8e-15
29.030000	0.000000	1.8e-15
29.040000	0.000000	1.8e-15
29.050000	0.000000	1.7e-15
29.060000	0.000000	1.7e-15
29.070000	0.000000	1.7e-15
29.080000	0.000000	1.7e-15
29.090000	0.000000	1.6e-15
29.100000	0.000000	1.6e-15
29.110000	0.000000	1.6e-15
29.120000	0.000000	1.6e-15
29.130000	0.000000	1.5e-15
29.140000	0.000000	1.5e-15
29.150000	0.000000	1.5e-15
29.160000	0.000000	1.5e-15
29.170000	0.000000	1.5e-15
29.180000	0.000000	1.4e-15
29.190000	0.000000	1.4e-15
29.200000	0.000000	1.4e-15
29.210000	0.000000	1.4e-15
29.220000	0.000000	1.4e-15
29.230000	0.000000	1.3e-15
29.240000	0.000000	1.3e-15
29.250000	0.000000	1.3e-15
29.260000	0.000000	1.3e-15
29.270000	0.000000	1.3e-15
29.280000	0.000000	1.3e-15
29.290000	0.000000	1.2e-15
29.300000	0.000000	1.2e-15
29.310000	0.000000	1.2e-15
29.320000	0.000000	1.2e-15
29.330000	0.000000	1.2e-15
29.340000	0.000000	1.1e-15
29.350000	0.000000	1.1e-15
29.360000	0.000000	1.1e-15
29.370000	0.000000	1.1e-15
29.380000	0.000000	1.1e-15
29.390000	0.000000	1.1e-15
29.400000	0.000000	1.0e-15
29.410000	0.000000	1.0e-15
29.420000	0.000000	1.0e-15
29.430000	0.000000	1.0e-15
29.440000	0.000000	9.9e-16
29.450000	0.000000	9.8e-16
29.460000	0.000000	9.7e-16
29.470000	0.000000	9.5e-16
29.480000	0.000000	9.4e-16
29.490000	0.000000	9.3e-16
29.500000	0.000000	9.2e-16
29.510000	0.000000	9.0e-16
29.520000	0.000000	8.9e-16
29.530000	0.000000	8.8e-16
29.540000	0.000000	8.7e-16
29.550000	0.000000	8.5e-16
29.560000	0.000000	8.4e-16
29.570000	0.000000	8.3e-16
29.580000	0.000000	8.2e-16
29.590000	0.000000	8.0e-16
29.600000	0.000000	7.9e-16
29.610000	0.000000	7.8e-16
29.620000	0.000000	7.7e-16
29.630000	0.000000	7.5e-16
29.640000	0.000000	7.4e-16
29.650000	0.000000	7.3e-16
29.660000	0.000000	7.2e-16
29.670000	0.000000	7.1e-16
29.680000	0.000000	7.0e-16
29.690000	0.000000	6.9e-16
29.700000	0.000000	6.8e-16
29.710000	0.000000	6.7e-16
29.720000	0.000000	6.6e-16
29.730000	0.000000	6.6e-16
29.740000	0.000000	6.5e-16
29.750000	0.000000	6.4e-16
29.760000	0.000000	6.3e-16
29.770000	0.000000	6.2e-16
29.780000	0.000000	6.1e-16
29.790000	0.000000	6.1e-16
29.800000	0.000000	6.0e-16
29.810000	0.000000	5.9e-16
29.820000	0.000000	5.8e-16
29.830000	0.000000	5.7e-16
29.840000	0.000000	5.6e-16
29.850000	0.000000	5.6e-16
29.860000	0.000000	5.5e-16
29.870000	0.000000	5.4e-16
29.880000	0.000000	5.3e-16
29.890000	0.000000	5.2e-16
29.900000	0.000000	5.1e-16
29.910000	0.000000	5.1e-16
29.920000	0.000000	5.0e-16
29.930000	0.000000	4.9e-16
29.940000	0.000000	4.8e-16
29.950000	0.000000	4.7e-16
29.960000	0.000000	4.7e-16
29.970000	0.000000	4.6e-16
29.980000	0.000000	4.6e-16
29.990000	0.000000	4.5e-16
30.000000	0.000000	4.5e-16
30.010000	0.000000	4.4e-16
30.020000	0.000000	4.3e-16
30.030000	0.000000	4.3e-16
30.040000	0.000000	4.2e-16
30.050000	0.000000	4.2e-16
30.060000	0.000000	4.1e-16
30.070000	0.000000	4.1e-16
30.080000	0.000000	4.0e-16
30.090000	0.000000	3.9e-16
