0.100000	0.000000	109234.671646
0.110000	0.000000	77648.265799
0.120000	0.000000	89089.404843
0.130000	0.000000	79731.543568
0.140000	0.000000	77901.690989
0.150000	0.000000	62236.020455
0.160000	0.000000	59171.680586
0.170000	0.000000	50849.137128
0.180000	0.000000	45446.271576
0.190000	0.000000	45152.699437
0.200000	0.000000	38717.374482
0.210000	0.000000	39158.061224
0.220000	0.000000	42934.616257
0.230000	0.000000	33685.391790
0.240000	0.000000	37400.233080
0.250000	0.000000	33842.822103
0.260000	0.000000	28397.009369
0.270000	0.000000	28128.728959
0.280000	0.000000	28631.283818
0.290000	0.000000	26351.528209
0.300000	0.000000	24360.866635
0.310000	0.000000	24237.542728
0.320000	0.000000	24504.300871
0.330000	0.000000	24859.704186
0.340000	0.000000	23067.905629
0.350000	0.000000	20891.549756
0.360000	0.000000	55155.521279
0.370000	0.000000	145895.127343
0.380000	0.000000	163535.261875
0.390000	0.000000	61383.923406
0.400000	0.000000	176317.594246
0.410000	0.000000	23926.885267
0.420000	0.000000	80110.168685
0.430000	0.000000	56230.519592
0.440000	0.000000	71474.341890
0.450000	0.000000	21570.773654
0.460000	0.000000	15699.826400
0.470000	0.000000	15346.233530
0.480000	0.000000	78233.906572
0.490000	0.000000	45292.834505
0.500000	0.000000	36054.801098
0.510000	0.000000	30961.190135
0.520000	0.000000	13757.896956
0.530000	0.000000	25893.840859
0.540000	0.000000	33451.275366
0.550000	0.000000	13159.701720
0.560000	0.000000	17816.850679
0.570000	0.000000	33611.166627
0.580000	0.000000	28920.887591
0.590000	0.000000	23058.108149
0.600000	0.000000	32512.651677
0.610000	0.000000	12739.539612
0.620000	0.000000	14204.938069
0.630000	0.000000	19801.515790
0.640000	0.000000	18501.538548
0.650000	0.000000	37347.899254
0.660000	0.000000	27539.779840
0.670000	0.000000	15036.697680
0.680000	0.000000	13870.084004
0.690000	0.000000	13377.933227
0.700000	0.000000	14094.350905
0.710000	0.000000	15585.023141
0.720000	0.000000	14937.553794
0.730000	0.000000	21079.499934
0.740000	0.000000	11686.389502
0.750000	0.000000	10398.776433
0.760000	0.000000	10229.497995
0.770000	0.000000	16288.796717
0.780000	0.000000	10342.698938
0.790000	0.000000	11174.609590
0.800000	0.000000	11485.723679
0.810000	0.000000	12005.768918
0.820000	0.000000	11098.133359
0.830000	0.000000	10548.868239
0.840000	0.000000	10082.585622
0.850000	0.000000	9684.022076
0.860000	0.000000	9603.990431
0.870000	0.000000	9755.994552
0.880000	0.000000	9937.786795
0.890000	0.000000	9759.693258
0.900000	0.000000	9762.176293
0.910000	0.000000	9853.251317
0.920000	0.000000	9677.544148
0.930000	0.000000	9864.333019
0.940000	0.000000	9558.587513
0.950000	0.000000	9629.454372
0.960000	0.000000	9573.121395
0.970000	0.000000	9805.267627
0.980000	0.000000	9444.533638
0.990000	0.000000	9712.923914
1.000000	0.000000	9938.633326
1.010000	0.000000	12197.227772
1.020000	0.000000	11909.011894
1.030000	0.000000	9689.774152
1.040000	0.000000	11577.740504
1.050000	0.000000	13214.585429
1.060000	0.000000	9071.910049
1.070000	0.000000	9499.989479
1.080000	0.000000	11713.229787
1.090000	0.000000	9177.278201
1.100000	0.000000	14710.270977
1.110000	0.000000	8483.302359
1.120000	0.000000	13866.157182
1.130000	0.000000	9166.983932
1.140000	0.000000	8211.531495
1.150000	0.000000	9599.643437
1.160000	0.000000	11166.283383
1.170000	0.000000	9399.545582
1.180000	0.000000	7883.648486
1.190000	0.000000	7871.954908
1.200000	0.000000	8019.241530
1.210000	0.000000	8025.382672
1.220000	0.000000	7671.424837
1.230000	0.000000	7758.719543
1.240000	0.000000	7758.280951
1.250000	0.000000	7510.942131
1.260000	0.000000	7494.224264
1.270000	0.000000	7650.843490
1.280000	0.000000	7397.556678
1.290000	0.000000	7525.576331
1.300000	0.000000	7403.278449
1.310000	0.000000	7473.034703
1.320000	0.000000	7426.682542
1.330000	0.000000	7302.055200
1.340000	0.000000	7204.112857
1.350000	0.000000	7161.488628
1.360000	0.000000	7204.547405
1.370000	0.000000	7236.577142
1.380000	0.000000	7181.305262
1.390000	0.000000	7221.571333
1.400000	0.000000	7296.294490
1.410000	0.000000	6925.194261
1.420000	0.000000	6972.339679
1.430000	0.000000	6904.267400
1.440000	0.000000	6797.843587
1.450000	0.000000	6789.603336
1.460000	0.000000	6697.998690
1.470000	0.000000	6824.616015
1.480000	0.000000	7153.970876
1.490000	0.000000	7143.735549
1.500000	0.000000	6903.695003
1.510000	0.000000	6620.424668
1.520000	0.000000	6487.985173
1.530000	0.000000	6438.472579
1.540000	0.000000	6683.011798
1.550000	0.000000	6899.032839
1.560000	0.000000	6380.069710
1.570000	0.000000	6395.988244
1.580000	0.000000	6233.803554
1.590000	0.000000	6197.398595
1.600000	0.000000	6198.191140
1.610000	0.000000	6164.100618
1.620000	0.000000	6070.330930
1.630000	0.000000	6034.089553
1.640000	0.000000	5988.682340
1.650000	0.000000	6195.362080
1.660000	0.000000	6145.299252
1.670000	0.000000	6017.529111
1.680000	0.000000	5906.894781
1.690000	0.000000	5827.929385
1.700000	0.000000	5793.241070
1.710000	0.000000	5760.310250
1.720000	0.000000	5785.719686
1.730000	0.000000	5859.115832
1.740000	0.000000	5664.567392
1.750000	0.000000	5734.091253
1.760000	0.000000	5624.206910
1.770000	0.000000	5574.840839
1.780000	0.000000	5480.933336
1.790000	0.000000	5446.276573
1.800000	0.000000	5441.670603
1.810000	0.000000	5470.657233
1.820000	0.000000	5419.620910
1.830000	0.000000	5343.993382
1.840000	0.000000	5283.876568
1.850000	0.000000	5236.268612
1.860000	0.000000	5196.609904
1.870000	0.000000	5186.667629
1.880000	0.000000	5165.380141
1.890000	0.000000	5094.974739
1.900000	0.000000	5061.034962
1.910000	0.000000	5024.034752
1.920000	0.000000	4989.807893
1.930000	0.000000	4955.586743
1.940000	0.000000	4933.544459
1.950000	0.000000	4890.147889
1.960000	0.000000	4850.207153
1.970000	0.000000	4818.150417
1.980000	0.000000	4784.723212
1.990000	0.000000	4750.608267
2.000000	0.000000	4717.586108
2.010000	0.000000	4683.083578
2.020000	0.000000	4651.899615
2.030000	0.000000	4619.233493
2.040000	0.000000	4583.630915
2.050000	0.000000	4549.742812
2.060000	0.000000	4514.226286
2.070000	0.000000	4478.029697
2.080000	0.000000	4444.726897
2.090000	0.000000	4408.552782
2.100000	0.000000	4366.967760
2.110000	0.000000	4313.101810
2.120000	0.000000	4256.951378
2.130000	0.000000	4202.180613
2.140000	0.000000	4141.561990
2.150000	0.000000	4090.743123
2.160000	0.000000	4029.511910
2.170000	0.000000	3970.407231
2.180000	0.000000	3914.106878
2.190000	0.000000	3858.184860
2.200000	0.000000	3802.486630
2.210000	0.000000	3746.119909
2.220000	0.000000	3689.284508
2.230000	0.000000	3633.229887
2.240000	0.000000	3577.215562
2.250000	0.000000	3521.201293
2.260000	0.000000	3465.203997
2.270000	0.000000	3409.544565
2.280000	0.000000	3350.571187
2.290000	0.000000	3293.902565
2.300000	0.000000	3254.152144
2.310000	0.000000	3168.904765
2.320000	0.000000	3082.625012
2.330000	0.000000	2996.499561
2.340000	0.000000	2911.190486
2.350000	0.000000	2823.689134
2.360000	0.000000	2735.772526
2.370000	0.000000	2855.062788
2.380000	0.000000	2847.022571
2.390000	0.000000	2473.703054
2.400000	0.000000	2623.514686
2.410000	0.000000	3086.267615
2.420000	0.000000	43999.232129
2.430000	0.000000	311118.715613
2.440000	0.000000	151198.105054
2.450000	0.000000	60729.365383
2.460000	0.000000	688397.668343
2.470000	0.000000	91419.389644
2.480000	0.000000	1744.740067
2.490000	0.000000	1684.034114
2.500000	0.000000	1623.384248
2.510000	0.000000	1563.714372
2.520000	0.000000	1502.993633
2.530000	0.000000	1441.923699
2.540000	0.000000	1381.458936
2.550000	0.000000	1766.651095
2.560000	0.000000	2107.147605
2.570000	0.000000	1237.406695
2.580000	0.000000	7348.447261
2.590000	0.000000	33085.059567
2.600000	0.000000	34748.303848
2.610000	0.000000	377129.888595
2.620000	0.000000	735650.221669
2.630000	0.000000	54938.213232
2.640000	0.000000	777.233070
2.650000	0.000000	770.922242
2.660000	0.000000	764.857118
2.670000	0.000000	758.884418
2.680000	0.000000	752.892918
2.690000	0.000000	746.904489
2.700000	0.000000	741.061864
2.710000	0.000000	735.098424
2.720000	0.000000	729.888278
2.730000	0.000000	724.910893
2.740000	0.000000	718.914337
2.750000	0.000000	717.534264
2.760000	0.000000	706.519338
2.770000	0.000000	704.405100
2.780000	0.000000	713.231689
2.790000	0.000000	798.463411
2.800000	0.000000	1069.216214
2.810000	0.000000	751.713230
2.820000	0.000000	5496.875805
2.830000	0.000000	2841.821638
2.840000	0.000000	951.271968
2.850000	0.000000	693.052014
2.860000	0.000000	646.373787
2.870000	0.000000	53808.318675
2.880000	0.000000	67754.410156
2.890000	0.000000	629.278345
2.900000	0.000000	623.653341
2.910000	0.000000	618.036147
2.920000	0.000000	612.427000
2.930000	0.000000	607.457308
2.940000	0.000000	671.691949
2.950000	0.000000	3221.908013
2.960000	0.000000	1410.202409
2.970000	0.000000	668.711523
2.980000	0.000000	668.870530
2.990000	0.000000	599.249211
3.000000	0.000000	568.189642
3.010000	0.000000	1460.772864
3.020000	0.000000	24608.971572
3.030000	0.000000	20289.195773
3.040000	0.000000	2472.891365
3.050000	0.000000	2961.118376
3.060000	0.000000	1298.306256
3.070000	0.000000	532.693730
3.080000	0.000000	529.250790
3.090000	0.000000	22452.474827
3.100000	0.000000	145137.537922
3.110000	0.000000	527.323267
3.120000	0.000000	576.800968
3.130000	0.000000	11683.343888
3.140000	0.000000	1838.146284
3.150000	0.000000	6250.189076
3.160000	0.000000	2174.233018
3.170000	0.000000	3666.173953
3.180000	0.000000	5207.692750
3.190000	0.000000	2813.274863
3.200000	0.000000	725.341361
3.210000	0.000000	709.934487
3.220000	0.000000	948.993278
3.230000	0.000000	948.009424
3.240000	0.000000	945.193038
3.250000	0.000000	983.654300
3.260000	0.000000	6754.743636
3.270000	0.000000	42718.559842
3.280000	0.000000	1059.089736
3.290000	0.000000	916.526093
3.300000	0.000000	910.545806
3.310000	0.000000	943.598714
3.320000	0.000000	975.096267
3.330000	0.000000	912.567649
3.340000	0.000000	885.890625
3.350000	0.000000	13263.781343
3.360000	0.000000	9729.016014
3.370000	0.000000	868.281881
3.380000	0.000000	862.668042
3.390000	0.000000	4774.311506
3.400000	0.000000	8294.238926
3.410000	0.000000	2449.399486
3.420000	0.000000	6341.291291
3.430000	0.000000	1325.087078
3.440000	0.000000	5153.761689
3.450000	0.000000	5179.208809
3.460000	0.000000	876.933742
3.470000	0.000000	816.663435
3.480000	0.000000	807.383504
3.490000	0.000000	1484.478025
3.500000	0.000000	1841.596738
3.510000	0.000000	1893.741702
3.520000	0.000000	1879.071930
3.530000	0.000000	1867.879768
3.540000	0.000000	1856.870341
3.550000	0.000000	1845.969345
3.560000	0.000000	1835.020513
3.570000	0.000000	1823.915203
3.580000	0.000000	1813.058087
3.590000	0.000000	1802.002368
3.600000	0.000000	1791.361935
3.610000	0.000000	1783.063044
3.620000	0.000000	1769.351356
3.630000	0.000000	1757.135163
3.640000	0.000000	1746.160052
3.650000	0.000000	1735.123012
3.660000	0.000000	1724.332394
3.670000	0.000000	1714.279786
3.680000	0.000000	1723.301351
3.690000	0.000000	1705.986265
3.700000	0.000000	1682.071187
3.710000	0.000000	1669.657690
3.720000	0.000000	1658.632413
3.730000	0.000000	1647.714144
3.740000	0.000000	1636.802667
3.750000	0.000000	1625.891214
3.760000	0.000000	1614.971825
3.770000	0.000000	1604.208533
3.780000	0.000000	1594.850309
3.790000	0.000000	1582.597352
3.800000	0.000000	1570.908133
3.810000	0.000000	1559.891262
3.820000	0.000000	1548.938567
3.830000	0.000000	1538.293894
3.840000	0.000000	1528.102910
3.850000	0.000000	1550.221544
3.860000	0.000000	1543.185408
3.870000	0.000000	1521.458364
3.880000	0.000000	1509.383203
3.890000	0.000000	1539.537408
3.900000	0.000000	1551.031045
3.910000	0.000000	1451.090141
3.920000	0.000000	1443.138602
3.930000	0.000000	1442.008471
3.940000	0.000000	1418.481311
3.950000	0.000000	1407.677120
3.960000	0.000000	1401.106237
3.970000	0.000000	1385.459808
3.980000	0.000000	1374.352730
3.990000	0.000000	1363.512233
4.000000	0.000000	1354.863947
4.010000	0.000000	1342.722771
4.020000	0.000000	1331.067461
4.030000	0.000000	1321.203726
4.040000	0.000000	1310.284265
4.050000	0.000000	1299.165531
4.060000	0.000000	1290.223681
4.070000	0.000000	1281.615084
4.080000	0.000000	1271.657627
4.090000	0.000000	1267.074788
4.100000	0.000000	1274.303066
4.110000	0.000000	1249.198100
4.120000	0.000000	1241.221511
4.130000	0.000000	1232.402908
4.140000	0.000000	1229.397291
4.150000	0.000000	1218.313822
4.160000	0.000000	1210.325404
4.170000	0.000000	1202.978411
4.180000	0.000000	1195.610426
4.190000	0.000000	1188.245280
4.200000	0.000000	1180.887590
4.210000	0.000000	1173.530016
4.220000	0.000000	1166.173885
4.230000	0.000000	1158.852911
4.240000	0.000000	1152.167865
4.250000	0.000000	1145.751272
4.260000	0.000000	1136.837243
4.270000	0.000000	1129.527376
4.280000	0.000000	1122.175838
4.290000	0.000000	1114.723329
4.300000	0.000000	1108.105718
4.310000	0.000000	1099.830442
4.320000	0.000000	1092.367269
4.330000	0.000000	1085.871458
4.340000	0.000000	1077.990227
4.350000	0.000000	1070.664294
4.360000	0.000000	1063.375330
4.370000	0.000000	1055.951706
4.380000	0.000000	1048.617408
4.390000	0.000000	1041.202371
4.400000	0.000000	1033.725218
4.410000	0.000000	1026.403087
4.420000	0.000000	1019.144308
4.430000	0.000000	1011.985128
4.440000	0.000000	1004.545240
4.450000	0.000000	997.236703
4.460000	0.000000	989.737110
4.470000	0.000000	982.157679
4.480000	0.000000	975.120968
4.490000	0.000000	967.575017
4.500000	0.000000	962.392918
4.510000	0.000000	954.135292
4.520000	0.000000	945.806519
4.530000	0.000000	938.344151
4.540000	0.000000	931.024890
4.550000	0.000000	923.680855
4.560000	0.000000	916.393873
4.570000	0.000000	914.734114
4.580000	0.000000	913.974091
4.590000	0.000000	894.559100
4.600000	0.000000	887.284628
4.610000	0.000000	880.028391
4.620000	0.000000	872.953479
4.630000	0.000000	866.479442
4.640000	0.000000	860.570517
4.650000	0.000000	854.796393
4.660000	0.000000	849.055354
4.670000	0.000000	843.829786
4.680000	0.000000	838.937867
4.690000	0.000000	834.696734
4.700000	0.000000	830.027188
4.710000	0.000000	824.944785
4.720000	0.000000	820.695635
4.730000	0.000000	816.125122
4.740000	0.000000	810.970642
4.750000	0.000000	806.762715
4.760000	0.000000	799.941049
4.770000	0.000000	794.979457
4.780000	0.000000	790.153085
4.790000	0.000000	785.284117
4.800000	0.000000	780.069902
4.810000	0.000000	775.380248
4.820000	0.000000	775.083585
4.830000	0.000000	766.477205
4.840000	0.000000	760.503742
4.850000	0.000000	756.216059
4.860000	0.000000	752.039176
4.870000	0.000000	746.525352
4.880000	0.000000	740.962559
4.890000	0.000000	736.089511
4.900000	0.000000	731.220348
4.910000	0.000000	726.353200
4.920000	0.000000	722.035151
4.930000	0.000000	718.438704
4.940000	0.000000	711.770497
4.950000	0.000000	706.895646
4.960000	0.000000	702.053396
4.970000	0.000000	696.966961
4.980000	0.000000	693.064419
4.990000	0.000000	687.250152
5.000000	0.000000	682.228167
5.010000	0.000000	677.365181
5.020000	0.000000	673.005511
5.030000	0.000000	667.947046
5.040000	0.000000	663.072056
5.050000	0.000000	658.308468
5.060000	0.000000	653.275101
5.070000	0.000000	648.398340
5.080000	0.000000	643.576332
5.090000	0.000000	638.595887
5.100000	0.000000	633.754165
5.110000	0.000000	628.991146
5.120000	0.000000	624.779853
5.130000	0.000000	619.198552
5.140000	0.000000	614.129569
5.150000	0.000000	609.387738
5.160000	0.000000	604.499542
5.170000	0.000000	599.659942
5.180000	0.000000	594.874955
5.190000	0.000000	590.617517
5.200000	0.000000	586.784050
5.210000	0.000000	582.904213
5.220000	0.000000	578.988284
5.230000	0.000000	575.156977
5.240000	0.000000	571.435805
5.250000	0.000000	567.804138
5.260000	0.000000	564.088359
5.270000	0.000000	560.843302
5.280000	0.000000	557.598650
5.290000	0.000000	554.354898
5.300000	0.000000	550.996729
5.310000	0.000000	547.812844
5.320000	0.000000	544.423707
5.330000	0.000000	541.166372
5.340000	0.000000	537.922775
5.350000	0.000000	534.755499
5.360000	0.000000	531.474352
5.370000	0.000000	528.225530
5.380000	0.000000	524.987094
5.390000	0.000000	521.744171
5.400000	0.000000	518.517972
5.410000	0.000000	515.264270
5.420000	0.000000	512.008109
5.430000	0.000000	508.774343
5.440000	0.000000	505.541729
5.450000	0.000000	502.304236
5.460000	0.000000	499.063931
5.470000	0.000000	495.686586
5.480000	0.000000	492.393042
5.490000	0.000000	489.240859
5.500000	0.000000	485.947720
5.510000	0.000000	482.701210
5.520000	0.000000	479.461349
5.530000	0.000000	476.266892
5.540000	0.000000	473.051974
5.550000	0.000000	469.794637
5.560000	0.000000	466.563830
5.570000	0.000000	463.465274
5.580000	0.000000	460.313114
5.590000	0.000000	456.907962
5.600000	0.000000	453.800643
5.610000	0.000000	451.139534
5.620000	0.000000	450.191939
5.630000	0.000000	446.698996
5.640000	0.000000	442.185816
5.650000	0.000000	439.398971
5.660000	0.000000	435.904253
5.670000	0.000000	437.455962
5.680000	0.000000	429.607439
5.690000	0.000000	424.468438
5.700000	0.000000	421.246510
5.710000	0.000000	418.029058
5.720000	0.000000	414.813426
5.730000	0.000000	411.600931
5.740000	0.000000	408.394252
5.750000	0.000000	405.348336
5.760000	0.000000	402.667654
5.770000	0.000000	400.123956
5.780000	0.000000	397.587007
5.790000	0.000000	395.054813
5.800000	0.000000	392.499987
5.810000	0.000000	389.818793
5.820000	0.000000	387.290113
5.830000	0.000000	384.757641
5.840000	0.000000	382.265992
5.850000	0.000000	380.016539
5.860000	0.000000	377.931391
5.870000	0.000000	375.813068
5.880000	0.000000	373.669253
5.890000	0.000000	371.527606
5.900000	0.000000	369.395161
5.910000	0.000000	367.275177
5.920000	0.000000	365.174064
5.930000	0.000000	363.089769
5.940000	0.000000	360.870547
5.950000	0.000000	358.747186
5.960000	0.000000	356.624775
5.970000	0.000000	354.452362
5.980000	0.000000	352.234351
5.990000	0.000000	350.110620
6.000000	0.000000	348.023622
6.010000	0.000000	345.872920
6.020000	0.000000	343.766607
6.030000	0.000000	341.652013
6.040000	0.000000	339.516707
6.050000	0.000000	337.391824
6.060000	0.000000	335.280997
6.070000	0.000000	333.175144
6.080000	0.000000	331.058795
6.090000	0.000000	328.974327
6.100000	0.000000	326.971499
6.110000	0.000000	325.038723
6.120000	0.000000	324.143124
6.130000	0.000000	321.265032
6.140000	0.000000	318.752075
6.150000	0.000000	316.922873
6.160000	0.000000	314.648703
6.170000	0.000000	314.097204
6.180000	0.000000	310.338371
6.190000	0.000000	307.647587
6.200000	0.000000	305.535671
6.210000	0.000000	303.421228
6.220000	0.000000	301.305817
6.230000	0.000000	299.192931
6.240000	0.000000	297.080918
6.250000	0.000000	294.969850
6.260000	0.000000	292.859858
6.270000	0.000000	290.751273
6.280000	0.000000	288.643948
6.290000	0.000000	286.537336
6.300000	0.000000	284.428507
6.310000	0.000000	282.208372
6.320000	0.000000	280.076046
6.330000	0.000000	278.177858
6.340000	0.000000	276.477208
6.350000	0.000000	274.806583
6.360000	0.000000	273.134595
6.370000	0.000000	271.462304
6.380000	0.000000	269.802453
6.390000	0.000000	268.137670
6.400000	0.000000	266.500888
6.410000	0.000000	264.843645
6.420000	0.000000	263.118602
6.430000	0.000000	261.451790
6.440000	0.000000	259.805087
6.450000	0.000000	258.190951
6.460000	0.000000	256.875153
6.470000	0.000000	256.001627
6.480000	0.000000	253.717510
6.490000	0.000000	252.589130
6.500000	0.000000	251.039836
6.510000	0.000000	249.518096
6.520000	0.000000	248.139732
6.530000	0.000000	250.481945
6.540000	0.000000	250.666137
6.550000	0.000000	246.506725
6.560000	0.000000	243.921387
6.570000	0.000000	248.679876
6.580000	0.000000	251.292373
6.590000	0.000000	245.405784
6.600000	0.000000	258.718016
6.610000	0.000000	301.084938
6.620000	0.000000	305.864236
6.630000	0.000000	332.191278
6.640000	0.000000	338.196866
6.650000	0.000000	368.740829
6.660000	0.000000	360.951553
6.670000	0.000000	291.837774
6.680000	0.000000	298.692374
6.690000	0.000000	468.616706
6.700000	0.000000	326.080853
6.710000	0.000000	223.180351
6.720000	0.000000	219.996128
6.730000	0.000000	218.281604
6.740000	0.000000	216.876942
6.750000	0.000000	215.471871
6.760000	0.000000	214.068908
6.770000	0.000000	212.666048
6.780000	0.000000	211.263095
6.790000	0.000000	209.860093
6.800000	0.000000	208.457294
6.810000	0.000000	207.015792
6.820000	0.000000	205.561416
6.830000	0.000000	204.162022
6.840000	0.000000	202.794857
6.850000	0.000000	201.371991
6.860000	0.000000	199.964735
6.870000	0.000000	198.586694
6.880000	0.000000	197.180462
6.890000	0.000000	195.807142
6.900000	0.000000	194.503359
6.910000	0.000000	193.410355
6.920000	0.000000	192.206557
6.930000	0.000000	190.572597
6.940000	0.000000	189.452967
6.950000	0.000000	188.457281
6.960000	0.000000	187.104442
6.970000	0.000000	187.102624
6.980000	0.000000	184.457778
6.990000	0.000000	183.307548
7.000000	0.000000	182.197861
7.010000	0.000000	181.099162
7.020000	0.000000	180.135324
7.030000	0.000000	178.929685
7.040000	0.000000	177.763606
7.050000	0.000000	176.685116
7.060000	0.000000	175.581778
7.070000	0.000000	174.455629
7.080000	0.000000	173.338330
7.090000	0.000000	172.237394
7.100000	0.000000	171.215462
7.110000	0.000000	170.285592
7.120000	0.000000	169.339206
7.130000	0.000000	168.402247
7.140000	0.000000	167.465222
7.150000	0.000000	166.469792
7.160000	0.000000	165.550557
7.170000	0.000000	164.705053
7.180000	0.000000	163.696011
7.190000	0.000000	162.779983
7.200000	0.000000	161.806179
7.210000	0.000000	160.844879
7.220000	0.000000	159.904682
7.230000	0.000000	158.966975
7.240000	0.000000	158.031192
7.250000	0.000000	157.107620
7.260000	0.000000	156.242150
7.270000	0.000000	155.378660
7.280000	0.000000	154.322431
7.290000	0.000000	153.352411
7.300000	0.000000	152.416698
7.310000	0.000000	151.478276
7.320000	0.000000	150.483875
7.330000	0.000000	149.572575
7.340000	0.000000	148.617096
7.350000	0.000000	147.679071
7.360000	0.000000	146.757138
7.370000	0.000000	145.815321
7.380000	0.000000	144.883217
7.390000	0.000000	143.950928
7.400000	0.000000	143.017735
7.410000	0.000000	142.084343
7.420000	0.000000	141.148253
7.430000	0.000000	140.217008
7.440000	0.000000	139.283256
7.450000	0.000000	138.351119
7.460000	0.000000	137.420897
7.470000	0.000000	136.487048
7.480000	0.000000	135.545216
7.490000	0.000000	134.561047
7.500000	0.000000	133.628710
7.510000	0.000000	132.697424
7.520000	0.000000	131.823934
7.530000	0.000000	130.867485
7.540000	0.000000	129.921697
7.550000	0.000000	129.053462
7.560000	0.000000	128.237976
7.570000	0.000000	127.467569
7.580000	0.000000	126.726215
7.590000	0.000000	125.983072
7.600000	0.000000	125.245212
7.610000	0.000000	124.534970
7.620000	0.000000	123.874049
7.630000	0.000000	123.190944
7.640000	0.000000	122.424107
7.650000	0.000000	121.569629
7.660000	0.000000	120.806169
7.670000	0.000000	120.037969
7.680000	0.000000	119.557438
7.690000	0.000000	118.671603
7.700000	0.000000	118.067524
7.710000	0.000000	117.785562
7.720000	0.000000	118.674222
7.730000	0.000000	118.789874
7.740000	0.000000	116.867553
7.750000	0.000000	116.479782
7.760000	0.000000	118.097001
7.770000	0.000000	121.370647
7.780000	0.000000	128.483727
7.790000	0.000000	116.850922
7.800000	0.000000	115.663551
7.810000	0.000000	110.680296
7.820000	0.000000	111.660812
7.830000	0.000000	109.769905
7.840000	0.000000	108.600788
7.850000	0.000000	107.918759
7.860000	0.000000	110.438765
7.870000	0.000000	122.707083
7.880000	0.000000	113.631502
7.890000	0.000000	105.421543
7.900000	0.000000	104.797702
7.910000	0.000000	104.182880
7.920000	0.000000	103.562671
7.930000	0.000000	102.927600
7.940000	0.000000	102.304485
7.950000	0.000000	101.681560
7.960000	0.000000	101.061963
7.970000	0.000000	100.458492
7.980000	0.000000	99.816619
7.990000	0.000000	99.157078
8.000000	0.000000	98.530914
8.010000	0.000000	97.914588
8.020000	0.000000	97.289148
8.030000	0.000000	96.671010
8.040000	0.000000	96.048203
8.050000	0.000000	95.428128
8.060000	0.000000	94.806107
8.070000	0.000000	94.182252
8.080000	0.000000	93.561289
8.090000	0.000000	92.989315
8.100000	0.000000	92.425468
8.110000	0.000000	91.752604
8.120000	0.000000	91.131202
8.130000	0.000000	90.524020
8.140000	0.000000	89.930436
8.150000	0.000000	89.256484
8.160000	0.000000	97.336084
8.170000	0.000000	88.577195
8.180000	0.000000	88.642122
8.190000	0.000000	87.335012
8.200000	0.000000	86.411443
8.210000	0.000000	87.064570
8.220000	0.000000	86.083106
8.230000	0.000000	84.892176
8.240000	0.000000	84.450659
8.250000	0.000000	83.972579
8.260000	0.000000	83.397277
8.270000	0.000000	82.906124
8.280000	0.000000	84.050395
8.290000	0.000000	87.742283
8.300000	0.000000	81.440670
8.310000	0.000000	80.958876
8.320000	0.000000	80.442957
8.330000	0.000000	79.949348
8.340000	0.000000	83.021712
8.350000	0.000000	79.519043
8.360000	0.000000	79.119198
8.370000	0.000000	78.196471
8.380000	0.000000	77.510211
8.390000	0.000000	77.472639
8.400000	0.000000	76.868364
8.410000	0.000000	76.065347
8.420000	0.000000	75.648263
8.430000	0.000000	75.232216
8.440000	0.000000	74.816170
8.450000	0.000000	74.400070
8.460000	0.000000	73.984027
8.470000	0.000000	73.840236
8.480000	0.000000	75.981902
8.490000	0.000000	72.721039
8.500000	0.000000	72.291697
8.510000	0.000000	71.875685
8.520000	0.000000	71.459672
8.530000	0.000000	71.044057
8.540000	0.000000	70.628213
8.550000	0.000000	70.213129
8.560000	0.000000	69.804628
8.570000	0.000000	69.389385
8.580000	0.000000	69.670893
8.590000	0.000000	69.475309
8.600000	0.000000	68.141530
8.610000	0.000000	67.724325
8.620000	0.000000	67.309752
8.630000	0.000000	66.895221
8.640000	0.000000	66.552797
8.650000	0.000000	66.952407
8.660000	0.000000	65.631212
8.670000	0.000000	65.209799
8.680000	0.000000	64.863551
8.690000	0.000000	64.845194
8.700000	0.000000	64.096662
8.710000	0.000000	63.808815
8.720000	0.000000	63.272030
8.730000	0.000000	62.879325
8.740000	0.000000	62.442881
8.750000	0.000000	61.898140
8.760000	0.000000	61.485375
8.770000	0.000000	61.071240
8.780000	0.000000	60.656276
8.790000	0.000000	60.243905
8.800000	0.000000	59.832262
8.810000	0.000000	59.421353
8.820000	0.000000	59.063937
8.830000	0.000000	58.767095
8.840000	0.000000	58.438300
8.850000	0.000000	58.110440
8.860000	0.000000	57.782572
8.870000	0.000000	57.454858
8.880000	0.000000	57.127332
8.890000	0.000000	56.799914
8.900000	0.000000	56.486431
8.910000	0.000000	56.157383
8.920000	0.000000	55.816908
8.930000	0.000000	55.488964
8.940000	0.000000	55.161271
8.950000	0.000000	54.833598
8.960000	0.000000	54.505959
8.970000	0.000000	54.178334
8.980000	0.000000	53.851127
8.990000	0.000000	53.527400
9.000000	0.000000	53.173493
9.010000	0.000000	52.860677
9.020000	0.000000	52.565286
9.030000	0.000000	52.202107
9.040000	0.000000	51.875887
9.050000	0.000000	51.553558
9.060000	0.000000	51.267261
9.070000	0.000000	51.084487
9.080000	0.000000	50.773693
9.090000	0.000000	50.377907
9.100000	0.000000	50.088243
9.110000	0.000000	49.803202
9.120000	0.000000	49.537025
9.130000	0.000000	49.245497
9.140000	0.000000	48.955024
9.150000	0.000000	48.678172
9.160000	0.000000	48.411944
9.170000	0.000000	48.135886
9.180000	0.000000	48.017036
9.190000	0.000000	47.581180
9.200000	0.000000	47.273575
9.210000	0.000000	46.996647
9.220000	0.000000	46.719721
9.230000	0.000000	46.442799
9.240000	0.000000	46.166048
9.250000	0.000000	45.889342
9.260000	0.000000	45.612628
9.270000	0.000000	45.336017
9.280000	0.000000	45.059416
9.290000	0.000000	44.782821
9.300000	0.000000	44.506265
9.310000	0.000000	44.230020
9.320000	0.000000	43.953830
9.330000	0.000000	43.665577
9.340000	0.000000	43.381083
9.350000	0.000000	43.104551
9.360000	0.000000	42.828419
9.370000	0.000000	42.552398
9.380000	0.000000	42.276390
9.390000	0.000000	42.000382
9.400000	0.000000	41.724374
9.410000	0.000000	41.448378
9.420000	0.000000	41.172392
9.430000	0.000000	40.896414
9.440000	0.000000	40.622164
9.450000	0.000000	40.352377
9.460000	0.000000	40.095553
9.470000	0.000000	39.874257
9.480000	0.000000	39.656042
9.490000	0.000000	39.436177
9.500000	0.000000	39.206584
9.510000	0.000000	38.984035
9.520000	0.000000	38.877272
9.530000	0.000000	38.569579
9.540000	0.000000	38.344407
9.550000	0.000000	38.116384
9.560000	0.000000	37.894947
9.570000	0.000000	37.691276
9.580000	0.000000	37.468504
9.590000	0.000000	37.236371
9.600000	0.000000	37.017572
9.610000	0.000000	36.798598
9.620000	0.000000	36.580154
9.630000	0.000000	36.361792
9.640000	0.000000	36.143436
9.650000	0.000000	35.929369
9.660000	0.000000	35.774377
9.670000	0.000000	35.473709
9.680000	0.000000	35.255395
9.690000	0.000000	35.036969
9.700000	0.000000	34.818837
9.710000	0.000000	34.600549
9.720000	0.000000	34.382041
9.730000	0.000000	34.198032
9.740000	0.000000	33.980505
9.750000	0.000000	33.769365
9.760000	0.000000	33.585156
9.770000	0.000000	33.393424
9.780000	0.000000	33.212441
9.790000	0.000000	33.033346
9.800000	0.000000	32.839136
9.810000	0.000000	32.654451
9.820000	0.000000	32.469805
9.830000	0.000000	32.282666
9.840000	0.000000	32.088324
9.850000	0.000000	31.903845
9.860000	0.000000	31.719366
9.870000	0.000000	31.534887
9.880000	0.000000	31.353989
9.890000	0.000000	31.182600
9.900000	0.000000	30.990296
9.910000	0.000000	30.797025
9.920000	0.000000	30.612769
9.930000	0.000000	30.428664
9.940000	0.000000	30.244576
9.950000	0.000000	30.060500
9.960000	0.000000	29.876431
9.970000	0.000000	29.692328
9.980000	0.000000	29.508225
9.990000	0.000000	29.324663
10.000000	0.000000	29.148945
10.010000	0.000000	28.944004
10.020000	0.000000	28.759437
10.030000	0.000000	28.575341
10.040000	0.000000	28.391254
10.050000	0.000000	28.207171
10.060000	0.000000	28.023096
10.070000	0.000000	27.843973
10.080000	0.000000	27.658881
10.090000	0.000000	27.470926
10.100000	0.000000	27.291446
10.110000	0.000000	27.127453
10.120000	0.000000	26.981988
10.130000	0.000000	26.838708
10.140000	0.000000	26.688491
10.150000	0.000000	26.542802
10.160000	0.000000	26.399918
10.170000	0.000000	26.244426
10.180000	0.000000	26.097355
10.190000	0.000000	25.949366
10.200000	0.000000	25.803252
10.210000	0.000000	25.657404
10.220000	0.000000	25.511570
10.230000	0.000000	25.365795
10.240000	0.000000	25.220058
10.250000	0.000000	25.074330
10.260000	0.000000	24.928602
10.270000	0.000000	24.782873
10.280000	0.000000	24.637231
10.290000	0.000000	24.491716
10.300000	0.000000	24.346092
10.310000	0.000000	24.200376
10.320000	0.000000	24.054665
10.330000	0.000000	23.908958
10.340000	0.000000	23.754998
10.350000	0.000000	23.607693
10.360000	0.000000	23.462021
10.370000	0.000000	23.316498
10.380000	0.000000	23.171010
10.390000	0.000000	23.025526
10.400000	0.000000	22.880052
10.410000	0.000000	22.734652
10.420000	0.000000	22.596089
10.430000	0.000000	22.467875
10.440000	0.000000	22.344743
10.450000	0.000000	22.221612
10.460000	0.000000	22.098483
10.470000	0.000000	21.975361
10.480000	0.000000	21.852228
10.490000	0.000000	21.729089
10.500000	0.000000	21.605535
10.510000	0.000000	21.474546
10.520000	0.000000	21.351619
10.530000	0.000000	21.228774
10.540000	0.000000	21.105936
10.550000	0.000000	20.983109
10.560000	0.000000	20.860265
10.570000	0.000000	20.737423
10.580000	0.000000	20.614585
10.590000	0.000000	20.491748
10.600000	0.000000	20.368915
10.610000	0.000000	20.246080
10.620000	0.000000	20.123237
10.630000	0.000000	20.000401
10.640000	0.000000	19.877567
10.650000	0.000000	19.754726
10.660000	0.000000	19.631892
10.670000	0.000000	19.506866
10.680000	0.000000	19.377909
10.690000	0.000000	19.255072
10.700000	0.000000	19.132239
10.710000	0.000000	19.009411
10.720000	0.000000	18.886588
10.730000	0.000000	18.763769
10.740000	0.000000	18.640952
10.750000	0.000000	18.519253
10.760000	0.000000	18.407863
10.770000	0.000000	18.307704
10.780000	0.000000	18.210192
10.790000	0.000000	18.112706
10.800000	0.000000	18.015223
10.810000	0.000000	17.917751
10.820000	0.000000	17.820305
10.830000	0.000000	17.722861
10.840000	0.000000	17.622297
10.850000	0.000000	17.521386
10.860000	0.000000	17.423963
10.870000	0.000000	17.326626
10.880000	0.000000	17.229316
10.890000	0.000000	17.132010
10.900000	0.000000	17.034704
10.910000	0.000000	16.937398
10.920000	0.000000	16.840093
10.930000	0.000000	16.742792
10.940000	0.000000	16.645494
10.950000	0.000000	16.548198
10.960000	0.000000	16.450902
10.970000	0.000000	16.353606
10.980000	0.000000	16.256312
10.990000	0.000000	16.159026
11.000000	0.000000	16.061818
11.010000	0.000000	15.960187
11.020000	0.000000	15.860977
11.030000	0.000000	15.763875
11.040000	0.000000	15.666858
11.050000	0.000000	15.569859
11.060000	0.000000	15.472863
11.070000	0.000000	15.375866
11.080000	0.000000	15.278869
11.090000	0.000000	15.181873
11.100000	0.000000	15.085410
11.110000	0.000000	14.994024
11.120000	0.000000	14.910026
11.130000	0.000000	14.827928
11.140000	0.000000	14.745886
11.150000	0.000000	14.663845
11.160000	0.000000	14.581807
11.170000	0.000000	14.499779
11.180000	0.000000	14.412789
11.190000	0.000000	14.330178
11.200000	0.000000	14.248154
11.210000	0.000000	14.166130
11.220000	0.000000	14.084106
11.230000	0.000000	14.002082
11.240000	0.000000	13.920058
11.250000	0.000000	13.838034
11.260000	0.000000	13.756010
11.270000	0.000000	13.673987
11.280000	0.000000	13.591963
11.290000	0.000000	13.509939
11.300000	0.000000	13.427916
11.310000	0.000000	13.345892
11.320000	0.000000	13.263869
11.330000	0.000000	13.181845
11.340000	0.000000	13.099238
11.350000	0.000000	13.012253
11.360000	0.000000	12.930236
11.370000	0.000000	12.848223
11.380000	0.000000	12.766212
11.390000	0.000000	12.684202
11.400000	0.000000	12.602198
11.410000	0.000000	12.522385
11.420000	0.000000	12.450984
11.430000	0.000000	12.385295
11.440000	0.000000	12.320186
11.450000	0.000000	12.255098
11.460000	0.000000	12.190012
11.470000	0.000000	12.124932
11.480000	0.000000	12.059867
11.490000	0.000000	11.994811
11.500000	0.000000	11.929758
11.510000	0.000000	11.863346
11.520000	0.000000	11.795336
11.530000	0.000000	11.730334
11.540000	0.000000	11.665331
11.550000	0.000000	11.600330
11.560000	0.000000	11.535337
11.570000	0.000000	11.470367
11.580000	0.000000	11.405407
11.590000	0.000000	11.340448
11.600000	0.000000	11.275489
11.610000	0.000000	11.210531
11.620000	0.000000	11.145574
11.630000	0.000000	11.080624
11.640000	0.000000	11.015712
11.650000	0.000000	10.950875
11.660000	0.000000	10.886079
11.670000	0.000000	10.821291
11.680000	0.000000	10.754223
11.690000	0.000000	10.687388
11.700000	0.000000	10.622630
11.710000	0.000000	10.557871
11.720000	0.000000	10.493113
11.730000	0.000000	10.428357
11.740000	0.000000	10.363657
11.750000	0.000000	10.299004
11.760000	0.000000	10.234363
11.770000	0.000000	10.169723
11.780000	0.000000	10.105083
11.790000	0.000000	10.040512
11.800000	0.000000	9.977937
11.810000	0.000000	9.920682
11.820000	0.000000	9.865893
11.830000	0.000000	9.811105
11.840000	0.000000	9.756320
11.850000	0.000000	9.698810
11.860000	0.000000	9.643055
11.870000	0.000000	9.588276
11.880000	0.000000	9.533497
11.890000	0.000000	9.478719
11.900000	0.000000	9.423940
11.910000	0.000000	9.369162
11.920000	0.000000	9.314383
11.930000	0.000000	9.259605
11.940000	0.000000	9.204827
11.950000	0.000000	9.150049
11.960000	0.000000	9.095271
11.970000	0.000000	9.040493
11.980000	0.000000	8.985715
11.990000	0.000000	8.930938
12.000000	0.000000	8.876162
12.010000	0.000000	8.821387
12.020000	0.000000	8.763105
12.030000	0.000000	8.708138
12.040000	0.000000	8.653369
12.050000	0.000000	8.598605
12.060000	0.000000	8.543845
12.070000	0.000000	8.489735
12.080000	0.000000	8.441406
12.090000	0.000000	8.397089
12.100000	0.000000	8.353604
12.110000	0.000000	8.310137
12.120000	0.000000	8.266680
12.130000	0.000000	8.223223
12.140000	0.000000	8.179769
12.150000	0.000000	8.136326
12.160000	0.000000	8.092901
12.170000	0.000000	8.049498
12.180000	0.000000	8.005632
12.190000	0.000000	7.959761
12.200000	0.000000	7.916363
12.210000	0.000000	7.872965
12.220000	0.000000	7.829568
12.230000	0.000000	7.786170
12.240000	0.000000	7.742772
12.250000	0.000000	7.699375
12.260000	0.000000	7.655979
12.270000	0.000000	7.612604
12.280000	0.000000	7.569265
12.290000	0.000000	7.525966
12.300000	0.000000	7.482699
12.310000	0.000000	7.439440
12.320000	0.000000	7.396194
12.330000	0.000000	7.352952
12.340000	0.000000	7.309711
12.350000	0.000000	7.265393
12.360000	0.000000	7.220329
12.370000	0.000000	7.177163
12.380000	0.000000	7.134001
12.390000	0.000000	7.090841
12.400000	0.000000	7.047681
12.410000	0.000000	7.004521
12.420000	0.000000	6.961361
12.430000	0.000000	6.918201
12.440000	0.000000	6.875041
12.450000	0.000000	6.831881
12.460000	0.000000	6.788722
12.470000	0.000000	6.745562
12.480000	0.000000	6.702402
12.490000	0.000000	6.659465
12.500000	0.000000	6.618121
12.510000	0.000000	6.581117
12.520000	0.000000	6.543091
12.530000	0.000000	6.505458
12.540000	0.000000	6.468867
12.550000	0.000000	6.432277
12.560000	0.000000	6.395687
12.570000	0.000000	6.359097
12.580000	0.000000	6.322508
12.590000	0.000000	6.285918
12.600000	0.000000	6.249328
12.610000	0.000000	6.212739
12.620000	0.000000	6.176149
12.630000	0.000000	6.139560
12.640000	0.000000	6.102972
12.650000	0.000000	6.066384
12.660000	0.000000	6.029796
12.670000	0.000000	5.993208
12.680000	0.000000	5.956622
12.690000	0.000000	5.918083
12.700000	0.000000	5.880981
12.710000	0.000000	5.844403
12.720000	0.000000	5.807826
12.730000	0.000000	5.771248
12.740000	0.000000	5.735868
12.750000	0.000000	5.704594
12.760000	0.000000	5.675362
12.770000	0.000000	5.646308
12.780000	0.000000	5.617266
12.790000	0.000000	5.588233
12.800000	0.000000	5.559200
12.810000	0.000000	5.530170
12.820000	0.000000	5.501150
12.830000	0.000000	5.472151
12.840000	0.000000	5.443157
12.850000	0.000000	5.414163
12.860000	0.000000	5.383209
12.870000	0.000000	5.354215
12.880000	0.000000	5.325221
12.890000	0.000000	5.296227
12.900000	0.000000	5.267238
12.910000	0.000000	5.238264
12.920000	0.000000	5.209297
12.930000	0.000000	5.180331
12.940000	0.000000	5.151373
12.950000	0.000000	5.122437
12.960000	0.000000	5.093521
12.970000	0.000000	5.064615
12.980000	0.000000	5.035721
12.990000	0.000000	5.006852
13.000000	0.000000	4.978013
13.010000	0.000000	4.949177
13.020000	0.000000	4.919930
13.030000	0.000000	4.889554
13.040000	0.000000	4.860717
13.050000	0.000000	4.831881
13.060000	0.000000	4.803045
13.070000	0.000000	4.774208
13.080000	0.000000	4.745373
13.090000	0.000000	4.716538
13.100000	0.000000	4.687704
13.110000	0.000000	4.658869
13.120000	0.000000	4.630035
13.130000	0.000000	4.601200
13.140000	0.000000	4.572366
13.150000	0.000000	4.543531
13.160000	0.000000	4.514697
13.170000	0.000000	4.485864
13.180000	0.000000	4.457030
13.190000	0.000000	4.427375
13.200000	0.000000	4.398344
13.210000	0.000000	4.373525
13.220000	0.000000	4.349057
13.230000	0.000000	4.324617
13.240000	0.000000	4.300177
13.250000	0.000000	4.275738
13.260000	0.000000	4.251298
13.270000	0.000000	4.226858
13.280000	0.000000	4.202419
13.290000	0.000000	4.177980
13.300000	0.000000	4.153541
13.310000	0.000000	4.129103
13.320000	0.000000	4.104664
13.330000	0.000000	4.080225
13.340000	0.000000	4.055787
13.350000	0.000000	4.031350
13.360000	0.000000	4.005873
13.370000	0.000000	3.980831
13.380000	0.000000	3.956399
13.390000	0.000000	3.931967
13.400000	0.000000	3.907536
13.410000	0.000000	3.883887
13.420000	0.000000	3.863007
13.430000	0.000000	3.843469
13.440000	0.000000	3.824053
13.450000	0.000000	3.804640
13.460000	0.000000	3.785234
13.470000	0.000000	3.765834
13.480000	0.000000	3.746436
13.490000	0.000000	3.727047
13.500000	0.000000	3.707665
13.510000	0.000000	3.688287
13.520000	0.000000	3.668912
13.530000	0.000000	3.648433
13.540000	0.000000	3.628856
13.550000	0.000000	3.609497
13.560000	0.000000	3.590140
13.570000	0.000000	3.570783
13.580000	0.000000	3.551426
13.590000	0.000000	3.532069
13.600000	0.000000	3.512713
13.610000	0.000000	3.493373
13.620000	0.000000	3.474061
13.630000	0.000000	3.454771
13.640000	0.000000	3.435490
13.650000	0.000000	3.416208
13.660000	0.000000	3.396927
13.670000	0.000000	3.377646
13.680000	0.000000	3.358365
13.690000	0.000000	3.339017
13.700000	0.000000	3.318512
13.710000	0.000000	3.299242
13.720000	0.000000	3.279972
13.730000	0.000000	3.260702
13.740000	0.000000	3.241432
13.750000	0.000000	3.222162
13.760000	0.000000	3.202892
13.770000	0.000000	3.183622
13.780000	0.000000	3.164353
13.790000	0.000000	3.145083
13.800000	0.000000	3.125815
13.810000	0.000000	3.106546
13.820000	0.000000	3.087277
13.830000	0.000000	3.068009
13.840000	0.000000	3.048740
13.850000	0.000000	3.029472
13.860000	0.000000	3.009861
13.870000	0.000000	2.989633
13.880000	0.000000	2.970365
13.890000	0.000000	2.951097
13.900000	0.000000	2.931841
13.910000	0.000000	2.913919
13.920000	0.000000	2.897236
13.930000	0.000000	2.880903
13.940000	0.000000	2.864570
13.950000	0.000000	2.848237
13.960000	0.000000	2.831904
13.970000	0.000000	2.815572
13.980000	0.000000	2.799239
13.990000	0.000000	2.782906
14.000000	0.000000	2.766573
14.010000	0.000000	2.750241
14.020000	0.000000	2.733911
14.030000	0.000000	2.717058
14.040000	0.000000	2.700148
14.050000	0.000000	2.683820
14.060000	0.000000	2.667491
14.070000	0.000000	2.651163
14.080000	0.000000	2.634952
14.090000	0.000000	2.620439
14.100000	0.000000	2.607161
14.110000	0.000000	2.594186
14.120000	0.000000	2.581211
14.130000	0.000000	2.568240
14.140000	0.000000	2.555275
14.150000	0.000000	2.542313
14.160000	0.000000	2.529354
14.170000	0.000000	2.516401
14.180000	0.000000	2.503449
14.190000	0.000000	2.490505
14.200000	0.000000	2.476969
14.210000	0.000000	2.463757
14.220000	0.000000	2.450821
14.230000	0.000000	2.437886
14.240000	0.000000	2.424950
14.250000	0.000000	2.412014
14.260000	0.000000	2.399086
14.270000	0.000000	2.386173
14.280000	0.000000	2.373275
14.290000	0.000000	2.360388
14.300000	0.000000	2.347502
14.310000	0.000000	2.334617
14.320000	0.000000	2.321731
14.330000	0.000000	2.308846
14.340000	0.000000	2.295960
14.350000	0.000000	2.283075
14.360000	0.000000	2.270190
14.370000	0.000000	2.256526
14.380000	0.000000	2.243549
14.390000	0.000000	2.230664
14.400000	0.000000	2.217779
14.410000	0.000000	2.204898
14.420000	0.000000	2.192020
14.430000	0.000000	2.179142
14.440000	0.000000	2.166265
14.450000	0.000000	2.153387
14.460000	0.000000	2.140509
14.470000	0.000000	2.127632
14.480000	0.000000	2.114754
14.490000	0.000000	2.101877
14.500000	0.000000	2.088999
14.510000	0.000000	2.076122
14.520000	0.000000	2.063246
14.530000	0.000000	2.050277
14.540000	0.000000	2.036622
14.550000	0.000000	2.023745
14.560000	0.000000	2.010869
14.570000	0.000000	1.997993
14.580000	0.000000	1.985116
14.590000	0.000000	1.972241
14.600000	0.000000	1.959366
14.610000	0.000000	1.946517
14.620000	0.000000	1.934361
14.630000	0.000000	1.923106
14.640000	0.000000	1.912187
14.650000	0.000000	1.901268
14.660000	0.000000	1.890348
14.670000	0.000000	1.879429
14.680000	0.000000	1.868510
14.690000	0.000000	1.857593
14.700000	0.000000	1.846442
14.710000	0.000000	1.835020
14.720000	0.000000	1.824103
14.730000	0.000000	1.813186
14.740000	0.000000	1.802270
14.750000	0.000000	1.791353
14.760000	0.000000	1.780703
14.770000	0.000000	1.771231
14.780000	0.000000	1.762471
14.790000	0.000000	1.753796
14.800000	0.000000	1.745121
14.810000	0.000000	1.736447
14.820000	0.000000	1.727775
14.830000	0.000000	1.719109
14.840000	0.000000	1.710452
14.850000	0.000000	1.701800
14.860000	0.000000	1.693147
14.870000	0.000000	1.684187
14.880000	0.000000	1.675257
14.890000	0.000000	1.666606
14.900000	0.000000	1.657958
14.910000	0.000000	1.649320
14.920000	0.000000	1.640686
14.930000	0.000000	1.632054
14.940000	0.000000	1.623424
14.950000	0.000000	1.614797
14.960000	0.000000	1.606177
14.970000	0.000000	1.597561
14.980000	0.000000	1.588946
14.990000	0.000000	1.580330
15.000000	0.000000	1.571715
15.010000	0.000000	1.563100
15.020000	0.000000	1.554484
15.030000	0.000000	1.545869
15.040000	0.000000	1.536824
15.050000	0.000000	1.528055
15.060000	0.000000	1.519440
15.070000	0.000000	1.510825
15.080000	0.000000	1.502209
15.090000	0.000000	1.493594
15.100000	0.000000	1.484979
15.110000	0.000000	1.476364
15.120000	0.000000	1.467749
15.130000	0.000000	1.459134
15.140000	0.000000	1.450521
15.150000	0.000000	1.441910
15.160000	0.000000	1.433300
15.170000	0.000000	1.424690
15.180000	0.000000	1.416080
15.190000	0.000000	1.407470
15.200000	0.000000	1.398859
15.210000	0.000000	1.389698
15.220000	0.000000	1.381057
15.230000	0.000000	1.372448
15.240000	0.000000	1.363838
15.250000	0.000000	1.355229
15.260000	0.000000	1.346620
15.270000	0.000000	1.338011
15.280000	0.000000	1.329402
15.290000	0.000000	1.320793
15.300000	0.000000	1.312185
15.310000	0.000000	1.303577
15.320000	0.000000	1.294970
15.330000	0.000000	1.286552
15.340000	0.000000	1.278779
15.350000	0.000000	1.271480
15.360000	0.000000	1.264182
15.370000	0.000000	1.256805
15.380000	0.000000	1.249091
15.390000	0.000000	1.241792
15.400000	0.000000	1.234494
15.410000	0.000000	1.227195
15.420000	0.000000	1.219897
15.430000	0.000000	1.212599
15.440000	0.000000	1.205495
15.450000	0.000000	1.199135
15.460000	0.000000	1.193285
15.470000	0.000000	1.187485
15.480000	0.000000	1.181686
15.490000	0.000000	1.175890
15.500000	0.000000	1.170095
15.510000	0.000000	1.164302
15.520000	0.000000	1.158512
15.530000	0.000000	1.152726
15.540000	0.000000	1.146797
15.550000	0.000000	1.140765
15.560000	0.000000	1.134988
15.570000	0.000000	1.129212
15.580000	0.000000	1.123438
15.590000	0.000000	1.117664
15.600000	0.000000	1.111893
15.610000	0.000000	1.106123
15.620000	0.000000	1.100354
15.630000	0.000000	1.094585
15.640000	0.000000	1.088821
15.650000	0.000000	1.083060
15.660000	0.000000	1.077299
15.670000	0.000000	1.071539
15.680000	0.000000	1.065778
15.690000	0.000000	1.060018
15.700000	0.000000	1.054257
15.710000	0.000000	1.048271
15.720000	0.000000	1.042346
15.730000	0.000000	1.036586
15.740000	0.000000	1.030825
15.750000	0.000000	1.025064
15.760000	0.000000	1.019304
15.770000	0.000000	1.013543
15.780000	0.000000	1.007783
15.790000	0.000000	1.002022
15.800000	0.000000	0.996262
15.810000	0.000000	0.990501
15.820000	0.000000	0.984741
15.830000	0.000000	0.978981
15.840000	0.000000	0.973220
15.850000	0.000000	0.967460
15.860000	0.000000	0.961699
15.870000	0.000000	0.955940
15.880000	0.000000	0.949876
15.890000	0.000000	0.944037
15.900000	0.000000	0.938280
15.910000	0.000000	0.932523
15.920000	0.000000	0.926766
15.930000	0.000000	0.921009
15.940000	0.000000	0.915252
15.950000	0.000000	0.909496
15.960000	0.000000	0.903739
15.970000	0.000000	0.897983
15.980000	0.000000	0.892227
15.990000	0.000000	0.886471
16.000000	0.000000	0.880715
16.010000	0.000000	0.874960
16.020000	0.000000	0.869205
16.030000	0.000000	0.863450
16.040000	0.000000	0.857696
16.050000	0.000000	0.851636
16.060000	0.000000	0.846610
16.070000	0.000000	0.841720
16.080000	0.000000	0.836839
16.090000	0.000000	0.831959
16.100000	0.000000	0.827078
16.110000	0.000000	0.822198
16.120000	0.000000	0.817341
16.130000	0.000000	0.812871
16.140000	0.000000	0.808854
16.150000	0.000000	0.804979
16.160000	0.000000	0.801105
16.170000	0.000000	0.797231
16.180000	0.000000	0.793357
16.190000	0.000000	0.789482
16.200000	0.000000	0.785608
16.210000	0.000000	0.781685
16.220000	0.000000	0.777617
16.230000	0.000000	0.773756
16.240000	0.000000	0.769895
16.250000	0.000000	0.766034
16.260000	0.000000	0.762173
16.270000	0.000000	0.758314
16.280000	0.000000	0.754454
16.290000	0.000000	0.750596
16.300000	0.000000	0.746738
16.310000	0.000000	0.742881
16.320000	0.000000	0.739025
16.330000	0.000000	0.735172
16.340000	0.000000	0.731321
16.350000	0.000000	0.727469
16.360000	0.000000	0.723618
16.370000	0.000000	0.719767
16.380000	0.000000	0.715806
16.390000	0.000000	0.711804
16.400000	0.000000	0.707952
16.410000	0.000000	0.704101
16.420000	0.000000	0.700249
16.430000	0.000000	0.696398
16.440000	0.000000	0.692547
16.450000	0.000000	0.688695
16.460000	0.000000	0.684844
16.470000	0.000000	0.680993
16.480000	0.000000	0.677141
16.490000	0.000000	0.673290
16.500000	0.000000	0.669438
16.510000	0.000000	0.665587
16.520000	0.000000	0.661736
16.530000	0.000000	0.657885
16.540000	0.000000	0.654033
16.550000	0.000000	0.650018
16.560000	0.000000	0.646070
16.570000	0.000000	0.642219
16.580000	0.000000	0.638368
16.590000	0.000000	0.634517
16.600000	0.000000	0.630666
16.610000	0.000000	0.626817
16.620000	0.000000	0.622968
16.630000	0.000000	0.619119
16.640000	0.000000	0.615270
16.650000	0.000000	0.611421
16.660000	0.000000	0.607573
16.670000	0.000000	0.603724
16.680000	0.000000	0.599875
16.690000	0.000000	0.596027
16.700000	0.000000	0.592179
16.710000	0.000000	0.588332
16.720000	0.000000	0.584265
16.730000	0.000000	0.580377
16.740000	0.000000	0.576529
16.750000	0.000000	0.572682
16.760000	0.000000	0.568835
16.770000	0.000000	0.565064
16.780000	0.000000	0.561612
16.790000	0.000000	0.558330
16.800000	0.000000	0.555068
16.810000	0.000000	0.551899
16.820000	0.000000	0.549017
16.830000	0.000000	0.546414
16.840000	0.000000	0.543823
16.850000	0.000000	0.541232
16.860000	0.000000	0.538641
16.870000	0.000000	0.536053
16.880000	0.000000	0.533457
16.890000	0.000000	0.530705
16.900000	0.000000	0.528119
16.910000	0.000000	0.525536
16.920000	0.000000	0.522954
16.930000	0.000000	0.520372
16.940000	0.000000	0.517791
16.950000	0.000000	0.515210
16.960000	0.000000	0.512629
16.970000	0.000000	0.510048
16.980000	0.000000	0.507467
16.990000	0.000000	0.504886
17.000000	0.000000	0.502306
17.010000	0.000000	0.499727
17.020000	0.000000	0.497150
17.030000	0.000000	0.494575
17.040000	0.000000	0.491999
17.050000	0.000000	0.489377
17.060000	0.000000	0.486673
17.070000	0.000000	0.484098
17.080000	0.000000	0.481522
17.090000	0.000000	0.478946
17.100000	0.000000	0.476371
17.110000	0.000000	0.473795
17.120000	0.000000	0.471219
17.130000	0.000000	0.468644
17.140000	0.000000	0.466068
17.150000	0.000000	0.463492
17.160000	0.000000	0.460917
17.170000	0.000000	0.458341
17.180000	0.000000	0.455765
17.190000	0.000000	0.453190
17.200000	0.000000	0.450614
17.210000	0.000000	0.448038
17.220000	0.000000	0.445380
17.230000	0.000000	0.442713
17.240000	0.000000	0.440137
17.250000	0.000000	0.437561
17.260000	0.000000	0.434986
17.270000	0.000000	0.432410
17.280000	0.000000	0.429835
17.290000	0.000000	0.427259
17.300000	0.000000	0.424684
17.310000	0.000000	0.422108
17.320000	0.000000	0.419533
17.330000	0.000000	0.416957
17.340000	0.000000	0.414382
17.350000	0.000000	0.411808
17.360000	0.000000	0.409234
17.370000	0.000000	0.406660
17.380000	0.000000	0.404087
17.390000	0.000000	0.401394
17.400000	0.000000	0.398766
17.410000	0.000000	0.396193
17.420000	0.000000	0.393619
17.430000	0.000000	0.391046
17.440000	0.000000	0.388473
17.450000	0.000000	0.385900
17.460000	0.000000	0.383328
17.470000	0.000000	0.380756
17.480000	0.000000	0.378185
17.490000	0.000000	0.375619
17.500000	0.000000	0.373204
17.510000	0.000000	0.371172
17.520000	0.000000	0.369433
17.530000	0.000000	0.367702
17.540000	0.000000	0.365973
17.550000	0.000000	0.364243
17.560000	0.000000	0.362409
17.570000	0.000000	0.360668
17.580000	0.000000	0.358938
17.590000	0.000000	0.357209
17.600000	0.000000	0.355480
17.610000	0.000000	0.353753
17.620000	0.000000	0.352027
17.630000	0.000000	0.350301
17.640000	0.000000	0.348575
17.650000	0.000000	0.346850
17.660000	0.000000	0.345124
17.670000	0.000000	0.343398
17.680000	0.000000	0.341673
17.690000	0.000000	0.339947
17.700000	0.000000	0.338221
17.710000	0.000000	0.336497
17.720000	0.000000	0.334762
17.730000	0.000000	0.332936
17.740000	0.000000	0.331214
17.750000	0.000000	0.329491
17.760000	0.000000	0.327769
17.770000	0.000000	0.326047
17.780000	0.000000	0.324325
17.790000	0.000000	0.322602
17.800000	0.000000	0.320880
17.810000	0.000000	0.319158
17.820000	0.000000	0.317436
17.830000	0.000000	0.315714
17.840000	0.000000	0.313991
17.850000	0.000000	0.312269
17.860000	0.000000	0.310547
17.870000	0.000000	0.308825
17.880000	0.000000	0.307102
17.890000	0.000000	0.305343
17.900000	0.000000	0.303541
17.910000	0.000000	0.301819
17.920000	0.000000	0.300097
17.930000	0.000000	0.298375
17.940000	0.000000	0.296652
17.950000	0.000000	0.294930
17.960000	0.000000	0.293208
17.970000	0.000000	0.291486
17.980000	0.000000	0.289764
17.990000	0.000000	0.288042
18.000000	0.000000	0.286319
18.010000	0.000000	0.284597
18.020000	0.000000	0.282875
18.030000	0.000000	0.281153
18.040000	0.000000	0.279431
18.050000	0.000000	0.277709
18.060000	0.000000	0.275926
18.070000	0.000000	0.274149
18.080000	0.000000	0.272427
18.090000	0.000000	0.270706
18.100000	0.000000	0.268986
18.110000	0.000000	0.267265
18.120000	0.000000	0.265544
18.130000	0.000000	0.263824
18.140000	0.000000	0.262104
18.150000	0.000000	0.260385
18.160000	0.000000	0.258665
18.170000	0.000000	0.256946
18.180000	0.000000	0.255227
18.190000	0.000000	0.253531
18.200000	0.000000	0.251944
18.210000	0.000000	0.250522
18.220000	0.000000	0.249106
18.230000	0.000000	0.247721
18.240000	0.000000	0.246541
18.250000	0.000000	0.245384
18.260000	0.000000	0.244227
18.270000	0.000000	0.243070
18.280000	0.000000	0.241914
18.290000	0.000000	0.240757
18.300000	0.000000	0.239601
18.310000	0.000000	0.238446
18.320000	0.000000	0.237291
18.330000	0.000000	0.236137
18.340000	0.000000	0.234983
18.350000	0.000000	0.233828
18.360000	0.000000	0.232674
18.370000	0.000000	0.231520
18.380000	0.000000	0.230366
18.390000	0.000000	0.229211
18.400000	0.000000	0.227983
18.410000	0.000000	0.226826
18.420000	0.000000	0.225673
18.430000	0.000000	0.224521
18.440000	0.000000	0.223369
18.450000	0.000000	0.222217
18.460000	0.000000	0.221065
18.470000	0.000000	0.219913
18.480000	0.000000	0.218761
18.490000	0.000000	0.217609
18.500000	0.000000	0.216457
18.510000	0.000000	0.215305
18.520000	0.000000	0.214153
18.530000	0.000000	0.213001
18.540000	0.000000	0.211849
18.550000	0.000000	0.210697
18.560000	0.000000	0.209532
18.570000	0.000000	0.208315
18.580000	0.000000	0.207163
18.590000	0.000000	0.206011
18.600000	0.000000	0.204859
18.610000	0.000000	0.203707
18.620000	0.000000	0.202555
18.630000	0.000000	0.201403
18.640000	0.000000	0.200251
18.650000	0.000000	0.199099
18.660000	0.000000	0.197947
18.670000	0.000000	0.196795
18.680000	0.000000	0.195643
18.690000	0.000000	0.194491
18.700000	0.000000	0.193339
18.710000	0.000000	0.192187
18.720000	0.000000	0.191035
18.730000	0.000000	0.189855
18.740000	0.000000	0.188653
18.750000	0.000000	0.187502
18.760000	0.000000	0.186350
18.770000	0.000000	0.185198
18.780000	0.000000	0.184047
18.790000	0.000000	0.182895
18.800000	0.000000	0.181743
18.810000	0.000000	0.180592
18.820000	0.000000	0.179441
18.830000	0.000000	0.178291
18.840000	0.000000	0.177141
18.850000	0.000000	0.175990
18.860000	0.000000	0.174841
18.870000	0.000000	0.173692
18.880000	0.000000	0.172546
18.890000	0.000000	0.171427
18.900000	0.000000	0.170416
18.910000	0.000000	0.169440
18.920000	0.000000	0.168492
18.930000	0.000000	0.167544
18.940000	0.000000	0.166595
18.950000	0.000000	0.165648
18.960000	0.000000	0.164771
18.970000	0.000000	0.163971
18.980000	0.000000	0.163197
18.990000	0.000000	0.162424
19.000000	0.000000	0.161651
19.010000	0.000000	0.160878
19.020000	0.000000	0.160105
19.030000	0.000000	0.159333
19.040000	0.000000	0.158561
19.050000	0.000000	0.157789
19.060000	0.000000	0.157017
19.070000	0.000000	0.156204
19.080000	0.000000	0.155421
19.090000	0.000000	0.154649
19.100000	0.000000	0.153877
19.110000	0.000000	0.153105
19.120000	0.000000	0.152334
19.130000	0.000000	0.151563
19.140000	0.000000	0.150793
19.150000	0.000000	0.150022
19.160000	0.000000	0.149252
19.170000	0.000000	0.148481
19.180000	0.000000	0.147711
19.190000	0.000000	0.146940
19.200000	0.000000	0.146170
19.210000	0.000000	0.145399
19.220000	0.000000	0.144629
19.230000	0.000000	0.143858
19.240000	0.000000	0.143036
19.250000	0.000000	0.142265
19.260000	0.000000	0.141495
19.270000	0.000000	0.140724
19.280000	0.000000	0.139954
19.290000	0.000000	0.139183
19.300000	0.000000	0.138413
19.310000	0.000000	0.137642
19.320000	0.000000	0.136872
19.330000	0.000000	0.136101
19.340000	0.000000	0.135331
19.350000	0.000000	0.134560
19.360000	0.000000	0.133790
19.370000	0.000000	0.133019
19.380000	0.000000	0.132249
19.390000	0.000000	0.131479
19.400000	0.000000	0.130697
19.410000	0.000000	0.129886
19.420000	0.000000	0.129115
19.430000	0.000000	0.128345
19.440000	0.000000	0.127574
19.450000	0.000000	0.126804
19.460000	0.000000	0.126034
19.470000	0.000000	0.125263
19.480000	0.000000	0.124493
19.490000	0.000000	0.123723
19.500000	0.000000	0.122954
19.510000	0.000000	0.122184
19.520000	0.000000	0.121414
19.530000	0.000000	0.120645
19.540000	0.000000	0.119876
19.550000	0.000000	0.119107
19.560000	0.000000	0.118338
19.570000	0.000000	0.117547
19.580000	0.000000	0.116749
19.590000	0.000000	0.116053
19.600000	0.000000	0.115412
19.610000	0.000000	0.114778
19.620000	0.000000	0.114144
19.630000	0.000000	0.113510
19.640000	0.000000	0.112875
19.650000	0.000000	0.112241
19.660000	0.000000	0.111607
19.670000	0.000000	0.110973
19.680000	0.000000	0.110340
19.690000	0.000000	0.109730
19.700000	0.000000	0.109183
19.710000	0.000000	0.108666
19.720000	0.000000	0.108149
19.730000	0.000000	0.107632
19.740000	0.000000	0.107094
19.750000	0.000000	0.106565
19.760000	0.000000	0.106048
19.770000	0.000000	0.105532
19.780000	0.000000	0.105015
19.790000	0.000000	0.104499
19.800000	0.000000	0.103983
19.810000	0.000000	0.103466
19.820000	0.000000	0.102950
19.830000	0.000000	0.102435
19.840000	0.000000	0.101919
19.850000	0.000000	0.101404
19.860000	0.000000	0.100888
19.870000	0.000000	0.100373
19.880000	0.000000	0.099857
19.890000	0.000000	0.099342
19.900000	0.000000	0.098827
19.910000	0.000000	0.098282
19.920000	0.000000	0.097761
19.930000	0.000000	0.097246
19.940000	0.000000	0.096730
19.950000	0.000000	0.096215
19.960000	0.000000	0.095700
19.970000	0.000000	0.095184
19.980000	0.000000	0.094669
19.990000	0.000000	0.094154
20.000000	0.000000	0.093638
20.010000	0.000000	0.093123
20.020000	0.000000	0.092608
20.030000	0.000000	0.092092
20.040000	0.000000	0.091577
20.050000	0.000000	0.091062
20.060000	0.000000	0.090546
20.070000	0.000000	0.090029
20.080000	0.000000	0.089481
20.090000	0.000000	0.088966
20.100000	0.000000	0.088450
20.110000	0.000000	0.087935
20.120000	0.000000	0.087420
20.130000	0.000000	0.086904
20.140000	0.000000	0.086389
20.150000	0.000000	0.085874
20.160000	0.000000	0.085359
20.170000	0.000000	0.084844
20.180000	0.000000	0.084329
20.190000	0.000000	0.083814
20.200000	0.000000	0.083299
20.210000	0.000000	0.082785
20.220000	0.000000	0.082270
20.230000	0.000000	0.081756
20.240000	0.000000	0.081233
20.250000	0.000000	0.080693
20.260000	0.000000	0.080179
20.270000	0.000000	0.079665
20.280000	0.000000	0.079154
20.290000	0.000000	0.078695
20.300000	0.000000	0.078265
20.310000	0.000000	0.077840
20.320000	0.000000	0.077416
20.330000	0.000000	0.076991
20.340000	0.000000	0.076567
20.350000	0.000000	0.076142
20.360000	0.000000	0.075718
20.370000	0.000000	0.075294
20.380000	0.000000	0.074870
20.390000	0.000000	0.074446
20.400000	0.000000	0.074021
20.410000	0.000000	0.073584
20.420000	0.000000	0.073144
20.430000	0.000000	0.072748
20.440000	0.000000	0.072397
20.450000	0.000000	0.072051
20.460000	0.000000	0.071705
20.470000	0.000000	0.071360
20.480000	0.000000	0.071014
20.490000	0.000000	0.070668
20.500000	0.000000	0.070323
20.510000	0.000000	0.069977
20.520000	0.000000	0.069631
20.530000	0.000000	0.069286
20.540000	0.000000	0.068941
20.550000	0.000000	0.068596
20.560000	0.000000	0.068251
20.570000	0.000000	0.067906
20.580000	0.000000	0.067545
20.590000	0.000000	0.067192
20.600000	0.000000	0.066847
20.610000	0.000000	0.066502
20.620000	0.000000	0.066157
20.630000	0.000000	0.065812
20.640000	0.000000	0.065467
20.650000	0.000000	0.065123
20.660000	0.000000	0.064778
20.670000	0.000000	0.064433
20.680000	0.000000	0.064088
20.690000	0.000000	0.063743
20.700000	0.000000	0.063398
20.710000	0.000000	0.063053
20.720000	0.000000	0.062708
20.730000	0.000000	0.062363
20.740000	0.000000	0.062018
20.750000	0.000000	0.061652
20.760000	0.000000	0.061305
20.770000	0.000000	0.060960
20.780000	0.000000	0.060615
20.790000	0.000000	0.060270
20.800000	0.000000	0.059925
20.810000	0.000000	0.059580
20.820000	0.000000	0.059235
20.830000	0.000000	0.058891
20.840000	0.000000	0.058546
20.850000	0.000000	0.058201
20.860000	0.000000	0.057856
20.870000	0.000000	0.057512
20.880000	0.000000	0.057167
20.890000	0.000000	0.056823
20.900000	0.000000	0.056479
20.910000	0.000000	0.056132
20.920000	0.000000	0.055767
20.930000	0.000000	0.055423
20.940000	0.000000	0.055078
20.950000	0.000000	0.054734
20.960000	0.000000	0.054390
20.970000	0.000000	0.054046
20.980000	0.000000	0.053707
20.990000	0.000000	0.053398
21.000000	0.000000	0.053111
21.010000	0.000000	0.052827
21.020000	0.000000	0.052542
21.030000	0.000000	0.052258
21.040000	0.000000	0.051974
21.050000	0.000000	0.051690
21.060000	0.000000	0.051406
21.070000	0.000000	0.051122
21.080000	0.000000	0.050832
21.090000	0.000000	0.050535
21.100000	0.000000	0.050251
21.110000	0.000000	0.049967
21.120000	0.000000	0.049684
21.130000	0.000000	0.049400
21.140000	0.000000	0.049116
21.150000	0.000000	0.048833
21.160000	0.000000	0.048553
21.170000	0.000000	0.048296
21.180000	0.000000	0.048062
21.190000	0.000000	0.047830
21.200000	0.000000	0.047599
21.210000	0.000000	0.047368
21.220000	0.000000	0.047137
21.230000	0.000000	0.046906
21.240000	0.000000	0.046674
21.250000	0.000000	0.046435
21.260000	0.000000	0.046197
21.270000	0.000000	0.045966
21.280000	0.000000	0.045735
21.290000	0.000000	0.045504
21.300000	0.000000	0.045274
21.310000	0.000000	0.045043
21.320000	0.000000	0.044812
21.330000	0.000000	0.044581
21.340000	0.000000	0.044350
21.350000	0.000000	0.044120
21.360000	0.000000	0.043889
21.370000	0.000000	0.043658
21.380000	0.000000	0.043427
21.390000	0.000000	0.043197
21.400000	0.000000	0.042966
21.410000	0.000000	0.042735
21.420000	0.000000	0.042493
21.430000	0.000000	0.042258
21.440000	0.000000	0.042027
21.450000	0.000000	0.041797
21.460000	0.000000	0.041566
21.470000	0.000000	0.041335
21.480000	0.000000	0.041104
21.490000	0.000000	0.040874
21.500000	0.000000	0.040643
21.510000	0.000000	0.040412
21.520000	0.000000	0.040181
21.530000	0.000000	0.039951
21.540000	0.000000	0.039720
21.550000	0.000000	0.039490
21.560000	0.000000	0.039259
21.570000	0.000000	0.039029
21.580000	0.000000	0.038799
21.590000	0.000000	0.038553
21.600000	0.000000	0.038322
21.610000	0.000000	0.038092
21.620000	0.000000	0.037862
21.630000	0.000000	0.037632
21.640000	0.000000	0.037401
21.650000	0.000000	0.037171
21.660000	0.000000	0.036941
21.670000	0.000000	0.036710
21.680000	0.000000	0.036483
21.690000	0.000000	0.036270
21.700000	0.000000	0.036077
21.710000	0.000000	0.035887
21.720000	0.000000	0.035697
21.730000	0.000000	0.035507
21.740000	0.000000	0.035316
21.750000	0.000000	0.035124
21.760000	0.000000	0.034923
21.770000	0.000000	0.034733
21.780000	0.000000	0.034543
21.790000	0.000000	0.034353
21.800000	0.000000	0.034163
21.810000	0.000000	0.033973
21.820000	0.000000	0.033783
21.830000	0.000000	0.033593
21.840000	0.000000	0.033403
21.850000	0.000000	0.033214
21.860000	0.000000	0.033024
21.870000	0.000000	0.032834
21.880000	0.000000	0.032644
21.890000	0.000000	0.032455
21.900000	0.000000	0.032267
21.910000	0.000000	0.032092
21.920000	0.000000	0.031934
21.930000	0.000000	0.031772
21.940000	0.000000	0.031617
21.950000	0.000000	0.031463
21.960000	0.000000	0.031308
21.970000	0.000000	0.031153
21.980000	0.000000	0.030999
21.990000	0.000000	0.030844
22.000000	0.000000	0.030690
22.010000	0.000000	0.030535
22.020000	0.000000	0.030381
22.030000	0.000000	0.030226
22.040000	0.000000	0.030072
22.050000	0.000000	0.029917
22.060000	0.000000	0.029763
22.070000	0.000000	0.029608
22.080000	0.000000	0.029454
22.090000	0.000000	0.029293
22.100000	0.000000	0.029134
22.110000	0.000000	0.028980
22.120000	0.000000	0.028825
22.130000	0.000000	0.028671
22.140000	0.000000	0.028517
22.150000	0.000000	0.028362
22.160000	0.000000	0.028208
22.170000	0.000000	0.028053
22.180000	0.000000	0.027899
22.190000	0.000000	0.027744
22.200000	0.000000	0.027590
22.210000	0.000000	0.027435
22.220000	0.000000	0.027281
22.230000	0.000000	0.027127
22.240000	0.000000	0.026972
22.250000	0.000000	0.026818
22.260000	0.000000	0.026656
22.270000	0.000000	0.026499
22.280000	0.000000	0.026345
22.290000	0.000000	0.026191
22.300000	0.000000	0.026037
22.310000	0.000000	0.025883
22.320000	0.000000	0.025729
22.330000	0.000000	0.025574
22.340000	0.000000	0.025420
22.350000	0.000000	0.025266
22.360000	0.000000	0.025112
22.370000	0.000000	0.024958
22.380000	0.000000	0.024804
22.390000	0.000000	0.024655
22.400000	0.000000	0.024522
22.410000	0.000000	0.024395
22.420000	0.000000	0.024268
22.430000	0.000000	0.024132
22.440000	0.000000	0.024005
22.450000	0.000000	0.023877
22.460000	0.000000	0.023750
22.470000	0.000000	0.023623
22.480000	0.000000	0.023496
22.490000	0.000000	0.023368
22.500000	0.000000	0.023241
22.510000	0.000000	0.023114
22.520000	0.000000	0.022987
22.530000	0.000000	0.022859
22.540000	0.000000	0.022732
22.550000	0.000000	0.022605
22.560000	0.000000	0.022478
22.570000	0.000000	0.022351
22.580000	0.000000	0.022224
22.590000	0.000000	0.022095
22.600000	0.000000	0.021961
22.610000	0.000000	0.021834
22.620000	0.000000	0.021707
22.630000	0.000000	0.021580
22.640000	0.000000	0.021454
22.650000	0.000000	0.021338
22.660000	0.000000	0.021231
22.670000	0.000000	0.021128
22.680000	0.000000	0.021024
22.690000	0.000000	0.020921
22.700000	0.000000	0.020817
22.710000	0.000000	0.020714
22.720000	0.000000	0.020611
22.730000	0.000000	0.020507
22.740000	0.000000	0.020404
22.750000	0.000000	0.020300
22.760000	0.000000	0.020194
22.770000	0.000000	0.020087
22.780000	0.000000	0.019983
22.790000	0.000000	0.019880
22.800000	0.000000	0.019777
22.810000	0.000000	0.019673
22.820000	0.000000	0.019570
22.830000	0.000000	0.019466
22.840000	0.000000	0.019363
22.850000	0.000000	0.019260
22.860000	0.000000	0.019156
22.870000	0.000000	0.019053
22.880000	0.000000	0.018950
22.890000	0.000000	0.018846
22.900000	0.000000	0.018743
22.910000	0.000000	0.018640
22.920000	0.000000	0.018536
22.930000	0.000000	0.018429
22.940000	0.000000	0.018323
22.950000	0.000000	0.018220
22.960000	0.000000	0.018117
22.970000	0.000000	0.018014
22.980000	0.000000	0.017911
22.990000	0.000000	0.017807
23.000000	0.000000	0.017704
23.010000	0.000000	0.017601
23.020000	0.000000	0.017498
23.030000	0.000000	0.017395
23.040000	0.000000	0.017292
23.050000	0.000000	0.017189
23.060000	0.000000	0.017085
23.070000	0.000000	0.016982
23.080000	0.000000	0.016879
23.090000	0.000000	0.016776
23.100000	0.000000	0.016676
23.110000	0.000000	0.016590
23.120000	0.000000	0.016505
23.130000	0.000000	0.016420
23.140000	0.000000	0.016335
23.150000	0.000000	0.016249
23.160000	0.000000	0.016164
23.170000	0.000000	0.016079
23.180000	0.000000	0.015994
23.190000	0.000000	0.015909
23.200000	0.000000	0.015824
23.210000	0.000000	0.015739
23.220000	0.000000	0.015654
23.230000	0.000000	0.015568
23.240000	0.000000	0.015483
23.250000	0.000000	0.015398
23.260000	0.000000	0.015313
23.270000	0.000000	0.015222
23.280000	0.000000	0.015137
23.290000	0.000000	0.015052
23.300000	0.000000	0.014967
23.310000	0.000000	0.014882
23.320000	0.000000	0.014797
23.330000	0.000000	0.014712
23.340000	0.000000	0.014627
23.350000	0.000000	0.014542
23.360000	0.000000	0.014457
23.370000	0.000000	0.014372
23.380000	0.000000	0.014287
23.390000	0.000000	0.014205
23.400000	0.000000	0.014132
23.410000	0.000000	0.014063
23.420000	0.000000	0.013994
23.430000	0.000000	0.013923
23.440000	0.000000	0.013850
23.450000	0.000000	0.013781
23.460000	0.000000	0.013712
23.470000	0.000000	0.013643
23.480000	0.000000	0.013574
23.490000	0.000000	0.013504
23.500000	0.000000	0.013435
23.510000	0.000000	0.013366
23.520000	0.000000	0.013297
23.530000	0.000000	0.013228
23.540000	0.000000	0.013159
23.550000	0.000000	0.013089
23.560000	0.000000	0.013020
23.570000	0.000000	0.012951
23.580000	0.000000	0.012882
23.590000	0.000000	0.012813
23.600000	0.000000	0.012741
23.610000	0.000000	0.012670
23.620000	0.000000	0.012601
23.630000	0.000000	0.012532
23.640000	0.000000	0.012463
23.650000	0.000000	0.012394
23.660000	0.000000	0.012325
23.670000	0.000000	0.012256
23.680000	0.000000	0.012187
23.690000	0.000000	0.012118
23.700000	0.000000	0.012048
23.710000	0.000000	0.011979
23.720000	0.000000	0.011910
23.730000	0.000000	0.011841
23.740000	0.000000	0.011772
23.750000	0.000000	0.011703
23.760000	0.000000	0.011634
23.770000	0.000000	0.011562
23.780000	0.000000	0.011492
23.790000	0.000000	0.011423
23.800000	0.000000	0.011354
23.810000	0.000000	0.011294
23.820000	0.000000	0.011236
23.830000	0.000000	0.011179
23.840000	0.000000	0.011122
23.850000	0.000000	0.011065
23.860000	0.000000	0.011008
23.870000	0.000000	0.010951
23.880000	0.000000	0.010894
23.890000	0.000000	0.010837
23.900000	0.000000	0.010780
23.910000	0.000000	0.010723
23.920000	0.000000	0.010666
23.930000	0.000000	0.010609
23.940000	0.000000	0.010548
23.950000	0.000000	0.010491
23.960000	0.000000	0.010434
23.970000	0.000000	0.010377
23.980000	0.000000	0.010320
23.990000	0.000000	0.010263
24.000000	0.000000	0.010206
24.010000	0.000000	0.010149
24.020000	0.000000	0.010092
24.030000	0.000000	0.010035
24.040000	0.000000	0.009978
24.050000	0.000000	0.009921
24.060000	0.000000	0.009864
24.070000	0.000000	0.009807
24.080000	0.000000	0.009751
24.090000	0.000000	0.009694
24.100000	0.000000	0.009636
24.110000	0.000000	0.009576
24.120000	0.000000	0.009519
24.130000	0.000000	0.009462
24.140000	0.000000	0.009409
24.150000	0.000000	0.009361
24.160000	0.000000	0.009315
24.170000	0.000000	0.009268
24.180000	0.000000	0.009222
24.190000	0.000000	0.009176
24.200000	0.000000	0.009129
24.210000	0.000000	0.009083
24.220000	0.000000	0.009036
24.230000	0.000000	0.008990
24.240000	0.000000	0.008944
24.250000	0.000000	0.008897
24.260000	0.000000	0.008851
24.270000	0.000000	0.008804
24.280000	0.000000	0.008755
24.290000	0.000000	0.008709
24.300000	0.000000	0.008663
24.310000	0.000000	0.008616
24.320000	0.000000	0.008570
24.330000	0.000000	0.008524
24.340000	0.000000	0.008478
24.350000	0.000000	0.008432
24.360000	0.000000	0.008385
24.370000	0.000000	0.008339
24.380000	0.000000	0.008293
24.390000	0.000000	0.008247
24.400000	0.000000	0.008200
24.410000	0.000000	0.008154
24.420000	0.000000	0.008108
24.430000	0.000000	0.008062
24.440000	0.000000	0.008014
24.450000	0.000000	0.007966
24.460000	0.000000	0.007920
24.470000	0.000000	0.007874
24.480000	0.000000	0.007827
24.490000	0.000000	0.007781
24.500000	0.000000	0.007735
24.510000	0.000000	0.007690
24.520000	0.000000	0.007650
24.530000	0.000000	0.007611
24.540000	0.000000	0.007573
24.550000	0.000000	0.007535
24.560000	0.000000	0.007497
24.570000	0.000000	0.007459
24.580000	0.000000	0.007421
24.590000	0.000000	0.007382
24.600000	0.000000	0.007344
24.610000	0.000000	0.007304
24.620000	0.000000	0.007265
24.630000	0.000000	0.007227
24.640000	0.000000	0.007189
24.650000	0.000000	0.007151
24.660000	0.000000	0.007113
24.670000	0.000000	0.007075
24.680000	0.000000	0.007036
24.690000	0.000000	0.006998
24.700000	0.000000	0.006960
24.710000	0.000000	0.006922
24.720000	0.000000	0.006884
24.730000	0.000000	0.006846
24.740000	0.000000	0.006808
24.750000	0.000000	0.006769
24.760000	0.000000	0.006731
24.770000	0.000000	0.006693
24.780000	0.000000	0.006653
24.790000	0.000000	0.006614
24.800000	0.000000	0.006576
24.810000	0.000000	0.006538
24.820000	0.000000	0.006500
24.830000	0.000000	0.006462
24.840000	0.000000	0.006424
24.850000	0.000000	0.006386
24.860000	0.000000	0.006348
24.870000	0.000000	0.006310
24.880000	0.000000	0.006272
24.890000	0.000000	0.006237
24.900000	0.000000	0.006206
24.910000	0.000000	0.006175
24.920000	0.000000	0.006144
24.930000	0.000000	0.006113
24.940000	0.000000	0.006082
24.950000	0.000000	0.006049
24.960000	0.000000	0.006018
24.970000	0.000000	0.005987
24.980000	0.000000	0.005956
24.990000	0.000000	0.005925
25.000000	0.000000	0.005894
25.010000	0.000000	0.005863
25.020000	0.000000	0.005832
25.030000	0.000000	0.005801
25.040000	0.000000	0.005770
25.050000	0.000000	0.005739
25.060000	0.000000	0.005708
25.070000	0.000000	0.005677
25.080000	0.000000	0.005646
25.090000	0.000000	0.005615
25.100000	0.000000	0.005584
25.110000	0.000000	0.005553
25.120000	0.000000	0.005520
25.130000	0.000000	0.005489
25.140000	0.000000	0.005459
25.150000	0.000000	0.005428
25.160000	0.000000	0.005397
25.170000	0.000000	0.005366
25.180000	0.000000	0.005335
25.190000	0.000000	0.005304
25.200000	0.000000	0.005273
25.210000	0.000000	0.005242
25.220000	0.000000	0.005212
25.230000	0.000000	0.005185
25.240000	0.000000	0.005160
25.250000	0.000000	0.005134
25.260000	0.000000	0.005109
25.270000	0.000000	0.005083
25.280000	0.000000	0.005056
25.290000	0.000000	0.005030
25.300000	0.000000	0.005005
25.310000	0.000000	0.004979
25.320000	0.000000	0.004954
25.330000	0.000000	0.004928
25.340000	0.000000	0.004902
25.350000	0.000000	0.004877
25.360000	0.000000	0.004851
25.370000	0.000000	0.004826
25.380000	0.000000	0.004800
25.390000	0.000000	0.004775
25.400000	0.000000	0.004749
25.410000	0.000000	0.004724
25.420000	0.000000	0.004698
25.430000	0.000000	0.004673
25.440000	0.000000	0.004647
25.450000	0.000000	0.004620
25.460000	0.000000	0.004594
25.470000	0.000000	0.004569
25.480000	0.000000	0.004543
25.490000	0.000000	0.004518
25.500000	0.000000	0.004492
25.510000	0.000000	0.004467
25.520000	0.000000	0.004441
25.530000	0.000000	0.004416
25.540000	0.000000	0.004390
25.550000	0.000000	0.004365
25.560000	0.000000	0.004339
25.570000	0.000000	0.004314
25.580000	0.000000	0.004288
25.590000	0.000000	0.004263
25.600000	0.000000	0.004237
25.610000	0.000000	0.004212
25.620000	0.000000	0.004185
25.630000	0.000000	0.004159
25.640000	0.000000	0.004137
25.650000	0.000000	0.004116
25.660000	0.000000	0.004095
25.670000	0.000000	0.004074
25.680000	0.000000	0.004054
25.690000	0.000000	0.004033
25.700000	0.000000	0.004012
25.710000	0.000000	0.003991
25.720000	0.000000	0.003971
25.730000	0.000000	0.003950
25.740000	0.000000	0.003929
25.750000	0.000000	0.003909
25.760000	0.000000	0.003888
25.770000	0.000000	0.003867
25.780000	0.000000	0.003846
25.790000	0.000000	0.003824
25.800000	0.000000	0.003804
25.810000	0.000000	0.003783
25.820000	0.000000	0.003762
25.830000	0.000000	0.003741
25.840000	0.000000	0.003721
25.850000	0.000000	0.003700
25.860000	0.000000	0.003679
25.870000	0.000000	0.003659
25.880000	0.000000	0.003638
25.890000	0.000000	0.003617
25.900000	0.000000	0.003596
25.910000	0.000000	0.003576
25.920000	0.000000	0.003555
25.930000	0.000000	0.003535
25.940000	0.000000	0.003517
25.950000	0.000000	0.003499
25.960000	0.000000	0.003481
25.970000	0.000000	0.003464
25.980000	0.000000	0.003447
25.990000	0.000000	0.003430
26.000000	0.000000	0.003413
26.010000	0.000000	0.003396
26.020000	0.000000	0.003379
26.030000	0.000000	0.003362
26.040000	0.000000	0.003344
26.050000	0.000000	0.003327
26.060000	0.000000	0.003310
26.070000	0.000000	0.003293
26.080000	0.000000	0.003276
26.090000	0.000000	0.003259
26.100000	0.000000	0.003242
26.110000	0.000000	0.003225
26.120000	0.000000	0.003207
26.130000	0.000000	0.003189
26.140000	0.000000	0.003172
26.150000	0.000000	0.003155
26.160000	0.000000	0.003138
26.170000	0.000000	0.003121
26.180000	0.000000	0.003104
26.190000	0.000000	0.003087
26.200000	0.000000	0.003070
26.210000	0.000000	0.003053
26.220000	0.000000	0.003036
26.230000	0.000000	0.003019
26.240000	0.000000	0.003001
26.250000	0.000000	0.002984
26.260000	0.000000	0.002967
26.270000	0.000000	0.002950
26.280000	0.000000	0.002933
26.290000	0.000000	0.002915
26.300000	0.000000	0.002898
26.310000	0.000000	0.002881
26.320000	0.000000	0.002864
26.330000	0.000000	0.002847
26.340000	0.000000	0.002830
26.350000	0.000000	0.002813
26.360000	0.000000	0.002796
26.370000	0.000000	0.002779
26.380000	0.000000	0.002762
26.390000	0.000000	0.002746
26.400000	0.000000	0.002732
26.410000	0.000000	0.002719
26.420000	0.000000	0.002705
26.430000	0.000000	0.002691
26.440000	0.000000	0.002677
26.450000	0.000000	0.002663
26.460000	0.000000	0.002648
26.470000	0.000000	0.002634
26.480000	0.000000	0.002621
26.490000	0.000000	0.002607
26.500000	0.000000	0.002593
26.510000	0.000000	0.002579
26.520000	0.000000	0.002565
26.530000	0.000000	0.002551
26.540000	0.000000	0.002537
26.550000	0.000000	0.002524
26.560000	0.000000	0.002510
26.570000	0.000000	0.002496
26.580000	0.000000	0.002482
26.590000	0.000000	0.002468
26.600000	0.000000	0.002454
26.610000	0.000000	0.002440
26.620000	0.000000	0.002426
26.630000	0.000000	0.002412
26.640000	0.000000	0.002398
26.650000	0.000000	0.002386
26.660000	0.000000	0.002374
26.670000	0.000000	0.002363
26.680000	0.000000	0.002351
26.690000	0.000000	0.002340
26.700000	0.000000	0.002328
26.710000	0.000000	0.002317
26.720000	0.000000	0.002305
26.730000	0.000000	0.002294
26.740000	0.000000	0.002283
26.750000	0.000000	0.002271
26.760000	0.000000	0.002260
26.770000	0.000000	0.002248
26.780000	0.000000	0.002237
26.790000	0.000000	0.002225
26.800000	0.000000	0.002213
26.810000	0.000000	0.002202
26.820000	0.000000	0.002190
26.830000	0.000000	0.002179
26.840000	0.000000	0.002167
26.850000	0.000000	0.002156
26.860000	0.000000	0.002144
26.870000	0.000000	0.002133
26.880000	0.000000	0.002122
26.890000	0.000000	0.002110
26.900000	0.000000	0.002099
26.910000	0.000000	0.002087
26.920000	0.000000	0.002076
26.930000	0.000000	0.002064
26.940000	0.000000	0.002053
26.950000	0.000000	0.002042
26.960000	0.000000	0.002030
26.970000	0.000000	0.002018
26.980000	0.000000	0.002006
26.990000	0.000000	0.001995
27.000000	0.000000	0.001984
27.010000	0.000000	0.001972
27.020000	0.000000	0.001961
27.030000	0.000000	0.001949
27.040000	0.000000	0.001938
27.050000	0.000000	0.001926
27.060000	0.000000	0.001915
27.070000	0.000000	0.001904
27.080000	0.000000	0.001892
27.090000	0.000000	0.001881
27.100000	0.000000	0.001869
27.110000	0.000000	0.001858
27.120000	0.000000	0.001847
27.130000	0.000000	0.001835
27.140000	0.000000	0.001824
27.150000	0.000000	0.001815
27.160000	0.000000	0.001805
27.170000	0.000000	0.001796
27.180000	0.000000	0.001787
27.190000	0.000000	0.001778
27.200000	0.000000	0.001768
27.210000	0.000000	0.001759
27.220000	0.000000	0.001750
27.230000	0.000000	0.001741
27.240000	0.000000	0.001731
27.250000	0.000000	0.001722
27.260000	0.000000	0.001713
27.270000	0.000000	0.001703
27.280000	0.000000	0.001694
27.290000	0.000000	0.001685
27.300000	0.000000	0.001675
27.310000	0.000000	0.001666
27.320000	0.000000	0.001657
27.330000	0.000000	0.001647
27.340000	0.000000	0.001638
27.350000	0.000000	0.001629
27.360000	0.000000	0.001620
27.370000	0.000000	0.001613
27.380000	0.000000	0.001605
27.390000	0.000000	0.001597
27.400000	0.000000	0.001590
27.410000	0.000000	0.001582
27.420000	0.000000	0.001574
27.430000	0.000000	0.001567
27.440000	0.000000	0.001559
27.450000	0.000000	0.001551
27.460000	0.000000	0.001544
27.470000	0.000000	0.001536
27.480000	0.000000	0.001528
27.490000	0.000000	0.001520
27.500000	0.000000	0.001513
27.510000	0.000000	0.001505
27.520000	0.000000	0.001497
27.530000	0.000000	0.001490
27.540000	0.000000	0.001482
27.550000	0.000000	0.001474
27.560000	0.000000	0.001467
27.570000	0.000000	0.001459
27.580000	0.000000	0.001451
27.590000	0.000000	0.001444
27.600000	0.000000	0.001436
27.610000	0.000000	0.001429
27.620000	0.000000	0.001421
27.630000	0.000000	0.001413
27.640000	0.000000	0.001405
27.650000	0.000000	0.001397
27.660000	0.000000	0.001390
27.670000	0.000000	0.001382
27.680000	0.000000	0.001375
27.690000	0.000000	0.001367
27.700000	0.000000	0.001359
27.710000	0.000000	0.001352
27.720000	0.000000	0.001344
27.730000	0.000000	0.001336
27.740000	0.000000	0.001329
27.750000	0.000000	0.001321
27.760000	0.000000	0.001313
27.770000	0.000000	0.001306
27.780000	0.000000	0.001298
27.790000	0.000000	0.001291
27.800000	0.000000	0.001283
27.810000	0.000000	0.001275
27.820000	0.000000	0.001267
27.830000	0.000000	0.001260
27.840000	0.000000	0.001252
27.850000	0.000000	0.001244
27.860000	0.000000	0.001237
27.870000	0.000000	0.001229
27.880000	0.000000	0.001222
27.890000	0.000000	0.001214
27.900000	0.000000	0.001208
27.910000	0.000000	0.001201
27.920000	0.000000	0.001195
27.930000	0.000000	0.001189
27.940000	0.000000	0.001183
27.950000	0.000000	0.001177
27.960000	0.000000	0.001170
27.970000	0.000000	0.001164
27.980000	0.000000	0.001158
27.990000	0.000000	0.001151
28.000000	0.000000	0.001145
28.010000	0.000000	0.001139
28.020000	0.000000	0.001133
28.030000	0.000000	0.001127
28.040000	0.000000	0.001120
28.050000	0.000000	0.001114
28.060000	0.000000	0.001108
28.070000	0.000000	0.001102
28.080000	0.000000	0.001096
28.090000	0.000000	0.001091
28.100000	0.000000	0.001086
28.110000	0.000000	0.001081
28.120000	0.000000	0.001076
28.130000	0.000000	0.001071
28.140000	0.000000	0.001065
28.150000	0.000000	0.001060
28.160000	0.000000	0.001055
28.170000	0.000000	0.001050
28.180000	0.000000	0.001045
28.190000	0.000000	0.001040
28.200000	0.000000	0.001035
28.210000	0.000000	0.001029
28.220000	0.000000	0.001024
28.230000	0.000000	0.001019
28.240000	0.000000	0.001014
28.250000	0.000000	0.001009
28.260000	0.000000	0.001004
28.270000	0.000000	0.000999
28.280000	0.000000	0.000994
28.290000	0.000000	0.000988
28.300000	0.000000	0.000983
28.310000	0.000000	0.000978
28.320000	0.000000	0.000973
28.330000	0.000000	0.000968
28.340000	0.000000	0.000963
28.350000	0.000000	0.000957
28.360000	0.000000	0.000952
28.370000	0.000000	0.000947
28.380000	0.000000	0.000942
28.390000	0.000000	0.000937
28.400000	0.000000	0.000932
28.410000	0.000000	0.000927
28.420000	0.000000	0.000922
28.430000	0.000000	0.000917
28.440000	0.000000	0.000911
28.450000	0.000000	0.000906
28.460000	0.000000	0.000901
28.470000	0.000000	0.000896
28.480000	0.000000	0.000891
28.490000	0.000000	0.000886
28.500000	0.000000	0.000880
28.510000	0.000000	0.000875
28.520000	0.000000	0.000870
28.530000	0.000000	0.000865
28.540000	0.000000	0.000860
28.550000	0.000000	0.000855
28.560000	0.000000	0.000850
28.570000	0.000000	0.000845
28.580000	0.000000	0.000840
28.590000	0.000000	0.000835
28.600000	0.000000	0.000829
28.610000	0.000000	0.000824
28.620000	0.000000	0.000819
28.630000	0.000000	0.000814
28.640000	0.000000	0.000809
28.650000	0.000000	0.000804
28.660000	0.000000	0.000800
28.670000	0.000000	0.000796
28.680000	0.000000	0.000791
28.690000	0.000000	0.000787
28.700000	0.000000	0.000783
28.710000	0.000000	0.000779
28.720000	0.000000	0.000775
28.730000	0.000000	0.000771
28.740000	0.000000	0.000766
28.750000	0.000000	0.000762
28.760000	0.000000	0.000758
28.770000	0.000000	0.000754
28.780000	0.000000	0.000750
28.790000	0.000000	0.000746
28.800000	0.000000	0.000742
28.810000	0.000000	0.000739
28.820000	0.000000	0.000735
28.830000	0.000000	0.000732
28.840000	0.000000	0.000728
28.850000	0.000000	0.000725
28.860000	0.000000	0.000721
28.870000	0.000000	0.000718
28.880000	0.000000	0.000715
28.890000	0.000000	0.000711
28.900000	0.000000	0.000708
28.910000	0.000000	0.000704
28.920000	0.000000	0.000701
28.930000	0.000000	0.000697
28.940000	0.000000	0.000694
28.950000	0.000000	0.000691
28.960000	0.000000	0.000687
28.970000	0.000000	0.000684
28.980000	0.000000	0.000680
28.990000	0.000000	0.000677
29.000000	0.000000	0.000673
29.010000	0.000000	0.000670
29.020000	0.000000	0.000666
29.030000	0.000000	0.000663
29.040000	0.000000	0.000660
29.050000	0.000000	0.000656
29.060000	0.000000	0.000653
29.070000	0.000000	0.000649
29.080000	0.000000	0.000646
29.090000	0.000000	0.000642
29.100000	0.000000	0.000639
29.110000	0.000000	0.000636
29.120000	0.000000	0.000632
29.130000	0.000000	0.000629
29.140000	0.000000	0.000625
29.150000	0.000000	0.000622
29.160000	0.000000	0.000618
29.170000	0.000000	0.000615
29.180000	0.000000	0.000611
29.190000	0.000000	0.000608
29.200000	0.000000	0.000605
29.210000	0.000000	0.000601
29.220000	0.000000	0.000598
29.230000	0.000000	0.000594
29.240000	0.000000	0.000591
29.250000	0.000000	0.000587
29.260000	0.000000	0.000584
29.270000	0.000000	0.000581
29.280000	0.000000	0.000577
29.290000	0.000000	0.000574
29.300000	0.000000	0.000570
29.310000	0.000000	0.000567
29.320000	0.000000	0.000563
29.330000	0.000000	0.000560
29.340000	0.000000	0.000557
29.350000	0.000000	0.000553
29.360000	0.000000	0.000550
29.370000	0.000000	0.000546
29.380000	0.000000	0.000543
29.390000	0.000000	0.000539
29.400000	0.000000	0.000536
29.410000	0.000000	0.000533
29.420000	0.000000	0.000530
29.430000	0.000000	0.000527
29.440000	0.000000	0.000525
29.450000	0.000000	0.000522
29.460000	0.000000	0.000519
29.470000	0.000000	0.000516
29.480000	0.000000	0.000513
29.490000	0.000000	0.000510
29.500000	0.000000	0.000508
29.510000	0.000000	0.000505
29.520000	0.000000	0.000503
29.530000	0.000000	0.000500
29.540000	0.000000	0.000498
29.550000	0.000000	0.000496
29.560000	0.000000	0.000493
29.570000	0.000000	0.000491
29.580000	0.000000	0.000489
29.590000	0.000000	0.000487
29.600000	0.000000	0.000484
29.610000	0.000000	0.000482
29.620000	0.000000	0.000480
29.630000	0.000000	0.000477
29.640000	0.000000	0.000475
29.650000	0.000000	0.000473
29.660000	0.000000	0.000470
29.670000	0.000000	0.000468
29.680000	0.000000	0.000466
29.690000	0.000000	0.000463
29.700000	0.000000	0.000461
29.710000	0.000000	0.000459
29.720000	0.000000	0.000457
29.730000	0.000000	0.000454
29.740000	0.000000	0.000452
29.750000	0.000000	0.000450
29.760000	0.000000	0.000447
29.770000	0.000000	0.000445
29.780000	0.000000	0.000443
29.790000	0.000000	0.000440
29.800000	0.000000	0.000438
29.810000	0.000000	0.000436
29.820000	0.000000	0.000433
29.830000	0.000000	0.000431
29.840000	0.000000	0.000429
29.850000	0.000000	0.000427
29.860000	0.000000	0.000424
29.870000	0.000000	0.000422
29.880000	0.000000	0.000420
29.890000	0.000000	0.000417
29.900000	0.000000	0.000415
29.910000	0.000000	0.000413
29.920000	0.000000	0.000411
29.930000	0.000000	0.000408
29.940000	0.000000	0.000406
29.950000	0.000000	0.000404
29.960000	0.000000	0.000401
29.970000	0.000000	0.000399
29.980000	0.000000	0.000397
29.990000	0.000000	0.000394
30.000000	0.000000	0.000392
30.010000	0.000000	0.000390
30.020000	0.000000	0.000388
30.030000	0.000000	0.000385
30.040000	0.000000	0.000383
30.050000	0.000000	0.000381
30.060000	0.000000	0.000378
30.070000	0.000000	0.000376
30.080000	0.000000	0.000374
30.090000	0.000000	0.000372
