0.100000	0.000000	698295.649429
0.110000	0.000000	398191.502550
0.120000	0.000000	359110.197244
0.130000	0.000000	327814.295911
0.140000	0.000000	294577.654608
0.150000	0.000000	260756.614864
0.160000	0.000000	242657.573130
0.170000	0.000000	220214.814086
0.180000	0.000000	202550.729694
0.190000	0.000000	190545.896284
0.200000	0.000000	173764.154424
0.210000	0.000000	165514.144946
0.220000	0.000000	161661.722304
0.230000	0.000000	146931.643527
0.240000	0.000000	145421.345995
0.250000	0.000000	137535.559511
0.260000	0.000000	124534.330743
0.270000	0.000000	120173.284612
0.280000	0.000000	116356.384853
0.290000	0.000000	109995.334915
0.300000	0.000000	105868.366348
0.310000	0.000000	102065.117798
0.320000	0.000000	100043.218106
0.330000	0.000000	96419.760489
0.340000	0.000000	93673.304022
0.350000	0.000000	91120.530911
0.360000	0.000000	123723.702663
0.370000	0.000000	207199.970985
0.380000	0.000000	215303.765542
0.390000	0.000000	116854.192612
0.400000	0.000000	217220.655819
0.410000	0.000000	76129.344126
0.420000	0.000000	130907.195183
0.430000	0.000000	107613.471016
0.440000	0.000000	118521.512510
0.450000	0.000000	67792.215658
0.460000	0.000000	60400.769885
0.470000	0.000000	59647.478393
0.480000	0.000000	130220.227985
0.490000	0.000000	97585.058543
0.500000	0.000000	77993.840219
0.510000	0.000000	68445.001172
0.520000	0.000000	52643.013150
0.530000	0.000000	62281.790786
0.540000	0.000000	67060.008586
0.550000	0.000000	48998.438896
0.560000	0.000000	54504.319757
0.570000	0.000000	66456.918008
0.580000	0.000000	61831.245681
0.590000	0.000000	54199.678818
0.600000	0.000000	62556.333296
0.610000	0.000000	43184.095364
0.620000	0.000000	44911.569127
0.630000	0.000000	47702.084650
0.640000	0.000000	45222.728099
0.650000	0.000000	132078.925021
0.660000	0.000000	87975.278639
0.670000	0.000000	40519.836666
0.680000	0.000000	38558.381205
0.690000	0.000000	37345.181519
0.700000	0.000000	37797.161159
0.710000	0.000000	38883.712783
0.720000	0.000000	37942.020964
0.730000	0.000000	44320.826684
0.740000	0.000000	33052.617070
0.750000	0.000000	31256.533989
0.760000	0.000000	30889.752722
0.770000	0.000000	51380.488326
0.780000	0.000000	30579.419013
0.790000	0.000000	30377.569604
0.800000	0.000000	30396.318237
0.810000	0.000000	34437.707190
0.820000	0.000000	30988.942950
0.830000	0.000000	30148.942433
0.840000	0.000000	30086.322972
0.850000	0.000000	28683.057672
0.860000	0.000000	27374.689305
0.870000	0.000000	27435.646666
0.880000	0.000000	27975.186629
0.890000	0.000000	26509.994833
0.900000	0.000000	26924.397557
0.910000	0.000000	28210.551782
0.920000	0.000000	26928.733142
0.930000	0.000000	29436.407074
0.940000	0.000000	26338.105277
0.950000	0.000000	27441.289679
0.960000	0.000000	27002.004268
0.970000	0.000000	30370.856506
0.980000	0.000000	26867.338829
0.990000	0.000000	30275.133737
1.000000	0.000000	32701.248643
1.010000	0.000000	62439.749438
1.020000	0.000000	59866.802480
1.030000	0.000000	32169.881749
1.040000	0.000000	55364.143415
1.050000	0.000000	75454.667546
1.060000	0.000000	26730.747490
1.070000	0.000000	33032.976111
1.080000	0.000000	62368.067374
1.090000	0.000000	29994.004162
1.100000	0.000000	106369.148615
1.110000	0.000000	22613.543587
1.120000	0.000000	92527.490629
1.130000	0.000000	32491.982104
1.140000	0.000000	20741.446007
1.150000	0.000000	40186.531690
1.160000	0.000000	62759.706387
1.170000	0.000000	39238.269019
1.180000	0.000000	18831.611544
1.190000	0.000000	19214.519243
1.200000	0.000000	21583.974490
1.210000	0.000000	21998.868716
1.220000	0.000000	17880.820329
1.230000	0.000000	19335.834693
1.240000	0.000000	19725.094693
1.250000	0.000000	16910.633367
1.260000	0.000000	16990.062549
1.270000	0.000000	19587.963148
1.280000	0.000000	16558.203074
1.290000	0.000000	18859.316020
1.300000	0.000000	17375.879253
1.310000	0.000000	18529.126934
1.320000	0.000000	18317.633941
1.330000	0.000000	17077.102747
1.340000	0.000000	16171.058948
1.350000	0.000000	16075.358078
1.360000	0.000000	17035.249354
1.370000	0.000000	17612.990569
1.380000	0.000000	17107.137769
1.390000	0.000000	18095.609300
1.400000	0.000000	19385.587663
1.410000	0.000000	15145.811298
1.420000	0.000000	15947.951827
1.430000	0.000000	15583.930657
1.440000	0.000000	14563.358454
1.450000	0.000000	14876.052294
1.460000	0.000000	14123.633921
1.470000	0.000000	16267.382274
1.480000	0.000000	21092.164567
1.490000	0.000000	20981.868000
1.500000	0.000000	18338.962156
1.510000	0.000000	15025.913723
1.520000	0.000000	13536.189612
1.530000	0.000000	13290.948381
1.540000	0.000000	17184.557768
1.550000	0.000000	20559.487939
1.560000	0.000000	13636.036101
1.570000	0.000000	14167.808631
1.580000	0.000000	12543.985799
1.590000	0.000000	12464.624374
1.600000	0.000000	12780.877020
1.610000	0.000000	12706.005429
1.620000	0.000000	11938.640287
1.630000	0.000000	11830.443049
1.640000	0.000000	11605.782919
1.650000	0.000000	14580.391311
1.660000	0.000000	14439.093621
1.670000	0.000000	13188.572166
1.680000	0.000000	12048.888184
1.690000	0.000000	11361.430197
1.700000	0.000000	11281.526375
1.710000	0.000000	11224.553347
1.720000	0.000000	12022.241590
1.730000	0.000000	13461.455006
1.740000	0.000000	11119.193691
1.750000	0.000000	12409.398559
1.760000	0.000000	11401.180941
1.770000	0.000000	11126.580120
1.780000	0.000000	10247.759352
1.790000	0.000000	10164.208522
1.800000	0.000000	10468.455132
1.810000	0.000000	11333.794220
1.820000	0.000000	11020.359678
1.830000	0.000000	10363.786337
1.840000	0.000000	9931.765714
1.850000	0.000000	9679.253057
1.860000	0.000000	9536.482709
1.870000	0.000000	9803.462733
1.880000	0.000000	9908.123428
1.890000	0.000000	9318.281664
1.900000	0.000000	9236.917290
1.910000	0.000000	9135.115344
1.920000	0.000000	9061.306441
1.930000	0.000000	8986.630437
1.940000	0.000000	9082.256574
1.950000	0.000000	8916.413551
1.960000	0.000000	8758.394597
1.970000	0.000000	8719.175298
1.980000	0.000000	8657.924156
1.990000	0.000000	8587.750905
2.000000	0.000000	8532.474626
2.010000	0.000000	8457.867286
2.020000	0.000000	8432.608407
2.030000	0.000000	8358.589764
2.040000	0.000000	8259.492867
2.050000	0.000000	8225.483816
2.060000	0.000000	8138.022548
2.070000	0.000000	8036.331089
2.080000	0.000000	7978.120369
2.090000	0.000000	7886.856611
2.100000	0.000000	7819.029274
2.110000	0.000000	7755.380828
2.120000	0.000000	7687.593808
2.130000	0.000000	7626.301536
2.140000	0.000000	7477.696513
2.150000	0.000000	7454.808776
2.160000	0.000000	7304.713486
2.170000	0.000000	7180.097038
2.180000	0.000000	7088.118433
2.190000	0.000000	7000.644796
2.200000	0.000000	6916.533775
2.210000	0.000000	6822.318029
2.220000	0.000000	6721.266537
2.230000	0.000000	6632.899533
2.240000	0.000000	6546.238160
2.250000	0.000000	6459.559391
2.260000	0.000000	6373.113758
2.270000	0.000000	6290.949585
2.280000	0.000000	6197.738417
2.290000	0.000000	6114.425223
2.300000	0.000000	6269.116547
2.310000	0.000000	5984.237915
2.320000	0.000000	5833.699439
2.330000	0.000000	5720.757296
2.340000	0.000000	5604.951023
2.350000	0.000000	5486.266373
2.360000	0.000000	5367.140881
2.370000	0.000000	5437.122088
2.380000	0.000000	5391.090437
2.390000	0.000000	5012.838774
2.400000	0.000000	5112.322561
2.410000	0.000000	5495.291003
2.420000	0.000000	45489.023577
2.430000	0.000000	306480.115443
2.440000	0.000000	149979.150999
2.450000	0.000000	58537.977510
2.460000	0.000000	693706.518160
2.470000	0.000000	94159.118043
2.480000	0.000000	4030.901297
2.490000	0.000000	3941.936082
2.500000	0.000000	3853.302788
2.510000	0.000000	3775.397193
2.520000	0.000000	3683.934644
2.530000	0.000000	3588.188374
2.540000	0.000000	3499.911025
2.550000	0.000000	3876.232464
2.560000	0.000000	4205.242176
2.570000	0.000000	3272.031130
2.580000	0.000000	9628.277895
2.590000	0.000000	36475.262708
2.600000	0.000000	39909.547090
2.610000	0.000000	427713.247795
2.620000	0.000000	834071.288730
2.630000	0.000000	63932.150625
2.640000	0.000000	2644.942525
2.650000	0.000000	2618.599636
2.660000	0.000000	2595.657872
2.670000	0.000000	2573.909431
2.680000	0.000000	2551.919755
2.690000	0.000000	2529.969875
2.700000	0.000000	2509.465977
2.710000	0.000000	2487.773702
2.720000	0.000000	2477.355228
2.730000	0.000000	2469.232029
2.740000	0.000000	2444.789519
2.750000	0.000000	2481.361050
2.760000	0.000000	2393.096753
2.770000	0.000000	2420.579727
2.780000	0.000000	2593.097130
2.790000	0.000000	2418.572891
2.800000	0.000000	2646.509983
2.810000	0.000000	2338.418187
2.820000	0.000000	6695.535461
2.830000	0.000000	4235.683066
2.840000	0.000000	2478.674125
2.850000	0.000000	2224.883669
2.860000	0.000000	2166.794600
2.870000	0.000000	56134.930147
2.880000	0.000000	70282.255621
2.890000	0.000000	2107.803893
2.900000	0.000000	2088.342991
2.910000	0.000000	2068.530504
2.920000	0.000000	2050.692825
2.930000	0.000000	2040.835224
2.940000	0.000000	2085.424305
2.950000	0.000000	4504.316386
2.960000	0.000000	2887.930870
2.970000	0.000000	2051.067093
2.980000	0.000000	2025.553129
2.990000	0.000000	1947.463021
3.000000	0.000000	1907.437102
3.010000	0.000000	2722.951144
3.020000	0.000000	26344.264172
3.030000	0.000000	21995.930518
3.040000	0.000000	3866.112046
3.050000	0.000000	4369.684501
3.060000	0.000000	2611.256791
3.070000	0.000000	1794.196175
3.080000	0.000000	1785.104530
3.090000	0.000000	26830.516925
3.100000	0.000000	167050.628283
3.110000	0.000000	1866.685042
3.120000	0.000000	2572.017267
3.130000	0.000000	16242.473075
3.140000	0.000000	3422.119105
3.150000	0.000000	7594.268428
3.160000	0.000000	3388.928670
3.170000	0.000000	4915.652665
3.180000	0.000000	6494.313711
3.190000	0.000000	4026.369825
3.200000	0.000000	1866.528038
3.210000	0.000000	1837.337095
3.220000	0.000000	2066.427169
3.230000	0.000000	2041.005531
3.240000	0.000000	2029.843117
3.250000	0.000000	2063.993825
3.260000	0.000000	8711.031824
3.270000	0.000000	50286.979711
3.280000	0.000000	2198.576732
3.290000	0.000000	1994.753089
3.300000	0.000000	1975.609223
3.310000	0.000000	2572.421955
3.320000	0.000000	3148.364745
3.330000	0.000000	2235.718472
3.340000	0.000000	1877.558328
3.350000	0.000000	16195.710269
3.360000	0.000000	12098.229785
3.370000	0.000000	1836.765026
3.380000	0.000000	1823.518039
3.390000	0.000000	6349.469957
3.400000	0.000000	10421.580692
3.410000	0.000000	3642.760850
3.420000	0.000000	8146.539024
3.430000	0.000000	2328.651557
3.440000	0.000000	6769.217979
3.450000	0.000000	6765.239020
3.460000	0.000000	1788.007289
3.470000	0.000000	1770.851940
3.480000	0.000000	1707.967937
3.490000	0.000000	2498.975544
3.500000	0.000000	2992.504143
3.510000	0.000000	2985.575552
3.520000	0.000000	2914.924539
3.530000	0.000000	2894.184373
3.540000	0.000000	2875.758149
3.550000	0.000000	2858.784985
3.560000	0.000000	2841.164226
3.570000	0.000000	2821.401113
3.580000	0.000000	2804.959119
3.590000	0.000000	2785.841375
3.600000	0.000000	2772.143860
3.610000	0.000000	2787.886246
3.620000	0.000000	2738.947436
3.630000	0.000000	2710.181735
3.640000	0.000000	2692.435429
3.650000	0.000000	2673.892174
3.660000	0.000000	2658.531375
3.670000	0.000000	2652.528640
3.680000	0.000000	2913.333223
3.690000	0.000000	2810.726631
3.700000	0.000000	2610.349669
3.710000	0.000000	2567.905314
3.720000	0.000000	2548.457490
3.730000	0.000000	2530.736743
3.740000	0.000000	2513.145596
3.750000	0.000000	2495.570956
3.760000	0.000000	2477.894850
3.770000	0.000000	2462.303231
3.780000	0.000000	2465.415284
3.790000	0.000000	2436.045443
3.800000	0.000000	2411.817104
3.810000	0.000000	2393.399351
3.820000	0.000000	2375.806004
3.830000	0.000000	2362.526878
3.840000	0.000000	2354.913030
3.850000	0.000000	2813.803338
3.860000	0.000000	2843.245980
3.870000	0.000000	2673.293794
3.880000	0.000000	2646.013127
3.890000	0.000000	3236.810573
3.900000	0.000000	3557.862271
3.910000	0.000000	2227.030419
3.920000	0.000000	2257.979118
3.930000	0.000000	2399.200744
3.940000	0.000000	2178.274349
3.950000	0.000000	2162.960410
3.960000	0.000000	2215.050651
3.970000	0.000000	2132.603321
3.980000	0.000000	2112.740057
3.990000	0.000000	2096.668297
4.000000	0.000000	2111.800833
4.010000	0.000000	2077.234218
4.020000	0.000000	2049.692598
4.030000	0.000000	2047.529234
4.040000	0.000000	2030.198385
4.050000	0.000000	2010.217722
4.060000	0.000000	2017.216261
4.070000	0.000000	2014.989011
4.080000	0.000000	1976.941835
4.090000	0.000000	2023.337016
4.100000	0.000000	2267.707931
4.110000	0.000000	1941.761845
4.120000	0.000000	1918.147658
4.130000	0.000000	1891.116195
4.140000	0.000000	1949.941832
4.150000	0.000000	1877.481526
4.160000	0.000000	1855.352059
4.170000	0.000000	1843.592946
4.180000	0.000000	1831.565991
4.190000	0.000000	1819.637413
4.200000	0.000000	1807.840532
4.210000	0.000000	1796.045181
4.220000	0.000000	1784.288423
4.230000	0.000000	1773.117657
4.240000	0.000000	1772.422948
4.250000	0.000000	1776.343917
4.260000	0.000000	1739.490383
4.270000	0.000000	1728.698874
4.280000	0.000000	1717.302919
4.290000	0.000000	1706.143038
4.300000	0.000000	1712.125257
4.310000	0.000000	1685.543850
4.320000	0.000000	1672.317968
4.330000	0.000000	1674.339401
4.340000	0.000000	1654.601704
4.350000	0.000000	1643.797047
4.360000	0.000000	1633.384483
4.370000	0.000000	1620.801941
4.380000	0.000000	1609.870205
4.390000	0.000000	1597.627851
4.400000	0.000000	1584.267806
4.410000	0.000000	1573.522840
4.420000	0.000000	1563.653822
4.430000	0.000000	1555.247483
4.440000	0.000000	1542.564337
4.450000	0.000000	1531.795041
4.460000	0.000000	1521.266622
4.470000	0.000000	1509.966459
4.480000	0.000000	1503.001519
4.490000	0.000000	1488.917265
4.500000	0.000000	1507.114767
4.510000	0.000000	1483.495792
4.520000	0.000000	1458.814170
4.530000	0.000000	1445.958906
4.540000	0.000000	1435.060665
4.550000	0.000000	1423.719295
4.560000	0.000000	1413.054891
4.570000	0.000000	1487.705671
4.580000	0.000000	1576.000237
4.590000	0.000000	1381.383041
4.600000	0.000000	1370.881643
4.610000	0.000000	1360.553142
4.620000	0.000000	1351.575621
4.630000	0.000000	1339.096920
4.640000	0.000000	1328.215070
4.650000	0.000000	1317.703980
4.660000	0.000000	1307.257135
4.670000	0.000000	1297.923468
4.680000	0.000000	1290.012043
4.690000	0.000000	1291.518408
4.700000	0.000000	1285.877205
4.710000	0.000000	1274.489078
4.720000	0.000000	1276.256132
4.730000	0.000000	1273.417392
4.740000	0.000000	1262.913475
4.750000	0.000000	1266.579302
4.760000	0.000000	1228.756282
4.770000	0.000000	1220.329937
4.780000	0.000000	1213.801505
4.790000	0.000000	1206.587419
4.800000	0.000000	1198.073397
4.810000	0.000000	1193.896914
4.820000	0.000000	1255.642249
4.830000	0.000000	1191.905994
4.840000	0.000000	1168.093754
4.850000	0.000000	1171.158287
4.860000	0.000000	1176.572819
4.870000	0.000000	1157.917063
4.880000	0.000000	1138.249970
4.890000	0.000000	1131.032164
4.900000	0.000000	1123.833792
4.910000	0.000000	1116.656266
4.920000	0.000000	1117.894303
4.930000	0.000000	1130.195038
4.940000	0.000000	1095.446887
4.950000	0.000000	1088.139750
4.960000	0.000000	1082.045319
4.970000	0.000000	1075.850094
4.980000	0.000000	1083.117816
4.990000	0.000000	1061.286141
5.000000	0.000000	1051.722690
5.010000	0.000000	1044.589264
5.020000	0.000000	1045.188610
5.030000	0.000000	1034.828859
5.040000	0.000000	1027.258954
5.050000	0.000000	1021.424892
5.060000	0.000000	1011.429384
5.070000	0.000000	1003.871352
5.080000	0.000000	997.162580
5.090000	0.000000	988.011503
5.100000	0.000000	980.998037
5.110000	0.000000	975.412665
5.120000	0.000000	979.821929
5.130000	0.000000	960.913296
5.140000	0.000000	953.524033
5.150000	0.000000	948.028651
5.160000	0.000000	940.222845
5.170000	0.000000	933.231095
5.180000	0.000000	926.239893
5.190000	0.000000	919.145372
5.200000	0.000000	913.494687
5.210000	0.000000	906.038423
5.220000	0.000000	898.015742
5.230000	0.000000	891.347347
5.240000	0.000000	886.685210
5.250000	0.000000	882.335368
5.260000	0.000000	872.227670
5.270000	0.000000	866.792257
5.280000	0.000000	861.359352
5.290000	0.000000	855.949518
5.300000	0.000000	850.373866
5.310000	0.000000	847.783523
5.320000	0.000000	839.809263
5.330000	0.000000	834.562813
5.340000	0.000000	829.650541
5.350000	0.000000	826.142899
5.360000	0.000000	820.563000
5.370000	0.000000	815.566960
5.380000	0.000000	810.727831
5.390000	0.000000	805.755027
5.400000	0.000000	801.080451
5.410000	0.000000	795.952380
5.420000	0.000000	790.810933
5.430000	0.000000	786.087900
5.440000	0.000000	781.387764
5.450000	0.000000	776.579224
5.460000	0.000000	771.757039
5.470000	0.000000	767.082992
5.480000	0.000000	762.236621
5.490000	0.000000	758.683431
5.500000	0.000000	753.101570
5.510000	0.000000	748.195308
5.520000	0.000000	743.288045
5.530000	0.000000	738.990437
5.540000	0.000000	734.383682
5.550000	0.000000	729.161796
5.560000	0.000000	724.357323
5.570000	0.000000	721.650652
5.580000	0.000000	718.104514
5.590000	0.000000	710.481452
5.600000	0.000000	707.480647
5.610000	0.000000	711.529299
5.620000	0.000000	743.766820
5.630000	0.000000	731.024627
5.640000	0.000000	710.640361
5.650000	0.000000	714.143886
5.660000	0.000000	705.429200
5.670000	0.000000	777.512231
5.680000	0.000000	698.716746
5.690000	0.000000	663.284441
5.700000	0.000000	658.562590
5.710000	0.000000	653.907451
5.720000	0.000000	649.297578
5.730000	0.000000	644.768370
5.740000	0.000000	640.292497
5.750000	0.000000	635.976474
5.760000	0.000000	631.799563
5.770000	0.000000	627.149758
5.780000	0.000000	622.598846
5.790000	0.000000	618.120975
5.800000	0.000000	613.654693
5.810000	0.000000	608.844898
5.820000	0.000000	604.422520
5.830000	0.000000	599.928073
5.840000	0.000000	595.570480
5.850000	0.000000	591.724656
5.860000	0.000000	589.076819
5.870000	0.000000	585.735426
5.880000	0.000000	581.921410
5.890000	0.000000	578.105660
5.900000	0.000000	574.468153
5.910000	0.000000	571.011152
5.920000	0.000000	567.930460
5.930000	0.000000	565.170024
5.940000	0.000000	559.776264
5.950000	0.000000	556.542745
5.960000	0.000000	553.395527
5.970000	0.000000	550.210664
5.980000	0.000000	546.861469
5.990000	0.000000	543.697733
6.000000	0.000000	541.128419
6.010000	0.000000	537.528735
6.020000	0.000000	534.612584
6.030000	0.000000	531.530611
6.040000	0.000000	528.107987
6.050000	0.000000	524.831202
6.060000	0.000000	521.752486
6.070000	0.000000	518.772179
6.080000	0.000000	515.648532
6.090000	0.000000	512.966742
6.100000	0.000000	511.522789
6.110000	0.000000	511.301619
6.120000	0.000000	527.532948
6.130000	0.000000	511.849894
6.140000	0.000000	504.070865
6.150000	0.000000	506.636059
6.160000	0.000000	501.169218
6.170000	0.000000	523.943951
6.180000	0.000000	493.819466
6.190000	0.000000	481.248266
6.200000	0.000000	478.210901
6.210000	0.000000	475.114903
6.220000	0.000000	471.999317
6.230000	0.000000	468.927954
6.240000	0.000000	465.861334
6.250000	0.000000	462.805893
6.260000	0.000000	459.782037
6.270000	0.000000	456.804499
6.280000	0.000000	453.848638
6.290000	0.000000	450.903322
6.300000	0.000000	447.928463
6.310000	0.000000	444.829310
6.320000	0.000000	441.925498
6.330000	0.000000	438.959465
6.340000	0.000000	435.979522
6.350000	0.000000	433.066851
6.360000	0.000000	430.117226
6.370000	0.000000	427.159796
6.380000	0.000000	424.406141
6.390000	0.000000	421.553725
6.400000	0.000000	419.037926
6.410000	0.000000	416.315329
6.420000	0.000000	412.708528
6.430000	0.000000	409.823208
6.440000	0.000000	407.298915
6.450000	0.000000	404.871153
6.460000	0.000000	405.907522
6.470000	0.000000	411.191133
6.480000	0.000000	397.821442
6.490000	0.000000	398.665625
6.500000	0.000000	394.310325
6.510000	0.000000	390.821009
6.520000	0.000000	388.928370
6.530000	0.000000	440.964470
6.540000	0.000000	462.302299
6.550000	0.000000	420.260128
6.560000	0.000000	399.317992
6.570000	0.000000	474.608682
6.580000	0.000000	523.676652
6.590000	0.000000	469.101092
6.600000	0.000000	681.536722
6.610000	0.000000	1314.300660
6.620000	0.000000	1440.905683
6.630000	0.000000	2036.035747
6.640000	0.000000	2005.422134
6.650000	0.000000	2497.019043
6.660000	0.000000	2515.136064
6.670000	0.000000	1374.525805
6.680000	0.000000	1563.332328
6.690000	0.000000	4487.778343
6.700000	0.000000	2092.695373
6.710000	0.000000	374.442028
6.720000	0.000000	347.371863
6.730000	0.000000	340.984348
6.740000	0.000000	338.944908
6.750000	0.000000	336.898529
6.760000	0.000000	334.881596
6.770000	0.000000	332.865832
6.780000	0.000000	330.848398
6.790000	0.000000	328.830115
6.800000	0.000000	326.809082
6.810000	0.000000	324.747995
6.820000	0.000000	322.720238
6.830000	0.000000	320.773995
6.840000	0.000000	319.483720
6.850000	0.000000	317.056838
6.860000	0.000000	314.949102
6.870000	0.000000	313.435219
6.880000	0.000000	311.353849
6.890000	0.000000	309.955821
6.900000	0.000000	309.469693
6.910000	0.000000	313.755926
6.920000	0.000000	316.163860
6.930000	0.000000	308.572119
6.940000	0.000000	311.130578
6.950000	0.000000	311.630692
6.960000	0.000000	304.103618
6.970000	0.000000	327.268741
6.980000	0.000000	291.977238
6.990000	0.000000	289.717493
7.000000	0.000000	287.780902
7.010000	0.000000	286.079644
7.020000	0.000000	286.589864
7.030000	0.000000	283.019916
7.040000	0.000000	280.133395
7.050000	0.000000	278.679557
7.060000	0.000000	276.847877
7.070000	0.000000	274.669334
7.080000	0.000000	272.622082
7.090000	0.000000	270.603501
7.100000	0.000000	268.952788
7.110000	0.000000	267.587314
7.120000	0.000000	265.909334
7.130000	0.000000	264.379864
7.140000	0.000000	262.845701
7.150000	0.000000	261.146691
7.160000	0.000000	260.023552
7.170000	0.000000	259.896970
7.180000	0.000000	257.268707
7.190000	0.000000	256.145116
7.200000	0.000000	253.985544
7.210000	0.000000	252.043818
7.220000	0.000000	250.469018
7.230000	0.000000	248.936084
7.240000	0.000000	247.435891
7.250000	0.000000	246.145327
7.260000	0.000000	245.878883
7.270000	0.000000	245.712786
7.280000	0.000000	242.268477
7.290000	0.000000	240.319211
7.300000	0.000000	238.961707
7.310000	0.000000	237.605593
7.320000	0.000000	236.173143
7.330000	0.000000	235.228975
7.340000	0.000000	233.525104
7.350000	0.000000	232.124544
7.360000	0.000000	231.002481
7.370000	0.000000	229.536584
7.380000	0.000000	228.239160
7.390000	0.000000	226.951717
7.400000	0.000000	225.639427
7.410000	0.000000	224.316664
7.420000	0.000000	222.952703
7.430000	0.000000	221.670342
7.440000	0.000000	220.357948
7.450000	0.000000	219.065784
7.460000	0.000000	217.797878
7.470000	0.000000	216.484185
7.480000	0.000000	215.265824
7.490000	0.000000	213.844407
7.500000	0.000000	212.559933
7.510000	0.000000	211.282533
7.520000	0.000000	210.881754
7.530000	0.000000	209.202736
7.540000	0.000000	207.690549
7.550000	0.000000	206.916259
7.560000	0.000000	205.526273
7.570000	0.000000	203.847231
7.580000	0.000000	202.501400
7.590000	0.000000	201.149079
7.600000	0.000000	199.900555
7.610000	0.000000	199.091340
7.620000	0.000000	199.040392
7.630000	0.000000	198.184018
7.640000	0.000000	196.922803
7.650000	0.000000	194.254656
7.660000	0.000000	192.745653
7.670000	0.000000	191.019973
7.680000	0.000000	193.203062
7.690000	0.000000	190.010114
7.700000	0.000000	191.305126
7.710000	0.000000	197.534876
7.720000	0.000000	223.138318
7.730000	0.000000	236.424933
7.740000	0.000000	215.532122
7.750000	0.000000	220.206640
7.760000	0.000000	256.071055
7.770000	0.000000	313.381242
7.780000	0.000000	436.684873
7.790000	0.000000	259.903780
7.800000	0.000000	257.935452
7.810000	0.000000	178.236191
7.820000	0.000000	203.128241
7.830000	0.000000	182.207856
7.840000	0.000000	172.612376
7.850000	0.000000	170.690839
7.860000	0.000000	225.189112
7.870000	0.000000	455.492731
7.880000	0.000000	303.484964
7.890000	0.000000	166.668894
7.900000	0.000000	165.670072
7.910000	0.000000	164.821246
7.920000	0.000000	163.878740
7.930000	0.000000	162.684039
7.940000	0.000000	161.696954
7.950000	0.000000	160.741241
7.960000	0.000000	159.892302
7.970000	0.000000	159.295237
7.980000	0.000000	158.127594
7.990000	0.000000	157.205778
8.000000	0.000000	156.329330
8.010000	0.000000	155.560447
8.020000	0.000000	154.625200
8.030000	0.000000	153.833072
8.040000	0.000000	152.948329
8.050000	0.000000	152.117230
8.060000	0.000000	151.246546
8.070000	0.000000	150.330886
8.080000	0.000000	149.464953
8.090000	0.000000	149.350592
8.100000	0.000000	149.370906
8.110000	0.000000	147.750466
8.120000	0.000000	146.879392
8.130000	0.000000	146.274403
8.140000	0.000000	145.994585
8.150000	0.000000	144.254050
8.160000	0.000000	283.252266
8.170000	0.000000	152.114095
8.180000	0.000000	161.575111
8.190000	0.000000	148.004201
8.200000	0.000000	140.207816
8.210000	0.000000	157.658879
8.220000	0.000000	148.969112
8.230000	0.000000	136.913949
8.240000	0.000000	137.395645
8.250000	0.000000	136.858618
8.260000	0.000000	134.023605
8.270000	0.000000	133.176656
8.280000	0.000000	161.878146
8.290000	0.000000	236.608894
8.300000	0.000000	130.762680
8.310000	0.000000	130.074951
8.320000	0.000000	128.991322
8.330000	0.000000	128.443291
8.340000	0.000000	184.948032
8.350000	0.000000	135.652215
8.360000	0.000000	136.274332
8.370000	0.000000	128.500498
8.380000	0.000000	124.365162
8.390000	0.000000	131.065531
8.400000	0.000000	128.258075
8.410000	0.000000	121.570075
8.420000	0.000000	120.894035
8.430000	0.000000	120.227688
8.440000	0.000000	119.561452
8.450000	0.000000	118.894136
8.460000	0.000000	118.228198
8.470000	0.000000	122.507004
8.480000	0.000000	168.297104
8.490000	0.000000	116.205152
8.500000	0.000000	115.517886
8.510000	0.000000	114.852005
8.520000	0.000000	114.187216
8.530000	0.000000	113.529138
8.540000	0.000000	112.864657
8.550000	0.000000	112.217539
8.560000	0.000000	111.710329
8.570000	0.000000	111.058020
8.580000	0.000000	123.167285
8.590000	0.000000	126.545205
8.600000	0.000000	109.053323
8.610000	0.000000	108.359051
8.620000	0.000000	107.721529
8.630000	0.000000	107.084949
8.640000	0.000000	107.778703
8.650000	0.000000	122.134438
8.660000	0.000000	105.262288
8.670000	0.000000	104.676680
8.680000	0.000000	105.327332
8.690000	0.000000	112.247348
8.700000	0.000000	105.384545
8.710000	0.000000	107.073716
8.720000	0.000000	104.244761
8.730000	0.000000	104.059014
8.740000	0.000000	103.079160
8.750000	0.000000	100.116200
8.760000	0.000000	99.574397
8.770000	0.000000	98.999044
8.780000	0.000000	98.395603
8.790000	0.000000	97.839140
8.800000	0.000000	97.291972
8.810000	0.000000	96.694022
8.820000	0.000000	96.200359
8.830000	0.000000	96.540061
8.840000	0.000000	95.970504
8.850000	0.000000	95.398977
8.860000	0.000000	94.827365
8.870000	0.000000	94.258864
8.880000	0.000000	93.693393
8.890000	0.000000	93.128627
8.900000	0.000000	92.856441
8.910000	0.000000	92.259034
8.920000	0.000000	91.424787
8.930000	0.000000	90.857065
8.940000	0.000000	90.296300
8.950000	0.000000	89.736043
8.960000	0.000000	89.176262
8.970000	0.000000	88.616770
8.980000	0.000000	88.064765
8.990000	0.000000	87.631168
9.000000	0.000000	86.904762
9.010000	0.000000	86.630172
9.020000	0.000000	86.597369
9.030000	0.000000	85.429996
9.040000	0.000000	84.905997
9.050000	0.000000	84.443156
9.060000	0.000000	84.605630
9.070000	0.000000	86.289171
9.080000	0.000000	85.368839
9.090000	0.000000	82.814256
9.100000	0.000000	82.130883
9.110000	0.000000	81.552825
9.120000	0.000000	81.315360
9.130000	0.000000	80.633955
9.140000	0.000000	79.938798
9.150000	0.000000	79.508127
9.160000	0.000000	79.430221
9.170000	0.000000	79.227168
9.180000	0.000000	82.032843
9.190000	0.000000	78.355292
9.200000	0.000000	77.297372
9.210000	0.000000	76.866417
9.220000	0.000000	76.435497
9.230000	0.000000	76.004626
9.240000	0.000000	75.575338
9.250000	0.000000	75.144493
9.260000	0.000000	74.712109
9.270000	0.000000	74.281281
9.280000	0.000000	73.850523
9.290000	0.000000	73.419831
9.300000	0.000000	72.989685
9.310000	0.000000	72.563835
9.320000	0.000000	72.138861
9.330000	0.000000	71.679742
9.340000	0.000000	71.237448
9.350000	0.000000	70.833903
9.360000	0.000000	70.443069
9.370000	0.000000	70.055372
9.380000	0.000000	69.668217
9.390000	0.000000	69.281118
9.400000	0.000000	68.894018
9.410000	0.000000	68.507022
9.420000	0.000000	68.120122
9.430000	0.000000	67.733388
9.440000	0.000000	67.374123
9.450000	0.000000	67.025248
9.460000	0.000000	66.589301
9.470000	0.000000	66.201714
9.480000	0.000000	65.825658
9.490000	0.000000	65.420782
9.500000	0.000000	65.030811
9.510000	0.000000	64.629077
9.520000	0.000000	66.269107
9.530000	0.000000	64.279864
9.540000	0.000000	63.781003
9.550000	0.000000	63.230996
9.560000	0.000000	62.801375
9.570000	0.000000	62.696017
9.580000	0.000000	62.247486
9.590000	0.000000	61.627835
9.600000	0.000000	61.247924
9.610000	0.000000	60.866868
9.620000	0.000000	60.495939
9.630000	0.000000	60.127177
9.640000	0.000000	59.758557
9.650000	0.000000	59.478225
9.660000	0.000000	60.413400
9.670000	0.000000	58.629830
9.680000	0.000000	58.261953
9.690000	0.000000	57.891839
9.700000	0.000000	57.526954
9.710000	0.000000	57.159205
9.720000	0.000000	56.787490
9.730000	0.000000	57.042091
9.740000	0.000000	56.517865
9.750000	0.000000	55.863875
9.760000	0.000000	55.583039
9.770000	0.000000	55.166957
9.780000	0.000000	54.946636
9.790000	0.000000	54.759549
9.800000	0.000000	54.297673
9.810000	0.000000	54.008540
9.820000	0.000000	53.718642
9.830000	0.000000	53.425091
9.840000	0.000000	53.120765
9.850000	0.000000	52.832364
9.860000	0.000000	52.544643
9.870000	0.000000	52.257090
9.880000	0.000000	52.043566
9.890000	0.000000	52.027668
9.900000	0.000000	51.578036
9.910000	0.000000	51.107334
9.920000	0.000000	50.819925
9.930000	0.000000	50.532499
9.940000	0.000000	50.245104
9.950000	0.000000	49.957997
9.960000	0.000000	49.671093
9.970000	0.000000	49.383276
9.980000	0.000000	49.095451
9.990000	0.000000	48.819069
10.000000	0.000000	48.807764
10.010000	0.000000	48.224215
10.020000	0.000000	47.928303
10.030000	0.000000	47.642501
10.040000	0.000000	47.356947
10.050000	0.000000	47.073822
10.060000	0.000000	46.805786
10.070000	0.000000	46.649783
10.080000	0.000000	46.370195
10.090000	0.000000	46.030864
10.100000	0.000000	45.773806
10.110000	0.000000	45.515442
10.120000	0.000000	45.287381
10.130000	0.000000	45.086768
10.140000	0.000000	44.740323
10.150000	0.000000	44.488766
10.160000	0.000000	44.295910
10.170000	0.000000	43.959484
10.180000	0.000000	43.749409
10.190000	0.000000	43.450671
10.200000	0.000000	43.191089
10.210000	0.000000	42.938915
10.220000	0.000000	42.688848
10.230000	0.000000	42.441285
10.240000	0.000000	42.195008
10.250000	0.000000	41.948973
10.260000	0.000000	41.702938
10.270000	0.000000	41.456906
10.280000	0.000000	41.212724
10.290000	0.000000	40.971299
10.300000	0.000000	40.727511
10.310000	0.000000	40.481563
10.320000	0.000000	40.235680
10.330000	0.000000	39.989906
10.340000	0.000000	39.731476
10.350000	0.000000	39.481774
10.360000	0.000000	39.236897
10.370000	0.000000	38.995968
10.380000	0.000000	38.755978
10.390000	0.000000	38.516084
10.400000	0.000000	38.276189
10.410000	0.000000	38.036366
10.420000	0.000000	37.810768
10.430000	0.000000	37.606849
10.440000	0.000000	37.413632
10.450000	0.000000	37.220427
10.460000	0.000000	37.027309
10.470000	0.000000	36.834368
10.480000	0.000000	36.641120
10.490000	0.000000	36.447666
10.500000	0.000000	36.254187
10.510000	0.000000	36.049243
10.520000	0.000000	35.856637
10.530000	0.000000	35.664067
10.540000	0.000000	35.471901
10.550000	0.000000	35.280236
10.560000	0.000000	35.088089
10.570000	0.000000	34.895991
10.580000	0.000000	34.704042
10.590000	0.000000	34.512125
10.600000	0.000000	34.320359
10.610000	0.000000	34.128541
10.620000	0.000000	33.936486
10.630000	0.000000	33.744650
10.640000	0.000000	33.552877
10.650000	0.000000	33.360868
10.660000	0.000000	33.169103
10.670000	0.000000	32.973797
10.680000	0.000000	32.773459
10.690000	0.000000	32.582849
10.700000	0.000000	32.392243
10.710000	0.000000	32.201694
10.720000	0.000000	32.011240
10.730000	0.000000	31.820811
10.740000	0.000000	31.630382
10.750000	0.000000	31.439954
10.760000	0.000000	31.249577
10.770000	0.000000	31.063997
10.780000	0.000000	30.887152
10.790000	0.000000	30.714876
10.800000	0.000000	30.542653
10.810000	0.000000	30.370734
10.820000	0.000000	30.199487
10.830000	0.000000	30.028309
10.840000	0.000000	29.851737
10.850000	0.000000	29.676216
10.860000	0.000000	29.507848
10.870000	0.000000	29.341772
10.880000	0.000000	29.176407
10.890000	0.000000	29.011169
10.900000	0.000000	28.846053
10.910000	0.000000	28.681002
10.920000	0.000000	28.515961
10.930000	0.000000	28.350921
10.940000	0.000000	28.185883
10.950000	0.000000	28.020927
10.960000	0.000000	27.856255
10.970000	0.000000	27.691936
10.980000	0.000000	27.527661
10.990000	0.000000	27.363606
11.000000	0.000000	27.201615
11.010000	0.000000	27.034106
11.020000	0.000000	26.870630
11.030000	0.000000	26.710582
11.040000	0.000000	26.550535
11.050000	0.000000	26.390488
11.060000	0.000000	26.230444
11.070000	0.000000	26.070404
11.080000	0.000000	25.910366
11.090000	0.000000	25.750327
11.100000	0.000000	25.591413
11.110000	0.000000	25.443196
11.120000	0.000000	25.310486
11.130000	0.000000	25.181606
11.140000	0.000000	25.052732
11.150000	0.000000	24.923895
11.160000	0.000000	24.795140
11.170000	0.000000	24.666611
11.180000	0.000000	24.530355
11.190000	0.000000	24.400957
11.200000	0.000000	24.272474
11.210000	0.000000	24.143992
11.220000	0.000000	24.015521
11.230000	0.000000	23.887261
11.240000	0.000000	23.759165
11.250000	0.000000	23.631118
11.260000	0.000000	23.503073
11.270000	0.000000	23.375029
11.280000	0.000000	23.246985
11.290000	0.000000	23.118940
11.300000	0.000000	22.990899
11.310000	0.000000	22.862871
11.320000	0.000000	22.734872
11.330000	0.000000	22.606876
11.340000	0.000000	22.477969
11.350000	0.000000	22.342229
11.360000	0.000000	22.214575
11.370000	0.000000	22.087423
11.380000	0.000000	21.960349
11.390000	0.000000	21.833282
11.400000	0.000000	21.706216
11.410000	0.000000	21.579151
11.420000	0.000000	21.452087
11.430000	0.000000	21.325024
11.440000	0.000000	21.197960
11.450000	0.000000	21.070896
11.460000	0.000000	20.943837
11.470000	0.000000	20.816909
11.480000	0.000000	20.690438
11.490000	0.000000	20.565252
11.500000	0.000000	20.447231
11.510000	0.000000	20.331543
11.520000	0.000000	20.214809
11.530000	0.000000	20.103534
11.540000	0.000000	19.992266
11.550000	0.000000	19.880998
11.560000	0.000000	19.769891
11.570000	0.000000	19.659346
11.580000	0.000000	19.549055
11.590000	0.000000	19.438809
11.600000	0.000000	19.328634
11.610000	0.000000	19.218518
11.620000	0.000000	19.108410
11.630000	0.000000	18.998499
11.640000	0.000000	18.889491
11.650000	0.000000	18.781968
11.660000	0.000000	18.674549
11.670000	0.000000	18.567138
11.680000	0.000000	18.455931
11.690000	0.000000	18.345283
11.700000	0.000000	18.238429
11.710000	0.000000	18.131602
11.720000	0.000000	18.024776
11.730000	0.000000	17.917952
11.740000	0.000000	17.811135
11.750000	0.000000	17.704330
11.760000	0.000000	17.597541
11.770000	0.000000	17.490762
11.780000	0.000000	17.383984
11.790000	0.000000	17.277352
11.800000	0.000000	17.174929
11.810000	0.000000	17.083732
11.820000	0.000000	16.997764
11.830000	0.000000	16.911809
11.840000	0.000000	16.825936
11.850000	0.000000	16.735918
11.860000	0.000000	16.648647
11.870000	0.000000	16.562902
11.880000	0.000000	16.477156
11.890000	0.000000	16.391411
11.900000	0.000000	16.305666
11.910000	0.000000	16.219923
11.920000	0.000000	16.134195
11.930000	0.000000	16.048590
11.940000	0.000000	15.963107
11.950000	0.000000	15.877653
11.960000	0.000000	15.792199
11.970000	0.000000	15.706745
11.980000	0.000000	15.621292
11.990000	0.000000	15.535838
12.000000	0.000000	15.450385
12.010000	0.000000	15.364931
12.020000	0.000000	15.274004
12.030000	0.000000	15.188276
12.040000	0.000000	15.103155
12.050000	0.000000	15.018311
12.060000	0.000000	14.933507
12.070000	0.000000	14.848704
12.080000	0.000000	14.763900
12.090000	0.000000	14.679096
12.100000	0.000000	14.594293
12.110000	0.000000	14.509489
12.120000	0.000000	14.424686
12.130000	0.000000	14.339882
12.140000	0.000000	14.255145
12.150000	0.000000	14.170692
12.160000	0.000000	14.086731
12.170000	0.000000	14.003322
12.180000	0.000000	13.919046
12.190000	0.000000	13.831148
12.200000	0.000000	13.748752
12.210000	0.000000	13.666438
12.220000	0.000000	13.585455
12.230000	0.000000	13.509354
12.240000	0.000000	13.434934
12.250000	0.000000	13.360677
12.260000	0.000000	13.286465
12.270000	0.000000	13.212544
12.280000	0.000000	13.139049
12.290000	0.000000	13.066290
12.300000	0.000000	12.994410
12.310000	0.000000	12.922662
12.320000	0.000000	12.850961
12.330000	0.000000	12.779263
12.340000	0.000000	12.707567
12.350000	0.000000	12.634088
12.360000	0.000000	12.559333
12.370000	0.000000	12.487644
12.380000	0.000000	12.415982
12.390000	0.000000	12.344354
12.400000	0.000000	12.272735
12.410000	0.000000	12.201117
12.420000	0.000000	12.129500
12.430000	0.000000	12.057986
12.440000	0.000000	11.986620
12.450000	0.000000	11.915322
12.460000	0.000000	11.844027
12.470000	0.000000	11.772734
12.480000	0.000000	11.701451
12.490000	0.000000	11.630660
12.500000	0.000000	11.563232
12.510000	0.000000	11.504963
12.520000	0.000000	11.445388
12.530000	0.000000	11.386505
12.540000	0.000000	11.329251
12.550000	0.000000	11.271998
12.560000	0.000000	11.214745
12.570000	0.000000	11.157492
12.580000	0.000000	11.100239
12.590000	0.000000	11.042986
12.600000	0.000000	10.985734
12.610000	0.000000	10.928484
12.620000	0.000000	10.871236
12.630000	0.000000	10.814014
12.640000	0.000000	10.756870
12.650000	0.000000	10.699810
12.660000	0.000000	10.642750
12.670000	0.000000	10.585691
12.680000	0.000000	10.528631
12.690000	0.000000	10.468526
12.700000	0.000000	10.410667
12.710000	0.000000	10.353655
12.720000	0.000000	10.296653
12.730000	0.000000	10.239841
12.740000	0.000000	10.183162
12.750000	0.000000	10.126515
12.760000	0.000000	10.069872
12.770000	0.000000	10.013240
12.780000	0.000000	9.956614
12.790000	0.000000	9.899989
12.800000	0.000000	9.843363
12.810000	0.000000	9.786787
12.820000	0.000000	9.730479
12.830000	0.000000	9.674713
12.840000	0.000000	9.619029
12.850000	0.000000	9.563345
12.860000	0.000000	9.503896
12.870000	0.000000	9.448214
12.880000	0.000000	9.392893
12.890000	0.000000	9.337862
12.900000	0.000000	9.282886
12.910000	0.000000	9.227917
12.920000	0.000000	9.172951
12.930000	0.000000	9.117986
12.940000	0.000000	9.063234
12.950000	0.000000	9.009263
12.960000	0.000000	8.957562
12.970000	0.000000	8.908633
12.980000	0.000000	8.860448
12.990000	0.000000	8.812484
13.000000	0.000000	8.764531
13.010000	0.000000	8.716586
13.020000	0.000000	8.667960
13.030000	0.000000	8.617497
13.040000	0.000000	8.569609
13.050000	0.000000	8.521723
13.060000	0.000000	8.473837
13.070000	0.000000	8.425955
13.080000	0.000000	8.378099
13.090000	0.000000	8.330259
13.100000	0.000000	8.282424
13.110000	0.000000	8.234590
13.120000	0.000000	8.186756
13.130000	0.000000	8.138923
13.140000	0.000000	8.091089
13.150000	0.000000	8.043257
13.160000	0.000000	7.995431
13.170000	0.000000	7.947627
13.180000	0.000000	7.899888
13.190000	0.000000	7.850932
13.200000	0.000000	7.803440
13.210000	0.000000	7.764368
13.220000	0.000000	7.726062
13.230000	0.000000	7.687823
13.240000	0.000000	7.649586
13.250000	0.000000	7.611351
13.260000	0.000000	7.573122
13.270000	0.000000	7.534896
13.280000	0.000000	7.496671
13.290000	0.000000	7.458445
13.300000	0.000000	7.420220
13.310000	0.000000	7.381998
13.320000	0.000000	7.343776
13.330000	0.000000	7.305554
13.340000	0.000000	7.267335
13.350000	0.000000	7.229142
13.360000	0.000000	7.189411
13.370000	0.000000	7.150365
13.380000	0.000000	7.112286
13.390000	0.000000	7.074222
13.400000	0.000000	7.036160
13.410000	0.000000	6.998098
13.420000	0.000000	6.960071
13.430000	0.000000	6.922167
13.440000	0.000000	6.884337
13.450000	0.000000	6.846515
13.460000	0.000000	6.808692
13.470000	0.000000	6.770870
13.480000	0.000000	6.733112
13.490000	0.000000	6.695556
13.500000	0.000000	6.658166
13.510000	0.000000	6.620896
13.520000	0.000000	6.583716
13.530000	0.000000	6.544419
13.540000	0.000000	6.506842
13.550000	0.000000	6.469662
13.560000	0.000000	6.432482
13.570000	0.000000	6.395412
13.580000	0.000000	6.358599
13.590000	0.000000	6.321876
13.600000	0.000000	6.285196
13.610000	0.000000	6.248861
13.620000	0.000000	6.212871
13.630000	0.000000	6.176962
13.640000	0.000000	6.141053
13.650000	0.000000	6.105145
13.660000	0.000000	6.069239
13.670000	0.000000	6.033332
13.680000	0.000000	5.997429
13.690000	0.000000	5.961455
13.700000	0.000000	5.924608
13.710000	0.000000	5.892460
13.720000	0.000000	5.860433
13.730000	0.000000	5.828416
13.740000	0.000000	5.796399
13.750000	0.000000	5.764398
13.760000	0.000000	5.732414
13.770000	0.000000	5.700436
13.780000	0.000000	5.668460
13.790000	0.000000	5.636496
13.800000	0.000000	5.604548
13.810000	0.000000	5.572603
13.820000	0.000000	5.540658
13.830000	0.000000	5.508713
13.840000	0.000000	5.476771
13.850000	0.000000	5.444838
13.860000	0.000000	5.412341
13.870000	0.000000	5.378822
13.880000	0.000000	5.346895
13.890000	0.000000	5.314971
13.900000	0.000000	5.283107
13.910000	0.000000	5.254068
13.920000	0.000000	5.227640
13.930000	0.000000	5.202007
13.940000	0.000000	5.176442
13.950000	0.000000	5.150905
13.960000	0.000000	5.125368
13.970000	0.000000	5.099831
13.980000	0.000000	5.074296
13.990000	0.000000	5.048764
14.000000	0.000000	5.023233
14.010000	0.000000	4.997705
14.020000	0.000000	4.972183
14.030000	0.000000	4.945843
14.040000	0.000000	4.919413
14.050000	0.000000	4.893891
14.060000	0.000000	4.868376
14.070000	0.000000	4.842895
14.080000	0.000000	4.817465
14.090000	0.000000	4.792048
14.100000	0.000000	4.766633
14.110000	0.000000	4.741218
14.120000	0.000000	4.715809
14.130000	0.000000	4.690458
14.140000	0.000000	4.665185
14.150000	0.000000	4.639952
14.160000	0.000000	4.614819
14.170000	0.000000	4.589831
14.180000	0.000000	4.564850
14.190000	0.000000	4.539876
14.200000	0.000000	4.513848
14.210000	0.000000	4.488481
14.220000	0.000000	4.463644
14.230000	0.000000	4.438807
14.240000	0.000000	4.413970
14.250000	0.000000	4.389134
14.260000	0.000000	4.364302
14.270000	0.000000	4.339558
14.280000	0.000000	4.315195
14.290000	0.000000	4.291151
14.300000	0.000000	4.267159
14.310000	0.000000	4.243168
14.320000	0.000000	4.219177
14.330000	0.000000	4.195187
14.340000	0.000000	4.171204
14.350000	0.000000	4.147223
14.360000	0.000000	4.123242
14.370000	0.000000	4.097810
14.380000	0.000000	4.073661
14.390000	0.000000	4.049682
14.400000	0.000000	4.025708
14.410000	0.000000	4.001840
14.420000	0.000000	3.978042
14.430000	0.000000	3.954262
14.440000	0.000000	3.930759
14.450000	0.000000	3.908380
14.460000	0.000000	3.886903
14.470000	0.000000	3.865520
14.480000	0.000000	3.844144
14.490000	0.000000	3.822783
14.500000	0.000000	3.801427
14.510000	0.000000	3.780083
14.520000	0.000000	3.758746
14.530000	0.000000	3.737258
14.540000	0.000000	3.714640
14.550000	0.000000	3.693313
14.560000	0.000000	3.671985
14.570000	0.000000	3.650659
14.580000	0.000000	3.629332
14.590000	0.000000	3.608017
14.600000	0.000000	3.586724
14.610000	0.000000	3.565494
14.620000	0.000000	3.545722
14.630000	0.000000	3.527846
14.640000	0.000000	3.510677
14.650000	0.000000	3.493512
14.660000	0.000000	3.476351
14.670000	0.000000	3.459191
14.680000	0.000000	3.442030
14.690000	0.000000	3.424877
14.700000	0.000000	3.407422
14.710000	0.000000	3.389567
14.720000	0.000000	3.372502
14.730000	0.000000	3.355437
14.740000	0.000000	3.338376
14.750000	0.000000	3.321322
14.760000	0.000000	3.304276
14.770000	0.000000	3.287233
14.780000	0.000000	3.270191
14.790000	0.000000	3.253153
14.800000	0.000000	3.236136
14.810000	0.000000	3.219145
14.820000	0.000000	3.202160
14.830000	0.000000	3.185197
14.840000	0.000000	3.168338
14.850000	0.000000	3.151632
14.860000	0.000000	3.134936
14.870000	0.000000	3.117647
14.880000	0.000000	3.100416
14.890000	0.000000	3.083770
14.900000	0.000000	3.067166
14.910000	0.000000	3.050567
14.920000	0.000000	3.033967
14.930000	0.000000	3.017368
14.940000	0.000000	3.000769
14.950000	0.000000	2.984239
14.960000	0.000000	2.967875
14.970000	0.000000	2.951628
14.980000	0.000000	2.935432
14.990000	0.000000	2.919341
15.000000	0.000000	2.903300
15.010000	0.000000	2.887259
15.020000	0.000000	2.871223
15.030000	0.000000	2.855187
15.040000	0.000000	2.838353
15.050000	0.000000	2.822032
15.060000	0.000000	2.806001
15.070000	0.000000	2.789972
15.080000	0.000000	2.773943
15.090000	0.000000	2.757915
15.100000	0.000000	2.741887
15.110000	0.000000	2.725859
15.120000	0.000000	2.709832
15.130000	0.000000	2.693812
15.140000	0.000000	2.677840
15.150000	0.000000	2.661933
15.160000	0.000000	2.646039
15.170000	0.000000	2.630147
15.180000	0.000000	2.614256
15.190000	0.000000	2.598431
15.200000	0.000000	2.583441
15.210000	0.000000	2.568234
15.220000	0.000000	2.553906
15.230000	0.000000	2.539646
15.240000	0.000000	2.525391
15.250000	0.000000	2.511137
15.260000	0.000000	2.496882
15.270000	0.000000	2.482628
15.280000	0.000000	2.468374
15.290000	0.000000	2.454125
15.300000	0.000000	2.439890
15.310000	0.000000	2.425666
15.320000	0.000000	2.411443
15.330000	0.000000	2.397616
15.340000	0.000000	2.385149
15.350000	0.000000	2.373676
15.360000	0.000000	2.362203
15.370000	0.000000	2.350608
15.380000	0.000000	2.338487
15.390000	0.000000	2.327020
15.400000	0.000000	2.315553
15.410000	0.000000	2.304088
15.420000	0.000000	2.292622
15.430000	0.000000	2.281156
15.440000	0.000000	2.269694
15.450000	0.000000	2.258237
15.460000	0.000000	2.246803
15.470000	0.000000	2.235397
15.480000	0.000000	2.224005
15.490000	0.000000	2.212614
15.500000	0.000000	2.201223
15.510000	0.000000	2.189837
15.520000	0.000000	2.178479
15.530000	0.000000	2.167209
15.540000	0.000000	2.155698
15.550000	0.000000	2.143992
15.560000	0.000000	2.132805
15.570000	0.000000	2.121646
15.580000	0.000000	2.110493
15.590000	0.000000	2.099377
15.600000	0.000000	2.088281
15.610000	0.000000	2.077189
15.620000	0.000000	2.066098
15.630000	0.000000	2.055042
15.640000	0.000000	2.044090
15.650000	0.000000	2.033230
15.660000	0.000000	2.022374
15.670000	0.000000	2.011518
15.680000	0.000000	2.000662
15.690000	0.000000	1.989812
15.700000	0.000000	1.979023
15.710000	0.000000	1.967884
15.720000	0.000000	1.956859
15.730000	0.000000	1.946139
15.740000	0.000000	1.935420
15.750000	0.000000	1.924700
15.760000	0.000000	1.913981
15.770000	0.000000	1.903262
15.780000	0.000000	1.892547
15.790000	0.000000	1.881835
15.800000	0.000000	1.871124
15.810000	0.000000	1.860414
15.820000	0.000000	1.849703
15.830000	0.000000	1.838992
15.840000	0.000000	1.828282
15.850000	0.000000	1.817572
15.860000	0.000000	1.806864
15.870000	0.000000	1.796181
15.880000	0.000000	1.784990
15.890000	0.000000	1.774217
15.900000	0.000000	1.763597
15.910000	0.000000	1.752978
15.920000	0.000000	1.742360
15.930000	0.000000	1.731744
15.940000	0.000000	1.721132
15.950000	0.000000	1.710883
15.960000	0.000000	1.701131
15.970000	0.000000	1.691603
15.980000	0.000000	1.682076
15.990000	0.000000	1.672550
16.000000	0.000000	1.663028
16.010000	0.000000	1.653518
16.020000	0.000000	1.644010
16.030000	0.000000	1.634503
16.040000	0.000000	1.624995
16.050000	0.000000	1.615021
16.060000	0.000000	1.607048
16.070000	0.000000	1.599358
16.080000	0.000000	1.591689
16.090000	0.000000	1.584020
16.100000	0.000000	1.576352
16.110000	0.000000	1.568686
16.120000	0.000000	1.561022
16.130000	0.000000	1.553358
16.140000	0.000000	1.545697
16.150000	0.000000	1.538039
16.160000	0.000000	1.530381
16.170000	0.000000	1.522725
16.180000	0.000000	1.515068
16.190000	0.000000	1.507411
16.200000	0.000000	1.499756
16.210000	0.000000	1.492013
16.220000	0.000000	1.484031
16.230000	0.000000	1.476464
16.240000	0.000000	1.468925
16.250000	0.000000	1.461392
16.260000	0.000000	1.453859
16.270000	0.000000	1.446337
16.280000	0.000000	1.438844
16.290000	0.000000	1.431391
16.300000	0.000000	1.423968
16.310000	0.000000	1.416555
16.320000	0.000000	1.409186
16.330000	0.000000	1.401897
16.340000	0.000000	1.394640
16.350000	0.000000	1.387383
16.360000	0.000000	1.380126
16.370000	0.000000	1.372868
16.380000	0.000000	1.365405
16.390000	0.000000	1.357864
16.400000	0.000000	1.350607
16.410000	0.000000	1.343352
16.420000	0.000000	1.336148
16.430000	0.000000	1.328976
16.440000	0.000000	1.321810
16.450000	0.000000	1.314644
16.460000	0.000000	1.307478
16.470000	0.000000	1.300312
16.480000	0.000000	1.293146
16.490000	0.000000	1.285980
16.500000	0.000000	1.278814
16.510000	0.000000	1.271648
16.520000	0.000000	1.264484
16.530000	0.000000	1.257322
16.540000	0.000000	1.250161
16.550000	0.000000	1.242695
16.560000	0.000000	1.235357
16.570000	0.000000	1.228197
16.580000	0.000000	1.221037
16.590000	0.000000	1.213878
16.600000	0.000000	1.206730
16.610000	0.000000	1.199615
16.620000	0.000000	1.192514
16.630000	0.000000	1.185415
16.640000	0.000000	1.178318
16.650000	0.000000	1.171222
16.660000	0.000000	1.164126
16.670000	0.000000	1.157032
16.680000	0.000000	1.149941
16.690000	0.000000	1.142851
16.700000	0.000000	1.135781
16.710000	0.000000	1.128929
16.720000	0.000000	1.122195
16.730000	0.000000	1.115771
16.740000	0.000000	1.109416
16.750000	0.000000	1.103060
16.760000	0.000000	1.096705
16.770000	0.000000	1.090511
16.780000	0.000000	1.084985
16.790000	0.000000	1.079819
16.800000	0.000000	1.074692
16.810000	0.000000	1.069566
16.820000	0.000000	1.064440
16.830000	0.000000	1.059314
16.840000	0.000000	1.054190
16.850000	0.000000	1.049070
16.860000	0.000000	1.043952
16.870000	0.000000	1.038833
16.880000	0.000000	1.033696
16.890000	0.000000	1.028250
16.900000	0.000000	1.023137
16.910000	0.000000	1.018063
16.920000	0.000000	1.012998
16.930000	0.000000	1.007934
16.940000	0.000000	1.002870
16.950000	0.000000	0.997806
16.960000	0.000000	0.992742
16.970000	0.000000	0.987678
16.980000	0.000000	0.982615
16.990000	0.000000	0.977553
17.000000	0.000000	0.972507
17.010000	0.000000	0.967517
17.020000	0.000000	0.962630
17.030000	0.000000	0.957777
17.040000	0.000000	0.952923
17.050000	0.000000	0.947984
17.060000	0.000000	0.942890
17.070000	0.000000	0.938038
17.080000	0.000000	0.933187
17.090000	0.000000	0.928335
17.100000	0.000000	0.923484
17.110000	0.000000	0.918632
17.120000	0.000000	0.913781
17.130000	0.000000	0.908929
17.140000	0.000000	0.904092
17.150000	0.000000	0.899284
17.160000	0.000000	0.894493
17.170000	0.000000	0.889702
17.180000	0.000000	0.884912
17.190000	0.000000	0.880121
17.200000	0.000000	0.875330
17.210000	0.000000	0.870540
17.220000	0.000000	0.865596
17.230000	0.000000	0.860634
17.240000	0.000000	0.855844
17.250000	0.000000	0.851055
17.260000	0.000000	0.846266
17.270000	0.000000	0.841478
17.280000	0.000000	0.836689
17.290000	0.000000	0.831901
17.300000	0.000000	0.827113
17.310000	0.000000	0.822326
17.320000	0.000000	0.817540
17.330000	0.000000	0.812755
17.340000	0.000000	0.807981
17.350000	0.000000	0.803229
17.360000	0.000000	0.798484
17.370000	0.000000	0.793739
17.380000	0.000000	0.788994
17.390000	0.000000	0.784031
17.400000	0.000000	0.779188
17.410000	0.000000	0.774447
17.420000	0.000000	0.769708
17.430000	0.000000	0.764975
17.440000	0.000000	0.760244
17.450000	0.000000	0.755515
17.460000	0.000000	0.750788
17.470000	0.000000	0.746178
17.480000	0.000000	0.741790
17.490000	0.000000	0.737552
17.500000	0.000000	0.733525
17.510000	0.000000	0.729932
17.520000	0.000000	0.726504
17.530000	0.000000	0.723077
17.540000	0.000000	0.719650
17.550000	0.000000	0.716225
17.560000	0.000000	0.712594
17.570000	0.000000	0.709146
17.580000	0.000000	0.705723
17.590000	0.000000	0.702300
17.600000	0.000000	0.698888
17.610000	0.000000	0.695495
17.620000	0.000000	0.692109
17.630000	0.000000	0.688724
17.640000	0.000000	0.685338
17.650000	0.000000	0.681953
17.660000	0.000000	0.678568
17.670000	0.000000	0.675182
17.680000	0.000000	0.671797
17.690000	0.000000	0.668411
17.700000	0.000000	0.665030
17.710000	0.000000	0.661679
17.720000	0.000000	0.658358
17.730000	0.000000	0.654863
17.740000	0.000000	0.651569
17.750000	0.000000	0.648290
17.760000	0.000000	0.645019
17.770000	0.000000	0.641754
17.780000	0.000000	0.638492
17.790000	0.000000	0.635241
17.800000	0.000000	0.631995
17.810000	0.000000	0.628750
17.820000	0.000000	0.625506
17.830000	0.000000	0.622262
17.840000	0.000000	0.619018
17.850000	0.000000	0.615774
17.860000	0.000000	0.612531
17.870000	0.000000	0.609292
17.880000	0.000000	0.606078
17.890000	0.000000	0.602806
17.900000	0.000000	0.599455
17.910000	0.000000	0.596253
17.920000	0.000000	0.593050
17.930000	0.000000	0.589847
17.940000	0.000000	0.586644
17.950000	0.000000	0.583441
17.960000	0.000000	0.580239
17.970000	0.000000	0.577036
17.980000	0.000000	0.573834
17.990000	0.000000	0.570632
18.000000	0.000000	0.567431
18.010000	0.000000	0.564229
18.020000	0.000000	0.561028
18.030000	0.000000	0.557827
18.040000	0.000000	0.554625
18.050000	0.000000	0.551425
18.060000	0.000000	0.548111
18.070000	0.000000	0.544810
18.080000	0.000000	0.541619
18.090000	0.000000	0.538445
18.100000	0.000000	0.535272
18.110000	0.000000	0.532100
18.120000	0.000000	0.528928
18.130000	0.000000	0.525758
18.140000	0.000000	0.522590
18.150000	0.000000	0.519425
18.160000	0.000000	0.516262
18.170000	0.000000	0.513099
18.180000	0.000000	0.509937
18.190000	0.000000	0.506774
18.200000	0.000000	0.503611
18.210000	0.000000	0.500451
18.220000	0.000000	0.497295
18.230000	0.000000	0.494195
18.240000	0.000000	0.491700
18.250000	0.000000	0.489401
18.260000	0.000000	0.487110
18.270000	0.000000	0.484821
18.280000	0.000000	0.482531
18.290000	0.000000	0.480242
18.300000	0.000000	0.477956
18.310000	0.000000	0.475682
18.320000	0.000000	0.473416
18.330000	0.000000	0.471152
18.340000	0.000000	0.468888
18.350000	0.000000	0.466624
18.360000	0.000000	0.464360
18.370000	0.000000	0.462096
18.380000	0.000000	0.459833
18.390000	0.000000	0.457569
18.400000	0.000000	0.455160
18.410000	0.000000	0.452914
18.420000	0.000000	0.450698
18.430000	0.000000	0.448492
18.440000	0.000000	0.446287
18.450000	0.000000	0.444083
18.460000	0.000000	0.441879
18.470000	0.000000	0.439675
18.480000	0.000000	0.437474
18.490000	0.000000	0.435281
18.500000	0.000000	0.433091
18.510000	0.000000	0.430903
18.520000	0.000000	0.428719
18.530000	0.000000	0.426536
18.540000	0.000000	0.424354
18.550000	0.000000	0.422171
18.560000	0.000000	0.419965
18.570000	0.000000	0.417667
18.580000	0.000000	0.415497
18.590000	0.000000	0.413327
18.600000	0.000000	0.411158
18.610000	0.000000	0.409000
18.620000	0.000000	0.406855
18.630000	0.000000	0.404713
18.640000	0.000000	0.402571
18.650000	0.000000	0.400429
18.660000	0.000000	0.398287
18.670000	0.000000	0.396146
18.680000	0.000000	0.394004
18.690000	0.000000	0.391862
18.700000	0.000000	0.389720
18.710000	0.000000	0.387578
18.720000	0.000000	0.385437
18.730000	0.000000	0.383243
18.740000	0.000000	0.381011
18.750000	0.000000	0.378870
18.760000	0.000000	0.376730
18.770000	0.000000	0.374589
18.780000	0.000000	0.372449
18.790000	0.000000	0.370309
18.800000	0.000000	0.368169
18.810000	0.000000	0.366029
18.820000	0.000000	0.363894
18.830000	0.000000	0.361767
18.840000	0.000000	0.359645
18.850000	0.000000	0.357524
18.860000	0.000000	0.355403
18.870000	0.000000	0.353286
18.880000	0.000000	0.351170
18.890000	0.000000	0.349054
18.900000	0.000000	0.346856
18.910000	0.000000	0.344681
18.920000	0.000000	0.342566
18.930000	0.000000	0.340451
18.940000	0.000000	0.338336
18.950000	0.000000	0.336222
18.960000	0.000000	0.334258
18.970000	0.000000	0.332457
18.980000	0.000000	0.330712
18.990000	0.000000	0.328968
19.000000	0.000000	0.327243
19.010000	0.000000	0.325603
19.020000	0.000000	0.324076
19.030000	0.000000	0.322561
19.040000	0.000000	0.321047
19.050000	0.000000	0.319532
19.060000	0.000000	0.318017
19.070000	0.000000	0.316422
19.080000	0.000000	0.314886
19.090000	0.000000	0.313372
19.100000	0.000000	0.311859
19.110000	0.000000	0.310355
19.120000	0.000000	0.308868
19.130000	0.000000	0.307386
19.140000	0.000000	0.305906
19.150000	0.000000	0.304431
19.160000	0.000000	0.302957
19.170000	0.000000	0.301483
19.180000	0.000000	0.300009
19.190000	0.000000	0.298535
19.200000	0.000000	0.297061
19.210000	0.000000	0.295588
19.220000	0.000000	0.294114
19.230000	0.000000	0.292646
19.240000	0.000000	0.291083
19.250000	0.000000	0.289618
19.260000	0.000000	0.288154
19.270000	0.000000	0.286693
19.280000	0.000000	0.285233
19.290000	0.000000	0.283773
19.300000	0.000000	0.282314
19.310000	0.000000	0.280855
19.320000	0.000000	0.279395
19.330000	0.000000	0.277936
19.340000	0.000000	0.276477
19.350000	0.000000	0.275024
19.360000	0.000000	0.273585
19.370000	0.000000	0.272152
19.380000	0.000000	0.270719
19.390000	0.000000	0.269287
19.400000	0.000000	0.267834
19.410000	0.000000	0.266325
19.420000	0.000000	0.264893
19.430000	0.000000	0.263461
19.440000	0.000000	0.262029
19.450000	0.000000	0.260597
19.460000	0.000000	0.259165
19.470000	0.000000	0.257733
19.480000	0.000000	0.256302
19.490000	0.000000	0.254871
19.500000	0.000000	0.253440
19.510000	0.000000	0.252009
19.520000	0.000000	0.250578
19.530000	0.000000	0.249147
19.540000	0.000000	0.247716
19.550000	0.000000	0.246285
19.560000	0.000000	0.244854
19.570000	0.000000	0.243385
19.580000	0.000000	0.241910
19.590000	0.000000	0.240493
19.600000	0.000000	0.239077
19.610000	0.000000	0.237661
19.620000	0.000000	0.236246
19.630000	0.000000	0.234831
19.640000	0.000000	0.233417
19.650000	0.000000	0.232003
19.660000	0.000000	0.230588
19.670000	0.000000	0.229174
19.680000	0.000000	0.227761
19.690000	0.000000	0.226399
19.700000	0.000000	0.225168
19.710000	0.000000	0.224001
19.720000	0.000000	0.222835
19.730000	0.000000	0.221678
19.740000	0.000000	0.220473
19.750000	0.000000	0.219289
19.760000	0.000000	0.218134
19.770000	0.000000	0.216979
19.780000	0.000000	0.215893
19.790000	0.000000	0.214866
19.800000	0.000000	0.213853
19.810000	0.000000	0.212841
19.820000	0.000000	0.211839
19.830000	0.000000	0.210845
19.840000	0.000000	0.209853
19.850000	0.000000	0.208862
19.860000	0.000000	0.207872
19.870000	0.000000	0.206885
19.880000	0.000000	0.205900
19.890000	0.000000	0.204914
19.900000	0.000000	0.203928
19.910000	0.000000	0.202886
19.920000	0.000000	0.201890
19.930000	0.000000	0.200905
19.940000	0.000000	0.199919
19.950000	0.000000	0.198933
19.960000	0.000000	0.197948
19.970000	0.000000	0.196964
19.980000	0.000000	0.195983
19.990000	0.000000	0.195003
20.000000	0.000000	0.194024
20.010000	0.000000	0.193044
20.020000	0.000000	0.192066
20.030000	0.000000	0.191088
20.040000	0.000000	0.190112
20.050000	0.000000	0.189136
20.060000	0.000000	0.188160
20.070000	0.000000	0.187180
20.080000	0.000000	0.186142
20.090000	0.000000	0.185167
20.100000	0.000000	0.184201
20.110000	0.000000	0.183237
20.120000	0.000000	0.182273
20.130000	0.000000	0.181309
20.140000	0.000000	0.180347
20.150000	0.000000	0.179388
20.160000	0.000000	0.178430
20.170000	0.000000	0.177472
20.180000	0.000000	0.176514
20.190000	0.000000	0.175557
20.200000	0.000000	0.174599
20.210000	0.000000	0.173642
20.220000	0.000000	0.172685
20.230000	0.000000	0.171728
20.240000	0.000000	0.170754
20.250000	0.000000	0.169749
20.260000	0.000000	0.168792
20.270000	0.000000	0.167835
20.280000	0.000000	0.166878
20.290000	0.000000	0.165921
20.300000	0.000000	0.164964
20.310000	0.000000	0.164009
20.320000	0.000000	0.163059
20.330000	0.000000	0.162112
20.340000	0.000000	0.161165
20.350000	0.000000	0.160218
20.360000	0.000000	0.159272
20.370000	0.000000	0.158325
20.380000	0.000000	0.157378
20.390000	0.000000	0.156432
20.400000	0.000000	0.155486
20.410000	0.000000	0.154510
20.420000	0.000000	0.153532
20.430000	0.000000	0.152645
20.440000	0.000000	0.151857
20.450000	0.000000	0.151083
20.460000	0.000000	0.150309
20.470000	0.000000	0.149535
20.480000	0.000000	0.148762
20.490000	0.000000	0.147988
20.500000	0.000000	0.147215
20.510000	0.000000	0.146442
20.520000	0.000000	0.145670
20.530000	0.000000	0.144903
20.540000	0.000000	0.144143
20.550000	0.000000	0.143393
20.560000	0.000000	0.142690
20.570000	0.000000	0.142026
20.580000	0.000000	0.141332
20.590000	0.000000	0.140657
20.600000	0.000000	0.139997
20.610000	0.000000	0.139338
20.620000	0.000000	0.138679
20.630000	0.000000	0.138019
20.640000	0.000000	0.137360
20.650000	0.000000	0.136700
20.660000	0.000000	0.136041
20.670000	0.000000	0.135382
20.680000	0.000000	0.134722
20.690000	0.000000	0.134063
20.700000	0.000000	0.133404
20.710000	0.000000	0.132744
20.720000	0.000000	0.132085
20.730000	0.000000	0.131429
20.740000	0.000000	0.130774
20.750000	0.000000	0.130079
20.760000	0.000000	0.129419
20.770000	0.000000	0.128764
20.780000	0.000000	0.128109
20.790000	0.000000	0.127455
20.800000	0.000000	0.126802
20.810000	0.000000	0.126149
20.820000	0.000000	0.125496
20.830000	0.000000	0.124843
20.840000	0.000000	0.124192
20.850000	0.000000	0.123545
20.860000	0.000000	0.122901
20.870000	0.000000	0.122256
20.880000	0.000000	0.121611
20.890000	0.000000	0.120966
20.900000	0.000000	0.120321
20.910000	0.000000	0.119672
20.920000	0.000000	0.118988
20.930000	0.000000	0.118346
20.940000	0.000000	0.117705
20.950000	0.000000	0.117065
20.960000	0.000000	0.116425
20.970000	0.000000	0.115785
20.980000	0.000000	0.115144
20.990000	0.000000	0.114504
21.000000	0.000000	0.113864
21.010000	0.000000	0.113224
21.020000	0.000000	0.112583
21.030000	0.000000	0.111943
21.040000	0.000000	0.111303
21.050000	0.000000	0.110664
21.060000	0.000000	0.110027
21.070000	0.000000	0.109393
21.080000	0.000000	0.108746
21.090000	0.000000	0.108083
21.100000	0.000000	0.107450
21.110000	0.000000	0.106816
21.120000	0.000000	0.106183
21.130000	0.000000	0.105550
21.140000	0.000000	0.104917
21.150000	0.000000	0.104286
21.160000	0.000000	0.103666
21.170000	0.000000	0.103094
21.180000	0.000000	0.102569
21.190000	0.000000	0.102052
21.200000	0.000000	0.101534
21.210000	0.000000	0.101017
21.220000	0.000000	0.100499
21.230000	0.000000	0.099982
21.240000	0.000000	0.099466
21.250000	0.000000	0.098938
21.260000	0.000000	0.098414
21.270000	0.000000	0.097906
21.280000	0.000000	0.097399
21.290000	0.000000	0.096891
21.300000	0.000000	0.096384
21.310000	0.000000	0.095877
21.320000	0.000000	0.095371
21.330000	0.000000	0.094883
21.340000	0.000000	0.094425
21.350000	0.000000	0.093984
21.360000	0.000000	0.093543
21.370000	0.000000	0.093102
21.380000	0.000000	0.092661
21.390000	0.000000	0.092220
21.400000	0.000000	0.091779
21.410000	0.000000	0.091338
21.420000	0.000000	0.090875
21.430000	0.000000	0.090426
21.440000	0.000000	0.089985
21.450000	0.000000	0.089544
21.460000	0.000000	0.089103
21.470000	0.000000	0.088662
21.480000	0.000000	0.088222
21.490000	0.000000	0.087783
21.500000	0.000000	0.087345
21.510000	0.000000	0.086907
21.520000	0.000000	0.086469
21.530000	0.000000	0.086031
21.540000	0.000000	0.085592
21.550000	0.000000	0.085154
21.560000	0.000000	0.084717
21.570000	0.000000	0.084281
21.580000	0.000000	0.083844
21.590000	0.000000	0.083380
21.600000	0.000000	0.082946
21.610000	0.000000	0.082514
21.620000	0.000000	0.082083
21.630000	0.000000	0.081652
21.640000	0.000000	0.081220
21.650000	0.000000	0.080789
21.660000	0.000000	0.080358
21.670000	0.000000	0.079927
21.680000	0.000000	0.079496
21.690000	0.000000	0.079065
21.700000	0.000000	0.078634
21.710000	0.000000	0.078203
21.720000	0.000000	0.077774
21.730000	0.000000	0.077345
21.740000	0.000000	0.076917
21.750000	0.000000	0.076484
21.760000	0.000000	0.076032
21.770000	0.000000	0.075603
21.780000	0.000000	0.075176
21.790000	0.000000	0.074748
21.800000	0.000000	0.074321
21.810000	0.000000	0.073895
21.820000	0.000000	0.073471
21.830000	0.000000	0.073048
21.840000	0.000000	0.072624
21.850000	0.000000	0.072200
21.860000	0.000000	0.071777
21.870000	0.000000	0.071355
21.880000	0.000000	0.070934
21.890000	0.000000	0.070514
21.900000	0.000000	0.070097
21.910000	0.000000	0.069710
21.920000	0.000000	0.069355
21.930000	0.000000	0.068993
21.940000	0.000000	0.068647
21.950000	0.000000	0.068300
21.960000	0.000000	0.067957
21.970000	0.000000	0.067616
21.980000	0.000000	0.067276
21.990000	0.000000	0.066936
22.000000	0.000000	0.066596
22.010000	0.000000	0.066256
22.020000	0.000000	0.065916
22.030000	0.000000	0.065576
22.040000	0.000000	0.065237
22.050000	0.000000	0.064899
22.060000	0.000000	0.064561
22.070000	0.000000	0.064223
22.080000	0.000000	0.063885
22.090000	0.000000	0.063534
22.100000	0.000000	0.063186
22.110000	0.000000	0.062854
22.120000	0.000000	0.062550
22.130000	0.000000	0.062254
22.140000	0.000000	0.061959
22.150000	0.000000	0.061664
22.160000	0.000000	0.061369
22.170000	0.000000	0.061074
22.180000	0.000000	0.060779
22.190000	0.000000	0.060484
22.200000	0.000000	0.060188
22.210000	0.000000	0.059893
22.220000	0.000000	0.059598
22.230000	0.000000	0.059303
22.240000	0.000000	0.059009
22.250000	0.000000	0.058715
22.260000	0.000000	0.058407
22.270000	0.000000	0.058109
22.280000	0.000000	0.057816
22.290000	0.000000	0.057523
22.300000	0.000000	0.057229
22.310000	0.000000	0.056936
22.320000	0.000000	0.056643
22.330000	0.000000	0.056351
22.340000	0.000000	0.056058
22.350000	0.000000	0.055768
22.360000	0.000000	0.055479
22.370000	0.000000	0.055190
22.380000	0.000000	0.054901
22.390000	0.000000	0.054613
22.400000	0.000000	0.054324
22.410000	0.000000	0.054036
22.420000	0.000000	0.053747
22.430000	0.000000	0.053439
22.440000	0.000000	0.053151
22.450000	0.000000	0.052862
22.460000	0.000000	0.052574
22.470000	0.000000	0.052285
22.480000	0.000000	0.051997
22.490000	0.000000	0.051708
22.500000	0.000000	0.051420
22.510000	0.000000	0.051133
22.520000	0.000000	0.050847
22.530000	0.000000	0.050561
22.540000	0.000000	0.050275
22.550000	0.000000	0.049989
22.560000	0.000000	0.049704
22.570000	0.000000	0.049420
22.580000	0.000000	0.049136
22.590000	0.000000	0.048849
22.600000	0.000000	0.048552
22.610000	0.000000	0.048271
22.620000	0.000000	0.047990
22.630000	0.000000	0.047709
22.640000	0.000000	0.047428
22.650000	0.000000	0.047170
22.660000	0.000000	0.046932
22.670000	0.000000	0.046701
22.680000	0.000000	0.046471
22.690000	0.000000	0.046243
22.700000	0.000000	0.046015
22.710000	0.000000	0.045787
22.720000	0.000000	0.045560
22.730000	0.000000	0.045332
22.740000	0.000000	0.045105
22.750000	0.000000	0.044877
22.760000	0.000000	0.044643
22.770000	0.000000	0.044407
22.780000	0.000000	0.044180
22.790000	0.000000	0.043954
22.800000	0.000000	0.043728
22.810000	0.000000	0.043501
22.820000	0.000000	0.043275
22.830000	0.000000	0.043049
22.840000	0.000000	0.042823
22.850000	0.000000	0.042597
22.860000	0.000000	0.042371
22.870000	0.000000	0.042145
22.880000	0.000000	0.041919
22.890000	0.000000	0.041696
22.900000	0.000000	0.041486
22.910000	0.000000	0.041289
22.920000	0.000000	0.041091
22.930000	0.000000	0.040886
22.940000	0.000000	0.040683
22.950000	0.000000	0.040486
22.960000	0.000000	0.040288
22.970000	0.000000	0.040091
22.980000	0.000000	0.039893
22.990000	0.000000	0.039696
23.000000	0.000000	0.039499
23.010000	0.000000	0.039303
23.020000	0.000000	0.039107
23.030000	0.000000	0.038910
23.040000	0.000000	0.038714
23.050000	0.000000	0.038518
23.060000	0.000000	0.038322
23.070000	0.000000	0.038126
23.080000	0.000000	0.037929
23.090000	0.000000	0.037733
23.100000	0.000000	0.037527
23.110000	0.000000	0.037330
23.120000	0.000000	0.037137
23.130000	0.000000	0.036944
23.140000	0.000000	0.036751
23.150000	0.000000	0.036558
23.160000	0.000000	0.036365
23.170000	0.000000	0.036172
23.180000	0.000000	0.035979
23.190000	0.000000	0.035786
23.200000	0.000000	0.035593
23.210000	0.000000	0.035400
23.220000	0.000000	0.035207
23.230000	0.000000	0.035014
23.240000	0.000000	0.034821
23.250000	0.000000	0.034628
23.260000	0.000000	0.034435
23.270000	0.000000	0.034230
23.280000	0.000000	0.034038
23.290000	0.000000	0.033845
23.300000	0.000000	0.033653
23.310000	0.000000	0.033462
23.320000	0.000000	0.033273
23.330000	0.000000	0.033085
23.340000	0.000000	0.032896
23.350000	0.000000	0.032708
23.360000	0.000000	0.032520
23.370000	0.000000	0.032332
23.380000	0.000000	0.032144
23.390000	0.000000	0.031962
23.400000	0.000000	0.031799
23.410000	0.000000	0.031646
23.420000	0.000000	0.031494
23.430000	0.000000	0.031339
23.440000	0.000000	0.031179
23.450000	0.000000	0.031027
23.460000	0.000000	0.030874
23.470000	0.000000	0.030722
23.480000	0.000000	0.030570
23.490000	0.000000	0.030418
23.500000	0.000000	0.030265
23.510000	0.000000	0.030113
23.520000	0.000000	0.029962
23.530000	0.000000	0.029810
23.540000	0.000000	0.029659
23.550000	0.000000	0.029507
23.560000	0.000000	0.029356
23.570000	0.000000	0.029204
23.580000	0.000000	0.029053
23.590000	0.000000	0.028902
23.600000	0.000000	0.028746
23.610000	0.000000	0.028589
23.620000	0.000000	0.028438
23.630000	0.000000	0.028286
23.640000	0.000000	0.028135
23.650000	0.000000	0.027984
23.660000	0.000000	0.027833
23.670000	0.000000	0.027682
23.680000	0.000000	0.027538
23.690000	0.000000	0.027402
23.700000	0.000000	0.027270
23.710000	0.000000	0.027138
23.720000	0.000000	0.027006
23.730000	0.000000	0.026873
23.740000	0.000000	0.026741
23.750000	0.000000	0.026609
23.760000	0.000000	0.026477
23.770000	0.000000	0.026339
23.780000	0.000000	0.026205
23.790000	0.000000	0.026074
23.800000	0.000000	0.025942
23.810000	0.000000	0.025811
23.820000	0.000000	0.025680
23.830000	0.000000	0.025548
23.840000	0.000000	0.025417
23.850000	0.000000	0.025286
23.860000	0.000000	0.025155
23.870000	0.000000	0.025024
23.880000	0.000000	0.024895
23.890000	0.000000	0.024766
23.900000	0.000000	0.024636
23.910000	0.000000	0.024507
23.920000	0.000000	0.024378
23.930000	0.000000	0.024249
23.940000	0.000000	0.024112
23.950000	0.000000	0.023982
23.960000	0.000000	0.023852
23.970000	0.000000	0.023723
23.980000	0.000000	0.023594
23.990000	0.000000	0.023465
24.000000	0.000000	0.023336
24.010000	0.000000	0.023207
24.020000	0.000000	0.023078
24.030000	0.000000	0.022949
24.040000	0.000000	0.022820
24.050000	0.000000	0.022692
24.060000	0.000000	0.022564
24.070000	0.000000	0.022437
24.080000	0.000000	0.022310
24.090000	0.000000	0.022184
24.100000	0.000000	0.022057
24.110000	0.000000	0.021923
24.120000	0.000000	0.021797
24.130000	0.000000	0.021673
24.140000	0.000000	0.021555
24.150000	0.000000	0.021450
24.160000	0.000000	0.021348
24.170000	0.000000	0.021246
24.180000	0.000000	0.021144
24.190000	0.000000	0.021042
24.200000	0.000000	0.020940
24.210000	0.000000	0.020838
24.220000	0.000000	0.020736
24.230000	0.000000	0.020634
24.240000	0.000000	0.020532
24.250000	0.000000	0.020430
24.260000	0.000000	0.020329
24.270000	0.000000	0.020225
24.280000	0.000000	0.020119
24.290000	0.000000	0.020018
24.300000	0.000000	0.019916
24.310000	0.000000	0.019815
24.320000	0.000000	0.019713
24.330000	0.000000	0.019612
24.340000	0.000000	0.019511
24.350000	0.000000	0.019409
24.360000	0.000000	0.019308
24.370000	0.000000	0.019207
24.380000	0.000000	0.019105
24.390000	0.000000	0.019004
24.400000	0.000000	0.018903
24.410000	0.000000	0.018802
24.420000	0.000000	0.018700
24.430000	0.000000	0.018599
24.440000	0.000000	0.018494
24.450000	0.000000	0.018390
24.460000	0.000000	0.018289
24.470000	0.000000	0.018195
24.480000	0.000000	0.018106
24.490000	0.000000	0.018017
24.500000	0.000000	0.017929
24.510000	0.000000	0.017840
24.520000	0.000000	0.017752
24.530000	0.000000	0.017664
24.540000	0.000000	0.017576
24.550000	0.000000	0.017488
24.560000	0.000000	0.017400
24.570000	0.000000	0.017312
24.580000	0.000000	0.017224
24.590000	0.000000	0.017136
24.600000	0.000000	0.017048
24.610000	0.000000	0.016956
24.620000	0.000000	0.016867
24.630000	0.000000	0.016779
24.640000	0.000000	0.016692
24.650000	0.000000	0.016605
24.660000	0.000000	0.016519
24.670000	0.000000	0.016432
24.680000	0.000000	0.016346
24.690000	0.000000	0.016259
24.700000	0.000000	0.016173
24.710000	0.000000	0.016087
24.720000	0.000000	0.016000
24.730000	0.000000	0.015914
24.740000	0.000000	0.015828
24.750000	0.000000	0.015741
24.760000	0.000000	0.015655
24.770000	0.000000	0.015569
24.780000	0.000000	0.015477
24.790000	0.000000	0.015391
24.800000	0.000000	0.015306
24.810000	0.000000	0.015220
24.820000	0.000000	0.015135
24.830000	0.000000	0.015050
24.840000	0.000000	0.014965
24.850000	0.000000	0.014880
24.860000	0.000000	0.014797
24.870000	0.000000	0.014713
24.880000	0.000000	0.014631
24.890000	0.000000	0.014554
24.900000	0.000000	0.014484
24.910000	0.000000	0.014416
24.920000	0.000000	0.014348
24.930000	0.000000	0.014280
24.940000	0.000000	0.014211
24.950000	0.000000	0.014139
24.960000	0.000000	0.014070
24.970000	0.000000	0.014002
24.980000	0.000000	0.013934
24.990000	0.000000	0.013866
25.000000	0.000000	0.013798
25.010000	0.000000	0.013730
25.020000	0.000000	0.013662
25.030000	0.000000	0.013594
25.040000	0.000000	0.013526
25.050000	0.000000	0.013459
25.060000	0.000000	0.013391
25.070000	0.000000	0.013323
25.080000	0.000000	0.013255
25.090000	0.000000	0.013187
25.100000	0.000000	0.013119
25.110000	0.000000	0.013050
25.120000	0.000000	0.012979
25.130000	0.000000	0.012911
25.140000	0.000000	0.012843
25.150000	0.000000	0.012775
25.160000	0.000000	0.012708
25.170000	0.000000	0.012640
25.180000	0.000000	0.012572
25.190000	0.000000	0.012504
25.200000	0.000000	0.012437
25.210000	0.000000	0.012369
25.220000	0.000000	0.012301
25.230000	0.000000	0.012233
25.240000	0.000000	0.012166
25.250000	0.000000	0.012099
25.260000	0.000000	0.012036
25.270000	0.000000	0.011977
25.280000	0.000000	0.011915
25.290000	0.000000	0.011855
25.300000	0.000000	0.011796
25.310000	0.000000	0.011737
25.320000	0.000000	0.011678
25.330000	0.000000	0.011619
25.340000	0.000000	0.011560
25.350000	0.000000	0.011501
25.360000	0.000000	0.011443
25.370000	0.000000	0.011384
25.380000	0.000000	0.011325
25.390000	0.000000	0.011266
25.400000	0.000000	0.011208
25.410000	0.000000	0.011150
25.420000	0.000000	0.011091
25.430000	0.000000	0.011034
25.440000	0.000000	0.010976
25.450000	0.000000	0.010915
25.460000	0.000000	0.010856
25.470000	0.000000	0.010798
25.480000	0.000000	0.010741
25.490000	0.000000	0.010683
25.500000	0.000000	0.010625
25.510000	0.000000	0.010568
25.520000	0.000000	0.010510
25.530000	0.000000	0.010453
25.540000	0.000000	0.010396
25.550000	0.000000	0.010338
25.560000	0.000000	0.010281
25.570000	0.000000	0.010224
25.580000	0.000000	0.010167
25.590000	0.000000	0.010111
25.600000	0.000000	0.010055
25.610000	0.000000	0.009999
25.620000	0.000000	0.009939
25.630000	0.000000	0.009883
25.640000	0.000000	0.009834
25.650000	0.000000	0.009787
25.660000	0.000000	0.009741
25.670000	0.000000	0.009695
25.680000	0.000000	0.009649
25.690000	0.000000	0.009603
25.700000	0.000000	0.009557
25.710000	0.000000	0.009512
25.720000	0.000000	0.009466
25.730000	0.000000	0.009420
25.740000	0.000000	0.009375
25.750000	0.000000	0.009329
25.760000	0.000000	0.009284
25.770000	0.000000	0.009239
25.780000	0.000000	0.009192
25.790000	0.000000	0.009145
25.800000	0.000000	0.009099
25.810000	0.000000	0.009054
25.820000	0.000000	0.009008
25.830000	0.000000	0.008963
25.840000	0.000000	0.008917
25.850000	0.000000	0.008872
25.860000	0.000000	0.008827
25.870000	0.000000	0.008781
25.880000	0.000000	0.008736
25.890000	0.000000	0.008690
25.900000	0.000000	0.008645
25.910000	0.000000	0.008599
25.920000	0.000000	0.008554
25.930000	0.000000	0.008509
25.940000	0.000000	0.008463
25.950000	0.000000	0.008417
25.960000	0.000000	0.008369
25.970000	0.000000	0.008324
25.980000	0.000000	0.008279
25.990000	0.000000	0.008233
26.000000	0.000000	0.008188
26.010000	0.000000	0.008143
26.020000	0.000000	0.008097
26.030000	0.000000	0.008052
26.040000	0.000000	0.008008
26.050000	0.000000	0.007965
26.060000	0.000000	0.007926
26.070000	0.000000	0.007886
26.080000	0.000000	0.007847
26.090000	0.000000	0.007807
26.100000	0.000000	0.007768
26.110000	0.000000	0.007729
26.120000	0.000000	0.007688
26.130000	0.000000	0.007647
26.140000	0.000000	0.007608
26.150000	0.000000	0.007569
26.160000	0.000000	0.007529
26.170000	0.000000	0.007490
26.180000	0.000000	0.007451
26.190000	0.000000	0.007412
26.200000	0.000000	0.007373
26.210000	0.000000	0.007335
26.220000	0.000000	0.007296
26.230000	0.000000	0.007257
26.240000	0.000000	0.007219
26.250000	0.000000	0.007180
26.260000	0.000000	0.007142
26.270000	0.000000	0.007104
26.280000	0.000000	0.007065
26.290000	0.000000	0.007025
26.300000	0.000000	0.006986
26.310000	0.000000	0.006948
26.320000	0.000000	0.006910
26.330000	0.000000	0.006872
26.340000	0.000000	0.006834
26.350000	0.000000	0.006797
26.360000	0.000000	0.006760
26.370000	0.000000	0.006722
26.380000	0.000000	0.006685
26.390000	0.000000	0.006651
26.400000	0.000000	0.006620
26.410000	0.000000	0.006589
26.420000	0.000000	0.006558
26.430000	0.000000	0.006528
26.440000	0.000000	0.006497
26.450000	0.000000	0.006466
26.460000	0.000000	0.006433
26.470000	0.000000	0.006402
26.480000	0.000000	0.006372
26.490000	0.000000	0.006341
26.500000	0.000000	0.006311
26.510000	0.000000	0.006280
26.520000	0.000000	0.006250
26.530000	0.000000	0.006219
26.540000	0.000000	0.006189
26.550000	0.000000	0.006158
26.560000	0.000000	0.006128
26.570000	0.000000	0.006098
26.580000	0.000000	0.006067
26.590000	0.000000	0.006037
26.600000	0.000000	0.006006
26.610000	0.000000	0.005976
26.620000	0.000000	0.005945
26.630000	0.000000	0.005913
26.640000	0.000000	0.005883
26.650000	0.000000	0.005852
26.660000	0.000000	0.005822
26.670000	0.000000	0.005792
26.680000	0.000000	0.005761
26.690000	0.000000	0.005731
26.700000	0.000000	0.005700
26.710000	0.000000	0.005670
26.720000	0.000000	0.005640
26.730000	0.000000	0.005609
26.740000	0.000000	0.005579
26.750000	0.000000	0.005549
26.760000	0.000000	0.005518
26.770000	0.000000	0.005488
26.780000	0.000000	0.005458
26.790000	0.000000	0.005426
26.800000	0.000000	0.005395
26.810000	0.000000	0.005364
26.820000	0.000000	0.005334
26.830000	0.000000	0.005304
26.840000	0.000000	0.005276
26.850000	0.000000	0.005249
26.860000	0.000000	0.005223
26.870000	0.000000	0.005196
26.880000	0.000000	0.005170
26.890000	0.000000	0.005144
26.900000	0.000000	0.005117
26.910000	0.000000	0.005091
26.920000	0.000000	0.005065
26.930000	0.000000	0.005038
26.940000	0.000000	0.005012
26.950000	0.000000	0.004986
26.960000	0.000000	0.004959
26.970000	0.000000	0.004932
26.980000	0.000000	0.004906
26.990000	0.000000	0.004881
27.000000	0.000000	0.004855
27.010000	0.000000	0.004829
27.020000	0.000000	0.004804
27.030000	0.000000	0.004778
27.040000	0.000000	0.004752
27.050000	0.000000	0.004727
27.060000	0.000000	0.004702
27.070000	0.000000	0.004676
27.080000	0.000000	0.004651
27.090000	0.000000	0.004626
27.100000	0.000000	0.004601
27.110000	0.000000	0.004576
27.120000	0.000000	0.004550
27.130000	0.000000	0.004524
27.140000	0.000000	0.004501
27.150000	0.000000	0.004480
27.160000	0.000000	0.004459
27.170000	0.000000	0.004439
27.180000	0.000000	0.004418
27.190000	0.000000	0.004397
27.200000	0.000000	0.004377
27.210000	0.000000	0.004356
27.220000	0.000000	0.004336
27.230000	0.000000	0.004315
27.240000	0.000000	0.004295
27.250000	0.000000	0.004274
27.260000	0.000000	0.004254
27.270000	0.000000	0.004233
27.280000	0.000000	0.004213
27.290000	0.000000	0.004192
27.300000	0.000000	0.004170
27.310000	0.000000	0.004150
27.320000	0.000000	0.004130
27.330000	0.000000	0.004109
27.340000	0.000000	0.004089
27.350000	0.000000	0.004069
27.360000	0.000000	0.004048
27.370000	0.000000	0.004028
27.380000	0.000000	0.004008
27.390000	0.000000	0.003987
27.400000	0.000000	0.003967
27.410000	0.000000	0.003947
27.420000	0.000000	0.003926
27.430000	0.000000	0.003906
27.440000	0.000000	0.003886
27.450000	0.000000	0.003865
27.460000	0.000000	0.003845
27.470000	0.000000	0.003823
27.480000	0.000000	0.003803
27.490000	0.000000	0.003783
27.500000	0.000000	0.003762
27.510000	0.000000	0.003742
27.520000	0.000000	0.003722
27.530000	0.000000	0.003702
27.540000	0.000000	0.003681
27.550000	0.000000	0.003661
27.560000	0.000000	0.003641
27.570000	0.000000	0.003620
27.580000	0.000000	0.003600
27.590000	0.000000	0.003580
27.600000	0.000000	0.003560
27.610000	0.000000	0.003539
27.620000	0.000000	0.003519
27.630000	0.000000	0.003499
27.640000	0.000000	0.003481
27.650000	0.000000	0.003464
27.660000	0.000000	0.003446
27.670000	0.000000	0.003428
27.680000	0.000000	0.003411
27.690000	0.000000	0.003393
27.700000	0.000000	0.003376
27.710000	0.000000	0.003358
27.720000	0.000000	0.003341
27.730000	0.000000	0.003323
27.740000	0.000000	0.003306
27.750000	0.000000	0.003289
27.760000	0.000000	0.003272
27.770000	0.000000	0.003254
27.780000	0.000000	0.003237
27.790000	0.000000	0.003220
27.800000	0.000000	0.003203
27.810000	0.000000	0.003185
27.820000	0.000000	0.003169
27.830000	0.000000	0.003152
27.840000	0.000000	0.003135
27.850000	0.000000	0.003118
27.860000	0.000000	0.003101
27.870000	0.000000	0.003084
27.880000	0.000000	0.003067
27.890000	0.000000	0.003051
27.900000	0.000000	0.003036
27.910000	0.000000	0.003023
27.920000	0.000000	0.003009
27.930000	0.000000	0.002995
27.940000	0.000000	0.002981
27.950000	0.000000	0.002967
27.960000	0.000000	0.002954
27.970000	0.000000	0.002939
27.980000	0.000000	0.002925
27.990000	0.000000	0.002912
28.000000	0.000000	0.002898
28.010000	0.000000	0.002884
28.020000	0.000000	0.002870
28.030000	0.000000	0.002857
28.040000	0.000000	0.002843
28.050000	0.000000	0.002829
28.060000	0.000000	0.002816
28.070000	0.000000	0.002802
28.080000	0.000000	0.002788
28.090000	0.000000	0.002774
28.100000	0.000000	0.002761
28.110000	0.000000	0.002747
28.120000	0.000000	0.002733
28.130000	0.000000	0.002720
28.140000	0.000000	0.002705
28.150000	0.000000	0.002692
28.160000	0.000000	0.002678
28.170000	0.000000	0.002664
28.180000	0.000000	0.002651
28.190000	0.000000	0.002637
28.200000	0.000000	0.002624
28.210000	0.000000	0.002610
28.220000	0.000000	0.002596
28.230000	0.000000	0.002583
28.240000	0.000000	0.002569
28.250000	0.000000	0.002556
28.260000	0.000000	0.002542
28.270000	0.000000	0.002528
28.280000	0.000000	0.002515
28.290000	0.000000	0.002501
28.300000	0.000000	0.002487
28.310000	0.000000	0.002473
28.320000	0.000000	0.002459
28.330000	0.000000	0.002446
28.340000	0.000000	0.002432
28.350000	0.000000	0.002419
28.360000	0.000000	0.002405
28.370000	0.000000	0.002392
28.380000	0.000000	0.002378
28.390000	0.000000	0.002364
28.400000	0.000000	0.002351
28.410000	0.000000	0.002337
28.420000	0.000000	0.002324
28.430000	0.000000	0.002312
28.440000	0.000000	0.002300
28.450000	0.000000	0.002288
28.460000	0.000000	0.002276
28.470000	0.000000	0.002264
28.480000	0.000000	0.002252
28.490000	0.000000	0.002241
28.500000	0.000000	0.002229
28.510000	0.000000	0.002217
28.520000	0.000000	0.002206
28.530000	0.000000	0.002195
28.540000	0.000000	0.002183
28.550000	0.000000	0.002172
28.560000	0.000000	0.002161
28.570000	0.000000	0.002149
28.580000	0.000000	0.002138
28.590000	0.000000	0.002127
28.600000	0.000000	0.002115
28.610000	0.000000	0.002104
28.620000	0.000000	0.002093
28.630000	0.000000	0.002081
28.640000	0.000000	0.002070
28.650000	0.000000	0.002059
28.660000	0.000000	0.002049
28.670000	0.000000	0.002040
28.680000	0.000000	0.002031
28.690000	0.000000	0.002022
28.700000	0.000000	0.002012
28.710000	0.000000	0.002003
28.720000	0.000000	0.001994
28.730000	0.000000	0.001985
28.740000	0.000000	0.001976
28.750000	0.000000	0.001966
28.760000	0.000000	0.001957
28.770000	0.000000	0.001948
28.780000	0.000000	0.001939
28.790000	0.000000	0.001930
28.800000	0.000000	0.001921
28.810000	0.000000	0.001911
28.820000	0.000000	0.001902
28.830000	0.000000	0.001892
28.840000	0.000000	0.001883
28.850000	0.000000	0.001874
28.860000	0.000000	0.001865
28.870000	0.000000	0.001856
28.880000	0.000000	0.001846
28.890000	0.000000	0.001837
28.900000	0.000000	0.001828
28.910000	0.000000	0.001819
28.920000	0.000000	0.001810
28.930000	0.000000	0.001801
28.940000	0.000000	0.001792
28.950000	0.000000	0.001782
28.960000	0.000000	0.001773
28.970000	0.000000	0.001764
28.980000	0.000000	0.001755
28.990000	0.000000	0.001745
29.000000	0.000000	0.001736
29.010000	0.000000	0.001727
29.020000	0.000000	0.001718
29.030000	0.000000	0.001709
29.040000	0.000000	0.001700
29.050000	0.000000	0.001691
29.060000	0.000000	0.001682
29.070000	0.000000	0.001673
29.080000	0.000000	0.001663
29.090000	0.000000	0.001654
29.100000	0.000000	0.001645
29.110000	0.000000	0.001636
29.120000	0.000000	0.001627
29.130000	0.000000	0.001618
29.140000	0.000000	0.001609
29.150000	0.000000	0.001599
29.160000	0.000000	0.001590
29.170000	0.000000	0.001581
29.180000	0.000000	0.001572
29.190000	0.000000	0.001563
29.200000	0.000000	0.001554
29.210000	0.000000	0.001545
29.220000	0.000000	0.001536
29.230000	0.000000	0.001528
29.240000	0.000000	0.001520
29.250000	0.000000	0.001512
29.260000	0.000000	0.001505
29.270000	0.000000	0.001497
29.280000	0.000000	0.001489
29.290000	0.000000	0.001482
29.300000	0.000000	0.001474
29.310000	0.000000	0.001466
29.320000	0.000000	0.001458
29.330000	0.000000	0.001451
29.340000	0.000000	0.001443
29.350000	0.000000	0.001436
29.360000	0.000000	0.001428
29.370000	0.000000	0.001420
29.380000	0.000000	0.001413
29.390000	0.000000	0.001405
29.400000	0.000000	0.001398
29.410000	0.000000	0.001391
29.420000	0.000000	0.001384
29.430000	0.000000	0.001378
29.440000	0.000000	0.001372
29.450000	0.000000	0.001366
29.460000	0.000000	0.001360
29.470000	0.000000	0.001354
29.480000	0.000000	0.001347
29.490000	0.000000	0.001341
29.500000	0.000000	0.001335
29.510000	0.000000	0.001329
29.520000	0.000000	0.001322
29.530000	0.000000	0.001316
29.540000	0.000000	0.001310
29.550000	0.000000	0.001304
29.560000	0.000000	0.001298
29.570000	0.000000	0.001292
29.580000	0.000000	0.001286
29.590000	0.000000	0.001279
29.600000	0.000000	0.001273
29.610000	0.000000	0.001267
29.620000	0.000000	0.001261
29.630000	0.000000	0.001255
29.640000	0.000000	0.001249
29.650000	0.000000	0.001242
29.660000	0.000000	0.001236
29.670000	0.000000	0.001230
29.680000	0.000000	0.001224
29.690000	0.000000	0.001217
29.700000	0.000000	0.001211
29.710000	0.000000	0.001205
29.720000	0.000000	0.001199
29.730000	0.000000	0.001193
29.740000	0.000000	0.001187
29.750000	0.000000	0.001181
29.760000	0.000000	0.001175
29.770000	0.000000	0.001169
29.780000	0.000000	0.001162
29.790000	0.000000	0.001156
29.800000	0.000000	0.001150
29.810000	0.000000	0.001144
29.820000	0.000000	0.001138
29.830000	0.000000	0.001132
29.840000	0.000000	0.001125
29.850000	0.000000	0.001119
29.860000	0.000000	0.001113
29.870000	0.000000	0.001107
29.880000	0.000000	0.001101
29.890000	0.000000	0.001095
29.900000	0.000000	0.001089
29.910000	0.000000	0.001083
29.920000	0.000000	0.001077
29.930000	0.000000	0.001071
29.940000	0.000000	0.001065
29.950000	0.000000	0.001059
29.960000	0.000000	0.001053
29.970000	0.000000	0.001047
29.980000	0.000000	0.001040
29.990000	0.000000	0.001034
30.000000	0.000000	0.001028
30.010000	0.000000	0.001022
30.020000	0.000000	0.001016
30.030000	0.000000	0.001011
30.040000	0.000000	0.001006
30.050000	0.000000	0.001001
30.060000	0.000000	0.000995
30.070000	0.000000	0.000990
30.080000	0.000000	0.000985
30.090000	0.000000	0.000980
