0.100000	0.000000	4271647.028634
0.110000	0.000000	4981848.269057
0.120000	0.000000	2266709.802455
0.130000	0.000000	3060238.130184
0.140000	0.000000	1242094.560378
0.150000	0.000000	491335.115444
0.160000	0.000000	417513.787114
0.170000	0.000000	372591.306773
0.180000	0.000000	417185.595054
0.190000	0.000000	410983.184080
0.200000	0.000000	353546.979026
0.210000	0.000000	367331.056685
0.220000	0.000000	321908.857398
0.230000	0.000000	377574.546661
0.240000	0.000000	409742.611206
0.250000	0.000000	322899.767959
0.260000	0.000000	449271.205663
0.270000	0.000000	220937.835710
0.280000	0.000000	354774.730632
0.290000	0.000000	226453.343420
0.300000	0.000000	244605.066520
0.310000	0.000000	183873.169969
0.320000	0.000000	169190.199478
0.330000	0.000000	187423.306405
0.340000	0.000000	167286.930374
0.350000	0.000000	142761.589349
0.360000	0.000000	198777.220191
0.370000	0.000000	221607.257251
0.380000	0.000000	125733.522295
0.390000	0.000000	138599.690808
0.400000	0.000000	115418.235068
0.410000	0.000000	103417.073328
0.420000	0.000000	110963.720771
0.430000	0.000000	109939.564037
0.440000	0.000000	89265.879973
0.450000	0.000000	93291.303140
0.460000	0.000000	81137.005408
0.470000	0.000000	80841.045443
0.480000	0.000000	74232.545170
0.490000	0.000000	124033.545568
0.500000	0.000000	99822.472420
0.510000	0.000000	63117.812074
0.520000	0.000000	67036.143150
0.530000	0.000000	67458.144296
0.540000	0.000000	58280.339779
0.550000	0.000000	60986.529168
0.560000	0.000000	77669.040973
0.570000	0.000000	84595.614778
0.580000	0.000000	58672.226918
0.590000	0.000000	58464.822009
0.600000	0.000000	47322.389894
0.610000	0.000000	50485.482526
0.620000	0.000000	60846.738162
0.630000	0.000000	51079.456428
0.640000	0.000000	45802.837944
0.650000	0.000000	543151.420896
0.660000	0.000000	316912.626621
0.670000	0.000000	65523.718582
0.680000	0.000000	50072.780547
0.690000	0.000000	156115.066499
0.700000	0.000000	198796.118969
0.710000	0.000000	495013.943891
0.720000	0.000000	1051428.620379
0.730000	0.000000	171530.913135
0.740000	0.000000	551552.902309
0.750000	0.000000	97990.316567
0.760000	0.000000	420161.170098
0.770000	0.000000	875192.062471
0.780000	0.000000	333496.693154
0.790000	0.000000	306053.407892
0.800000	0.000000	457901.624758
0.810000	0.000000	378942.219689
0.820000	0.000000	942030.479939
0.830000	0.000000	585312.953684
0.840000	0.000000	363931.280642
0.850000	0.000000	506081.179878
0.860000	0.000000	745022.013470
0.870000	0.000000	728606.561255
0.880000	0.000000	276530.841330
0.890000	0.000000	324101.090750
0.900000	0.000000	447216.924867
0.910000	0.000000	649806.733898
0.920000	0.000000	362401.353037
0.930000	0.000000	154134.101084
0.940000	0.000000	166643.180557
0.950000	0.000000	235083.828477
0.960000	0.000000	316540.732393
0.970000	0.000000	133042.668152
0.980000	0.000000	95619.479742
0.990000	0.000000	150560.226353
1.000000	0.000000	215210.541001
1.010000	0.000000	331410.304250
1.020000	0.000000	229299.419950
1.030000	0.000000	45293.917744
1.040000	0.000000	53280.121085
1.050000	0.000000	58079.644005
1.060000	0.000000	52069.955341
1.070000	0.000000	118601.860664
1.080000	0.000000	101842.343355
1.090000	0.000000	105688.296020
1.100000	0.000000	75562.071230
1.110000	0.000000	62790.964914
1.120000	0.000000	57711.499470
1.130000	0.000000	31363.652247
1.140000	0.000000	79076.698501
1.150000	0.000000	55072.814906
1.160000	0.000000	77739.019892
1.170000	0.000000	78870.994795
1.180000	0.000000	53475.488028
1.190000	0.000000	35890.223893
1.200000	0.000000	35970.951573
1.210000	0.000000	40096.415367
1.220000	0.000000	28967.870668
1.230000	0.000000	22693.859057
1.240000	0.000000	23755.792950
1.250000	0.000000	29119.584983
1.260000	0.000000	18472.445626
1.270000	0.000000	44028.149284
1.280000	0.000000	14845.224968
1.290000	0.000000	13735.546966
1.300000	0.000000	17883.282163
1.310000	0.000000	20203.206339
1.320000	0.000000	14986.382659
1.330000	0.000000	14956.626670
1.340000	0.000000	17627.620819
1.350000	0.000000	14732.253216
1.360000	0.000000	12693.070606
1.370000	0.000000	12420.228245
1.380000	0.000000	9108.967250
1.390000	0.000000	9098.850666
1.400000	0.000000	10042.918445
1.410000	0.000000	7982.805461
1.420000	0.000000	8561.931078
1.430000	0.000000	8320.896817
1.440000	0.000000	9581.859463
1.450000	0.000000	6747.136668
1.460000	0.000000	6816.137393
1.470000	0.000000	6220.484401
1.480000	0.000000	6460.163672
1.490000	0.000000	6154.230925
1.500000	0.000000	5738.162964
1.510000	0.000000	5599.866475
1.520000	0.000000	5639.701733
1.530000	0.000000	5508.897772
1.540000	0.000000	5216.311623
1.550000	0.000000	5025.551906
1.560000	0.000000	4922.200005
1.570000	0.000000	4931.836594
1.580000	0.000000	4744.733962
1.590000	0.000000	4631.144223
1.600000	0.000000	4723.593031
1.610000	0.000000	4620.764867
1.620000	0.000000	4361.384397
1.630000	0.000000	4244.517946
1.640000	0.000000	4158.828012
1.650000	0.000000	4196.403468
1.660000	0.000000	4049.177136
1.670000	0.000000	3918.696923
1.680000	0.000000	3842.058587
1.690000	0.000000	3761.990328
1.700000	0.000000	3685.211617
1.710000	0.000000	3613.340114
1.720000	0.000000	3535.448341
1.730000	0.000000	3466.990151
1.740000	0.000000	3400.051445
1.750000	0.000000	3345.830295
1.760000	0.000000	3261.052508
1.770000	0.000000	3194.886627
1.780000	0.000000	3126.771978
1.790000	0.000000	3066.265559
1.800000	0.000000	3014.488726
1.810000	0.000000	2949.694901
1.820000	0.000000	2891.520674
1.830000	0.000000	2835.725600
1.840000	0.000000	2780.235452
1.850000	0.000000	2725.056161
1.860000	0.000000	2670.158031
1.870000	0.000000	2618.121716
1.880000	0.000000	2569.681822
1.890000	0.000000	2522.055794
1.900000	0.000000	2475.052976
1.910000	0.000000	2428.018065
1.920000	0.000000	2381.243426
1.930000	0.000000	2335.192164
1.940000	0.000000	2290.672792
1.950000	0.000000	2245.303577
1.960000	0.000000	2201.943878
1.970000	0.000000	2158.682028
1.980000	0.000000	2115.674381
1.990000	0.000000	2073.210933
2.000000	0.000000	2031.913083
2.010000	0.000000	1991.718866
2.020000	0.000000	1952.384412
2.030000	0.000000	1914.626222
2.040000	0.000000	1878.130346
2.050000	0.000000	1842.182957
2.060000	0.000000	1808.333802
2.070000	0.000000	1777.227483
2.080000	0.000000	1745.304781
2.090000	0.000000	1713.921855
2.100000	0.000000	1682.978822
2.110000	0.000000	1653.025713
2.120000	0.000000	1833.178591
2.130000	0.000000	1701.918240
2.140000	0.000000	1661.568098
2.150000	0.000000	1799.909619
2.160000	0.000000	1593.704228
2.170000	0.000000	1474.355520
2.180000	0.000000	1445.753443
2.190000	0.000000	1417.262018
2.200000	0.000000	1388.846271
2.210000	0.000000	1360.774699
2.220000	0.000000	1333.305521
2.230000	0.000000	1306.491825
2.240000	0.000000	1280.952679
2.250000	0.000000	1257.674186
2.260000	0.000000	1236.874160
2.270000	0.000000	1219.578209
2.280000	0.000000	1196.178418
2.290000	0.000000	1176.352969
2.300000	0.000000	1185.764099
2.310000	0.000000	1137.822695
2.320000	0.000000	1111.164100
2.330000	0.000000	1091.764269
2.340000	0.000000	1072.653355
2.350000	0.000000	1053.579589
2.360000	0.000000	1034.512049
2.370000	0.000000	1015.449114
2.380000	0.000000	996.393436
2.390000	0.000000	977.391605
2.400000	0.000000	958.486971
2.410000	0.000000	939.607109
2.420000	0.000000	920.756269
2.430000	0.000000	902.088529
2.440000	0.000000	883.932750
2.450000	0.000000	866.099364
2.460000	0.000000	859.741754
2.470000	0.000000	838.857578
2.480000	0.000000	823.260641
2.490000	0.000000	809.214914
2.500000	0.000000	795.397613
2.510000	0.000000	803.991759
2.520000	0.000000	783.829447
2.530000	0.000000	754.928003
2.540000	0.000000	742.132500
2.550000	0.000000	729.374555
2.560000	0.000000	716.700429
2.570000	0.000000	704.984555
2.580000	0.000000	694.574526
2.590000	0.000000	679.446810
2.600000	0.000000	666.150245
2.610000	0.000000	653.241716
2.620000	0.000000	639.998031
2.630000	0.000000	629.161576
2.640000	0.000000	625.095928
2.650000	0.000000	605.321375
2.660000	0.000000	592.034682
2.670000	0.000000	581.358446
2.680000	0.000000	570.931799
2.690000	0.000000	561.725782
2.700000	0.000000	554.830883
2.710000	0.000000	545.641701
2.720000	0.000000	534.706431
2.730000	0.000000	528.355043
2.740000	0.000000	539.681138
2.750000	0.000000	583.867792
2.760000	0.000000	535.744988
2.770000	0.000000	551.619065
2.780000	0.000000	655.009838
2.790000	0.000000	478.463323
2.800000	0.000000	464.677398
2.810000	0.000000	456.165067
2.820000	0.000000	447.859463
2.830000	0.000000	439.486896
2.840000	0.000000	431.119677
2.850000	0.000000	422.804566
2.860000	0.000000	414.891279
2.870000	0.000000	407.792932
2.880000	0.000000	400.583516
2.890000	0.000000	392.892156
2.900000	0.000000	385.800716
2.910000	0.000000	378.911458
2.920000	0.000000	372.738317
2.930000	0.000000	366.831255
2.940000	0.000000	360.814642
2.950000	0.000000	355.262783
2.960000	0.000000	350.246528
2.970000	0.000000	342.859364
2.980000	0.000000	337.156572
2.990000	0.000000	331.431267
3.000000	0.000000	325.933987
3.010000	0.000000	320.166284
3.020000	0.000000	314.398530
3.030000	0.000000	311.835343
3.040000	0.000000	308.021937
3.050000	0.000000	299.880429
3.060000	0.000000	292.172338
3.070000	0.000000	289.847987
3.080000	0.000000	294.149445
3.090000	0.000000	394.849246
3.100000	0.000000	987.925666
3.110000	0.000000	418.140984
3.120000	0.000000	670.437664
3.130000	0.000000	1336.788950
3.140000	0.000000	380.132033
3.150000	0.000000	248.135434
3.160000	0.000000	243.803786
3.170000	0.000000	240.097203
3.180000	0.000000	236.616184
3.190000	0.000000	232.694286
3.200000	0.000000	232.417463
3.210000	0.000000	229.368249
3.220000	0.000000	221.696492
3.230000	0.000000	217.467055
3.240000	0.000000	213.676161
3.250000	0.000000	210.070812
3.260000	0.000000	207.930578
3.270000	0.000000	212.526713
3.280000	0.000000	200.548234
3.290000	0.000000	195.958050
3.300000	0.000000	192.524499
3.310000	0.000000	191.175756
3.320000	0.000000	189.345849
3.330000	0.000000	183.057343
3.340000	0.000000	178.684354
3.350000	0.000000	177.224032
3.360000	0.000000	173.965440
3.370000	0.000000	169.585872
3.380000	0.000000	166.367931
3.390000	0.000000	163.720618
3.400000	0.000000	161.166330
3.410000	0.000000	158.769823
3.420000	0.000000	156.332513
3.430000	0.000000	155.218579
3.440000	0.000000	154.392885
3.450000	0.000000	149.201960
3.460000	0.000000	146.556912
3.470000	0.000000	161.927578
3.480000	0.000000	146.004836
3.490000	0.000000	145.677429
3.500000	0.000000	153.955679
3.510000	0.000000	141.599929
3.520000	0.000000	131.912839
3.530000	0.000000	129.199382
3.540000	0.000000	127.016260
3.550000	0.000000	125.112121
3.560000	0.000000	123.083089
3.570000	0.000000	121.006352
3.580000	0.000000	120.356050
3.590000	0.000000	118.855011
3.600000	0.000000	121.738805
3.610000	0.000000	165.732881
3.620000	0.000000	123.326191
3.630000	0.000000	109.107379
3.640000	0.000000	107.500017
3.650000	0.000000	105.201316
3.660000	0.000000	103.462473
3.670000	0.000000	104.240901
3.680000	0.000000	138.531978
3.690000	0.000000	121.574409
3.700000	0.000000	96.834474
3.710000	0.000000	95.131858
3.720000	0.000000	93.546684
3.730000	0.000000	92.109498
3.740000	0.000000	90.753936
3.750000	0.000000	89.302466
3.760000	0.000000	87.659862
3.770000	0.000000	87.811557
3.780000	0.000000	103.295182
3.790000	0.000000	93.838792
3.800000	0.000000	84.990755
3.810000	0.000000	82.504163
3.820000	0.000000	79.247447
3.830000	0.000000	78.374167
3.840000	0.000000	85.859185
3.850000	0.000000	159.728957
3.860000	0.000000	201.761952
3.870000	0.000000	163.651120
3.880000	0.000000	127.340766
3.890000	0.000000	169.339142
3.900000	0.000000	178.926859
3.910000	0.000000	67.838585
3.920000	0.000000	66.775691
3.930000	0.000000	65.876269
3.940000	0.000000	64.489992
3.950000	0.000000	63.536153
3.960000	0.000000	69.327652
3.970000	0.000000	61.802292
3.980000	0.000000	60.453009
3.990000	0.000000	59.479147
4.000000	0.000000	61.019702
4.010000	0.000000	58.570005
4.020000	0.000000	56.651003
4.030000	0.000000	56.756738
4.040000	0.000000	56.304754
4.050000	0.000000	55.097731
4.060000	0.000000	53.969566
4.070000	0.000000	52.616428
4.080000	0.000000	51.413231
4.090000	0.000000	50.093718
4.100000	0.000000	49.351651
4.110000	0.000000	48.608130
4.120000	0.000000	48.801178
4.130000	0.000000	47.128464
4.140000	0.000000	46.460074
4.150000	0.000000	45.643811
4.160000	0.000000	44.879989
4.170000	0.000000	44.149090
4.180000	0.000000	43.465406
4.190000	0.000000	42.804098
4.200000	0.000000	42.144374
4.210000	0.000000	41.485973
4.220000	0.000000	40.829152
4.230000	0.000000	40.370490
4.240000	0.000000	39.949214
4.250000	0.000000	38.994488
4.260000	0.000000	38.237742
4.270000	0.000000	37.634329
4.280000	0.000000	36.936656
4.290000	0.000000	36.274484
4.300000	0.000000	35.629961
4.310000	0.000000	35.037277
4.320000	0.000000	34.426450
4.330000	0.000000	34.240121
4.340000	0.000000	33.453202
4.350000	0.000000	32.755460
4.360000	0.000000	32.228308
4.370000	0.000000	31.693982
4.380000	0.000000	31.164368
4.390000	0.000000	30.665036
4.400000	0.000000	30.171013
4.410000	0.000000	29.700833
4.420000	0.000000	29.280901
4.430000	0.000000	28.904451
4.440000	0.000000	28.376996
4.450000	0.000000	27.944745
4.460000	0.000000	27.714149
4.470000	0.000000	27.242838
4.480000	0.000000	27.775190
4.490000	0.000000	26.462425
4.500000	0.000000	36.346601
4.510000	0.000000	31.100171
4.520000	0.000000	25.856403
4.530000	0.000000	24.676801
4.540000	0.000000	24.195559
4.550000	0.000000	23.628382
4.560000	0.000000	23.238105
4.570000	0.000000	25.241967
4.580000	0.000000	27.620050
4.590000	0.000000	22.079374
4.600000	0.000000	21.722036
4.610000	0.000000	21.378648
4.620000	0.000000	21.064261
4.630000	0.000000	20.678475
4.640000	0.000000	20.351219
4.650000	0.000000	20.104612
4.660000	0.000000	19.755222
4.670000	0.000000	19.448489
4.680000	0.000000	19.352003
4.690000	0.000000	19.271494
4.700000	0.000000	19.497825
4.710000	0.000000	20.643328
4.720000	0.000000	21.126914
4.730000	0.000000	19.984565
4.740000	0.000000	18.580185
4.750000	0.000000	17.669183
4.760000	0.000000	17.289928
4.770000	0.000000	16.531428
4.780000	0.000000	16.258266
4.790000	0.000000	15.990353
4.800000	0.000000	15.715152
4.810000	0.000000	15.603184
4.820000	0.000000	18.790394
4.830000	0.000000	16.124198
4.840000	0.000000	14.824212
4.850000	0.000000	14.738305
4.860000	0.000000	14.370320
4.870000	0.000000	13.978600
4.880000	0.000000	13.760536
4.890000	0.000000	13.560541
4.900000	0.000000	13.362223
4.910000	0.000000	13.164164
4.920000	0.000000	13.141635
4.930000	0.000000	13.348778
4.940000	0.000000	12.573194
4.950000	0.000000	12.376736
4.960000	0.000000	12.180917
4.970000	0.000000	11.974933
4.980000	0.000000	12.078145
4.990000	0.000000	11.630812
5.000000	0.000000	11.393980
5.010000	0.000000	11.205179
5.020000	0.000000	11.145874
5.030000	0.000000	10.910529
5.040000	0.000000	10.724071
5.050000	0.000000	10.571172
5.060000	0.000000	10.351680
5.070000	0.000000	10.168125
5.080000	0.000000	9.999658
5.090000	0.000000	9.802094
5.100000	0.000000	9.647773
5.110000	0.000000	9.486282
5.120000	0.000000	9.343012
5.130000	0.000000	9.223353
5.140000	0.000000	9.090000
5.150000	0.000000	8.968756
5.160000	0.000000	8.836146
5.170000	0.000000	8.694002
5.180000	0.000000	8.560561
5.190000	0.000000	8.429584
5.200000	0.000000	8.297014
5.210000	0.000000	8.161405
5.220000	0.000000	8.028416
5.230000	0.000000	7.898671
5.240000	0.000000	7.768426
5.250000	0.000000	7.640792
5.260000	0.000000	7.516838
5.270000	0.000000	7.394754
5.280000	0.000000	7.272793
5.290000	0.000000	7.152864
5.300000	0.000000	7.030824
5.310000	0.000000	6.910044
5.320000	0.000000	6.792129
5.330000	0.000000	6.677484
5.340000	0.000000	6.570119
5.350000	0.000000	6.465398
5.360000	0.000000	6.367548
5.370000	0.000000	6.271765
5.380000	0.000000	6.176937
5.390000	0.000000	6.085626
5.400000	0.000000	5.997104
5.410000	0.000000	5.909719
5.420000	0.000000	5.823697
5.430000	0.000000	5.737771
5.440000	0.000000	5.652034
5.450000	0.000000	5.570719
5.460000	0.000000	5.502155
5.470000	0.000000	5.401749
5.480000	0.000000	5.298779
5.490000	0.000000	5.322105
5.500000	0.000000	5.197224
5.510000	0.000000	5.065432
5.520000	0.000000	4.970282
5.530000	0.000000	4.940603
5.540000	0.000000	4.854542
5.550000	0.000000	4.732678
5.560000	0.000000	4.649709
5.570000	0.000000	4.621214
5.580000	0.000000	4.565221
5.590000	0.000000	4.413901
5.600000	0.000000	4.361505
5.610000	0.000000	4.354616
5.620000	0.000000	4.275869
5.630000	0.000000	4.319829
5.640000	0.000000	4.174044
5.650000	0.000000	4.067803
5.660000	0.000000	3.993811
5.670000	0.000000	3.965666
5.680000	0.000000	3.871300
5.690000	0.000000	3.790960
5.700000	0.000000	3.729598
5.710000	0.000000	3.671143
5.720000	0.000000	3.612684
5.730000	0.000000	3.554796
5.740000	0.000000	3.497809
5.750000	0.000000	3.449574
5.760000	0.000000	3.408415
5.770000	0.000000	3.344061
5.780000	0.000000	3.284567
5.790000	0.000000	3.227141
5.800000	0.000000	3.176477
5.810000	0.000000	3.116473
5.820000	0.000000	3.063626
5.830000	0.000000	3.011267
5.840000	0.000000	2.962177
5.850000	0.000000	2.918239
5.860000	0.000000	2.878838
5.870000	0.000000	2.835646
5.880000	0.000000	2.799483
5.890000	0.000000	2.756907
5.900000	0.000000	2.710984
5.910000	0.000000	2.674449
5.920000	0.000000	2.634179
5.930000	0.000000	2.593221
5.940000	0.000000	2.555561
5.950000	0.000000	2.522462
5.960000	0.000000	2.477730
5.970000	0.000000	2.433118
5.980000	0.000000	2.402986
5.990000	0.000000	2.366720
6.000000	0.000000	2.322015
6.010000	0.000000	2.282845
6.020000	0.000000	2.253035
6.030000	0.000000	2.219126
6.040000	0.000000	2.176203
6.050000	0.000000	2.137381
6.060000	0.000000	2.107546
6.070000	0.000000	2.073160
6.080000	0.000000	2.031794
6.090000	0.000000	1.997809
6.100000	0.000000	1.970038
6.110000	0.000000	1.945767
6.120000	0.000000	1.917028
6.130000	0.000000	1.887257
6.140000	0.000000	1.855235
6.150000	0.000000	1.826566
6.160000	0.000000	1.798229
6.170000	0.000000	1.772922
6.180000	0.000000	1.745212
6.190000	0.000000	1.718535
6.200000	0.000000	1.692457
6.210000	0.000000	1.666121
6.220000	0.000000	1.640170
6.230000	0.000000	1.614338
6.240000	0.000000	1.588914
6.250000	0.000000	1.564660
6.260000	0.000000	1.540560
6.270000	0.000000	1.516387
6.280000	0.000000	1.492413
6.290000	0.000000	1.467388
6.300000	0.000000	1.442534
6.310000	0.000000	1.418100
6.320000	0.000000	1.397066
6.330000	0.000000	1.376510
6.340000	0.000000	1.350774
6.350000	0.000000	1.329048
6.360000	0.000000	1.309455
6.370000	0.000000	1.290569
6.380000	0.000000	1.271968
6.390000	0.000000	1.255220
6.400000	0.000000	1.250581
6.410000	0.000000	1.574840
6.420000	0.000000	2.350807
6.430000	0.000000	2.498701
6.440000	0.000000	1.394032
6.450000	0.000000	1.841277
6.460000	0.000000	2.728961
6.470000	0.000000	2.409211
6.480000	0.000000	1.366629
6.490000	0.000000	4.932335
6.500000	0.000000	4.819187
6.510000	0.000000	2.079688
6.520000	0.000000	1.339537
6.530000	0.000000	2.217301
6.540000	0.000000	2.247420
6.550000	0.000000	1.499067
6.560000	0.000000	1.084948
6.570000	0.000000	1.514518
6.580000	0.000000	1.806285
6.590000	0.000000	1.227630
6.600000	0.000000	1.101965
6.610000	0.000000	1.232065
6.620000	0.000000	1.136182
6.630000	0.000000	0.924274
6.640000	0.000000	0.946719
6.650000	0.000000	1.018915
6.660000	0.000000	0.904728
6.670000	0.000000	0.888760
6.680000	0.000000	0.829192
6.690000	0.000000	0.810937
6.700000	0.000000	0.825453
6.710000	0.000000	0.792503
6.720000	0.000000	0.754119
6.730000	0.000000	0.738186
6.740000	0.000000	0.726876
6.750000	0.000000	0.715803
6.760000	0.000000	0.704861
6.770000	0.000000	0.693821
6.780000	0.000000	0.682852
6.790000	0.000000	0.671878
6.800000	0.000000	0.660923
6.810000	0.000000	0.649782
6.820000	0.000000	0.638876
6.830000	0.000000	0.628439
6.840000	0.000000	0.618728
6.850000	0.000000	0.609140
6.860000	0.000000	0.599665
6.870000	0.000000	0.590806
6.880000	0.000000	0.582273
6.890000	0.000000	0.573783
6.900000	0.000000	0.566969
6.910000	0.000000	0.558981
6.920000	0.000000	0.548651
6.930000	0.000000	0.540564
6.940000	0.000000	0.532111
6.950000	0.000000	0.524586
6.960000	0.000000	0.516170
6.970000	0.000000	0.508293
6.980000	0.000000	0.500154
6.990000	0.000000	0.492369
7.000000	0.000000	0.485015
7.010000	0.000000	0.477662
7.020000	0.000000	0.470600
7.030000	0.000000	0.463084
7.040000	0.000000	0.455646
7.050000	0.000000	0.448895
7.060000	0.000000	0.441695
7.070000	0.000000	0.434183
7.080000	0.000000	0.427002
7.090000	0.000000	0.420054
7.100000	0.000000	0.413732
7.110000	0.000000	0.407586
7.120000	0.000000	0.401118
7.130000	0.000000	0.395126
7.140000	0.000000	0.389468
7.150000	0.000000	0.383471
7.160000	0.000000	0.377888
7.170000	0.000000	0.373035
7.180000	0.000000	0.367712
7.190000	0.000000	0.381686
7.200000	0.000000	0.363752
7.210000	0.000000	0.350137
7.220000	0.000000	0.344874
7.230000	0.000000	0.339626
7.240000	0.000000	0.334464
7.250000	0.000000	0.330070
7.260000	0.000000	0.330267
7.270000	0.000000	0.330877
7.280000	0.000000	0.315504
7.290000	0.000000	0.310113
7.300000	0.000000	0.304888
7.310000	0.000000	0.300003
7.320000	0.000000	0.294762
7.330000	0.000000	0.290149
7.340000	0.000000	0.288854
7.350000	0.000000	0.288332
7.360000	0.000000	0.280000
7.370000	0.000000	0.273293
7.380000	0.000000	0.268570
7.390000	0.000000	0.264495
7.400000	0.000000	0.260659
7.410000	0.000000	0.257547
7.420000	0.000000	0.256738
7.430000	0.000000	0.255408
7.440000	0.000000	0.248530
7.450000	0.000000	0.243115
7.460000	0.000000	0.239188
7.470000	0.000000	0.234597
7.480000	0.000000	0.231217
7.490000	0.000000	0.233566
7.500000	0.000000	0.226716
7.510000	0.000000	0.230857
7.520000	0.000000	0.224346
7.530000	0.000000	0.218666
7.540000	0.000000	0.216121
7.550000	0.000000	0.211279
7.560000	0.000000	0.205329
7.570000	0.000000	0.201444
7.580000	0.000000	0.198741
7.590000	0.000000	0.195363
7.600000	0.000000	0.191765
7.610000	0.000000	0.188955
7.620000	0.000000	0.187336
7.630000	0.000000	0.186017
7.640000	0.000000	0.180323
7.650000	0.000000	0.177276
7.660000	0.000000	0.174626
7.670000	0.000000	0.172081
7.680000	0.000000	0.169614
7.690000	0.000000	0.167042
7.700000	0.000000	0.164484
7.710000	0.000000	0.161987
7.720000	0.000000	0.161142
7.730000	0.000000	0.158517
7.740000	0.000000	0.154959
7.750000	0.000000	0.152749
7.760000	0.000000	0.150944
7.770000	0.000000	0.150282
7.780000	0.000000	0.151671
7.790000	0.000000	0.152819
7.800000	0.000000	0.147081
7.810000	0.000000	0.140066
7.820000	0.000000	0.138529
7.830000	0.000000	0.136309
7.840000	0.000000	0.132665
7.850000	0.000000	0.130874
7.860000	0.000000	0.128591
7.870000	0.000000	0.126611
7.880000	0.000000	0.124615
7.890000	0.000000	0.122644
7.900000	0.000000	0.120754
7.910000	0.000000	0.118953
7.920000	0.000000	0.117242
7.930000	0.000000	0.115543
7.940000	0.000000	0.113850
7.950000	0.000000	0.112160
7.960000	0.000000	0.110513
7.970000	0.000000	0.109090
7.980000	0.000000	0.107083
7.990000	0.000000	0.105371
8.000000	0.000000	0.103782
8.010000	0.000000	0.102223
8.020000	0.000000	0.100728
8.030000	0.000000	0.099253
8.040000	0.000000	0.097780
8.050000	0.000000	0.096308
8.060000	0.000000	0.094835
8.070000	0.000000	0.093363
8.080000	0.000000	0.091893
8.090000	0.000000	0.090485
8.100000	0.000000	0.089083
8.110000	0.000000	0.087585
8.120000	0.000000	0.086299
8.130000	0.000000	0.085021
8.140000	0.000000	0.083745
8.150000	0.000000	0.082457
8.160000	0.000000	0.081921
8.170000	0.000000	0.079933
8.180000	0.000000	0.078853
8.190000	0.000000	0.077638
8.200000	0.000000	0.076477
8.210000	0.000000	0.075436
8.220000	0.000000	0.074256
8.230000	0.000000	0.073062
8.240000	0.000000	0.071930
8.250000	0.000000	0.070830
8.260000	0.000000	0.069766
8.270000	0.000000	0.068728
8.280000	0.000000	0.067732
8.290000	0.000000	0.066765
8.300000	0.000000	0.065754
8.310000	0.000000	0.064770
8.320000	0.000000	0.063762
8.330000	0.000000	0.062733
8.340000	0.000000	0.062032
8.350000	0.000000	0.060808
8.360000	0.000000	0.059842
8.370000	0.000000	0.058904
8.380000	0.000000	0.058024
8.390000	0.000000	0.057206
8.400000	0.000000	0.056354
8.410000	0.000000	0.055470
8.420000	0.000000	0.054708
8.430000	0.000000	0.053933
8.440000	0.000000	0.052979
8.450000	0.000000	0.052220
8.460000	0.000000	0.051461
8.470000	0.000000	0.050703
8.480000	0.000000	0.049954
8.490000	0.000000	0.049158
8.500000	0.000000	0.048387
8.510000	0.000000	0.047682
8.520000	0.000000	0.046962
8.530000	0.000000	0.046222
8.540000	0.000000	0.045541
8.550000	0.000000	0.044881
8.560000	0.000000	0.044221
8.570000	0.000000	0.043561
8.580000	0.000000	0.042905
8.590000	0.000000	0.042251
8.600000	0.000000	0.041601
8.610000	0.000000	0.040946
8.620000	0.000000	0.040280
8.630000	0.000000	0.039669
8.640000	0.000000	0.039090
8.650000	0.000000	0.038520
8.660000	0.000000	0.037916
8.670000	0.000000	0.037335
8.680000	0.000000	0.036766
8.690000	0.000000	0.036204
8.700000	0.000000	0.035661
8.710000	0.000000	0.035159
8.720000	0.000000	0.034643
8.730000	0.000000	0.034127
8.740000	0.000000	0.033619
8.750000	0.000000	0.033111
8.760000	0.000000	0.032603
8.770000	0.000000	0.032097
8.780000	0.000000	0.031602
8.790000	0.000000	0.031131
8.800000	0.000000	0.030682
8.810000	0.000000	0.030239
8.820000	0.000000	0.029803
8.830000	0.000000	0.029331
8.840000	0.000000	0.028884
8.850000	0.000000	0.028443
8.860000	0.000000	0.028001
8.870000	0.000000	0.027560
8.880000	0.000000	0.027130
8.890000	0.000000	0.026723
8.900000	0.000000	0.026333
8.910000	0.000000	0.025949
8.920000	0.000000	0.025565
8.930000	0.000000	0.025183
8.940000	0.000000	0.024802
8.950000	0.000000	0.024418
8.960000	0.000000	0.024043
8.970000	0.000000	0.023693
8.980000	0.000000	0.023353
8.990000	0.000000	0.023009
9.000000	0.000000	0.022650
9.010000	0.000000	0.022310
9.020000	0.000000	0.021970
9.030000	0.000000	0.021631
9.040000	0.000000	0.021294
9.050000	0.000000	0.020973
9.060000	0.000000	0.020668
9.070000	0.000000	0.020371
9.080000	0.000000	0.020076
9.090000	0.000000	0.019780
9.100000	0.000000	0.019485
9.110000	0.000000	0.019190
9.120000	0.000000	0.018894
9.130000	0.000000	0.018599
9.140000	0.000000	0.018309
9.150000	0.000000	0.018037
9.160000	0.000000	0.017766
9.170000	0.000000	0.017497
9.180000	0.000000	0.017241
9.190000	0.000000	0.016984
9.200000	0.000000	0.016728
9.210000	0.000000	0.016472
9.220000	0.000000	0.016217
9.230000	0.000000	0.015975
9.240000	0.000000	0.015745
9.250000	0.000000	0.015517
9.260000	0.000000	0.015290
9.270000	0.000000	0.015062
9.280000	0.000000	0.014835
9.290000	0.000000	0.014608
9.300000	0.000000	0.014381
9.310000	0.000000	0.014157
9.320000	0.000000	0.013948
9.330000	0.000000	0.013742
9.340000	0.000000	0.013538
9.350000	0.000000	0.013341
9.360000	0.000000	0.013143
9.370000	0.000000	0.012945
9.380000	0.000000	0.012747
9.390000	0.000000	0.012550
9.400000	0.000000	0.012357
9.410000	0.000000	0.012173
9.420000	0.000000	0.011995
9.430000	0.000000	0.011820
9.440000	0.000000	0.011648
9.450000	0.000000	0.011476
9.460000	0.000000	0.011305
9.470000	0.000000	0.011133
9.480000	0.000000	0.010962
9.490000	0.000000	0.010792
9.500000	0.000000	0.010626
9.510000	0.000000	0.010472
9.520000	0.000000	0.010319
9.530000	0.000000	0.010167
9.540000	0.000000	0.010015
9.550000	0.000000	0.009863
9.560000	0.000000	0.009711
9.570000	0.000000	0.009559
9.580000	0.000000	0.009415
9.590000	0.000000	0.009278
9.600000	0.000000	0.009146
9.610000	0.000000	0.009014
9.620000	0.000000	0.008881
9.630000	0.000000	0.008749
9.640000	0.000000	0.008617
9.650000	0.000000	0.008484
9.660000	0.000000	0.008353
9.670000	0.000000	0.008222
9.680000	0.000000	0.008102
9.690000	0.000000	0.007984
9.700000	0.000000	0.007868
9.710000	0.000000	0.007753
9.720000	0.000000	0.007638
9.730000	0.000000	0.007523
9.740000	0.000000	0.007408
9.750000	0.000000	0.007294
9.760000	0.000000	0.007184
9.770000	0.000000	0.007079
9.780000	0.000000	0.006977
9.790000	0.000000	0.006875
9.800000	0.000000	0.006773
9.810000	0.000000	0.006671
9.820000	0.000000	0.006570
9.830000	0.000000	0.006466
9.840000	0.000000	0.006361
9.850000	0.000000	0.006267
9.860000	0.000000	0.006177
9.870000	0.000000	0.006089
9.880000	0.000000	0.006000
9.890000	0.000000	0.005912
9.900000	0.000000	0.005823
9.910000	0.000000	0.005735
9.920000	0.000000	0.005647
9.930000	0.000000	0.005563
9.940000	0.000000	0.005483
9.950000	0.000000	0.005403
9.960000	0.000000	0.005324
9.970000	0.000000	0.005247
9.980000	0.000000	0.005170
9.990000	0.000000	0.005093
10.000000	0.000000	0.005014
10.010000	0.000000	0.004934
10.020000	0.000000	0.004857
10.030000	0.000000	0.004785
10.040000	0.000000	0.004716
10.050000	0.000000	0.004648
10.060000	0.000000	0.004580
10.070000	0.000000	0.004512
10.080000	0.000000	0.004443
10.090000	0.000000	0.004375
10.100000	0.000000	0.004308
10.110000	0.000000	0.004242
10.120000	0.000000	0.004180
10.130000	0.000000	0.004120
10.140000	0.000000	0.004060
10.150000	0.000000	0.004001
10.160000	0.000000	0.003942
10.170000	0.000000	0.003880
10.180000	0.000000	0.003819
10.190000	0.000000	0.003763
10.200000	0.000000	0.003709
10.210000	0.000000	0.003655
10.220000	0.000000	0.003602
10.230000	0.000000	0.003550
10.240000	0.000000	0.003498
10.250000	0.000000	0.003446
10.260000	0.000000	0.003395
10.270000	0.000000	0.003343
10.280000	0.000000	0.003292
10.290000	0.000000	0.003241
10.300000	0.000000	0.003193
10.310000	0.000000	0.003147
10.320000	0.000000	0.003101
10.330000	0.000000	0.003056
10.340000	0.000000	0.003008
10.350000	0.000000	0.002961
10.360000	0.000000	0.002916
10.370000	0.000000	0.002871
10.380000	0.000000	0.002828
10.390000	0.000000	0.002787
10.400000	0.000000	0.002747
10.410000	0.000000	0.002707
10.420000	0.000000	0.002667
10.430000	0.000000	0.002628
10.440000	0.000000	0.002588
10.450000	0.000000	0.002550
10.460000	0.000000	0.002513
10.470000	0.000000	0.002477
10.480000	0.000000	0.002441
10.490000	0.000000	0.002405
10.500000	0.000000	0.002370
10.510000	0.000000	0.002334
10.520000	0.000000	0.002299
10.530000	0.000000	0.002265
10.540000	0.000000	0.002230
10.550000	0.000000	0.002196
10.560000	0.000000	0.002162
10.570000	0.000000	0.002130
10.580000	0.000000	0.002100
10.590000	0.000000	0.002069
10.600000	0.000000	0.002038
10.610000	0.000000	0.002008
10.620000	0.000000	0.001977
10.630000	0.000000	0.001947
10.640000	0.000000	0.001918
10.650000	0.000000	0.001889
10.660000	0.000000	0.001861
10.670000	0.000000	0.001834
10.680000	0.000000	0.001806
10.690000	0.000000	0.001780
10.700000	0.000000	0.001753
10.710000	0.000000	0.001727
10.720000	0.000000	0.001702
10.730000	0.000000	0.001678
10.740000	0.000000	0.001654
10.750000	0.000000	0.001629
10.760000	0.000000	0.001606
10.770000	0.000000	0.001583
10.780000	0.000000	0.001560
10.790000	0.000000	0.001537
10.800000	0.000000	0.001513
10.810000	0.000000	0.001490
10.820000	0.000000	0.001467
10.830000	0.000000	0.001445
10.840000	0.000000	0.001423
10.850000	0.000000	0.001402
10.860000	0.000000	0.001381
10.870000	0.000000	0.001361
10.880000	0.000000	0.001340
10.890000	0.000000	0.001320
10.900000	0.000000	0.001300
10.910000	0.000000	0.001281
10.920000	0.000000	0.001262
10.930000	0.000000	0.001243
10.940000	0.000000	0.001225
10.950000	0.000000	0.001207
10.960000	0.000000	0.001190
10.970000	0.000000	0.001172
10.980000	0.000000	0.001155
10.990000	0.000000	0.001139
11.000000	0.000000	0.001123
11.010000	0.000000	0.001106
11.020000	0.000000	0.001089
11.030000	0.000000	0.001074
11.040000	0.000000	0.001058
11.050000	0.000000	0.001043
11.060000	0.000000	0.001027
11.070000	0.000000	0.001012
11.080000	0.000000	0.000996
11.090000	0.000000	0.000981
11.100000	0.000000	0.000966
11.110000	0.000000	0.000952
11.120000	0.000000	0.000938
11.130000	0.000000	0.000924
11.140000	0.000000	0.000910
11.150000	0.000000	0.000897
11.160000	0.000000	0.000883
11.170000	0.000000	0.000870
11.180000	0.000000	0.000856
11.190000	0.000000	0.000843
11.200000	0.000000	0.000831
11.210000	0.000000	0.000819
11.220000	0.000000	0.000807
11.230000	0.000000	0.000795
11.240000	0.000000	0.000783
11.250000	0.000000	0.000772
11.260000	0.000000	0.000762
11.270000	0.000000	0.000751
11.280000	0.000000	0.000740
11.290000	0.000000	0.000729
11.300000	0.000000	0.000719
11.310000	0.000000	0.000708
11.320000	0.000000	0.000698
11.330000	0.000000	0.000687
11.340000	0.000000	0.000677
11.350000	0.000000	0.000666
11.360000	0.000000	0.000656
11.370000	0.000000	0.000646
11.380000	0.000000	0.000636
11.390000	0.000000	0.000627
11.400000	0.000000	0.000618
11.410000	0.000000	0.000609
11.420000	0.000000	0.000599
11.430000	0.000000	0.000590
11.440000	0.000000	0.000582
11.450000	0.000000	0.000573
11.460000	0.000000	0.000564
11.470000	0.000000	0.000556
11.480000	0.000000	0.000548
11.490000	0.000000	0.000540
11.500000	0.000000	0.000532
11.510000	0.000000	0.000524
11.520000	0.000000	0.000517
11.530000	0.000000	0.000509
11.540000	0.000000	0.000502
11.550000	0.000000	0.000495
11.560000	0.000000	0.000488
11.570000	0.000000	0.000481
11.580000	0.000000	0.000474
11.590000	0.000000	0.000467
11.600000	0.000000	0.000460
11.610000	0.000000	0.000453
11.620000	0.000000	0.000446
11.630000	0.000000	0.000439
11.640000	0.000000	0.000432
11.650000	0.000000	0.000426
11.660000	0.000000	0.000420
11.670000	0.000000	0.000414
11.680000	0.000000	0.000407
11.690000	0.000000	0.000401
11.700000	0.000000	0.000395
11.710000	0.000000	0.000389
11.720000	0.000000	0.000383
11.730000	0.000000	0.000378
11.740000	0.000000	0.000372
11.750000	0.000000	0.000367
11.760000	0.000000	0.000361
11.770000	0.000000	0.000356
11.780000	0.000000	0.000351
11.790000	0.000000	0.000346
11.800000	0.000000	0.000341
11.810000	0.000000	0.000337
11.820000	0.000000	0.000332
11.830000	0.000000	0.000327
11.840000	0.000000	0.000322
11.850000	0.000000	0.000317
11.860000	0.000000	0.000313
11.870000	0.000000	0.000308
11.880000	0.000000	0.000303
11.890000	0.000000	0.000299
11.900000	0.000000	0.000294
11.910000	0.000000	0.000289
11.920000	0.000000	0.000285
11.930000	0.000000	0.000281
11.940000	0.000000	0.000277
11.950000	0.000000	0.000273
11.960000	0.000000	0.000269
11.970000	0.000000	0.000265
11.980000	0.000000	0.000261
11.990000	0.000000	0.000257
12.000000	0.000000	0.000253
12.010000	0.000000	0.000249
12.020000	0.000000	0.000245
12.030000	0.000000	0.000242
12.040000	0.000000	0.000238
12.050000	0.000000	0.000235
12.060000	0.000000	0.000232
12.070000	0.000000	0.000229
12.080000	0.000000	0.000225
12.090000	0.000000	0.000222
12.100000	0.000000	0.000219
12.110000	0.000000	0.000216
12.120000	0.000000	0.000213
12.130000	0.000000	0.000210
12.140000	0.000000	0.000206
12.150000	0.000000	0.000203
12.160000	0.000000	0.000200
12.170000	0.000000	0.000197
12.180000	0.000000	0.000194
12.190000	0.000000	0.000191
12.200000	0.000000	0.000188
12.210000	0.000000	0.000185
12.220000	0.000000	0.000183
12.230000	0.000000	0.000180
12.240000	0.000000	0.000177
12.250000	0.000000	0.000175
12.260000	0.000000	0.000172
12.270000	0.000000	0.000170
12.280000	0.000000	0.000167
12.290000	0.000000	0.000165
12.300000	0.000000	0.000162
12.310000	0.000000	0.000160
12.320000	0.000000	0.000158
12.330000	0.000000	0.000156
12.340000	0.000000	0.000153
12.350000	0.000000	0.000151
12.360000	0.000000	0.000149
12.370000	0.000000	0.000147
12.380000	0.000000	0.000145
12.390000	0.000000	0.000143
12.400000	0.000000	0.000140
12.410000	0.000000	0.000138
12.420000	0.000000	0.000136
12.430000	0.000000	0.000134
12.440000	0.000000	0.000132
12.450000	0.000000	0.000130
12.460000	0.000000	0.000128
12.470000	0.000000	0.000126
12.480000	0.000000	0.000124
12.490000	0.000000	0.000123
12.500000	0.000000	0.000121
12.510000	0.000000	0.000119
12.520000	0.000000	0.000117
12.530000	0.000000	0.000115
12.540000	0.000000	0.000114
12.550000	0.000000	0.000112
12.560000	0.000000	0.000110
12.570000	0.000000	0.000109
12.580000	0.000000	0.000107
12.590000	0.000000	0.000106
12.600000	0.000000	0.000104
12.610000	0.000000	0.000103
12.620000	0.000000	0.000101
12.630000	0.000000	0.000100
12.640000	0.000000	0.000098
12.650000	0.000000	0.000097
12.660000	0.000000	0.000096
12.670000	0.000000	0.000094
12.680000	0.000000	0.000093
12.690000	0.000000	0.000091
12.700000	0.000000	0.000090
12.710000	0.000000	0.000089
12.720000	0.000000	0.000087
12.730000	0.000000	0.000086
12.740000	0.000000	0.000085
12.750000	0.000000	0.000083
12.760000	0.000000	0.000082
12.770000	0.000000	0.000081
12.780000	0.000000	0.000080
12.790000	0.000000	0.000079
12.800000	0.000000	0.000077
12.810000	0.000000	0.000076
12.820000	0.000000	0.000075
12.830000	0.000000	0.000074
12.840000	0.000000	0.000073
12.850000	0.000000	0.000072
12.860000	0.000000	0.000071
12.870000	0.000000	0.000070
12.880000	0.000000	0.000069
12.890000	0.000000	0.000068
12.900000	0.000000	0.000067
12.910000	0.000000	0.000066
12.920000	0.000000	0.000065
12.930000	0.000000	0.000064
12.940000	0.000000	0.000063
12.950000	0.000000	0.000062
12.960000	0.000000	0.000061
12.970000	0.000000	0.000060
12.980000	0.000000	0.000060
12.990000	0.000000	0.000059
13.000000	0.000000	0.000058
13.010000	0.000000	0.000057
13.020000	0.000000	0.000056
13.030000	0.000000	0.000055
13.040000	0.000000	0.000054
13.050000	0.000000	0.000054
13.060000	0.000000	0.000053
13.070000	0.000000	0.000052
13.080000	0.000000	0.000051
13.090000	0.000000	0.000050
13.100000	0.000000	0.000050
13.110000	0.000000	0.000049
13.120000	0.000000	0.000048
13.130000	0.000000	0.000048
13.140000	0.000000	0.000047
13.150000	0.000000	0.000046
13.160000	0.000000	0.000046
13.170000	0.000000	0.000045
13.180000	0.000000	0.000044
13.190000	0.000000	0.000044
13.200000	0.000000	0.000043
13.210000	0.000000	0.000042
13.220000	0.000000	0.000042
13.230000	0.000000	0.000041
13.240000	0.000000	0.000041
13.250000	0.000000	0.000040
13.260000	0.000000	0.000039
13.270000	0.000000	0.000039
13.280000	0.000000	0.000038
13.290000	0.000000	0.000038
13.300000	0.000000	0.000037
13.310000	0.000000	0.000037
13.320000	0.000000	0.000036
13.330000	0.000000	0.000035
13.340000	0.000000	0.000035
13.350000	0.000000	0.000034
13.360000	0.000000	0.000034
13.370000	0.000000	0.000033
13.380000	0.000000	0.000033
13.390000	0.000000	0.000032
13.400000	0.000000	0.000032
13.410000	0.000000	0.000032
13.420000	0.000000	0.000031
13.430000	0.000000	0.000031
13.440000	0.000000	0.000030
13.450000	0.000000	0.000030
13.460000	0.000000	0.000029
13.470000	0.000000	0.000029
13.480000	0.000000	0.000029
13.490000	0.000000	0.000028
13.500000	0.000000	0.000028
13.510000	0.000000	0.000027
13.520000	0.000000	0.000027
13.530000	0.000000	0.000026
13.540000	0.000000	0.000026
13.550000	0.000000	0.000026
13.560000	0.000000	0.000025
13.570000	0.000000	0.000025
13.580000	0.000000	0.000025
13.590000	0.000000	0.000024
13.600000	0.000000	0.000024
13.610000	0.000000	0.000023
13.620000	0.000000	0.000023
13.630000	0.000000	0.000023
13.640000	0.000000	0.000022
13.650000	0.000000	0.000022
13.660000	0.000000	0.000022
13.670000	0.000000	0.000022
13.680000	0.000000	0.000021
13.690000	0.000000	0.000021
13.700000	0.000000	0.000021
13.710000	0.000000	0.000020
13.720000	0.000000	0.000020
13.730000	0.000000	0.000020
13.740000	0.000000	0.000019
13.750000	0.000000	0.000019
13.760000	0.000000	0.000019
13.770000	0.000000	0.000019
13.780000	0.000000	0.000018
13.790000	0.000000	0.000018
13.800000	0.000000	0.000018
13.810000	0.000000	0.000018
13.820000	0.000000	0.000017
13.830000	0.000000	0.000017
13.840000	0.000000	0.000017
13.850000	0.000000	0.000017
13.860000	0.000000	0.000016
13.870000	0.000000	0.000016
13.880000	0.000000	0.000016
13.890000	0.000000	0.000016
13.900000	0.000000	0.000015
13.910000	0.000000	0.000015
13.920000	0.000000	0.000015
13.930000	0.000000	0.000015
13.940000	0.000000	0.000014
13.950000	0.000000	0.000014
13.960000	0.000000	0.000014
13.970000	0.000000	0.000014
13.980000	0.000000	0.000014
13.990000	0.000000	0.000013
14.000000	0.000000	0.000013
14.010000	0.000000	0.000013
14.020000	0.000000	0.000013
14.030000	0.000000	0.000013
14.040000	0.000000	0.000013
14.050000	0.000000	0.000012
14.060000	0.000000	0.000012
14.070000	0.000000	0.000012
14.080000	0.000000	0.000012
14.090000	0.000000	0.000012
14.100000	0.000000	0.000011
14.110000	0.000000	0.000011
14.120000	0.000000	0.000011
14.130000	0.000000	0.000011
14.140000	0.000000	0.000011
14.150000	0.000000	0.000011
14.160000	0.000000	0.000010
14.170000	0.000000	0.000010
14.180000	0.000000	0.000010
14.190000	0.000000	0.000010
14.200000	0.000000	0.000010
14.210000	0.000000	0.000010
14.220000	0.000000	0.000010
14.230000	0.000000	0.000009
14.240000	0.000000	0.000009
14.250000	0.000000	0.000009
14.260000	0.000000	0.000009
14.270000	0.000000	0.000009
14.280000	0.000000	0.000009
14.290000	0.000000	0.000009
14.300000	0.000000	0.000009
14.310000	0.000000	0.000008
14.320000	0.000000	0.000008
14.330000	0.000000	0.000008
14.340000	0.000000	0.000008
14.350000	0.000000	0.000008
14.360000	0.000000	0.000008
14.370000	0.000000	0.000008
14.380000	0.000000	0.000008
14.390000	0.000000	0.000007
14.400000	0.000000	0.000007
14.410000	0.000000	0.000007
14.420000	0.000000	0.000007
14.430000	0.000000	0.000007
14.440000	0.000000	0.000007
14.450000	0.000000	0.000007
14.460000	0.000000	0.000007
14.470000	0.000000	0.000007
14.480000	0.000000	0.000007
14.490000	0.000000	0.000006
14.500000	0.000000	0.000006
14.510000	0.000000	0.000006
14.520000	0.000000	0.000006
14.530000	0.000000	0.000006
14.540000	0.000000	0.000006
14.550000	0.000000	0.000006
14.560000	0.000000	0.000006
14.570000	0.000000	0.000006
14.580000	0.000000	0.000006
14.590000	0.000000	0.000006
14.600000	0.000000	0.000006
14.610000	0.000000	0.000005
14.620000	0.000000	0.000005
14.630000	0.000000	0.000005
14.640000	0.000000	0.000005
14.650000	0.000000	0.000005
14.660000	0.000000	0.000005
14.670000	0.000000	0.000005
14.680000	0.000000	0.000005
14.690000	0.000000	0.000005
14.700000	0.000000	0.000005
14.710000	0.000000	0.000005
14.720000	0.000000	0.000005
14.730000	0.000000	0.000005
14.740000	0.000000	0.000004
14.750000	0.000000	0.000004
14.760000	0.000000	0.000004
14.770000	0.000000	0.000004
14.780000	0.000000	0.000004
14.790000	0.000000	0.000004
14.800000	0.000000	0.000004
14.810000	0.000000	0.000004
14.820000	0.000000	0.000004
14.830000	0.000000	0.000004
14.840000	0.000000	0.000004
14.850000	0.000000	0.000004
14.860000	0.000000	0.000004
14.870000	0.000000	0.000004
14.880000	0.000000	0.000004
14.890000	0.000000	0.000004
14.900000	0.000000	0.000004
14.910000	0.000000	0.000003
14.920000	0.000000	0.000003
14.930000	0.000000	0.000003
14.940000	0.000000	0.000003
14.950000	0.000000	0.000003
14.960000	0.000000	0.000003
14.970000	0.000000	0.000003
14.980000	0.000000	0.000003
14.990000	0.000000	0.000003
15.000000	0.000000	0.000003
15.010000	0.000000	0.000003
15.020000	0.000000	0.000003
15.030000	0.000000	0.000003
15.040000	0.000000	0.000003
15.050000	0.000000	0.000003
15.060000	0.000000	0.000003
15.070000	0.000000	0.000003
15.080000	0.000000	0.000003
15.090000	0.000000	0.000003
15.100000	0.000000	0.000003
15.110000	0.000000	0.000003
15.120000	0.000000	0.000003
15.130000	0.000000	0.000003
15.140000	0.000000	0.000003
15.150000	0.000000	0.000002
15.160000	0.000000	0.000002
15.170000	0.000000	0.000002
15.180000	0.000000	0.000002
15.190000	0.000000	0.000002
15.200000	0.000000	0.000002
15.210000	0.000000	0.000002
15.220000	0.000000	0.000002
15.230000	0.000000	0.000002
15.240000	0.000000	0.000002
15.250000	0.000000	0.000002
15.260000	0.000000	0.000002
15.270000	0.000000	0.000002
15.280000	0.000000	0.000002
15.290000	0.000000	0.000002
15.300000	0.000000	0.000002
15.310000	0.000000	0.000002
15.320000	0.000000	0.000002
15.330000	0.000000	0.000002
15.340000	0.000000	0.000002
15.350000	0.000000	0.000002
15.360000	0.000000	0.000002
15.370000	0.000000	0.000002
15.380000	0.000000	0.000002
15.390000	0.000000	0.000002
15.400000	0.000000	0.000002
15.410000	0.000000	0.000002
15.420000	0.000000	0.000002
15.430000	0.000000	0.000002
15.440000	0.000000	0.000002
15.450000	0.000000	0.000002
15.460000	0.000000	0.000002
15.470000	0.000000	0.000002
15.480000	0.000000	0.000002
15.490000	0.000000	0.000001
15.500000	0.000000	0.000001
15.510000	0.000000	0.000001
15.520000	0.000000	0.000001
15.530000	0.000000	0.000001
15.540000	0.000000	0.000001
15.550000	0.000000	0.000001
15.560000	0.000000	0.000001
15.570000	0.000000	0.000001
15.580000	0.000000	0.000001
15.590000	0.000000	0.000001
15.600000	0.000000	0.000001
15.610000	0.000000	0.000001
15.620000	0.000000	0.000001
15.630000	0.000000	0.000001
15.640000	0.000000	0.000001
15.650000	0.000000	0.000001
15.660000	0.000000	0.000001
15.670000	0.000000	0.000001
15.680000	0.000000	0.000001
15.690000	0.000000	0.000001
15.700000	0.000000	0.000001
15.710000	0.000000	0.000001
15.720000	0.000000	0.000001
15.730000	0.000000	0.000001
15.740000	0.000000	0.000001
15.750000	0.000000	0.000001
15.760000	0.000000	0.000001
15.770000	0.000000	9.9e-07
15.780000	0.000000	9.8e-07
15.790000	0.000000	9.6e-07
15.800000	0.000000	9.5e-07
15.810000	0.000000	9.4e-07
15.820000	0.000000	9.2e-07
15.830000	0.000000	9.1e-07
15.840000	0.000000	9.0e-07
15.850000	0.000000	8.9e-07
15.860000	0.000000	8.7e-07
15.870000	0.000000	8.6e-07
15.880000	0.000000	8.5e-07
15.890000	0.000000	8.4e-07
15.900000	0.000000	8.3e-07
15.910000	0.000000	8.1e-07
15.920000	0.000000	8.0e-07
15.930000	0.000000	7.9e-07
15.940000	0.000000	7.8e-07
15.950000	0.000000	7.7e-07
15.960000	0.000000	7.6e-07
15.970000	0.000000	7.4e-07
15.980000	0.000000	7.3e-07
15.990000	0.000000	7.2e-07
16.000000	0.000000	7.1e-07
16.010000	0.000000	7.0e-07
16.020000	0.000000	6.9e-07
16.030000	0.000000	6.8e-07
16.040000	0.000000	6.7e-07
16.050000	0.000000	6.6e-07
16.060000	0.000000	6.5e-07
16.070000	0.000000	6.4e-07
16.080000	0.000000	6.3e-07
16.090000	0.000000	6.2e-07
16.100000	0.000000	6.1e-07
16.110000	0.000000	6.1e-07
16.120000	0.000000	6.0e-07
16.130000	0.000000	5.9e-07
16.140000	0.000000	5.8e-07
16.150000	0.000000	5.7e-07
16.160000	0.000000	5.7e-07
16.170000	0.000000	5.6e-07
16.180000	0.000000	5.5e-07
16.190000	0.000000	5.4e-07
16.200000	0.000000	5.3e-07
16.210000	0.000000	5.3e-07
16.220000	0.000000	5.2e-07
16.230000	0.000000	5.1e-07
16.240000	0.000000	5.0e-07
16.250000	0.000000	4.9e-07
16.260000	0.000000	4.9e-07
16.270000	0.000000	4.8e-07
16.280000	0.000000	4.7e-07
16.290000	0.000000	4.7e-07
16.300000	0.000000	4.6e-07
16.310000	0.000000	4.5e-07
16.320000	0.000000	4.5e-07
16.330000	0.000000	4.4e-07
16.340000	0.000000	4.3e-07
16.350000	0.000000	4.3e-07
16.360000	0.000000	4.2e-07
16.370000	0.000000	4.1e-07
16.380000	0.000000	4.1e-07
16.390000	0.000000	4.0e-07
16.400000	0.000000	4.0e-07
16.410000	0.000000	3.9e-07
16.420000	0.000000	3.9e-07
16.430000	0.000000	3.8e-07
16.440000	0.000000	3.8e-07
16.450000	0.000000	3.7e-07
16.460000	0.000000	3.7e-07
16.470000	0.000000	3.6e-07
16.480000	0.000000	3.5e-07
16.490000	0.000000	3.5e-07
16.500000	0.000000	3.4e-07
16.510000	0.000000	3.4e-07
16.520000	0.000000	3.3e-07
16.530000	0.000000	3.3e-07
16.540000	0.000000	3.2e-07
16.550000	0.000000	3.2e-07
16.560000	0.000000	3.1e-07
16.570000	0.000000	3.1e-07
16.580000	0.000000	3.1e-07
16.590000	0.000000	3.0e-07
16.600000	0.000000	3.0e-07
16.610000	0.000000	2.9e-07
16.620000	0.000000	2.9e-07
16.630000	0.000000	2.8e-07
16.640000	0.000000	2.8e-07
16.650000	0.000000	2.8e-07
16.660000	0.000000	2.7e-07
16.670000	0.000000	2.7e-07
16.680000	0.000000	2.6e-07
16.690000	0.000000	2.6e-07
16.700000	0.000000	2.6e-07
16.710000	0.000000	2.5e-07
16.720000	0.000000	2.5e-07
16.730000	0.000000	2.5e-07
16.740000	0.000000	2.4e-07
16.750000	0.000000	2.4e-07
16.760000	0.000000	2.4e-07
16.770000	0.000000	2.3e-07
16.780000	0.000000	2.3e-07
16.790000	0.000000	2.3e-07
16.800000	0.000000	2.2e-07
16.810000	0.000000	2.2e-07
16.820000	0.000000	2.2e-07
16.830000	0.000000	2.1e-07
16.840000	0.000000	2.1e-07
16.850000	0.000000	2.1e-07
16.860000	0.000000	2.0e-07
16.870000	0.000000	2.0e-07
16.880000	0.000000	2.0e-07
16.890000	0.000000	1.9e-07
16.900000	0.000000	1.9e-07
16.910000	0.000000	1.9e-07
16.920000	0.000000	1.9e-07
16.930000	0.000000	1.8e-07
16.940000	0.000000	1.8e-07
16.950000	0.000000	1.8e-07
16.960000	0.000000	1.8e-07
16.970000	0.000000	1.7e-07
16.980000	0.000000	1.7e-07
16.990000	0.000000	1.7e-07
17.000000	0.000000	1.7e-07
17.010000	0.000000	1.6e-07
17.020000	0.000000	1.6e-07
17.030000	0.000000	1.6e-07
17.040000	0.000000	1.6e-07
17.050000	0.000000	1.5e-07
17.060000	0.000000	1.5e-07
17.070000	0.000000	1.5e-07
17.080000	0.000000	1.5e-07
17.090000	0.000000	1.5e-07
17.100000	0.000000	1.4e-07
17.110000	0.000000	1.4e-07
17.120000	0.000000	1.4e-07
17.130000	0.000000	1.4e-07
17.140000	0.000000	1.4e-07
17.150000	0.000000	1.3e-07
17.160000	0.000000	1.3e-07
17.170000	0.000000	1.3e-07
17.180000	0.000000	1.3e-07
17.190000	0.000000	1.3e-07
17.200000	0.000000	1.2e-07
17.210000	0.000000	1.2e-07
17.220000	0.000000	1.2e-07
17.230000	0.000000	1.2e-07
17.240000	0.000000	1.2e-07
17.250000	0.000000	1.2e-07
17.260000	0.000000	1.1e-07
17.270000	0.000000	1.1e-07
17.280000	0.000000	1.1e-07
17.290000	0.000000	1.1e-07
17.300000	0.000000	1.1e-07
17.310000	0.000000	1.1e-07
17.320000	0.000000	1.0e-07
17.330000	0.000000	1.0e-07
17.340000	0.000000	1.0e-07
17.350000	0.000000	1.0e-07
17.360000	0.000000	9.9e-08
17.370000	0.000000	9.7e-08
17.380000	0.000000	9.5e-08
17.390000	0.000000	9.4e-08
17.400000	0.000000	9.3e-08
17.410000	0.000000	9.1e-08
17.420000	0.000000	9.0e-08
17.430000	0.000000	8.9e-08
17.440000	0.000000	8.7e-08
17.450000	0.000000	8.6e-08
17.460000	0.000000	8.5e-08
17.470000	0.000000	8.4e-08
17.480000	0.000000	8.3e-08
17.490000	0.000000	8.2e-08
17.500000	0.000000	8.0e-08
17.510000	0.000000	7.9e-08
17.520000	0.000000	7.8e-08
17.530000	0.000000	7.7e-08
17.540000	0.000000	7.6e-08
17.550000	0.000000	7.5e-08
17.560000	0.000000	7.4e-08
17.570000	0.000000	7.3e-08
17.580000	0.000000	7.2e-08
17.590000	0.000000	7.1e-08
17.600000	0.000000	7.0e-08
17.610000	0.000000	6.9e-08
17.620000	0.000000	6.8e-08
17.630000	0.000000	6.7e-08
17.640000	0.000000	6.6e-08
17.650000	0.000000	6.5e-08
17.660000	0.000000	6.4e-08
17.670000	0.000000	6.3e-08
17.680000	0.000000	6.2e-08
17.690000	0.000000	6.1e-08
17.700000	0.000000	6.0e-08
17.710000	0.000000	5.9e-08
17.720000	0.000000	5.8e-08
17.730000	0.000000	5.7e-08
17.740000	0.000000	5.7e-08
17.750000	0.000000	5.6e-08
17.760000	0.000000	5.5e-08
17.770000	0.000000	5.4e-08
17.780000	0.000000	5.4e-08
17.790000	0.000000	5.3e-08
17.800000	0.000000	5.2e-08
17.810000	0.000000	5.1e-08
17.820000	0.000000	5.1e-08
17.830000	0.000000	5.0e-08
17.840000	0.000000	4.9e-08
17.850000	0.000000	4.9e-08
17.860000	0.000000	4.8e-08
17.870000	0.000000	4.7e-08
17.880000	0.000000	4.6e-08
17.890000	0.000000	4.6e-08
17.900000	0.000000	4.5e-08
17.910000	0.000000	4.4e-08
17.920000	0.000000	4.4e-08
17.930000	0.000000	4.3e-08
17.940000	0.000000	4.2e-08
17.950000	0.000000	4.2e-08
17.960000	0.000000	4.1e-08
17.970000	0.000000	4.1e-08
17.980000	0.000000	4.0e-08
17.990000	0.000000	3.9e-08
18.000000	0.000000	3.9e-08
18.010000	0.000000	3.8e-08
18.020000	0.000000	3.8e-08
18.030000	0.000000	3.7e-08
18.040000	0.000000	3.7e-08
18.050000	0.000000	3.6e-08
18.060000	0.000000	3.6e-08
18.070000	0.000000	3.5e-08
18.080000	0.000000	3.5e-08
18.090000	0.000000	3.4e-08
18.100000	0.000000	3.4e-08
18.110000	0.000000	3.3e-08
18.120000	0.000000	3.3e-08
18.130000	0.000000	3.2e-08
18.140000	0.000000	3.2e-08
18.150000	0.000000	3.1e-08
18.160000	0.000000	3.1e-08
18.170000	0.000000	3.0e-08
18.180000	0.000000	3.0e-08
18.190000	0.000000	3.0e-08
18.200000	0.000000	2.9e-08
18.210000	0.000000	2.9e-08
18.220000	0.000000	2.8e-08
18.230000	0.000000	2.8e-08
18.240000	0.000000	2.7e-08
18.250000	0.000000	2.7e-08
18.260000	0.000000	2.7e-08
18.270000	0.000000	2.6e-08
18.280000	0.000000	2.6e-08
18.290000	0.000000	2.6e-08
18.300000	0.000000	2.5e-08
18.310000	0.000000	2.5e-08
18.320000	0.000000	2.4e-08
18.330000	0.000000	2.4e-08
18.340000	0.000000	2.4e-08
18.350000	0.000000	2.3e-08
18.360000	0.000000	2.3e-08
18.370000	0.000000	2.3e-08
18.380000	0.000000	2.3e-08
18.390000	0.000000	2.2e-08
18.400000	0.000000	2.2e-08
18.410000	0.000000	2.2e-08
18.420000	0.000000	2.1e-08
18.430000	0.000000	2.1e-08
18.440000	0.000000	2.1e-08
18.450000	0.000000	2.0e-08
18.460000	0.000000	2.0e-08
18.470000	0.000000	2.0e-08
18.480000	0.000000	1.9e-08
18.490000	0.000000	1.9e-08
18.500000	0.000000	1.9e-08
18.510000	0.000000	1.9e-08
18.520000	0.000000	1.8e-08
18.530000	0.000000	1.8e-08
18.540000	0.000000	1.8e-08
18.550000	0.000000	1.8e-08
18.560000	0.000000	1.7e-08
18.570000	0.000000	1.7e-08
18.580000	0.000000	1.7e-08
18.590000	0.000000	1.7e-08
18.600000	0.000000	1.6e-08
18.610000	0.000000	1.6e-08
18.620000	0.000000	1.6e-08
18.630000	0.000000	1.6e-08
18.640000	0.000000	1.5e-08
18.650000	0.000000	1.5e-08
18.660000	0.000000	1.5e-08
18.670000	0.000000	1.5e-08
18.680000	0.000000	1.5e-08
18.690000	0.000000	1.4e-08
18.700000	0.000000	1.4e-08
18.710000	0.000000	1.4e-08
18.720000	0.000000	1.4e-08
18.730000	0.000000	1.4e-08
18.740000	0.000000	1.3e-08
18.750000	0.000000	1.3e-08
18.760000	0.000000	1.3e-08
18.770000	0.000000	1.3e-08
18.780000	0.000000	1.3e-08
18.790000	0.000000	1.2e-08
18.800000	0.000000	1.2e-08
18.810000	0.000000	1.2e-08
18.820000	0.000000	1.2e-08
18.830000	0.000000	1.2e-08
18.840000	0.000000	1.2e-08
18.850000	0.000000	1.1e-08
18.860000	0.000000	1.1e-08
18.870000	0.000000	1.1e-08
18.880000	0.000000	1.1e-08
18.890000	0.000000	1.1e-08
18.900000	0.000000	1.1e-08
18.910000	0.000000	1.0e-08
18.920000	0.000000	1.0e-08
18.930000	0.000000	1.0e-08
18.940000	0.000000	1.0e-08
18.950000	0.000000	9.9e-09
18.960000	0.000000	9.7e-09
18.970000	0.000000	9.6e-09
18.980000	0.000000	9.5e-09
18.990000	0.000000	9.3e-09
19.000000	0.000000	9.2e-09
19.010000	0.000000	9.0e-09
19.020000	0.000000	8.9e-09
19.030000	0.000000	8.8e-09
19.040000	0.000000	8.6e-09
19.050000	0.000000	8.5e-09
19.060000	0.000000	8.4e-09
19.070000	0.000000	8.3e-09
19.080000	0.000000	8.1e-09
19.090000	0.000000	8.0e-09
19.100000	0.000000	7.9e-09
19.110000	0.000000	7.8e-09
19.120000	0.000000	7.7e-09
19.130000	0.000000	7.6e-09
19.140000	0.000000	7.5e-09
19.150000	0.000000	7.4e-09
19.160000	0.000000	7.3e-09
19.170000	0.000000	7.2e-09
19.180000	0.000000	7.1e-09
19.190000	0.000000	7.0e-09
19.200000	0.000000	6.9e-09
19.210000	0.000000	6.8e-09
19.220000	0.000000	6.7e-09
19.230000	0.000000	6.6e-09
19.240000	0.000000	6.5e-09
19.250000	0.000000	6.4e-09
19.260000	0.000000	6.3e-09
19.270000	0.000000	6.2e-09
19.280000	0.000000	6.1e-09
19.290000	0.000000	6.0e-09
19.300000	0.000000	5.9e-09
19.310000	0.000000	5.8e-09
19.320000	0.000000	5.8e-09
19.330000	0.000000	5.7e-09
19.340000	0.000000	5.6e-09
19.350000	0.000000	5.5e-09
19.360000	0.000000	5.4e-09
19.370000	0.000000	5.4e-09
19.380000	0.000000	5.3e-09
19.390000	0.000000	5.2e-09
19.400000	0.000000	5.1e-09
19.410000	0.000000	5.1e-09
19.420000	0.000000	5.0e-09
19.430000	0.000000	4.9e-09
19.440000	0.000000	4.9e-09
19.450000	0.000000	4.8e-09
19.460000	0.000000	4.7e-09
19.470000	0.000000	4.7e-09
19.480000	0.000000	4.6e-09
19.490000	0.000000	4.5e-09
19.500000	0.000000	4.5e-09
19.510000	0.000000	4.4e-09
19.520000	0.000000	4.3e-09
19.530000	0.000000	4.3e-09
19.540000	0.000000	4.2e-09
19.550000	0.000000	4.1e-09
19.560000	0.000000	4.1e-09
19.570000	0.000000	4.0e-09
19.580000	0.000000	4.0e-09
19.590000	0.000000	3.9e-09
19.600000	0.000000	3.8e-09
19.610000	0.000000	3.8e-09
19.620000	0.000000	3.7e-09
19.630000	0.000000	3.7e-09
19.640000	0.000000	3.6e-09
19.650000	0.000000	3.6e-09
19.660000	0.000000	3.5e-09
19.670000	0.000000	3.5e-09
19.680000	0.000000	3.4e-09
19.690000	0.000000	3.4e-09
19.700000	0.000000	3.3e-09
19.710000	0.000000	3.3e-09
19.720000	0.000000	3.2e-09
19.730000	0.000000	3.2e-09
19.740000	0.000000	3.2e-09
19.750000	0.000000	3.1e-09
19.760000	0.000000	3.1e-09
19.770000	0.000000	3.0e-09
19.780000	0.000000	3.0e-09
19.790000	0.000000	2.9e-09
19.800000	0.000000	2.9e-09
19.810000	0.000000	2.9e-09
19.820000	0.000000	2.8e-09
19.830000	0.000000	2.8e-09
19.840000	0.000000	2.7e-09
19.850000	0.000000	2.7e-09
19.860000	0.000000	2.6e-09
19.870000	0.000000	2.6e-09
19.880000	0.000000	2.6e-09
19.890000	0.000000	2.5e-09
19.900000	0.000000	2.5e-09
19.910000	0.000000	2.5e-09
19.920000	0.000000	2.4e-09
19.930000	0.000000	2.4e-09
19.940000	0.000000	2.4e-09
19.950000	0.000000	2.3e-09
19.960000	0.000000	2.3e-09
19.970000	0.000000	2.3e-09
19.980000	0.000000	2.2e-09
19.990000	0.000000	2.2e-09
20.000000	0.000000	2.2e-09
20.010000	0.000000	2.1e-09
20.020000	0.000000	2.1e-09
20.030000	0.000000	2.1e-09
20.040000	0.000000	2.0e-09
20.050000	0.000000	2.0e-09
20.060000	0.000000	2.0e-09
20.070000	0.000000	2.0e-09
20.080000	0.000000	1.9e-09
20.090000	0.000000	1.9e-09
20.100000	0.000000	1.9e-09
20.110000	0.000000	1.8e-09
20.120000	0.000000	1.8e-09
20.130000	0.000000	1.8e-09
20.140000	0.000000	1.8e-09
20.150000	0.000000	1.7e-09
20.160000	0.000000	1.7e-09
20.170000	0.000000	1.7e-09
20.180000	0.000000	1.7e-09
20.190000	0.000000	1.6e-09
20.200000	0.000000	1.6e-09
20.210000	0.000000	1.6e-09
20.220000	0.000000	1.6e-09
20.230000	0.000000	1.6e-09
20.240000	0.000000	1.5e-09
20.250000	0.000000	1.5e-09
20.260000	0.000000	1.5e-09
20.270000	0.000000	1.5e-09
20.280000	0.000000	1.4e-09
20.290000	0.000000	1.4e-09
20.300000	0.000000	1.4e-09
20.310000	0.000000	1.4e-09
20.320000	0.000000	1.4e-09
20.330000	0.000000	1.3e-09
20.340000	0.000000	1.3e-09
20.350000	0.000000	1.3e-09
20.360000	0.000000	1.3e-09
20.370000	0.000000	1.3e-09
20.380000	0.000000	1.3e-09
20.390000	0.000000	1.2e-09
20.400000	0.000000	1.2e-09
20.410000	0.000000	1.2e-09
20.420000	0.000000	1.2e-09
20.430000	0.000000	1.2e-09
20.440000	0.000000	1.1e-09
20.450000	0.000000	1.1e-09
20.460000	0.000000	1.1e-09
20.470000	0.000000	1.1e-09
20.480000	0.000000	1.1e-09
20.490000	0.000000	1.1e-09
20.500000	0.000000	1.1e-09
20.510000	0.000000	1.0e-09
20.520000	0.000000	1.0e-09
20.530000	0.000000	1.0e-09
20.540000	0.000000	1.0e-09
20.550000	0.000000	9.8e-10
20.560000	0.000000	9.7e-10
20.570000	0.000000	9.5e-10
20.580000	0.000000	9.4e-10
20.590000	0.000000	9.3e-10
20.600000	0.000000	9.1e-10
20.610000	0.000000	9.0e-10
20.620000	0.000000	8.9e-10
20.630000	0.000000	8.7e-10
20.640000	0.000000	8.6e-10
20.650000	0.000000	8.5e-10
20.660000	0.000000	8.4e-10
20.670000	0.000000	8.2e-10
20.680000	0.000000	8.1e-10
20.690000	0.000000	8.0e-10
20.700000	0.000000	7.9e-10
20.710000	0.000000	7.8e-10
20.720000	0.000000	7.6e-10
20.730000	0.000000	7.5e-10
20.740000	0.000000	7.4e-10
20.750000	0.000000	7.3e-10
20.760000	0.000000	7.2e-10
20.770000	0.000000	7.1e-10
20.780000	0.000000	7.0e-10
20.790000	0.000000	6.9e-10
20.800000	0.000000	6.8e-10
20.810000	0.000000	6.7e-10
20.820000	0.000000	6.6e-10
20.830000	0.000000	6.6e-10
20.840000	0.000000	6.5e-10
20.850000	0.000000	6.4e-10
20.860000	0.000000	6.3e-10
20.870000	0.000000	6.2e-10
20.880000	0.000000	6.1e-10
20.890000	0.000000	6.0e-10
20.900000	0.000000	5.9e-10
20.910000	0.000000	5.8e-10
20.920000	0.000000	5.8e-10
20.930000	0.000000	5.7e-10
20.940000	0.000000	5.6e-10
20.950000	0.000000	5.5e-10
20.960000	0.000000	5.4e-10
20.970000	0.000000	5.3e-10
20.980000	0.000000	5.3e-10
20.990000	0.000000	5.2e-10
21.000000	0.000000	5.1e-10
21.010000	0.000000	5.0e-10
21.020000	0.000000	5.0e-10
21.030000	0.000000	4.9e-10
21.040000	0.000000	4.8e-10
21.050000	0.000000	4.8e-10
21.060000	0.000000	4.7e-10
21.070000	0.000000	4.6e-10
21.080000	0.000000	4.6e-10
21.090000	0.000000	4.5e-10
21.100000	0.000000	4.4e-10
21.110000	0.000000	4.4e-10
21.120000	0.000000	4.3e-10
21.130000	0.000000	4.3e-10
21.140000	0.000000	4.2e-10
21.150000	0.000000	4.1e-10
21.160000	0.000000	4.1e-10
21.170000	0.000000	4.0e-10
21.180000	0.000000	4.0e-10
21.190000	0.000000	3.9e-10
21.200000	0.000000	3.9e-10
21.210000	0.000000	3.8e-10
21.220000	0.000000	3.7e-10
21.230000	0.000000	3.7e-10
21.240000	0.000000	3.6e-10
21.250000	0.000000	3.6e-10
21.260000	0.000000	3.5e-10
21.270000	0.000000	3.5e-10
21.280000	0.000000	3.4e-10
21.290000	0.000000	3.4e-10
21.300000	0.000000	3.3e-10
21.310000	0.000000	3.3e-10
21.320000	0.000000	3.2e-10
21.330000	0.000000	3.2e-10
21.340000	0.000000	3.1e-10
21.350000	0.000000	3.1e-10
21.360000	0.000000	3.1e-10
21.370000	0.000000	3.0e-10
21.380000	0.000000	3.0e-10
21.390000	0.000000	2.9e-10
21.400000	0.000000	2.9e-10
21.410000	0.000000	2.8e-10
21.420000	0.000000	2.8e-10
21.430000	0.000000	2.8e-10
21.440000	0.000000	2.7e-10
21.450000	0.000000	2.7e-10
21.460000	0.000000	2.7e-10
21.470000	0.000000	2.6e-10
21.480000	0.000000	2.6e-10
21.490000	0.000000	2.5e-10
21.500000	0.000000	2.5e-10
21.510000	0.000000	2.5e-10
21.520000	0.000000	2.4e-10
21.530000	0.000000	2.4e-10
21.540000	0.000000	2.4e-10
21.550000	0.000000	2.3e-10
21.560000	0.000000	2.3e-10
21.570000	0.000000	2.3e-10
21.580000	0.000000	2.2e-10
21.590000	0.000000	2.2e-10
21.600000	0.000000	2.2e-10
21.610000	0.000000	2.1e-10
21.620000	0.000000	2.1e-10
21.630000	0.000000	2.1e-10
21.640000	0.000000	2.0e-10
21.650000	0.000000	2.0e-10
21.660000	0.000000	2.0e-10
21.670000	0.000000	2.0e-10
21.680000	0.000000	1.9e-10
21.690000	0.000000	1.9e-10
21.700000	0.000000	1.9e-10
21.710000	0.000000	1.9e-10
21.720000	0.000000	1.8e-10
21.730000	0.000000	1.8e-10
21.740000	0.000000	1.8e-10
21.750000	0.000000	1.7e-10
21.760000	0.000000	1.7e-10
21.770000	0.000000	1.7e-10
21.780000	0.000000	1.7e-10
21.790000	0.000000	1.6e-10
21.800000	0.000000	1.6e-10
21.810000	0.000000	1.6e-10
21.820000	0.000000	1.6e-10
21.830000	0.000000	1.5e-10
21.840000	0.000000	1.5e-10
21.850000	0.000000	1.5e-10
21.860000	0.000000	1.5e-10
21.870000	0.000000	1.5e-10
21.880000	0.000000	1.4e-10
21.890000	0.000000	1.4e-10
21.900000	0.000000	1.4e-10
21.910000	0.000000	1.4e-10
21.920000	0.000000	1.4e-10
21.930000	0.000000	1.3e-10
21.940000	0.000000	1.3e-10
21.950000	0.000000	1.3e-10
21.960000	0.000000	1.3e-10
21.970000	0.000000	1.3e-10
21.980000	0.000000	1.3e-10
21.990000	0.000000	1.2e-10
22.000000	0.000000	1.2e-10
22.010000	0.000000	1.2e-10
22.020000	0.000000	1.2e-10
22.030000	0.000000	1.2e-10
22.040000	0.000000	1.2e-10
22.050000	0.000000	1.1e-10
22.060000	0.000000	1.1e-10
22.070000	0.000000	1.1e-10
22.080000	0.000000	1.1e-10
22.090000	0.000000	1.1e-10
22.100000	0.000000	1.1e-10
22.110000	0.000000	1.0e-10
22.120000	0.000000	1.0e-10
22.130000	0.000000	1.0e-10
22.140000	0.000000	9.9e-11
22.150000	0.000000	9.8e-11
22.160000	0.000000	9.7e-11
22.170000	0.000000	9.5e-11
22.180000	0.000000	9.4e-11
22.190000	0.000000	9.3e-11
22.200000	0.000000	9.2e-11
22.210000	0.000000	9.0e-11
22.220000	0.000000	8.9e-11
22.230000	0.000000	8.8e-11
22.240000	0.000000	8.6e-11
22.250000	0.000000	8.5e-11
22.260000	0.000000	8.4e-11
22.270000	0.000000	8.3e-11
22.280000	0.000000	8.2e-11
22.290000	0.000000	8.0e-11
22.300000	0.000000	7.9e-11
22.310000	0.000000	7.8e-11
22.320000	0.000000	7.7e-11
22.330000	0.000000	7.6e-11
22.340000	0.000000	7.5e-11
22.350000	0.000000	7.4e-11
22.360000	0.000000	7.3e-11
22.370000	0.000000	7.1e-11
22.380000	0.000000	7.0e-11
22.390000	0.000000	6.9e-11
22.400000	0.000000	6.8e-11
22.410000	0.000000	6.7e-11
22.420000	0.000000	6.6e-11
22.430000	0.000000	6.6e-11
22.440000	0.000000	6.5e-11
22.450000	0.000000	6.4e-11
22.460000	0.000000	6.3e-11
22.470000	0.000000	6.2e-11
22.480000	0.000000	6.1e-11
22.490000	0.000000	6.0e-11
22.500000	0.000000	6.0e-11
22.510000	0.000000	5.9e-11
22.520000	0.000000	5.8e-11
22.530000	0.000000	5.7e-11
22.540000	0.000000	5.6e-11
22.550000	0.000000	5.5e-11
22.560000	0.000000	5.5e-11
22.570000	0.000000	5.4e-11
22.580000	0.000000	5.3e-11
22.590000	0.000000	5.2e-11
22.600000	0.000000	5.2e-11
22.610000	0.000000	5.1e-11
22.620000	0.000000	5.0e-11
22.630000	0.000000	4.9e-11
22.640000	0.000000	4.8e-11
22.650000	0.000000	4.8e-11
22.660000	0.000000	4.7e-11
22.670000	0.000000	4.6e-11
22.680000	0.000000	4.6e-11
22.690000	0.000000	4.5e-11
22.700000	0.000000	4.5e-11
22.710000	0.000000	4.4e-11
22.720000	0.000000	4.3e-11
22.730000	0.000000	4.3e-11
22.740000	0.000000	4.2e-11
22.750000	0.000000	4.2e-11
22.760000	0.000000	4.1e-11
22.770000	0.000000	4.1e-11
22.780000	0.000000	4.0e-11
22.790000	0.000000	3.9e-11
22.800000	0.000000	3.9e-11
22.810000	0.000000	3.8e-11
22.820000	0.000000	3.8e-11
22.830000	0.000000	3.7e-11
22.840000	0.000000	3.7e-11
22.850000	0.000000	3.6e-11
22.860000	0.000000	3.6e-11
22.870000	0.000000	3.5e-11
22.880000	0.000000	3.4e-11
22.890000	0.000000	3.4e-11
22.900000	0.000000	3.3e-11
22.910000	0.000000	3.3e-11
22.920000	0.000000	3.2e-11
22.930000	0.000000	3.0e-11
22.940000	0.000000	2.9e-11
22.950000	0.000000	2.9e-11
22.960000	0.000000	2.9e-11
22.970000	0.000000	2.8e-11
22.980000	0.000000	2.8e-11
22.990000	0.000000	2.8e-11
23.000000	0.000000	2.7e-11
23.010000	0.000000	2.7e-11
23.020000	0.000000	2.7e-11
23.030000	0.000000	2.6e-11
23.040000	0.000000	2.6e-11
23.050000	0.000000	2.5e-11
23.060000	0.000000	2.5e-11
23.070000	0.000000	2.5e-11
23.080000	0.000000	2.4e-11
23.090000	0.000000	2.4e-11
23.100000	0.000000	2.4e-11
23.110000	0.000000	2.3e-11
23.120000	0.000000	2.3e-11
23.130000	0.000000	2.3e-11
23.140000	0.000000	2.2e-11
23.150000	0.000000	2.2e-11
23.160000	0.000000	2.2e-11
23.170000	0.000000	2.1e-11
23.180000	0.000000	2.1e-11
23.190000	0.000000	2.1e-11
23.200000	0.000000	2.0e-11
23.210000	0.000000	2.0e-11
23.220000	0.000000	2.0e-11
23.230000	0.000000	1.9e-11
23.240000	0.000000	1.9e-11
23.250000	0.000000	1.9e-11
23.260000	0.000000	1.9e-11
23.270000	0.000000	1.8e-11
23.280000	0.000000	1.8e-11
23.290000	0.000000	1.8e-11
23.300000	0.000000	1.8e-11
23.310000	0.000000	1.8e-11
23.320000	0.000000	1.7e-11
23.330000	0.000000	1.7e-11
23.340000	0.000000	1.7e-11
23.350000	0.000000	1.7e-11
23.360000	0.000000	1.6e-11
23.370000	0.000000	1.6e-11
23.380000	0.000000	1.6e-11
23.390000	0.000000	1.6e-11
23.400000	0.000000	1.5e-11
23.410000	0.000000	1.5e-11
23.420000	0.000000	1.5e-11
23.430000	0.000000	1.5e-11
23.440000	0.000000	1.4e-11
23.450000	0.000000	1.4e-11
23.460000	0.000000	1.4e-11
23.470000	0.000000	1.4e-11
23.480000	0.000000	1.4e-11
23.490000	0.000000	1.3e-11
23.500000	0.000000	1.3e-11
23.510000	0.000000	1.3e-11
23.520000	0.000000	1.3e-11
23.530000	0.000000	1.3e-11
23.540000	0.000000	1.3e-11
23.550000	0.000000	1.2e-11
23.560000	0.000000	1.2e-11
23.570000	0.000000	1.2e-11
23.580000	0.000000	1.2e-11
23.590000	0.000000	1.2e-11
23.600000	0.000000	1.2e-11
23.610000	0.000000	1.1e-11
23.620000	0.000000	1.1e-11
23.630000	0.000000	1.1e-11
23.640000	0.000000	1.1e-11
23.650000	0.000000	1.1e-11
23.660000	0.000000	1.1e-11
23.670000	0.000000	1.0e-11
23.680000	0.000000	1.0e-11
23.690000	0.000000	1.0e-11
23.700000	0.000000	1.0e-11
23.710000	0.000000	9.9e-12
23.720000	0.000000	9.7e-12
23.730000	0.000000	9.5e-12
23.740000	0.000000	9.4e-12
23.750000	0.000000	9.2e-12
23.760000	0.000000	9.1e-12
23.770000	0.000000	8.9e-12
23.780000	0.000000	8.8e-12
23.790000	0.000000	8.7e-12
23.800000	0.000000	8.6e-12
23.810000	0.000000	8.5e-12
23.820000	0.000000	8.4e-12
23.830000	0.000000	8.3e-12
23.840000	0.000000	8.2e-12
23.850000	0.000000	8.1e-12
23.860000	0.000000	8.0e-12
23.870000	0.000000	7.9e-12
23.880000	0.000000	7.8e-12
23.890000	0.000000	7.6e-12
23.900000	0.000000	7.5e-12
23.910000	0.000000	7.4e-12
23.920000	0.000000	7.3e-12
23.930000	0.000000	7.2e-12
23.940000	0.000000	7.1e-12
23.950000	0.000000	7.0e-12
23.960000	0.000000	6.9e-12
23.970000	0.000000	6.8e-12
23.980000	0.000000	6.7e-12
23.990000	0.000000	6.6e-12
24.000000	0.000000	6.5e-12
24.010000	0.000000	6.4e-12
24.020000	0.000000	6.3e-12
24.030000	0.000000	6.2e-12
24.040000	0.000000	6.1e-12
24.050000	0.000000	6.0e-12
24.060000	0.000000	5.9e-12
24.070000	0.000000	5.8e-12
24.080000	0.000000	5.8e-12
24.090000	0.000000	5.7e-12
24.100000	0.000000	5.6e-12
24.110000	0.000000	5.5e-12
24.120000	0.000000	5.5e-12
24.130000	0.000000	5.4e-12
24.140000	0.000000	5.3e-12
24.150000	0.000000	5.3e-12
24.160000	0.000000	5.2e-12
24.170000	0.000000	5.1e-12
24.180000	0.000000	5.1e-12
24.190000	0.000000	5.0e-12
24.200000	0.000000	4.9e-12
24.210000	0.000000	4.8e-12
24.220000	0.000000	4.8e-12
24.230000	0.000000	4.7e-12
24.240000	0.000000	4.6e-12
24.250000	0.000000	4.6e-12
24.260000	0.000000	4.5e-12
24.270000	0.000000	4.4e-12
24.280000	0.000000	4.3e-12
24.290000	0.000000	4.3e-12
24.300000	0.000000	4.2e-12
24.310000	0.000000	4.1e-12
24.320000	0.000000	4.1e-12
24.330000	0.000000	4.0e-12
24.340000	0.000000	4.0e-12
24.350000	0.000000	3.9e-12
24.360000	0.000000	3.9e-12
24.370000	0.000000	3.8e-12
24.380000	0.000000	3.8e-12
24.390000	0.000000	3.7e-12
24.400000	0.000000	3.7e-12
24.410000	0.000000	3.6e-12
24.420000	0.000000	3.6e-12
24.430000	0.000000	3.5e-12
24.440000	0.000000	3.5e-12
24.450000	0.000000	3.4e-12
24.460000	0.000000	3.4e-12
24.470000	0.000000	3.3e-12
24.480000	0.000000	3.3e-12
24.490000	0.000000	3.2e-12
24.500000	0.000000	3.2e-12
24.510000	0.000000	3.1e-12
24.520000	0.000000	3.1e-12
24.530000	0.000000	3.1e-12
24.540000	0.000000	3.0e-12
24.550000	0.000000	3.0e-12
24.560000	0.000000	2.9e-12
24.570000	0.000000	2.9e-12
24.580000	0.000000	2.8e-12
24.590000	0.000000	2.8e-12
24.600000	0.000000	2.7e-12
24.610000	0.000000	2.7e-12
24.620000	0.000000	2.6e-12
24.630000	0.000000	2.6e-12
24.640000	0.000000	2.6e-12
24.650000	0.000000	2.6e-12
24.660000	0.000000	2.5e-12
24.670000	0.000000	2.5e-12
24.680000	0.000000	2.5e-12
24.690000	0.000000	2.4e-12
24.700000	0.000000	2.4e-12
24.710000	0.000000	2.4e-12
24.720000	0.000000	2.3e-12
24.730000	0.000000	2.3e-12
24.740000	0.000000	2.3e-12
24.750000	0.000000	2.2e-12
24.760000	0.000000	2.2e-12
24.770000	0.000000	2.2e-12
24.780000	0.000000	2.1e-12
24.790000	0.000000	2.1e-12
24.800000	0.000000	2.1e-12
24.810000	0.000000	2.0e-12
24.820000	0.000000	2.0e-12
24.830000	0.000000	2.0e-12
24.840000	0.000000	2.0e-12
24.850000	0.000000	1.9e-12
24.860000	0.000000	1.9e-12
24.870000	0.000000	1.9e-12
24.880000	0.000000	1.8e-12
24.890000	0.000000	1.8e-12
24.900000	0.000000	1.8e-12
24.910000	0.000000	1.8e-12
24.920000	0.000000	1.7e-12
24.930000	0.000000	1.7e-12
24.940000	0.000000	1.7e-12
24.950000	0.000000	1.7e-12
24.960000	0.000000	1.6e-12
24.970000	0.000000	1.6e-12
24.980000	0.000000	1.6e-12
24.990000	0.000000	1.6e-12
25.000000	0.000000	1.6e-12
25.010000	0.000000	1.5e-12
25.020000	0.000000	1.5e-12
25.030000	0.000000	1.5e-12
25.040000	0.000000	1.5e-12
25.050000	0.000000	1.5e-12
25.060000	0.000000	1.4e-12
25.070000	0.000000	1.4e-12
25.080000	0.000000	1.4e-12
25.090000	0.000000	1.4e-12
25.100000	0.000000	1.4e-12
25.110000	0.000000	1.3e-12
25.120000	0.000000	1.3e-12
25.130000	0.000000	1.3e-12
25.140000	0.000000	1.3e-12
25.150000	0.000000	1.2e-12
25.160000	0.000000	1.2e-12
25.170000	0.000000	1.2e-12
25.180000	0.000000	1.2e-12
25.190000	0.000000	1.2e-12
25.200000	0.000000	1.2e-12
25.210000	0.000000	1.1e-12
25.220000	0.000000	1.1e-12
25.230000	0.000000	1.1e-12
25.240000	0.000000	1.1e-12
25.250000	0.000000	1.1e-12
25.260000	0.000000	1.1e-12
25.270000	0.000000	1.1e-12
25.280000	0.000000	1.0e-12
25.290000	0.000000	1.0e-12
25.300000	0.000000	1.0e-12
25.310000	0.000000	1.0e-12
25.320000	0.000000	9.9e-13
25.330000	0.000000	9.8e-13
25.340000	0.000000	9.6e-13
25.350000	0.000000	9.5e-13
25.360000	0.000000	9.3e-13
25.370000	0.000000	9.2e-13
25.380000	0.000000	9.1e-13
25.390000	0.000000	8.9e-13
25.400000	0.000000	8.8e-13
25.410000	0.000000	8.6e-13
25.420000	0.000000	8.5e-13
25.430000	0.000000	8.4e-13
25.440000	0.000000	8.2e-13
25.450000	0.000000	8.1e-13
25.460000	0.000000	8.0e-13
25.470000	0.000000	7.9e-13
25.480000	0.000000	7.8e-13
25.490000	0.000000	7.7e-13
25.500000	0.000000	7.6e-13
25.510000	0.000000	7.5e-13
25.520000	0.000000	7.4e-13
25.530000	0.000000	7.3e-13
25.540000	0.000000	7.2e-13
25.550000	0.000000	7.1e-13
25.560000	0.000000	7.0e-13
25.570000	0.000000	6.9e-13
25.580000	0.000000	6.8e-13
25.590000	0.000000	6.7e-13
25.600000	0.000000	6.6e-13
25.610000	0.000000	6.5e-13
25.620000	0.000000	6.4e-13
25.630000	0.000000	6.4e-13
25.640000	0.000000	6.3e-13
25.650000	0.000000	6.2e-13
25.660000	0.000000	6.1e-13
25.670000	0.000000	6.0e-13
25.680000	0.000000	5.9e-13
25.690000	0.000000	5.8e-13
25.700000	0.000000	5.7e-13
25.710000	0.000000	5.6e-13
25.720000	0.000000	5.5e-13
25.730000	0.000000	5.4e-13
25.740000	0.000000	5.3e-13
25.750000	0.000000	5.3e-13
25.760000	0.000000	5.2e-13
25.770000	0.000000	5.2e-13
25.780000	0.000000	5.1e-13
25.790000	0.000000	5.0e-13
25.800000	0.000000	5.0e-13
25.810000	0.000000	4.9e-13
25.820000	0.000000	4.8e-13
25.830000	0.000000	4.8e-13
25.840000	0.000000	4.7e-13
25.850000	0.000000	4.6e-13
25.860000	0.000000	4.6e-13
25.870000	0.000000	4.5e-13
25.880000	0.000000	4.5e-13
25.890000	0.000000	4.4e-13
25.900000	0.000000	4.3e-13
25.910000	0.000000	4.3e-13
25.920000	0.000000	4.2e-13
25.930000	0.000000	4.1e-13
25.940000	0.000000	4.1e-13
25.950000	0.000000	4.0e-13
25.960000	0.000000	3.9e-13
25.970000	0.000000	3.9e-13
25.980000	0.000000	3.8e-13
25.990000	0.000000	3.8e-13
26.000000	0.000000	3.7e-13
26.010000	0.000000	3.6e-13
26.020000	0.000000	3.6e-13
26.030000	0.000000	3.5e-13
26.040000	0.000000	3.5e-13
26.050000	0.000000	3.5e-13
26.060000	0.000000	3.4e-13
26.070000	0.000000	3.4e-13
26.080000	0.000000	3.3e-13
26.090000	0.000000	3.3e-13
26.100000	0.000000	3.2e-13
26.110000	0.000000	3.2e-13
26.120000	0.000000	3.2e-13
26.130000	0.000000	3.1e-13
26.140000	0.000000	3.1e-13
26.150000	0.000000	3.0e-13
26.160000	0.000000	3.0e-13
26.170000	0.000000	2.9e-13
26.180000	0.000000	2.9e-13
26.190000	0.000000	2.9e-13
26.200000	0.000000	2.8e-13
26.210000	0.000000	2.8e-13
26.220000	0.000000	2.7e-13
26.230000	0.000000	2.7e-13
26.240000	0.000000	2.6e-13
26.250000	0.000000	2.6e-13
26.260000	0.000000	2.6e-13
26.270000	0.000000	2.5e-13
26.280000	0.000000	2.5e-13
26.290000	0.000000	2.4e-13
26.300000	0.000000	2.4e-13
26.310000	0.000000	2.4e-13
26.320000	0.000000	2.3e-13
26.330000	0.000000	2.3e-13
26.340000	0.000000	2.3e-13
26.350000	0.000000	2.3e-13
26.360000	0.000000	2.2e-13
26.370000	0.000000	2.2e-13
26.380000	0.000000	2.2e-13
26.390000	0.000000	2.1e-13
26.400000	0.000000	2.1e-13
26.410000	0.000000	2.1e-13
26.420000	0.000000	2.1e-13
26.430000	0.000000	2.0e-13
26.440000	0.000000	2.0e-13
26.450000	0.000000	2.0e-13
26.460000	0.000000	1.9e-13
26.470000	0.000000	1.9e-13
26.480000	0.000000	1.9e-13
26.490000	0.000000	1.9e-13
26.500000	0.000000	1.8e-13
26.510000	0.000000	1.8e-13
26.520000	0.000000	1.8e-13
26.530000	0.000000	1.7e-13
26.540000	0.000000	1.7e-13
26.550000	0.000000	1.7e-13
26.560000	0.000000	1.7e-13
26.570000	0.000000	1.6e-13
26.580000	0.000000	1.6e-13
26.590000	0.000000	1.6e-13
26.600000	0.000000	1.6e-13
26.610000	0.000000	1.6e-13
26.620000	0.000000	1.5e-13
26.630000	0.000000	1.5e-13
26.640000	0.000000	1.5e-13
26.650000	0.000000	1.5e-13
26.660000	0.000000	1.5e-13
26.670000	0.000000	1.4e-13
26.680000	0.000000	1.4e-13
26.690000	0.000000	1.4e-13
26.700000	0.000000	1.4e-13
26.710000	0.000000	1.4e-13
26.720000	0.000000	1.3e-13
26.730000	0.000000	1.3e-13
26.740000	0.000000	1.3e-13
26.750000	0.000000	1.3e-13
26.760000	0.000000	1.3e-13
26.770000	0.000000	1.2e-13
26.780000	0.000000	1.2e-13
26.790000	0.000000	1.2e-13
26.800000	0.000000	1.2e-13
26.810000	0.000000	1.2e-13
26.820000	0.000000	1.2e-13
26.830000	0.000000	1.1e-13
26.840000	0.000000	1.1e-13
26.850000	0.000000	1.1e-13
26.860000	0.000000	1.1e-13
26.870000	0.000000	1.1e-13
26.880000	0.000000	1.1e-13
26.890000	0.000000	1.0e-13
26.900000	0.000000	1.0e-13
26.910000	0.000000	1.0e-13
26.920000	0.000000	1.0e-13
26.930000	0.000000	9.9e-14
26.940000	0.000000	9.8e-14
26.950000	0.000000	9.7e-14
26.960000	0.000000	9.5e-14
26.970000	0.000000	9.4e-14
26.980000	0.000000	9.3e-14
26.990000	0.000000	9.1e-14
27.000000	0.000000	9.0e-14
27.010000	0.000000	8.9e-14
27.020000	0.000000	8.8e-14
27.030000	0.000000	8.6e-14
27.040000	0.000000	8.5e-14
27.050000	0.000000	8.4e-14
27.060000	0.000000	8.2e-14
27.070000	0.000000	8.1e-14
27.080000	0.000000	8.0e-14
27.090000	0.000000	7.9e-14
27.100000	0.000000	7.7e-14
27.110000	0.000000	7.6e-14
27.120000	0.000000	7.5e-14
27.130000	0.000000	7.4e-14
27.140000	0.000000	7.3e-14
27.150000	0.000000	7.2e-14
27.160000	0.000000	7.1e-14
27.170000	0.000000	7.0e-14
27.180000	0.000000	6.9e-14
27.190000	0.000000	6.8e-14
27.200000	0.000000	6.7e-14
27.210000	0.000000	6.6e-14
27.220000	0.000000	6.6e-14
27.230000	0.000000	6.5e-14
27.240000	0.000000	6.4e-14
27.250000	0.000000	6.3e-14
27.260000	0.000000	6.2e-14
27.270000	0.000000	6.1e-14
27.280000	0.000000	6.0e-14
27.290000	0.000000	6.0e-14
27.300000	0.000000	5.9e-14
27.310000	0.000000	5.8e-14
27.320000	0.000000	5.7e-14
27.330000	0.000000	5.6e-14
27.340000	0.000000	5.5e-14
27.350000	0.000000	5.4e-14
27.360000	0.000000	5.4e-14
27.370000	0.000000	5.3e-14
27.380000	0.000000	5.2e-14
27.390000	0.000000	5.1e-14
27.400000	0.000000	5.0e-14
27.410000	0.000000	4.9e-14
27.420000	0.000000	4.9e-14
27.430000	0.000000	4.8e-14
27.440000	0.000000	4.7e-14
27.450000	0.000000	4.7e-14
27.460000	0.000000	4.6e-14
27.470000	0.000000	4.6e-14
27.480000	0.000000	4.5e-14
27.490000	0.000000	4.5e-14
27.500000	0.000000	4.4e-14
27.510000	0.000000	4.3e-14
27.520000	0.000000	4.3e-14
27.530000	0.000000	4.2e-14
27.540000	0.000000	4.2e-14
27.550000	0.000000	4.1e-14
27.560000	0.000000	4.1e-14
27.570000	0.000000	4.0e-14
27.580000	0.000000	3.9e-14
27.590000	0.000000	3.9e-14
27.600000	0.000000	3.8e-14
27.610000	0.000000	3.8e-14
27.620000	0.000000	3.7e-14
27.630000	0.000000	3.7e-14
27.640000	0.000000	3.6e-14
27.650000	0.000000	3.5e-14
27.660000	0.000000	3.5e-14
27.670000	0.000000	3.4e-14
27.680000	0.000000	3.4e-14
27.690000	0.000000	3.3e-14
27.700000	0.000000	3.3e-14
27.710000	0.000000	3.2e-14
27.720000	0.000000	3.2e-14
27.730000	0.000000	3.1e-14
27.740000	0.000000	3.1e-14
27.750000	0.000000	3.1e-14
27.760000	0.000000	3.0e-14
27.770000	0.000000	3.0e-14
27.780000	0.000000	3.0e-14
27.790000	0.000000	2.9e-14
27.800000	0.000000	2.9e-14
27.810000	0.000000	2.8e-14
27.820000	0.000000	2.8e-14
27.830000	0.000000	2.8e-14
27.840000	0.000000	2.7e-14
27.850000	0.000000	2.7e-14
27.860000	0.000000	2.6e-14
27.870000	0.000000	2.6e-14
27.880000	0.000000	2.6e-14
27.890000	0.000000	2.5e-14
27.900000	0.000000	2.5e-14
27.910000	0.000000	2.5e-14
27.920000	0.000000	2.4e-14
27.930000	0.000000	2.4e-14
27.940000	0.000000	2.3e-14
27.950000	0.000000	2.3e-14
27.960000	0.000000	2.3e-14
27.970000	0.000000	2.2e-14
27.980000	0.000000	2.2e-14
27.990000	0.000000	2.2e-14
28.000000	0.000000	2.1e-14
28.010000	0.000000	2.1e-14
28.020000	0.000000	2.1e-14
28.030000	0.000000	2.1e-14
28.040000	0.000000	2.0e-14
28.050000	0.000000	2.0e-14
28.060000	0.000000	2.0e-14
28.070000	0.000000	2.0e-14
28.080000	0.000000	1.9e-14
28.090000	0.000000	1.9e-14
28.100000	0.000000	1.9e-14
28.110000	0.000000	1.9e-14
28.120000	0.000000	1.8e-14
28.130000	0.000000	1.8e-14
28.140000	0.000000	1.8e-14
28.150000	0.000000	1.7e-14
28.160000	0.000000	1.7e-14
28.170000	0.000000	1.7e-14
28.180000	0.000000	1.7e-14
28.190000	0.000000	1.6e-14
28.200000	0.000000	1.6e-14
28.210000	0.000000	1.6e-14
28.220000	0.000000	1.6e-14
28.230000	0.000000	1.5e-14
28.240000	0.000000	1.5e-14
28.250000	0.000000	1.5e-14
28.260000	0.000000	1.5e-14
28.270000	0.000000	1.5e-14
28.280000	0.000000	1.4e-14
28.290000	0.000000	1.4e-14
28.300000	0.000000	1.4e-14
28.310000	0.000000	1.4e-14
28.320000	0.000000	1.4e-14
28.330000	0.000000	1.3e-14
28.340000	0.000000	1.3e-14
28.350000	0.000000	1.3e-14
28.360000	0.000000	1.3e-14
28.370000	0.000000	1.3e-14
28.380000	0.000000	1.3e-14
28.390000	0.000000	1.2e-14
28.400000	0.000000	1.2e-14
28.410000	0.000000	1.2e-14
28.420000	0.000000	1.2e-14
28.430000	0.000000	1.2e-14
28.440000	0.000000	1.2e-14
28.450000	0.000000	1.1e-14
28.460000	0.000000	1.1e-14
28.470000	0.000000	1.1e-14
28.480000	0.000000	1.1e-14
28.490000	0.000000	1.1e-14
28.500000	0.000000	1.1e-14
28.510000	0.000000	1.0e-14
28.520000	0.000000	1.0e-14
28.530000	0.000000	1.0e-14
28.540000	0.000000	9.9e-15
28.550000	0.000000	9.7e-15
28.560000	0.000000	9.6e-15
28.570000	0.000000	9.5e-15
28.580000	0.000000	9.4e-15
28.590000	0.000000	9.3e-15
28.600000	0.000000	9.2e-15
28.610000	0.000000	9.0e-15
28.620000	0.000000	8.9e-15
28.630000	0.000000	8.8e-15
28.640000	0.000000	8.7e-15
28.650000	0.000000	8.6e-15
28.660000	0.000000	8.5e-15
28.670000	0.000000	8.3e-15
28.680000	0.000000	8.2e-15
28.690000	0.000000	8.1e-15
28.700000	0.000000	8.0e-15
28.710000	0.000000	7.9e-15
28.720000	0.000000	7.8e-15
28.730000	0.000000	7.7e-15
28.740000	0.000000	7.5e-15
28.750000	0.000000	7.4e-15
28.760000	0.000000	7.3e-15
28.770000	0.000000	7.2e-15
28.780000	0.000000	7.1e-15
28.790000	0.000000	7.0e-15
28.800000	0.000000	6.9e-15
28.810000	0.000000	6.7e-15
28.820000	0.000000	6.6e-15
28.830000	0.000000	6.5e-15
28.840000	0.000000	6.5e-15
28.850000	0.000000	6.4e-15
28.860000	0.000000	6.3e-15
28.870000	0.000000	6.2e-15
28.880000	0.000000	6.1e-15
28.890000	0.000000	6.1e-15
28.900000	0.000000	6.0e-15
28.910000	0.000000	5.9e-15
28.920000	0.000000	5.8e-15
28.930000	0.000000	5.8e-15
28.940000	0.000000	5.7e-15
28.950000	0.000000	5.6e-15
28.960000	0.000000	5.5e-15
28.970000	0.000000	5.5e-15
28.980000	0.000000	5.4e-15
28.990000	0.000000	5.3e-15
29.000000	0.000000	5.2e-15
29.010000	0.000000	5.1e-15
29.020000	0.000000	5.1e-15
29.030000	0.000000	5.0e-15
29.040000	0.000000	4.9e-15
29.050000	0.000000	4.8e-15
29.060000	0.000000	4.8e-15
29.070000	0.000000	4.7e-15
29.080000	0.000000	4.6e-15
29.090000	0.000000	4.5e-15
29.100000	0.000000	4.5e-15
29.110000	0.000000	4.4e-15
29.120000	0.000000	4.3e-15
29.130000	0.000000	4.3e-15
29.140000	0.000000	4.2e-15
29.150000	0.000000	4.2e-15
29.160000	0.000000	4.1e-15
29.170000	0.000000	4.1e-15
29.180000	0.000000	4.0e-15
29.190000	0.000000	4.0e-15
29.200000	0.000000	3.9e-15
29.210000	0.000000	3.9e-15
29.220000	0.000000	3.8e-15
29.230000	0.000000	3.8e-15
29.240000	0.000000	3.7e-15
29.250000	0.000000	3.7e-15
29.260000	0.000000	3.6e-15
29.270000	0.000000	3.6e-15
29.280000	0.000000	3.5e-15
29.290000	0.000000	3.5e-15
29.300000	0.000000	3.4e-15
29.310000	0.000000	3.4e-15
29.320000	0.000000	3.3e-15
29.330000	0.000000	3.2e-15
29.340000	0.000000	3.2e-15
29.350000	0.000000	3.1e-15
29.360000	0.000000	3.1e-15
29.370000	0.000000	3.0e-15
29.380000	0.000000	3.0e-15
29.390000	0.000000	3.0e-15
29.400000	0.000000	2.9e-15
29.410000	0.000000	2.9e-15
29.420000	0.000000	2.8e-15
29.430000	0.000000	2.8e-15
29.440000	0.000000	2.8e-15
29.450000	0.000000	2.7e-15
29.460000	0.000000	2.7e-15
29.470000	0.000000	2.7e-15
29.480000	0.000000	2.6e-15
29.490000	0.000000	2.6e-15
29.500000	0.000000	2.6e-15
29.510000	0.000000	2.5e-15
29.520000	0.000000	2.5e-15
29.530000	0.000000	2.5e-15
29.540000	0.000000	2.4e-15
29.550000	0.000000	2.4e-15
29.560000	0.000000	2.4e-15
29.570000	0.000000	2.3e-15
29.580000	0.000000	2.3e-15
29.590000	0.000000	2.3e-15
29.600000	0.000000	2.2e-15
29.610000	0.000000	2.2e-15
29.620000	0.000000	2.1e-15
29.630000	0.000000	2.1e-15
29.640000	0.000000	2.1e-15
29.650000	0.000000	2.0e-15
29.660000	0.000000	2.0e-15
29.670000	0.000000	2.0e-15
29.680000	0.000000	2.0e-15
29.690000	0.000000	1.9e-15
29.700000	0.000000	1.9e-15
29.710000	0.000000	1.9e-15
29.720000	0.000000	1.9e-15
29.730000	0.000000	1.8e-15
29.740000	0.000000	1.8e-15
29.750000	0.000000	1.8e-15
29.760000	0.000000	1.8e-15
29.770000	0.000000	1.7e-15
29.780000	0.000000	1.7e-15
29.790000	0.000000	1.7e-15
29.800000	0.000000	1.7e-15
29.810000	0.000000	1.7e-15
29.820000	0.000000	1.6e-15
29.830000	0.000000	1.6e-15
29.840000	0.000000	1.6e-15
29.850000	0.000000	1.6e-15
29.860000	0.000000	1.5e-15
29.870000	0.000000	1.5e-15
29.880000	0.000000	1.5e-15
29.890000	0.000000	1.5e-15
29.900000	0.000000	1.4e-15
29.910000	0.000000	1.4e-15
29.920000	0.000000	1.4e-15
29.930000	0.000000	1.4e-15
29.940000	0.000000	1.4e-15
29.950000	0.000000	1.3e-15
29.960000	0.000000	1.3e-15
29.970000	0.000000	1.3e-15
29.980000	0.000000	1.3e-15
29.990000	0.000000	1.3e-15
30.000000	0.000000	1.2e-15
30.010000	0.000000	1.2e-15
30.020000	0.000000	1.2e-15
30.030000	0.000000	1.2e-15
30.040000	0.000000	1.2e-15
30.050000	0.000000	1.2e-15
30.060000	0.000000	1.2e-15
30.070000	0.000000	1.1e-15
30.080000	0.000000	1.1e-15
30.090000	0.000000	1.1e-15
