0.100000	0.000000	301503.507754
0.110000	0.000000	179856.682936
0.120000	0.000000	172015.271712
0.130000	0.000000	156179.827530
0.140000	0.000000	144368.557490
0.150000	0.000000	124119.242576
0.160000	0.000000	116668.572078
0.170000	0.000000	104190.515321
0.180000	0.000000	94551.895427
0.190000	0.000000	90188.742371
0.200000	0.000000	81065.565528
0.210000	0.000000	78527.017863
0.220000	0.000000	79249.607446
0.230000	0.000000	69182.021368
0.240000	0.000000	70905.072855
0.250000	0.000000	66063.880862
0.260000	0.000000	58557.515809
0.270000	0.000000	56919.289355
0.280000	0.000000	55943.870816
0.290000	0.000000	52550.543943
0.300000	0.000000	49955.896903
0.310000	0.000000	48622.291909
0.320000	0.000000	48000.737242
0.330000	0.000000	46796.146092
0.340000	0.000000	44929.591915
0.350000	0.000000	42945.951920
0.360000	0.000000	71640.063872
0.370000	0.000000	146786.285796
0.380000	0.000000	158609.033584
0.390000	0.000000	72666.157540
0.400000	0.000000	166643.075197
0.410000	0.000000	39522.090845
0.420000	0.000000	89659.925475
0.430000	0.000000	68414.825713
0.440000	0.000000	80260.145569
0.450000	0.000000	35292.528612
0.460000	0.000000	29547.017119
0.470000	0.000000	29098.023171
0.480000	0.000000	91275.214643
0.490000	0.000000	60172.969117
0.500000	0.000000	45991.661762
0.510000	0.000000	40081.919882
0.520000	0.000000	25811.090163
0.530000	0.000000	35409.646043
0.540000	0.000000	40958.785168
0.550000	0.000000	24226.384037
0.560000	0.000000	28608.383442
0.570000	0.000000	41273.794990
0.580000	0.000000	37414.579956
0.590000	0.000000	31136.349395
0.600000	0.000000	39402.717621
0.610000	0.000000	22011.870059
0.620000	0.000000	23300.548555
0.630000	0.000000	27339.036946
0.640000	0.000000	25816.800225
0.650000	0.000000	66747.897806
0.660000	0.000000	45885.641779
0.670000	0.000000	22363.227374
0.680000	0.000000	21053.525559
0.690000	0.000000	20363.745331
0.700000	0.000000	20914.771490
0.710000	0.000000	22116.776312
0.720000	0.000000	21557.626870
0.730000	0.000000	27423.518173
0.740000	0.000000	17940.301469
0.750000	0.000000	16602.224730
0.760000	0.000000	16386.456603
0.770000	0.000000	26988.483175
0.780000	0.000000	16346.195976
0.790000	0.000000	16796.696698
0.800000	0.000000	16999.274868
0.810000	0.000000	18676.790741
0.820000	0.000000	16962.456721
0.830000	0.000000	16344.735288
0.840000	0.000000	16039.252896
0.850000	0.000000	15326.371943
0.860000	0.000000	14842.349754
0.870000	0.000000	14964.823137
0.880000	0.000000	15264.157276
0.890000	0.000000	14657.360938
0.900000	0.000000	14804.181773
0.910000	0.000000	15305.105177
0.920000	0.000000	14758.444180
0.930000	0.000000	15733.727577
0.940000	0.000000	14494.886586
0.950000	0.000000	14919.936081
0.960000	0.000000	14745.993938
0.970000	0.000000	16039.645552
0.980000	0.000000	14623.147059
0.990000	0.000000	15954.484945
1.000000	0.000000	16938.407775
1.010000	0.000000	28334.431438
1.020000	0.000000	27281.860188
1.030000	0.000000	16592.717174
1.040000	0.000000	25622.320722
1.050000	0.000000	33447.917331
1.060000	0.000000	14363.263520
1.070000	0.000000	16737.492586
1.080000	0.000000	27949.874438
1.090000	0.000000	15521.983861
1.100000	0.000000	44422.481016
1.110000	0.000000	12605.694535
1.120000	0.000000	39434.414881
1.130000	0.000000	16354.777452
1.140000	0.000000	11814.316212
1.150000	0.000000	19162.135704
1.160000	0.000000	27642.952345
1.170000	0.000000	18709.531404
1.180000	0.000000	10980.055335
1.190000	0.000000	11103.979741
1.200000	0.000000	11990.846180
1.210000	0.000000	12134.868890
1.220000	0.000000	10530.547928
1.230000	0.000000	11076.885129
1.240000	0.000000	11209.525492
1.250000	0.000000	10108.103850
1.260000	0.000000	10127.201477
1.270000	0.000000	11091.798643
1.280000	0.000000	9924.463823
1.290000	0.000000	10766.656421
1.300000	0.000000	10203.249340
1.310000	0.000000	10639.225046
1.320000	0.000000	10542.376288
1.330000	0.000000	10048.872704
1.340000	0.000000	9684.068872
1.350000	0.000000	9622.840236
1.360000	0.000000	9970.016008
1.370000	0.000000	10191.083850
1.380000	0.000000	9995.409023
1.390000	0.000000	10353.019011
1.400000	0.000000	10837.332161
1.410000	0.000000	9176.689895
1.420000	0.000000	9481.919708
1.430000	0.000000	9314.417087
1.440000	0.000000	8906.799462
1.450000	0.000000	9007.426968
1.460000	0.000000	8696.695373
1.470000	0.000000	9489.895089
1.480000	0.000000	11306.900676
1.490000	0.000000	11279.559235
1.500000	0.000000	10240.246806
1.510000	0.000000	8953.790558
1.520000	0.000000	8378.797097
1.530000	0.000000	8266.262535
1.540000	0.000000	9710.943473
1.550000	0.000000	10969.794870
1.560000	0.000000	8350.031361
1.570000	0.000000	8541.365039
1.580000	0.000000	7892.516485
1.590000	0.000000	7843.395814
1.600000	0.000000	7952.536176
1.610000	0.000000	7907.702143
1.620000	0.000000	7589.396739
1.630000	0.000000	7532.058880
1.640000	0.000000	7430.517752
1.650000	0.000000	8562.703909
1.660000	0.000000	8480.377387
1.670000	0.000000	7981.142709
1.680000	0.000000	7534.379579
1.690000	0.000000	7257.358961
1.700000	0.000000	7210.053045
1.710000	0.000000	7171.457881
1.720000	0.000000	7451.820836
1.730000	0.000000	7976.322656
1.740000	0.000000	7079.199978
1.750000	0.000000	7556.268053
1.760000	0.000000	7147.916788
1.770000	0.000000	7026.323660
1.780000	0.000000	6676.142465
1.790000	0.000000	6628.144856
1.800000	0.000000	6729.127289
1.810000	0.000000	7033.670714
1.820000	0.000000	6898.933373
1.830000	0.000000	6634.861641
1.840000	0.000000	6454.667490
1.850000	0.000000	6341.689002
1.860000	0.000000	6270.198863
1.870000	0.000000	6353.429555
1.880000	0.000000	6375.530855
1.890000	0.000000	6136.205442
1.900000	0.000000	6088.415127
1.910000	0.000000	6032.157905
1.920000	0.000000	5987.374507
1.930000	0.000000	5942.966547
1.940000	0.000000	5963.341929
1.950000	0.000000	5881.919184
1.960000	0.000000	5806.052703
1.970000	0.000000	5773.890904
1.980000	0.000000	5733.581856
1.990000	0.000000	5689.886197
2.000000	0.000000	5651.811872
2.010000	0.000000	5606.120853
2.020000	0.000000	5578.908252
2.030000	0.000000	5534.760235
2.040000	0.000000	5480.698486
2.050000	0.000000	5449.310866
2.060000	0.000000	5398.756696
2.070000	0.000000	5343.129994
2.080000	0.000000	5303.703253
2.090000	0.000000	5252.087606
2.100000	0.000000	5208.981784
2.110000	0.000000	5158.649913
2.120000	0.000000	5102.690920
2.130000	0.000000	5049.462516
2.140000	0.000000	4963.941581
2.150000	0.000000	4926.517136
2.160000	0.000000	4839.620915
2.170000	0.000000	4762.602008
2.180000	0.000000	4698.237903
2.190000	0.000000	4635.544519
2.200000	0.000000	4574.097370
2.210000	0.000000	4508.905859
2.220000	0.000000	4441.277124
2.230000	0.000000	4378.640279
2.240000	0.000000	4316.925565
2.250000	0.000000	4255.212712
2.260000	0.000000	4193.586124
2.270000	0.000000	4133.606721
2.280000	0.000000	4067.968195
2.290000	0.000000	4006.708889
2.300000	0.000000	4035.725308
2.310000	0.000000	3896.462710
2.320000	0.000000	3796.637977
2.330000	0.000000	3707.698734
2.340000	0.000000	3618.160119
2.350000	0.000000	3526.578615
2.360000	0.000000	3434.632291
2.370000	0.000000	3515.897904
2.380000	0.000000	3490.881162
2.390000	0.000000	3161.269331
2.400000	0.000000	3269.047741
2.410000	0.000000	3636.889840
2.420000	0.000000	39725.126230
2.430000	0.000000	275207.311431
2.440000	0.000000	134069.334788
2.450000	0.000000	52162.223155
2.460000	0.000000	620755.281063
2.470000	0.000000	83194.645859
2.480000	0.000000	2404.407102
2.490000	0.000000	2337.737391
2.500000	0.000000	2271.193043
2.510000	0.000000	2208.816606
2.520000	0.000000	2141.153762
2.530000	0.000000	2071.807412
2.540000	0.000000	2005.356425
2.550000	0.000000	2351.977981
2.560000	0.000000	2656.671804
2.570000	0.000000	1839.073217
2.580000	0.000000	7499.480903
2.590000	0.000000	31371.370716
2.600000	0.000000	34045.699754
2.610000	0.000000	371850.809622
2.620000	0.000000	725745.796034
2.630000	0.000000	54745.694344
2.640000	0.000000	1353.913493
2.650000	0.000000	1341.365069
2.660000	0.000000	1330.022915
2.670000	0.000000	1319.125856
2.680000	0.000000	1308.136856
2.690000	0.000000	1297.166256
2.700000	0.000000	1286.772722
2.710000	0.000000	1275.905430
2.720000	0.000000	1269.251990
2.730000	0.000000	1263.508855
2.740000	0.000000	1251.767584
2.750000	0.000000	1263.301932
2.760000	0.000000	1226.873294
2.770000	0.000000	1234.879166
2.780000	0.000000	1298.357274
2.790000	0.000000	1282.919963
2.800000	0.000000	1503.435822
2.810000	0.000000	1230.425378
2.820000	0.000000	5221.465413
2.830000	0.000000	2981.234877
2.840000	0.000000	1383.640577
2.850000	0.000000	1160.174287
2.860000	0.000000	1115.284878
2.870000	0.000000	49389.926291
2.880000	0.000000	62050.261142
2.890000	0.000000	1084.973719
2.900000	0.000000	1074.968200
2.910000	0.000000	1064.847314
2.920000	0.000000	1055.404979
2.930000	0.000000	1049.017097
2.940000	0.000000	1097.858906
2.950000	0.000000	3272.828688
2.960000	0.000000	1759.938528
2.970000	0.000000	1084.124810
2.980000	0.000000	1075.613833
2.990000	0.000000	1012.012721
3.000000	0.000000	981.820381
3.010000	0.000000	1733.082865
3.020000	0.000000	22840.785420
3.030000	0.000000	18947.645018
3.040000	0.000000	2743.477894
3.050000	0.000000	3196.406031
3.060000	0.000000	1642.177193
3.070000	0.000000	922.608644
3.080000	0.000000	917.529812
3.090000	0.000000	22631.671647
3.100000	0.000000	144168.129311
3.110000	0.000000	944.069371
3.120000	0.000000	1210.873148
3.130000	0.000000	12156.317421
3.140000	0.000000	2215.690100
3.150000	0.000000	6140.251832
3.160000	0.000000	2396.150261
3.170000	0.000000	3762.709772
3.180000	0.000000	5175.223857
3.190000	0.000000	2978.829582
3.200000	0.000000	1058.271857
3.210000	0.000000	1038.195516
3.220000	0.000000	1249.650944
3.230000	0.000000	1235.352205
3.240000	0.000000	1230.045453
3.250000	0.000000	1264.030467
3.260000	0.000000	7032.307399
3.270000	0.000000	43057.132672
3.280000	0.000000	1353.142002
3.290000	0.000000	1201.594999
3.300000	0.000000	1191.675820
3.310000	0.000000	1406.970436
3.320000	0.000000	1614.262161
3.330000	0.000000	1277.757004
3.340000	0.000000	1144.434438
3.350000	0.000000	13553.705061
3.360000	0.000000	10007.484656
3.370000	0.000000	1120.854647
3.380000	0.000000	1113.295514
3.390000	0.000000	5037.273032
3.400000	0.000000	8568.130826
3.410000	0.000000	2700.416172
3.420000	0.000000	6605.051827
3.430000	0.000000	1568.885009
3.440000	0.000000	5413.598364
3.450000	0.000000	5423.370804
3.460000	0.000000	1112.750756
3.470000	0.000000	1070.058275
3.480000	0.000000	1043.598053
3.490000	0.000000	1725.320883
3.500000	0.000000	2110.243855
3.510000	0.000000	2140.477128
3.520000	0.000000	2108.198243
3.530000	0.000000	2094.595419
3.540000	0.000000	2081.873489
3.550000	0.000000	2069.703716
3.560000	0.000000	2057.288264
3.570000	0.000000	2044.061646
3.580000	0.000000	2032.102047
3.590000	0.000000	2019.123922
3.600000	0.000000	2008.224848
3.610000	0.000000	2008.724855
3.620000	0.000000	1984.073442
3.630000	0.000000	1967.197292
3.640000	0.000000	1954.791111
3.650000	0.000000	1942.078027
3.660000	0.000000	1930.547122
3.670000	0.000000	1922.598163
3.680000	0.000000	2015.288901
3.690000	0.000000	1970.362717
3.700000	0.000000	1889.133322
3.710000	0.000000	1867.779541
3.720000	0.000000	1854.702153
3.730000	0.000000	1842.253466
3.740000	0.000000	1829.864103
3.750000	0.000000	1817.484279
3.760000	0.000000	1805.066018
3.770000	0.000000	1793.454645
3.780000	0.000000	1789.065844
3.790000	0.000000	1772.046931
3.800000	0.000000	1757.093534
3.810000	0.000000	1744.482252
3.820000	0.000000	1732.182048
3.830000	0.000000	1721.505566
3.840000	0.000000	1713.027157
3.850000	0.000000	1878.968335
3.860000	0.000000	1885.169519
3.870000	0.000000	1815.597001
3.880000	0.000000	1799.042909
3.890000	0.000000	2012.780876
3.900000	0.000000	2125.685010
3.910000	0.000000	1625.055943
3.920000	0.000000	1630.310467
3.930000	0.000000	1675.623697
3.940000	0.000000	1589.387757
3.950000	0.000000	1577.849404
3.960000	0.000000	1591.350877
3.970000	0.000000	1554.477264
3.980000	0.000000	1541.223308
3.990000	0.000000	1529.404623
4.000000	0.000000	1529.309556
4.010000	0.000000	1510.547993
4.020000	0.000000	1494.413337
4.030000	0.000000	1487.822886
4.040000	0.000000	1475.549929
4.050000	0.000000	1462.264398
4.060000	0.000000	1458.907602
4.070000	0.000000	1452.081442
4.080000	0.000000	1432.541262
4.090000	0.000000	1444.014491
4.100000	0.000000	1526.634823
4.110000	0.000000	1407.227163
4.120000	0.000000	1394.846251
4.130000	0.000000	1380.618454
4.140000	0.000000	1397.940566
4.150000	0.000000	1367.637186
4.160000	0.000000	1355.586901
4.170000	0.000000	1347.303391
4.180000	0.000000	1338.907185
4.190000	0.000000	1330.530834
4.200000	0.000000	1322.197300
4.210000	0.000000	1313.864340
4.220000	0.000000	1305.550703
4.230000	0.000000	1297.489844
4.240000	0.000000	1293.274701
4.250000	0.000000	1290.723261
4.260000	0.000000	1273.399818
4.270000	0.000000	1265.530416
4.280000	0.000000	1257.435392
4.290000	0.000000	1249.359567
4.300000	0.000000	1247.367427
4.310000	0.000000	1233.777194
4.320000	0.000000	1225.015867
4.330000	0.000000	1221.820846
4.340000	0.000000	1210.666094
4.350000	0.000000	1202.756657
4.360000	0.000000	1195.010437
4.370000	0.000000	1186.474443
4.380000	0.000000	1178.499432
4.390000	0.000000	1170.029735
4.400000	0.000000	1161.161253
4.410000	0.000000	1153.229314
4.420000	0.000000	1145.621185
4.430000	0.000000	1138.551674
4.440000	0.000000	1129.900509
4.450000	0.000000	1121.961783
4.460000	0.000000	1113.991157
4.470000	0.000000	1105.713923
4.480000	0.000000	1099.209125
4.490000	0.000000	1090.019999
4.500000	0.000000	1093.074029
4.510000	0.000000	1080.247985
4.520000	0.000000	1067.027557
4.530000	0.000000	1058.293813
4.540000	0.000000	1050.310029
4.550000	0.000000	1042.172594
4.560000	0.000000	1034.300705
4.570000	0.000000	1057.932874
4.580000	0.000000	1086.602974
4.590000	0.000000	1010.813305
4.600000	0.000000	1003.004987
4.610000	0.000000	995.259182
4.620000	0.000000	987.997382
4.630000	0.000000	979.295807
4.640000	0.000000	971.262201
4.650000	0.000000	963.450193
4.660000	0.000000	955.717221
4.670000	0.000000	949.246897
4.680000	0.000000	943.752834
4.690000	0.000000	941.791949
4.700000	0.000000	937.259747
4.710000	0.000000	930.561706
4.720000	0.000000	928.659029
4.730000	0.000000	925.022416
4.740000	0.000000	918.444844
4.750000	0.000000	917.117258
4.760000	0.000000	900.669825
4.770000	0.000000	894.952721
4.780000	0.000000	889.950189
4.790000	0.000000	884.698271
4.800000	0.000000	878.819702
4.810000	0.000000	874.686525
4.820000	0.000000	894.929635
4.830000	0.000000	868.795087
4.840000	0.000000	857.400330
4.850000	0.000000	855.780359
4.860000	0.000000	854.955499
4.870000	0.000000	845.655219
4.880000	0.000000	835.996806
4.890000	0.000000	830.699608
4.900000	0.000000	825.403884
4.910000	0.000000	820.115596
4.920000	0.000000	817.925776
4.930000	0.000000	819.808653
4.940000	0.000000	804.365744
4.950000	0.000000	799.031828
4.960000	0.000000	794.100943
4.970000	0.000000	788.987107
4.980000	0.000000	789.061268
4.990000	0.000000	778.394656
5.000000	0.000000	772.231911
5.010000	0.000000	766.962120
5.020000	0.000000	764.530992
5.030000	0.000000	758.076601
5.040000	0.000000	752.654545
5.050000	0.000000	747.878235
5.060000	0.000000	741.574929
5.070000	0.000000	736.164738
5.080000	0.000000	731.066536
5.090000	0.000000	725.070861
5.100000	0.000000	719.861302
5.110000	0.000000	715.152919
5.120000	0.000000	713.953765
5.130000	0.000000	704.528827
5.140000	0.000000	699.058930
5.150000	0.000000	694.407240
5.160000	0.000000	688.909671
5.170000	0.000000	683.709221
5.180000	0.000000	678.512299
5.190000	0.000000	673.279109
5.200000	0.000000	668.564329
5.210000	0.000000	663.204392
5.220000	0.000000	657.650620
5.230000	0.000000	652.589984
5.240000	0.000000	648.233154
5.250000	0.000000	644.124869
5.260000	0.000000	638.442492
5.270000	0.000000	634.810717
5.280000	0.000000	631.180993
5.290000	0.000000	627.562751
5.300000	0.000000	623.829053
5.310000	0.000000	621.148439
5.320000	0.000000	616.620442
5.330000	0.000000	612.991091
5.340000	0.000000	609.464057
5.350000	0.000000	606.426440
5.360000	0.000000	602.661330
5.370000	0.000000	599.101088
5.380000	0.000000	595.595913
5.390000	0.000000	592.043943
5.400000	0.000000	588.590363
5.410000	0.000000	584.964738
5.420000	0.000000	581.325912
5.430000	0.000000	577.831527
5.440000	0.000000	574.343293
5.450000	0.000000	570.819031
5.460000	0.000000	567.286361
5.470000	0.000000	563.718675
5.480000	0.000000	560.146203
5.490000	0.000000	557.088188
5.500000	0.000000	553.271103
5.510000	0.000000	549.706291
5.520000	0.000000	546.143316
5.530000	0.000000	542.808168
5.540000	0.000000	539.357878
5.550000	0.000000	535.678994
5.560000	0.000000	532.158726
5.570000	0.000000	529.408311
5.580000	0.000000	526.352176
5.590000	0.000000	521.819345
5.600000	0.000000	518.978723
5.610000	0.000000	518.708862
5.620000	0.000000	528.616052
5.630000	0.000000	522.574020
5.640000	0.000000	513.095853
5.650000	0.000000	512.490624
5.660000	0.000000	507.534437
5.670000	0.000000	531.935955
5.680000	0.000000	501.524207
5.690000	0.000000	486.878255
5.700000	0.000000	483.394486
5.710000	0.000000	479.935463
5.720000	0.000000	476.498581
5.730000	0.000000	473.101218
5.740000	0.000000	469.726472
5.750000	0.000000	466.406339
5.760000	0.000000	463.136666
5.770000	0.000000	459.690012
5.780000	0.000000	456.279944
5.790000	0.000000	452.896705
5.800000	0.000000	449.499953
5.810000	0.000000	445.896090
5.820000	0.000000	442.533070
5.830000	0.000000	439.145630
5.840000	0.000000	435.870683
5.850000	0.000000	433.189884
5.860000	0.000000	431.120640
5.870000	0.000000	428.820654
5.880000	0.000000	426.355562
5.890000	0.000000	423.893170
5.900000	0.000000	421.489289
5.910000	0.000000	419.150303
5.920000	0.000000	416.939661
5.930000	0.000000	414.838237
5.940000	0.000000	411.827824
5.950000	0.000000	409.510480
5.960000	0.000000	407.207243
5.970000	0.000000	404.861734
5.980000	0.000000	402.434295
5.990000	0.000000	400.124202
6.000000	0.000000	398.029380
6.010000	0.000000	395.560240
6.020000	0.000000	393.340298
6.030000	0.000000	391.057031
6.040000	0.000000	388.647264
6.050000	0.000000	386.291889
6.060000	0.000000	384.010980
6.070000	0.000000	381.764255
6.080000	0.000000	379.463410
6.090000	0.000000	377.331662
6.100000	0.000000	375.662015
6.110000	0.000000	374.429988
6.120000	0.000000	379.196312
6.130000	0.000000	372.376333
6.140000	0.000000	368.298434
6.150000	0.000000	368.024981
6.160000	0.000000	364.865493
6.170000	0.000000	371.907116
6.180000	0.000000	359.870363
6.190000	0.000000	354.170260
6.200000	0.000000	351.909512
6.210000	0.000000	349.629446
6.220000	0.000000	347.342724
6.230000	0.000000	345.071111
6.240000	0.000000	342.801164
6.250000	0.000000	340.535881
6.260000	0.000000	338.286148
6.270000	0.000000	336.060996
6.280000	0.000000	333.844995
6.290000	0.000000	331.632877
6.300000	0.000000	329.409091
6.310000	0.000000	327.074456
6.320000	0.000000	324.855251
6.330000	0.000000	322.629754
6.340000	0.000000	320.397452
6.350000	0.000000	318.189449
6.360000	0.000000	315.969627
6.370000	0.000000	313.747170
6.380000	0.000000	311.597800
6.390000	0.000000	309.414919
6.400000	0.000000	307.364384
6.410000	0.000000	305.227540
6.420000	0.000000	302.752449
6.430000	0.000000	300.557938
6.440000	0.000000	298.489231
6.450000	0.000000	296.502059
6.460000	0.000000	295.917297
6.470000	0.000000	297.202587
6.480000	0.000000	291.429480
6.490000	0.000000	291.114054
6.500000	0.000000	288.790837
6.510000	0.000000	286.757047
6.520000	0.000000	285.349254
6.530000	0.000000	304.086645
6.540000	0.000000	311.220617
6.550000	0.000000	294.818182
6.560000	0.000000	286.485309
6.570000	0.000000	314.924133
6.580000	0.000000	333.141696
6.590000	0.000000	310.954636
6.600000	0.000000	389.471511
6.610000	0.000000	625.012193
6.620000	0.000000	667.496453
6.630000	0.000000	868.110689
6.640000	0.000000	871.399347
6.650000	0.000000	1051.235769
6.660000	0.000000	1044.751897
6.670000	0.000000	634.580249
6.680000	0.000000	696.583513
6.690000	0.000000	1740.683536
6.700000	0.000000	882.339864
6.710000	0.000000	265.962235
6.720000	0.000000	255.037321
6.730000	0.000000	251.890923
6.740000	0.000000	250.380982
6.750000	0.000000	248.868571
6.760000	0.000000	247.367235
6.770000	0.000000	245.866323
6.780000	0.000000	244.364799
6.790000	0.000000	242.862912
6.800000	0.000000	241.360271
6.810000	0.000000	239.822921
6.820000	0.000000	238.296949
6.830000	0.000000	236.831031
6.840000	0.000000	235.587542
6.850000	0.000000	233.958940
6.860000	0.000000	232.438407
6.870000	0.000000	231.119232
6.880000	0.000000	229.606371
6.890000	0.000000	228.322521
6.900000	0.000000	227.410502
6.910000	0.000000	228.042137
6.920000	0.000000	227.951763
6.930000	0.000000	224.615559
6.940000	0.000000	224.626443
6.950000	0.000000	223.891754
6.960000	0.000000	220.612372
6.970000	0.000000	227.357539
6.980000	0.000000	214.895675
6.990000	0.000000	213.300399
7.000000	0.000000	211.833625
7.010000	0.000000	210.445731
7.020000	0.000000	209.859539
7.030000	0.000000	207.811389
7.040000	0.000000	206.006324
7.050000	0.000000	204.718937
7.060000	0.000000	203.292183
7.070000	0.000000	201.737434
7.080000	0.000000	200.231087
7.090000	0.000000	198.760202
7.100000	0.000000	197.525208
7.110000	0.000000	196.534658
7.120000	0.000000	195.436478
7.130000	0.000000	194.392573
7.140000	0.000000	193.347279
7.150000	0.000000	192.213940
7.160000	0.000000	191.314687
7.170000	0.000000	190.787090
7.180000	0.000000	189.337822
7.190000	0.000000	188.433969
7.200000	0.000000	187.164900
7.210000	0.000000	185.974283
7.220000	0.000000	184.916207
7.230000	0.000000	183.873962
7.240000	0.000000	182.843018
7.250000	0.000000	181.886626
7.260000	0.000000	181.291242
7.270000	0.000000	180.720009
7.280000	0.000000	178.971511
7.290000	0.000000	177.754843
7.300000	0.000000	176.749285
7.310000	0.000000	175.742450
7.320000	0.000000	174.677081
7.330000	0.000000	173.820010
7.340000	0.000000	172.692223
7.350000	0.000000	171.671881
7.360000	0.000000	170.750561
7.370000	0.000000	169.707007
7.380000	0.000000	168.726783
7.390000	0.000000	167.751547
7.400000	0.000000	166.769340
7.410000	0.000000	165.784258
7.420000	0.000000	164.783758
7.430000	0.000000	163.812504
7.440000	0.000000	162.829516
7.450000	0.000000	161.854389
7.460000	0.000000	160.888727
7.470000	0.000000	159.905296
7.480000	0.000000	158.949108
7.490000	0.000000	157.897704
7.500000	0.000000	156.922560
7.510000	0.000000	155.950555
7.520000	0.000000	155.300933
7.530000	0.000000	154.181271
7.540000	0.000000	153.122344
7.550000	0.000000	152.336973
7.560000	0.000000	151.321307
7.570000	0.000000	150.199185
7.580000	0.000000	149.203393
7.590000	0.000000	148.203961
7.600000	0.000000	147.240894
7.610000	0.000000	146.437718
7.620000	0.000000	145.913052
7.630000	0.000000	145.135230
7.640000	0.000000	144.129991
7.650000	0.000000	142.621344
7.660000	0.000000	141.566117
7.670000	0.000000	140.426053
7.680000	0.000000	140.776063
7.690000	0.000000	139.061944
7.700000	0.000000	138.983437
7.710000	0.000000	140.719779
7.720000	0.000000	149.425331
7.730000	0.000000	153.673722
7.740000	0.000000	145.643588
7.750000	0.000000	146.810154
7.760000	0.000000	159.437651
7.770000	0.000000	180.370146
7.780000	0.000000	224.874563
7.790000	0.000000	160.140235
7.800000	0.000000	158.239228
7.810000	0.000000	129.876525
7.820000	0.000000	138.618213
7.830000	0.000000	130.656349
7.840000	0.000000	126.830407
7.850000	0.000000	125.807521
7.860000	0.000000	144.766744
7.870000	0.000000	225.565822
7.880000	0.000000	171.614711
7.890000	0.000000	123.050623
7.900000	0.000000	122.363540
7.910000	0.000000	121.730293
7.920000	0.000000	121.063717
7.930000	0.000000	120.306977
7.940000	0.000000	119.623544
7.950000	0.000000	118.946623
7.960000	0.000000	118.300422
7.970000	0.000000	117.748796
7.980000	0.000000	116.986323
7.990000	0.000000	116.294420
8.000000	0.000000	115.637409
8.010000	0.000000	115.019838
8.020000	0.000000	114.344023
8.030000	0.000000	113.717014
8.040000	0.000000	113.058521
8.050000	0.000000	112.418307
8.060000	0.000000	111.764677
8.070000	0.000000	111.096873
8.080000	0.000000	110.446394
8.090000	0.000000	110.070545
8.100000	0.000000	109.742812
8.110000	0.000000	108.809943
8.120000	0.000000	108.155358
8.130000	0.000000	107.592870
8.140000	0.000000	107.135917
8.150000	0.000000	106.173304
8.160000	0.000000	156.413802
8.170000	0.000000	108.335114
8.180000	0.000000	111.451981
8.190000	0.000000	106.166224
8.200000	0.000000	102.995146
8.210000	0.000000	109.012004
8.220000	0.000000	105.509327
8.230000	0.000000	100.782869
8.240000	0.000000	100.551111
8.250000	0.000000	100.004946
8.260000	0.000000	98.717885
8.270000	0.000000	98.071846
8.280000	0.000000	107.813874
8.290000	0.000000	133.738144
8.300000	0.000000	96.179231
8.310000	0.000000	95.588235
8.320000	0.000000	94.845449
8.330000	0.000000	94.288777
8.340000	0.000000	114.488515
8.350000	0.000000	96.226485
8.360000	0.000000	96.112178
8.370000	0.000000	92.943928
8.380000	0.000000	91.145795
8.390000	0.000000	93.176959
8.400000	0.000000	91.823224
8.410000	0.000000	89.170701
8.420000	0.000000	88.708706
8.430000	0.000000	88.251059
8.440000	0.000000	87.793421
8.450000	0.000000	87.335383
8.460000	0.000000	86.877779
8.470000	0.000000	88.155887
8.480000	0.000000	104.005180
8.490000	0.000000	85.488039
8.500000	0.000000	85.015731
8.510000	0.000000	84.558100
8.520000	0.000000	84.100536
8.530000	0.000000	83.644986
8.540000	0.000000	83.187316
8.550000	0.000000	82.736914
8.560000	0.000000	82.334839
8.570000	0.000000	81.884858
8.580000	0.000000	85.901842
8.590000	0.000000	86.861779
8.600000	0.000000	80.519336
8.610000	0.000000	80.055964
8.620000	0.000000	79.611617
8.630000	0.000000	79.167523
8.640000	0.000000	79.187692
8.650000	0.000000	83.980864
8.660000	0.000000	77.833705
8.670000	0.000000	77.392559
8.680000	0.000000	77.389878
8.690000	0.000000	79.550729
8.700000	0.000000	76.935050
8.710000	0.000000	77.301643
8.720000	0.000000	76.078529
8.730000	0.000000	75.780085
8.740000	0.000000	75.203351
8.750000	0.000000	73.932139
8.760000	0.000000	73.508294
8.770000	0.000000	73.073293
8.780000	0.000000	72.628974
8.790000	0.000000	72.200558
8.800000	0.000000	71.775680
8.810000	0.000000	71.332402
8.820000	0.000000	70.926338
8.830000	0.000000	70.797451
8.840000	0.000000	70.363621
8.850000	0.000000	69.929868
8.860000	0.000000	69.496104
8.870000	0.000000	69.063773
8.880000	0.000000	68.632693
8.890000	0.000000	68.201937
8.900000	0.000000	67.868323
8.910000	0.000000	67.426547
8.920000	0.000000	66.905663
8.930000	0.000000	66.472435
8.940000	0.000000	66.040783
8.950000	0.000000	65.609254
8.960000	0.000000	65.177915
8.970000	0.000000	64.746713
8.980000	0.000000	64.318176
8.990000	0.000000	63.929087
9.000000	0.000000	63.425903
9.010000	0.000000	63.094021
9.020000	0.000000	62.855135
9.030000	0.000000	62.208155
9.040000	0.000000	61.789970
9.050000	0.000000	61.394037
9.060000	0.000000	61.221407
9.070000	0.000000	61.622396
9.080000	0.000000	61.135399
9.090000	0.000000	60.082734
9.100000	0.000000	59.695519
9.110000	0.000000	59.342617
9.120000	0.000000	59.109786
9.130000	0.000000	58.718665
9.140000	0.000000	58.326946
9.150000	0.000000	58.026350
9.160000	0.000000	57.842693
9.170000	0.000000	57.616282
9.180000	0.000000	58.412933
9.190000	0.000000	57.013758
9.200000	0.000000	56.502364
9.210000	0.000000	56.203427
9.220000	0.000000	55.904507
9.230000	0.000000	55.605606
9.240000	0.000000	55.307286
9.250000	0.000000	55.008394
9.260000	0.000000	54.708938
9.270000	0.000000	54.410054
9.280000	0.000000	54.111196
9.290000	0.000000	53.812364
9.300000	0.000000	53.513738
9.310000	0.000000	53.216746
9.320000	0.000000	52.920075
9.330000	0.000000	52.605159
9.340000	0.000000	52.297864
9.350000	0.000000	52.003707
9.360000	0.000000	51.711712
9.370000	0.000000	51.420096
9.380000	0.000000	51.128522
9.390000	0.000000	50.836953
9.400000	0.000000	50.545383
9.410000	0.000000	50.253846
9.420000	0.000000	49.962375
9.430000	0.000000	49.671007
9.440000	0.000000	49.389714
9.450000	0.000000	49.112164
9.460000	0.000000	48.802574
9.470000	0.000000	48.510824
9.480000	0.000000	48.223362
9.490000	0.000000	47.925993
9.500000	0.000000	47.625683
9.510000	0.000000	47.327254
9.520000	0.000000	47.751214
9.530000	0.000000	46.894823
9.540000	0.000000	46.564228
9.550000	0.000000	46.215537
9.560000	0.000000	45.908927
9.570000	0.000000	45.715868
9.580000	0.000000	45.401305
9.590000	0.000000	45.026668
9.600000	0.000000	44.736766
9.610000	0.000000	44.446279
9.620000	0.000000	44.159651
9.630000	0.000000	43.874106
9.640000	0.000000	43.588632
9.650000	0.000000	43.333078
9.660000	0.000000	43.489155
9.670000	0.000000	42.713692
9.680000	0.000000	42.428499
9.690000	0.000000	42.142519
9.700000	0.000000	41.858383
9.710000	0.000000	41.573238
9.720000	0.000000	41.286696
9.730000	0.000000	41.220785
9.740000	0.000000	40.898516
9.750000	0.000000	40.556499
9.760000	0.000000	40.358372
9.770000	0.000000	40.113137
9.780000	0.000000	39.937435
9.790000	0.000000	39.773466
9.800000	0.000000	39.512696
9.810000	0.000000	39.312783
9.820000	0.000000	39.112609
9.830000	0.000000	38.909753
9.840000	0.000000	38.699346
9.850000	0.000000	38.499785
9.860000	0.000000	38.300283
9.870000	0.000000	38.100793
9.880000	0.000000	37.926313
9.890000	0.000000	37.818556
9.900000	0.000000	37.564270
9.910000	0.000000	37.302877
9.920000	0.000000	37.103408
9.930000	0.000000	36.903934
9.940000	0.000000	36.704470
9.950000	0.000000	36.505094
9.960000	0.000000	36.305779
9.970000	0.000000	36.106183
9.980000	0.000000	35.906584
9.990000	0.000000	35.710824
10.000000	0.000000	35.601475
10.010000	0.000000	35.298146
10.020000	0.000000	35.095411
10.030000	0.000000	34.896003
10.040000	0.000000	34.696672
10.050000	0.000000	34.497761
10.060000	0.000000	34.301494
10.070000	0.000000	34.141603
10.080000	0.000000	33.939895
10.090000	0.000000	33.718048
10.100000	0.000000	33.523898
10.110000	0.000000	33.329365
10.120000	0.000000	33.145066
10.130000	0.000000	32.969953
10.140000	0.000000	32.745761
10.150000	0.000000	32.553538
10.160000	0.000000	32.381298
10.170000	0.000000	32.156251
10.180000	0.000000	31.975949
10.190000	0.000000	31.768416
10.200000	0.000000	31.574066
10.210000	0.000000	31.381728
10.220000	0.000000	31.189683
10.230000	0.000000	30.998504
10.240000	0.000000	30.807851
10.250000	0.000000	30.617303
10.260000	0.000000	30.426754
10.270000	0.000000	30.236206
10.280000	0.000000	30.046263
10.290000	0.000000	29.857221
10.300000	0.000000	29.667397
10.310000	0.000000	29.476867
10.320000	0.000000	29.286368
10.330000	0.000000	29.095921
10.340000	0.000000	28.895023
10.350000	0.000000	28.702162
10.360000	0.000000	28.512181
10.370000	0.000000	28.324159
10.380000	0.000000	28.136607
10.390000	0.000000	27.949101
10.400000	0.000000	27.761596
10.410000	0.000000	27.574173
10.420000	0.000000	27.403226
10.430000	0.000000	27.257354
10.440000	0.000000	27.123826
10.450000	0.000000	26.990299
10.460000	0.000000	26.856798
10.470000	0.000000	26.723348
10.480000	0.000000	26.589810
10.490000	0.000000	26.456222
10.500000	0.000000	26.322426
10.510000	0.000000	26.180663
10.520000	0.000000	26.047434
10.530000	0.000000	25.914209
10.540000	0.000000	25.781017
10.550000	0.000000	25.647932
10.560000	0.000000	25.514701
10.570000	0.000000	25.381485
10.580000	0.000000	25.248313
10.590000	0.000000	25.115144
10.600000	0.000000	24.982013
10.610000	0.000000	24.848865
10.620000	0.000000	24.715648
10.630000	0.000000	24.582494
10.640000	0.000000	24.449359
10.650000	0.000000	24.316155
10.660000	0.000000	24.183021
10.670000	0.000000	24.047459
10.680000	0.000000	23.907741
10.690000	0.000000	23.774670
10.700000	0.000000	23.641600
10.710000	0.000000	23.508558
10.720000	0.000000	23.375563
10.730000	0.000000	23.242581
10.740000	0.000000	23.109599
10.750000	0.000000	22.976617
10.760000	0.000000	22.843645
10.770000	0.000000	22.711509
10.780000	0.000000	22.580900
10.790000	0.000000	22.451093
10.800000	0.000000	22.321313
10.810000	0.000000	22.191684
10.820000	0.000000	22.062392
10.830000	0.000000	21.933133
10.840000	0.000000	21.799740
10.850000	0.000000	21.666012
10.860000	0.000000	21.537186
10.870000	0.000000	21.409496
10.880000	0.000000	21.282162
10.890000	0.000000	21.154878
10.900000	0.000000	21.027602
10.910000	0.000000	20.900332
10.920000	0.000000	20.773062
10.930000	0.000000	20.645793
10.940000	0.000000	20.518525
10.950000	0.000000	20.391263
10.960000	0.000000	20.264023
10.970000	0.000000	20.136812
10.980000	0.000000	20.009615
10.990000	0.000000	19.882528
11.000000	0.000000	19.756473
11.010000	0.000000	19.625568
11.020000	0.000000	19.497787
11.030000	0.000000	19.372677
11.040000	0.000000	19.247568
11.050000	0.000000	19.122459
11.060000	0.000000	18.997352
11.070000	0.000000	18.872246
11.080000	0.000000	18.747141
11.090000	0.000000	18.622037
11.100000	0.000000	18.498234
11.110000	0.000000	18.386804
11.120000	0.000000	18.293302
11.130000	0.000000	18.204220
11.140000	0.000000	18.115142
11.150000	0.000000	18.026082
11.160000	0.000000	17.937062
11.170000	0.000000	17.848156
11.180000	0.000000	17.753895
11.190000	0.000000	17.664379
11.200000	0.000000	17.575496
11.210000	0.000000	17.486613
11.220000	0.000000	17.397732
11.230000	0.000000	17.308868
11.240000	0.000000	17.220016
11.250000	0.000000	17.131169
11.260000	0.000000	17.042324
11.270000	0.000000	16.953479
11.280000	0.000000	16.864634
11.290000	0.000000	16.775790
11.300000	0.000000	16.686945
11.310000	0.000000	16.598101
11.320000	0.000000	16.509260
11.330000	0.000000	16.420419
11.340000	0.000000	16.330945
11.350000	0.000000	16.236729
11.360000	0.000000	16.147914
11.370000	0.000000	16.059166
11.380000	0.000000	15.970441
11.390000	0.000000	15.881719
11.400000	0.000000	15.792998
11.410000	0.000000	15.704276
11.420000	0.000000	15.615555
11.430000	0.000000	15.526833
11.440000	0.000000	15.438112
11.450000	0.000000	15.349390
11.460000	0.000000	15.260671
11.470000	0.000000	15.172017
11.480000	0.000000	15.083581
11.490000	0.000000	14.995442
11.500000	0.000000	14.908561
11.510000	0.000000	14.820920
11.520000	0.000000	14.731520
11.530000	0.000000	14.646095
11.540000	0.000000	14.560670
11.550000	0.000000	14.475245
11.560000	0.000000	14.389901
11.570000	0.000000	14.304838
11.580000	0.000000	14.219901
11.590000	0.000000	14.134978
11.600000	0.000000	14.050060
11.610000	0.000000	13.965148
11.620000	0.000000	13.880236
11.630000	0.000000	13.795423
11.640000	0.000000	13.711061
11.650000	0.000000	13.627441
11.660000	0.000000	13.543873
11.670000	0.000000	13.460310
11.680000	0.000000	13.373784
11.690000	0.000000	13.287583
11.700000	0.000000	13.204103
11.710000	0.000000	13.120626
11.720000	0.000000	13.037149
11.730000	0.000000	12.953672
11.740000	0.000000	12.870196
11.750000	0.000000	12.786721
11.760000	0.000000	12.703248
11.770000	0.000000	12.619777
11.780000	0.000000	12.536306
11.790000	0.000000	12.453004
11.800000	0.000000	12.374570
11.810000	0.000000	12.309107
11.820000	0.000000	12.249668
11.830000	0.000000	12.190235
11.840000	0.000000	12.130844
11.850000	0.000000	12.068560
11.860000	0.000000	12.008176
11.870000	0.000000	11.948849
11.880000	0.000000	11.889521
11.890000	0.000000	11.830193
11.900000	0.000000	11.770866
11.910000	0.000000	11.711539
11.920000	0.000000	11.652215
11.930000	0.000000	11.592901
11.940000	0.000000	11.533596
11.950000	0.000000	11.474294
11.960000	0.000000	11.414992
11.970000	0.000000	11.355690
11.980000	0.000000	11.296388
11.990000	0.000000	11.237085
12.000000	0.000000	11.177783
12.010000	0.000000	11.118481
12.020000	0.000000	11.055380
12.030000	0.000000	10.995879
12.040000	0.000000	10.936632
12.050000	0.000000	10.877409
12.060000	0.000000	10.818188
12.070000	0.000000	10.758968
12.080000	0.000000	10.699748
12.090000	0.000000	10.640527
12.100000	0.000000	10.581307
12.110000	0.000000	10.522087
12.120000	0.000000	10.462867
12.130000	0.000000	10.403647
12.140000	0.000000	10.344459
12.150000	0.000000	10.285413
12.160000	0.000000	10.226613
12.170000	0.000000	10.168088
12.180000	0.000000	10.108951
12.190000	0.000000	10.047135
12.200000	0.000000	9.988712
12.210000	0.000000	9.930296
12.220000	0.000000	9.872110
12.230000	0.000000	9.814770
12.240000	0.000000	9.757722
12.250000	0.000000	9.700702
12.260000	0.000000	9.643704
12.270000	0.000000	9.586852
12.280000	0.000000	9.530212
12.290000	0.000000	9.473939
12.300000	0.000000	9.418098
12.310000	0.000000	9.362308
12.320000	0.000000	9.306523
12.330000	0.000000	9.250738
12.340000	0.000000	9.194954
12.350000	0.000000	9.137781
12.360000	0.000000	9.079615
12.370000	0.000000	9.023834
12.380000	0.000000	8.968066
12.390000	0.000000	8.912315
12.400000	0.000000	8.856568
12.410000	0.000000	8.800821
12.420000	0.000000	8.745074
12.430000	0.000000	8.689335
12.440000	0.000000	8.633607
12.450000	0.000000	8.577884
12.460000	0.000000	8.522163
12.470000	0.000000	8.466442
12.480000	0.000000	8.410725
12.490000	0.000000	8.355557
12.500000	0.000000	8.304276
12.510000	0.000000	8.263575
12.520000	0.000000	8.222349
12.530000	0.000000	8.181587
12.540000	0.000000	8.141953
12.550000	0.000000	8.102318
12.560000	0.000000	8.062684
12.570000	0.000000	8.023050
12.580000	0.000000	7.983416
12.590000	0.000000	7.943782
12.600000	0.000000	7.904148
12.610000	0.000000	7.864515
12.620000	0.000000	7.824884
12.630000	0.000000	7.785254
12.640000	0.000000	7.745631
12.650000	0.000000	7.706014
12.660000	0.000000	7.666396
12.670000	0.000000	7.626779
12.680000	0.000000	7.587162
12.690000	0.000000	7.545430
12.700000	0.000000	7.505255
12.710000	0.000000	7.465661
12.720000	0.000000	7.426070
12.730000	0.000000	7.386494
12.740000	0.000000	7.346927
12.750000	0.000000	7.307363
12.760000	0.000000	7.267799
12.770000	0.000000	7.228236
12.780000	0.000000	7.188674
12.790000	0.000000	7.149111
12.800000	0.000000	7.109548
12.810000	0.000000	7.070011
12.820000	0.000000	7.030607
12.830000	0.000000	6.991474
12.840000	0.000000	6.952382
12.850000	0.000000	6.913291
12.860000	0.000000	6.871555
12.870000	0.000000	6.832464
12.880000	0.000000	6.793399
12.890000	0.000000	6.754357
12.900000	0.000000	6.715324
12.910000	0.000000	6.676295
12.920000	0.000000	6.637267
12.930000	0.000000	6.598240
12.940000	0.000000	6.559320
12.950000	0.000000	6.520712
12.960000	0.000000	6.482636
12.970000	0.000000	6.445059
12.980000	0.000000	6.407667
12.990000	0.000000	6.370385
13.000000	0.000000	6.333107
13.010000	0.000000	6.295829
13.020000	0.000000	6.258021
13.030000	0.000000	6.218757
13.040000	0.000000	6.181484
13.050000	0.000000	6.144212
13.060000	0.000000	6.106941
13.070000	0.000000	6.069671
13.080000	0.000000	6.032414
13.090000	0.000000	5.995165
13.100000	0.000000	5.957917
13.110000	0.000000	5.920670
13.120000	0.000000	5.883423
13.130000	0.000000	5.846176
13.140000	0.000000	5.808929
13.150000	0.000000	5.771682
13.160000	0.000000	5.734439
13.170000	0.000000	5.697203
13.180000	0.000000	5.659973
13.190000	0.000000	5.621694
13.200000	0.000000	5.585291
13.210000	0.000000	5.557890
13.220000	0.000000	5.531351
13.230000	0.000000	5.504881
13.240000	0.000000	5.478410
13.250000	0.000000	5.451940
13.260000	0.000000	5.425470
13.270000	0.000000	5.399001
13.280000	0.000000	5.372531
13.290000	0.000000	5.346062
13.300000	0.000000	5.319593
13.310000	0.000000	5.293125
13.320000	0.000000	5.266657
13.330000	0.000000	5.240189
13.340000	0.000000	5.213722
13.350000	0.000000	5.187256
13.360000	0.000000	5.159668
13.370000	0.000000	5.132550
13.380000	0.000000	5.106101
13.390000	0.000000	5.079659
13.400000	0.000000	5.053218
13.410000	0.000000	5.026777
13.420000	0.000000	5.000339
13.430000	0.000000	4.973910
13.440000	0.000000	4.947486
13.450000	0.000000	4.921063
13.460000	0.000000	4.894640
13.470000	0.000000	4.868217
13.480000	0.000000	4.841826
13.490000	0.000000	4.815536
13.500000	0.000000	4.789329
13.510000	0.000000	4.763180
13.520000	0.000000	4.737072
13.530000	0.000000	4.709477
13.540000	0.000000	4.683091
13.550000	0.000000	4.656983
13.560000	0.000000	4.630875
13.570000	0.000000	4.604775
13.580000	0.000000	4.578694
13.590000	0.000000	4.552620
13.600000	0.000000	4.526567
13.610000	0.000000	4.500685
13.620000	0.000000	4.474976
13.630000	0.000000	4.449307
13.640000	0.000000	4.423638
13.650000	0.000000	4.397970
13.660000	0.000000	4.372302
13.670000	0.000000	4.346635
13.680000	0.000000	4.320969
13.690000	0.000000	4.295240
13.700000	0.000000	4.268260
13.710000	0.000000	4.243341
13.720000	0.000000	4.218442
13.730000	0.000000	4.193545
13.740000	0.000000	4.168648
13.750000	0.000000	4.143752
13.760000	0.000000	4.118858
13.770000	0.000000	4.093964
13.780000	0.000000	4.069072
13.790000	0.000000	4.044186
13.800000	0.000000	4.019307
13.810000	0.000000	3.994430
13.820000	0.000000	3.969553
13.830000	0.000000	3.944676
13.840000	0.000000	3.919800
13.850000	0.000000	3.894929
13.860000	0.000000	3.869616
13.870000	0.000000	3.843508
13.880000	0.000000	3.818639
13.890000	0.000000	3.793771
13.900000	0.000000	3.768948
13.910000	0.000000	3.747384
13.920000	0.000000	3.728842
13.930000	0.000000	3.711155
13.940000	0.000000	3.693473
13.950000	0.000000	3.675794
13.960000	0.000000	3.658114
13.970000	0.000000	3.640434
13.980000	0.000000	3.622755
13.990000	0.000000	3.605075
14.000000	0.000000	3.587397
14.010000	0.000000	3.569719
14.020000	0.000000	3.552041
14.030000	0.000000	3.533797
14.040000	0.000000	3.515491
14.050000	0.000000	3.497813
14.060000	0.000000	3.480140
14.070000	0.000000	3.462474
14.080000	0.000000	3.444813
14.090000	0.000000	3.427154
14.100000	0.000000	3.409494
14.110000	0.000000	3.391834
14.120000	0.000000	3.374175
14.130000	0.000000	3.356521
14.140000	0.000000	3.338872
14.150000	0.000000	3.321236
14.160000	0.000000	3.303649
14.170000	0.000000	3.286136
14.180000	0.000000	3.268626
14.190000	0.000000	3.251119
14.200000	0.000000	3.232853
14.210000	0.000000	3.215042
14.220000	0.000000	3.197604
14.230000	0.000000	3.180165
14.240000	0.000000	3.162727
14.250000	0.000000	3.145289
14.260000	0.000000	3.127851
14.270000	0.000000	3.110431
14.280000	0.000000	3.093137
14.290000	0.000000	3.075961
14.300000	0.000000	3.058811
14.310000	0.000000	3.041661
14.320000	0.000000	3.024511
14.330000	0.000000	3.007362
14.340000	0.000000	2.990215
14.350000	0.000000	2.973070
14.360000	0.000000	2.955925
14.370000	0.000000	2.937743
14.380000	0.000000	2.920477
14.390000	0.000000	2.903333
14.400000	0.000000	2.886191
14.410000	0.000000	2.869102
14.420000	0.000000	2.852048
14.430000	0.000000	2.835003
14.440000	0.000000	2.818005
14.450000	0.000000	2.801202
14.460000	0.000000	2.784556
14.470000	0.000000	2.767925
14.480000	0.000000	2.751295
14.490000	0.000000	2.734667
14.500000	0.000000	2.718040
14.510000	0.000000	2.701419
14.520000	0.000000	2.684802
14.530000	0.000000	2.668067
14.540000	0.000000	2.650448
14.550000	0.000000	2.633836
14.560000	0.000000	2.617223
14.570000	0.000000	2.600611
14.580000	0.000000	2.583998
14.590000	0.000000	2.567391
14.600000	0.000000	2.550796
14.610000	0.000000	2.534266
14.620000	0.000000	2.519425
14.630000	0.000000	2.506780
14.640000	0.000000	2.494954
14.650000	0.000000	2.483127
14.660000	0.000000	2.471301
14.670000	0.000000	2.459475
14.680000	0.000000	2.447649
14.690000	0.000000	2.435823
14.700000	0.000000	2.423751
14.710000	0.000000	2.411385
14.720000	0.000000	2.399567
14.730000	0.000000	2.387749
14.740000	0.000000	2.375931
14.750000	0.000000	2.364117
14.760000	0.000000	2.352306
14.770000	0.000000	2.340496
14.780000	0.000000	2.328686
14.790000	0.000000	2.316877
14.800000	0.000000	2.305069
14.810000	0.000000	2.293263
14.820000	0.000000	2.281457
14.830000	0.000000	2.269661
14.840000	0.000000	2.257906
14.850000	0.000000	2.246199
14.860000	0.000000	2.234493
14.870000	0.000000	2.222370
14.880000	0.000000	2.210289
14.890000	0.000000	2.198607
14.900000	0.000000	2.186947
14.910000	0.000000	2.175289
14.920000	0.000000	2.163631
14.930000	0.000000	2.151973
14.940000	0.000000	2.140315
14.950000	0.000000	2.128692
14.960000	0.000000	2.117151
14.970000	0.000000	2.105669
14.980000	0.000000	2.094191
14.990000	0.000000	2.082721
15.000000	0.000000	2.071254
15.010000	0.000000	2.059788
15.020000	0.000000	2.048322
15.030000	0.000000	2.036856
15.040000	0.000000	2.024819
15.050000	0.000000	2.013149
15.060000	0.000000	2.001685
15.070000	0.000000	1.990223
15.080000	0.000000	1.978760
15.090000	0.000000	1.967298
15.100000	0.000000	1.955836
15.110000	0.000000	1.944374
15.120000	0.000000	1.932912
15.130000	0.000000	1.921453
15.140000	0.000000	1.910019
15.150000	0.000000	1.898617
15.160000	0.000000	1.887221
15.170000	0.000000	1.875826
15.180000	0.000000	1.864430
15.190000	0.000000	1.853046
15.200000	0.000000	1.841807
15.210000	0.000000	1.829976
15.220000	0.000000	1.818821
15.230000	0.000000	1.807712
15.240000	0.000000	1.796605
15.250000	0.000000	1.785498
15.260000	0.000000	1.774392
15.270000	0.000000	1.763285
15.280000	0.000000	1.752179
15.290000	0.000000	1.741075
15.300000	0.000000	1.729978
15.310000	0.000000	1.718887
15.320000	0.000000	1.707796
15.330000	0.000000	1.697166
15.340000	0.000000	1.688109
15.350000	0.000000	1.680205
15.360000	0.000000	1.672300
15.370000	0.000000	1.664312
15.380000	0.000000	1.655957
15.390000	0.000000	1.648053
15.400000	0.000000	1.640150
15.410000	0.000000	1.632246
15.420000	0.000000	1.624342
15.430000	0.000000	1.616439
15.440000	0.000000	1.608537
15.450000	0.000000	1.600638
15.460000	0.000000	1.592741
15.470000	0.000000	1.584847
15.480000	0.000000	1.576953
15.490000	0.000000	1.569060
15.500000	0.000000	1.561166
15.510000	0.000000	1.553275
15.520000	0.000000	1.545397
15.530000	0.000000	1.537560
15.540000	0.000000	1.529536
15.550000	0.000000	1.521372
15.560000	0.000000	1.513546
15.570000	0.000000	1.505722
15.580000	0.000000	1.497899
15.590000	0.000000	1.490095
15.600000	0.000000	1.482301
15.610000	0.000000	1.474510
15.620000	0.000000	1.466718
15.630000	0.000000	1.458944
15.640000	0.000000	1.451222
15.650000	0.000000	1.443546
15.660000	0.000000	1.435872
15.670000	0.000000	1.428198
15.680000	0.000000	1.420524
15.690000	0.000000	1.412850
15.700000	0.000000	1.405181
15.710000	0.000000	1.397217
15.720000	0.000000	1.389335
15.730000	0.000000	1.381672
15.740000	0.000000	1.374008
15.750000	0.000000	1.366344
15.760000	0.000000	1.358680
15.770000	0.000000	1.351016
15.780000	0.000000	1.343353
15.790000	0.000000	1.335691
15.800000	0.000000	1.328030
15.810000	0.000000	1.320369
15.820000	0.000000	1.312707
15.830000	0.000000	1.305046
15.840000	0.000000	1.297385
15.850000	0.000000	1.289724
15.860000	0.000000	1.282064
15.870000	0.000000	1.274417
15.880000	0.000000	1.266392
15.890000	0.000000	1.258667
15.900000	0.000000	1.251050
15.910000	0.000000	1.243434
15.920000	0.000000	1.235817
15.930000	0.000000	1.228202
15.940000	0.000000	1.220589
15.950000	0.000000	1.213040
15.960000	0.000000	1.205577
15.970000	0.000000	1.198153
15.980000	0.000000	1.190729
15.990000	0.000000	1.183306
16.000000	0.000000	1.175885
16.010000	0.000000	1.168470
16.020000	0.000000	1.161056
16.030000	0.000000	1.153642
16.040000	0.000000	1.146228
16.050000	0.000000	1.138517
16.060000	0.000000	1.132880
16.070000	0.000000	1.127572
16.080000	0.000000	1.122288
16.090000	0.000000	1.117004
16.100000	0.000000	1.111720
16.110000	0.000000	1.106436
16.120000	0.000000	1.101152
16.130000	0.000000	1.095869
16.140000	0.000000	1.090587
16.150000	0.000000	1.085307
16.160000	0.000000	1.080026
16.170000	0.000000	1.074747
16.180000	0.000000	1.069467
16.190000	0.000000	1.064187
16.200000	0.000000	1.058907
16.210000	0.000000	1.053564
16.220000	0.000000	1.048043
16.230000	0.000000	1.042805
16.240000	0.000000	1.037568
16.250000	0.000000	1.032332
16.260000	0.000000	1.027096
16.270000	0.000000	1.021861
16.280000	0.000000	1.016628
16.290000	0.000000	1.011405
16.300000	0.000000	1.006192
16.310000	0.000000	1.000984
16.320000	0.000000	0.995797
16.330000	0.000000	0.990651
16.340000	0.000000	0.985520
16.350000	0.000000	0.980390
16.360000	0.000000	0.975260
16.370000	0.000000	0.970129
16.380000	0.000000	0.964853
16.390000	0.000000	0.959521
16.400000	0.000000	0.954391
16.410000	0.000000	0.949261
16.420000	0.000000	0.944134
16.430000	0.000000	0.939010
16.440000	0.000000	0.933887
16.450000	0.000000	0.928763
16.460000	0.000000	0.923640
16.470000	0.000000	0.918516
16.480000	0.000000	0.913392
16.490000	0.000000	0.908269
16.500000	0.000000	0.903145
16.510000	0.000000	0.898022
16.520000	0.000000	0.892899
16.530000	0.000000	0.887777
16.540000	0.000000	0.882655
16.550000	0.000000	0.877315
16.560000	0.000000	0.872066
16.570000	0.000000	0.866944
16.580000	0.000000	0.861822
16.590000	0.000000	0.856701
16.600000	0.000000	0.851585
16.610000	0.000000	0.846485
16.620000	0.000000	0.841393
16.630000	0.000000	0.836302
16.640000	0.000000	0.831211
16.650000	0.000000	0.826120
16.660000	0.000000	0.821030
16.670000	0.000000	0.815940
16.680000	0.000000	0.810852
16.690000	0.000000	0.805764
16.700000	0.000000	0.800680
16.710000	0.000000	0.795635
16.720000	0.000000	0.790393
16.730000	0.000000	0.785383
16.740000	0.000000	0.780427
16.750000	0.000000	0.775470
16.760000	0.000000	0.770514
16.770000	0.000000	0.765744
16.780000	0.000000	0.761749
16.790000	0.000000	0.758170
16.800000	0.000000	0.754637
16.810000	0.000000	0.751105
16.820000	0.000000	0.747572
16.830000	0.000000	0.744039
16.840000	0.000000	0.740507
16.850000	0.000000	0.736976
16.860000	0.000000	0.733446
16.870000	0.000000	0.729916
16.880000	0.000000	0.726373
16.890000	0.000000	0.722617
16.900000	0.000000	0.719090
16.910000	0.000000	0.715582
16.920000	0.000000	0.712078
16.930000	0.000000	0.708575
16.940000	0.000000	0.705072
16.950000	0.000000	0.701570
16.960000	0.000000	0.698067
16.970000	0.000000	0.694564
16.980000	0.000000	0.691061
16.990000	0.000000	0.687559
17.000000	0.000000	0.684063
17.010000	0.000000	0.680587
17.020000	0.000000	0.677144
17.030000	0.000000	0.673713
17.040000	0.000000	0.670283
17.050000	0.000000	0.666792
17.060000	0.000000	0.663190
17.070000	0.000000	0.659760
17.080000	0.000000	0.656330
17.090000	0.000000	0.652900
17.100000	0.000000	0.649469
17.110000	0.000000	0.646039
17.120000	0.000000	0.642609
17.130000	0.000000	0.639178
17.140000	0.000000	0.635749
17.150000	0.000000	0.632322
17.160000	0.000000	0.628897
17.170000	0.000000	0.625471
17.180000	0.000000	0.622045
17.190000	0.000000	0.618619
17.200000	0.000000	0.615194
17.210000	0.000000	0.611768
17.220000	0.000000	0.608233
17.230000	0.000000	0.604685
17.240000	0.000000	0.601259
17.250000	0.000000	0.597834
17.260000	0.000000	0.594410
17.270000	0.000000	0.590985
17.280000	0.000000	0.587560
17.290000	0.000000	0.584136
17.300000	0.000000	0.580711
17.310000	0.000000	0.577287
17.320000	0.000000	0.573862
17.330000	0.000000	0.570438
17.340000	0.000000	0.567020
17.350000	0.000000	0.563613
17.360000	0.000000	0.560209
17.370000	0.000000	0.556805
17.380000	0.000000	0.553402
17.390000	0.000000	0.549841
17.400000	0.000000	0.546365
17.410000	0.000000	0.542963
17.420000	0.000000	0.539562
17.430000	0.000000	0.536164
17.440000	0.000000	0.532767
17.450000	0.000000	0.529370
17.460000	0.000000	0.525973
17.470000	0.000000	0.522596
17.480000	0.000000	0.519258
17.490000	0.000000	0.515957
17.500000	0.000000	0.512899
17.510000	0.000000	0.510345
17.520000	0.000000	0.507983
17.530000	0.000000	0.505621
17.540000	0.000000	0.503260
17.550000	0.000000	0.500899
17.560000	0.000000	0.498395
17.570000	0.000000	0.496018
17.580000	0.000000	0.493658
17.590000	0.000000	0.491298
17.600000	0.000000	0.488942
17.610000	0.000000	0.486596
17.620000	0.000000	0.484254
17.630000	0.000000	0.481912
17.640000	0.000000	0.479570
17.650000	0.000000	0.477228
17.660000	0.000000	0.474886
17.670000	0.000000	0.472544
17.680000	0.000000	0.470203
17.690000	0.000000	0.467861
17.700000	0.000000	0.465521
17.710000	0.000000	0.463196
17.720000	0.000000	0.460882
17.730000	0.000000	0.458445
17.740000	0.000000	0.456148
17.750000	0.000000	0.453852
17.760000	0.000000	0.451556
17.770000	0.000000	0.449261
17.780000	0.000000	0.446967
17.790000	0.000000	0.444672
17.800000	0.000000	0.442379
17.810000	0.000000	0.440085
17.820000	0.000000	0.437792
17.830000	0.000000	0.435498
17.840000	0.000000	0.433205
17.850000	0.000000	0.430911
17.860000	0.000000	0.428618
17.870000	0.000000	0.426325
17.880000	0.000000	0.424034
17.890000	0.000000	0.421694
17.900000	0.000000	0.419298
17.910000	0.000000	0.417008
17.920000	0.000000	0.414717
17.930000	0.000000	0.412427
17.940000	0.000000	0.410136
17.950000	0.000000	0.407846
17.960000	0.000000	0.405556
17.970000	0.000000	0.403265
17.980000	0.000000	0.400975
17.990000	0.000000	0.398685
18.000000	0.000000	0.396396
18.010000	0.000000	0.394106
18.020000	0.000000	0.391816
18.030000	0.000000	0.389527
18.040000	0.000000	0.387237
18.050000	0.000000	0.384948
18.060000	0.000000	0.382577
18.070000	0.000000	0.380215
18.080000	0.000000	0.377930
18.090000	0.000000	0.375654
18.100000	0.000000	0.373378
18.110000	0.000000	0.371102
18.120000	0.000000	0.368827
18.130000	0.000000	0.366552
18.140000	0.000000	0.364278
18.150000	0.000000	0.362006
18.160000	0.000000	0.359734
18.170000	0.000000	0.357463
18.180000	0.000000	0.355192
18.190000	0.000000	0.352920
18.200000	0.000000	0.350649
18.210000	0.000000	0.348378
18.220000	0.000000	0.346111
18.230000	0.000000	0.343978
18.240000	0.000000	0.342338
18.250000	0.000000	0.340756
18.260000	0.000000	0.339177
18.270000	0.000000	0.337599
18.280000	0.000000	0.336020
18.290000	0.000000	0.334442
18.300000	0.000000	0.332865
18.310000	0.000000	0.331294
18.320000	0.000000	0.329727
18.330000	0.000000	0.328161
18.340000	0.000000	0.326595
18.350000	0.000000	0.325029
18.360000	0.000000	0.323462
18.370000	0.000000	0.321896
18.380000	0.000000	0.320330
18.390000	0.000000	0.318763
18.400000	0.000000	0.317097
18.410000	0.000000	0.315538
18.420000	0.000000	0.313996
18.430000	0.000000	0.312458
18.440000	0.000000	0.310921
18.450000	0.000000	0.309385
18.460000	0.000000	0.307848
18.470000	0.000000	0.306312
18.480000	0.000000	0.304776
18.490000	0.000000	0.303240
18.500000	0.000000	0.301705
18.510000	0.000000	0.300169
18.520000	0.000000	0.298634
18.530000	0.000000	0.297099
18.540000	0.000000	0.295564
18.550000	0.000000	0.294030
18.560000	0.000000	0.292478
18.570000	0.000000	0.290857
18.580000	0.000000	0.289323
18.590000	0.000000	0.287789
18.600000	0.000000	0.286255
18.610000	0.000000	0.284722
18.620000	0.000000	0.283190
18.630000	0.000000	0.281658
18.640000	0.000000	0.280126
18.650000	0.000000	0.278594
18.660000	0.000000	0.277062
18.670000	0.000000	0.275531
18.680000	0.000000	0.273999
18.690000	0.000000	0.272467
18.700000	0.000000	0.270935
18.710000	0.000000	0.269403
18.720000	0.000000	0.267872
18.730000	0.000000	0.266302
18.740000	0.000000	0.264706
18.750000	0.000000	0.263174
18.760000	0.000000	0.261643
18.770000	0.000000	0.260112
18.780000	0.000000	0.258581
18.790000	0.000000	0.257050
18.800000	0.000000	0.255519
18.810000	0.000000	0.253988
18.820000	0.000000	0.252460
18.830000	0.000000	0.250936
18.840000	0.000000	0.249413
18.850000	0.000000	0.247891
18.860000	0.000000	0.246370
18.870000	0.000000	0.244850
18.880000	0.000000	0.243331
18.890000	0.000000	0.241811
18.900000	0.000000	0.240233
18.910000	0.000000	0.238670
18.920000	0.000000	0.237151
18.930000	0.000000	0.235632
18.940000	0.000000	0.234113
18.950000	0.000000	0.232595
18.960000	0.000000	0.231252
18.970000	0.000000	0.230093
18.980000	0.000000	0.229001
18.990000	0.000000	0.227908
19.000000	0.000000	0.226819
19.010000	0.000000	0.225746
19.020000	0.000000	0.224695
19.030000	0.000000	0.223648
19.040000	0.000000	0.222600
19.050000	0.000000	0.221553
19.060000	0.000000	0.220505
19.070000	0.000000	0.219402
19.080000	0.000000	0.218339
19.090000	0.000000	0.217292
19.100000	0.000000	0.216245
19.110000	0.000000	0.215202
19.120000	0.000000	0.214168
19.130000	0.000000	0.213136
19.140000	0.000000	0.212106
19.150000	0.000000	0.211078
19.160000	0.000000	0.210050
19.170000	0.000000	0.209023
19.180000	0.000000	0.207995
19.190000	0.000000	0.206968
19.200000	0.000000	0.205940
19.210000	0.000000	0.204913
19.220000	0.000000	0.203885
19.230000	0.000000	0.202858
19.240000	0.000000	0.201762
19.250000	0.000000	0.200735
19.260000	0.000000	0.199708
19.270000	0.000000	0.198682
19.280000	0.000000	0.197655
19.290000	0.000000	0.196629
19.300000	0.000000	0.195603
19.310000	0.000000	0.194576
19.320000	0.000000	0.193550
19.330000	0.000000	0.192523
19.340000	0.000000	0.191497
19.350000	0.000000	0.190471
19.360000	0.000000	0.189446
19.370000	0.000000	0.188422
19.380000	0.000000	0.187397
19.390000	0.000000	0.186373
19.400000	0.000000	0.185334
19.410000	0.000000	0.184255
19.420000	0.000000	0.183230
19.430000	0.000000	0.182206
19.440000	0.000000	0.181182
19.450000	0.000000	0.180157
19.460000	0.000000	0.179133
19.470000	0.000000	0.178109
19.480000	0.000000	0.177085
19.490000	0.000000	0.176061
19.500000	0.000000	0.175038
19.510000	0.000000	0.174014
19.520000	0.000000	0.172990
19.530000	0.000000	0.171966
19.540000	0.000000	0.170942
19.550000	0.000000	0.169919
19.560000	0.000000	0.168895
19.570000	0.000000	0.167844
19.580000	0.000000	0.166786
19.590000	0.000000	0.165769
19.600000	0.000000	0.164752
19.610000	0.000000	0.163736
19.620000	0.000000	0.162720
19.630000	0.000000	0.161704
19.640000	0.000000	0.160688
19.650000	0.000000	0.159673
19.660000	0.000000	0.158657
19.670000	0.000000	0.157641
19.680000	0.000000	0.156627
19.690000	0.000000	0.155671
19.700000	0.000000	0.154867
19.710000	0.000000	0.154136
19.720000	0.000000	0.153407
19.730000	0.000000	0.152681
19.740000	0.000000	0.151924
19.750000	0.000000	0.151181
19.760000	0.000000	0.150456
19.770000	0.000000	0.149731
19.780000	0.000000	0.149018
19.790000	0.000000	0.148314
19.800000	0.000000	0.147614
19.810000	0.000000	0.146914
19.820000	0.000000	0.146219
19.830000	0.000000	0.145528
19.840000	0.000000	0.144838
19.850000	0.000000	0.144148
19.860000	0.000000	0.143458
19.870000	0.000000	0.142770
19.880000	0.000000	0.142083
19.890000	0.000000	0.141396
19.900000	0.000000	0.140709
19.910000	0.000000	0.139983
19.920000	0.000000	0.139288
19.930000	0.000000	0.138601
19.940000	0.000000	0.137914
19.950000	0.000000	0.137227
19.960000	0.000000	0.136539
19.970000	0.000000	0.135852
19.980000	0.000000	0.135166
19.990000	0.000000	0.134479
20.000000	0.000000	0.133792
20.010000	0.000000	0.133105
20.020000	0.000000	0.132419
20.030000	0.000000	0.131732
20.040000	0.000000	0.131046
20.050000	0.000000	0.130359
20.060000	0.000000	0.129673
20.070000	0.000000	0.128984
20.080000	0.000000	0.128253
20.090000	0.000000	0.127567
20.100000	0.000000	0.126881
20.110000	0.000000	0.126196
20.120000	0.000000	0.125510
20.130000	0.000000	0.124825
20.140000	0.000000	0.124139
20.150000	0.000000	0.123454
20.160000	0.000000	0.122769
20.170000	0.000000	0.122084
20.180000	0.000000	0.121399
20.190000	0.000000	0.120714
20.200000	0.000000	0.120029
20.210000	0.000000	0.119344
20.220000	0.000000	0.118660
20.230000	0.000000	0.117975
20.240000	0.000000	0.117278
20.250000	0.000000	0.116559
20.260000	0.000000	0.115874
20.270000	0.000000	0.115190
20.280000	0.000000	0.114505
20.290000	0.000000	0.113820
20.300000	0.000000	0.113136
20.310000	0.000000	0.112452
20.320000	0.000000	0.111771
20.330000	0.000000	0.111091
20.340000	0.000000	0.110411
20.350000	0.000000	0.109732
20.360000	0.000000	0.109052
20.370000	0.000000	0.108373
20.380000	0.000000	0.107693
20.390000	0.000000	0.107014
20.400000	0.000000	0.106334
20.410000	0.000000	0.105633
20.420000	0.000000	0.104930
20.430000	0.000000	0.104319
20.440000	0.000000	0.103818
20.450000	0.000000	0.103333
20.460000	0.000000	0.102847
20.470000	0.000000	0.102362
20.480000	0.000000	0.101877
20.490000	0.000000	0.101391
20.500000	0.000000	0.100906
20.510000	0.000000	0.100421
20.520000	0.000000	0.099936
20.530000	0.000000	0.099454
20.540000	0.000000	0.098975
20.550000	0.000000	0.098498
20.560000	0.000000	0.098029
20.570000	0.000000	0.097568
20.580000	0.000000	0.097085
20.590000	0.000000	0.096614
20.600000	0.000000	0.096154
20.610000	0.000000	0.095695
20.620000	0.000000	0.095235
20.630000	0.000000	0.094775
20.640000	0.000000	0.094315
20.650000	0.000000	0.093855
20.660000	0.000000	0.093396
20.670000	0.000000	0.092936
20.680000	0.000000	0.092476
20.690000	0.000000	0.092016
20.700000	0.000000	0.091556
20.710000	0.000000	0.091097
20.720000	0.000000	0.090637
20.730000	0.000000	0.090177
20.740000	0.000000	0.089718
20.750000	0.000000	0.089230
20.760000	0.000000	0.088768
20.770000	0.000000	0.088308
20.780000	0.000000	0.087849
20.790000	0.000000	0.087389
20.800000	0.000000	0.086930
20.810000	0.000000	0.086471
20.820000	0.000000	0.086011
20.830000	0.000000	0.085552
20.840000	0.000000	0.085093
20.850000	0.000000	0.084634
20.860000	0.000000	0.084175
20.870000	0.000000	0.083716
20.880000	0.000000	0.083258
20.890000	0.000000	0.082799
20.900000	0.000000	0.082340
20.910000	0.000000	0.081878
20.920000	0.000000	0.081392
20.930000	0.000000	0.080933
20.940000	0.000000	0.080475
20.950000	0.000000	0.080017
20.960000	0.000000	0.079559
20.970000	0.000000	0.079101
20.980000	0.000000	0.078643
20.990000	0.000000	0.078184
21.000000	0.000000	0.077726
21.010000	0.000000	0.077268
21.020000	0.000000	0.076810
21.030000	0.000000	0.076352
21.040000	0.000000	0.075894
21.050000	0.000000	0.075436
21.060000	0.000000	0.074979
21.070000	0.000000	0.074524
21.080000	0.000000	0.074060
21.090000	0.000000	0.073584
21.100000	0.000000	0.073129
21.110000	0.000000	0.072675
21.120000	0.000000	0.072220
21.130000	0.000000	0.071766
21.140000	0.000000	0.071311
21.150000	0.000000	0.070857
21.160000	0.000000	0.070415
21.170000	0.000000	0.070028
21.180000	0.000000	0.069695
21.190000	0.000000	0.069370
21.200000	0.000000	0.069045
21.210000	0.000000	0.068721
21.220000	0.000000	0.068396
21.230000	0.000000	0.068072
21.240000	0.000000	0.067748
21.250000	0.000000	0.067416
21.260000	0.000000	0.067085
21.270000	0.000000	0.066766
21.280000	0.000000	0.066446
21.290000	0.000000	0.066126
21.300000	0.000000	0.065806
21.310000	0.000000	0.065486
21.320000	0.000000	0.065167
21.330000	0.000000	0.064852
21.340000	0.000000	0.064541
21.350000	0.000000	0.064234
21.360000	0.000000	0.063926
21.370000	0.000000	0.063618
21.380000	0.000000	0.063311
21.390000	0.000000	0.063003
21.400000	0.000000	0.062696
21.410000	0.000000	0.062388
21.420000	0.000000	0.062065
21.430000	0.000000	0.061752
21.440000	0.000000	0.061445
21.450000	0.000000	0.061137
21.460000	0.000000	0.060829
21.470000	0.000000	0.060522
21.480000	0.000000	0.060214
21.490000	0.000000	0.059907
21.500000	0.000000	0.059600
21.510000	0.000000	0.059292
21.520000	0.000000	0.058985
21.530000	0.000000	0.058678
21.540000	0.000000	0.058370
21.550000	0.000000	0.058063
21.560000	0.000000	0.057756
21.570000	0.000000	0.057448
21.580000	0.000000	0.057141
21.590000	0.000000	0.056814
21.600000	0.000000	0.056506
21.610000	0.000000	0.056199
21.620000	0.000000	0.055893
21.630000	0.000000	0.055586
21.640000	0.000000	0.055279
21.650000	0.000000	0.054972
21.660000	0.000000	0.054665
21.670000	0.000000	0.054359
21.680000	0.000000	0.054052
21.690000	0.000000	0.053745
21.700000	0.000000	0.053438
21.710000	0.000000	0.053132
21.720000	0.000000	0.052825
21.730000	0.000000	0.052519
21.740000	0.000000	0.052212
21.750000	0.000000	0.051903
21.760000	0.000000	0.051579
21.770000	0.000000	0.051272
21.780000	0.000000	0.050966
21.790000	0.000000	0.050660
21.800000	0.000000	0.050354
21.810000	0.000000	0.050049
21.820000	0.000000	0.049744
21.830000	0.000000	0.049440
21.840000	0.000000	0.049136
21.850000	0.000000	0.048832
21.860000	0.000000	0.048528
21.870000	0.000000	0.048224
21.880000	0.000000	0.047922
21.890000	0.000000	0.047619
21.900000	0.000000	0.047321
21.910000	0.000000	0.047056
21.920000	0.000000	0.046833
21.930000	0.000000	0.046607
21.940000	0.000000	0.046389
21.950000	0.000000	0.046172
21.960000	0.000000	0.045956
21.970000	0.000000	0.045742
21.980000	0.000000	0.045528
21.990000	0.000000	0.045314
22.000000	0.000000	0.045099
22.010000	0.000000	0.044885
22.020000	0.000000	0.044671
22.030000	0.000000	0.044457
22.040000	0.000000	0.044243
22.050000	0.000000	0.044029
22.060000	0.000000	0.043816
22.070000	0.000000	0.043603
22.080000	0.000000	0.043390
22.090000	0.000000	0.043168
22.100000	0.000000	0.042949
22.110000	0.000000	0.042736
22.120000	0.000000	0.042529
22.130000	0.000000	0.042323
22.140000	0.000000	0.042117
22.150000	0.000000	0.041911
22.160000	0.000000	0.041705
22.170000	0.000000	0.041499
22.180000	0.000000	0.041294
22.190000	0.000000	0.041088
22.200000	0.000000	0.040882
22.210000	0.000000	0.040676
22.220000	0.000000	0.040470
22.230000	0.000000	0.040264
22.240000	0.000000	0.040058
22.250000	0.000000	0.039853
22.260000	0.000000	0.039636
22.270000	0.000000	0.039427
22.280000	0.000000	0.039221
22.290000	0.000000	0.039016
22.300000	0.000000	0.038810
22.310000	0.000000	0.038604
22.320000	0.000000	0.038398
22.330000	0.000000	0.038193
22.340000	0.000000	0.037987
22.350000	0.000000	0.037782
22.360000	0.000000	0.037576
22.370000	0.000000	0.037371
22.380000	0.000000	0.037165
22.390000	0.000000	0.036960
22.400000	0.000000	0.036755
22.410000	0.000000	0.036549
22.420000	0.000000	0.036344
22.430000	0.000000	0.036125
22.440000	0.000000	0.035919
22.450000	0.000000	0.035714
22.460000	0.000000	0.035509
22.470000	0.000000	0.035304
22.480000	0.000000	0.035098
22.490000	0.000000	0.034893
22.500000	0.000000	0.034688
22.510000	0.000000	0.034483
22.520000	0.000000	0.034278
22.530000	0.000000	0.034073
22.540000	0.000000	0.033868
22.550000	0.000000	0.033663
22.560000	0.000000	0.033459
22.570000	0.000000	0.033255
22.580000	0.000000	0.033051
22.590000	0.000000	0.032845
22.600000	0.000000	0.032632
22.610000	0.000000	0.032429
22.620000	0.000000	0.032227
22.630000	0.000000	0.032024
22.640000	0.000000	0.031823
22.650000	0.000000	0.031647
22.660000	0.000000	0.031494
22.670000	0.000000	0.031349
22.680000	0.000000	0.031205
22.690000	0.000000	0.031061
22.700000	0.000000	0.030918
22.710000	0.000000	0.030775
22.720000	0.000000	0.030631
22.730000	0.000000	0.030488
22.740000	0.000000	0.030345
22.750000	0.000000	0.030201
22.760000	0.000000	0.030054
22.770000	0.000000	0.029905
22.780000	0.000000	0.029762
22.790000	0.000000	0.029620
22.800000	0.000000	0.029477
22.810000	0.000000	0.029334
22.820000	0.000000	0.029191
22.830000	0.000000	0.029049
22.840000	0.000000	0.028906
22.850000	0.000000	0.028763
22.860000	0.000000	0.028621
22.870000	0.000000	0.028478
22.880000	0.000000	0.028335
22.890000	0.000000	0.028193
22.900000	0.000000	0.028053
22.910000	0.000000	0.027916
22.920000	0.000000	0.027778
22.930000	0.000000	0.027634
22.940000	0.000000	0.027493
22.950000	0.000000	0.027355
22.960000	0.000000	0.027218
22.970000	0.000000	0.027080
22.980000	0.000000	0.026942
22.990000	0.000000	0.026804
23.000000	0.000000	0.026667
23.010000	0.000000	0.026529
23.020000	0.000000	0.026391
23.030000	0.000000	0.026254
23.040000	0.000000	0.026116
23.050000	0.000000	0.025978
23.060000	0.000000	0.025841
23.070000	0.000000	0.025703
23.080000	0.000000	0.025565
23.090000	0.000000	0.025428
23.100000	0.000000	0.025282
23.110000	0.000000	0.025143
23.120000	0.000000	0.025006
23.130000	0.000000	0.024869
23.140000	0.000000	0.024731
23.150000	0.000000	0.024594
23.160000	0.000000	0.024456
23.170000	0.000000	0.024319
23.180000	0.000000	0.024182
23.190000	0.000000	0.024044
23.200000	0.000000	0.023907
23.210000	0.000000	0.023770
23.220000	0.000000	0.023632
23.230000	0.000000	0.023495
23.240000	0.000000	0.023358
23.250000	0.000000	0.023221
23.260000	0.000000	0.023083
23.270000	0.000000	0.022937
23.280000	0.000000	0.022800
23.290000	0.000000	0.022663
23.300000	0.000000	0.022525
23.310000	0.000000	0.022389
23.320000	0.000000	0.022253
23.330000	0.000000	0.022117
23.340000	0.000000	0.021982
23.350000	0.000000	0.021846
23.360000	0.000000	0.021711
23.370000	0.000000	0.021575
23.380000	0.000000	0.021440
23.390000	0.000000	0.021312
23.400000	0.000000	0.021205
23.410000	0.000000	0.021109
23.420000	0.000000	0.021013
23.430000	0.000000	0.020915
23.440000	0.000000	0.020815
23.450000	0.000000	0.020719
23.460000	0.000000	0.020623
23.470000	0.000000	0.020527
23.480000	0.000000	0.020431
23.490000	0.000000	0.020335
23.500000	0.000000	0.020239
23.510000	0.000000	0.020143
23.520000	0.000000	0.020048
23.530000	0.000000	0.019952
23.540000	0.000000	0.019857
23.550000	0.000000	0.019761
23.560000	0.000000	0.019666
23.570000	0.000000	0.019570
23.580000	0.000000	0.019475
23.590000	0.000000	0.019379
23.600000	0.000000	0.019281
23.610000	0.000000	0.019182
23.620000	0.000000	0.019086
23.630000	0.000000	0.018991
23.640000	0.000000	0.018895
23.650000	0.000000	0.018800
23.660000	0.000000	0.018704
23.670000	0.000000	0.018609
23.680000	0.000000	0.018515
23.690000	0.000000	0.018422
23.700000	0.000000	0.018330
23.710000	0.000000	0.018237
23.720000	0.000000	0.018145
23.730000	0.000000	0.018053
23.740000	0.000000	0.017961
23.750000	0.000000	0.017869
23.760000	0.000000	0.017776
23.770000	0.000000	0.017680
23.780000	0.000000	0.017586
23.790000	0.000000	0.017494
23.800000	0.000000	0.017402
23.810000	0.000000	0.017309
23.820000	0.000000	0.017217
23.830000	0.000000	0.017125
23.840000	0.000000	0.017033
23.850000	0.000000	0.016941
23.860000	0.000000	0.016849
23.870000	0.000000	0.016757
23.880000	0.000000	0.016665
23.890000	0.000000	0.016573
23.900000	0.000000	0.016481
23.910000	0.000000	0.016389
23.920000	0.000000	0.016297
23.930000	0.000000	0.016205
23.940000	0.000000	0.016108
23.950000	0.000000	0.016015
23.960000	0.000000	0.015923
23.970000	0.000000	0.015831
23.980000	0.000000	0.015739
23.990000	0.000000	0.015647
24.000000	0.000000	0.015556
24.010000	0.000000	0.015464
24.020000	0.000000	0.015372
24.030000	0.000000	0.015280
24.040000	0.000000	0.015188
24.050000	0.000000	0.015097
24.060000	0.000000	0.015006
24.070000	0.000000	0.014915
24.080000	0.000000	0.014824
24.090000	0.000000	0.014733
24.100000	0.000000	0.014642
24.110000	0.000000	0.014546
24.120000	0.000000	0.014455
24.130000	0.000000	0.014365
24.140000	0.000000	0.014283
24.150000	0.000000	0.014215
24.160000	0.000000	0.014151
24.170000	0.000000	0.014087
24.180000	0.000000	0.014023
24.190000	0.000000	0.013959
24.200000	0.000000	0.013894
24.210000	0.000000	0.013830
24.220000	0.000000	0.013766
24.230000	0.000000	0.013702
24.240000	0.000000	0.013638
24.250000	0.000000	0.013574
24.260000	0.000000	0.013510
24.270000	0.000000	0.013444
24.280000	0.000000	0.013377
24.290000	0.000000	0.013313
24.300000	0.000000	0.013249
24.310000	0.000000	0.013186
24.320000	0.000000	0.013122
24.330000	0.000000	0.013058
24.340000	0.000000	0.012994
24.350000	0.000000	0.012930
24.360000	0.000000	0.012866
24.370000	0.000000	0.012802
24.380000	0.000000	0.012738
24.390000	0.000000	0.012674
24.400000	0.000000	0.012610
24.410000	0.000000	0.012546
24.420000	0.000000	0.012482
24.430000	0.000000	0.012418
24.440000	0.000000	0.012352
24.450000	0.000000	0.012286
24.460000	0.000000	0.012222
24.470000	0.000000	0.012160
24.480000	0.000000	0.012098
24.490000	0.000000	0.012036
24.500000	0.000000	0.011974
24.510000	0.000000	0.011913
24.520000	0.000000	0.011851
24.530000	0.000000	0.011789
24.540000	0.000000	0.011728
24.550000	0.000000	0.011666
24.560000	0.000000	0.011604
24.570000	0.000000	0.011543
24.580000	0.000000	0.011481
24.590000	0.000000	0.011419
24.600000	0.000000	0.011358
24.610000	0.000000	0.011293
24.620000	0.000000	0.011230
24.630000	0.000000	0.011168
24.640000	0.000000	0.011107
24.650000	0.000000	0.011045
24.660000	0.000000	0.010984
24.670000	0.000000	0.010922
24.680000	0.000000	0.010861
24.690000	0.000000	0.010799
24.700000	0.000000	0.010738
24.710000	0.000000	0.010676
24.720000	0.000000	0.010615
24.730000	0.000000	0.010553
24.740000	0.000000	0.010492
24.750000	0.000000	0.010430
24.760000	0.000000	0.010369
24.770000	0.000000	0.010307
24.780000	0.000000	0.010242
24.790000	0.000000	0.010181
24.800000	0.000000	0.010120
24.810000	0.000000	0.010059
24.820000	0.000000	0.009998
24.830000	0.000000	0.009937
24.840000	0.000000	0.009876
24.850000	0.000000	0.009815
24.860000	0.000000	0.009755
24.870000	0.000000	0.009695
24.880000	0.000000	0.009636
24.890000	0.000000	0.009584
24.900000	0.000000	0.009540
24.910000	0.000000	0.009497
24.920000	0.000000	0.009454
24.930000	0.000000	0.009411
24.940000	0.000000	0.009368
24.950000	0.000000	0.009322
24.960000	0.000000	0.009279
24.970000	0.000000	0.009236
24.980000	0.000000	0.009193
24.990000	0.000000	0.009151
25.000000	0.000000	0.009108
25.010000	0.000000	0.009065
25.020000	0.000000	0.009022
25.030000	0.000000	0.008979
25.040000	0.000000	0.008937
25.050000	0.000000	0.008894
25.060000	0.000000	0.008851
25.070000	0.000000	0.008808
25.080000	0.000000	0.008765
25.090000	0.000000	0.008723
25.100000	0.000000	0.008680
25.110000	0.000000	0.008636
25.120000	0.000000	0.008591
25.130000	0.000000	0.008549
25.140000	0.000000	0.008506
25.150000	0.000000	0.008463
25.160000	0.000000	0.008420
25.170000	0.000000	0.008377
25.180000	0.000000	0.008335
25.190000	0.000000	0.008292
25.200000	0.000000	0.008249
25.210000	0.000000	0.008206
25.220000	0.000000	0.008164
25.230000	0.000000	0.008121
25.240000	0.000000	0.008078
25.250000	0.000000	0.008035
25.260000	0.000000	0.007994
25.270000	0.000000	0.007952
25.280000	0.000000	0.007909
25.290000	0.000000	0.007867
25.300000	0.000000	0.007826
25.310000	0.000000	0.007784
25.320000	0.000000	0.007743
25.330000	0.000000	0.007702
25.340000	0.000000	0.007660
25.350000	0.000000	0.007619
25.360000	0.000000	0.007578
25.370000	0.000000	0.007537
25.380000	0.000000	0.007495
25.390000	0.000000	0.007454
25.400000	0.000000	0.007413
25.410000	0.000000	0.007372
25.420000	0.000000	0.007331
25.430000	0.000000	0.007289
25.440000	0.000000	0.007248
25.450000	0.000000	0.007205
25.460000	0.000000	0.007163
25.470000	0.000000	0.007122
25.480000	0.000000	0.007081
25.490000	0.000000	0.007040
25.500000	0.000000	0.006999
25.510000	0.000000	0.006958
25.520000	0.000000	0.006917
25.530000	0.000000	0.006876
25.540000	0.000000	0.006835
25.550000	0.000000	0.006794
25.560000	0.000000	0.006753
25.570000	0.000000	0.006712
25.580000	0.000000	0.006671
25.590000	0.000000	0.006631
25.600000	0.000000	0.006591
25.610000	0.000000	0.006551
25.620000	0.000000	0.006508
25.630000	0.000000	0.006468
25.640000	0.000000	0.006435
25.650000	0.000000	0.006405
25.660000	0.000000	0.006377
25.670000	0.000000	0.006348
25.680000	0.000000	0.006319
25.690000	0.000000	0.006290
25.700000	0.000000	0.006261
25.710000	0.000000	0.006233
25.720000	0.000000	0.006204
25.730000	0.000000	0.006175
25.740000	0.000000	0.006147
25.750000	0.000000	0.006118
25.760000	0.000000	0.006089
25.770000	0.000000	0.006061
25.780000	0.000000	0.006032
25.790000	0.000000	0.006001
25.800000	0.000000	0.005973
25.810000	0.000000	0.005944
25.820000	0.000000	0.005916
25.830000	0.000000	0.005887
25.840000	0.000000	0.005858
25.850000	0.000000	0.005830
25.860000	0.000000	0.005801
25.870000	0.000000	0.005772
25.880000	0.000000	0.005744
25.890000	0.000000	0.005715
25.900000	0.000000	0.005686
25.910000	0.000000	0.005658
25.920000	0.000000	0.005629
25.930000	0.000000	0.005601
25.940000	0.000000	0.005572
25.950000	0.000000	0.005542
25.960000	0.000000	0.005513
25.970000	0.000000	0.005484
25.980000	0.000000	0.005455
25.990000	0.000000	0.005427
26.000000	0.000000	0.005398
26.010000	0.000000	0.005369
26.020000	0.000000	0.005341
26.030000	0.000000	0.005312
26.040000	0.000000	0.005284
26.050000	0.000000	0.005256
26.060000	0.000000	0.005228
26.070000	0.000000	0.005200
26.080000	0.000000	0.005173
26.090000	0.000000	0.005145
26.100000	0.000000	0.005117
26.110000	0.000000	0.005090
26.120000	0.000000	0.005061
26.130000	0.000000	0.005033
26.140000	0.000000	0.005005
26.150000	0.000000	0.004978
26.160000	0.000000	0.004950
26.170000	0.000000	0.004922
26.180000	0.000000	0.004895
26.190000	0.000000	0.004867
26.200000	0.000000	0.004840
26.210000	0.000000	0.004812
26.220000	0.000000	0.004785
26.230000	0.000000	0.004757
26.240000	0.000000	0.004729
26.250000	0.000000	0.004702
26.260000	0.000000	0.004675
26.270000	0.000000	0.004647
26.280000	0.000000	0.004620
26.290000	0.000000	0.004591
26.300000	0.000000	0.004563
26.310000	0.000000	0.004536
26.320000	0.000000	0.004509
26.330000	0.000000	0.004482
26.340000	0.000000	0.004455
26.350000	0.000000	0.004428
26.360000	0.000000	0.004401
26.370000	0.000000	0.004374
26.380000	0.000000	0.004348
26.390000	0.000000	0.004325
26.400000	0.000000	0.004305
26.410000	0.000000	0.004286
26.420000	0.000000	0.004267
26.430000	0.000000	0.004247
26.440000	0.000000	0.004228
26.450000	0.000000	0.004209
26.460000	0.000000	0.004188
26.470000	0.000000	0.004169
26.480000	0.000000	0.004150
26.490000	0.000000	0.004131
26.500000	0.000000	0.004111
26.510000	0.000000	0.004092
26.520000	0.000000	0.004073
26.530000	0.000000	0.004054
26.540000	0.000000	0.004035
26.550000	0.000000	0.004016
26.560000	0.000000	0.003996
26.570000	0.000000	0.003977
26.580000	0.000000	0.003958
26.590000	0.000000	0.003939
26.600000	0.000000	0.003920
26.610000	0.000000	0.003901
26.620000	0.000000	0.003881
26.630000	0.000000	0.003861
26.640000	0.000000	0.003842
26.650000	0.000000	0.003823
26.660000	0.000000	0.003803
26.670000	0.000000	0.003784
26.680000	0.000000	0.003765
26.690000	0.000000	0.003746
26.700000	0.000000	0.003727
26.710000	0.000000	0.003708
26.720000	0.000000	0.003688
26.730000	0.000000	0.003669
26.740000	0.000000	0.003650
26.750000	0.000000	0.003631
26.760000	0.000000	0.003612
26.770000	0.000000	0.003593
26.780000	0.000000	0.003573
26.790000	0.000000	0.003554
26.800000	0.000000	0.003534
26.810000	0.000000	0.003515
26.820000	0.000000	0.003495
26.830000	0.000000	0.003476
26.840000	0.000000	0.003458
26.850000	0.000000	0.003439
26.860000	0.000000	0.003421
26.870000	0.000000	0.003402
26.880000	0.000000	0.003384
26.890000	0.000000	0.003365
26.900000	0.000000	0.003347
26.910000	0.000000	0.003328
26.920000	0.000000	0.003310
26.930000	0.000000	0.003291
26.940000	0.000000	0.003273
26.950000	0.000000	0.003254
26.960000	0.000000	0.003235
26.970000	0.000000	0.003216
26.980000	0.000000	0.003198
26.990000	0.000000	0.003179
27.000000	0.000000	0.003161
27.010000	0.000000	0.003143
27.020000	0.000000	0.003124
27.030000	0.000000	0.003106
27.040000	0.000000	0.003088
27.050000	0.000000	0.003070
27.060000	0.000000	0.003051
27.070000	0.000000	0.003033
27.080000	0.000000	0.003015
27.090000	0.000000	0.002997
27.100000	0.000000	0.002979
27.110000	0.000000	0.002961
27.120000	0.000000	0.002943
27.130000	0.000000	0.002924
27.140000	0.000000	0.002908
27.150000	0.000000	0.002895
27.160000	0.000000	0.002882
27.170000	0.000000	0.002869
27.180000	0.000000	0.002856
27.190000	0.000000	0.002843
27.200000	0.000000	0.002830
27.210000	0.000000	0.002818
27.220000	0.000000	0.002805
27.230000	0.000000	0.002792
27.240000	0.000000	0.002779
27.250000	0.000000	0.002766
27.260000	0.000000	0.002753
27.270000	0.000000	0.002741
27.280000	0.000000	0.002728
27.290000	0.000000	0.002715
27.300000	0.000000	0.002701
27.310000	0.000000	0.002689
27.320000	0.000000	0.002676
27.330000	0.000000	0.002663
27.340000	0.000000	0.002650
27.350000	0.000000	0.002637
27.360000	0.000000	0.002624
27.370000	0.000000	0.002612
27.380000	0.000000	0.002599
27.390000	0.000000	0.002586
27.400000	0.000000	0.002573
27.410000	0.000000	0.002560
27.420000	0.000000	0.002548
27.430000	0.000000	0.002535
27.440000	0.000000	0.002522
27.450000	0.000000	0.002509
27.460000	0.000000	0.002496
27.470000	0.000000	0.002483
27.480000	0.000000	0.002470
27.490000	0.000000	0.002457
27.500000	0.000000	0.002444
27.510000	0.000000	0.002432
27.520000	0.000000	0.002419
27.530000	0.000000	0.002406
27.540000	0.000000	0.002393
27.550000	0.000000	0.002380
27.560000	0.000000	0.002368
27.570000	0.000000	0.002355
27.580000	0.000000	0.002342
27.590000	0.000000	0.002329
27.600000	0.000000	0.002316
27.610000	0.000000	0.002304
27.620000	0.000000	0.002291
27.630000	0.000000	0.002278
27.640000	0.000000	0.002265
27.650000	0.000000	0.002253
27.660000	0.000000	0.002240
27.670000	0.000000	0.002228
27.680000	0.000000	0.002216
27.690000	0.000000	0.002203
27.700000	0.000000	0.002191
27.710000	0.000000	0.002179
27.720000	0.000000	0.002166
27.730000	0.000000	0.002154
27.740000	0.000000	0.002142
27.750000	0.000000	0.002129
27.760000	0.000000	0.002117
27.770000	0.000000	0.002105
27.780000	0.000000	0.002093
27.790000	0.000000	0.002081
27.800000	0.000000	0.002068
27.810000	0.000000	0.002056
27.820000	0.000000	0.002043
27.830000	0.000000	0.002031
27.840000	0.000000	0.002019
27.850000	0.000000	0.002007
27.860000	0.000000	0.001995
27.870000	0.000000	0.001983
27.880000	0.000000	0.001971
27.890000	0.000000	0.001960
27.900000	0.000000	0.001950
27.910000	0.000000	0.001941
27.920000	0.000000	0.001933
27.930000	0.000000	0.001924
27.940000	0.000000	0.001915
27.950000	0.000000	0.001907
27.960000	0.000000	0.001898
27.970000	0.000000	0.001889
27.980000	0.000000	0.001880
27.990000	0.000000	0.001872
28.000000	0.000000	0.001863
28.010000	0.000000	0.001855
28.020000	0.000000	0.001846
28.030000	0.000000	0.001837
28.040000	0.000000	0.001829
28.050000	0.000000	0.001820
28.060000	0.000000	0.001812
28.070000	0.000000	0.001803
28.080000	0.000000	0.001795
28.090000	0.000000	0.001786
28.100000	0.000000	0.001777
28.110000	0.000000	0.001769
28.120000	0.000000	0.001760
28.130000	0.000000	0.001752
28.140000	0.000000	0.001743
28.150000	0.000000	0.001734
28.160000	0.000000	0.001725
28.170000	0.000000	0.001717
28.180000	0.000000	0.001708
28.190000	0.000000	0.001700
28.200000	0.000000	0.001691
28.210000	0.000000	0.001683
28.220000	0.000000	0.001674
28.230000	0.000000	0.001665
28.240000	0.000000	0.001657
28.250000	0.000000	0.001648
28.260000	0.000000	0.001640
28.270000	0.000000	0.001631
28.280000	0.000000	0.001623
28.290000	0.000000	0.001614
28.300000	0.000000	0.001605
28.310000	0.000000	0.001596
28.320000	0.000000	0.001588
28.330000	0.000000	0.001579
28.340000	0.000000	0.001571
28.350000	0.000000	0.001562
28.360000	0.000000	0.001553
28.370000	0.000000	0.001545
28.380000	0.000000	0.001536
28.390000	0.000000	0.001528
28.400000	0.000000	0.001519
28.410000	0.000000	0.001511
28.420000	0.000000	0.001502
28.430000	0.000000	0.001494
28.440000	0.000000	0.001485
28.450000	0.000000	0.001477
28.460000	0.000000	0.001469
28.470000	0.000000	0.001460
28.480000	0.000000	0.001452
28.490000	0.000000	0.001444
28.500000	0.000000	0.001435
28.510000	0.000000	0.001427
28.520000	0.000000	0.001419
28.530000	0.000000	0.001411
28.540000	0.000000	0.001403
28.550000	0.000000	0.001395
28.560000	0.000000	0.001387
28.570000	0.000000	0.001379
28.580000	0.000000	0.001370
28.590000	0.000000	0.001362
28.600000	0.000000	0.001354
28.610000	0.000000	0.001346
28.620000	0.000000	0.001338
28.630000	0.000000	0.001330
28.640000	0.000000	0.001321
28.650000	0.000000	0.001314
28.660000	0.000000	0.001308
28.670000	0.000000	0.001302
28.680000	0.000000	0.001296
28.690000	0.000000	0.001291
28.700000	0.000000	0.001285
28.710000	0.000000	0.001279
28.720000	0.000000	0.001273
28.730000	0.000000	0.001268
28.740000	0.000000	0.001262
28.750000	0.000000	0.001256
28.760000	0.000000	0.001250
28.770000	0.000000	0.001245
28.780000	0.000000	0.001239
28.790000	0.000000	0.001233
28.800000	0.000000	0.001227
28.810000	0.000000	0.001221
28.820000	0.000000	0.001216
28.830000	0.000000	0.001210
28.840000	0.000000	0.001204
28.850000	0.000000	0.001198
28.860000	0.000000	0.001193
28.870000	0.000000	0.001187
28.880000	0.000000	0.001181
28.890000	0.000000	0.001175
28.900000	0.000000	0.001170
28.910000	0.000000	0.001164
28.920000	0.000000	0.001158
28.930000	0.000000	0.001152
28.940000	0.000000	0.001147
28.950000	0.000000	0.001141
28.960000	0.000000	0.001135
28.970000	0.000000	0.001129
28.980000	0.000000	0.001123
28.990000	0.000000	0.001118
29.000000	0.000000	0.001112
29.010000	0.000000	0.001106
29.020000	0.000000	0.001100
29.030000	0.000000	0.001095
29.040000	0.000000	0.001089
29.050000	0.000000	0.001083
29.060000	0.000000	0.001077
29.070000	0.000000	0.001072
29.080000	0.000000	0.001066
29.090000	0.000000	0.001060
29.100000	0.000000	0.001054
29.110000	0.000000	0.001049
29.120000	0.000000	0.001043
29.130000	0.000000	0.001037
29.140000	0.000000	0.001031
29.150000	0.000000	0.001025
29.160000	0.000000	0.001020
29.170000	0.000000	0.001014
29.180000	0.000000	0.001008
29.190000	0.000000	0.001002
29.200000	0.000000	0.000997
29.210000	0.000000	0.000991
29.220000	0.000000	0.000985
29.230000	0.000000	0.000980
29.240000	0.000000	0.000974
29.250000	0.000000	0.000969
29.260000	0.000000	0.000963
29.270000	0.000000	0.000958
29.280000	0.000000	0.000952
29.290000	0.000000	0.000947
29.300000	0.000000	0.000942
29.310000	0.000000	0.000936
29.320000	0.000000	0.000930
29.330000	0.000000	0.000925
29.340000	0.000000	0.000920
29.350000	0.000000	0.000914
29.360000	0.000000	0.000909
29.370000	0.000000	0.000903
29.380000	0.000000	0.000898
29.390000	0.000000	0.000892
29.400000	0.000000	0.000887
29.410000	0.000000	0.000882
29.420000	0.000000	0.000878
29.430000	0.000000	0.000874
29.440000	0.000000	0.000870
29.450000	0.000000	0.000867
29.460000	0.000000	0.000863
29.470000	0.000000	0.000859
29.480000	0.000000	0.000855
29.490000	0.000000	0.000851
29.500000	0.000000	0.000847
29.510000	0.000000	0.000843
29.520000	0.000000	0.000839
29.530000	0.000000	0.000836
29.540000	0.000000	0.000832
29.550000	0.000000	0.000828
29.560000	0.000000	0.000824
29.570000	0.000000	0.000820
29.580000	0.000000	0.000816
29.590000	0.000000	0.000813
29.600000	0.000000	0.000809
29.610000	0.000000	0.000805
29.620000	0.000000	0.000801
29.630000	0.000000	0.000797
29.640000	0.000000	0.000793
29.650000	0.000000	0.000789
29.660000	0.000000	0.000785
29.670000	0.000000	0.000781
29.680000	0.000000	0.000778
29.690000	0.000000	0.000774
29.700000	0.000000	0.000770
29.710000	0.000000	0.000766
29.720000	0.000000	0.000762
29.730000	0.000000	0.000758
29.740000	0.000000	0.000755
29.750000	0.000000	0.000751
29.760000	0.000000	0.000747
29.770000	0.000000	0.000743
29.780000	0.000000	0.000739
29.790000	0.000000	0.000735
29.800000	0.000000	0.000732
29.810000	0.000000	0.000728
29.820000	0.000000	0.000724
29.830000	0.000000	0.000720
29.840000	0.000000	0.000716
29.850000	0.000000	0.000712
29.860000	0.000000	0.000708
29.870000	0.000000	0.000704
29.880000	0.000000	0.000701
29.890000	0.000000	0.000697
29.900000	0.000000	0.000693
29.910000	0.000000	0.000689
29.920000	0.000000	0.000685
29.930000	0.000000	0.000681
29.940000	0.000000	0.000678
29.950000	0.000000	0.000674
29.960000	0.000000	0.000670
29.970000	0.000000	0.000666
29.980000	0.000000	0.000662
29.990000	0.000000	0.000658
30.000000	0.000000	0.000654
30.010000	0.000000	0.000651
30.020000	0.000000	0.000647
30.030000	0.000000	0.000643
30.040000	0.000000	0.000640
30.050000	0.000000	0.000636
30.060000	0.000000	0.000632
30.070000	0.000000	0.000629
30.080000	0.000000	0.000625
30.090000	0.000000	0.000621
