0.100000	0.000000	1078298.305129
0.110000	0.000000	1313605.764582
0.120000	0.000000	592353.606097
0.130000	0.000000	829461.798268
0.140000	0.000000	336352.746066
0.150000	0.000000	132088.800670
0.160000	0.000000	112540.500078
0.170000	0.000000	100581.664158
0.180000	0.000000	114519.337493
0.190000	0.000000	113281.566791
0.200000	0.000000	96164.321584
0.210000	0.000000	100215.067105
0.220000	0.000000	87758.902361
0.230000	0.000000	102583.734841
0.240000	0.000000	113067.058844
0.250000	0.000000	86588.787926
0.260000	0.000000	122375.974186
0.270000	0.000000	59018.890433
0.280000	0.000000	94344.103535
0.290000	0.000000	60839.303012
0.300000	0.000000	65134.327813
0.310000	0.000000	49056.640715
0.320000	0.000000	45145.495557
0.330000	0.000000	50601.787838
0.340000	0.000000	45169.296244
0.350000	0.000000	38209.597055
0.360000	0.000000	53612.535427
0.370000	0.000000	60011.153446
0.380000	0.000000	33784.427416
0.390000	0.000000	37120.096554
0.400000	0.000000	30609.291476
0.410000	0.000000	27761.368742
0.420000	0.000000	29817.750926
0.430000	0.000000	29454.670280
0.440000	0.000000	23863.364183
0.450000	0.000000	25024.859849
0.460000	0.000000	21697.685330
0.470000	0.000000	21632.209164
0.480000	0.000000	19873.211332
0.490000	0.000000	33610.651844
0.500000	0.000000	26997.924587
0.510000	0.000000	16925.267046
0.520000	0.000000	18004.519993
0.530000	0.000000	18163.708662
0.540000	0.000000	15670.654372
0.550000	0.000000	16438.896884
0.560000	0.000000	21278.482122
0.570000	0.000000	23332.307649
0.580000	0.000000	15900.295395
0.590000	0.000000	15806.013280
0.600000	0.000000	12719.994636
0.610000	0.000000	13542.231732
0.620000	0.000000	16394.011538
0.630000	0.000000	13791.598918
0.640000	0.000000	12372.372583
0.650000	0.000000	149446.945744
0.660000	0.000000	87063.208597
0.670000	0.000000	17710.030852
0.680000	0.000000	13470.892439
0.690000	0.000000	42324.410730
0.700000	0.000000	53979.787116
0.710000	0.000000	141368.425042
0.720000	0.000000	301050.644778
0.730000	0.000000	48047.833783
0.740000	0.000000	157060.470439
0.750000	0.000000	26312.796079
0.760000	0.000000	111032.051275
0.770000	0.000000	238273.196141
0.780000	0.000000	90395.937371
0.790000	0.000000	82885.701909
0.800000	0.000000	127618.001841
0.810000	0.000000	101479.207216
0.820000	0.000000	262359.132225
0.830000	0.000000	161555.734095
0.840000	0.000000	96480.193671
0.850000	0.000000	135086.703002
0.860000	0.000000	199583.753190
0.870000	0.000000	194517.660175
0.880000	0.000000	72420.877138
0.890000	0.000000	85862.178067
0.900000	0.000000	115443.364358
0.910000	0.000000	166454.661760
0.920000	0.000000	94834.960379
0.930000	0.000000	39449.010071
0.940000	0.000000	41698.543761
0.950000	0.000000	58829.813100
0.960000	0.000000	78147.678904
0.970000	0.000000	33539.786164
0.980000	0.000000	24260.792338
0.990000	0.000000	38349.692791
1.000000	0.000000	55475.318227
1.010000	0.000000	89280.078051
1.020000	0.000000	62342.961178
1.030000	0.000000	11344.293011
1.040000	0.000000	13334.550348
1.050000	0.000000	14491.875673
1.060000	0.000000	13714.467748
1.070000	0.000000	31561.871616
1.080000	0.000000	26896.227349
1.090000	0.000000	28056.727200
1.100000	0.000000	20703.463858
1.110000	0.000000	17136.926802
1.120000	0.000000	15021.094446
1.130000	0.000000	8096.055686
1.140000	0.000000	20767.409622
1.150000	0.000000	14314.978688
1.160000	0.000000	20266.969423
1.170000	0.000000	20947.008700
1.180000	0.000000	14309.469826
1.190000	0.000000	9519.433778
1.200000	0.000000	9625.675826
1.210000	0.000000	10714.493869
1.220000	0.000000	7561.997558
1.230000	0.000000	5892.669188
1.240000	0.000000	6133.346760
1.250000	0.000000	7455.201693
1.260000	0.000000	4694.754944
1.270000	0.000000	11391.038598
1.280000	0.000000	3856.844091
1.290000	0.000000	3510.221068
1.300000	0.000000	4604.179046
1.310000	0.000000	5021.690263
1.320000	0.000000	3820.991851
1.330000	0.000000	3886.910692
1.340000	0.000000	4501.775797
1.350000	0.000000	3743.803632
1.360000	0.000000	3222.366394
1.370000	0.000000	3144.242343
1.380000	0.000000	2339.249258
1.390000	0.000000	2348.769834
1.400000	0.000000	2590.330787
1.410000	0.000000	2087.148273
1.420000	0.000000	2206.770998
1.430000	0.000000	2157.899563
1.440000	0.000000	2423.095175
1.450000	0.000000	1763.475269
1.460000	0.000000	1789.116214
1.470000	0.000000	1627.223156
1.480000	0.000000	1673.973830
1.490000	0.000000	1601.104878
1.500000	0.000000	1501.800395
1.510000	0.000000	1464.072259
1.520000	0.000000	1468.139981
1.530000	0.000000	1438.694712
1.540000	0.000000	1369.986026
1.550000	0.000000	1317.578061
1.560000	0.000000	1289.161941
1.570000	0.000000	1287.227654
1.580000	0.000000	1245.242000
1.590000	0.000000	1213.028361
1.600000	0.000000	1232.077552
1.610000	0.000000	1203.942916
1.620000	0.000000	1142.026085
1.630000	0.000000	1111.022848
1.640000	0.000000	1088.207169
1.650000	0.000000	1093.188952
1.660000	0.000000	1057.653441
1.670000	0.000000	1025.752565
1.680000	0.000000	1005.627963
1.690000	0.000000	984.732118
1.700000	0.000000	964.568980
1.710000	0.000000	945.516508
1.720000	0.000000	925.158792
1.730000	0.000000	906.852275
1.740000	0.000000	888.920768
1.750000	0.000000	873.612818
1.760000	0.000000	851.707248
1.770000	0.000000	833.878523
1.780000	0.000000	815.760811
1.790000	0.000000	799.750088
1.800000	0.000000	785.626541
1.810000	0.000000	769.085133
1.820000	0.000000	754.112623
1.830000	0.000000	739.663947
1.840000	0.000000	725.275610
1.850000	0.000000	710.951150
1.860000	0.000000	696.695066
1.870000	0.000000	683.095250
1.880000	0.000000	670.310231
1.890000	0.000000	657.702860
1.900000	0.000000	645.226038
1.910000	0.000000	632.739759
1.920000	0.000000	620.307693
1.930000	0.000000	608.032605
1.940000	0.000000	595.959388
1.950000	0.000000	583.633712
1.960000	0.000000	571.853869
1.970000	0.000000	560.099046
1.980000	0.000000	548.654018
1.990000	0.000000	537.867383
2.000000	0.000000	527.492023
2.010000	0.000000	517.339038
2.020000	0.000000	507.342883
2.030000	0.000000	497.634148
2.040000	0.000000	488.156035
2.050000	0.000000	478.825518
2.060000	0.000000	470.001527
2.070000	0.000000	461.754680
2.080000	0.000000	453.288072
2.090000	0.000000	444.966535
2.100000	0.000000	436.759099
2.110000	0.000000	428.812065
2.120000	0.000000	475.417738
2.130000	0.000000	440.962297
2.140000	0.000000	430.536632
2.150000	0.000000	465.127013
2.160000	0.000000	411.587751
2.170000	0.000000	380.672648
2.180000	0.000000	373.176527
2.190000	0.000000	365.889600
2.200000	0.000000	358.786973
2.210000	0.000000	351.797759
2.220000	0.000000	344.918438
2.230000	0.000000	338.162132
2.240000	0.000000	331.670253
2.250000	0.000000	325.674822
2.260000	0.000000	320.159033
2.270000	0.000000	315.493478
2.280000	0.000000	309.311860
2.290000	0.000000	304.125865
2.300000	0.000000	305.649425
2.310000	0.000000	293.689425
2.320000	0.000000	286.760850
2.330000	0.000000	281.518330
2.340000	0.000000	276.331069
2.350000	0.000000	271.171368
2.360000	0.000000	266.106464
2.370000	0.000000	261.117967
2.380000	0.000000	256.139789
2.390000	0.000000	251.181608
2.400000	0.000000	246.304364
2.410000	0.000000	241.561459
2.420000	0.000000	236.880822
2.430000	0.000000	232.244946
2.440000	0.000000	227.765881
2.450000	0.000000	223.320628
2.460000	0.000000	221.706480
2.470000	0.000000	216.168523
2.480000	0.000000	212.025503
2.490000	0.000000	208.297094
2.500000	0.000000	204.630254
2.510000	0.000000	206.666753
2.520000	0.000000	201.372714
2.530000	0.000000	193.825916
2.540000	0.000000	190.365712
2.550000	0.000000	186.958845
2.560000	0.000000	183.635960
2.570000	0.000000	180.578115
2.580000	0.000000	177.864463
2.590000	0.000000	173.906291
2.600000	0.000000	170.431455
2.610000	0.000000	167.067515
2.620000	0.000000	163.711142
2.630000	0.000000	161.032671
2.640000	0.000000	160.108555
2.650000	0.000000	155.179978
2.660000	0.000000	151.823629
2.670000	0.000000	149.109746
2.680000	0.000000	146.437818
2.690000	0.000000	144.027709
2.700000	0.000000	142.168999
2.710000	0.000000	139.726143
2.720000	0.000000	136.828188
2.730000	0.000000	135.085499
2.740000	0.000000	137.888068
2.750000	0.000000	149.069141
2.760000	0.000000	136.895450
2.770000	0.000000	140.707349
2.780000	0.000000	166.758162
2.790000	0.000000	121.976484
2.800000	0.000000	118.411419
2.810000	0.000000	116.187938
2.820000	0.000000	114.017039
2.830000	0.000000	111.868763
2.840000	0.000000	109.777896
2.850000	0.000000	107.726916
2.860000	0.000000	105.765250
2.870000	0.000000	103.981970
2.880000	0.000000	102.161892
2.890000	0.000000	100.220378
2.900000	0.000000	98.416902
2.910000	0.000000	96.652783
2.920000	0.000000	95.032384
2.930000	0.000000	93.459275
2.940000	0.000000	91.858997
2.950000	0.000000	90.368520
2.960000	0.000000	89.036084
2.970000	0.000000	87.158815
2.980000	0.000000	85.674001
2.990000	0.000000	84.185278
3.000000	0.000000	82.750981
3.010000	0.000000	81.244380
3.020000	0.000000	79.738396
3.030000	0.000000	79.063389
3.040000	0.000000	78.076135
3.050000	0.000000	76.000823
3.060000	0.000000	74.064164
3.070000	0.000000	73.483018
3.080000	0.000000	74.598704
3.090000	0.000000	100.373898
3.100000	0.000000	251.121591
3.110000	0.000000	106.564567
3.120000	0.000000	169.560400
3.130000	0.000000	336.199545
3.140000	0.000000	96.078341
3.150000	0.000000	62.915551
3.160000	0.000000	61.797215
3.170000	0.000000	60.831846
3.180000	0.000000	59.922898
3.190000	0.000000	58.900510
3.200000	0.000000	58.820456
3.210000	0.000000	58.024019
3.220000	0.000000	56.032853
3.230000	0.000000	54.930859
3.240000	0.000000	53.942004
3.250000	0.000000	53.005598
3.260000	0.000000	52.444534
3.270000	0.000000	53.556095
3.280000	0.000000	50.557729
3.290000	0.000000	49.417391
3.300000	0.000000	48.542121
3.310000	0.000000	48.150564
3.320000	0.000000	47.653759
3.330000	0.000000	46.142256
3.340000	0.000000	45.067471
3.350000	0.000000	44.705802
3.360000	0.000000	43.889416
3.370000	0.000000	42.792773
3.380000	0.000000	41.984776
3.390000	0.000000	41.306510
3.400000	0.000000	40.644950
3.410000	0.000000	40.020007
3.420000	0.000000	39.385093
3.430000	0.000000	39.086982
3.440000	0.000000	38.840200
3.450000	0.000000	37.528817
3.460000	0.000000	36.852773
3.470000	0.000000	40.710231
3.480000	0.000000	36.690393
3.490000	0.000000	36.579447
3.500000	0.000000	38.612119
3.510000	0.000000	35.532952
3.520000	0.000000	33.116117
3.530000	0.000000	32.427911
3.540000	0.000000	31.874912
3.550000	0.000000	31.394473
3.560000	0.000000	30.883849
3.570000	0.000000	30.367774
3.580000	0.000000	30.217595
3.590000	0.000000	29.857793
3.600000	0.000000	30.612508
3.610000	0.000000	41.870256
3.620000	0.000000	31.031801
3.630000	0.000000	27.397365
3.640000	0.000000	26.980027
3.650000	0.000000	26.384259
3.660000	0.000000	25.931359
3.670000	0.000000	26.105254
3.680000	0.000000	34.491419
3.690000	0.000000	30.314105
3.700000	0.000000	24.230672
3.710000	0.000000	23.794258
3.720000	0.000000	23.384653
3.730000	0.000000	23.013524
3.740000	0.000000	22.668781
3.750000	0.000000	22.298485
3.760000	0.000000	21.877962
3.770000	0.000000	21.917332
3.780000	0.000000	25.866964
3.790000	0.000000	23.454666
3.800000	0.000000	21.227783
3.810000	0.000000	20.631049
3.820000	0.000000	19.801512
3.830000	0.000000	19.584782
3.840000	0.000000	21.510686
3.850000	0.000000	39.757313
3.860000	0.000000	50.314359
3.870000	0.000000	40.797056
3.880000	0.000000	31.592678
3.890000	0.000000	41.742518
3.900000	0.000000	43.965402
3.910000	0.000000	16.912712
3.920000	0.000000	16.638892
3.930000	0.000000	16.401959
3.940000	0.000000	16.055342
3.950000	0.000000	15.804201
3.960000	0.000000	17.201842
3.970000	0.000000	15.356281
3.980000	0.000000	15.016471
3.990000	0.000000	14.767732
4.000000	0.000000	15.131299
4.010000	0.000000	14.531636
4.020000	0.000000	14.064638
4.030000	0.000000	14.089477
4.040000	0.000000	13.985407
4.050000	0.000000	13.693078
4.060000	0.000000	13.409992
4.070000	0.000000	13.076249
4.080000	0.000000	12.779395
4.090000	0.000000	12.452841
4.100000	0.000000	12.262807
4.110000	0.000000	12.076590
4.120000	0.000000	12.116306
4.130000	0.000000	11.702091
4.140000	0.000000	11.528542
4.150000	0.000000	11.321945
4.160000	0.000000	11.127034
4.170000	0.000000	10.938855
4.180000	0.000000	10.760046
4.190000	0.000000	10.589180
4.200000	0.000000	10.420827
4.210000	0.000000	10.253139
4.220000	0.000000	10.086286
4.230000	0.000000	9.971192
4.240000	0.000000	9.868238
4.250000	0.000000	9.632743
4.260000	0.000000	9.448277
4.270000	0.000000	9.301512
4.280000	0.000000	9.131693
4.290000	0.000000	8.970605
4.300000	0.000000	8.812410
4.310000	0.000000	8.665256
4.320000	0.000000	8.513914
4.330000	0.000000	8.467835
4.340000	0.000000	8.273363
4.350000	0.000000	8.098909
4.360000	0.000000	7.966198
4.370000	0.000000	7.831496
4.380000	0.000000	7.697114
4.390000	0.000000	7.569604
4.400000	0.000000	7.442629
4.410000	0.000000	7.320151
4.420000	0.000000	7.209940
4.430000	0.000000	7.112661
4.440000	0.000000	6.979714
4.450000	0.000000	6.870852
4.460000	0.000000	6.813924
4.470000	0.000000	6.697646
4.480000	0.000000	6.830110
4.490000	0.000000	6.506978
4.500000	0.000000	8.951463
4.510000	0.000000	7.657061
4.520000	0.000000	6.362515
4.530000	0.000000	6.072099
4.540000	0.000000	5.953851
4.550000	0.000000	5.814187
4.560000	0.000000	5.718450
4.570000	0.000000	6.190535
4.580000	0.000000	6.751071
4.590000	0.000000	5.432752
4.600000	0.000000	5.342702
4.610000	0.000000	5.256353
4.620000	0.000000	5.177133
4.630000	0.000000	5.078739
4.640000	0.000000	4.994273
4.650000	0.000000	4.929057
4.660000	0.000000	4.839555
4.670000	0.000000	4.762051
4.680000	0.000000	4.736153
4.690000	0.000000	4.711642
4.700000	0.000000	4.759872
4.710000	0.000000	5.045352
4.720000	0.000000	5.168701
4.730000	0.000000	4.885751
4.740000	0.000000	4.541182
4.750000	0.000000	4.317442
4.760000	0.000000	4.233182
4.770000	0.000000	4.047143
4.780000	0.000000	3.980577
4.790000	0.000000	3.915506
4.800000	0.000000	3.848158
4.810000	0.000000	3.819703
4.820000	0.000000	4.590210
4.830000	0.000000	3.946071
4.840000	0.000000	3.628277
4.850000	0.000000	3.605753
4.860000	0.000000	3.513866
4.870000	0.000000	3.415951
4.880000	0.000000	3.359743
4.890000	0.000000	3.307830
4.900000	0.000000	3.257712
4.910000	0.000000	3.208740
4.920000	0.000000	3.201223
4.930000	0.000000	3.247819
4.940000	0.000000	3.062783
4.950000	0.000000	3.014328
4.960000	0.000000	2.966511
4.970000	0.000000	2.916422
4.980000	0.000000	2.939133
4.990000	0.000000	2.832428
5.000000	0.000000	2.775400
5.010000	0.000000	2.729812
5.020000	0.000000	2.714551
5.030000	0.000000	2.657870
5.040000	0.000000	2.612487
5.050000	0.000000	2.574832
5.060000	0.000000	2.521517
5.070000	0.000000	2.476614
5.080000	0.000000	2.435010
5.090000	0.000000	2.386134
5.100000	0.000000	2.347250
5.110000	0.000000	2.306589
5.120000	0.000000	2.269834
5.130000	0.000000	2.239189
5.140000	0.000000	2.206162
5.150000	0.000000	2.175863
5.160000	0.000000	2.143134
5.170000	0.000000	2.108276
5.180000	0.000000	2.075352
5.190000	0.000000	2.043078
5.200000	0.000000	2.010758
5.210000	0.000000	1.977945
5.220000	0.000000	1.945725
5.230000	0.000000	1.914314
5.240000	0.000000	1.883010
5.250000	0.000000	1.852379
5.260000	0.000000	1.822403
5.270000	0.000000	1.792793
5.280000	0.000000	1.763206
5.290000	0.000000	1.734013
5.300000	0.000000	1.704103
5.310000	0.000000	1.674499
5.320000	0.000000	1.645620
5.330000	0.000000	1.617383
5.340000	0.000000	1.590494
5.350000	0.000000	1.564140
5.360000	0.000000	1.539591
5.370000	0.000000	1.515939
5.380000	0.000000	1.492762
5.390000	0.000000	1.470363
5.400000	0.000000	1.448514
5.410000	0.000000	1.426916
5.420000	0.000000	1.405676
5.430000	0.000000	1.384617
5.440000	0.000000	1.363645
5.450000	0.000000	1.343796
5.460000	0.000000	1.327497
5.470000	0.000000	1.303003
5.480000	0.000000	1.278221
5.490000	0.000000	1.283262
5.500000	0.000000	1.253676
5.510000	0.000000	1.221954
5.520000	0.000000	1.198923
5.530000	0.000000	1.191192
5.540000	0.000000	1.170236
5.550000	0.000000	1.140938
5.560000	0.000000	1.120618
5.570000	0.000000	1.112615
5.580000	0.000000	1.098409
5.590000	0.000000	1.062816
5.600000	0.000000	1.049386
5.610000	0.000000	1.045879
5.620000	0.000000	1.026927
5.630000	0.000000	1.034122
5.640000	0.000000	1.001162
5.650000	0.000000	0.976564
5.660000	0.000000	0.958837
5.670000	0.000000	0.950661
5.680000	0.000000	0.928837
5.690000	0.000000	0.910089
5.700000	0.000000	0.895425
5.710000	0.000000	0.881435
5.720000	0.000000	0.867474
5.730000	0.000000	0.853641
5.740000	0.000000	0.839962
5.750000	0.000000	0.828203
5.760000	0.000000	0.818039
5.770000	0.000000	0.802567
5.780000	0.000000	0.788202
5.790000	0.000000	0.774287
5.800000	0.000000	0.761844
5.810000	0.000000	0.747219
5.820000	0.000000	0.734367
5.830000	0.000000	0.721814
5.840000	0.000000	0.709945
5.850000	0.000000	0.699157
5.860000	0.000000	0.689479
5.870000	0.000000	0.679012
5.880000	0.000000	0.670158
5.890000	0.000000	0.659816
5.900000	0.000000	0.648683
5.910000	0.000000	0.639682
5.920000	0.000000	0.629806
5.930000	0.000000	0.619795
5.940000	0.000000	0.610791
5.950000	0.000000	0.602912
5.960000	0.000000	0.592209
5.970000	0.000000	0.581540
5.980000	0.000000	0.574275
5.990000	0.000000	0.565517
6.000000	0.000000	0.554758
6.010000	0.000000	0.545301
6.020000	0.000000	0.537937
6.030000	0.000000	0.529658
6.040000	0.000000	0.519368
6.050000	0.000000	0.509980
6.060000	0.000000	0.502636
6.070000	0.000000	0.494391
6.080000	0.000000	0.484669
6.090000	0.000000	0.476556
6.100000	0.000000	0.469769
6.110000	0.000000	0.463745
6.120000	0.000000	0.456769
6.130000	0.000000	0.449583
6.140000	0.000000	0.441908
6.150000	0.000000	0.434933
6.160000	0.000000	0.428025
6.170000	0.000000	0.421829
6.180000	0.000000	0.415247
6.190000	0.000000	0.408911
6.200000	0.000000	0.402697
6.210000	0.000000	0.396415
6.220000	0.000000	0.390218
6.230000	0.000000	0.384035
6.240000	0.000000	0.377915
6.250000	0.000000	0.372036
6.260000	0.000000	0.366193
6.270000	0.000000	0.360335
6.280000	0.000000	0.354512
6.290000	0.000000	0.348480
6.300000	0.000000	0.342562
6.310000	0.000000	0.336705
6.320000	0.000000	0.331630
6.330000	0.000000	0.326687
6.340000	0.000000	0.320673
6.350000	0.000000	0.315523
6.360000	0.000000	0.310794
6.370000	0.000000	0.306208
6.380000	0.000000	0.301678
6.390000	0.000000	0.297598
6.400000	0.000000	0.296400
6.410000	0.000000	0.374478
6.420000	0.000000	0.561371
6.430000	0.000000	0.596583
6.440000	0.000000	0.329091
6.450000	0.000000	0.432033
6.460000	0.000000	0.636481
6.470000	0.000000	0.557266
6.480000	0.000000	0.319752
6.490000	0.000000	1.113058
6.500000	0.000000	1.087082
6.510000	0.000000	0.476308
6.520000	0.000000	0.310569
6.530000	0.000000	0.498914
6.540000	0.000000	0.504783
6.550000	0.000000	0.343190
6.560000	0.000000	0.253375
6.570000	0.000000	0.342451
6.580000	0.000000	0.403075
6.590000	0.000000	0.281494
6.600000	0.000000	0.254424
6.610000	0.000000	0.280334
6.620000	0.000000	0.260237
6.630000	0.000000	0.216189
6.640000	0.000000	0.220255
6.650000	0.000000	0.234719
6.660000	0.000000	0.210866
6.670000	0.000000	0.207222
6.680000	0.000000	0.194587
6.690000	0.000000	0.190401
6.700000	0.000000	0.193103
6.710000	0.000000	0.185955
6.720000	0.000000	0.177639
6.730000	0.000000	0.173969
6.740000	0.000000	0.171250
6.750000	0.000000	0.168572
6.760000	0.000000	0.165929
6.770000	0.000000	0.163284
6.780000	0.000000	0.160684
6.790000	0.000000	0.158084
6.800000	0.000000	0.155489
6.810000	0.000000	0.152855
6.820000	0.000000	0.150269
6.830000	0.000000	0.147831
6.840000	0.000000	0.145554
6.850000	0.000000	0.143291
6.860000	0.000000	0.141049
6.870000	0.000000	0.138921
6.880000	0.000000	0.136855
6.890000	0.000000	0.134812
6.900000	0.000000	0.133130
6.910000	0.000000	0.131221
6.920000	0.000000	0.128842
6.930000	0.000000	0.126934
6.940000	0.000000	0.124942
6.950000	0.000000	0.123140
6.960000	0.000000	0.121151
6.970000	0.000000	0.119275
6.980000	0.000000	0.117333
6.990000	0.000000	0.115463
7.000000	0.000000	0.113685
7.010000	0.000000	0.111932
7.020000	0.000000	0.110249
7.030000	0.000000	0.108473
7.040000	0.000000	0.106714
7.050000	0.000000	0.105102
7.060000	0.000000	0.103404
7.070000	0.000000	0.101651
7.080000	0.000000	0.099982
7.090000	0.000000	0.098369
7.100000	0.000000	0.096876
7.110000	0.000000	0.095419
7.120000	0.000000	0.093893
7.130000	0.000000	0.092466
7.140000	0.000000	0.091112
7.150000	0.000000	0.089678
7.160000	0.000000	0.088357
7.170000	0.000000	0.087219
7.180000	0.000000	0.085979
7.190000	0.000000	0.089440
7.200000	0.000000	0.085104
7.210000	0.000000	0.081815
7.220000	0.000000	0.080562
7.230000	0.000000	0.079311
7.240000	0.000000	0.078079
7.250000	0.000000	0.077030
7.260000	0.000000	0.077066
7.270000	0.000000	0.077199
7.280000	0.000000	0.073578
7.290000	0.000000	0.072304
7.300000	0.000000	0.071071
7.310000	0.000000	0.069923
7.320000	0.000000	0.068701
7.330000	0.000000	0.067637
7.340000	0.000000	0.067320
7.350000	0.000000	0.067163
7.360000	0.000000	0.065235
7.370000	0.000000	0.063680
7.380000	0.000000	0.062577
7.390000	0.000000	0.061614
7.400000	0.000000	0.060699
7.410000	0.000000	0.059963
7.420000	0.000000	0.059732
7.430000	0.000000	0.059364
7.440000	0.000000	0.057799
7.450000	0.000000	0.056554
7.460000	0.000000	0.055632
7.470000	0.000000	0.054560
7.480000	0.000000	0.053754
7.490000	0.000000	0.054260
7.500000	0.000000	0.052681
7.510000	0.000000	0.053575
7.520000	0.000000	0.052025
7.530000	0.000000	0.050702
7.540000	0.000000	0.050094
7.550000	0.000000	0.048981
7.560000	0.000000	0.047626
7.570000	0.000000	0.046730
7.580000	0.000000	0.046099
7.590000	0.000000	0.045323
7.600000	0.000000	0.044496
7.610000	0.000000	0.043835
7.620000	0.000000	0.043434
7.630000	0.000000	0.043076
7.640000	0.000000	0.041821
7.650000	0.000000	0.041108
7.660000	0.000000	0.040483
7.670000	0.000000	0.039886
7.680000	0.000000	0.039305
7.690000	0.000000	0.038703
7.700000	0.000000	0.038104
7.710000	0.000000	0.037518
7.720000	0.000000	0.037274
7.730000	0.000000	0.036663
7.740000	0.000000	0.035862
7.750000	0.000000	0.035342
7.760000	0.000000	0.034902
7.770000	0.000000	0.034693
7.780000	0.000000	0.034906
7.790000	0.000000	0.035093
7.800000	0.000000	0.033846
7.810000	0.000000	0.032332
7.820000	0.000000	0.031959
7.830000	0.000000	0.031451
7.840000	0.000000	0.030649
7.850000	0.000000	0.030229
7.860000	0.000000	0.029703
7.870000	0.000000	0.029241
7.880000	0.000000	0.028779
7.890000	0.000000	0.028322
7.900000	0.000000	0.027883
7.910000	0.000000	0.027463
7.920000	0.000000	0.027062
7.930000	0.000000	0.026663
7.940000	0.000000	0.026266
7.950000	0.000000	0.025869
7.960000	0.000000	0.025482
7.970000	0.000000	0.025142
7.980000	0.000000	0.024687
7.990000	0.000000	0.024290
8.000000	0.000000	0.023919
8.010000	0.000000	0.023554
8.020000	0.000000	0.023202
8.030000	0.000000	0.022852
8.040000	0.000000	0.022505
8.050000	0.000000	0.022159
8.060000	0.000000	0.021815
8.070000	0.000000	0.021474
8.080000	0.000000	0.021137
8.090000	0.000000	0.020813
8.100000	0.000000	0.020491
8.110000	0.000000	0.020150
8.120000	0.000000	0.019851
8.130000	0.000000	0.019553
8.140000	0.000000	0.019256
8.150000	0.000000	0.018956
8.160000	0.000000	0.018806
8.170000	0.000000	0.018372
8.180000	0.000000	0.018117
8.190000	0.000000	0.017835
8.200000	0.000000	0.017564
8.210000	0.000000	0.017317
8.220000	0.000000	0.017045
8.230000	0.000000	0.016773
8.240000	0.000000	0.016513
8.250000	0.000000	0.016258
8.260000	0.000000	0.016010
8.270000	0.000000	0.015767
8.280000	0.000000	0.015532
8.290000	0.000000	0.015303
8.300000	0.000000	0.015067
8.310000	0.000000	0.014836
8.320000	0.000000	0.014604
8.330000	0.000000	0.014368
8.340000	0.000000	0.014199
8.350000	0.000000	0.013927
8.360000	0.000000	0.013708
8.370000	0.000000	0.013493
8.380000	0.000000	0.013289
8.390000	0.000000	0.013097
8.400000	0.000000	0.012900
8.410000	0.000000	0.012697
8.420000	0.000000	0.012522
8.430000	0.000000	0.012344
8.440000	0.000000	0.012122
8.450000	0.000000	0.011944
8.460000	0.000000	0.011767
8.470000	0.000000	0.011593
8.480000	0.000000	0.011420
8.490000	0.000000	0.011238
8.500000	0.000000	0.011060
8.510000	0.000000	0.010898
8.520000	0.000000	0.010730
8.530000	0.000000	0.010558
8.540000	0.000000	0.010398
8.550000	0.000000	0.010243
8.560000	0.000000	0.010089
8.570000	0.000000	0.009936
8.580000	0.000000	0.009786
8.590000	0.000000	0.009636
8.600000	0.000000	0.009488
8.610000	0.000000	0.009340
8.620000	0.000000	0.009189
8.630000	0.000000	0.009049
8.640000	0.000000	0.008914
8.650000	0.000000	0.008782
8.660000	0.000000	0.008642
8.670000	0.000000	0.008509
8.680000	0.000000	0.008379
8.690000	0.000000	0.008250
8.700000	0.000000	0.008124
8.710000	0.000000	0.008008
8.720000	0.000000	0.007889
8.730000	0.000000	0.007771
8.740000	0.000000	0.007654
8.750000	0.000000	0.007537
8.760000	0.000000	0.007421
8.770000	0.000000	0.007305
8.780000	0.000000	0.007190
8.790000	0.000000	0.007081
8.800000	0.000000	0.006976
8.810000	0.000000	0.006872
8.820000	0.000000	0.006771
8.830000	0.000000	0.006663
8.840000	0.000000	0.006561
8.850000	0.000000	0.006461
8.860000	0.000000	0.006361
8.870000	0.000000	0.006261
8.880000	0.000000	0.006163
8.890000	0.000000	0.006070
8.900000	0.000000	0.005979
8.910000	0.000000	0.005890
8.920000	0.000000	0.005802
8.930000	0.000000	0.005715
8.940000	0.000000	0.005627
8.950000	0.000000	0.005540
8.960000	0.000000	0.005455
8.970000	0.000000	0.005375
8.980000	0.000000	0.005297
8.990000	0.000000	0.005218
9.000000	0.000000	0.005135
9.010000	0.000000	0.005057
9.020000	0.000000	0.004979
9.030000	0.000000	0.004901
9.040000	0.000000	0.004824
9.050000	0.000000	0.004750
9.060000	0.000000	0.004679
9.070000	0.000000	0.004610
9.080000	0.000000	0.004543
9.090000	0.000000	0.004475
9.100000	0.000000	0.004408
9.110000	0.000000	0.004341
9.120000	0.000000	0.004274
9.130000	0.000000	0.004208
9.140000	0.000000	0.004142
9.150000	0.000000	0.004079
9.160000	0.000000	0.004017
9.170000	0.000000	0.003955
9.180000	0.000000	0.003896
9.190000	0.000000	0.003838
9.200000	0.000000	0.003780
9.210000	0.000000	0.003722
9.220000	0.000000	0.003665
9.230000	0.000000	0.003610
9.240000	0.000000	0.003557
9.250000	0.000000	0.003505
9.260000	0.000000	0.003452
9.270000	0.000000	0.003400
9.280000	0.000000	0.003348
9.290000	0.000000	0.003296
9.300000	0.000000	0.003244
9.310000	0.000000	0.003193
9.320000	0.000000	0.003145
9.330000	0.000000	0.003098
9.340000	0.000000	0.003051
9.350000	0.000000	0.003006
9.360000	0.000000	0.002962
9.370000	0.000000	0.002917
9.380000	0.000000	0.002872
9.390000	0.000000	0.002828
9.400000	0.000000	0.002784
9.410000	0.000000	0.002742
9.420000	0.000000	0.002701
9.430000	0.000000	0.002661
9.440000	0.000000	0.002622
9.450000	0.000000	0.002583
9.460000	0.000000	0.002544
9.470000	0.000000	0.002506
9.480000	0.000000	0.002467
9.490000	0.000000	0.002429
9.500000	0.000000	0.002391
9.510000	0.000000	0.002356
9.520000	0.000000	0.002321
9.530000	0.000000	0.002286
9.540000	0.000000	0.002251
9.550000	0.000000	0.002216
9.560000	0.000000	0.002181
9.570000	0.000000	0.002147
9.580000	0.000000	0.002114
9.590000	0.000000	0.002083
9.600000	0.000000	0.002053
9.610000	0.000000	0.002024
9.620000	0.000000	0.001994
9.630000	0.000000	0.001964
9.640000	0.000000	0.001934
9.650000	0.000000	0.001904
9.660000	0.000000	0.001874
9.670000	0.000000	0.001844
9.680000	0.000000	0.001817
9.690000	0.000000	0.001790
9.700000	0.000000	0.001764
9.710000	0.000000	0.001738
9.720000	0.000000	0.001712
9.730000	0.000000	0.001686
9.740000	0.000000	0.001661
9.750000	0.000000	0.001635
9.760000	0.000000	0.001610
9.770000	0.000000	0.001586
9.780000	0.000000	0.001563
9.790000	0.000000	0.001539
9.800000	0.000000	0.001516
9.810000	0.000000	0.001493
9.820000	0.000000	0.001470
9.830000	0.000000	0.001447
9.840000	0.000000	0.001423
9.850000	0.000000	0.001402
9.860000	0.000000	0.001382
9.870000	0.000000	0.001362
9.880000	0.000000	0.001342
9.890000	0.000000	0.001322
9.900000	0.000000	0.001302
9.910000	0.000000	0.001282
9.920000	0.000000	0.001262
9.930000	0.000000	0.001243
9.940000	0.000000	0.001225
9.950000	0.000000	0.001207
9.960000	0.000000	0.001189
9.970000	0.000000	0.001172
9.980000	0.000000	0.001155
9.990000	0.000000	0.001137
10.000000	0.000000	0.001119
10.010000	0.000000	0.001102
10.020000	0.000000	0.001084
10.030000	0.000000	0.001068
10.040000	0.000000	0.001052
10.050000	0.000000	0.001037
10.060000	0.000000	0.001021
10.070000	0.000000	0.001005
10.080000	0.000000	0.000990
10.090000	0.000000	0.000975
10.100000	0.000000	0.000960
10.110000	0.000000	0.000945
10.120000	0.000000	0.000931
10.130000	0.000000	0.000918
10.140000	0.000000	0.000904
10.150000	0.000000	0.000891
10.160000	0.000000	0.000878
10.170000	0.000000	0.000864
10.180000	0.000000	0.000850
10.190000	0.000000	0.000837
10.200000	0.000000	0.000825
10.210000	0.000000	0.000813
10.220000	0.000000	0.000801
10.230000	0.000000	0.000790
10.240000	0.000000	0.000778
10.250000	0.000000	0.000767
10.260000	0.000000	0.000755
10.270000	0.000000	0.000743
10.280000	0.000000	0.000732
10.290000	0.000000	0.000721
10.300000	0.000000	0.000710
10.310000	0.000000	0.000699
10.320000	0.000000	0.000689
10.330000	0.000000	0.000678
10.340000	0.000000	0.000668
10.350000	0.000000	0.000657
10.360000	0.000000	0.000647
10.370000	0.000000	0.000638
10.380000	0.000000	0.000628
10.390000	0.000000	0.000619
10.400000	0.000000	0.000610
10.410000	0.000000	0.000601
10.420000	0.000000	0.000592
10.430000	0.000000	0.000583
10.440000	0.000000	0.000574
10.450000	0.000000	0.000565
10.460000	0.000000	0.000557
10.470000	0.000000	0.000549
10.480000	0.000000	0.000541
10.490000	0.000000	0.000533
10.500000	0.000000	0.000525
10.510000	0.000000	0.000517
10.520000	0.000000	0.000509
10.530000	0.000000	0.000502
10.540000	0.000000	0.000494
10.550000	0.000000	0.000486
10.560000	0.000000	0.000479
10.570000	0.000000	0.000471
10.580000	0.000000	0.000465
10.590000	0.000000	0.000458
10.600000	0.000000	0.000451
10.610000	0.000000	0.000444
10.620000	0.000000	0.000437
10.630000	0.000000	0.000431
10.640000	0.000000	0.000424
10.650000	0.000000	0.000418
10.660000	0.000000	0.000412
10.670000	0.000000	0.000405
10.680000	0.000000	0.000399
10.690000	0.000000	0.000393
10.700000	0.000000	0.000387
10.710000	0.000000	0.000382
10.720000	0.000000	0.000376
10.730000	0.000000	0.000371
10.740000	0.000000	0.000365
10.750000	0.000000	0.000360
10.760000	0.000000	0.000355
10.770000	0.000000	0.000349
10.780000	0.000000	0.000344
10.790000	0.000000	0.000339
10.800000	0.000000	0.000334
10.810000	0.000000	0.000329
10.820000	0.000000	0.000324
10.830000	0.000000	0.000319
10.840000	0.000000	0.000314
10.850000	0.000000	0.000309
10.860000	0.000000	0.000304
10.870000	0.000000	0.000300
10.880000	0.000000	0.000295
10.890000	0.000000	0.000291
10.900000	0.000000	0.000286
10.910000	0.000000	0.000282
10.920000	0.000000	0.000278
10.930000	0.000000	0.000274
10.940000	0.000000	0.000270
10.950000	0.000000	0.000266
10.960000	0.000000	0.000262
10.970000	0.000000	0.000258
10.980000	0.000000	0.000254
10.990000	0.000000	0.000251
11.000000	0.000000	0.000247
11.010000	0.000000	0.000243
11.020000	0.000000	0.000240
11.030000	0.000000	0.000236
11.040000	0.000000	0.000233
11.050000	0.000000	0.000229
11.060000	0.000000	0.000226
11.070000	0.000000	0.000222
11.080000	0.000000	0.000219
11.090000	0.000000	0.000215
11.100000	0.000000	0.000212
11.110000	0.000000	0.000209
11.120000	0.000000	0.000206
11.130000	0.000000	0.000203
11.140000	0.000000	0.000200
11.150000	0.000000	0.000197
11.160000	0.000000	0.000194
11.170000	0.000000	0.000191
11.180000	0.000000	0.000188
11.190000	0.000000	0.000185
11.200000	0.000000	0.000182
11.210000	0.000000	0.000180
11.220000	0.000000	0.000177
11.230000	0.000000	0.000174
11.240000	0.000000	0.000172
11.250000	0.000000	0.000169
11.260000	0.000000	0.000167
11.270000	0.000000	0.000165
11.280000	0.000000	0.000162
11.290000	0.000000	0.000160
11.300000	0.000000	0.000157
11.310000	0.000000	0.000155
11.320000	0.000000	0.000153
11.330000	0.000000	0.000150
11.340000	0.000000	0.000148
11.350000	0.000000	0.000146
11.360000	0.000000	0.000143
11.370000	0.000000	0.000141
11.380000	0.000000	0.000139
11.390000	0.000000	0.000137
11.400000	0.000000	0.000135
11.410000	0.000000	0.000133
11.420000	0.000000	0.000131
11.430000	0.000000	0.000129
11.440000	0.000000	0.000127
11.450000	0.000000	0.000125
11.460000	0.000000	0.000123
11.470000	0.000000	0.000122
11.480000	0.000000	0.000120
11.490000	0.000000	0.000118
11.500000	0.000000	0.000116
11.510000	0.000000	0.000115
11.520000	0.000000	0.000113
11.530000	0.000000	0.000111
11.540000	0.000000	0.000110
11.550000	0.000000	0.000108
11.560000	0.000000	0.000106
11.570000	0.000000	0.000105
11.580000	0.000000	0.000103
11.590000	0.000000	0.000102
11.600000	0.000000	0.000100
11.610000	0.000000	0.000099
11.620000	0.000000	0.000097
11.630000	0.000000	0.000096
11.640000	0.000000	0.000094
11.650000	0.000000	0.000093
11.660000	0.000000	0.000092
11.670000	0.000000	0.000090
11.680000	0.000000	0.000089
11.690000	0.000000	0.000087
11.700000	0.000000	0.000086
11.710000	0.000000	0.000085
11.720000	0.000000	0.000084
11.730000	0.000000	0.000082
11.740000	0.000000	0.000081
11.750000	0.000000	0.000080
11.760000	0.000000	0.000079
11.770000	0.000000	0.000078
11.780000	0.000000	0.000076
11.790000	0.000000	0.000075
11.800000	0.000000	0.000074
11.810000	0.000000	0.000073
11.820000	0.000000	0.000072
11.830000	0.000000	0.000071
11.840000	0.000000	0.000070
11.850000	0.000000	0.000069
11.860000	0.000000	0.000068
11.870000	0.000000	0.000067
11.880000	0.000000	0.000066
11.890000	0.000000	0.000065
11.900000	0.000000	0.000064
11.910000	0.000000	0.000063
11.920000	0.000000	0.000062
11.930000	0.000000	0.000061
11.940000	0.000000	0.000060
11.950000	0.000000	0.000059
11.960000	0.000000	0.000058
11.970000	0.000000	0.000057
11.980000	0.000000	0.000057
11.990000	0.000000	0.000056
12.000000	0.000000	0.000055
12.010000	0.000000	0.000054
12.020000	0.000000	0.000053
12.030000	0.000000	0.000053
12.040000	0.000000	0.000052
12.050000	0.000000	0.000051
12.060000	0.000000	0.000050
12.070000	0.000000	0.000050
12.080000	0.000000	0.000049
12.090000	0.000000	0.000048
12.100000	0.000000	0.000047
12.110000	0.000000	0.000047
12.120000	0.000000	0.000046
12.130000	0.000000	0.000045
12.140000	0.000000	0.000045
12.150000	0.000000	0.000044
12.160000	0.000000	0.000043
12.170000	0.000000	0.000043
12.180000	0.000000	0.000042
12.190000	0.000000	0.000041
12.200000	0.000000	0.000041
12.210000	0.000000	0.000040
12.220000	0.000000	0.000040
12.230000	0.000000	0.000039
12.240000	0.000000	0.000038
12.250000	0.000000	0.000038
12.260000	0.000000	0.000037
12.270000	0.000000	0.000037
12.280000	0.000000	0.000036
12.290000	0.000000	0.000036
12.300000	0.000000	0.000035
12.310000	0.000000	0.000035
12.320000	0.000000	0.000034
12.330000	0.000000	0.000034
12.340000	0.000000	0.000033
12.350000	0.000000	0.000033
12.360000	0.000000	0.000032
12.370000	0.000000	0.000032
12.380000	0.000000	0.000031
12.390000	0.000000	0.000031
12.400000	0.000000	0.000030
12.410000	0.000000	0.000030
12.420000	0.000000	0.000029
12.430000	0.000000	0.000029
12.440000	0.000000	0.000029
12.450000	0.000000	0.000028
12.460000	0.000000	0.000028
12.470000	0.000000	0.000027
12.480000	0.000000	0.000027
12.490000	0.000000	0.000026
12.500000	0.000000	0.000026
12.510000	0.000000	0.000026
12.520000	0.000000	0.000025
12.530000	0.000000	0.000025
12.540000	0.000000	0.000025
12.550000	0.000000	0.000024
12.560000	0.000000	0.000024
12.570000	0.000000	0.000023
12.580000	0.000000	0.000023
12.590000	0.000000	0.000023
12.600000	0.000000	0.000022
12.610000	0.000000	0.000022
12.620000	0.000000	0.000022
12.630000	0.000000	0.000022
12.640000	0.000000	0.000021
12.650000	0.000000	0.000021
12.660000	0.000000	0.000021
12.670000	0.000000	0.000020
12.680000	0.000000	0.000020
12.690000	0.000000	0.000020
12.700000	0.000000	0.000019
12.710000	0.000000	0.000019
12.720000	0.000000	0.000019
12.730000	0.000000	0.000018
12.740000	0.000000	0.000018
12.750000	0.000000	0.000018
12.760000	0.000000	0.000018
12.770000	0.000000	0.000017
12.780000	0.000000	0.000017
12.790000	0.000000	0.000017
12.800000	0.000000	0.000017
12.810000	0.000000	0.000016
12.820000	0.000000	0.000016
12.830000	0.000000	0.000016
12.840000	0.000000	0.000016
12.850000	0.000000	0.000015
12.860000	0.000000	0.000015
12.870000	0.000000	0.000015
12.880000	0.000000	0.000015
12.890000	0.000000	0.000015
12.900000	0.000000	0.000014
12.910000	0.000000	0.000014
12.920000	0.000000	0.000014
12.930000	0.000000	0.000014
12.940000	0.000000	0.000014
12.950000	0.000000	0.000013
12.960000	0.000000	0.000013
12.970000	0.000000	0.000013
12.980000	0.000000	0.000013
12.990000	0.000000	0.000013
13.000000	0.000000	0.000012
13.010000	0.000000	0.000012
13.020000	0.000000	0.000012
13.030000	0.000000	0.000012
13.040000	0.000000	0.000012
13.050000	0.000000	0.000011
13.060000	0.000000	0.000011
13.070000	0.000000	0.000011
13.080000	0.000000	0.000011
13.090000	0.000000	0.000011
13.100000	0.000000	0.000011
13.110000	0.000000	0.000010
13.120000	0.000000	0.000010
13.130000	0.000000	0.000010
13.140000	0.000000	0.000010
13.150000	0.000000	0.000010
13.160000	0.000000	0.000010
13.170000	0.000000	0.000010
13.180000	0.000000	0.000009
13.190000	0.000000	0.000009
13.200000	0.000000	0.000009
13.210000	0.000000	0.000009
13.220000	0.000000	0.000009
13.230000	0.000000	0.000009
13.240000	0.000000	0.000009
13.250000	0.000000	0.000009
13.260000	0.000000	0.000008
13.270000	0.000000	0.000008
13.280000	0.000000	0.000008
13.290000	0.000000	0.000008
13.300000	0.000000	0.000008
13.310000	0.000000	0.000008
13.320000	0.000000	0.000008
13.330000	0.000000	0.000008
13.340000	0.000000	0.000007
13.350000	0.000000	0.000007
13.360000	0.000000	0.000007
13.370000	0.000000	0.000007
13.380000	0.000000	0.000007
13.390000	0.000000	0.000007
13.400000	0.000000	0.000007
13.410000	0.000000	0.000007
13.420000	0.000000	0.000007
13.430000	0.000000	0.000007
13.440000	0.000000	0.000006
13.450000	0.000000	0.000006
13.460000	0.000000	0.000006
13.470000	0.000000	0.000006
13.480000	0.000000	0.000006
13.490000	0.000000	0.000006
13.500000	0.000000	0.000006
13.510000	0.000000	0.000006
13.520000	0.000000	0.000006
13.530000	0.000000	0.000006
13.540000	0.000000	0.000006
13.550000	0.000000	0.000005
13.560000	0.000000	0.000005
13.570000	0.000000	0.000005
13.580000	0.000000	0.000005
13.590000	0.000000	0.000005
13.600000	0.000000	0.000005
13.610000	0.000000	0.000005
13.620000	0.000000	0.000005
13.630000	0.000000	0.000005
13.640000	0.000000	0.000005
13.650000	0.000000	0.000005
13.660000	0.000000	0.000005
13.670000	0.000000	0.000005
13.680000	0.000000	0.000005
13.690000	0.000000	0.000004
13.700000	0.000000	0.000004
13.710000	0.000000	0.000004
13.720000	0.000000	0.000004
13.730000	0.000000	0.000004
13.740000	0.000000	0.000004
13.750000	0.000000	0.000004
13.760000	0.000000	0.000004
13.770000	0.000000	0.000004
13.780000	0.000000	0.000004
13.790000	0.000000	0.000004
13.800000	0.000000	0.000004
13.810000	0.000000	0.000004
13.820000	0.000000	0.000004
13.830000	0.000000	0.000004
13.840000	0.000000	0.000004
13.850000	0.000000	0.000004
13.860000	0.000000	0.000003
13.870000	0.000000	0.000003
13.880000	0.000000	0.000003
13.890000	0.000000	0.000003
13.900000	0.000000	0.000003
13.910000	0.000000	0.000003
13.920000	0.000000	0.000003
13.930000	0.000000	0.000003
13.940000	0.000000	0.000003
13.950000	0.000000	0.000003
13.960000	0.000000	0.000003
13.970000	0.000000	0.000003
13.980000	0.000000	0.000003
13.990000	0.000000	0.000003
14.000000	0.000000	0.000003
14.010000	0.000000	0.000003
14.020000	0.000000	0.000003
14.030000	0.000000	0.000003
14.040000	0.000000	0.000003
14.050000	0.000000	0.000003
14.060000	0.000000	0.000003
14.070000	0.000000	0.000003
14.080000	0.000000	0.000002
14.090000	0.000000	0.000002
14.100000	0.000000	0.000002
14.110000	0.000000	0.000002
14.120000	0.000000	0.000002
14.130000	0.000000	0.000002
14.140000	0.000000	0.000002
14.150000	0.000000	0.000002
14.160000	0.000000	0.000002
14.170000	0.000000	0.000002
14.180000	0.000000	0.000002
14.190000	0.000000	0.000002
14.200000	0.000000	0.000002
14.210000	0.000000	0.000002
14.220000	0.000000	0.000002
14.230000	0.000000	0.000002
14.240000	0.000000	0.000002
14.250000	0.000000	0.000002
14.260000	0.000000	0.000002
14.270000	0.000000	0.000002
14.280000	0.000000	0.000002
14.290000	0.000000	0.000002
14.300000	0.000000	0.000002
14.310000	0.000000	0.000002
14.320000	0.000000	0.000002
14.330000	0.000000	0.000002
14.340000	0.000000	0.000002
14.350000	0.000000	0.000002
14.360000	0.000000	0.000002
14.370000	0.000000	0.000002
14.380000	0.000000	0.000002
14.390000	0.000000	0.000002
14.400000	0.000000	0.000002
14.410000	0.000000	0.000002
14.420000	0.000000	0.000002
14.430000	0.000000	0.000001
14.440000	0.000000	0.000001
14.450000	0.000000	0.000001
14.460000	0.000000	0.000001
14.470000	0.000000	0.000001
14.480000	0.000000	0.000001
14.490000	0.000000	0.000001
14.500000	0.000000	0.000001
14.510000	0.000000	0.000001
14.520000	0.000000	0.000001
14.530000	0.000000	0.000001
14.540000	0.000000	0.000001
14.550000	0.000000	0.000001
14.560000	0.000000	0.000001
14.570000	0.000000	0.000001
14.580000	0.000000	0.000001
14.590000	0.000000	0.000001
14.600000	0.000000	0.000001
14.610000	0.000000	0.000001
14.620000	0.000000	0.000001
14.630000	0.000000	0.000001
14.640000	0.000000	0.000001
14.650000	0.000000	0.000001
14.660000	0.000000	0.000001
14.670000	0.000000	0.000001
14.680000	0.000000	0.000001
14.690000	0.000000	0.000001
14.700000	0.000000	1.0e-06
14.710000	0.000000	9.8e-07
14.720000	0.000000	9.7e-07
14.730000	0.000000	9.5e-07
14.740000	0.000000	9.4e-07
14.750000	0.000000	9.3e-07
14.760000	0.000000	9.1e-07
14.770000	0.000000	9.0e-07
14.780000	0.000000	8.9e-07
14.790000	0.000000	8.8e-07
14.800000	0.000000	8.6e-07
14.810000	0.000000	8.5e-07
14.820000	0.000000	8.4e-07
14.830000	0.000000	8.3e-07
14.840000	0.000000	8.1e-07
14.850000	0.000000	8.0e-07
14.860000	0.000000	7.9e-07
14.870000	0.000000	7.8e-07
14.880000	0.000000	7.7e-07
14.890000	0.000000	7.5e-07
14.900000	0.000000	7.4e-07
14.910000	0.000000	7.3e-07
14.920000	0.000000	7.2e-07
14.930000	0.000000	7.1e-07
14.940000	0.000000	7.0e-07
14.950000	0.000000	6.9e-07
14.960000	0.000000	6.8e-07
14.970000	0.000000	6.7e-07
14.980000	0.000000	6.6e-07
14.990000	0.000000	6.5e-07
15.000000	0.000000	6.4e-07
15.010000	0.000000	6.3e-07
15.020000	0.000000	6.2e-07
15.030000	0.000000	6.1e-07
15.040000	0.000000	6.1e-07
15.050000	0.000000	6.0e-07
15.060000	0.000000	5.9e-07
15.070000	0.000000	5.8e-07
15.080000	0.000000	5.7e-07
15.090000	0.000000	5.6e-07
15.100000	0.000000	5.6e-07
15.110000	0.000000	5.5e-07
15.120000	0.000000	5.4e-07
15.130000	0.000000	5.3e-07
15.140000	0.000000	5.2e-07
15.150000	0.000000	5.2e-07
15.160000	0.000000	5.1e-07
15.170000	0.000000	5.0e-07
15.180000	0.000000	4.9e-07
15.190000	0.000000	4.8e-07
15.200000	0.000000	4.8e-07
15.210000	0.000000	4.7e-07
15.220000	0.000000	4.6e-07
15.230000	0.000000	4.6e-07
15.240000	0.000000	4.5e-07
15.250000	0.000000	4.4e-07
15.260000	0.000000	4.4e-07
15.270000	0.000000	4.3e-07
15.280000	0.000000	4.2e-07
15.290000	0.000000	4.2e-07
15.300000	0.000000	4.1e-07
15.310000	0.000000	4.1e-07
15.320000	0.000000	4.0e-07
15.330000	0.000000	4.0e-07
15.340000	0.000000	3.9e-07
15.350000	0.000000	3.8e-07
15.360000	0.000000	3.8e-07
15.370000	0.000000	3.7e-07
15.380000	0.000000	3.7e-07
15.390000	0.000000	3.6e-07
15.400000	0.000000	3.6e-07
15.410000	0.000000	3.5e-07
15.420000	0.000000	3.5e-07
15.430000	0.000000	3.4e-07
15.440000	0.000000	3.4e-07
15.450000	0.000000	3.3e-07
15.460000	0.000000	3.3e-07
15.470000	0.000000	3.2e-07
15.480000	0.000000	3.2e-07
15.490000	0.000000	3.1e-07
15.500000	0.000000	3.1e-07
15.510000	0.000000	3.0e-07
15.520000	0.000000	3.0e-07
15.530000	0.000000	2.9e-07
15.540000	0.000000	2.9e-07
15.550000	0.000000	2.9e-07
15.560000	0.000000	2.8e-07
15.570000	0.000000	2.8e-07
15.580000	0.000000	2.7e-07
15.590000	0.000000	2.7e-07
15.600000	0.000000	2.7e-07
15.610000	0.000000	2.6e-07
15.620000	0.000000	2.6e-07
15.630000	0.000000	2.5e-07
15.640000	0.000000	2.5e-07
15.650000	0.000000	2.5e-07
15.660000	0.000000	2.4e-07
15.670000	0.000000	2.4e-07
15.680000	0.000000	2.4e-07
15.690000	0.000000	2.3e-07
15.700000	0.000000	2.3e-07
15.710000	0.000000	2.3e-07
15.720000	0.000000	2.2e-07
15.730000	0.000000	2.2e-07
15.740000	0.000000	2.2e-07
15.750000	0.000000	2.1e-07
15.760000	0.000000	2.1e-07
15.770000	0.000000	2.1e-07
15.780000	0.000000	2.0e-07
15.790000	0.000000	2.0e-07
15.800000	0.000000	2.0e-07
15.810000	0.000000	1.9e-07
15.820000	0.000000	1.9e-07
15.830000	0.000000	1.9e-07
15.840000	0.000000	1.9e-07
15.850000	0.000000	1.8e-07
15.860000	0.000000	1.8e-07
15.870000	0.000000	1.8e-07
15.880000	0.000000	1.8e-07
15.890000	0.000000	1.7e-07
15.900000	0.000000	1.7e-07
15.910000	0.000000	1.7e-07
15.920000	0.000000	1.7e-07
15.930000	0.000000	1.6e-07
15.940000	0.000000	1.6e-07
15.950000	0.000000	1.6e-07
15.960000	0.000000	1.6e-07
15.970000	0.000000	1.5e-07
15.980000	0.000000	1.5e-07
15.990000	0.000000	1.5e-07
16.000000	0.000000	1.5e-07
16.010000	0.000000	1.5e-07
16.020000	0.000000	1.4e-07
16.030000	0.000000	1.4e-07
16.040000	0.000000	1.4e-07
16.050000	0.000000	1.4e-07
16.060000	0.000000	1.3e-07
16.070000	0.000000	1.3e-07
16.080000	0.000000	1.3e-07
16.090000	0.000000	1.3e-07
16.100000	0.000000	1.3e-07
16.110000	0.000000	1.3e-07
16.120000	0.000000	1.2e-07
16.130000	0.000000	1.2e-07
16.140000	0.000000	1.2e-07
16.150000	0.000000	1.2e-07
16.160000	0.000000	1.2e-07
16.170000	0.000000	1.2e-07
16.180000	0.000000	1.1e-07
16.190000	0.000000	1.1e-07
16.200000	0.000000	1.1e-07
16.210000	0.000000	1.1e-07
16.220000	0.000000	1.1e-07
16.230000	0.000000	1.1e-07
16.240000	0.000000	1.0e-07
16.250000	0.000000	1.0e-07
16.260000	0.000000	1.0e-07
16.270000	0.000000	9.9e-08
16.280000	0.000000	9.8e-08
16.290000	0.000000	9.6e-08
16.300000	0.000000	9.5e-08
16.310000	0.000000	9.3e-08
16.320000	0.000000	9.2e-08
16.330000	0.000000	9.1e-08
16.340000	0.000000	8.9e-08
16.350000	0.000000	8.8e-08
16.360000	0.000000	8.7e-08
16.370000	0.000000	8.6e-08
16.380000	0.000000	8.4e-08
16.390000	0.000000	8.3e-08
16.400000	0.000000	8.2e-08
16.410000	0.000000	8.1e-08
16.420000	0.000000	8.0e-08
16.430000	0.000000	7.9e-08
16.440000	0.000000	7.8e-08
16.450000	0.000000	7.6e-08
16.460000	0.000000	7.5e-08
16.470000	0.000000	7.4e-08
16.480000	0.000000	7.3e-08
16.490000	0.000000	7.2e-08
16.500000	0.000000	7.1e-08
16.510000	0.000000	7.0e-08
16.520000	0.000000	6.9e-08
16.530000	0.000000	6.8e-08
16.540000	0.000000	6.7e-08
16.550000	0.000000	6.6e-08
16.560000	0.000000	6.5e-08
16.570000	0.000000	6.4e-08
16.580000	0.000000	6.3e-08
16.590000	0.000000	6.2e-08
16.600000	0.000000	6.1e-08
16.610000	0.000000	6.0e-08
16.620000	0.000000	5.9e-08
16.630000	0.000000	5.9e-08
16.640000	0.000000	5.8e-08
16.650000	0.000000	5.7e-08
16.660000	0.000000	5.6e-08
16.670000	0.000000	5.5e-08
16.680000	0.000000	5.5e-08
16.690000	0.000000	5.4e-08
16.700000	0.000000	5.3e-08
16.710000	0.000000	5.2e-08
16.720000	0.000000	5.1e-08
16.730000	0.000000	5.1e-08
16.740000	0.000000	5.0e-08
16.750000	0.000000	4.9e-08
16.760000	0.000000	4.9e-08
16.770000	0.000000	4.8e-08
16.780000	0.000000	4.7e-08
16.790000	0.000000	4.6e-08
16.800000	0.000000	4.6e-08
16.810000	0.000000	4.5e-08
16.820000	0.000000	4.4e-08
16.830000	0.000000	4.4e-08
16.840000	0.000000	4.3e-08
16.850000	0.000000	4.2e-08
16.860000	0.000000	4.2e-08
16.870000	0.000000	4.1e-08
16.880000	0.000000	4.1e-08
16.890000	0.000000	4.0e-08
16.900000	0.000000	3.9e-08
16.910000	0.000000	3.9e-08
16.920000	0.000000	3.8e-08
16.930000	0.000000	3.8e-08
16.940000	0.000000	3.7e-08
16.950000	0.000000	3.7e-08
16.960000	0.000000	3.6e-08
16.970000	0.000000	3.6e-08
16.980000	0.000000	3.5e-08
16.990000	0.000000	3.5e-08
17.000000	0.000000	3.4e-08
17.010000	0.000000	3.4e-08
17.020000	0.000000	3.3e-08
17.030000	0.000000	3.3e-08
17.040000	0.000000	3.2e-08
17.050000	0.000000	3.2e-08
17.060000	0.000000	3.1e-08
17.070000	0.000000	3.1e-08
17.080000	0.000000	3.0e-08
17.090000	0.000000	3.0e-08
17.100000	0.000000	2.9e-08
17.110000	0.000000	2.9e-08
17.120000	0.000000	2.9e-08
17.130000	0.000000	2.8e-08
17.140000	0.000000	2.8e-08
17.150000	0.000000	2.7e-08
17.160000	0.000000	2.7e-08
17.170000	0.000000	2.7e-08
17.180000	0.000000	2.6e-08
17.190000	0.000000	2.6e-08
17.200000	0.000000	2.5e-08
17.210000	0.000000	2.5e-08
17.220000	0.000000	2.5e-08
17.230000	0.000000	2.4e-08
17.240000	0.000000	2.4e-08
17.250000	0.000000	2.4e-08
17.260000	0.000000	2.3e-08
17.270000	0.000000	2.3e-08
17.280000	0.000000	2.3e-08
17.290000	0.000000	2.2e-08
17.300000	0.000000	2.2e-08
17.310000	0.000000	2.2e-08
17.320000	0.000000	2.1e-08
17.330000	0.000000	2.1e-08
17.340000	0.000000	2.1e-08
17.350000	0.000000	2.0e-08
17.360000	0.000000	2.0e-08
17.370000	0.000000	2.0e-08
17.380000	0.000000	2.0e-08
17.390000	0.000000	1.9e-08
17.400000	0.000000	1.9e-08
17.410000	0.000000	1.9e-08
17.420000	0.000000	1.8e-08
17.430000	0.000000	1.8e-08
17.440000	0.000000	1.8e-08
17.450000	0.000000	1.8e-08
17.460000	0.000000	1.7e-08
17.470000	0.000000	1.7e-08
17.480000	0.000000	1.7e-08
17.490000	0.000000	1.7e-08
17.500000	0.000000	1.6e-08
17.510000	0.000000	1.6e-08
17.520000	0.000000	1.6e-08
17.530000	0.000000	1.6e-08
17.540000	0.000000	1.6e-08
17.550000	0.000000	1.5e-08
17.560000	0.000000	1.5e-08
17.570000	0.000000	1.5e-08
17.580000	0.000000	1.5e-08
17.590000	0.000000	1.4e-08
17.600000	0.000000	1.4e-08
17.610000	0.000000	1.4e-08
17.620000	0.000000	1.4e-08
17.630000	0.000000	1.4e-08
17.640000	0.000000	1.3e-08
17.650000	0.000000	1.3e-08
17.660000	0.000000	1.3e-08
17.670000	0.000000	1.3e-08
17.680000	0.000000	1.3e-08
17.690000	0.000000	1.2e-08
17.700000	0.000000	1.2e-08
17.710000	0.000000	1.2e-08
17.720000	0.000000	1.2e-08
17.730000	0.000000	1.2e-08
17.740000	0.000000	1.2e-08
17.750000	0.000000	1.1e-08
17.760000	0.000000	1.1e-08
17.770000	0.000000	1.1e-08
17.780000	0.000000	1.1e-08
17.790000	0.000000	1.1e-08
17.800000	0.000000	1.1e-08
17.810000	0.000000	1.0e-08
17.820000	0.000000	1.0e-08
17.830000	0.000000	1.0e-08
17.840000	0.000000	1.0e-08
17.850000	0.000000	9.9e-09
17.860000	0.000000	9.7e-09
17.870000	0.000000	9.6e-09
17.880000	0.000000	9.5e-09
17.890000	0.000000	9.3e-09
17.900000	0.000000	9.2e-09
17.910000	0.000000	9.0e-09
17.920000	0.000000	8.9e-09
17.930000	0.000000	8.8e-09
17.940000	0.000000	8.6e-09
17.950000	0.000000	8.5e-09
17.960000	0.000000	8.4e-09
17.970000	0.000000	8.3e-09
17.980000	0.000000	8.1e-09
17.990000	0.000000	8.0e-09
18.000000	0.000000	7.9e-09
18.010000	0.000000	7.8e-09
18.020000	0.000000	7.7e-09
18.030000	0.000000	7.6e-09
18.040000	0.000000	7.5e-09
18.050000	0.000000	7.4e-09
18.060000	0.000000	7.3e-09
18.070000	0.000000	7.2e-09
18.080000	0.000000	7.1e-09
18.090000	0.000000	7.0e-09
18.100000	0.000000	6.9e-09
18.110000	0.000000	6.8e-09
18.120000	0.000000	6.7e-09
18.130000	0.000000	6.6e-09
18.140000	0.000000	6.5e-09
18.150000	0.000000	6.4e-09
18.160000	0.000000	6.3e-09
18.170000	0.000000	6.2e-09
18.180000	0.000000	6.1e-09
18.190000	0.000000	6.0e-09
18.200000	0.000000	5.9e-09
18.210000	0.000000	5.8e-09
18.220000	0.000000	5.7e-09
18.230000	0.000000	5.7e-09
18.240000	0.000000	5.6e-09
18.250000	0.000000	5.5e-09
18.260000	0.000000	5.4e-09
18.270000	0.000000	5.3e-09
18.280000	0.000000	5.3e-09
18.290000	0.000000	5.2e-09
18.300000	0.000000	5.1e-09
18.310000	0.000000	5.0e-09
18.320000	0.000000	5.0e-09
18.330000	0.000000	4.9e-09
18.340000	0.000000	4.8e-09
18.350000	0.000000	4.8e-09
18.360000	0.000000	4.7e-09
18.370000	0.000000	4.6e-09
18.380000	0.000000	4.6e-09
18.390000	0.000000	4.5e-09
18.400000	0.000000	4.4e-09
18.410000	0.000000	4.4e-09
18.420000	0.000000	4.3e-09
18.430000	0.000000	4.2e-09
18.440000	0.000000	4.2e-09
18.450000	0.000000	4.1e-09
18.460000	0.000000	4.1e-09
18.470000	0.000000	4.0e-09
18.480000	0.000000	3.9e-09
18.490000	0.000000	3.9e-09
18.500000	0.000000	3.8e-09
18.510000	0.000000	3.8e-09
18.520000	0.000000	3.7e-09
18.530000	0.000000	3.7e-09
18.540000	0.000000	3.6e-09
18.550000	0.000000	3.6e-09
18.560000	0.000000	3.5e-09
18.570000	0.000000	3.5e-09
18.580000	0.000000	3.4e-09
18.590000	0.000000	3.4e-09
18.600000	0.000000	3.3e-09
18.610000	0.000000	3.3e-09
18.620000	0.000000	3.2e-09
18.630000	0.000000	3.2e-09
18.640000	0.000000	3.1e-09
18.650000	0.000000	3.1e-09
18.660000	0.000000	3.0e-09
18.670000	0.000000	3.0e-09
18.680000	0.000000	3.0e-09
18.690000	0.000000	2.9e-09
18.700000	0.000000	2.9e-09
18.710000	0.000000	2.8e-09
18.720000	0.000000	2.8e-09
18.730000	0.000000	2.7e-09
18.740000	0.000000	2.7e-09
18.750000	0.000000	2.7e-09
18.760000	0.000000	2.6e-09
18.770000	0.000000	2.6e-09
18.780000	0.000000	2.5e-09
18.790000	0.000000	2.5e-09
18.800000	0.000000	2.5e-09
18.810000	0.000000	2.4e-09
18.820000	0.000000	2.4e-09
18.830000	0.000000	2.4e-09
18.840000	0.000000	2.3e-09
18.850000	0.000000	2.3e-09
18.860000	0.000000	2.3e-09
18.870000	0.000000	2.2e-09
18.880000	0.000000	2.2e-09
18.890000	0.000000	2.2e-09
18.900000	0.000000	2.1e-09
18.910000	0.000000	2.1e-09
18.920000	0.000000	2.1e-09
18.930000	0.000000	2.1e-09
18.940000	0.000000	2.0e-09
18.950000	0.000000	2.0e-09
18.960000	0.000000	2.0e-09
18.970000	0.000000	1.9e-09
18.980000	0.000000	1.9e-09
18.990000	0.000000	1.9e-09
19.000000	0.000000	1.9e-09
19.010000	0.000000	1.8e-09
19.020000	0.000000	1.8e-09
19.030000	0.000000	1.8e-09
19.040000	0.000000	1.7e-09
19.050000	0.000000	1.7e-09
19.060000	0.000000	1.7e-09
19.070000	0.000000	1.7e-09
19.080000	0.000000	1.6e-09
19.090000	0.000000	1.6e-09
19.100000	0.000000	1.6e-09
19.110000	0.000000	1.6e-09
19.120000	0.000000	1.6e-09
19.130000	0.000000	1.5e-09
19.140000	0.000000	1.5e-09
19.150000	0.000000	1.5e-09
19.160000	0.000000	1.5e-09
19.170000	0.000000	1.4e-09
19.180000	0.000000	1.4e-09
19.190000	0.000000	1.4e-09
19.200000	0.000000	1.4e-09
19.210000	0.000000	1.4e-09
19.220000	0.000000	1.3e-09
19.230000	0.000000	1.3e-09
19.240000	0.000000	1.3e-09
19.250000	0.000000	1.3e-09
19.260000	0.000000	1.3e-09
19.270000	0.000000	1.3e-09
19.280000	0.000000	1.2e-09
19.290000	0.000000	1.2e-09
19.300000	0.000000	1.2e-09
19.310000	0.000000	1.2e-09
19.320000	0.000000	1.2e-09
19.330000	0.000000	1.1e-09
19.340000	0.000000	1.1e-09
19.350000	0.000000	1.1e-09
19.360000	0.000000	1.1e-09
19.370000	0.000000	1.1e-09
19.380000	0.000000	1.1e-09
19.390000	0.000000	1.0e-09
19.400000	0.000000	1.0e-09
19.410000	0.000000	1.0e-09
19.420000	0.000000	1.0e-09
19.430000	0.000000	9.9e-10
19.440000	0.000000	9.8e-10
19.450000	0.000000	9.6e-10
19.460000	0.000000	9.5e-10
19.470000	0.000000	9.4e-10
19.480000	0.000000	9.2e-10
19.490000	0.000000	9.1e-10
19.500000	0.000000	9.0e-10
19.510000	0.000000	8.8e-10
19.520000	0.000000	8.7e-10
19.530000	0.000000	8.6e-10
19.540000	0.000000	8.5e-10
19.550000	0.000000	8.3e-10
19.560000	0.000000	8.2e-10
19.570000	0.000000	8.1e-10
19.580000	0.000000	8.0e-10
19.590000	0.000000	7.8e-10
19.600000	0.000000	7.7e-10
19.610000	0.000000	7.6e-10
19.620000	0.000000	7.5e-10
19.630000	0.000000	7.4e-10
19.640000	0.000000	7.3e-10
19.650000	0.000000	7.2e-10
19.660000	0.000000	7.1e-10
19.670000	0.000000	7.0e-10
19.680000	0.000000	6.9e-10
19.690000	0.000000	6.8e-10
19.700000	0.000000	6.7e-10
19.710000	0.000000	6.6e-10
19.720000	0.000000	6.5e-10
19.730000	0.000000	6.4e-10
19.740000	0.000000	6.3e-10
19.750000	0.000000	6.2e-10
19.760000	0.000000	6.2e-10
19.770000	0.000000	6.1e-10
19.780000	0.000000	6.0e-10
19.790000	0.000000	5.9e-10
19.800000	0.000000	5.8e-10
19.810000	0.000000	5.7e-10
19.820000	0.000000	5.6e-10
19.830000	0.000000	5.6e-10
19.840000	0.000000	5.5e-10
19.850000	0.000000	5.4e-10
19.860000	0.000000	5.3e-10
19.870000	0.000000	5.2e-10
19.880000	0.000000	5.1e-10
19.890000	0.000000	5.1e-10
19.900000	0.000000	5.0e-10
19.910000	0.000000	4.9e-10
19.920000	0.000000	4.9e-10
19.930000	0.000000	4.8e-10
19.940000	0.000000	4.7e-10
19.950000	0.000000	4.7e-10
19.960000	0.000000	4.6e-10
19.970000	0.000000	4.5e-10
19.980000	0.000000	4.5e-10
19.990000	0.000000	4.4e-10
20.000000	0.000000	4.3e-10
20.010000	0.000000	4.3e-10
20.020000	0.000000	4.2e-10
20.030000	0.000000	4.2e-10
20.040000	0.000000	4.1e-10
20.050000	0.000000	4.0e-10
20.060000	0.000000	4.0e-10
20.070000	0.000000	3.9e-10
20.080000	0.000000	3.9e-10
20.090000	0.000000	3.8e-10
20.100000	0.000000	3.8e-10
20.110000	0.000000	3.7e-10
20.120000	0.000000	3.6e-10
20.130000	0.000000	3.6e-10
20.140000	0.000000	3.5e-10
20.150000	0.000000	3.5e-10
20.160000	0.000000	3.4e-10
20.170000	0.000000	3.4e-10
20.180000	0.000000	3.3e-10
20.190000	0.000000	3.3e-10
20.200000	0.000000	3.2e-10
20.210000	0.000000	3.2e-10
20.220000	0.000000	3.1e-10
20.230000	0.000000	3.1e-10
20.240000	0.000000	3.1e-10
20.250000	0.000000	3.0e-10
20.260000	0.000000	3.0e-10
20.270000	0.000000	2.9e-10
20.280000	0.000000	2.9e-10
20.290000	0.000000	2.9e-10
20.300000	0.000000	2.8e-10
20.310000	0.000000	2.8e-10
20.320000	0.000000	2.7e-10
20.330000	0.000000	2.7e-10
20.340000	0.000000	2.7e-10
20.350000	0.000000	2.6e-10
20.360000	0.000000	2.6e-10
20.370000	0.000000	2.5e-10
20.380000	0.000000	2.5e-10
20.390000	0.000000	2.5e-10
20.400000	0.000000	2.4e-10
20.410000	0.000000	2.4e-10
20.420000	0.000000	2.4e-10
20.430000	0.000000	2.3e-10
20.440000	0.000000	2.3e-10
20.450000	0.000000	2.3e-10
20.460000	0.000000	2.2e-10
20.470000	0.000000	2.2e-10
20.480000	0.000000	2.2e-10
20.490000	0.000000	2.1e-10
20.500000	0.000000	2.1e-10
20.510000	0.000000	2.1e-10
20.520000	0.000000	2.0e-10
20.530000	0.000000	2.0e-10
20.540000	0.000000	2.0e-10
20.550000	0.000000	2.0e-10
20.560000	0.000000	1.9e-10
20.570000	0.000000	1.9e-10
20.580000	0.000000	1.9e-10
20.590000	0.000000	1.8e-10
20.600000	0.000000	1.8e-10
20.610000	0.000000	1.8e-10
20.620000	0.000000	1.8e-10
20.630000	0.000000	1.7e-10
20.640000	0.000000	1.7e-10
20.650000	0.000000	1.7e-10
20.660000	0.000000	1.7e-10
20.670000	0.000000	1.6e-10
20.680000	0.000000	1.6e-10
20.690000	0.000000	1.6e-10
20.700000	0.000000	1.6e-10
20.710000	0.000000	1.5e-10
20.720000	0.000000	1.5e-10
20.730000	0.000000	1.5e-10
20.740000	0.000000	1.5e-10
20.750000	0.000000	1.5e-10
20.760000	0.000000	1.4e-10
20.770000	0.000000	1.4e-10
20.780000	0.000000	1.4e-10
20.790000	0.000000	1.4e-10
20.800000	0.000000	1.4e-10
20.810000	0.000000	1.3e-10
20.820000	0.000000	1.3e-10
20.830000	0.000000	1.3e-10
20.840000	0.000000	1.3e-10
20.850000	0.000000	1.3e-10
20.860000	0.000000	1.3e-10
20.870000	0.000000	1.2e-10
20.880000	0.000000	1.2e-10
20.890000	0.000000	1.2e-10
20.900000	0.000000	1.2e-10
20.910000	0.000000	1.2e-10
20.920000	0.000000	1.1e-10
20.930000	0.000000	1.1e-10
20.940000	0.000000	1.1e-10
20.950000	0.000000	1.1e-10
20.960000	0.000000	1.1e-10
20.970000	0.000000	1.1e-10
20.980000	0.000000	1.0e-10
20.990000	0.000000	1.0e-10
21.000000	0.000000	1.0e-10
21.010000	0.000000	1.0e-10
21.020000	0.000000	9.9e-11
21.030000	0.000000	9.7e-11
21.040000	0.000000	9.6e-11
21.050000	0.000000	9.5e-11
21.060000	0.000000	9.4e-11
21.070000	0.000000	9.2e-11
21.080000	0.000000	9.1e-11
21.090000	0.000000	9.0e-11
21.100000	0.000000	8.8e-11
21.110000	0.000000	8.7e-11
21.120000	0.000000	8.6e-11
21.130000	0.000000	8.5e-11
21.140000	0.000000	8.3e-11
21.150000	0.000000	8.2e-11
21.160000	0.000000	8.1e-11
21.170000	0.000000	8.0e-11
21.180000	0.000000	7.9e-11
21.190000	0.000000	7.8e-11
21.200000	0.000000	7.6e-11
21.210000	0.000000	7.5e-11
21.220000	0.000000	7.4e-11
21.230000	0.000000	7.3e-11
21.240000	0.000000	7.2e-11
21.250000	0.000000	7.1e-11
21.260000	0.000000	7.0e-11
21.270000	0.000000	6.9e-11
21.280000	0.000000	6.8e-11
21.290000	0.000000	6.7e-11
21.300000	0.000000	6.6e-11
21.310000	0.000000	6.5e-11
21.320000	0.000000	6.4e-11
21.330000	0.000000	6.3e-11
21.340000	0.000000	6.2e-11
21.350000	0.000000	6.2e-11
21.360000	0.000000	6.1e-11
21.370000	0.000000	6.0e-11
21.380000	0.000000	5.9e-11
21.390000	0.000000	5.8e-11
21.400000	0.000000	5.7e-11
21.410000	0.000000	5.7e-11
21.420000	0.000000	5.6e-11
21.430000	0.000000	5.5e-11
21.440000	0.000000	5.4e-11
21.450000	0.000000	5.3e-11
21.460000	0.000000	5.3e-11
21.470000	0.000000	5.2e-11
21.480000	0.000000	5.1e-11
21.490000	0.000000	5.0e-11
21.500000	0.000000	5.0e-11
21.510000	0.000000	4.9e-11
21.520000	0.000000	4.8e-11
21.530000	0.000000	4.7e-11
21.540000	0.000000	4.7e-11
21.550000	0.000000	4.6e-11
21.560000	0.000000	4.5e-11
21.570000	0.000000	4.5e-11
21.580000	0.000000	4.4e-11
21.590000	0.000000	4.3e-11
21.600000	0.000000	4.3e-11
21.610000	0.000000	4.2e-11
21.620000	0.000000	4.2e-11
21.630000	0.000000	4.1e-11
21.640000	0.000000	4.0e-11
21.650000	0.000000	4.0e-11
21.660000	0.000000	3.9e-11
21.670000	0.000000	3.9e-11
21.680000	0.000000	3.8e-11
21.690000	0.000000	3.8e-11
21.700000	0.000000	3.7e-11
21.710000	0.000000	3.6e-11
21.720000	0.000000	3.6e-11
21.730000	0.000000	3.5e-11
21.740000	0.000000	3.5e-11
21.750000	0.000000	3.4e-11
21.760000	0.000000	3.4e-11
21.770000	0.000000	3.3e-11
21.780000	0.000000	3.3e-11
21.790000	0.000000	3.2e-11
21.800000	0.000000	3.2e-11
21.810000	0.000000	3.1e-11
21.820000	0.000000	3.1e-11
21.830000	0.000000	3.0e-11
21.840000	0.000000	3.0e-11
21.850000	0.000000	3.0e-11
21.860000	0.000000	2.9e-11
21.870000	0.000000	2.9e-11
21.880000	0.000000	2.8e-11
21.890000	0.000000	2.8e-11
21.900000	0.000000	2.8e-11
21.910000	0.000000	2.7e-11
21.920000	0.000000	2.7e-11
21.930000	0.000000	2.7e-11
21.940000	0.000000	2.6e-11
21.950000	0.000000	2.6e-11
21.960000	0.000000	2.5e-11
21.970000	0.000000	2.5e-11
21.980000	0.000000	2.5e-11
21.990000	0.000000	2.4e-11
22.000000	0.000000	2.4e-11
22.010000	0.000000	2.4e-11
22.020000	0.000000	2.3e-11
22.030000	0.000000	2.3e-11
22.040000	0.000000	2.3e-11
22.050000	0.000000	2.2e-11
22.060000	0.000000	2.2e-11
22.070000	0.000000	2.2e-11
22.080000	0.000000	2.1e-11
22.090000	0.000000	2.1e-11
22.100000	0.000000	2.1e-11
22.110000	0.000000	2.0e-11
22.120000	0.000000	2.0e-11
22.130000	0.000000	2.0e-11
22.140000	0.000000	2.0e-11
22.150000	0.000000	1.9e-11
22.160000	0.000000	1.9e-11
22.170000	0.000000	1.9e-11
22.180000	0.000000	1.8e-11
22.190000	0.000000	1.8e-11
22.200000	0.000000	1.8e-11
22.210000	0.000000	1.8e-11
22.220000	0.000000	1.7e-11
22.230000	0.000000	1.7e-11
22.240000	0.000000	1.7e-11
22.250000	0.000000	1.7e-11
22.260000	0.000000	1.6e-11
22.270000	0.000000	1.6e-11
22.280000	0.000000	1.6e-11
22.290000	0.000000	1.6e-11
22.300000	0.000000	1.6e-11
22.310000	0.000000	1.5e-11
22.320000	0.000000	1.5e-11
22.330000	0.000000	1.5e-11
22.340000	0.000000	1.5e-11
22.350000	0.000000	1.4e-11
22.360000	0.000000	1.4e-11
22.370000	0.000000	1.4e-11
22.380000	0.000000	1.4e-11
22.390000	0.000000	1.4e-11
22.400000	0.000000	1.3e-11
22.410000	0.000000	1.3e-11
22.420000	0.000000	1.3e-11
22.430000	0.000000	1.3e-11
22.440000	0.000000	1.3e-11
22.450000	0.000000	1.3e-11
22.460000	0.000000	1.2e-11
22.470000	0.000000	1.2e-11
22.480000	0.000000	1.2e-11
22.490000	0.000000	1.2e-11
22.500000	0.000000	1.2e-11
22.510000	0.000000	1.1e-11
22.520000	0.000000	1.1e-11
22.530000	0.000000	1.1e-11
22.540000	0.000000	1.1e-11
22.550000	0.000000	1.1e-11
22.560000	0.000000	1.1e-11
22.570000	0.000000	1.1e-11
22.580000	0.000000	1.0e-11
22.590000	0.000000	1.0e-11
22.600000	0.000000	1.0e-11
22.610000	0.000000	9.9e-12
22.620000	0.000000	9.8e-12
22.630000	0.000000	9.7e-12
22.640000	0.000000	9.5e-12
22.650000	0.000000	9.4e-12
22.660000	0.000000	9.2e-12
22.670000	0.000000	9.1e-12
22.680000	0.000000	9.0e-12
22.690000	0.000000	8.8e-12
22.700000	0.000000	8.7e-12
22.710000	0.000000	8.6e-12
22.720000	0.000000	8.5e-12
22.730000	0.000000	8.4e-12
22.740000	0.000000	8.3e-12
22.750000	0.000000	8.2e-12
22.760000	0.000000	8.0e-12
22.770000	0.000000	7.9e-12
22.780000	0.000000	7.8e-12
22.790000	0.000000	7.7e-12
22.800000	0.000000	7.6e-12
22.810000	0.000000	7.5e-12
22.820000	0.000000	7.4e-12
22.830000	0.000000	7.3e-12
22.840000	0.000000	7.2e-12
22.850000	0.000000	7.1e-12
22.860000	0.000000	7.0e-12
22.870000	0.000000	6.9e-12
22.880000	0.000000	6.7e-12
22.890000	0.000000	6.6e-12
22.900000	0.000000	6.5e-12
22.910000	0.000000	6.4e-12
22.920000	0.000000	6.3e-12
22.930000	0.000000	5.9e-12
22.940000	0.000000	5.8e-12
22.950000	0.000000	5.7e-12
22.960000	0.000000	5.6e-12
22.970000	0.000000	5.5e-12
22.980000	0.000000	5.5e-12
22.990000	0.000000	5.4e-12
23.000000	0.000000	5.3e-12
23.010000	0.000000	5.3e-12
23.020000	0.000000	5.2e-12
23.030000	0.000000	5.1e-12
23.040000	0.000000	5.1e-12
23.050000	0.000000	5.0e-12
23.060000	0.000000	4.9e-12
23.070000	0.000000	4.9e-12
23.080000	0.000000	4.8e-12
23.090000	0.000000	4.7e-12
23.100000	0.000000	4.7e-12
23.110000	0.000000	4.6e-12
23.120000	0.000000	4.5e-12
23.130000	0.000000	4.5e-12
23.140000	0.000000	4.4e-12
23.150000	0.000000	4.3e-12
23.160000	0.000000	4.2e-12
23.170000	0.000000	4.2e-12
23.180000	0.000000	4.1e-12
23.190000	0.000000	4.0e-12
23.200000	0.000000	4.0e-12
23.210000	0.000000	3.9e-12
23.220000	0.000000	3.9e-12
23.230000	0.000000	3.8e-12
23.240000	0.000000	3.8e-12
23.250000	0.000000	3.7e-12
23.260000	0.000000	3.7e-12
23.270000	0.000000	3.6e-12
23.280000	0.000000	3.6e-12
23.290000	0.000000	3.5e-12
23.300000	0.000000	3.5e-12
23.310000	0.000000	3.4e-12
23.320000	0.000000	3.4e-12
23.330000	0.000000	3.3e-12
23.340000	0.000000	3.3e-12
23.350000	0.000000	3.2e-12
23.360000	0.000000	3.2e-12
23.370000	0.000000	3.2e-12
23.380000	0.000000	3.1e-12
23.390000	0.000000	3.1e-12
23.400000	0.000000	3.0e-12
23.410000	0.000000	3.0e-12
23.420000	0.000000	2.9e-12
23.430000	0.000000	2.9e-12
23.440000	0.000000	2.8e-12
23.450000	0.000000	2.8e-12
23.460000	0.000000	2.7e-12
23.470000	0.000000	2.7e-12
23.480000	0.000000	2.7e-12
23.490000	0.000000	2.6e-12
23.500000	0.000000	2.6e-12
23.510000	0.000000	2.5e-12
23.520000	0.000000	2.5e-12
23.530000	0.000000	2.5e-12
23.540000	0.000000	2.4e-12
23.550000	0.000000	2.4e-12
23.560000	0.000000	2.4e-12
23.570000	0.000000	2.4e-12
23.580000	0.000000	2.3e-12
23.590000	0.000000	2.3e-12
23.600000	0.000000	2.3e-12
23.610000	0.000000	2.2e-12
23.620000	0.000000	2.2e-12
23.630000	0.000000	2.2e-12
23.640000	0.000000	2.1e-12
23.650000	0.000000	2.1e-12
23.660000	0.000000	2.1e-12
23.670000	0.000000	2.0e-12
23.680000	0.000000	2.0e-12
23.690000	0.000000	2.0e-12
23.700000	0.000000	2.0e-12
23.710000	0.000000	1.9e-12
23.720000	0.000000	1.9e-12
23.730000	0.000000	1.9e-12
23.740000	0.000000	1.8e-12
23.750000	0.000000	1.8e-12
23.760000	0.000000	1.8e-12
23.770000	0.000000	1.7e-12
23.780000	0.000000	1.7e-12
23.790000	0.000000	1.7e-12
23.800000	0.000000	1.7e-12
23.810000	0.000000	1.7e-12
23.820000	0.000000	1.6e-12
23.830000	0.000000	1.6e-12
23.840000	0.000000	1.6e-12
23.850000	0.000000	1.6e-12
23.860000	0.000000	1.6e-12
23.870000	0.000000	1.5e-12
23.880000	0.000000	1.5e-12
23.890000	0.000000	1.5e-12
23.900000	0.000000	1.5e-12
23.910000	0.000000	1.5e-12
23.920000	0.000000	1.4e-12
23.930000	0.000000	1.4e-12
23.940000	0.000000	1.4e-12
23.950000	0.000000	1.4e-12
23.960000	0.000000	1.3e-12
23.970000	0.000000	1.3e-12
23.980000	0.000000	1.3e-12
23.990000	0.000000	1.3e-12
24.000000	0.000000	1.3e-12
24.010000	0.000000	1.2e-12
24.020000	0.000000	1.2e-12
24.030000	0.000000	1.2e-12
24.040000	0.000000	1.2e-12
24.050000	0.000000	1.2e-12
24.060000	0.000000	1.2e-12
24.070000	0.000000	1.1e-12
24.080000	0.000000	1.1e-12
24.090000	0.000000	1.1e-12
24.100000	0.000000	1.1e-12
24.110000	0.000000	1.1e-12
24.120000	0.000000	1.1e-12
24.130000	0.000000	1.1e-12
24.140000	0.000000	1.0e-12
24.150000	0.000000	1.0e-12
24.160000	0.000000	1.0e-12
24.170000	0.000000	1.0e-12
24.180000	0.000000	9.9e-13
24.190000	0.000000	9.7e-13
24.200000	0.000000	9.6e-13
24.210000	0.000000	9.4e-13
24.220000	0.000000	9.3e-13
24.230000	0.000000	9.2e-13
24.240000	0.000000	9.0e-13
24.250000	0.000000	8.9e-13
24.260000	0.000000	8.8e-13
24.270000	0.000000	8.6e-13
24.280000	0.000000	8.5e-13
24.290000	0.000000	8.3e-13
24.300000	0.000000	8.2e-13
24.310000	0.000000	8.1e-13
24.320000	0.000000	7.9e-13
24.330000	0.000000	7.8e-13
24.340000	0.000000	7.7e-13
24.350000	0.000000	7.6e-13
24.360000	0.000000	7.5e-13
24.370000	0.000000	7.4e-13
24.380000	0.000000	7.3e-13
24.390000	0.000000	7.2e-13
24.400000	0.000000	7.1e-13
24.410000	0.000000	7.1e-13
24.420000	0.000000	7.0e-13
24.430000	0.000000	6.9e-13
24.440000	0.000000	6.8e-13
24.450000	0.000000	6.7e-13
24.460000	0.000000	6.6e-13
24.470000	0.000000	6.5e-13
24.480000	0.000000	6.4e-13
24.490000	0.000000	6.3e-13
24.500000	0.000000	6.2e-13
24.510000	0.000000	6.1e-13
24.520000	0.000000	6.0e-13
24.530000	0.000000	5.9e-13
24.540000	0.000000	5.9e-13
24.550000	0.000000	5.8e-13
24.560000	0.000000	5.7e-13
24.570000	0.000000	5.6e-13
24.580000	0.000000	5.5e-13
24.590000	0.000000	5.4e-13
24.600000	0.000000	5.3e-13
24.610000	0.000000	5.2e-13
24.620000	0.000000	5.2e-13
24.630000	0.000000	5.1e-13
24.640000	0.000000	5.0e-13
24.650000	0.000000	5.0e-13
24.660000	0.000000	4.9e-13
24.670000	0.000000	4.8e-13
24.680000	0.000000	4.8e-13
24.690000	0.000000	4.7e-13
24.700000	0.000000	4.7e-13
24.710000	0.000000	4.6e-13
24.720000	0.000000	4.5e-13
24.730000	0.000000	4.5e-13
24.740000	0.000000	4.4e-13
24.750000	0.000000	4.3e-13
24.760000	0.000000	4.3e-13
24.770000	0.000000	4.2e-13
24.780000	0.000000	4.2e-13
24.790000	0.000000	4.1e-13
24.800000	0.000000	4.0e-13
24.810000	0.000000	4.0e-13
24.820000	0.000000	3.9e-13
24.830000	0.000000	3.9e-13
24.840000	0.000000	3.8e-13
24.850000	0.000000	3.7e-13
24.860000	0.000000	3.7e-13
24.870000	0.000000	3.6e-13
24.880000	0.000000	3.6e-13
24.890000	0.000000	3.5e-13
24.900000	0.000000	3.5e-13
24.910000	0.000000	3.4e-13
24.920000	0.000000	3.4e-13
24.930000	0.000000	3.3e-13
24.940000	0.000000	3.3e-13
24.950000	0.000000	3.2e-13
24.960000	0.000000	3.2e-13
24.970000	0.000000	3.2e-13
24.980000	0.000000	3.1e-13
24.990000	0.000000	3.1e-13
25.000000	0.000000	3.0e-13
25.010000	0.000000	3.0e-13
25.020000	0.000000	3.0e-13
25.030000	0.000000	2.9e-13
25.040000	0.000000	2.9e-13
25.050000	0.000000	2.8e-13
25.060000	0.000000	2.8e-13
25.070000	0.000000	2.7e-13
25.080000	0.000000	2.7e-13
25.090000	0.000000	2.7e-13
25.100000	0.000000	2.6e-13
25.110000	0.000000	2.6e-13
25.120000	0.000000	2.5e-13
25.130000	0.000000	2.5e-13
25.140000	0.000000	2.5e-13
25.150000	0.000000	2.4e-13
25.160000	0.000000	2.4e-13
25.170000	0.000000	2.3e-13
25.180000	0.000000	2.3e-13
25.190000	0.000000	2.3e-13
25.200000	0.000000	2.3e-13
25.210000	0.000000	2.2e-13
25.220000	0.000000	2.2e-13
25.230000	0.000000	2.2e-13
25.240000	0.000000	2.1e-13
25.250000	0.000000	2.1e-13
25.260000	0.000000	2.1e-13
25.270000	0.000000	2.1e-13
25.280000	0.000000	2.0e-13
25.290000	0.000000	2.0e-13
25.300000	0.000000	2.0e-13
25.310000	0.000000	1.9e-13
25.320000	0.000000	1.9e-13
25.330000	0.000000	1.9e-13
25.340000	0.000000	1.9e-13
25.350000	0.000000	1.8e-13
25.360000	0.000000	1.8e-13
25.370000	0.000000	1.8e-13
25.380000	0.000000	1.8e-13
25.390000	0.000000	1.7e-13
25.400000	0.000000	1.7e-13
25.410000	0.000000	1.7e-13
25.420000	0.000000	1.6e-13
25.430000	0.000000	1.6e-13
25.440000	0.000000	1.6e-13
25.450000	0.000000	1.6e-13
25.460000	0.000000	1.5e-13
25.470000	0.000000	1.5e-13
25.480000	0.000000	1.5e-13
25.490000	0.000000	1.5e-13
25.500000	0.000000	1.5e-13
25.510000	0.000000	1.5e-13
25.520000	0.000000	1.4e-13
25.530000	0.000000	1.4e-13
25.540000	0.000000	1.4e-13
25.550000	0.000000	1.4e-13
25.560000	0.000000	1.4e-13
25.570000	0.000000	1.3e-13
25.580000	0.000000	1.3e-13
25.590000	0.000000	1.3e-13
25.600000	0.000000	1.3e-13
25.610000	0.000000	1.3e-13
25.620000	0.000000	1.2e-13
25.630000	0.000000	1.2e-13
25.640000	0.000000	1.2e-13
25.650000	0.000000	1.2e-13
25.660000	0.000000	1.2e-13
25.670000	0.000000	1.2e-13
25.680000	0.000000	1.1e-13
25.690000	0.000000	1.1e-13
25.700000	0.000000	1.1e-13
25.710000	0.000000	1.1e-13
25.720000	0.000000	1.1e-13
25.730000	0.000000	1.1e-13
25.740000	0.000000	1.0e-13
25.750000	0.000000	1.0e-13
25.760000	0.000000	1.0e-13
25.770000	0.000000	1.0e-13
25.780000	0.000000	9.8e-14
25.790000	0.000000	9.7e-14
25.800000	0.000000	9.6e-14
25.810000	0.000000	9.5e-14
25.820000	0.000000	9.3e-14
25.830000	0.000000	9.2e-14
25.840000	0.000000	9.1e-14
25.850000	0.000000	9.0e-14
25.860000	0.000000	8.8e-14
25.870000	0.000000	8.7e-14
25.880000	0.000000	8.6e-14
25.890000	0.000000	8.5e-14
25.900000	0.000000	8.4e-14
25.910000	0.000000	8.2e-14
25.920000	0.000000	8.1e-14
25.930000	0.000000	8.0e-14
25.940000	0.000000	7.9e-14
25.950000	0.000000	7.7e-14
25.960000	0.000000	7.6e-14
25.970000	0.000000	7.5e-14
25.980000	0.000000	7.4e-14
25.990000	0.000000	7.3e-14
26.000000	0.000000	7.1e-14
26.010000	0.000000	7.0e-14
26.020000	0.000000	6.9e-14
26.030000	0.000000	6.8e-14
26.040000	0.000000	6.8e-14
26.050000	0.000000	6.7e-14
26.060000	0.000000	6.6e-14
26.070000	0.000000	6.5e-14
26.080000	0.000000	6.4e-14
26.090000	0.000000	6.3e-14
26.100000	0.000000	6.3e-14
26.110000	0.000000	6.2e-14
26.120000	0.000000	6.1e-14
26.130000	0.000000	6.0e-14
26.140000	0.000000	5.9e-14
26.150000	0.000000	5.8e-14
26.160000	0.000000	5.8e-14
26.170000	0.000000	5.7e-14
26.180000	0.000000	5.6e-14
26.190000	0.000000	5.5e-14
26.200000	0.000000	5.4e-14
26.210000	0.000000	5.4e-14
26.220000	0.000000	5.3e-14
26.230000	0.000000	5.2e-14
26.240000	0.000000	5.1e-14
26.250000	0.000000	5.0e-14
26.260000	0.000000	4.9e-14
26.270000	0.000000	4.9e-14
26.280000	0.000000	4.8e-14
26.290000	0.000000	4.7e-14
26.300000	0.000000	4.6e-14
26.310000	0.000000	4.6e-14
26.320000	0.000000	4.5e-14
26.330000	0.000000	4.5e-14
26.340000	0.000000	4.4e-14
26.350000	0.000000	4.4e-14
26.360000	0.000000	4.3e-14
26.370000	0.000000	4.2e-14
26.380000	0.000000	4.2e-14
26.390000	0.000000	4.1e-14
26.400000	0.000000	4.1e-14
26.410000	0.000000	4.0e-14
26.420000	0.000000	4.0e-14
26.430000	0.000000	3.9e-14
26.440000	0.000000	3.9e-14
26.450000	0.000000	3.8e-14
26.460000	0.000000	3.7e-14
26.470000	0.000000	3.7e-14
26.480000	0.000000	3.6e-14
26.490000	0.000000	3.6e-14
26.500000	0.000000	3.5e-14
26.510000	0.000000	3.5e-14
26.520000	0.000000	3.4e-14
26.530000	0.000000	3.4e-14
26.540000	0.000000	3.3e-14
26.550000	0.000000	3.3e-14
26.560000	0.000000	3.2e-14
26.570000	0.000000	3.2e-14
26.580000	0.000000	3.1e-14
26.590000	0.000000	3.1e-14
26.600000	0.000000	3.0e-14
26.610000	0.000000	3.0e-14
26.620000	0.000000	3.0e-14
26.630000	0.000000	2.9e-14
26.640000	0.000000	2.9e-14
26.650000	0.000000	2.8e-14
26.660000	0.000000	2.8e-14
26.670000	0.000000	2.8e-14
26.680000	0.000000	2.7e-14
26.690000	0.000000	2.7e-14
26.700000	0.000000	2.7e-14
26.710000	0.000000	2.6e-14
26.720000	0.000000	2.6e-14
26.730000	0.000000	2.5e-14
26.740000	0.000000	2.5e-14
26.750000	0.000000	2.5e-14
26.760000	0.000000	2.4e-14
26.770000	0.000000	2.4e-14
26.780000	0.000000	2.4e-14
26.790000	0.000000	2.3e-14
26.800000	0.000000	2.3e-14
26.810000	0.000000	2.3e-14
26.820000	0.000000	2.2e-14
26.830000	0.000000	2.2e-14
26.840000	0.000000	2.1e-14
26.850000	0.000000	2.1e-14
26.860000	0.000000	2.1e-14
26.870000	0.000000	2.1e-14
26.880000	0.000000	2.0e-14
26.890000	0.000000	2.0e-14
26.900000	0.000000	2.0e-14
26.910000	0.000000	2.0e-14
26.920000	0.000000	1.9e-14
26.930000	0.000000	1.9e-14
26.940000	0.000000	1.9e-14
26.950000	0.000000	1.9e-14
26.960000	0.000000	1.8e-14
26.970000	0.000000	1.8e-14
26.980000	0.000000	1.8e-14
26.990000	0.000000	1.8e-14
27.000000	0.000000	1.7e-14
27.010000	0.000000	1.7e-14
27.020000	0.000000	1.7e-14
27.030000	0.000000	1.7e-14
27.040000	0.000000	1.6e-14
27.050000	0.000000	1.6e-14
27.060000	0.000000	1.6e-14
27.070000	0.000000	1.6e-14
27.080000	0.000000	1.5e-14
27.090000	0.000000	1.5e-14
27.100000	0.000000	1.5e-14
27.110000	0.000000	1.5e-14
27.120000	0.000000	1.4e-14
27.130000	0.000000	1.4e-14
27.140000	0.000000	1.4e-14
27.150000	0.000000	1.4e-14
27.160000	0.000000	1.4e-14
27.170000	0.000000	1.3e-14
27.180000	0.000000	1.3e-14
27.190000	0.000000	1.3e-14
27.200000	0.000000	1.3e-14
27.210000	0.000000	1.3e-14
27.220000	0.000000	1.3e-14
27.230000	0.000000	1.2e-14
27.240000	0.000000	1.2e-14
27.250000	0.000000	1.2e-14
27.260000	0.000000	1.2e-14
27.270000	0.000000	1.2e-14
27.280000	0.000000	1.2e-14
27.290000	0.000000	1.1e-14
27.300000	0.000000	1.1e-14
27.310000	0.000000	1.1e-14
27.320000	0.000000	1.1e-14
27.330000	0.000000	1.1e-14
27.340000	0.000000	1.1e-14
27.350000	0.000000	1.0e-14
27.360000	0.000000	1.0e-14
27.370000	0.000000	1.0e-14
27.380000	0.000000	1.0e-14
27.390000	0.000000	9.8e-15
27.400000	0.000000	9.6e-15
27.410000	0.000000	9.5e-15
27.420000	0.000000	9.4e-15
27.430000	0.000000	9.2e-15
27.440000	0.000000	9.1e-15
27.450000	0.000000	9.0e-15
27.460000	0.000000	8.9e-15
27.470000	0.000000	8.8e-15
27.480000	0.000000	8.7e-15
27.490000	0.000000	8.5e-15
27.500000	0.000000	8.4e-15
27.510000	0.000000	8.3e-15
27.520000	0.000000	8.2e-15
27.530000	0.000000	8.1e-15
27.540000	0.000000	8.0e-15
27.550000	0.000000	7.9e-15
27.560000	0.000000	7.8e-15
27.570000	0.000000	7.7e-15
27.580000	0.000000	7.6e-15
27.590000	0.000000	7.5e-15
27.600000	0.000000	7.3e-15
27.610000	0.000000	7.2e-15
27.620000	0.000000	7.1e-15
27.630000	0.000000	7.0e-15
27.640000	0.000000	6.9e-15
27.650000	0.000000	6.8e-15
27.660000	0.000000	6.7e-15
27.670000	0.000000	6.6e-15
27.680000	0.000000	6.5e-15
27.690000	0.000000	6.4e-15
27.700000	0.000000	6.3e-15
27.710000	0.000000	6.2e-15
27.720000	0.000000	6.1e-15
27.730000	0.000000	6.0e-15
27.740000	0.000000	6.0e-15
27.750000	0.000000	5.9e-15
27.760000	0.000000	5.8e-15
27.770000	0.000000	5.7e-15
27.780000	0.000000	5.7e-15
27.790000	0.000000	5.6e-15
27.800000	0.000000	5.5e-15
27.810000	0.000000	5.4e-15
27.820000	0.000000	5.4e-15
27.830000	0.000000	5.3e-15
27.840000	0.000000	5.2e-15
27.850000	0.000000	5.1e-15
27.860000	0.000000	5.1e-15
27.870000	0.000000	5.0e-15
27.880000	0.000000	4.9e-15
27.890000	0.000000	4.8e-15
27.900000	0.000000	4.8e-15
27.910000	0.000000	4.7e-15
27.920000	0.000000	4.6e-15
27.930000	0.000000	4.6e-15
27.940000	0.000000	4.5e-15
27.950000	0.000000	4.4e-15
27.960000	0.000000	4.3e-15
27.970000	0.000000	4.3e-15
27.980000	0.000000	4.2e-15
27.990000	0.000000	4.1e-15
28.000000	0.000000	4.1e-15
28.010000	0.000000	4.0e-15
28.020000	0.000000	4.0e-15
28.030000	0.000000	3.9e-15
28.040000	0.000000	3.9e-15
28.050000	0.000000	3.8e-15
28.060000	0.000000	3.8e-15
28.070000	0.000000	3.7e-15
28.080000	0.000000	3.7e-15
28.090000	0.000000	3.6e-15
28.100000	0.000000	3.6e-15
28.110000	0.000000	3.5e-15
28.120000	0.000000	3.5e-15
28.130000	0.000000	3.4e-15
28.140000	0.000000	3.4e-15
28.150000	0.000000	3.3e-15
28.160000	0.000000	3.3e-15
28.170000	0.000000	3.3e-15
28.180000	0.000000	3.2e-15
28.190000	0.000000	3.2e-15
28.200000	0.000000	3.1e-15
28.210000	0.000000	3.1e-15
28.220000	0.000000	3.0e-15
28.230000	0.000000	3.0e-15
28.240000	0.000000	2.9e-15
28.250000	0.000000	2.9e-15
28.260000	0.000000	2.8e-15
28.270000	0.000000	2.8e-15
28.280000	0.000000	2.7e-15
28.290000	0.000000	2.7e-15
28.300000	0.000000	2.7e-15
28.310000	0.000000	2.6e-15
28.320000	0.000000	2.6e-15
28.330000	0.000000	2.6e-15
28.340000	0.000000	2.5e-15
28.350000	0.000000	2.5e-15
28.360000	0.000000	2.5e-15
28.370000	0.000000	2.4e-15
28.380000	0.000000	2.4e-15
28.390000	0.000000	2.4e-15
28.400000	0.000000	2.3e-15
28.410000	0.000000	2.3e-15
28.420000	0.000000	2.3e-15
28.430000	0.000000	2.2e-15
28.440000	0.000000	2.2e-15
28.450000	0.000000	2.2e-15
28.460000	0.000000	2.1e-15
28.470000	0.000000	2.1e-15
28.480000	0.000000	2.1e-15
28.490000	0.000000	2.0e-15
28.500000	0.000000	2.0e-15
28.510000	0.000000	2.0e-15
28.520000	0.000000	2.0e-15
28.530000	0.000000	1.9e-15
28.540000	0.000000	1.9e-15
28.550000	0.000000	1.9e-15
28.560000	0.000000	1.8e-15
28.570000	0.000000	1.8e-15
28.580000	0.000000	1.8e-15
28.590000	0.000000	1.8e-15
28.600000	0.000000	1.8e-15
28.610000	0.000000	1.7e-15
28.620000	0.000000	1.7e-15
28.630000	0.000000	1.7e-15
28.640000	0.000000	1.7e-15
28.650000	0.000000	1.6e-15
28.660000	0.000000	1.6e-15
28.670000	0.000000	1.6e-15
28.680000	0.000000	1.6e-15
28.690000	0.000000	1.6e-15
28.700000	0.000000	1.5e-15
28.710000	0.000000	1.5e-15
28.720000	0.000000	1.5e-15
28.730000	0.000000	1.5e-15
28.740000	0.000000	1.4e-15
28.750000	0.000000	1.4e-15
28.760000	0.000000	1.4e-15
28.770000	0.000000	1.4e-15
28.780000	0.000000	1.4e-15
28.790000	0.000000	1.3e-15
28.800000	0.000000	1.3e-15
28.810000	0.000000	1.3e-15
28.820000	0.000000	1.3e-15
28.830000	0.000000	1.2e-15
28.840000	0.000000	1.2e-15
28.850000	0.000000	1.2e-15
28.860000	0.000000	1.2e-15
28.870000	0.000000	1.2e-15
28.880000	0.000000	1.2e-15
28.890000	0.000000	1.2e-15
28.900000	0.000000	1.1e-15
28.910000	0.000000	1.1e-15
28.920000	0.000000	1.1e-15
28.930000	0.000000	1.1e-15
28.940000	0.000000	1.1e-15
28.950000	0.000000	1.1e-15
28.960000	0.000000	1.1e-15
28.970000	0.000000	1.0e-15
28.980000	0.000000	1.0e-15
28.990000	0.000000	1.0e-15
29.000000	0.000000	1.0e-15
29.010000	0.000000	9.8e-16
29.020000	0.000000	9.7e-16
29.030000	0.000000	9.5e-16
29.040000	0.000000	9.4e-16
29.050000	0.000000	9.2e-16
29.060000	0.000000	9.1e-16
29.070000	0.000000	8.9e-16
29.080000	0.000000	8.8e-16
29.090000	0.000000	8.6e-16
29.100000	0.000000	8.5e-16
29.110000	0.000000	8.4e-16
29.120000	0.000000	8.3e-16
29.130000	0.000000	8.2e-16
29.140000	0.000000	8.1e-16
29.150000	0.000000	8.0e-16
29.160000	0.000000	7.9e-16
29.170000	0.000000	7.8e-16
29.180000	0.000000	7.7e-16
29.190000	0.000000	7.6e-16
29.200000	0.000000	7.5e-16
29.210000	0.000000	7.4e-16
29.220000	0.000000	7.3e-16
29.230000	0.000000	7.2e-16
29.240000	0.000000	7.1e-16
29.250000	0.000000	7.0e-16
29.260000	0.000000	6.9e-16
29.270000	0.000000	6.8e-16
29.280000	0.000000	6.7e-16
29.290000	0.000000	6.6e-16
29.300000	0.000000	6.5e-16
29.310000	0.000000	6.4e-16
29.320000	0.000000	6.3e-16
29.330000	0.000000	6.2e-16
29.340000	0.000000	6.1e-16
29.350000	0.000000	6.0e-16
29.360000	0.000000	5.9e-16
29.370000	0.000000	5.8e-16
29.380000	0.000000	5.7e-16
29.390000	0.000000	5.6e-16
29.400000	0.000000	5.5e-16
29.410000	0.000000	5.5e-16
29.420000	0.000000	5.4e-16
29.430000	0.000000	5.3e-16
29.440000	0.000000	5.3e-16
29.450000	0.000000	5.2e-16
29.460000	0.000000	5.1e-16
29.470000	0.000000	5.1e-16
29.480000	0.000000	5.0e-16
29.490000	0.000000	4.9e-16
29.500000	0.000000	4.9e-16
29.510000	0.000000	4.8e-16
29.520000	0.000000	4.7e-16
29.530000	0.000000	4.7e-16
29.540000	0.000000	4.6e-16
29.550000	0.000000	4.5e-16
29.560000	0.000000	4.5e-16
29.570000	0.000000	4.4e-16
29.580000	0.000000	4.4e-16
29.590000	0.000000	4.3e-16
29.600000	0.000000	4.2e-16
29.610000	0.000000	4.2e-16
29.620000	0.000000	4.1e-16
29.630000	0.000000	4.0e-16
29.640000	0.000000	4.0e-16
29.650000	0.000000	3.9e-16
29.660000	0.000000	3.8e-16
29.670000	0.000000	3.8e-16
29.680000	0.000000	3.7e-16
29.690000	0.000000	3.7e-16
29.700000	0.000000	3.6e-16
29.710000	0.000000	3.6e-16
29.720000	0.000000	3.5e-16
29.730000	0.000000	3.5e-16
29.740000	0.000000	3.5e-16
29.750000	0.000000	3.4e-16
29.760000	0.000000	3.4e-16
29.770000	0.000000	3.3e-16
29.780000	0.000000	3.3e-16
29.790000	0.000000	3.2e-16
29.800000	0.000000	3.2e-16
29.810000	0.000000	3.1e-16
29.820000	0.000000	3.1e-16
29.830000	0.000000	3.1e-16
29.840000	0.000000	3.0e-16
29.850000	0.000000	3.0e-16
29.860000	0.000000	2.9e-16
29.870000	0.000000	2.9e-16
29.880000	0.000000	2.8e-16
29.890000	0.000000	2.8e-16
29.900000	0.000000	2.7e-16
29.910000	0.000000	2.7e-16
29.920000	0.000000	2.7e-16
29.930000	0.000000	2.6e-16
29.940000	0.000000	2.6e-16
29.950000	0.000000	2.5e-16
29.960000	0.000000	2.5e-16
29.970000	0.000000	2.5e-16
29.980000	0.000000	2.4e-16
29.990000	0.000000	2.4e-16
30.000000	0.000000	2.4e-16
30.010000	0.000000	2.3e-16
30.020000	0.000000	2.3e-16
30.030000	0.000000	2.3e-16
30.040000	0.000000	2.3e-16
30.050000	0.000000	2.2e-16
30.060000	0.000000	2.2e-16
30.070000	0.000000	2.2e-16
30.080000	0.000000	2.1e-16
30.090000	0.000000	2.1e-16
