0.100000	0.000000	3903689.399320
0.110000	0.000000	2115036.356878
0.120000	0.000000	1917331.552637
0.130000	0.000000	1750916.237654
0.140000	0.000000	1556114.642379
0.150000	0.000000	1363416.619731
0.160000	0.000000	1263731.205477
0.170000	0.000000	1144183.597006
0.180000	0.000000	1056720.552054
0.190000	0.000000	997014.656392
0.200000	0.000000	903896.018756
0.210000	0.000000	862882.848735
0.220000	0.000000	848879.007408
0.230000	0.000000	764881.914516
0.240000	0.000000	758876.435900
0.250000	0.000000	718259.232525
0.260000	0.000000	646966.005638
0.270000	0.000000	625497.887825
0.280000	0.000000	606442.570373
0.290000	0.000000	572472.919022
0.300000	0.000000	552063.280903
0.310000	0.000000	531424.341962
0.320000	0.000000	523304.719847
0.330000	0.000000	506954.699737
0.340000	0.000000	491986.807391
0.350000	0.000000	477054.553181
0.360000	0.000000	690487.341069
0.370000	0.000000	1238536.241410
0.380000	0.000000	1301249.584885
0.390000	0.000000	659363.053236
0.400000	0.000000	1320489.456746
0.410000	0.000000	400903.450160
0.420000	0.000000	731789.148125
0.430000	0.000000	591578.781119
0.440000	0.000000	664875.572057
0.450000	0.000000	358013.410732
0.460000	0.000000	314594.193006
0.470000	0.000000	311171.267689
0.480000	0.000000	695402.015012
0.490000	0.000000	517719.435344
0.500000	0.000000	433739.129473
0.510000	0.000000	377695.092385
0.520000	0.000000	274747.071161
0.530000	0.000000	339789.475050
0.540000	0.000000	373476.513012
0.550000	0.000000	255330.318064
0.560000	0.000000	288845.810239
0.570000	0.000000	366685.467904
0.580000	0.000000	335339.060391
0.590000	0.000000	295123.892877
0.600000	0.000000	345271.804044
0.610000	0.000000	225719.708913
0.620000	0.000000	237431.221343
0.630000	0.000000	256761.144280
0.640000	0.000000	242686.082699
0.650000	0.000000	705818.122185
0.660000	0.000000	470259.234230
0.670000	0.000000	214880.116809
0.680000	0.000000	203612.940991
0.690000	0.000000	197113.522322
0.700000	0.000000	200171.892685
0.710000	0.000000	207054.557420
0.720000	0.000000	200309.071645
0.730000	0.000000	235603.093025
0.740000	0.000000	173971.992182
0.750000	0.000000	163653.819535
0.760000	0.000000	161793.817595
0.770000	0.000000	271720.008846
0.780000	0.000000	160500.592028
0.790000	0.000000	159799.791430
0.800000	0.000000	160051.644035
0.810000	0.000000	181872.962463
0.820000	0.000000	163621.858499
0.830000	0.000000	159189.644925
0.840000	0.000000	158743.419334
0.850000	0.000000	151399.699453
0.860000	0.000000	144738.945278
0.870000	0.000000	145803.614157
0.880000	0.000000	149163.692292
0.890000	0.000000	140224.104877
0.900000	0.000000	143268.951164
0.910000	0.000000	152120.823360
0.920000	0.000000	143574.257288
0.930000	0.000000	159141.869270
0.940000	0.000000	141404.028924
0.950000	0.000000	148954.017944
0.960000	0.000000	147744.882040
0.970000	0.000000	166927.030989
0.980000	0.000000	145638.207827
0.990000	0.000000	166685.272019
1.000000	0.000000	184109.197447
1.010000	0.000000	345439.556567
1.020000	0.000000	329258.341781
1.030000	0.000000	177560.182716
1.040000	0.000000	310504.125617
1.050000	0.000000	426050.965101
1.060000	0.000000	144904.811533
1.070000	0.000000	178290.861112
1.080000	0.000000	336614.268749
1.090000	0.000000	161975.481909
1.100000	0.000000	558418.571943
1.110000	0.000000	120462.152852
1.120000	0.000000	500295.164615
1.130000	0.000000	174501.727959
1.140000	0.000000	110753.738038
1.150000	0.000000	212333.549626
1.160000	0.000000	327555.753935
1.170000	0.000000	205320.879897
1.180000	0.000000	100464.880289
1.190000	0.000000	102582.669286
1.200000	0.000000	115342.030523
1.210000	0.000000	117735.542512
1.220000	0.000000	95079.012862
1.230000	0.000000	103151.454290
1.240000	0.000000	105179.936096
1.250000	0.000000	89865.466310
1.260000	0.000000	90598.579487
1.270000	0.000000	103913.849584
1.280000	0.000000	88073.595595
1.290000	0.000000	99426.405953
1.300000	0.000000	92496.101865
1.310000	0.000000	99231.567474
1.320000	0.000000	98037.219048
1.330000	0.000000	91317.547501
1.340000	0.000000	86449.051571
1.350000	0.000000	85589.710166
1.360000	0.000000	90653.124345
1.370000	0.000000	94616.644469
1.380000	0.000000	92545.397612
1.390000	0.000000	97532.322447
1.400000	0.000000	104727.545356
1.410000	0.000000	81000.551783
1.420000	0.000000	86065.621362
1.430000	0.000000	83518.502215
1.440000	0.000000	78119.153157
1.450000	0.000000	79661.283870
1.460000	0.000000	75342.404872
1.470000	0.000000	86403.362048
1.480000	0.000000	111746.270439
1.490000	0.000000	112577.369324
1.500000	0.000000	97897.299433
1.510000	0.000000	80040.393809
1.520000	0.000000	72579.774962
1.530000	0.000000	71160.784042
1.540000	0.000000	90784.424670
1.550000	0.000000	108207.858553
1.560000	0.000000	73097.339426
1.570000	0.000000	76165.502723
1.580000	0.000000	66958.295637
1.590000	0.000000	66449.081134
1.600000	0.000000	68423.214242
1.610000	0.000000	68129.259087
1.620000	0.000000	63682.235779
1.630000	0.000000	63143.365369
1.640000	0.000000	61969.385250
1.650000	0.000000	78374.756730
1.660000	0.000000	77068.061240
1.670000	0.000000	70174.624631
1.680000	0.000000	64332.766283
1.690000	0.000000	60766.648063
1.700000	0.000000	60347.037230
1.710000	0.000000	60050.369496
1.720000	0.000000	63974.503563
1.730000	0.000000	71286.993686
1.740000	0.000000	59413.062089
1.750000	0.000000	66325.521522
1.760000	0.000000	60694.518811
1.770000	0.000000	59250.250858
1.780000	0.000000	54728.307515
1.790000	0.000000	54307.569133
1.800000	0.000000	55991.185898
1.810000	0.000000	60195.450451
1.820000	0.000000	58602.280318
1.830000	0.000000	55253.446837
1.840000	0.000000	53022.356281
1.850000	0.000000	51690.789238
1.860000	0.000000	50924.165934
1.870000	0.000000	52271.278373
1.880000	0.000000	52803.601430
1.890000	0.000000	49797.739243
1.900000	0.000000	49380.524732
1.910000	0.000000	48856.160116
1.920000	0.000000	48472.419696
1.930000	0.000000	48089.393961
1.940000	0.000000	48609.218648
1.950000	0.000000	47689.849536
1.960000	0.000000	46891.749520
1.970000	0.000000	46666.185145
1.980000	0.000000	46338.342660
1.990000	0.000000	45962.524253
2.000000	0.000000	45660.883709
2.010000	0.000000	45250.954568
2.020000	0.000000	45084.651862
2.030000	0.000000	44691.420626
2.040000	0.000000	44182.844751
2.050000	0.000000	43985.734914
2.060000	0.000000	43512.458228
2.070000	0.000000	42981.954876
2.080000	0.000000	42665.809158
2.090000	0.000000	42187.656338
2.100000	0.000000	41794.581604
2.110000	0.000000	41405.578489
2.120000	0.000000	41034.430091
2.130000	0.000000	40663.785264
2.140000	0.000000	39868.791106
2.150000	0.000000	39757.648816
2.160000	0.000000	38926.861252
2.170000	0.000000	38242.205692
2.180000	0.000000	37747.947067
2.190000	0.000000	37278.958026
2.200000	0.000000	36826.241417
2.210000	0.000000	36324.754874
2.220000	0.000000	35790.112084
2.230000	0.000000	35315.814604
2.240000	0.000000	34848.220438
2.250000	0.000000	34380.647300
2.260000	0.000000	33914.268972
2.270000	0.000000	33471.415671
2.280000	0.000000	32968.672823
2.290000	0.000000	32513.230791
2.300000	0.000000	33280.857234
2.310000	0.000000	31721.082321
2.320000	0.000000	30851.165288
2.330000	0.000000	30204.726679
2.340000	0.000000	29558.866767
2.350000	0.000000	28897.476712
2.360000	0.000000	28233.358328
2.370000	0.000000	28794.457456
2.380000	0.000000	28605.281852
2.390000	0.000000	26262.081985
2.400000	0.000000	27013.451466
2.410000	0.000000	29611.257923
2.420000	0.000000	275447.044620
2.430000	0.000000	1880737.009889
2.440000	0.000000	919185.726802
2.450000	0.000000	370693.802749
2.460000	0.000000	4175864.477058
2.470000	0.000000	563576.267160
2.480000	0.000000	20794.898276
2.490000	0.000000	20313.321990
2.500000	0.000000	19834.668673
2.510000	0.000000	19421.290926
2.520000	0.000000	18933.851672
2.530000	0.000000	18422.150603
2.540000	0.000000	17952.342395
2.550000	0.000000	20204.473047
2.560000	0.000000	22182.946187
2.570000	0.000000	16771.604416
2.580000	0.000000	54019.464546
2.590000	0.000000	211178.561861
2.600000	0.000000	223673.885929
2.610000	0.000000	2358193.926999
2.620000	0.000000	4593671.413031
2.630000	0.000000	350994.625243
2.640000	0.000000	13378.146141
2.650000	0.000000	13239.275551
2.660000	0.000000	13117.431159
2.670000	0.000000	13001.977400
2.680000	0.000000	12885.214448
2.690000	0.000000	12768.684285
2.700000	0.000000	12660.220490
2.710000	0.000000	12545.056612
2.720000	0.000000	12486.887270
2.730000	0.000000	12442.068258
2.740000	0.000000	12321.548588
2.750000	0.000000	12526.166126
2.760000	0.000000	12055.023890
2.770000	0.000000	12208.637345
2.780000	0.000000	13139.505682
2.790000	0.000000	12312.519388
2.800000	0.000000	13811.169243
2.810000	0.000000	11857.184910
2.820000	0.000000	39899.501818
2.830000	0.000000	24101.381605
2.840000	0.000000	12830.067351
2.850000	0.000000	11228.452279
2.860000	0.000000	10882.359925
2.870000	0.000000	333393.608788
2.880000	0.000000	417952.217285
2.890000	0.000000	10586.702724
2.900000	0.000000	10489.943055
2.910000	0.000000	10391.435774
2.920000	0.000000	10303.153045
2.930000	0.000000	10256.492348
2.940000	0.000000	10570.480697
2.950000	0.000000	25980.554252
2.960000	0.000000	15532.259045
2.970000	0.000000	10411.563736
2.980000	0.000000	10294.301990
2.990000	0.000000	9819.603945
3.000000	0.000000	9585.117496
3.010000	0.000000	14828.384307
3.020000	0.000000	155414.958085
3.030000	0.000000	129230.459244
3.040000	0.000000	21037.906875
3.050000	0.000000	23969.508840
3.060000	0.000000	13736.747241
3.070000	0.000000	9004.468654
3.080000	0.000000	8957.774598
3.090000	0.000000	146550.135800
3.100000	0.000000	916876.370333
3.110000	0.000000	9406.557255
3.120000	0.000000	13116.919673
3.130000	0.000000	92234.945344
3.140000	0.000000	18429.014531
3.150000	0.000000	43389.330098
3.160000	0.000000	18524.230926
3.170000	0.000000	27559.468035
3.180000	0.000000	36897.689234
3.190000	0.000000	22281.018659
3.200000	0.000000	9525.562964
3.210000	0.000000	9380.744408
3.220000	0.000000	10773.672060
3.230000	0.000000	10698.825668
3.240000	0.000000	10640.928908
3.250000	0.000000	10844.836631
3.260000	0.000000	46955.709864
3.270000	0.000000	272423.464004
3.280000	0.000000	11582.002799
3.290000	0.000000	10452.617417
3.300000	0.000000	10354.567081
3.310000	0.000000	13132.605519
3.320000	0.000000	15800.305089
3.330000	0.000000	11534.204211
3.340000	0.000000	9857.309151
3.350000	0.000000	87414.970195
3.360000	0.000000	65223.108879
3.370000	0.000000	9643.617842
3.380000	0.000000	9574.020619
3.390000	0.000000	34068.236272
3.400000	0.000000	56106.683903
3.410000	0.000000	19424.800025
3.420000	0.000000	43796.470585
3.430000	0.000000	12318.488905
3.440000	0.000000	36344.439885
3.450000	0.000000	36393.102675
3.460000	0.000000	9399.541715
3.470000	0.000000	9285.946339
3.480000	0.000000	8960.623356
3.490000	0.000000	13239.380179
3.500000	0.000000	15869.574295
3.510000	0.000000	15858.248522
3.520000	0.000000	15495.417060
3.530000	0.000000	15382.595685
3.540000	0.000000	15282.437535
3.550000	0.000000	15189.937240
3.560000	0.000000	15094.048780
3.570000	0.000000	14987.042261
3.580000	0.000000	14897.585668
3.590000	0.000000	14794.065503
3.600000	0.000000	14719.722316
3.610000	0.000000	14808.423155
3.620000	0.000000	14539.435312
3.630000	0.000000	14382.012770
3.640000	0.000000	14285.040743
3.650000	0.000000	14183.731721
3.660000	0.000000	14099.435979
3.670000	0.000000	14066.426078
3.680000	0.000000	15396.869078
3.690000	0.000000	14850.656835
3.700000	0.000000	13826.098827
3.710000	0.000000	13620.087502
3.720000	0.000000	13517.498203
3.730000	0.000000	13422.845100
3.740000	0.000000	13328.805506
3.750000	0.000000	13234.817795
3.760000	0.000000	13140.279490
3.770000	0.000000	13056.842231
3.780000	0.000000	13073.107713
3.790000	0.000000	12915.088454
3.800000	0.000000	12784.674598
3.810000	0.000000	12684.850741
3.820000	0.000000	12589.479282
3.830000	0.000000	12516.114109
3.840000	0.000000	12474.292880
3.850000	0.000000	14759.514655
3.860000	0.000000	14934.406874
3.870000	0.000000	14067.023633
3.880000	0.000000	13898.879515
3.890000	0.000000	16782.626208
3.900000	0.000000	18321.928408
3.910000	0.000000	11781.734181
3.920000	0.000000	11908.417149
3.930000	0.000000	12540.808768
3.940000	0.000000	11512.684640
3.950000	0.000000	11427.703171
3.960000	0.000000	11684.956800
3.970000	0.000000	11259.906775
3.980000	0.000000	11152.698092
3.990000	0.000000	11064.692297
4.000000	0.000000	11134.103499
4.010000	0.000000	10952.769878
4.020000	0.000000	10806.449992
4.030000	0.000000	10788.609170
4.040000	0.000000	10694.799190
4.050000	0.000000	10586.919679
4.060000	0.000000	10609.064146
4.070000	0.000000	10587.948094
4.080000	0.000000	10405.148666
4.090000	0.000000	10588.920304
4.100000	0.000000	11630.740340
4.110000	0.000000	10222.591680
4.120000	0.000000	10112.912632
4.130000	0.000000	9974.334870
4.140000	0.000000	10234.227017
4.150000	0.000000	9894.431581
4.160000	0.000000	9784.427293
4.170000	0.000000	9721.974891
4.180000	0.000000	9657.998250
4.190000	0.000000	9594.227574
4.200000	0.000000	9530.998603
4.210000	0.000000	9467.777732
4.220000	0.000000	9404.723249
4.230000	0.000000	9344.550720
4.240000	0.000000	9332.114334
4.250000	0.000000	9339.987596
4.260000	0.000000	9162.248063
4.270000	0.000000	9103.580340
4.280000	0.000000	9041.908573
4.290000	0.000000	8981.298057
4.300000	0.000000	8998.321123
4.310000	0.000000	8867.851128
4.320000	0.000000	8797.849099
4.330000	0.000000	8799.040608
4.340000	0.000000	8698.310158
4.350000	0.000000	8638.671060
4.360000	0.000000	8581.536858
4.370000	0.000000	8514.422611
4.380000	0.000000	8454.058952
4.390000	0.000000	8387.586319
4.400000	0.000000	8316.352452
4.410000	0.000000	8256.721575
4.420000	0.000000	8201.559899
4.430000	0.000000	8153.566146
4.440000	0.000000	8085.051549
4.450000	0.000000	8026.009879
4.460000	0.000000	7968.131565
4.470000	0.000000	7906.221073
4.480000	0.000000	7866.607253
4.490000	0.000000	7790.605874
4.500000	0.000000	7882.532644
4.510000	0.000000	7756.190047
4.520000	0.000000	7624.676251
4.530000	0.000000	7554.710185
4.540000	0.000000	7494.962878
4.550000	0.000000	7433.348436
4.560000	0.000000	7375.650414
4.570000	0.000000	7728.277126
4.580000	0.000000	8146.513915
4.590000	0.000000	7204.387593
4.600000	0.000000	7147.574413
4.610000	0.000000	7091.577404
4.620000	0.000000	7041.965723
4.630000	0.000000	6980.862787
4.640000	0.000000	6928.290101
4.650000	0.000000	6877.593026
4.660000	0.000000	6827.188481
4.670000	0.000000	6782.024500
4.680000	0.000000	6743.629501
4.690000	0.000000	6749.510498
4.700000	0.000000	6723.385737
4.710000	0.000000	6667.644815
4.720000	0.000000	6673.024212
4.730000	0.000000	6655.179756
4.740000	0.000000	6596.220315
4.750000	0.000000	6606.062482
4.760000	0.000000	6423.188088
4.770000	0.000000	6377.337774
4.780000	0.000000	6341.157126
4.790000	0.000000	6301.821924
4.800000	0.000000	6256.300729
4.810000	0.000000	6232.102823
4.820000	0.000000	6525.704689
4.830000	0.000000	6214.033803
4.840000	0.000000	6094.342963
4.850000	0.000000	6099.034932
4.860000	0.000000	6112.569644
4.870000	0.000000	6024.292521
4.880000	0.000000	5932.053568
4.890000	0.000000	5892.256884
4.900000	0.000000	5852.637352
4.910000	0.000000	5813.145690
4.920000	0.000000	5813.800646
4.930000	0.000000	5867.218023
4.940000	0.000000	5696.081159
4.950000	0.000000	5656.018374
4.960000	0.000000	5620.859000
4.970000	0.000000	5584.782794
4.980000	0.000000	5615.478067
4.990000	0.000000	5506.594950
5.000000	0.000000	5455.783960
5.010000	0.000000	5416.575061
5.020000	0.000000	5414.147841
5.030000	0.000000	5360.252920
5.040000	0.000000	5319.764410
5.050000	0.000000	5287.512739
5.060000	0.000000	5235.520098
5.070000	0.000000	5195.018071
5.080000	0.000000	5158.533152
5.090000	0.000000	5110.449687
5.100000	0.000000	5072.523867
5.110000	0.000000	5040.600176
5.120000	0.000000	5050.734979
5.130000	0.000000	4963.249602
5.140000	0.000000	4923.325506
5.150000	0.000000	4892.673441
5.160000	0.000000	4851.228636
5.170000	0.000000	4813.445406
5.180000	0.000000	4775.952165
5.190000	0.000000	4740.156518
5.200000	0.000000	4712.084504
5.210000	0.000000	4675.834098
5.220000	0.000000	4637.011102
5.230000	0.000000	4604.444540
5.240000	0.000000	4580.288802
5.250000	0.000000	4557.537064
5.260000	0.000000	4510.917077
5.270000	0.000000	4484.165614
5.280000	0.000000	4457.424296
5.290000	0.000000	4430.783738
5.300000	0.000000	4403.310827
5.310000	0.000000	4388.361573
5.320000	0.000000	4350.649893
5.330000	0.000000	4323.000752
5.340000	0.000000	4296.407295
5.350000	0.000000	4275.641672
5.360000	0.000000	4246.180169
5.370000	0.000000	4219.179145
5.380000	0.000000	4192.916809
5.390000	0.000000	4166.224686
5.400000	0.000000	4140.760697
5.410000	0.000000	4113.197338
5.420000	0.000000	4085.447243
5.430000	0.000000	4059.410686
5.440000	0.000000	4033.453878
5.450000	0.000000	4007.103692
5.460000	0.000000	3980.580080
5.470000	0.000000	3954.532565
5.480000	0.000000	3927.851374
5.490000	0.000000	3907.669625
5.500000	0.000000	3877.344222
5.510000	0.000000	3850.379497
5.520000	0.000000	3823.729559
5.530000	0.000000	3800.264937
5.540000	0.000000	3775.304288
5.550000	0.000000	3747.292124
5.560000	0.000000	3721.269256
5.570000	0.000000	3705.027710
5.580000	0.000000	3684.855299
5.590000	0.000000	3645.976418
5.600000	0.000000	3628.917767
5.610000	0.000000	3644.710432
5.620000	0.000000	3788.012350
5.630000	0.000000	3738.234819
5.640000	0.000000	3633.420665
5.650000	0.000000	3642.178803
5.660000	0.000000	3597.125155
5.670000	0.000000	3924.850057
5.680000	0.000000	3557.573399
5.690000	0.000000	3390.476030
5.700000	0.000000	3365.043549
5.710000	0.000000	3339.936046
5.720000	0.000000	3315.026351
5.730000	0.000000	3290.464639
5.740000	0.000000	3266.102165
5.750000	0.000000	3243.048388
5.760000	0.000000	3222.072362
5.770000	0.000000	3199.408204
5.780000	0.000000	3177.230453
5.790000	0.000000	3155.400251
5.800000	0.000000	3133.648845
5.810000	0.000000	3110.219935
5.820000	0.000000	3088.648296
5.830000	0.000000	3066.787265
5.840000	0.000000	3045.540312
5.850000	0.000000	3026.710961
5.860000	0.000000	3013.381314
5.870000	0.000000	2996.659192
5.880000	0.000000	2977.980584
5.890000	0.000000	2959.418131
5.900000	0.000000	2941.551756
5.910000	0.000000	2924.568066
5.920000	0.000000	2909.058065
5.930000	0.000000	2894.830417
5.940000	0.000000	2870.046364
5.950000	0.000000	2852.759438
5.960000	0.000000	2835.540878
5.970000	0.000000	2818.098014
5.980000	0.000000	2799.790607
5.990000	0.000000	2782.477514
6.000000	0.000000	2767.884598
6.010000	0.000000	2748.567859
6.020000	0.000000	2732.487291
6.030000	0.000000	2715.717434
6.040000	0.000000	2697.384967
6.050000	0.000000	2679.793813
6.060000	0.000000	2663.208656
6.070000	0.000000	2647.014391
6.080000	0.000000	2630.076007
6.090000	0.000000	2615.423839
6.100000	0.000000	2606.755452
6.110000	0.000000	2603.399735
6.120000	0.000000	2676.513354
6.130000	0.000000	2602.934603
6.140000	0.000000	2562.778056
6.150000	0.000000	2571.361253
6.160000	0.000000	2543.044782
6.170000	0.000000	2642.778169
6.180000	0.000000	2503.725182
6.190000	0.000000	2444.116117
6.200000	0.000000	2427.585799
6.210000	0.000000	2410.848837
6.220000	0.000000	2394.036021
6.230000	0.000000	2377.410488
6.240000	0.000000	2360.832814
6.250000	0.000000	2344.321630
6.260000	0.000000	2327.940298
6.270000	0.000000	2311.752323
6.280000	0.000000	2295.667909
6.290000	0.000000	2279.634976
6.300000	0.000000	2263.443038
6.310000	0.000000	2246.476713
6.320000	0.000000	2230.520616
6.330000	0.000000	2215.149839
6.340000	0.000000	2200.430307
6.350000	0.000000	2186.120361
6.360000	0.000000	2171.692905
6.370000	0.000000	2157.239021
6.380000	0.000000	2143.706422
6.390000	0.000000	2129.788980
6.400000	0.000000	2117.804112
6.410000	0.000000	2104.452836
6.420000	0.000000	2086.344975
6.430000	0.000000	2072.278973
6.440000	0.000000	2059.734503
6.450000	0.000000	2048.704608
6.460000	0.000000	2054.952839
6.470000	0.000000	2082.534428
6.480000	0.000000	2014.747684
6.490000	0.000000	2022.397065
6.500000	0.000000	2000.948220
6.510000	0.000000	1982.130964
6.520000	0.000000	1972.950657
6.530000	0.000000	2232.010600
6.540000	0.000000	2335.716263
6.550000	0.000000	2126.347072
6.560000	0.000000	2028.472839
6.570000	0.000000	2446.420290
6.580000	0.000000	2715.975611
6.590000	0.000000	2398.179551
6.600000	0.000000	3449.756668
6.610000	0.000000	6594.601662
6.620000	0.000000	7075.877779
6.630000	0.000000	9293.013145
6.640000	0.000000	9663.036973
6.650000	0.000000	11995.823447
6.660000	0.000000	11654.070495
6.670000	0.000000	6575.902707
6.680000	0.000000	7242.807434
6.690000	0.000000	20103.250202
6.700000	0.000000	9508.727401
6.710000	0.000000	1892.444589
6.720000	0.000000	1754.080860
6.730000	0.000000	1720.863799
6.740000	0.000000	1709.799364
6.750000	0.000000	1698.704374
6.760000	0.000000	1687.759751
6.770000	0.000000	1676.821901
6.780000	0.000000	1665.876819
6.790000	0.000000	1654.927706
6.800000	0.000000	1643.984485
6.810000	0.000000	1632.827360
6.820000	0.000000	1621.791969
6.830000	0.000000	1611.194520
6.840000	0.000000	1603.127691
6.850000	0.000000	1590.684351
6.860000	0.000000	1579.468102
6.870000	0.000000	1570.544501
6.880000	0.000000	1559.409804
6.890000	0.000000	1550.864631
6.900000	0.000000	1547.348131
6.910000	0.000000	1560.705699
6.920000	0.000000	1565.452425
6.930000	0.000000	1534.126995
6.940000	0.000000	1537.517587
6.950000	0.000000	1536.851550
6.960000	0.000000	1507.822677
6.970000	0.000000	1587.701221
6.980000	0.000000	1458.374227
6.990000	0.000000	1447.707688
7.000000	0.000000	1438.300703
7.010000	0.000000	1429.769752
7.020000	0.000000	1431.282020
7.030000	0.000000	1414.689640
7.040000	0.000000	1401.075876
7.050000	0.000000	1393.968140
7.060000	0.000000	1385.047540
7.070000	0.000000	1374.462295
7.080000	0.000000	1364.516715
7.090000	0.000000	1354.725676
7.100000	0.000000	1346.697125
7.110000	0.000000	1340.003270
7.120000	0.000000	1331.815817
7.130000	0.000000	1324.322376
7.140000	0.000000	1316.819609
7.150000	0.000000	1308.520174
7.160000	0.000000	1302.970951
7.170000	0.000000	1302.165058
7.180000	0.000000	1289.407143
7.190000	0.000000	1283.539430
7.200000	0.000000	1273.276423
7.210000	0.000000	1263.963979
7.220000	0.000000	1256.256959
7.230000	0.000000	1248.741152
7.240000	0.000000	1241.367298
7.250000	0.000000	1234.910476
7.260000	0.000000	1232.832195
7.270000	0.000000	1230.910234
7.280000	0.000000	1214.459091
7.290000	0.000000	1204.508836
7.300000	0.000000	1197.143978
7.310000	0.000000	1189.792471
7.320000	0.000000	1182.035540
7.330000	0.000000	1176.503379
7.340000	0.000000	1167.647766
7.350000	0.000000	1160.106737
7.360000	0.000000	1153.777971
7.370000	0.000000	1145.951878
7.380000	0.000000	1138.879106
7.390000	0.000000	1131.823896
7.400000	0.000000	1124.696172
7.410000	0.000000	1117.546591
7.420000	0.000000	1110.198468
7.430000	0.000000	1103.212913
7.440000	0.000000	1096.054958
7.450000	0.000000	1089.009510
7.460000	0.000000	1082.098208
7.470000	0.000000	1074.933735
7.480000	0.000000	1068.254900
7.490000	0.000000	1060.463722
7.500000	0.000000	1053.405530
7.510000	0.000000	1046.411235
7.520000	0.000000	1043.623834
7.530000	0.000000	1034.762400
7.540000	0.000000	1026.682351
7.550000	0.000000	1022.289669
7.560000	0.000000	1015.210449
7.570000	0.000000	1007.026188
7.580000	0.000000	1000.584333
7.590000	0.000000	994.041568
7.600000	0.000000	987.914775
7.610000	0.000000	983.824698
7.620000	0.000000	983.340784
7.630000	0.000000	980.664379
7.640000	0.000000	972.964424
7.650000	0.000000	959.883113
7.660000	0.000000	953.312728
7.670000	0.000000	944.937761
7.680000	0.000000	957.008729
7.690000	0.000000	940.428865
7.700000	0.000000	944.651370
7.710000	0.000000	972.408815
7.720000	0.000000	1087.325128
7.730000	0.000000	1145.355993
7.740000	0.000000	1050.218523
7.750000	0.000000	1067.219127
7.760000	0.000000	1229.218340
7.770000	0.000000	1507.625222
7.780000	0.000000	2075.148254
7.790000	0.000000	1256.764660
7.800000	0.000000	1219.171376
7.810000	0.000000	882.126376
7.820000	0.000000	997.472934
7.830000	0.000000	899.961138
7.840000	0.000000	854.905281
7.850000	0.000000	845.700329
7.860000	0.000000	1078.961957
7.870000	0.000000	2054.702332
7.880000	0.000000	1407.558752
7.890000	0.000000	825.899259
7.900000	0.000000	820.980118
7.910000	0.000000	816.733082
7.920000	0.000000	812.079289
7.930000	0.000000	806.311497
7.940000	0.000000	801.439384
7.950000	0.000000	796.584781
7.960000	0.000000	791.988177
7.970000	0.000000	788.587115
7.980000	0.000000	782.405898
7.990000	0.000000	777.385004
8.000000	0.000000	772.625866
8.010000	0.000000	768.313755
8.020000	0.000000	763.305737
8.030000	0.000000	758.863868
8.040000	0.000000	754.058812
8.050000	0.000000	749.465659
8.060000	0.000000	744.719748
8.070000	0.000000	739.824103
8.080000	0.000000	735.143535
8.090000	0.000000	734.033360
8.100000	0.000000	733.526524
8.110000	0.000000	725.096715
8.120000	0.000000	720.373392
8.130000	0.000000	716.740296
8.140000	0.000000	714.224280
8.150000	0.000000	705.811399
8.160000	0.000000	1346.914558
8.170000	0.000000	740.552116
8.180000	0.000000	784.002036
8.190000	0.000000	720.809184
8.200000	0.000000	684.782402
8.210000	0.000000	765.290308
8.220000	0.000000	724.974564
8.230000	0.000000	669.159044
8.240000	0.000000	669.282613
8.250000	0.000000	666.280959
8.260000	0.000000	655.363532
8.270000	0.000000	651.296350
8.280000	0.000000	771.848802
8.290000	0.000000	1086.530423
8.300000	0.000000	639.680252
8.310000	0.000000	636.303778
8.320000	0.000000	631.091115
8.330000	0.000000	628.334903
8.340000	0.000000	888.071946
8.350000	0.000000	661.060422
8.360000	0.000000	663.738241
8.370000	0.000000	627.728041
8.380000	0.000000	609.219225
8.390000	0.000000	638.763144
8.400000	0.000000	625.348156
8.410000	0.000000	594.955404
8.420000	0.000000	591.639034
8.430000	0.000000	588.367056
8.440000	0.000000	585.095104
8.450000	0.000000	581.818718
8.460000	0.000000	578.546989
8.470000	0.000000	596.048238
8.480000	0.000000	787.933543
8.490000	0.000000	568.609658
8.500000	0.000000	565.234031
8.510000	0.000000	561.963520
8.520000	0.000000	558.692854
8.530000	0.000000	555.449645
8.540000	0.000000	552.185896
8.550000	0.000000	548.993337
8.560000	0.000000	546.332680
8.570000	0.000000	543.137857
8.580000	0.000000	593.209084
8.590000	0.000000	606.813948
8.600000	0.000000	533.382884
8.610000	0.000000	530.035834
8.620000	0.000000	526.899241
8.630000	0.000000	523.765370
8.640000	0.000000	526.147589
8.650000	0.000000	585.296752
8.660000	0.000000	514.218439
8.670000	0.000000	511.051791
8.680000	0.000000	513.106890
8.690000	0.000000	540.484030
8.700000	0.000000	511.643774
8.710000	0.000000	518.146318
8.720000	0.000000	505.637172
8.730000	0.000000	504.146761
8.740000	0.000000	499.322307
8.750000	0.000000	486.217432
8.760000	0.000000	483.207841
8.770000	0.000000	480.082887
8.780000	0.000000	476.875946
8.790000	0.000000	473.863038
8.800000	0.000000	470.897959
8.810000	0.000000	467.709113
8.820000	0.000000	465.169413
8.830000	0.000000	466.227110
8.840000	0.000000	463.494406
8.850000	0.000000	460.753727
8.860000	0.000000	458.012719
8.870000	0.000000	455.286045
8.880000	0.000000	452.574180
8.890000	0.000000	449.868930
8.900000	0.000000	448.259674
8.910000	0.000000	445.427603
8.920000	0.000000	441.698749
8.930000	0.000000	438.955732
8.940000	0.000000	436.230628
8.950000	0.000000	433.506955
8.960000	0.000000	430.785791
8.970000	0.000000	428.065952
8.980000	0.000000	425.378064
8.990000	0.000000	423.191985
9.000000	0.000000	419.741064
9.010000	0.000000	418.173902
9.020000	0.000000	417.859692
9.030000	0.000000	412.476434
9.040000	0.000000	409.884114
9.050000	0.000000	407.577386
9.060000	0.000000	407.936336
9.070000	0.000000	414.797620
9.080000	0.000000	410.523943
9.090000	0.000000	399.341431
9.100000	0.000000	396.213767
9.110000	0.000000	393.458698
9.120000	0.000000	392.142677
9.130000	0.000000	388.905227
9.140000	0.000000	385.718507
9.150000	0.000000	383.589445
9.160000	0.000000	382.801410
9.170000	0.000000	381.576743
9.180000	0.000000	391.886087
9.190000	0.000000	377.269688
9.200000	0.000000	372.735373
9.210000	0.000000	370.613176
9.220000	0.000000	368.491145
9.230000	0.000000	366.369392
9.240000	0.000000	364.258256
9.250000	0.000000	362.146366
9.260000	0.000000	360.031413
9.270000	0.000000	357.923913
9.280000	0.000000	355.817010
9.290000	0.000000	353.710476
9.300000	0.000000	351.606751
9.310000	0.000000	349.525252
9.320000	0.000000	347.447814
9.330000	0.000000	345.199445
9.340000	0.000000	343.031220
9.350000	0.000000	340.927304
9.360000	0.000000	338.841675
9.370000	0.000000	336.761167
9.380000	0.000000	334.681257
9.390000	0.000000	332.601345
9.400000	0.000000	330.521477
9.410000	0.000000	328.442269
9.420000	0.000000	326.363879
9.430000	0.000000	324.286410
9.440000	0.000000	322.336813
9.450000	0.000000	320.449223
9.460000	0.000000	318.227379
9.470000	0.000000	316.367529
9.480000	0.000000	314.570562
9.490000	0.000000	312.650990
9.500000	0.000000	310.782909
9.510000	0.000000	308.871659
9.520000	0.000000	315.587628
9.530000	0.000000	306.967356
9.540000	0.000000	304.645469
9.550000	0.000000	302.106233
9.560000	0.000000	300.069716
9.570000	0.000000	299.389809
9.580000	0.000000	297.252410
9.590000	0.000000	294.398861
9.600000	0.000000	292.562102
9.610000	0.000000	290.714361
9.620000	0.000000	288.909755
9.630000	0.000000	287.114535
9.640000	0.000000	285.319926
9.650000	0.000000	283.863614
9.660000	0.000000	287.063806
9.670000	0.000000	279.823486
9.680000	0.000000	278.032152
9.690000	0.000000	276.231972
9.700000	0.000000	274.454097
9.710000	0.000000	272.664186
9.720000	0.000000	270.857585
9.730000	0.000000	271.686727
9.740000	0.000000	269.249648
9.750000	0.000000	266.283124
9.760000	0.000000	264.894195
9.770000	0.000000	262.935859
9.780000	0.000000	261.803600
9.790000	0.000000	260.813968
9.800000	0.000000	258.668534
9.810000	0.000000	257.250804
9.820000	0.000000	255.833588
9.830000	0.000000	254.403139
9.840000	0.000000	252.919906
9.850000	0.000000	251.513329
9.860000	0.000000	250.106831
9.870000	0.000000	248.700339
9.880000	0.000000	247.576329
9.890000	0.000000	247.203762
9.900000	0.000000	245.179294
9.910000	0.000000	243.076871
9.920000	0.000000	241.680597
9.930000	0.000000	240.291187
9.940000	0.000000	238.902640
9.950000	0.000000	237.514990
9.960000	0.000000	236.127965
9.970000	0.000000	234.738067
9.980000	0.000000	233.348146
9.990000	0.000000	232.001166
10.000000	0.000000	231.649848
10.010000	0.000000	229.127172
10.020000	0.000000	227.700642
10.030000	0.000000	226.311261
10.040000	0.000000	224.922711
10.050000	0.000000	223.534302
10.060000	0.000000	222.146506
10.070000	0.000000	221.150795
10.080000	0.000000	219.682776
10.090000	0.000000	217.988264
10.100000	0.000000	216.622838
10.110000	0.000000	215.316688
10.120000	0.000000	214.196105
10.130000	0.000000	213.183083
10.140000	0.000000	211.620092
10.150000	0.000000	210.415758
10.160000	0.000000	209.434782
10.170000	0.000000	207.899022
10.180000	0.000000	206.847617
10.190000	0.000000	205.466328
10.200000	0.000000	204.233302
10.210000	0.000000	203.021329
10.220000	0.000000	201.810846
10.230000	0.000000	200.607178
10.240000	0.000000	199.407896
10.250000	0.000000	198.209524
10.260000	0.000000	197.011153
10.270000	0.000000	195.812782
10.280000	0.000000	194.621195
10.290000	0.000000	193.439679
10.300000	0.000000	192.249463
10.310000	0.000000	191.051731
10.320000	0.000000	189.854379
10.330000	0.000000	188.657483
10.340000	0.000000	187.396221
10.350000	0.000000	186.182863
10.360000	0.000000	184.989984
10.370000	0.000000	183.814102
10.380000	0.000000	182.642289
10.390000	0.000000	181.470886
10.400000	0.000000	180.299926
10.410000	0.000000	179.131131
10.420000	0.000000	178.032900
10.430000	0.000000	177.039613
10.440000	0.000000	176.097447
10.450000	0.000000	175.155281
10.460000	0.000000	174.213365
10.470000	0.000000	173.271943
10.480000	0.000000	172.329664
10.490000	0.000000	171.386881
10.500000	0.000000	170.443145
10.510000	0.000000	169.443649
10.520000	0.000000	168.512346
10.530000	0.000000	167.584775
10.540000	0.000000	166.657549
10.550000	0.000000	165.731246
10.560000	0.000000	164.803513
10.570000	0.000000	163.875927
10.580000	0.000000	162.948762
10.590000	0.000000	162.021609
10.600000	0.000000	161.094790
10.610000	0.000000	160.167802
10.620000	0.000000	159.240151
10.630000	0.000000	158.313116
10.640000	0.000000	157.386257
10.650000	0.000000	156.458734
10.660000	0.000000	155.531891
10.670000	0.000000	154.587912
10.680000	0.000000	153.614578
10.690000	0.000000	152.687450
10.700000	0.000000	151.760463
10.710000	0.000000	150.833884
10.720000	0.000000	149.907791
10.730000	0.000000	148.981927
10.740000	0.000000	148.056122
10.750000	0.000000	147.134778
10.760000	0.000000	146.254619
10.770000	0.000000	145.420162
10.780000	0.000000	144.598031
10.790000	0.000000	143.777221
10.800000	0.000000	142.956640
10.810000	0.000000	142.137376
10.820000	0.000000	141.321023
10.830000	0.000000	140.504959
10.840000	0.000000	139.662774
10.850000	0.000000	138.817710
10.860000	0.000000	138.003960
10.870000	0.000000	137.200053
10.880000	0.000000	136.399224
10.890000	0.000000	135.598801
10.900000	0.000000	134.798381
10.910000	0.000000	133.997960
10.920000	0.000000	133.197597
10.930000	0.000000	132.397406
10.940000	0.000000	131.597383
10.950000	0.000000	130.797426
10.960000	0.000000	129.997490
10.970000	0.000000	129.197585
10.980000	0.000000	128.397795
10.990000	0.000000	127.598953
11.000000	0.000000	126.809056
11.010000	0.000000	125.991120
11.020000	0.000000	125.192695
11.030000	0.000000	124.412546
11.040000	0.000000	123.636234
11.050000	0.000000	122.860774
11.060000	0.000000	122.085408
11.070000	0.000000	121.310061
11.080000	0.000000	120.534721
11.090000	0.000000	119.759380
11.100000	0.000000	118.989338
11.110000	0.000000	118.269662
11.120000	0.000000	117.624513
11.130000	0.000000	117.001287
11.140000	0.000000	116.380657
11.150000	0.000000	115.760183
11.160000	0.000000	115.140065
11.170000	0.000000	114.520928
11.180000	0.000000	113.864545
11.190000	0.000000	113.241229
11.200000	0.000000	112.622409
11.210000	0.000000	112.003605
11.220000	0.000000	111.384816
11.230000	0.000000	110.766033
11.240000	0.000000	110.147257
11.250000	0.000000	109.528501
11.260000	0.000000	108.909757
11.270000	0.000000	108.291016
11.280000	0.000000	107.672274
11.290000	0.000000	107.053532
11.300000	0.000000	106.434791
11.310000	0.000000	105.816049
11.320000	0.000000	105.197310
11.330000	0.000000	104.578576
11.340000	0.000000	103.955438
11.350000	0.000000	103.299314
11.360000	0.000000	102.680889
11.370000	0.000000	102.062824
11.380000	0.000000	101.444946
11.390000	0.000000	100.827098
11.400000	0.000000	100.209553
11.410000	0.000000	99.600952
11.420000	0.000000	99.025766
11.430000	0.000000	98.473498
11.440000	0.000000	97.924498
11.450000	0.000000	97.376477
11.460000	0.000000	96.828543
11.470000	0.000000	96.281180
11.480000	0.000000	95.735648
11.490000	0.000000	95.191131
11.500000	0.000000	94.646837
11.510000	0.000000	94.094447
11.520000	0.000000	93.531081
11.530000	0.000000	92.992626
11.540000	0.000000	92.454171
11.550000	0.000000	91.915753
11.560000	0.000000	91.378173
11.570000	0.000000	90.843079
11.580000	0.000000	90.309087
11.590000	0.000000	89.775199
11.600000	0.000000	89.241345
11.610000	0.000000	88.707530
11.620000	0.000000	88.173731
11.630000	0.000000	87.640785
11.640000	0.000000	87.111926
11.650000	0.000000	86.590378
11.660000	0.000000	86.070922
11.670000	0.000000	85.551879
11.680000	0.000000	85.015560
11.690000	0.000000	84.481334
11.700000	0.000000	83.963883
11.710000	0.000000	83.446442
11.720000	0.000000	82.929002
11.730000	0.000000	82.411669
11.740000	0.000000	81.896896
11.750000	0.000000	81.384238
11.760000	0.000000	80.872187
11.770000	0.000000	80.360146
11.780000	0.000000	79.848106
11.790000	0.000000	79.336751
11.800000	0.000000	78.845213
11.810000	0.000000	78.406494
11.820000	0.000000	77.992357
11.830000	0.000000	77.578275
11.840000	0.000000	77.164549
11.850000	0.000000	76.730785
11.860000	0.000000	76.310269
11.870000	0.000000	75.897167
11.880000	0.000000	75.484081
11.890000	0.000000	75.070996
11.900000	0.000000	74.657912
11.910000	0.000000	74.244838
11.920000	0.000000	73.831776
11.930000	0.000000	73.418726
11.940000	0.000000	73.005683
11.950000	0.000000	72.592641
11.960000	0.000000	72.179598
11.970000	0.000000	71.766555
11.980000	0.000000	71.353518
11.990000	0.000000	70.940511
12.000000	0.000000	70.527568
12.010000	0.000000	70.114670
12.020000	0.000000	69.675423
12.030000	0.000000	69.261246
12.040000	0.000000	68.848775
12.050000	0.000000	68.436610
12.060000	0.000000	68.024582
12.070000	0.000000	67.615159
12.080000	0.000000	67.228643
12.090000	0.000000	66.858028
12.100000	0.000000	66.491038
12.110000	0.000000	66.124794
12.120000	0.000000	65.759055
12.130000	0.000000	65.393325
12.140000	0.000000	65.027885
12.150000	0.000000	64.663675
12.160000	0.000000	64.301605
12.170000	0.000000	63.941924
12.180000	0.000000	63.578508
12.190000	0.000000	63.198624
12.200000	0.000000	62.839352
12.210000	0.000000	62.480098
12.220000	0.000000	62.120846
12.230000	0.000000	61.761595
12.240000	0.000000	61.402343
12.250000	0.000000	61.043092
12.260000	0.000000	60.684043
12.270000	0.000000	60.326714
12.280000	0.000000	59.972106
12.290000	0.000000	59.621210
12.300000	0.000000	59.274064
12.310000	0.000000	58.927525
12.320000	0.000000	58.581550
12.330000	0.000000	58.235816
12.340000	0.000000	57.890086
12.350000	0.000000	57.535747
12.360000	0.000000	57.176336
12.370000	0.000000	56.834050
12.380000	0.000000	56.492028
12.390000	0.000000	56.150163
12.400000	0.000000	55.808332
12.410000	0.000000	55.466503
12.420000	0.000000	55.124675
12.430000	0.000000	54.782846
12.440000	0.000000	54.441018
12.450000	0.000000	54.099192
12.460000	0.000000	53.757373
12.470000	0.000000	53.415564
12.480000	0.000000	53.073781
12.490000	0.000000	52.734278
12.500000	0.000000	52.410602
12.510000	0.000000	52.129996
12.520000	0.000000	51.842901
12.530000	0.000000	51.559100
12.540000	0.000000	51.283161
12.550000	0.000000	51.007261
12.560000	0.000000	50.731375
12.570000	0.000000	50.455490
12.580000	0.000000	50.179605
12.590000	0.000000	49.903721
12.600000	0.000000	49.627842
12.610000	0.000000	49.351975
12.620000	0.000000	49.076117
12.630000	0.000000	48.800279
12.640000	0.000000	48.524475
12.650000	0.000000	48.248682
12.660000	0.000000	47.972889
12.670000	0.000000	47.697108
12.680000	0.000000	47.421388
12.690000	0.000000	47.130979
12.700000	0.000000	46.851598
12.710000	0.000000	46.576398
12.720000	0.000000	46.301223
12.730000	0.000000	46.026053
12.740000	0.000000	45.755635
12.750000	0.000000	45.501489
12.760000	0.000000	45.255437
12.770000	0.000000	45.010209
12.780000	0.000000	44.765461
12.790000	0.000000	44.521151
12.800000	0.000000	44.276880
12.810000	0.000000	44.032824
12.820000	0.000000	43.789939
12.830000	0.000000	43.549429
12.840000	0.000000	43.309343
12.850000	0.000000	43.069266
12.860000	0.000000	42.812956
12.870000	0.000000	42.572880
12.880000	0.000000	42.332803
12.890000	0.000000	42.092731
12.900000	0.000000	41.852895
12.910000	0.000000	41.613796
12.920000	0.000000	41.375017
12.930000	0.000000	41.136281
12.940000	0.000000	40.898482
12.950000	0.000000	40.663067
12.960000	0.000000	40.429695
12.970000	0.000000	40.196906
12.980000	0.000000	39.965107
12.990000	0.000000	39.735020
13.000000	0.000000	39.506353
13.010000	0.000000	39.277780
13.020000	0.000000	39.045953
13.030000	0.000000	38.805179
13.040000	0.000000	38.576611
13.050000	0.000000	38.348050
13.060000	0.000000	38.119489
13.070000	0.000000	37.890944
13.080000	0.000000	37.662511
13.090000	0.000000	37.434148
13.100000	0.000000	37.205800
13.110000	0.000000	36.977451
13.120000	0.000000	36.749102
13.130000	0.000000	36.520754
13.140000	0.000000	36.292405
13.150000	0.000000	36.064061
13.160000	0.000000	35.835743
13.170000	0.000000	35.607489
13.180000	0.000000	35.379243
13.190000	0.000000	35.144498
13.200000	0.000000	34.916595
13.210000	0.000000	34.728497
13.220000	0.000000	34.543944
13.230000	0.000000	34.359695
13.240000	0.000000	34.175453
13.250000	0.000000	33.991213
13.260000	0.000000	33.806972
13.270000	0.000000	33.622734
13.280000	0.000000	33.438514
13.290000	0.000000	33.254314
13.300000	0.000000	33.070123
13.310000	0.000000	32.885940
13.320000	0.000000	32.701761
13.330000	0.000000	32.517581
13.340000	0.000000	32.333407
13.350000	0.000000	32.149290
13.360000	0.000000	31.957494
13.370000	0.000000	31.768994
13.380000	0.000000	31.585152
13.390000	0.000000	31.401377
13.400000	0.000000	31.217610
13.410000	0.000000	31.036949
13.420000	0.000000	30.867258
13.430000	0.000000	30.702891
13.440000	0.000000	30.539009
13.450000	0.000000	30.375280
13.460000	0.000000	30.211883
13.470000	0.000000	30.048729
13.480000	0.000000	29.885881
13.490000	0.000000	29.723942
13.500000	0.000000	29.562723
13.510000	0.000000	29.402003
13.520000	0.000000	29.241639
13.530000	0.000000	29.072143
13.540000	0.000000	28.910263
13.550000	0.000000	28.750643
13.560000	0.000000	28.591089
13.570000	0.000000	28.431541
13.580000	0.000000	28.271992
13.590000	0.000000	28.112444
13.600000	0.000000	27.953066
13.610000	0.000000	27.795310
13.620000	0.000000	27.639704
13.630000	0.000000	27.485322
13.640000	0.000000	27.331334
13.650000	0.000000	27.177350
13.660000	0.000000	27.023371
13.670000	0.000000	26.869392
13.680000	0.000000	26.715430
13.690000	0.000000	26.561163
13.700000	0.000000	26.398603
13.710000	0.000000	26.245916
13.720000	0.000000	26.093230
13.730000	0.000000	25.940544
13.740000	0.000000	25.787857
13.750000	0.000000	25.635171
13.760000	0.000000	25.482488
13.770000	0.000000	25.329809
13.780000	0.000000	25.177140
13.790000	0.000000	25.024524
13.800000	0.000000	24.871973
13.810000	0.000000	24.719436
13.820000	0.000000	24.566900
13.830000	0.000000	24.414364
13.840000	0.000000	24.261837
13.850000	0.000000	24.109349
13.860000	0.000000	23.954160
13.870000	0.000000	23.794090
13.880000	0.000000	23.641622
13.890000	0.000000	23.489165
13.900000	0.000000	23.336979
13.910000	0.000000	23.198119
13.920000	0.000000	23.071576
13.930000	0.000000	22.948509
13.940000	0.000000	22.825454
13.950000	0.000000	22.702404
13.960000	0.000000	22.579355
13.970000	0.000000	22.456306
13.980000	0.000000	22.333257
13.990000	0.000000	22.210210
14.000000	0.000000	22.087168
14.010000	0.000000	21.964149
14.020000	0.000000	21.841222
14.030000	0.000000	21.714411
14.040000	0.000000	21.587176
14.050000	0.000000	21.464313
14.060000	0.000000	21.341484
14.070000	0.000000	21.218710
14.080000	0.000000	21.096411
14.090000	0.000000	20.980843
14.100000	0.000000	20.870172
14.110000	0.000000	20.760701
14.120000	0.000000	20.651255
14.130000	0.000000	20.541998
14.140000	0.000000	20.432998
14.150000	0.000000	20.324162
14.160000	0.000000	20.215755
14.170000	0.000000	20.107983
14.180000	0.000000	20.000291
14.190000	0.000000	19.892974
14.200000	0.000000	19.781285
14.210000	0.000000	19.672432
14.220000	0.000000	19.565856
14.230000	0.000000	19.459279
14.240000	0.000000	19.352703
14.250000	0.000000	19.246126
14.260000	0.000000	19.139897
14.270000	0.000000	19.034400
14.280000	0.000000	18.930244
14.290000	0.000000	18.827104
14.300000	0.000000	18.724187
14.310000	0.000000	18.621273
14.320000	0.000000	18.518359
14.330000	0.000000	18.415452
14.340000	0.000000	18.312572
14.350000	0.000000	18.209703
14.360000	0.000000	18.106834
14.370000	0.000000	17.997742
14.380000	0.000000	17.894147
14.390000	0.000000	17.791285
14.400000	0.000000	17.688440
14.410000	0.000000	17.586058
14.420000	0.000000	17.483981
14.430000	0.000000	17.381975
14.440000	0.000000	17.279968
14.450000	0.000000	17.177962
14.460000	0.000000	17.075955
14.470000	0.000000	16.973949
14.480000	0.000000	16.871944
14.490000	0.000000	16.769941
14.500000	0.000000	16.667953
14.510000	0.000000	16.566014
14.520000	0.000000	16.464107
14.530000	0.000000	16.361480
14.540000	0.000000	16.253445
14.550000	0.000000	16.151579
14.560000	0.000000	16.049713
14.570000	0.000000	15.947847
14.580000	0.000000	15.845983
14.590000	0.000000	15.744178
14.600000	0.000000	15.642488
14.610000	0.000000	15.541095
14.620000	0.000000	15.446578
14.630000	0.000000	15.361001
14.640000	0.000000	15.278753
14.650000	0.000000	15.196505
14.660000	0.000000	15.114258
14.670000	0.000000	15.032018
14.680000	0.000000	14.949817
14.690000	0.000000	14.867657
14.700000	0.000000	14.783748
14.710000	0.000000	14.697811
14.720000	0.000000	14.615685
14.730000	0.000000	14.533562
14.740000	0.000000	14.451440
14.750000	0.000000	14.369351
14.760000	0.000000	14.288344
14.770000	0.000000	14.212011
14.780000	0.000000	14.138510
14.790000	0.000000	14.065360
14.800000	0.000000	13.992219
14.810000	0.000000	13.919093
14.820000	0.000000	13.846069
14.830000	0.000000	13.773383
14.840000	0.000000	13.701285
14.850000	0.000000	13.629621
14.860000	0.000000	13.557959
14.870000	0.000000	13.483747
14.880000	0.000000	13.409790
14.890000	0.000000	13.338342
14.900000	0.000000	13.267124
14.910000	0.000000	13.196365
14.920000	0.000000	13.125797
14.930000	0.000000	13.055328
14.940000	0.000000	12.984951
14.950000	0.000000	12.914915
14.960000	0.000000	12.845594
14.970000	0.000000	12.776774
14.980000	0.000000	12.707970
14.990000	0.000000	12.639169
15.000000	0.000000	12.570368
15.010000	0.000000	12.501568
15.020000	0.000000	12.432767
15.030000	0.000000	12.363966
15.040000	0.000000	12.291738
15.050000	0.000000	12.221713
15.060000	0.000000	12.152928
15.070000	0.000000	12.084155
15.080000	0.000000	12.015385
15.090000	0.000000	11.946614
15.100000	0.000000	11.877845
15.110000	0.000000	11.809077
15.120000	0.000000	11.740312
15.130000	0.000000	11.671576
15.140000	0.000000	11.603049
15.150000	0.000000	11.534801
15.160000	0.000000	11.466607
15.170000	0.000000	11.398413
15.180000	0.000000	11.330220
15.190000	0.000000	11.262026
15.200000	0.000000	11.193832
15.210000	0.000000	11.121271
15.220000	0.000000	11.052851
15.230000	0.000000	10.984726
15.240000	0.000000	10.916623
15.250000	0.000000	10.848529
15.260000	0.000000	10.780440
15.270000	0.000000	10.712353
15.280000	0.000000	10.644268
15.290000	0.000000	10.576213
15.300000	0.000000	10.508221
15.310000	0.000000	10.440271
15.320000	0.000000	10.372330
15.330000	0.000000	10.306258
15.340000	0.000000	10.246603
15.350000	0.000000	10.191669
15.360000	0.000000	10.136754
15.370000	0.000000	10.081253
15.380000	0.000000	10.023211
15.390000	0.000000	9.968301
15.400000	0.000000	9.913405
15.410000	0.000000	9.858511
15.420000	0.000000	9.803619
15.430000	0.000000	9.748726
15.440000	0.000000	9.694622
15.450000	0.000000	9.643500
15.460000	0.000000	9.594415
15.470000	0.000000	9.545525
15.480000	0.000000	9.496683
15.490000	0.000000	9.447956
15.500000	0.000000	9.399314
15.510000	0.000000	9.350733
15.520000	0.000000	9.302404
15.530000	0.000000	9.254458
15.540000	0.000000	9.205364
15.550000	0.000000	9.155447
15.560000	0.000000	9.107910
15.570000	0.000000	9.060472
15.580000	0.000000	9.013057
15.590000	0.000000	8.965809
15.600000	0.000000	8.918721
15.610000	0.000000	8.871694
15.620000	0.000000	8.824676
15.630000	0.000000	8.777813
15.640000	0.000000	8.731401
15.650000	0.000000	8.685387
15.660000	0.000000	8.639391
15.670000	0.000000	8.593399
15.680000	0.000000	8.547407
15.690000	0.000000	8.501416
15.700000	0.000000	8.455425
15.710000	0.000000	8.407633
15.720000	0.000000	8.360332
15.730000	0.000000	8.314341
15.740000	0.000000	8.268350
15.750000	0.000000	8.222358
15.760000	0.000000	8.176367
15.770000	0.000000	8.130376
15.780000	0.000000	8.084389
15.790000	0.000000	8.038412
15.800000	0.000000	7.992440
15.810000	0.000000	7.946469
15.820000	0.000000	7.900498
15.830000	0.000000	7.854527
15.840000	0.000000	7.808557
15.850000	0.000000	7.762589
15.860000	0.000000	7.716631
15.870000	0.000000	7.670778
15.880000	0.000000	7.622748
15.890000	0.000000	7.576513
15.900000	0.000000	7.530926
15.910000	0.000000	7.485342
15.920000	0.000000	7.439765
15.930000	0.000000	7.394201
15.940000	0.000000	7.348650
15.950000	0.000000	7.303114
15.960000	0.000000	7.257593
15.970000	0.000000	7.212078
15.980000	0.000000	7.166569
15.990000	0.000000	7.121065
16.000000	0.000000	7.075584
16.010000	0.000000	7.030155
16.020000	0.000000	6.984752
16.030000	0.000000	6.939370
16.040000	0.000000	6.893987
16.050000	0.000000	6.846370
16.060000	0.000000	6.808220
16.070000	0.000000	6.771410
16.080000	0.000000	6.734703
16.090000	0.000000	6.698002
16.100000	0.000000	6.661302
16.110000	0.000000	6.624611
16.120000	0.000000	6.588018
16.130000	0.000000	6.552963
16.140000	0.000000	6.519765
16.150000	0.000000	6.487216
16.160000	0.000000	6.454697
16.170000	0.000000	6.422179
16.180000	0.000000	6.389660
16.190000	0.000000	6.357141
16.200000	0.000000	6.324640
16.210000	0.000000	6.291968
16.220000	0.000000	6.258557
16.230000	0.000000	6.226852
16.240000	0.000000	6.195148
16.250000	0.000000	6.163443
16.260000	0.000000	6.131743
16.270000	0.000000	6.100091
16.280000	0.000000	6.068469
16.290000	0.000000	6.036918
16.300000	0.000000	6.005452
16.310000	0.000000	5.974029
16.320000	0.000000	5.942792
16.330000	0.000000	5.911905
16.340000	0.000000	5.881155
16.350000	0.000000	5.850405
16.360000	0.000000	5.819659
16.370000	0.000000	5.788913
16.380000	0.000000	5.757292
16.390000	0.000000	5.725343
16.400000	0.000000	5.694597
16.410000	0.000000	5.663852
16.420000	0.000000	5.633106
16.430000	0.000000	5.602360
16.440000	0.000000	5.571614
16.450000	0.000000	5.540869
16.460000	0.000000	5.510123
16.470000	0.000000	5.479377
16.480000	0.000000	5.448632
16.490000	0.000000	5.417886
16.500000	0.000000	5.387140
16.510000	0.000000	5.356397
16.520000	0.000000	5.325660
16.530000	0.000000	5.294928
16.540000	0.000000	5.264195
16.550000	0.000000	5.232151
16.560000	0.000000	5.200653
16.570000	0.000000	5.169921
16.580000	0.000000	5.139192
16.590000	0.000000	5.108466
16.600000	0.000000	5.077794
16.610000	0.000000	5.047260
16.620000	0.000000	5.016788
16.630000	0.000000	4.986326
16.640000	0.000000	4.955867
16.650000	0.000000	4.925410
16.660000	0.000000	4.894955
16.670000	0.000000	4.864508
16.680000	0.000000	4.834077
16.690000	0.000000	4.803655
16.700000	0.000000	4.773256
16.710000	0.000000	4.742876
16.720000	0.000000	4.710806
16.730000	0.000000	4.680141
16.740000	0.000000	4.649801
16.750000	0.000000	4.619461
16.760000	0.000000	4.589122
16.770000	0.000000	4.559550
16.780000	0.000000	4.533139
16.790000	0.000000	4.508425
16.800000	0.000000	4.483935
16.810000	0.000000	4.459859
16.820000	0.000000	4.436943
16.830000	0.000000	4.415131
16.840000	0.000000	4.393373
16.850000	0.000000	4.371627
16.860000	0.000000	4.349900
16.870000	0.000000	4.328281
16.880000	0.000000	4.306672
16.890000	0.000000	4.283761
16.900000	0.000000	4.262261
16.910000	0.000000	4.240990
16.920000	0.000000	4.219783
16.930000	0.000000	4.198585
16.940000	0.000000	4.177412
16.950000	0.000000	4.156264
16.960000	0.000000	4.135123
16.970000	0.000000	4.113982
16.980000	0.000000	4.092841
16.990000	0.000000	4.071711
17.000000	0.000000	4.050630
17.010000	0.000000	4.029702
17.020000	0.000000	4.009036
17.030000	0.000000	3.988474
17.040000	0.000000	3.967912
17.050000	0.000000	3.946987
17.060000	0.000000	3.925404
17.070000	0.000000	3.904845
17.080000	0.000000	3.884286
17.090000	0.000000	3.863727
17.100000	0.000000	3.843168
17.110000	0.000000	3.822610
17.120000	0.000000	3.802051
17.130000	0.000000	3.781492
17.140000	0.000000	3.760933
17.150000	0.000000	3.740374
17.160000	0.000000	3.719815
17.170000	0.000000	3.699257
17.180000	0.000000	3.678698
17.190000	0.000000	3.658139
17.200000	0.000000	3.637580
17.210000	0.000000	3.617021
17.220000	0.000000	3.595804
17.230000	0.000000	3.574514
17.240000	0.000000	3.553956
17.250000	0.000000	3.533404
17.260000	0.000000	3.512857
17.270000	0.000000	3.492311
17.280000	0.000000	3.471765
17.290000	0.000000	3.451219
17.300000	0.000000	3.430673
17.310000	0.000000	3.410127
17.320000	0.000000	3.389582
17.330000	0.000000	3.369042
17.340000	0.000000	3.348549
17.350000	0.000000	3.328154
17.360000	0.000000	3.307789
17.370000	0.000000	3.287429
17.380000	0.000000	3.267083
17.390000	0.000000	3.245797
17.400000	0.000000	3.225027
17.410000	0.000000	3.204696
17.420000	0.000000	3.184373
17.430000	0.000000	3.164075
17.440000	0.000000	3.143787
17.450000	0.000000	3.123503
17.460000	0.000000	3.103232
17.470000	0.000000	3.082998
17.480000	0.000000	3.062793
17.490000	0.000000	3.042642
17.500000	0.000000	3.023685
17.510000	0.000000	3.007479
17.520000	0.000000	2.992913
17.530000	0.000000	2.978427
17.540000	0.000000	2.964016
17.550000	0.000000	2.949614
17.560000	0.000000	2.934347
17.570000	0.000000	2.919848
17.580000	0.000000	2.905452
17.590000	0.000000	2.891056
17.600000	0.000000	2.876705
17.610000	0.000000	2.862483
17.620000	0.000000	2.848330
17.630000	0.000000	2.834194
17.640000	0.000000	2.820060
17.650000	0.000000	2.805925
17.660000	0.000000	2.791791
17.670000	0.000000	2.777656
17.680000	0.000000	2.763522
17.690000	0.000000	2.749387
17.700000	0.000000	2.735270
17.710000	0.000000	2.721286
17.720000	0.000000	2.707434
17.730000	0.000000	2.692855
17.740000	0.000000	2.679108
17.750000	0.000000	2.665362
17.760000	0.000000	2.651616
17.770000	0.000000	2.637871
17.780000	0.000000	2.624125
17.790000	0.000000	2.610379
17.800000	0.000000	2.596634
17.810000	0.000000	2.582888
17.820000	0.000000	2.569142
17.830000	0.000000	2.555397
17.840000	0.000000	2.541651
17.850000	0.000000	2.527905
17.860000	0.000000	2.514160
17.870000	0.000000	2.500414
17.880000	0.000000	2.486668
17.890000	0.000000	2.472629
17.900000	0.000000	2.458248
17.910000	0.000000	2.444502
17.920000	0.000000	2.430756
17.930000	0.000000	2.417012
17.940000	0.000000	2.403268
17.950000	0.000000	2.389525
17.960000	0.000000	2.375782
17.970000	0.000000	2.362039
17.980000	0.000000	2.348299
17.990000	0.000000	2.334561
18.000000	0.000000	2.320824
18.010000	0.000000	2.307086
18.020000	0.000000	2.293349
18.030000	0.000000	2.279612
18.040000	0.000000	2.265876
18.050000	0.000000	2.252144
18.060000	0.000000	2.237935
18.070000	0.000000	2.223779
18.080000	0.000000	2.210098
18.090000	0.000000	2.196486
18.100000	0.000000	2.182883
18.110000	0.000000	2.169280
18.120000	0.000000	2.155680
18.130000	0.000000	2.142096
18.140000	0.000000	2.128548
18.150000	0.000000	2.115028
18.160000	0.000000	2.101516
18.170000	0.000000	2.088008
18.180000	0.000000	2.074501
18.190000	0.000000	2.061102
18.200000	0.000000	2.048191
18.210000	0.000000	2.035947
18.220000	0.000000	2.023737
18.230000	0.000000	2.011923
18.240000	0.000000	2.002091
18.250000	0.000000	1.992453
18.260000	0.000000	1.982822
18.270000	0.000000	1.973193
18.280000	0.000000	1.963565
18.290000	0.000000	1.953941
18.300000	0.000000	1.944349
18.310000	0.000000	1.934834
18.320000	0.000000	1.925374
18.330000	0.000000	1.915921
18.340000	0.000000	1.906468
18.350000	0.000000	1.897015
18.360000	0.000000	1.887562
18.370000	0.000000	1.878109
18.380000	0.000000	1.868656
18.390000	0.000000	1.859203
18.400000	0.000000	1.849144
18.410000	0.000000	1.839771
18.420000	0.000000	1.830524
18.430000	0.000000	1.821320
18.440000	0.000000	1.812125
18.450000	0.000000	1.802931
18.460000	0.000000	1.793738
18.470000	0.000000	1.784544
18.480000	0.000000	1.775351
18.490000	0.000000	1.766158
18.500000	0.000000	1.756964
18.510000	0.000000	1.747771
18.520000	0.000000	1.738577
18.530000	0.000000	1.729384
18.540000	0.000000	1.720191
18.550000	0.000000	1.710997
18.560000	0.000000	1.701706
18.570000	0.000000	1.691989
18.580000	0.000000	1.682796
18.590000	0.000000	1.673602
18.600000	0.000000	1.664409
18.610000	0.000000	1.655216
18.620000	0.000000	1.646024
18.630000	0.000000	1.636833
18.640000	0.000000	1.627641
18.650000	0.000000	1.618449
18.660000	0.000000	1.609257
18.670000	0.000000	1.600066
18.680000	0.000000	1.590874
18.690000	0.000000	1.581682
18.700000	0.000000	1.572491
18.710000	0.000000	1.563300
18.720000	0.000000	1.554111
18.730000	0.000000	1.544694
18.740000	0.000000	1.535119
18.750000	0.000000	1.525939
18.760000	0.000000	1.516761
18.770000	0.000000	1.507586
18.780000	0.000000	1.498412
18.790000	0.000000	1.489237
18.800000	0.000000	1.480068
18.810000	0.000000	1.470916
18.820000	0.000000	1.461797
18.830000	0.000000	1.452714
18.840000	0.000000	1.443651
18.850000	0.000000	1.434591
18.860000	0.000000	1.425553
18.870000	0.000000	1.416566
18.880000	0.000000	1.407601
18.890000	0.000000	1.398744
18.900000	0.000000	1.390144
18.910000	0.000000	1.381732
18.920000	0.000000	1.373554
18.930000	0.000000	1.365376
18.940000	0.000000	1.357198
18.950000	0.000000	1.349026
18.960000	0.000000	1.341561
18.970000	0.000000	1.334855
18.980000	0.000000	1.328425
18.990000	0.000000	1.322002
19.000000	0.000000	1.315582
19.010000	0.000000	1.309186
19.020000	0.000000	1.302841
19.030000	0.000000	1.296519
19.040000	0.000000	1.290196
19.050000	0.000000	1.283873
19.060000	0.000000	1.277551
19.070000	0.000000	1.270891
19.080000	0.000000	1.264479
19.090000	0.000000	1.258157
19.100000	0.000000	1.251835
19.110000	0.000000	1.245557
19.120000	0.000000	1.239349
19.130000	0.000000	1.233163
19.140000	0.000000	1.226990
19.150000	0.000000	1.220834
19.160000	0.000000	1.214685
19.170000	0.000000	1.208536
19.180000	0.000000	1.202387
19.190000	0.000000	1.196239
19.200000	0.000000	1.190090
19.210000	0.000000	1.183941
19.220000	0.000000	1.177792
19.230000	0.000000	1.171644
19.240000	0.000000	1.165079
19.250000	0.000000	1.158930
19.260000	0.000000	1.152782
19.270000	0.000000	1.146633
19.280000	0.000000	1.140484
19.290000	0.000000	1.134336
19.300000	0.000000	1.128188
19.310000	0.000000	1.122040
19.320000	0.000000	1.115893
19.330000	0.000000	1.109745
19.340000	0.000000	1.103597
19.350000	0.000000	1.097450
19.360000	0.000000	1.091302
19.370000	0.000000	1.085155
19.380000	0.000000	1.079007
19.390000	0.000000	1.072859
19.400000	0.000000	1.066624
19.410000	0.000000	1.060148
19.420000	0.000000	1.054001
19.430000	0.000000	1.047858
19.440000	0.000000	1.041715
19.450000	0.000000	1.035574
19.460000	0.000000	1.029434
19.470000	0.000000	1.023295
19.480000	0.000000	1.017168
19.490000	0.000000	1.011051
19.500000	0.000000	1.004938
19.510000	0.000000	0.998825
19.520000	0.000000	0.992713
19.530000	0.000000	0.986610
19.540000	0.000000	0.980531
19.550000	0.000000	0.974461
19.560000	0.000000	0.968393
19.570000	0.000000	0.962165
19.580000	0.000000	0.955911
19.590000	0.000000	0.950186
19.600000	0.000000	0.944690
19.610000	0.000000	0.939218
19.620000	0.000000	0.933747
19.630000	0.000000	0.928276
19.640000	0.000000	0.922806
19.650000	0.000000	0.917336
19.660000	0.000000	0.911871
19.670000	0.000000	0.906410
19.680000	0.000000	0.900960
19.690000	0.000000	0.895748
19.700000	0.000000	0.891155
19.710000	0.000000	0.886862
19.720000	0.000000	0.882582
19.730000	0.000000	0.878347
19.740000	0.000000	0.873938
19.750000	0.000000	0.869604
19.760000	0.000000	0.865376
19.770000	0.000000	0.861147
19.780000	0.000000	0.856919
19.790000	0.000000	0.852690
19.800000	0.000000	0.848462
19.810000	0.000000	0.844238
19.820000	0.000000	0.840055
19.830000	0.000000	0.835909
19.840000	0.000000	0.831771
19.850000	0.000000	0.827634
19.860000	0.000000	0.823503
19.870000	0.000000	0.819386
19.880000	0.000000	0.815274
19.890000	0.000000	0.811161
19.900000	0.000000	0.807049
19.910000	0.000000	0.802702
19.920000	0.000000	0.798546
19.930000	0.000000	0.794434
19.940000	0.000000	0.790321
19.950000	0.000000	0.786209
19.960000	0.000000	0.782097
19.970000	0.000000	0.777984
19.980000	0.000000	0.773872
19.990000	0.000000	0.769761
20.000000	0.000000	0.765649
20.010000	0.000000	0.761538
20.020000	0.000000	0.757426
20.030000	0.000000	0.753314
20.040000	0.000000	0.749203
20.050000	0.000000	0.745091
20.060000	0.000000	0.740980
20.070000	0.000000	0.736853
20.080000	0.000000	0.732478
20.090000	0.000000	0.728367
20.100000	0.000000	0.724255
20.110000	0.000000	0.720144
20.120000	0.000000	0.716035
20.130000	0.000000	0.711927
20.140000	0.000000	0.707819
20.150000	0.000000	0.703712
20.160000	0.000000	0.699611
20.170000	0.000000	0.695518
20.180000	0.000000	0.691426
20.190000	0.000000	0.687335
20.200000	0.000000	0.683248
20.210000	0.000000	0.679173
20.220000	0.000000	0.675113
20.230000	0.000000	0.671053
20.240000	0.000000	0.666920
20.250000	0.000000	0.662658
20.260000	0.000000	0.658599
20.270000	0.000000	0.654540
20.280000	0.000000	0.650497
20.290000	0.000000	0.646657
20.300000	0.000000	0.642929
20.310000	0.000000	0.639234
20.320000	0.000000	0.635560
20.330000	0.000000	0.631897
20.340000	0.000000	0.628236
20.350000	0.000000	0.624579
20.360000	0.000000	0.620926
20.370000	0.000000	0.617274
20.380000	0.000000	0.613623
20.390000	0.000000	0.609972
20.400000	0.000000	0.606321
20.410000	0.000000	0.602555
20.420000	0.000000	0.598779
20.430000	0.000000	0.595417
20.440000	0.000000	0.592523
20.450000	0.000000	0.589691
20.460000	0.000000	0.586861
20.470000	0.000000	0.584031
20.480000	0.000000	0.581202
20.490000	0.000000	0.578372
20.500000	0.000000	0.575542
20.510000	0.000000	0.572713
20.520000	0.000000	0.569887
20.530000	0.000000	0.567081
20.540000	0.000000	0.564308
20.550000	0.000000	0.561539
20.560000	0.000000	0.558771
20.570000	0.000000	0.556002
20.580000	0.000000	0.553106
20.590000	0.000000	0.550289
20.600000	0.000000	0.547537
20.610000	0.000000	0.544785
20.620000	0.000000	0.542033
20.630000	0.000000	0.539281
20.640000	0.000000	0.536529
20.650000	0.000000	0.533777
20.660000	0.000000	0.531025
20.670000	0.000000	0.528273
20.680000	0.000000	0.525522
20.690000	0.000000	0.522770
20.700000	0.000000	0.520019
20.710000	0.000000	0.517267
20.720000	0.000000	0.514516
20.730000	0.000000	0.511764
20.740000	0.000000	0.509012
20.750000	0.000000	0.506094
20.760000	0.000000	0.503323
20.770000	0.000000	0.500572
20.780000	0.000000	0.497820
20.790000	0.000000	0.495069
20.800000	0.000000	0.492318
20.810000	0.000000	0.489568
20.820000	0.000000	0.486818
20.830000	0.000000	0.484070
20.840000	0.000000	0.481325
20.850000	0.000000	0.478585
20.860000	0.000000	0.475846
20.870000	0.000000	0.473108
20.880000	0.000000	0.470372
20.890000	0.000000	0.467647
20.900000	0.000000	0.464928
20.910000	0.000000	0.462189
20.920000	0.000000	0.459305
20.930000	0.000000	0.456587
20.940000	0.000000	0.453869
20.950000	0.000000	0.451152
20.960000	0.000000	0.448436
20.970000	0.000000	0.445719
20.980000	0.000000	0.443025
20.990000	0.000000	0.440448
21.000000	0.000000	0.437957
21.010000	0.000000	0.435478
21.020000	0.000000	0.433000
21.030000	0.000000	0.430521
21.040000	0.000000	0.428046
21.050000	0.000000	0.425577
21.060000	0.000000	0.423116
21.070000	0.000000	0.420669
21.080000	0.000000	0.418173
21.090000	0.000000	0.415616
21.100000	0.000000	0.413173
21.110000	0.000000	0.410729
21.120000	0.000000	0.408286
21.130000	0.000000	0.405847
21.140000	0.000000	0.403413
21.150000	0.000000	0.400987
21.160000	0.000000	0.398610
21.170000	0.000000	0.396464
21.180000	0.000000	0.394537
21.190000	0.000000	0.392644
21.200000	0.000000	0.390751
21.210000	0.000000	0.388859
21.220000	0.000000	0.386966
21.230000	0.000000	0.385074
21.240000	0.000000	0.383186
21.250000	0.000000	0.381262
21.260000	0.000000	0.379351
21.270000	0.000000	0.377499
21.280000	0.000000	0.375647
21.290000	0.000000	0.373795
21.300000	0.000000	0.371943
21.310000	0.000000	0.370093
21.320000	0.000000	0.368250
21.330000	0.000000	0.366409
21.340000	0.000000	0.364568
21.350000	0.000000	0.362727
21.360000	0.000000	0.360886
21.370000	0.000000	0.359046
21.380000	0.000000	0.357205
21.390000	0.000000	0.355364
21.400000	0.000000	0.353524
21.410000	0.000000	0.351683
21.420000	0.000000	0.349751
21.430000	0.000000	0.347878
21.440000	0.000000	0.346037
21.450000	0.000000	0.344197
21.460000	0.000000	0.342356
21.470000	0.000000	0.340515
21.480000	0.000000	0.338675
21.490000	0.000000	0.336834
21.500000	0.000000	0.334994
21.510000	0.000000	0.333155
21.520000	0.000000	0.331318
21.530000	0.000000	0.329484
21.540000	0.000000	0.327652
21.550000	0.000000	0.325820
21.560000	0.000000	0.323990
21.570000	0.000000	0.322167
21.580000	0.000000	0.320348
21.590000	0.000000	0.318412
21.600000	0.000000	0.316586
21.610000	0.000000	0.314767
21.620000	0.000000	0.312948
21.630000	0.000000	0.311129
21.640000	0.000000	0.309310
21.650000	0.000000	0.307491
21.660000	0.000000	0.305673
21.670000	0.000000	0.303855
21.680000	0.000000	0.302048
21.690000	0.000000	0.300301
21.700000	0.000000	0.298631
21.710000	0.000000	0.296973
21.720000	0.000000	0.295315
21.730000	0.000000	0.293657
21.740000	0.000000	0.292002
21.750000	0.000000	0.290329
21.760000	0.000000	0.288581
21.770000	0.000000	0.286926
21.780000	0.000000	0.285274
21.790000	0.000000	0.283623
21.800000	0.000000	0.281972
21.810000	0.000000	0.280329
21.820000	0.000000	0.278692
21.830000	0.000000	0.277057
21.840000	0.000000	0.275425
21.850000	0.000000	0.273795
21.860000	0.000000	0.272167
21.870000	0.000000	0.270543
21.880000	0.000000	0.268927
21.890000	0.000000	0.267314
21.900000	0.000000	0.265716
21.910000	0.000000	0.264257
21.920000	0.000000	0.262957
21.930000	0.000000	0.261636
21.940000	0.000000	0.260369
21.950000	0.000000	0.259102
21.960000	0.000000	0.257848
21.970000	0.000000	0.256606
21.980000	0.000000	0.255366
21.990000	0.000000	0.254126
22.000000	0.000000	0.252887
22.010000	0.000000	0.251647
22.020000	0.000000	0.250407
22.030000	0.000000	0.249168
22.040000	0.000000	0.247930
22.050000	0.000000	0.246696
22.060000	0.000000	0.245464
22.070000	0.000000	0.244232
22.080000	0.000000	0.243000
22.090000	0.000000	0.241720
22.100000	0.000000	0.240452
22.110000	0.000000	0.239220
22.120000	0.000000	0.237988
22.130000	0.000000	0.236756
22.140000	0.000000	0.235524
22.150000	0.000000	0.234292
22.160000	0.000000	0.233060
22.170000	0.000000	0.231828
22.180000	0.000000	0.230596
22.190000	0.000000	0.229364
22.200000	0.000000	0.228134
22.210000	0.000000	0.226905
22.220000	0.000000	0.225678
22.230000	0.000000	0.224451
22.240000	0.000000	0.223225
22.250000	0.000000	0.222004
22.260000	0.000000	0.220721
22.270000	0.000000	0.219486
22.280000	0.000000	0.218268
22.290000	0.000000	0.217050
22.300000	0.000000	0.215832
22.310000	0.000000	0.214615
22.320000	0.000000	0.213397
22.330000	0.000000	0.212179
22.340000	0.000000	0.210962
22.350000	0.000000	0.209744
22.360000	0.000000	0.208526
22.370000	0.000000	0.207309
22.380000	0.000000	0.206093
22.390000	0.000000	0.204897
22.400000	0.000000	0.203765
22.410000	0.000000	0.202655
22.420000	0.000000	0.201544
22.430000	0.000000	0.200361
22.440000	0.000000	0.199253
22.450000	0.000000	0.198146
22.460000	0.000000	0.197038
22.470000	0.000000	0.195931
22.480000	0.000000	0.194823
22.490000	0.000000	0.193716
22.500000	0.000000	0.192608
22.510000	0.000000	0.191502
22.520000	0.000000	0.190396
22.530000	0.000000	0.189291
22.540000	0.000000	0.188186
22.550000	0.000000	0.187082
22.560000	0.000000	0.185984
22.570000	0.000000	0.184893
22.580000	0.000000	0.183802
22.590000	0.000000	0.182698
22.600000	0.000000	0.181558
22.610000	0.000000	0.180478
22.620000	0.000000	0.179398
22.630000	0.000000	0.178318
22.640000	0.000000	0.177241
22.650000	0.000000	0.176269
22.660000	0.000000	0.175393
22.670000	0.000000	0.174546
22.680000	0.000000	0.173707
22.690000	0.000000	0.172875
22.700000	0.000000	0.172046
22.710000	0.000000	0.171216
22.720000	0.000000	0.170387
22.730000	0.000000	0.169558
22.740000	0.000000	0.168728
22.750000	0.000000	0.167899
22.760000	0.000000	0.167046
22.770000	0.000000	0.166185
22.780000	0.000000	0.165359
22.790000	0.000000	0.164535
22.800000	0.000000	0.163711
22.810000	0.000000	0.162886
22.820000	0.000000	0.162062
22.830000	0.000000	0.161238
22.840000	0.000000	0.160414
22.850000	0.000000	0.159589
22.860000	0.000000	0.158765
22.870000	0.000000	0.157941
22.880000	0.000000	0.157116
22.890000	0.000000	0.156293
22.900000	0.000000	0.155471
22.910000	0.000000	0.154650
22.920000	0.000000	0.153829
22.930000	0.000000	0.152975
22.940000	0.000000	0.152140
22.950000	0.000000	0.151325
22.960000	0.000000	0.150510
22.970000	0.000000	0.149695
22.980000	0.000000	0.148880
22.990000	0.000000	0.148065
23.000000	0.000000	0.147251
23.010000	0.000000	0.146436
23.020000	0.000000	0.145621
23.030000	0.000000	0.144806
23.040000	0.000000	0.143992
23.050000	0.000000	0.143177
23.060000	0.000000	0.142362
23.070000	0.000000	0.141548
23.080000	0.000000	0.140733
23.090000	0.000000	0.139919
23.100000	0.000000	0.139095
23.110000	0.000000	0.138344
23.120000	0.000000	0.137601
23.130000	0.000000	0.136859
23.140000	0.000000	0.136118
23.150000	0.000000	0.135377
23.160000	0.000000	0.134635
23.170000	0.000000	0.133894
23.180000	0.000000	0.133153
23.190000	0.000000	0.132412
23.200000	0.000000	0.131671
23.210000	0.000000	0.130930
23.220000	0.000000	0.130189
23.230000	0.000000	0.129448
23.240000	0.000000	0.128707
23.250000	0.000000	0.127967
23.260000	0.000000	0.127225
23.270000	0.000000	0.126440
23.280000	0.000000	0.125703
23.290000	0.000000	0.124966
23.300000	0.000000	0.124229
23.310000	0.000000	0.123495
23.320000	0.000000	0.122768
23.330000	0.000000	0.122044
23.340000	0.000000	0.121322
23.350000	0.000000	0.120599
23.360000	0.000000	0.119876
23.370000	0.000000	0.119154
23.380000	0.000000	0.118432
23.390000	0.000000	0.117739
23.400000	0.000000	0.117133
23.410000	0.000000	0.116577
23.420000	0.000000	0.116021
23.430000	0.000000	0.115456
23.440000	0.000000	0.114874
23.450000	0.000000	0.114319
23.460000	0.000000	0.113764
23.470000	0.000000	0.113209
23.480000	0.000000	0.112654
23.490000	0.000000	0.112099
23.500000	0.000000	0.111544
23.510000	0.000000	0.110991
23.520000	0.000000	0.110438
23.530000	0.000000	0.109887
23.540000	0.000000	0.109335
23.550000	0.000000	0.108783
23.560000	0.000000	0.108232
23.570000	0.000000	0.107680
23.580000	0.000000	0.107129
23.590000	0.000000	0.106578
23.600000	0.000000	0.106011
23.610000	0.000000	0.105443
23.620000	0.000000	0.104895
23.630000	0.000000	0.104350
23.640000	0.000000	0.103804
23.650000	0.000000	0.103259
23.660000	0.000000	0.102714
23.670000	0.000000	0.102168
23.680000	0.000000	0.101623
23.690000	0.000000	0.101078
23.700000	0.000000	0.100532
23.710000	0.000000	0.099987
23.720000	0.000000	0.099442
23.730000	0.000000	0.098897
23.740000	0.000000	0.098351
23.750000	0.000000	0.097806
23.760000	0.000000	0.097261
23.770000	0.000000	0.096691
23.780000	0.000000	0.096134
23.790000	0.000000	0.095589
23.800000	0.000000	0.095047
23.810000	0.000000	0.094535
23.820000	0.000000	0.094036
23.830000	0.000000	0.093539
23.840000	0.000000	0.093042
23.850000	0.000000	0.092546
23.860000	0.000000	0.092050
23.870000	0.000000	0.091553
23.880000	0.000000	0.091057
23.890000	0.000000	0.090561
23.900000	0.000000	0.090064
23.910000	0.000000	0.089568
23.920000	0.000000	0.089072
23.930000	0.000000	0.088576
23.940000	0.000000	0.088050
23.950000	0.000000	0.087550
23.960000	0.000000	0.087054
23.970000	0.000000	0.086558
23.980000	0.000000	0.086063
23.990000	0.000000	0.085569
24.000000	0.000000	0.085075
24.010000	0.000000	0.084582
24.020000	0.000000	0.084089
24.030000	0.000000	0.083595
24.040000	0.000000	0.083103
24.050000	0.000000	0.082611
24.060000	0.000000	0.082123
24.070000	0.000000	0.081637
24.080000	0.000000	0.081153
24.090000	0.000000	0.080670
24.100000	0.000000	0.080182
24.110000	0.000000	0.079669
24.120000	0.000000	0.079186
24.130000	0.000000	0.078708
24.140000	0.000000	0.078265
24.150000	0.000000	0.077878
24.160000	0.000000	0.077506
24.170000	0.000000	0.077135
24.180000	0.000000	0.076763
24.190000	0.000000	0.076391
24.200000	0.000000	0.076020
24.210000	0.000000	0.075648
24.220000	0.000000	0.075277
24.230000	0.000000	0.074905
24.240000	0.000000	0.074534
24.250000	0.000000	0.074163
24.260000	0.000000	0.073794
24.270000	0.000000	0.073417
24.280000	0.000000	0.073031
24.290000	0.000000	0.072663
24.300000	0.000000	0.072295
24.310000	0.000000	0.071929
24.320000	0.000000	0.071564
24.330000	0.000000	0.071198
24.340000	0.000000	0.070833
24.350000	0.000000	0.070468
24.360000	0.000000	0.070103
24.370000	0.000000	0.069738
24.380000	0.000000	0.069373
24.390000	0.000000	0.069008
24.400000	0.000000	0.068643
24.410000	0.000000	0.068277
24.420000	0.000000	0.067912
24.430000	0.000000	0.067547
24.440000	0.000000	0.067169
24.450000	0.000000	0.066792
24.460000	0.000000	0.066427
24.470000	0.000000	0.066062
24.480000	0.000000	0.065697
24.490000	0.000000	0.065332
24.500000	0.000000	0.064967
24.510000	0.000000	0.064609
24.520000	0.000000	0.064266
24.530000	0.000000	0.063933
24.540000	0.000000	0.063601
24.550000	0.000000	0.063269
24.560000	0.000000	0.062936
24.570000	0.000000	0.062604
24.580000	0.000000	0.062272
24.590000	0.000000	0.061940
24.600000	0.000000	0.061607
24.610000	0.000000	0.061259
24.620000	0.000000	0.060921
24.630000	0.000000	0.060588
24.640000	0.000000	0.060256
24.650000	0.000000	0.059924
24.660000	0.000000	0.059592
24.670000	0.000000	0.059260
24.680000	0.000000	0.058928
24.690000	0.000000	0.058596
24.700000	0.000000	0.058264
24.710000	0.000000	0.057933
24.720000	0.000000	0.057602
24.730000	0.000000	0.057272
24.740000	0.000000	0.056942
24.750000	0.000000	0.056612
24.760000	0.000000	0.056281
24.770000	0.000000	0.055951
24.780000	0.000000	0.055602
24.790000	0.000000	0.055273
24.800000	0.000000	0.054946
24.810000	0.000000	0.054619
24.820000	0.000000	0.054293
24.830000	0.000000	0.053968
24.840000	0.000000	0.053645
24.850000	0.000000	0.053322
24.860000	0.000000	0.053002
24.870000	0.000000	0.052684
24.880000	0.000000	0.052371
24.890000	0.000000	0.052084
24.900000	0.000000	0.051832
24.910000	0.000000	0.051583
24.920000	0.000000	0.051334
24.930000	0.000000	0.051086
24.940000	0.000000	0.050834
24.950000	0.000000	0.050571
24.960000	0.000000	0.050323
24.970000	0.000000	0.050074
24.980000	0.000000	0.049827
24.990000	0.000000	0.049580
25.000000	0.000000	0.049335
25.010000	0.000000	0.049090
25.020000	0.000000	0.048846
25.030000	0.000000	0.048601
25.040000	0.000000	0.048357
25.050000	0.000000	0.048112
25.060000	0.000000	0.047868
25.070000	0.000000	0.047624
25.080000	0.000000	0.047379
25.090000	0.000000	0.047135
25.100000	0.000000	0.046891
25.110000	0.000000	0.046640
25.120000	0.000000	0.046386
25.130000	0.000000	0.046141
25.140000	0.000000	0.045897
25.150000	0.000000	0.045653
25.160000	0.000000	0.045408
25.170000	0.000000	0.045164
25.180000	0.000000	0.044920
25.190000	0.000000	0.044675
25.200000	0.000000	0.044431
25.210000	0.000000	0.044187
25.220000	0.000000	0.043948
25.230000	0.000000	0.043719
25.240000	0.000000	0.043497
25.250000	0.000000	0.043274
25.260000	0.000000	0.043052
25.270000	0.000000	0.042830
25.280000	0.000000	0.042598
25.290000	0.000000	0.042370
25.300000	0.000000	0.042147
25.310000	0.000000	0.041925
25.320000	0.000000	0.041703
25.330000	0.000000	0.041480
25.340000	0.000000	0.041258
25.350000	0.000000	0.041036
25.360000	0.000000	0.040813
25.370000	0.000000	0.040591
25.380000	0.000000	0.040369
25.390000	0.000000	0.040146
25.400000	0.000000	0.039924
25.410000	0.000000	0.039702
25.420000	0.000000	0.039480
25.430000	0.000000	0.039258
25.440000	0.000000	0.039037
25.450000	0.000000	0.038804
25.460000	0.000000	0.038579
25.470000	0.000000	0.038358
25.480000	0.000000	0.038137
25.490000	0.000000	0.037916
25.500000	0.000000	0.037695
25.510000	0.000000	0.037475
25.520000	0.000000	0.037256
25.530000	0.000000	0.037037
25.540000	0.000000	0.036818
25.550000	0.000000	0.036599
25.560000	0.000000	0.036380
25.570000	0.000000	0.036162
25.580000	0.000000	0.035944
25.590000	0.000000	0.035730
25.600000	0.000000	0.035517
25.610000	0.000000	0.035304
25.620000	0.000000	0.035077
25.630000	0.000000	0.034864
25.640000	0.000000	0.034681
25.650000	0.000000	0.034512
25.660000	0.000000	0.034346
25.670000	0.000000	0.034179
25.680000	0.000000	0.034014
25.690000	0.000000	0.033848
25.700000	0.000000	0.033683
25.710000	0.000000	0.033518
25.720000	0.000000	0.033354
25.730000	0.000000	0.033190
25.740000	0.000000	0.033026
25.750000	0.000000	0.032863
25.760000	0.000000	0.032699
25.770000	0.000000	0.032536
25.780000	0.000000	0.032370
25.790000	0.000000	0.032197
25.800000	0.000000	0.032034
25.810000	0.000000	0.031870
25.820000	0.000000	0.031707
25.830000	0.000000	0.031543
25.840000	0.000000	0.031380
25.850000	0.000000	0.031216
25.860000	0.000000	0.031053
25.870000	0.000000	0.030889
25.880000	0.000000	0.030726
25.890000	0.000000	0.030562
25.900000	0.000000	0.030399
25.910000	0.000000	0.030235
25.920000	0.000000	0.030072
25.930000	0.000000	0.029910
25.940000	0.000000	0.029757
25.950000	0.000000	0.029603
25.960000	0.000000	0.029449
25.970000	0.000000	0.029300
25.980000	0.000000	0.029151
25.990000	0.000000	0.029002
26.000000	0.000000	0.028853
26.010000	0.000000	0.028704
26.020000	0.000000	0.028556
26.030000	0.000000	0.028407
26.040000	0.000000	0.028258
26.050000	0.000000	0.028109
26.060000	0.000000	0.027960
26.070000	0.000000	0.027811
26.080000	0.000000	0.027662
26.090000	0.000000	0.027514
26.100000	0.000000	0.027365
26.110000	0.000000	0.027216
26.120000	0.000000	0.027061
26.130000	0.000000	0.026908
26.140000	0.000000	0.026760
26.150000	0.000000	0.026612
26.160000	0.000000	0.026463
26.170000	0.000000	0.026315
26.180000	0.000000	0.026167
26.190000	0.000000	0.026018
26.200000	0.000000	0.025870
26.210000	0.000000	0.025722
26.220000	0.000000	0.025574
26.230000	0.000000	0.025426
26.240000	0.000000	0.025279
26.250000	0.000000	0.025132
26.260000	0.000000	0.024985
26.270000	0.000000	0.024839
26.280000	0.000000	0.024692
26.290000	0.000000	0.024537
26.300000	0.000000	0.024389
26.310000	0.000000	0.024243
26.320000	0.000000	0.024098
26.330000	0.000000	0.023954
26.340000	0.000000	0.023811
26.350000	0.000000	0.023668
26.360000	0.000000	0.023525
26.370000	0.000000	0.023383
26.380000	0.000000	0.023244
26.390000	0.000000	0.023118
26.400000	0.000000	0.023006
26.410000	0.000000	0.022896
26.420000	0.000000	0.022786
26.430000	0.000000	0.022675
26.440000	0.000000	0.022565
26.450000	0.000000	0.022455
26.460000	0.000000	0.022338
26.470000	0.000000	0.022228
26.480000	0.000000	0.022118
26.490000	0.000000	0.022009
26.500000	0.000000	0.021899
26.510000	0.000000	0.021790
26.520000	0.000000	0.021680
26.530000	0.000000	0.021571
26.540000	0.000000	0.021461
26.550000	0.000000	0.021352
26.560000	0.000000	0.021243
26.570000	0.000000	0.021133
26.580000	0.000000	0.021024
26.590000	0.000000	0.020914
26.600000	0.000000	0.020805
26.610000	0.000000	0.020695
26.620000	0.000000	0.020584
26.630000	0.000000	0.020469
26.640000	0.000000	0.020360
26.650000	0.000000	0.020257
26.660000	0.000000	0.020157
26.670000	0.000000	0.020058
26.680000	0.000000	0.019958
26.690000	0.000000	0.019858
26.700000	0.000000	0.019759
26.710000	0.000000	0.019659
26.720000	0.000000	0.019559
26.730000	0.000000	0.019460
26.740000	0.000000	0.019360
26.750000	0.000000	0.019261
26.760000	0.000000	0.019161
26.770000	0.000000	0.019061
26.780000	0.000000	0.018962
26.790000	0.000000	0.018859
26.800000	0.000000	0.018756
26.810000	0.000000	0.018656
26.820000	0.000000	0.018556
26.830000	0.000000	0.018457
26.840000	0.000000	0.018357
26.850000	0.000000	0.018258
26.860000	0.000000	0.018158
26.870000	0.000000	0.018059
26.880000	0.000000	0.017960
26.890000	0.000000	0.017860
26.900000	0.000000	0.017761
26.910000	0.000000	0.017662
26.920000	0.000000	0.017563
26.930000	0.000000	0.017463
26.940000	0.000000	0.017364
26.950000	0.000000	0.017265
26.960000	0.000000	0.017161
26.970000	0.000000	0.017060
26.980000	0.000000	0.016962
26.990000	0.000000	0.016863
27.000000	0.000000	0.016765
27.010000	0.000000	0.016667
27.020000	0.000000	0.016569
27.030000	0.000000	0.016471
27.040000	0.000000	0.016373
27.050000	0.000000	0.016276
27.060000	0.000000	0.016179
27.070000	0.000000	0.016083
27.080000	0.000000	0.015987
27.090000	0.000000	0.015891
27.100000	0.000000	0.015796
27.110000	0.000000	0.015701
27.120000	0.000000	0.015606
27.130000	0.000000	0.015506
27.140000	0.000000	0.015420
27.150000	0.000000	0.015346
27.160000	0.000000	0.015272
27.170000	0.000000	0.015198
27.180000	0.000000	0.015125
27.190000	0.000000	0.015051
27.200000	0.000000	0.014977
27.210000	0.000000	0.014904
27.220000	0.000000	0.014831
27.230000	0.000000	0.014757
27.240000	0.000000	0.014684
27.250000	0.000000	0.014611
27.260000	0.000000	0.014538
27.270000	0.000000	0.014465
27.280000	0.000000	0.014392
27.290000	0.000000	0.014318
27.300000	0.000000	0.014240
27.310000	0.000000	0.014167
27.320000	0.000000	0.014094
27.330000	0.000000	0.014021
27.340000	0.000000	0.013948
27.350000	0.000000	0.013875
27.360000	0.000000	0.013805
27.370000	0.000000	0.013738
27.380000	0.000000	0.013671
27.390000	0.000000	0.013605
27.400000	0.000000	0.013538
27.410000	0.000000	0.013472
27.420000	0.000000	0.013405
27.430000	0.000000	0.013339
27.440000	0.000000	0.013272
27.450000	0.000000	0.013205
27.460000	0.000000	0.013137
27.470000	0.000000	0.013068
27.480000	0.000000	0.013001
27.490000	0.000000	0.012935
27.500000	0.000000	0.012868
27.510000	0.000000	0.012801
27.520000	0.000000	0.012735
27.530000	0.000000	0.012668
27.540000	0.000000	0.012602
27.550000	0.000000	0.012535
27.560000	0.000000	0.012469
27.570000	0.000000	0.012402
27.580000	0.000000	0.012336
27.590000	0.000000	0.012269
27.600000	0.000000	0.012203
27.610000	0.000000	0.012137
27.620000	0.000000	0.012070
27.630000	0.000000	0.012002
27.640000	0.000000	0.011933
27.650000	0.000000	0.011867
27.660000	0.000000	0.011800
27.670000	0.000000	0.011734
27.680000	0.000000	0.011668
27.690000	0.000000	0.011602
27.700000	0.000000	0.011535
27.710000	0.000000	0.011469
27.720000	0.000000	0.011403
27.730000	0.000000	0.011338
27.740000	0.000000	0.011272
27.750000	0.000000	0.011207
27.760000	0.000000	0.011141
27.770000	0.000000	0.011076
27.780000	0.000000	0.011011
27.790000	0.000000	0.010946
27.800000	0.000000	0.010879
27.810000	0.000000	0.010814
27.820000	0.000000	0.010750
27.830000	0.000000	0.010686
27.840000	0.000000	0.010622
27.850000	0.000000	0.010559
27.860000	0.000000	0.010495
27.870000	0.000000	0.010431
27.880000	0.000000	0.010368
27.890000	0.000000	0.010308
27.900000	0.000000	0.010254
27.910000	0.000000	0.010204
27.920000	0.000000	0.010155
27.930000	0.000000	0.010106
27.940000	0.000000	0.010057
27.950000	0.000000	0.010007
27.960000	0.000000	0.009958
27.970000	0.000000	0.009906
27.980000	0.000000	0.009857
27.990000	0.000000	0.009808
28.000000	0.000000	0.009759
28.010000	0.000000	0.009710
28.020000	0.000000	0.009661
28.030000	0.000000	0.009612
28.040000	0.000000	0.009563
28.050000	0.000000	0.009514
28.060000	0.000000	0.009465
28.070000	0.000000	0.009417
28.080000	0.000000	0.009371
28.090000	0.000000	0.009326
28.100000	0.000000	0.009282
28.110000	0.000000	0.009237
28.120000	0.000000	0.009192
28.130000	0.000000	0.009147
28.140000	0.000000	0.009100
28.150000	0.000000	0.009056
28.160000	0.000000	0.009011
28.170000	0.000000	0.008967
28.180000	0.000000	0.008922
28.190000	0.000000	0.008877
28.200000	0.000000	0.008833
28.210000	0.000000	0.008788
28.220000	0.000000	0.008744
28.230000	0.000000	0.008699
28.240000	0.000000	0.008655
28.250000	0.000000	0.008610
28.260000	0.000000	0.008566
28.270000	0.000000	0.008521
28.280000	0.000000	0.008476
28.290000	0.000000	0.008432
28.300000	0.000000	0.008386
28.310000	0.000000	0.008340
28.320000	0.000000	0.008295
28.330000	0.000000	0.008251
28.340000	0.000000	0.008207
28.350000	0.000000	0.008162
28.360000	0.000000	0.008118
28.370000	0.000000	0.008074
28.380000	0.000000	0.008029
28.390000	0.000000	0.007985
28.400000	0.000000	0.007940
28.410000	0.000000	0.007896
28.420000	0.000000	0.007852
28.430000	0.000000	0.007807
28.440000	0.000000	0.007763
28.450000	0.000000	0.007719
28.460000	0.000000	0.007674
28.470000	0.000000	0.007629
28.480000	0.000000	0.007584
28.490000	0.000000	0.007540
28.500000	0.000000	0.007497
28.510000	0.000000	0.007453
28.520000	0.000000	0.007410
28.530000	0.000000	0.007367
28.540000	0.000000	0.007324
28.550000	0.000000	0.007282
28.560000	0.000000	0.007239
28.570000	0.000000	0.007196
28.580000	0.000000	0.007153
28.590000	0.000000	0.007111
28.600000	0.000000	0.007068
28.610000	0.000000	0.007025
28.620000	0.000000	0.006982
28.630000	0.000000	0.006940
28.640000	0.000000	0.006895
28.650000	0.000000	0.006855
28.660000	0.000000	0.006821
28.670000	0.000000	0.006788
28.680000	0.000000	0.006755
28.690000	0.000000	0.006722
28.700000	0.000000	0.006689
28.710000	0.000000	0.006656
28.720000	0.000000	0.006623
28.730000	0.000000	0.006591
28.740000	0.000000	0.006558
28.750000	0.000000	0.006525
28.760000	0.000000	0.006492
28.770000	0.000000	0.006460
28.780000	0.000000	0.006427
28.790000	0.000000	0.006395
28.800000	0.000000	0.006364
28.810000	0.000000	0.006332
28.820000	0.000000	0.006302
28.830000	0.000000	0.006273
28.840000	0.000000	0.006243
28.850000	0.000000	0.006213
28.860000	0.000000	0.006183
28.870000	0.000000	0.006153
28.880000	0.000000	0.006123
28.890000	0.000000	0.006094
28.900000	0.000000	0.006064
28.910000	0.000000	0.006034
28.920000	0.000000	0.006004
28.930000	0.000000	0.005974
28.940000	0.000000	0.005944
28.950000	0.000000	0.005915
28.960000	0.000000	0.005885
28.970000	0.000000	0.005854
28.980000	0.000000	0.005823
28.990000	0.000000	0.005793
29.000000	0.000000	0.005763
29.010000	0.000000	0.005734
29.020000	0.000000	0.005704
29.030000	0.000000	0.005674
29.040000	0.000000	0.005644
29.050000	0.000000	0.005614
29.060000	0.000000	0.005585
29.070000	0.000000	0.005555
29.080000	0.000000	0.005525
29.090000	0.000000	0.005496
29.100000	0.000000	0.005466
29.110000	0.000000	0.005436
29.120000	0.000000	0.005407
29.130000	0.000000	0.005377
29.140000	0.000000	0.005346
29.150000	0.000000	0.005315
29.160000	0.000000	0.005286
29.170000	0.000000	0.005256
29.180000	0.000000	0.005227
29.190000	0.000000	0.005197
29.200000	0.000000	0.005168
29.210000	0.000000	0.005139
29.220000	0.000000	0.005109
29.230000	0.000000	0.005080
29.240000	0.000000	0.005051
29.250000	0.000000	0.005022
29.260000	0.000000	0.004993
29.270000	0.000000	0.004964
29.280000	0.000000	0.004936
29.290000	0.000000	0.004907
29.300000	0.000000	0.004878
29.310000	0.000000	0.004849
29.320000	0.000000	0.004819
29.330000	0.000000	0.004791
29.340000	0.000000	0.004762
29.350000	0.000000	0.004733
29.360000	0.000000	0.004705
29.370000	0.000000	0.004676
29.380000	0.000000	0.004648
29.390000	0.000000	0.004619
29.400000	0.000000	0.004591
29.410000	0.000000	0.004565
29.420000	0.000000	0.004542
29.430000	0.000000	0.004520
29.440000	0.000000	0.004498
29.450000	0.000000	0.004476
29.460000	0.000000	0.004454
29.470000	0.000000	0.004432
29.480000	0.000000	0.004409
29.490000	0.000000	0.004387
29.500000	0.000000	0.004365
29.510000	0.000000	0.004343
29.520000	0.000000	0.004323
29.530000	0.000000	0.004303
29.540000	0.000000	0.004283
29.550000	0.000000	0.004263
29.560000	0.000000	0.004243
29.570000	0.000000	0.004223
29.580000	0.000000	0.004203
29.590000	0.000000	0.004183
29.600000	0.000000	0.004163
29.610000	0.000000	0.004143
29.620000	0.000000	0.004123
29.630000	0.000000	0.004103
29.640000	0.000000	0.004083
29.650000	0.000000	0.004062
29.660000	0.000000	0.004042
29.670000	0.000000	0.004022
29.680000	0.000000	0.004002
29.690000	0.000000	0.003982
29.700000	0.000000	0.003962
29.710000	0.000000	0.003942
29.720000	0.000000	0.003922
29.730000	0.000000	0.003902
29.740000	0.000000	0.003882
29.750000	0.000000	0.003862
29.760000	0.000000	0.003842
29.770000	0.000000	0.003822
29.780000	0.000000	0.003802
29.790000	0.000000	0.003782
29.800000	0.000000	0.003762
29.810000	0.000000	0.003742
29.820000	0.000000	0.003721
29.830000	0.000000	0.003701
29.840000	0.000000	0.003682
29.850000	0.000000	0.003662
29.860000	0.000000	0.003642
29.870000	0.000000	0.003622
29.880000	0.000000	0.003602
29.890000	0.000000	0.003582
29.900000	0.000000	0.003563
29.910000	0.000000	0.003543
29.920000	0.000000	0.003523
29.930000	0.000000	0.003503
29.940000	0.000000	0.003484
29.950000	0.000000	0.003464
29.960000	0.000000	0.003445
29.970000	0.000000	0.003425
29.980000	0.000000	0.003405
29.990000	0.000000	0.003385
30.000000	0.000000	0.003365
30.010000	0.000000	0.003346
30.020000	0.000000	0.003327
30.030000	0.000000	0.003308
30.040000	0.000000	0.003289
30.050000	0.000000	0.003269
30.060000	0.000000	0.003250
30.070000	0.000000	0.003231
30.080000	0.000000	0.003212
30.090000	0.000000	0.003193
