0.100000	0.000000	1571349.667280
0.110000	0.000000	2014511.754805
0.120000	0.000000	899291.382098
0.130000	0.000000	1310667.858705
0.140000	0.000000	530967.975543
0.150000	0.000000	206911.293375
0.160000	0.000000	176789.823911
0.170000	0.000000	158255.100253
0.180000	0.000000	183363.607457
0.190000	0.000000	182146.791763
0.200000	0.000000	152515.968792
0.210000	0.000000	159441.148379
0.220000	0.000000	139517.483554
0.230000	0.000000	162504.199291
0.240000	0.000000	182010.381968
0.250000	0.000000	135270.250831
0.260000	0.000000	194377.378331
0.270000	0.000000	91816.477208
0.280000	0.000000	146050.696515
0.290000	0.000000	95235.468737
0.300000	0.000000	100980.745898
0.310000	0.000000	76214.603957
0.320000	0.000000	70148.748380
0.330000	0.000000	79627.755427
0.340000	0.000000	71085.932386
0.350000	0.000000	59568.120932
0.360000	0.000000	84273.977984
0.370000	0.000000	94735.850346
0.380000	0.000000	52892.658458
0.390000	0.000000	57910.703088
0.400000	0.000000	47243.382308
0.410000	0.000000	43418.227009
0.420000	0.000000	46685.752629
0.430000	0.000000	45969.596521
0.440000	0.000000	37154.806268
0.450000	0.000000	39107.531753
0.460000	0.000000	33795.402108
0.470000	0.000000	33716.511254
0.480000	0.000000	30990.717112
0.490000	0.000000	53096.532421
0.500000	0.000000	42563.349587
0.510000	0.000000	26440.269685
0.520000	0.000000	28174.333539
0.530000	0.000000	28500.566977
0.540000	0.000000	24552.074884
0.550000	0.000000	25823.922989
0.560000	0.000000	34001.082558
0.570000	0.000000	37540.512020
0.580000	0.000000	25120.691653
0.590000	0.000000	24908.244431
0.600000	0.000000	19921.982450
0.610000	0.000000	21162.711650
0.620000	0.000000	25741.307215
0.630000	0.000000	21704.062704
0.640000	0.000000	19479.774505
0.650000	0.000000	239863.115817
0.660000	0.000000	139515.793902
0.670000	0.000000	27901.339567
0.680000	0.000000	21117.494960
0.690000	0.000000	66895.540106
0.700000	0.000000	85457.485603
0.710000	0.000000	235379.873241
0.720000	0.000000	502484.238105
0.730000	0.000000	78514.987161
0.740000	0.000000	260788.089996
0.750000	0.000000	41166.301772
0.760000	0.000000	170694.759059
0.770000	0.000000	378266.478588
0.780000	0.000000	142843.750671
0.790000	0.000000	130856.765478
0.800000	0.000000	207498.984409
0.810000	0.000000	158299.486217
0.820000	0.000000	426277.639137
0.830000	0.000000	260131.367907
0.840000	0.000000	148849.276972
0.850000	0.000000	209982.046034
0.860000	0.000000	311451.824288
0.870000	0.000000	302418.776372
0.880000	0.000000	110216.098883
0.890000	0.000000	132367.905429
0.900000	0.000000	172795.199009
0.910000	0.000000	246900.355311
0.920000	0.000000	144198.990212
0.930000	0.000000	58454.532185
0.940000	0.000000	60107.595204
0.950000	0.000000	84811.850927
0.960000	0.000000	110735.945897
0.970000	0.000000	48796.537079
0.980000	0.000000	35575.034675
0.990000	0.000000	56500.084853
1.000000	0.000000	82899.005038
1.010000	0.000000	140164.616397
1.020000	0.000000	98832.246359
1.030000	0.000000	16371.786717
1.040000	0.000000	19226.147084
1.050000	0.000000	20815.696270
1.060000	0.000000	21006.133314
1.070000	0.000000	48897.937856
1.080000	0.000000	41320.503582
1.090000	0.000000	43350.952497
1.100000	0.000000	33085.842222
1.110000	0.000000	27275.125540
1.120000	0.000000	22700.033310
1.130000	0.000000	12118.069148
1.140000	0.000000	31705.489949
1.150000	0.000000	21599.242742
1.160000	0.000000	30684.905578
1.170000	0.000000	32381.541578
1.180000	0.000000	22302.988659
1.190000	0.000000	14694.660890
1.200000	0.000000	15003.173199
1.210000	0.000000	16674.740444
1.220000	0.000000	11466.363192
1.230000	0.000000	8880.614371
1.240000	0.000000	9182.326865
1.250000	0.000000	11051.046906
1.260000	0.000000	6898.218747
1.270000	0.000000	17095.156033
1.280000	0.000000	5816.232924
1.290000	0.000000	5192.116903
1.300000	0.000000	6870.300940
1.310000	0.000000	7177.916423
1.320000	0.000000	5636.096576
1.330000	0.000000	5863.545342
1.340000	0.000000	6653.303003
1.350000	0.000000	5500.266725
1.360000	0.000000	4728.444484
1.370000	0.000000	4598.058527
1.380000	0.000000	3480.232082
1.390000	0.000000	3515.700568
1.400000	0.000000	3873.527518
1.410000	0.000000	3170.417978
1.420000	0.000000	3297.208032
1.430000	0.000000	3247.407100
1.440000	0.000000	3538.832060
1.450000	0.000000	2677.712724
1.460000	0.000000	2729.789453
1.470000	0.000000	2473.236390
1.480000	0.000000	2516.760482
1.490000	0.000000	2418.373348
1.500000	0.000000	2283.901904
1.510000	0.000000	2223.881679
1.520000	0.000000	2219.097274
1.530000	0.000000	2182.580189
1.540000	0.000000	2091.664656
1.550000	0.000000	2007.680416
1.560000	0.000000	1962.107540
1.570000	0.000000	1951.476595
1.580000	0.000000	1899.671970
1.590000	0.000000	1846.393629
1.600000	0.000000	1866.483225
1.610000	0.000000	1821.587421
1.620000	0.000000	1737.723151
1.630000	0.000000	1689.854041
1.640000	0.000000	1654.485931
1.650000	0.000000	1653.691450
1.660000	0.000000	1604.821182
1.670000	0.000000	1560.187496
1.680000	0.000000	1529.468447
1.690000	0.000000	1497.794177
1.700000	0.000000	1467.012256
1.710000	0.000000	1437.619405
1.720000	0.000000	1406.707989
1.730000	0.000000	1378.195326
1.740000	0.000000	1350.213697
1.750000	0.000000	1325.005671
1.760000	0.000000	1292.178707
1.770000	0.000000	1264.181756
1.780000	0.000000	1236.126910
1.790000	0.000000	1211.476257
1.800000	0.000000	1189.010056
1.810000	0.000000	1164.573633
1.820000	0.000000	1142.240733
1.830000	0.000000	1120.533777
1.840000	0.000000	1098.884979
1.850000	0.000000	1077.303303
1.860000	0.000000	1055.816766
1.870000	0.000000	1035.168045
1.880000	0.000000	1015.539754
1.890000	0.000000	996.120354
1.900000	0.000000	976.843339
1.910000	0.000000	957.550108
1.920000	0.000000	938.315290
1.930000	0.000000	919.263296
1.940000	0.000000	900.174577
1.950000	0.000000	880.650308
1.960000	0.000000	861.990502
1.970000	0.000000	843.367724
1.980000	0.000000	825.636166
1.990000	0.000000	809.796988
2.000000	0.000000	794.766741
2.010000	0.000000	779.959867
2.020000	0.000000	765.273700
2.030000	0.000000	750.808498
2.040000	0.000000	736.521714
2.050000	0.000000	722.466347
2.060000	0.000000	709.107554
2.070000	0.000000	696.383336
2.080000	0.000000	683.314492
2.090000	0.000000	670.472843
2.100000	0.000000	657.802933
2.110000	0.000000	645.531302
2.120000	0.000000	715.468180
2.130000	0.000000	662.893284
2.140000	0.000000	647.270731
2.150000	0.000000	697.084223
2.160000	0.000000	616.403866
2.170000	0.000000	569.943181
2.180000	0.000000	558.525508
2.190000	0.000000	547.737280
2.200000	0.000000	537.513464
2.210000	0.000000	527.502417
2.220000	0.000000	517.575967
2.230000	0.000000	507.752751
2.240000	0.000000	498.212197
2.250000	0.000000	489.262058
2.260000	0.000000	480.749283
2.270000	0.000000	473.414143
2.280000	0.000000	463.913992
2.290000	0.000000	456.031893
2.300000	0.000000	456.727032
2.310000	0.000000	439.552134
2.320000	0.000000	429.098962
2.330000	0.000000	420.840933
2.340000	0.000000	412.631884
2.350000	0.000000	404.495610
2.360000	0.000000	396.664408
2.370000	0.000000	389.079275
2.380000	0.000000	381.524372
2.390000	0.000000	374.010082
2.400000	0.000000	366.714755
2.410000	0.000000	359.844580
2.420000	0.000000	353.163516
2.430000	0.000000	346.545057
2.440000	0.000000	340.204449
2.450000	0.000000	333.827857
2.460000	0.000000	331.458919
2.470000	0.000000	322.912265
2.480000	0.000000	316.506235
2.490000	0.000000	310.745623
2.500000	0.000000	305.081747
2.510000	0.000000	307.811361
2.520000	0.000000	299.730599
2.530000	0.000000	288.283367
2.540000	0.000000	282.828829
2.550000	0.000000	277.530600
2.560000	0.000000	272.467280
2.570000	0.000000	267.831621
2.580000	0.000000	263.723587
2.590000	0.000000	257.706011
2.600000	0.000000	252.430527
2.610000	0.000000	247.339827
2.620000	0.000000	242.425234
2.630000	0.000000	238.624255
2.640000	0.000000	237.460740
2.650000	0.000000	230.391804
2.660000	0.000000	225.496605
2.670000	0.000000	221.508080
2.680000	0.000000	217.542975
2.690000	0.000000	213.876442
2.700000	0.000000	210.956126
2.710000	0.000000	207.175633
2.720000	0.000000	202.706303
2.730000	0.000000	199.917152
2.740000	0.000000	203.899885
2.750000	0.000000	220.241606
2.760000	0.000000	202.454934
2.770000	0.000000	207.660502
2.780000	0.000000	245.536698
2.790000	0.000000	179.892486
2.800000	0.000000	174.545097
2.810000	0.000000	171.171274
2.820000	0.000000	167.874788
2.830000	0.000000	164.682055
2.840000	0.000000	161.673369
2.850000	0.000000	158.770681
2.860000	0.000000	155.976413
2.870000	0.000000	153.393143
2.880000	0.000000	150.740540
2.890000	0.000000	147.911346
2.900000	0.000000	145.259323
2.910000	0.000000	142.643723
2.920000	0.000000	140.171187
2.930000	0.000000	137.731958
2.940000	0.000000	135.254017
2.950000	0.000000	132.922615
2.960000	0.000000	130.862406
2.970000	0.000000	128.104242
2.980000	0.000000	125.859462
2.990000	0.000000	123.612191
3.000000	0.000000	121.438648
3.010000	0.000000	119.152524
3.020000	0.000000	116.868433
3.030000	0.000000	115.834726
3.040000	0.000000	114.351999
3.050000	0.000000	111.291776
3.060000	0.000000	108.485975
3.070000	0.000000	107.649175
3.080000	0.000000	109.328461
3.090000	0.000000	147.525498
3.100000	0.000000	369.057426
3.110000	0.000000	157.103542
3.120000	0.000000	247.666340
3.130000	0.000000	487.693966
3.140000	0.000000	140.227136
3.150000	0.000000	92.182099
3.160000	0.000000	90.507806
3.170000	0.000000	89.047782
3.180000	0.000000	87.669051
3.190000	0.000000	86.121172
3.200000	0.000000	85.986253
3.210000	0.000000	84.777800
3.220000	0.000000	81.778489
3.230000	0.000000	80.111113
3.240000	0.000000	78.612983
3.250000	0.000000	77.201346
3.260000	0.000000	76.346540
3.270000	0.000000	77.879345
3.280000	0.000000	73.555460
3.290000	0.000000	71.926607
3.300000	0.000000	70.635861
3.310000	0.000000	69.973887
3.320000	0.000000	69.187556
3.330000	0.000000	67.120744
3.340000	0.000000	65.606589
3.350000	0.000000	65.092023
3.360000	0.000000	63.913433
3.370000	0.000000	62.331305
3.380000	0.000000	61.161570
3.390000	0.000000	60.155240
3.400000	0.000000	59.161113
3.410000	0.000000	58.214594
3.420000	0.000000	57.254136
3.430000	0.000000	56.789404
3.440000	0.000000	56.361141
3.450000	0.000000	54.448267
3.460000	0.000000	53.448150
3.470000	0.000000	59.029021
3.480000	0.000000	53.170319
3.490000	0.000000	52.958008
3.500000	0.000000	55.818122
3.510000	0.000000	51.402258
3.520000	0.000000	47.931315
3.530000	0.000000	46.922632
3.540000	0.000000	46.113371
3.550000	0.000000	45.413672
3.560000	0.000000	44.672388
3.570000	0.000000	43.934958
3.580000	0.000000	43.741150
3.590000	0.000000	43.251046
3.600000	0.000000	44.398752
3.610000	0.000000	61.076552
3.620000	0.000000	45.043013
3.630000	0.000000	39.665898
3.640000	0.000000	39.036963
3.650000	0.000000	38.141001
3.660000	0.000000	37.456005
3.670000	0.000000	37.668954
3.680000	0.000000	49.406617
3.690000	0.000000	43.504069
3.700000	0.000000	34.928317
3.710000	0.000000	34.280498
3.720000	0.000000	33.666662
3.730000	0.000000	33.110894
3.740000	0.000000	32.603932
3.750000	0.000000	32.057340
3.760000	0.000000	31.434021
3.770000	0.000000	31.493341
3.780000	0.000000	37.322582
3.790000	0.000000	33.761884
3.800000	0.000000	30.528809
3.810000	0.000000	29.714656
3.820000	0.000000	28.492519
3.830000	0.000000	28.183352
3.840000	0.000000	31.055104
3.850000	0.000000	56.928459
3.860000	0.000000	72.217107
3.870000	0.000000	58.532459
3.880000	0.000000	45.050499
3.890000	0.000000	59.032802
3.900000	0.000000	61.918982
3.910000	0.000000	24.266957
3.920000	0.000000	23.858068
3.930000	0.000000	23.495101
3.940000	0.000000	22.995927
3.950000	0.000000	22.611396
3.960000	0.000000	24.533018
3.970000	0.000000	21.940316
3.980000	0.000000	21.446532
3.990000	0.000000	21.078847
4.000000	0.000000	21.563358
4.010000	0.000000	20.723003
4.020000	0.000000	20.073652
4.030000	0.000000	20.106554
4.040000	0.000000	19.972851
4.050000	0.000000	19.568993
4.060000	0.000000	19.159519
4.070000	0.000000	18.687192
4.080000	0.000000	18.266900
4.090000	0.000000	17.802719
4.100000	0.000000	17.520934
4.110000	0.000000	17.252194
4.120000	0.000000	17.293933
4.130000	0.000000	16.704684
4.140000	0.000000	16.443139
4.150000	0.000000	16.141095
4.160000	0.000000	15.853301
4.170000	0.000000	15.572491
4.180000	0.000000	15.300770
4.190000	0.000000	15.044730
4.200000	0.000000	14.796136
4.210000	0.000000	14.549107
4.220000	0.000000	14.304072
4.230000	0.000000	14.137576
4.240000	0.000000	13.993612
4.250000	0.000000	13.660299
4.260000	0.000000	13.403233
4.270000	0.000000	13.199312
4.280000	0.000000	12.963121
4.290000	0.000000	12.739240
4.300000	0.000000	12.516774
4.310000	0.000000	12.306736
4.320000	0.000000	12.091295
4.330000	0.000000	12.025862
4.340000	0.000000	11.749931
4.350000	0.000000	11.498709
4.360000	0.000000	11.305955
4.370000	0.000000	11.109976
4.380000	0.000000	10.912912
4.390000	0.000000	10.724478
4.400000	0.000000	10.535378
4.410000	0.000000	10.350107
4.420000	0.000000	10.181967
4.430000	0.000000	10.036173
4.440000	0.000000	9.842788
4.450000	0.000000	9.684595
4.460000	0.000000	9.603929
4.470000	0.000000	9.439303
4.480000	0.000000	9.628906
4.490000	0.000000	9.172788
4.500000	0.000000	12.644475
4.510000	0.000000	10.811830
4.520000	0.000000	8.977522
4.530000	0.000000	8.567476
4.540000	0.000000	8.400948
4.550000	0.000000	8.203705
4.560000	0.000000	8.069174
4.570000	0.000000	8.696735
4.580000	0.000000	9.442433
4.590000	0.000000	7.665015
4.600000	0.000000	7.534061
4.610000	0.000000	7.408823
4.620000	0.000000	7.293632
4.630000	0.000000	7.148442
4.640000	0.000000	7.022026
4.650000	0.000000	6.921679
4.660000	0.000000	6.788912
4.670000	0.000000	6.675832
4.680000	0.000000	6.635331
4.690000	0.000000	6.592119
4.700000	0.000000	6.646469
4.710000	0.000000	7.055895
4.720000	0.000000	7.237932
4.730000	0.000000	6.835292
4.740000	0.000000	6.350961
4.750000	0.000000	6.036057
4.760000	0.000000	5.933802
4.770000	0.000000	5.672416
4.780000	0.000000	5.579690
4.790000	0.000000	5.489446
4.800000	0.000000	5.395103
4.810000	0.000000	5.353299
4.820000	0.000000	6.415206
4.830000	0.000000	5.528232
4.840000	0.000000	5.083667
4.850000	0.000000	5.049343
4.860000	0.000000	4.917237
4.870000	0.000000	4.776281
4.880000	0.000000	4.692291
4.890000	0.000000	4.614081
4.900000	0.000000	4.540945
4.910000	0.000000	4.471409
4.920000	0.000000	4.457182
4.930000	0.000000	4.514894
4.940000	0.000000	4.264478
4.950000	0.000000	4.195901
4.960000	0.000000	4.129106
4.970000	0.000000	4.059529
4.980000	0.000000	4.086644
4.990000	0.000000	3.942272
5.000000	0.000000	3.864100
5.010000	0.000000	3.801374
5.020000	0.000000	3.778614
5.030000	0.000000	3.700899
5.040000	0.000000	3.637780
5.050000	0.000000	3.584593
5.060000	0.000000	3.510643
5.070000	0.000000	3.447774
5.080000	0.000000	3.388796
5.090000	0.000000	3.319353
5.100000	0.000000	3.262815
5.110000	0.000000	3.203747
5.120000	0.000000	3.149130
5.130000	0.000000	3.103686
5.140000	0.000000	3.056695
5.150000	0.000000	3.013089
5.160000	0.000000	2.966728
5.170000	0.000000	2.917762
5.180000	0.000000	2.871145
5.190000	0.000000	2.825523
5.200000	0.000000	2.780474
5.210000	0.000000	2.735194
5.220000	0.000000	2.690660
5.230000	0.000000	2.647285
5.240000	0.000000	2.604484
5.250000	0.000000	2.562689
5.260000	0.000000	2.521359
5.270000	0.000000	2.480370
5.280000	0.000000	2.439402
5.290000	0.000000	2.398793
5.300000	0.000000	2.356815
5.310000	0.000000	2.315257
5.320000	0.000000	2.274760
5.330000	0.000000	2.234869
5.340000	0.000000	2.196069
5.350000	0.000000	2.157805
5.360000	0.000000	2.122302
5.370000	0.000000	2.088777
5.380000	0.000000	2.056365
5.390000	0.000000	2.024886
5.400000	0.000000	1.993937
5.410000	0.000000	1.963285
5.420000	0.000000	1.933184
5.430000	0.000000	1.903624
5.440000	0.000000	1.874262
5.450000	0.000000	1.846547
5.460000	0.000000	1.824602
5.470000	0.000000	1.790431
5.480000	0.000000	1.756486
5.490000	0.000000	1.762316
5.500000	0.000000	1.722670
5.510000	0.000000	1.679211
5.520000	0.000000	1.647416
5.530000	0.000000	1.635723
5.540000	0.000000	1.606559
5.550000	0.000000	1.566485
5.560000	0.000000	1.537990
5.570000	0.000000	1.524878
5.580000	0.000000	1.504050
5.590000	0.000000	1.456844
5.600000	0.000000	1.436909
5.610000	0.000000	1.428636
5.620000	0.000000	1.402674
5.630000	0.000000	1.406183
5.640000	0.000000	1.365020
5.650000	0.000000	1.333146
5.660000	0.000000	1.309014
5.670000	0.000000	1.295185
5.680000	0.000000	1.266952
5.690000	0.000000	1.242370
5.700000	0.000000	1.222480
5.710000	0.000000	1.203463
5.720000	0.000000	1.184543
5.730000	0.000000	1.165781
5.740000	0.000000	1.147110
5.750000	0.000000	1.130721
5.760000	0.000000	1.116312
5.770000	0.000000	1.095150
5.780000	0.000000	1.075387
5.790000	0.000000	1.056148
5.800000	0.000000	1.038634
5.810000	0.000000	1.018255
5.820000	0.000000	1.000400
5.830000	0.000000	0.983296
5.840000	0.000000	0.966935
5.850000	0.000000	0.951756
5.860000	0.000000	0.938133
5.870000	0.000000	0.923662
5.880000	0.000000	0.911251
5.890000	0.000000	0.896903
5.900000	0.000000	0.881503
5.910000	0.000000	0.868781
5.920000	0.000000	0.854909
5.930000	0.000000	0.840907
5.940000	0.000000	0.828685
5.950000	0.000000	0.818056
5.960000	0.000000	0.803512
5.970000	0.000000	0.789025
5.980000	0.000000	0.779047
5.990000	0.000000	0.766994
6.000000	0.000000	0.752258
6.010000	0.000000	0.739248
6.020000	0.000000	0.728805
6.030000	0.000000	0.717243
6.040000	0.000000	0.703222
6.050000	0.000000	0.690279
6.060000	0.000000	0.679912
6.070000	0.000000	0.668675
6.080000	0.000000	0.655795
6.090000	0.000000	0.644809
6.100000	0.000000	0.635317
6.110000	0.000000	0.626722
6.120000	0.000000	0.617053
6.130000	0.000000	0.607171
6.140000	0.000000	0.596718
6.150000	0.000000	0.587023
6.160000	0.000000	0.577392
6.170000	0.000000	0.568708
6.180000	0.000000	0.559857
6.190000	0.000000	0.551336
6.200000	0.000000	0.542938
6.210000	0.000000	0.534440
6.220000	0.000000	0.526041
6.230000	0.000000	0.517638
6.240000	0.000000	0.509253
6.250000	0.000000	0.501120
6.260000	0.000000	0.493034
6.270000	0.000000	0.484936
6.280000	0.000000	0.476858
6.290000	0.000000	0.468579
6.300000	0.000000	0.460591
6.310000	0.000000	0.452613
6.320000	0.000000	0.445637
6.330000	0.000000	0.438875
6.340000	0.000000	0.430975
6.350000	0.000000	0.424066
6.360000	0.000000	0.417564
6.370000	0.000000	0.411205
6.380000	0.000000	0.404898
6.390000	0.000000	0.399218
6.400000	0.000000	0.397424
6.410000	0.000000	0.504447
6.420000	0.000000	0.760718
6.430000	0.000000	0.808233
6.440000	0.000000	0.438764
6.450000	0.000000	0.570964
6.460000	0.000000	0.833772
6.470000	0.000000	0.721027
6.480000	0.000000	0.420825
6.490000	0.000000	1.385844
6.500000	0.000000	1.352617
6.510000	0.000000	0.607036
6.520000	0.000000	0.403254
6.530000	0.000000	0.618291
6.540000	0.000000	0.623745
6.550000	0.000000	0.437115
6.560000	0.000000	0.332561
6.570000	0.000000	0.427752
6.580000	0.000000	0.492804
6.590000	0.000000	0.359417
6.600000	0.000000	0.328289
6.610000	0.000000	0.353658
6.620000	0.000000	0.331713
6.630000	0.000000	0.284405
6.640000	0.000000	0.287472
6.650000	0.000000	0.301830
6.660000	0.000000	0.275954
6.670000	0.000000	0.271337
6.680000	0.000000	0.257218
6.690000	0.000000	0.251873
6.700000	0.000000	0.254091
6.710000	0.000000	0.245762
6.720000	0.000000	0.236099
6.730000	0.000000	0.231383
6.740000	0.000000	0.227662
6.750000	0.000000	0.223971
6.760000	0.000000	0.220330
6.770000	0.000000	0.216732
6.780000	0.000000	0.213245
6.790000	0.000000	0.209761
6.800000	0.000000	0.206283
6.810000	0.000000	0.202764
6.820000	0.000000	0.199295
6.830000	0.000000	0.196095
6.840000	0.000000	0.193088
6.850000	0.000000	0.190072
6.860000	0.000000	0.187072
6.870000	0.000000	0.184163
6.880000	0.000000	0.181311
6.890000	0.000000	0.178511
6.900000	0.000000	0.176131
6.910000	0.000000	0.173538
6.920000	0.000000	0.170482
6.930000	0.000000	0.167939
6.940000	0.000000	0.165292
6.950000	0.000000	0.162838
6.960000	0.000000	0.160185
6.970000	0.000000	0.157652
6.980000	0.000000	0.155022
6.990000	0.000000	0.152468
7.000000	0.000000	0.150017
7.010000	0.000000	0.147647
7.020000	0.000000	0.145372
7.030000	0.000000	0.143003
7.040000	0.000000	0.140651
7.050000	0.000000	0.138468
7.060000	0.000000	0.136206
7.070000	0.000000	0.133908
7.080000	0.000000	0.131734
7.090000	0.000000	0.129633
7.100000	0.000000	0.127643
7.110000	0.000000	0.125687
7.120000	0.000000	0.123656
7.130000	0.000000	0.121730
7.140000	0.000000	0.119889
7.150000	0.000000	0.117943
7.160000	0.000000	0.116173
7.170000	0.000000	0.114672
7.180000	0.000000	0.113052
7.190000	0.000000	0.117975
7.200000	0.000000	0.111999
7.210000	0.000000	0.107471
7.220000	0.000000	0.105779
7.230000	0.000000	0.104088
7.240000	0.000000	0.102419
7.250000	0.000000	0.101000
7.260000	0.000000	0.101027
7.270000	0.000000	0.101183
7.280000	0.000000	0.096372
7.290000	0.000000	0.094670
7.300000	0.000000	0.093026
7.310000	0.000000	0.091505
7.320000	0.000000	0.089907
7.330000	0.000000	0.088536
7.340000	0.000000	0.088091
7.350000	0.000000	0.087817
7.360000	0.000000	0.085320
7.370000	0.000000	0.083302
7.380000	0.000000	0.081854
7.390000	0.000000	0.080569
7.400000	0.000000	0.079332
7.410000	0.000000	0.078346
7.420000	0.000000	0.077964
7.430000	0.000000	0.077367
7.440000	0.000000	0.075392
7.450000	0.000000	0.073798
7.460000	0.000000	0.072579
7.470000	0.000000	0.071172
7.480000	0.000000	0.070083
7.490000	0.000000	0.070662
7.500000	0.000000	0.068632
7.510000	0.000000	0.069663
7.520000	0.000000	0.067573
7.530000	0.000000	0.065843
7.540000	0.000000	0.065018
7.550000	0.000000	0.063592
7.560000	0.000000	0.061878
7.570000	0.000000	0.060724
7.580000	0.000000	0.059899
7.590000	0.000000	0.058905
7.600000	0.000000	0.057843
7.610000	0.000000	0.056967
7.620000	0.000000	0.056397
7.630000	0.000000	0.055830
7.640000	0.000000	0.054327
7.650000	0.000000	0.053389
7.660000	0.000000	0.052556
7.670000	0.000000	0.051767
7.680000	0.000000	0.050995
7.690000	0.000000	0.050203
7.700000	0.000000	0.049414
7.710000	0.000000	0.048639
7.720000	0.000000	0.048230
7.730000	0.000000	0.047431
7.740000	0.000000	0.046438
7.750000	0.000000	0.045748
7.760000	0.000000	0.045134
7.770000	0.000000	0.044754
7.780000	0.000000	0.044820
7.790000	0.000000	0.044907
7.800000	0.000000	0.043451
7.810000	0.000000	0.041705
7.820000	0.000000	0.041188
7.830000	0.000000	0.040540
7.840000	0.000000	0.039581
7.850000	0.000000	0.039029
7.860000	0.000000	0.038353
7.870000	0.000000	0.037748
7.880000	0.000000	0.037149
7.890000	0.000000	0.036556
7.900000	0.000000	0.035982
7.910000	0.000000	0.035431
7.920000	0.000000	0.034902
7.930000	0.000000	0.034376
7.940000	0.000000	0.033851
7.950000	0.000000	0.033328
7.960000	0.000000	0.032815
7.970000	0.000000	0.032354
7.980000	0.000000	0.031782
7.990000	0.000000	0.031266
8.000000	0.000000	0.030780
8.010000	0.000000	0.030300
8.020000	0.000000	0.029830
8.030000	0.000000	0.029362
8.040000	0.000000	0.028900
8.050000	0.000000	0.028441
8.060000	0.000000	0.027988
8.070000	0.000000	0.027548
8.080000	0.000000	0.027119
8.090000	0.000000	0.026703
8.100000	0.000000	0.026289
8.110000	0.000000	0.025859
8.120000	0.000000	0.025467
8.130000	0.000000	0.025078
8.140000	0.000000	0.024690
8.150000	0.000000	0.024300
8.160000	0.000000	0.024053
8.170000	0.000000	0.023544
8.180000	0.000000	0.023204
8.190000	0.000000	0.022837
8.200000	0.000000	0.022480
8.210000	0.000000	0.022149
8.220000	0.000000	0.021799
8.230000	0.000000	0.021454
8.240000	0.000000	0.021120
8.250000	0.000000	0.020791
8.260000	0.000000	0.020468
8.270000	0.000000	0.020148
8.280000	0.000000	0.019834
8.290000	0.000000	0.019528
8.300000	0.000000	0.019217
8.310000	0.000000	0.018912
8.320000	0.000000	0.018612
8.330000	0.000000	0.018313
8.340000	0.000000	0.018079
8.350000	0.000000	0.017751
8.360000	0.000000	0.017474
8.370000	0.000000	0.017200
8.380000	0.000000	0.016935
8.390000	0.000000	0.016683
8.400000	0.000000	0.016426
8.410000	0.000000	0.016166
8.420000	0.000000	0.015943
8.430000	0.000000	0.015715
8.440000	0.000000	0.015427
8.450000	0.000000	0.015192
8.460000	0.000000	0.014960
8.470000	0.000000	0.014735
8.480000	0.000000	0.014514
8.490000	0.000000	0.014281
8.500000	0.000000	0.014054
8.510000	0.000000	0.013844
8.520000	0.000000	0.013626
8.530000	0.000000	0.013400
8.540000	0.000000	0.013189
8.550000	0.000000	0.012984
8.560000	0.000000	0.012780
8.570000	0.000000	0.012583
8.580000	0.000000	0.012391
8.590000	0.000000	0.012202
8.600000	0.000000	0.012015
8.610000	0.000000	0.011829
8.620000	0.000000	0.011639
8.630000	0.000000	0.011459
8.640000	0.000000	0.011285
8.650000	0.000000	0.011112
8.660000	0.000000	0.010931
8.670000	0.000000	0.010761
8.680000	0.000000	0.010595
8.690000	0.000000	0.010431
8.700000	0.000000	0.010268
8.710000	0.000000	0.010119
8.720000	0.000000	0.009966
8.730000	0.000000	0.009815
8.740000	0.000000	0.009665
8.750000	0.000000	0.009516
8.760000	0.000000	0.009366
8.770000	0.000000	0.009217
8.780000	0.000000	0.009070
8.790000	0.000000	0.008927
8.800000	0.000000	0.008789
8.810000	0.000000	0.008652
8.820000	0.000000	0.008521
8.830000	0.000000	0.008383
8.840000	0.000000	0.008254
8.850000	0.000000	0.008128
8.860000	0.000000	0.008003
8.870000	0.000000	0.007878
8.880000	0.000000	0.007755
8.890000	0.000000	0.007635
8.900000	0.000000	0.007518
8.910000	0.000000	0.007403
8.920000	0.000000	0.007290
8.930000	0.000000	0.007179
8.940000	0.000000	0.007068
8.950000	0.000000	0.006957
8.960000	0.000000	0.006851
8.970000	0.000000	0.006749
8.980000	0.000000	0.006649
8.990000	0.000000	0.006548
9.000000	0.000000	0.006442
9.010000	0.000000	0.006342
9.020000	0.000000	0.006243
9.030000	0.000000	0.006143
9.040000	0.000000	0.006044
9.050000	0.000000	0.005949
9.060000	0.000000	0.005856
9.070000	0.000000	0.005767
9.080000	0.000000	0.005680
9.090000	0.000000	0.005595
9.100000	0.000000	0.005511
9.110000	0.000000	0.005427
9.120000	0.000000	0.005343
9.130000	0.000000	0.005260
9.140000	0.000000	0.005177
9.150000	0.000000	0.005098
9.160000	0.000000	0.005017
9.170000	0.000000	0.004938
9.180000	0.000000	0.004863
9.190000	0.000000	0.004788
9.200000	0.000000	0.004715
9.210000	0.000000	0.004644
9.220000	0.000000	0.004573
9.230000	0.000000	0.004504
9.240000	0.000000	0.004437
9.250000	0.000000	0.004370
9.260000	0.000000	0.004303
9.270000	0.000000	0.004236
9.280000	0.000000	0.004169
9.290000	0.000000	0.004103
9.300000	0.000000	0.004037
9.310000	0.000000	0.003972
9.320000	0.000000	0.003910
9.330000	0.000000	0.003850
9.340000	0.000000	0.003791
9.350000	0.000000	0.003735
9.360000	0.000000	0.003679
9.370000	0.000000	0.003623
9.380000	0.000000	0.003567
9.390000	0.000000	0.003512
9.400000	0.000000	0.003457
9.410000	0.000000	0.003403
9.420000	0.000000	0.003351
9.430000	0.000000	0.003300
9.440000	0.000000	0.003250
9.450000	0.000000	0.003202
9.460000	0.000000	0.003154
9.470000	0.000000	0.003106
9.480000	0.000000	0.003059
9.490000	0.000000	0.003011
9.500000	0.000000	0.002963
9.510000	0.000000	0.002918
9.520000	0.000000	0.002873
9.530000	0.000000	0.002828
9.540000	0.000000	0.002784
9.550000	0.000000	0.002740
9.560000	0.000000	0.002696
9.570000	0.000000	0.002653
9.580000	0.000000	0.002612
9.590000	0.000000	0.002574
9.600000	0.000000	0.002536
9.610000	0.000000	0.002498
9.620000	0.000000	0.002461
9.630000	0.000000	0.002423
9.640000	0.000000	0.002386
9.650000	0.000000	0.002349
9.660000	0.000000	0.002312
9.670000	0.000000	0.002274
9.680000	0.000000	0.002239
9.690000	0.000000	0.002206
9.700000	0.000000	0.002173
9.710000	0.000000	0.002141
9.720000	0.000000	0.002109
9.730000	0.000000	0.002077
9.740000	0.000000	0.002045
9.750000	0.000000	0.002014
9.760000	0.000000	0.001983
9.770000	0.000000	0.001952
9.780000	0.000000	0.001922
9.790000	0.000000	0.001892
9.800000	0.000000	0.001863
9.810000	0.000000	0.001834
9.820000	0.000000	0.001804
9.830000	0.000000	0.001776
9.840000	0.000000	0.001747
9.850000	0.000000	0.001721
9.860000	0.000000	0.001696
9.870000	0.000000	0.001671
9.880000	0.000000	0.001646
9.890000	0.000000	0.001621
9.900000	0.000000	0.001596
9.910000	0.000000	0.001571
9.920000	0.000000	0.001546
9.930000	0.000000	0.001522
9.940000	0.000000	0.001500
9.950000	0.000000	0.001477
9.960000	0.000000	0.001456
9.970000	0.000000	0.001435
9.980000	0.000000	0.001413
9.990000	0.000000	0.001392
10.000000	0.000000	0.001370
10.010000	0.000000	0.001348
10.020000	0.000000	0.001326
10.030000	0.000000	0.001306
10.040000	0.000000	0.001286
10.050000	0.000000	0.001266
10.060000	0.000000	0.001246
10.070000	0.000000	0.001227
10.080000	0.000000	0.001208
10.090000	0.000000	0.001189
10.100000	0.000000	0.001171
10.110000	0.000000	0.001153
10.120000	0.000000	0.001136
10.130000	0.000000	0.001119
10.140000	0.000000	0.001102
10.150000	0.000000	0.001086
10.160000	0.000000	0.001069
10.170000	0.000000	0.001052
10.180000	0.000000	0.001035
10.190000	0.000000	0.001019
10.200000	0.000000	0.001004
10.210000	0.000000	0.000990
10.220000	0.000000	0.000975
10.230000	0.000000	0.000961
10.240000	0.000000	0.000946
10.250000	0.000000	0.000932
10.260000	0.000000	0.000918
10.270000	0.000000	0.000904
10.280000	0.000000	0.000889
10.290000	0.000000	0.000875
10.300000	0.000000	0.000862
10.310000	0.000000	0.000849
10.320000	0.000000	0.000835
10.330000	0.000000	0.000822
10.340000	0.000000	0.000809
10.350000	0.000000	0.000797
10.360000	0.000000	0.000785
10.370000	0.000000	0.000773
10.380000	0.000000	0.000761
10.390000	0.000000	0.000750
10.400000	0.000000	0.000739
10.410000	0.000000	0.000727
10.420000	0.000000	0.000716
10.430000	0.000000	0.000705
10.440000	0.000000	0.000694
10.450000	0.000000	0.000684
10.460000	0.000000	0.000674
10.470000	0.000000	0.000664
10.480000	0.000000	0.000654
10.490000	0.000000	0.000645
10.500000	0.000000	0.000635
10.510000	0.000000	0.000625
10.520000	0.000000	0.000615
10.530000	0.000000	0.000606
10.540000	0.000000	0.000596
10.550000	0.000000	0.000587
10.560000	0.000000	0.000577
10.570000	0.000000	0.000569
10.580000	0.000000	0.000560
10.590000	0.000000	0.000551
10.600000	0.000000	0.000543
10.610000	0.000000	0.000535
10.620000	0.000000	0.000527
10.630000	0.000000	0.000519
10.640000	0.000000	0.000511
10.650000	0.000000	0.000503
10.660000	0.000000	0.000496
10.670000	0.000000	0.000488
10.680000	0.000000	0.000480
10.690000	0.000000	0.000473
10.700000	0.000000	0.000466
10.710000	0.000000	0.000459
10.720000	0.000000	0.000452
10.730000	0.000000	0.000446
10.740000	0.000000	0.000439
10.750000	0.000000	0.000432
10.760000	0.000000	0.000426
10.770000	0.000000	0.000420
10.780000	0.000000	0.000413
10.790000	0.000000	0.000407
10.800000	0.000000	0.000400
10.810000	0.000000	0.000394
10.820000	0.000000	0.000388
10.830000	0.000000	0.000382
10.840000	0.000000	0.000376
10.850000	0.000000	0.000370
10.860000	0.000000	0.000364
10.870000	0.000000	0.000359
10.880000	0.000000	0.000354
10.890000	0.000000	0.000348
10.900000	0.000000	0.000343
10.910000	0.000000	0.000338
10.920000	0.000000	0.000333
10.930000	0.000000	0.000327
10.940000	0.000000	0.000322
10.950000	0.000000	0.000318
10.960000	0.000000	0.000313
10.970000	0.000000	0.000308
10.980000	0.000000	0.000304
10.990000	0.000000	0.000300
11.000000	0.000000	0.000295
11.010000	0.000000	0.000290
11.020000	0.000000	0.000286
11.030000	0.000000	0.000282
11.040000	0.000000	0.000277
11.050000	0.000000	0.000273
11.060000	0.000000	0.000269
11.070000	0.000000	0.000265
11.080000	0.000000	0.000260
11.090000	0.000000	0.000256
11.100000	0.000000	0.000252
11.110000	0.000000	0.000249
11.120000	0.000000	0.000245
11.130000	0.000000	0.000241
11.140000	0.000000	0.000238
11.150000	0.000000	0.000234
11.160000	0.000000	0.000231
11.170000	0.000000	0.000227
11.180000	0.000000	0.000223
11.190000	0.000000	0.000220
11.200000	0.000000	0.000217
11.210000	0.000000	0.000213
11.220000	0.000000	0.000210
11.230000	0.000000	0.000207
11.240000	0.000000	0.000204
11.250000	0.000000	0.000201
11.260000	0.000000	0.000198
11.270000	0.000000	0.000195
11.280000	0.000000	0.000192
11.290000	0.000000	0.000189
11.300000	0.000000	0.000187
11.310000	0.000000	0.000184
11.320000	0.000000	0.000181
11.330000	0.000000	0.000178
11.340000	0.000000	0.000175
11.350000	0.000000	0.000172
11.360000	0.000000	0.000170
11.370000	0.000000	0.000167
11.380000	0.000000	0.000165
11.390000	0.000000	0.000162
11.400000	0.000000	0.000160
11.410000	0.000000	0.000157
11.420000	0.000000	0.000155
11.430000	0.000000	0.000153
11.440000	0.000000	0.000150
11.450000	0.000000	0.000148
11.460000	0.000000	0.000146
11.470000	0.000000	0.000144
11.480000	0.000000	0.000141
11.490000	0.000000	0.000139
11.500000	0.000000	0.000137
11.510000	0.000000	0.000135
11.520000	0.000000	0.000133
11.530000	0.000000	0.000131
11.540000	0.000000	0.000129
11.550000	0.000000	0.000127
11.560000	0.000000	0.000125
11.570000	0.000000	0.000123
11.580000	0.000000	0.000122
11.590000	0.000000	0.000120
11.600000	0.000000	0.000118
11.610000	0.000000	0.000116
11.620000	0.000000	0.000114
11.630000	0.000000	0.000113
11.640000	0.000000	0.000111
11.650000	0.000000	0.000109
11.660000	0.000000	0.000108
11.670000	0.000000	0.000106
11.680000	0.000000	0.000104
11.690000	0.000000	0.000103
11.700000	0.000000	0.000101
11.710000	0.000000	0.000100
11.720000	0.000000	0.000098
11.730000	0.000000	0.000097
11.740000	0.000000	0.000095
11.750000	0.000000	0.000094
11.760000	0.000000	0.000092
11.770000	0.000000	0.000091
11.780000	0.000000	0.000090
11.790000	0.000000	0.000088
11.800000	0.000000	0.000087
11.810000	0.000000	0.000086
11.820000	0.000000	0.000084
11.830000	0.000000	0.000083
11.840000	0.000000	0.000082
11.850000	0.000000	0.000081
11.860000	0.000000	0.000079
11.870000	0.000000	0.000078
11.880000	0.000000	0.000077
11.890000	0.000000	0.000076
11.900000	0.000000	0.000075
11.910000	0.000000	0.000073
11.920000	0.000000	0.000072
11.930000	0.000000	0.000071
11.940000	0.000000	0.000070
11.950000	0.000000	0.000069
11.960000	0.000000	0.000068
11.970000	0.000000	0.000067
11.980000	0.000000	0.000066
11.990000	0.000000	0.000065
12.000000	0.000000	0.000064
12.010000	0.000000	0.000063
12.020000	0.000000	0.000062
12.030000	0.000000	0.000061
12.040000	0.000000	0.000060
12.050000	0.000000	0.000059
12.060000	0.000000	0.000059
12.070000	0.000000	0.000058
12.080000	0.000000	0.000057
12.090000	0.000000	0.000056
12.100000	0.000000	0.000055
12.110000	0.000000	0.000054
12.120000	0.000000	0.000053
12.130000	0.000000	0.000053
12.140000	0.000000	0.000052
12.150000	0.000000	0.000051
12.160000	0.000000	0.000050
12.170000	0.000000	0.000050
12.180000	0.000000	0.000049
12.190000	0.000000	0.000048
12.200000	0.000000	0.000047
12.210000	0.000000	0.000047
12.220000	0.000000	0.000046
12.230000	0.000000	0.000045
12.240000	0.000000	0.000045
12.250000	0.000000	0.000044
12.260000	0.000000	0.000043
12.270000	0.000000	0.000043
12.280000	0.000000	0.000042
12.290000	0.000000	0.000041
12.300000	0.000000	0.000041
12.310000	0.000000	0.000040
12.320000	0.000000	0.000039
12.330000	0.000000	0.000039
12.340000	0.000000	0.000038
12.350000	0.000000	0.000038
12.360000	0.000000	0.000037
12.370000	0.000000	0.000037
12.380000	0.000000	0.000036
12.390000	0.000000	0.000036
12.400000	0.000000	0.000035
12.410000	0.000000	0.000034
12.420000	0.000000	0.000034
12.430000	0.000000	0.000033
12.440000	0.000000	0.000033
12.450000	0.000000	0.000032
12.460000	0.000000	0.000032
12.470000	0.000000	0.000031
12.480000	0.000000	0.000031
12.490000	0.000000	0.000030
12.500000	0.000000	0.000030
12.510000	0.000000	0.000030
12.520000	0.000000	0.000029
12.530000	0.000000	0.000029
12.540000	0.000000	0.000028
12.550000	0.000000	0.000028
12.560000	0.000000	0.000027
12.570000	0.000000	0.000027
12.580000	0.000000	0.000027
12.590000	0.000000	0.000026
12.600000	0.000000	0.000026
12.610000	0.000000	0.000025
12.620000	0.000000	0.000025
12.630000	0.000000	0.000025
12.640000	0.000000	0.000024
12.650000	0.000000	0.000024
12.660000	0.000000	0.000024
12.670000	0.000000	0.000023
12.680000	0.000000	0.000023
12.690000	0.000000	0.000023
12.700000	0.000000	0.000022
12.710000	0.000000	0.000022
12.720000	0.000000	0.000022
12.730000	0.000000	0.000021
12.740000	0.000000	0.000021
12.750000	0.000000	0.000021
12.760000	0.000000	0.000020
12.770000	0.000000	0.000020
12.780000	0.000000	0.000020
12.790000	0.000000	0.000019
12.800000	0.000000	0.000019
12.810000	0.000000	0.000019
12.820000	0.000000	0.000019
12.830000	0.000000	0.000018
12.840000	0.000000	0.000018
12.850000	0.000000	0.000018
12.860000	0.000000	0.000017
12.870000	0.000000	0.000017
12.880000	0.000000	0.000017
12.890000	0.000000	0.000017
12.900000	0.000000	0.000016
12.910000	0.000000	0.000016
12.920000	0.000000	0.000016
12.930000	0.000000	0.000016
12.940000	0.000000	0.000015
12.950000	0.000000	0.000015
12.960000	0.000000	0.000015
12.970000	0.000000	0.000015
12.980000	0.000000	0.000015
12.990000	0.000000	0.000014
13.000000	0.000000	0.000014
13.010000	0.000000	0.000014
13.020000	0.000000	0.000014
13.030000	0.000000	0.000013
13.040000	0.000000	0.000013
13.050000	0.000000	0.000013
13.060000	0.000000	0.000013
13.070000	0.000000	0.000013
13.080000	0.000000	0.000012
13.090000	0.000000	0.000012
13.100000	0.000000	0.000012
13.110000	0.000000	0.000012
13.120000	0.000000	0.000012
13.130000	0.000000	0.000012
13.140000	0.000000	0.000011
13.150000	0.000000	0.000011
13.160000	0.000000	0.000011
13.170000	0.000000	0.000011
13.180000	0.000000	0.000011
13.190000	0.000000	0.000011
13.200000	0.000000	0.000010
13.210000	0.000000	0.000010
13.220000	0.000000	0.000010
13.230000	0.000000	0.000010
13.240000	0.000000	0.000010
13.250000	0.000000	0.000010
13.260000	0.000000	0.000010
13.270000	0.000000	0.000009
13.280000	0.000000	0.000009
13.290000	0.000000	0.000009
13.300000	0.000000	0.000009
13.310000	0.000000	0.000009
13.320000	0.000000	0.000009
13.330000	0.000000	0.000009
13.340000	0.000000	0.000008
13.350000	0.000000	0.000008
13.360000	0.000000	0.000008
13.370000	0.000000	0.000008
13.380000	0.000000	0.000008
13.390000	0.000000	0.000008
13.400000	0.000000	0.000008
13.410000	0.000000	0.000008
13.420000	0.000000	0.000007
13.430000	0.000000	0.000007
13.440000	0.000000	0.000007
13.450000	0.000000	0.000007
13.460000	0.000000	0.000007
13.470000	0.000000	0.000007
13.480000	0.000000	0.000007
13.490000	0.000000	0.000007
13.500000	0.000000	0.000007
13.510000	0.000000	0.000007
13.520000	0.000000	0.000006
13.530000	0.000000	0.000006
13.540000	0.000000	0.000006
13.550000	0.000000	0.000006
13.560000	0.000000	0.000006
13.570000	0.000000	0.000006
13.580000	0.000000	0.000006
13.590000	0.000000	0.000006
13.600000	0.000000	0.000006
13.610000	0.000000	0.000006
13.620000	0.000000	0.000006
13.630000	0.000000	0.000005
13.640000	0.000000	0.000005
13.650000	0.000000	0.000005
13.660000	0.000000	0.000005
13.670000	0.000000	0.000005
13.680000	0.000000	0.000005
13.690000	0.000000	0.000005
13.700000	0.000000	0.000005
13.710000	0.000000	0.000005
13.720000	0.000000	0.000005
13.730000	0.000000	0.000005
13.740000	0.000000	0.000005
13.750000	0.000000	0.000005
13.760000	0.000000	0.000004
13.770000	0.000000	0.000004
13.780000	0.000000	0.000004
13.790000	0.000000	0.000004
13.800000	0.000000	0.000004
13.810000	0.000000	0.000004
13.820000	0.000000	0.000004
13.830000	0.000000	0.000004
13.840000	0.000000	0.000004
13.850000	0.000000	0.000004
13.860000	0.000000	0.000004
13.870000	0.000000	0.000004
13.880000	0.000000	0.000004
13.890000	0.000000	0.000004
13.900000	0.000000	0.000004
13.910000	0.000000	0.000004
13.920000	0.000000	0.000004
13.930000	0.000000	0.000003
13.940000	0.000000	0.000003
13.950000	0.000000	0.000003
13.960000	0.000000	0.000003
13.970000	0.000000	0.000003
13.980000	0.000000	0.000003
13.990000	0.000000	0.000003
14.000000	0.000000	0.000003
14.010000	0.000000	0.000003
14.020000	0.000000	0.000003
14.030000	0.000000	0.000003
14.040000	0.000000	0.000003
14.050000	0.000000	0.000003
14.060000	0.000000	0.000003
14.070000	0.000000	0.000003
14.080000	0.000000	0.000003
14.090000	0.000000	0.000003
14.100000	0.000000	0.000003
14.110000	0.000000	0.000003
14.120000	0.000000	0.000003
14.130000	0.000000	0.000003
14.140000	0.000000	0.000003
14.150000	0.000000	0.000002
14.160000	0.000000	0.000002
14.170000	0.000000	0.000002
14.180000	0.000000	0.000002
14.190000	0.000000	0.000002
14.200000	0.000000	0.000002
14.210000	0.000000	0.000002
14.220000	0.000000	0.000002
14.230000	0.000000	0.000002
14.240000	0.000000	0.000002
14.250000	0.000000	0.000002
14.260000	0.000000	0.000002
14.270000	0.000000	0.000002
14.280000	0.000000	0.000002
14.290000	0.000000	0.000002
14.300000	0.000000	0.000002
14.310000	0.000000	0.000002
14.320000	0.000000	0.000002
14.330000	0.000000	0.000002
14.340000	0.000000	0.000002
14.350000	0.000000	0.000002
14.360000	0.000000	0.000002
14.370000	0.000000	0.000002
14.380000	0.000000	0.000002
14.390000	0.000000	0.000002
14.400000	0.000000	0.000002
14.410000	0.000000	0.000002
14.420000	0.000000	0.000002
14.430000	0.000000	0.000002
14.440000	0.000000	0.000002
14.450000	0.000000	0.000002
14.460000	0.000000	0.000002
14.470000	0.000000	0.000002
14.480000	0.000000	0.000002
14.490000	0.000000	0.000002
14.500000	0.000000	0.000001
14.510000	0.000000	0.000001
14.520000	0.000000	0.000001
14.530000	0.000000	0.000001
14.540000	0.000000	0.000001
14.550000	0.000000	0.000001
14.560000	0.000000	0.000001
14.570000	0.000000	0.000001
14.580000	0.000000	0.000001
14.590000	0.000000	0.000001
14.600000	0.000000	0.000001
14.610000	0.000000	0.000001
14.620000	0.000000	0.000001
14.630000	0.000000	0.000001
14.640000	0.000000	0.000001
14.650000	0.000000	0.000001
14.660000	0.000000	0.000001
14.670000	0.000000	0.000001
14.680000	0.000000	0.000001
14.690000	0.000000	0.000001
14.700000	0.000000	0.000001
14.710000	0.000000	0.000001
14.720000	0.000000	0.000001
14.730000	0.000000	0.000001
14.740000	0.000000	0.000001
14.750000	0.000000	0.000001
14.760000	0.000000	0.000001
14.770000	0.000000	9.9e-07
14.780000	0.000000	9.7e-07
14.790000	0.000000	9.6e-07
14.800000	0.000000	9.5e-07
14.810000	0.000000	9.3e-07
14.820000	0.000000	9.2e-07
14.830000	0.000000	9.0e-07
14.840000	0.000000	8.9e-07
14.850000	0.000000	8.8e-07
14.860000	0.000000	8.7e-07
14.870000	0.000000	8.5e-07
14.880000	0.000000	8.4e-07
14.890000	0.000000	8.3e-07
14.900000	0.000000	8.1e-07
14.910000	0.000000	8.0e-07
14.920000	0.000000	7.9e-07
14.930000	0.000000	7.8e-07
14.940000	0.000000	7.6e-07
14.950000	0.000000	7.5e-07
14.960000	0.000000	7.4e-07
14.970000	0.000000	7.3e-07
14.980000	0.000000	7.2e-07
14.990000	0.000000	7.1e-07
15.000000	0.000000	7.0e-07
15.010000	0.000000	6.9e-07
15.020000	0.000000	6.8e-07
15.030000	0.000000	6.7e-07
15.040000	0.000000	6.6e-07
15.050000	0.000000	6.5e-07
15.060000	0.000000	6.4e-07
15.070000	0.000000	6.3e-07
15.080000	0.000000	6.2e-07
15.090000	0.000000	6.1e-07
15.100000	0.000000	6.0e-07
15.110000	0.000000	6.0e-07
15.120000	0.000000	5.9e-07
15.130000	0.000000	5.8e-07
15.140000	0.000000	5.7e-07
15.150000	0.000000	5.6e-07
15.160000	0.000000	5.5e-07
15.170000	0.000000	5.4e-07
15.180000	0.000000	5.3e-07
15.190000	0.000000	5.3e-07
15.200000	0.000000	5.2e-07
15.210000	0.000000	5.1e-07
15.220000	0.000000	5.0e-07
15.230000	0.000000	5.0e-07
15.240000	0.000000	4.9e-07
15.250000	0.000000	4.8e-07
15.260000	0.000000	4.7e-07
15.270000	0.000000	4.7e-07
15.280000	0.000000	4.6e-07
15.290000	0.000000	4.5e-07
15.300000	0.000000	4.5e-07
15.310000	0.000000	4.4e-07
15.320000	0.000000	4.3e-07
15.330000	0.000000	4.3e-07
15.340000	0.000000	4.2e-07
15.350000	0.000000	4.2e-07
15.360000	0.000000	4.1e-07
15.370000	0.000000	4.0e-07
15.380000	0.000000	4.0e-07
15.390000	0.000000	3.9e-07
15.400000	0.000000	3.9e-07
15.410000	0.000000	3.8e-07
15.420000	0.000000	3.7e-07
15.430000	0.000000	3.7e-07
15.440000	0.000000	3.6e-07
15.450000	0.000000	3.6e-07
15.460000	0.000000	3.5e-07
15.470000	0.000000	3.5e-07
15.480000	0.000000	3.4e-07
15.490000	0.000000	3.4e-07
15.500000	0.000000	3.3e-07
15.510000	0.000000	3.3e-07
15.520000	0.000000	3.2e-07
15.530000	0.000000	3.2e-07
15.540000	0.000000	3.1e-07
15.550000	0.000000	3.1e-07
15.560000	0.000000	3.0e-07
15.570000	0.000000	3.0e-07
15.580000	0.000000	2.9e-07
15.590000	0.000000	2.9e-07
15.600000	0.000000	2.9e-07
15.610000	0.000000	2.8e-07
15.620000	0.000000	2.8e-07
15.630000	0.000000	2.7e-07
15.640000	0.000000	2.7e-07
15.650000	0.000000	2.7e-07
15.660000	0.000000	2.6e-07
15.670000	0.000000	2.6e-07
15.680000	0.000000	2.5e-07
15.690000	0.000000	2.5e-07
15.700000	0.000000	2.5e-07
15.710000	0.000000	2.4e-07
15.720000	0.000000	2.4e-07
15.730000	0.000000	2.4e-07
15.740000	0.000000	2.3e-07
15.750000	0.000000	2.3e-07
15.760000	0.000000	2.2e-07
15.770000	0.000000	2.2e-07
15.780000	0.000000	2.2e-07
15.790000	0.000000	2.2e-07
15.800000	0.000000	2.1e-07
15.810000	0.000000	2.1e-07
15.820000	0.000000	2.1e-07
15.830000	0.000000	2.0e-07
15.840000	0.000000	2.0e-07
15.850000	0.000000	2.0e-07
15.860000	0.000000	1.9e-07
15.870000	0.000000	1.9e-07
15.880000	0.000000	1.9e-07
15.890000	0.000000	1.9e-07
15.900000	0.000000	1.8e-07
15.910000	0.000000	1.8e-07
15.920000	0.000000	1.8e-07
15.930000	0.000000	1.8e-07
15.940000	0.000000	1.7e-07
15.950000	0.000000	1.7e-07
15.960000	0.000000	1.7e-07
15.970000	0.000000	1.6e-07
15.980000	0.000000	1.6e-07
15.990000	0.000000	1.6e-07
16.000000	0.000000	1.6e-07
16.010000	0.000000	1.6e-07
16.020000	0.000000	1.5e-07
16.030000	0.000000	1.5e-07
16.040000	0.000000	1.5e-07
16.050000	0.000000	1.5e-07
16.060000	0.000000	1.4e-07
16.070000	0.000000	1.4e-07
16.080000	0.000000	1.4e-07
16.090000	0.000000	1.4e-07
16.100000	0.000000	1.4e-07
16.110000	0.000000	1.3e-07
16.120000	0.000000	1.3e-07
16.130000	0.000000	1.3e-07
16.140000	0.000000	1.3e-07
16.150000	0.000000	1.3e-07
16.160000	0.000000	1.2e-07
16.170000	0.000000	1.2e-07
16.180000	0.000000	1.2e-07
16.190000	0.000000	1.2e-07
16.200000	0.000000	1.2e-07
16.210000	0.000000	1.2e-07
16.220000	0.000000	1.1e-07
16.230000	0.000000	1.1e-07
16.240000	0.000000	1.1e-07
16.250000	0.000000	1.1e-07
16.260000	0.000000	1.1e-07
16.270000	0.000000	1.1e-07
16.280000	0.000000	1.0e-07
16.290000	0.000000	1.0e-07
16.300000	0.000000	1.0e-07
16.310000	0.000000	9.9e-08
16.320000	0.000000	9.8e-08
16.330000	0.000000	9.6e-08
16.340000	0.000000	9.5e-08
16.350000	0.000000	9.4e-08
16.360000	0.000000	9.2e-08
16.370000	0.000000	9.1e-08
16.380000	0.000000	9.0e-08
16.390000	0.000000	8.8e-08
16.400000	0.000000	8.7e-08
16.410000	0.000000	8.6e-08
16.420000	0.000000	8.5e-08
16.430000	0.000000	8.3e-08
16.440000	0.000000	8.2e-08
16.450000	0.000000	8.1e-08
16.460000	0.000000	8.0e-08
16.470000	0.000000	7.9e-08
16.480000	0.000000	7.7e-08
16.490000	0.000000	7.6e-08
16.500000	0.000000	7.5e-08
16.510000	0.000000	7.4e-08
16.520000	0.000000	7.3e-08
16.530000	0.000000	7.2e-08
16.540000	0.000000	7.1e-08
16.550000	0.000000	6.9e-08
16.560000	0.000000	6.8e-08
16.570000	0.000000	6.7e-08
16.580000	0.000000	6.6e-08
16.590000	0.000000	6.6e-08
16.600000	0.000000	6.5e-08
16.610000	0.000000	6.4e-08
16.620000	0.000000	6.3e-08
16.630000	0.000000	6.2e-08
16.640000	0.000000	6.1e-08
16.650000	0.000000	6.0e-08
16.660000	0.000000	5.9e-08
16.670000	0.000000	5.8e-08
16.680000	0.000000	5.8e-08
16.690000	0.000000	5.7e-08
16.700000	0.000000	5.6e-08
16.710000	0.000000	5.5e-08
16.720000	0.000000	5.4e-08
16.730000	0.000000	5.3e-08
16.740000	0.000000	5.3e-08
16.750000	0.000000	5.2e-08
16.760000	0.000000	5.1e-08
16.770000	0.000000	5.0e-08
16.780000	0.000000	5.0e-08
16.790000	0.000000	4.9e-08
16.800000	0.000000	4.8e-08
16.810000	0.000000	4.7e-08
16.820000	0.000000	4.7e-08
16.830000	0.000000	4.6e-08
16.840000	0.000000	4.5e-08
16.850000	0.000000	4.5e-08
16.860000	0.000000	4.4e-08
16.870000	0.000000	4.3e-08
16.880000	0.000000	4.3e-08
16.890000	0.000000	4.2e-08
16.900000	0.000000	4.1e-08
16.910000	0.000000	4.1e-08
16.920000	0.000000	4.0e-08
16.930000	0.000000	4.0e-08
16.940000	0.000000	3.9e-08
16.950000	0.000000	3.9e-08
16.960000	0.000000	3.8e-08
16.970000	0.000000	3.7e-08
16.980000	0.000000	3.7e-08
16.990000	0.000000	3.6e-08
17.000000	0.000000	3.6e-08
17.010000	0.000000	3.5e-08
17.020000	0.000000	3.5e-08
17.030000	0.000000	3.4e-08
17.040000	0.000000	3.4e-08
17.050000	0.000000	3.3e-08
17.060000	0.000000	3.3e-08
17.070000	0.000000	3.2e-08
17.080000	0.000000	3.2e-08
17.090000	0.000000	3.1e-08
17.100000	0.000000	3.1e-08
17.110000	0.000000	3.0e-08
17.120000	0.000000	3.0e-08
17.130000	0.000000	2.9e-08
17.140000	0.000000	2.9e-08
17.150000	0.000000	2.9e-08
17.160000	0.000000	2.8e-08
17.170000	0.000000	2.8e-08
17.180000	0.000000	2.7e-08
17.190000	0.000000	2.7e-08
17.200000	0.000000	2.7e-08
17.210000	0.000000	2.6e-08
17.220000	0.000000	2.6e-08
17.230000	0.000000	2.5e-08
17.240000	0.000000	2.5e-08
17.250000	0.000000	2.5e-08
17.260000	0.000000	2.4e-08
17.270000	0.000000	2.4e-08
17.280000	0.000000	2.4e-08
17.290000	0.000000	2.3e-08
17.300000	0.000000	2.3e-08
17.310000	0.000000	2.3e-08
17.320000	0.000000	2.2e-08
17.330000	0.000000	2.2e-08
17.340000	0.000000	2.2e-08
17.350000	0.000000	2.1e-08
17.360000	0.000000	2.1e-08
17.370000	0.000000	2.1e-08
17.380000	0.000000	2.0e-08
17.390000	0.000000	2.0e-08
17.400000	0.000000	2.0e-08
17.410000	0.000000	1.9e-08
17.420000	0.000000	1.9e-08
17.430000	0.000000	1.9e-08
17.440000	0.000000	1.9e-08
17.450000	0.000000	1.8e-08
17.460000	0.000000	1.8e-08
17.470000	0.000000	1.8e-08
17.480000	0.000000	1.8e-08
17.490000	0.000000	1.7e-08
17.500000	0.000000	1.7e-08
17.510000	0.000000	1.7e-08
17.520000	0.000000	1.7e-08
17.530000	0.000000	1.6e-08
17.540000	0.000000	1.6e-08
17.550000	0.000000	1.6e-08
17.560000	0.000000	1.6e-08
17.570000	0.000000	1.5e-08
17.580000	0.000000	1.5e-08
17.590000	0.000000	1.5e-08
17.600000	0.000000	1.5e-08
17.610000	0.000000	1.5e-08
17.620000	0.000000	1.4e-08
17.630000	0.000000	1.4e-08
17.640000	0.000000	1.4e-08
17.650000	0.000000	1.4e-08
17.660000	0.000000	1.3e-08
17.670000	0.000000	1.3e-08
17.680000	0.000000	1.3e-08
17.690000	0.000000	1.3e-08
17.700000	0.000000	1.3e-08
17.710000	0.000000	1.2e-08
17.720000	0.000000	1.2e-08
17.730000	0.000000	1.2e-08
17.740000	0.000000	1.2e-08
17.750000	0.000000	1.2e-08
17.760000	0.000000	1.2e-08
17.770000	0.000000	1.1e-08
17.780000	0.000000	1.1e-08
17.790000	0.000000	1.1e-08
17.800000	0.000000	1.1e-08
17.810000	0.000000	1.1e-08
17.820000	0.000000	1.1e-08
17.830000	0.000000	1.0e-08
17.840000	0.000000	1.0e-08
17.850000	0.000000	1.0e-08
17.860000	0.000000	1.0e-08
17.870000	0.000000	9.9e-09
17.880000	0.000000	9.7e-09
17.890000	0.000000	9.6e-09
17.900000	0.000000	9.5e-09
17.910000	0.000000	9.3e-09
17.920000	0.000000	9.2e-09
17.930000	0.000000	9.0e-09
17.940000	0.000000	8.9e-09
17.950000	0.000000	8.8e-09
17.960000	0.000000	8.6e-09
17.970000	0.000000	8.5e-09
17.980000	0.000000	8.4e-09
17.990000	0.000000	8.3e-09
18.000000	0.000000	8.1e-09
18.010000	0.000000	8.0e-09
18.020000	0.000000	7.9e-09
18.030000	0.000000	7.8e-09
18.040000	0.000000	7.7e-09
18.050000	0.000000	7.6e-09
18.060000	0.000000	7.5e-09
18.070000	0.000000	7.3e-09
18.080000	0.000000	7.2e-09
18.090000	0.000000	7.1e-09
18.100000	0.000000	7.0e-09
18.110000	0.000000	6.9e-09
18.120000	0.000000	6.8e-09
18.130000	0.000000	6.7e-09
18.140000	0.000000	6.6e-09
18.150000	0.000000	6.5e-09
18.160000	0.000000	6.4e-09
18.170000	0.000000	6.4e-09
18.180000	0.000000	6.3e-09
18.190000	0.000000	6.2e-09
18.200000	0.000000	6.1e-09
18.210000	0.000000	6.0e-09
18.220000	0.000000	5.9e-09
18.230000	0.000000	5.8e-09
18.240000	0.000000	5.7e-09
18.250000	0.000000	5.6e-09
18.260000	0.000000	5.5e-09
18.270000	0.000000	5.5e-09
18.280000	0.000000	5.4e-09
18.290000	0.000000	5.3e-09
18.300000	0.000000	5.2e-09
18.310000	0.000000	5.2e-09
18.320000	0.000000	5.1e-09
18.330000	0.000000	5.0e-09
18.340000	0.000000	4.9e-09
18.350000	0.000000	4.9e-09
18.360000	0.000000	4.8e-09
18.370000	0.000000	4.7e-09
18.380000	0.000000	4.7e-09
18.390000	0.000000	4.6e-09
18.400000	0.000000	4.5e-09
18.410000	0.000000	4.5e-09
18.420000	0.000000	4.4e-09
18.430000	0.000000	4.3e-09
18.440000	0.000000	4.3e-09
18.450000	0.000000	4.2e-09
18.460000	0.000000	4.1e-09
18.470000	0.000000	4.1e-09
18.480000	0.000000	4.0e-09
18.490000	0.000000	4.0e-09
18.500000	0.000000	3.9e-09
18.510000	0.000000	3.8e-09
18.520000	0.000000	3.8e-09
18.530000	0.000000	3.7e-09
18.540000	0.000000	3.7e-09
18.550000	0.000000	3.6e-09
18.560000	0.000000	3.6e-09
18.570000	0.000000	3.5e-09
18.580000	0.000000	3.5e-09
18.590000	0.000000	3.4e-09
18.600000	0.000000	3.4e-09
18.610000	0.000000	3.3e-09
18.620000	0.000000	3.3e-09
18.630000	0.000000	3.2e-09
18.640000	0.000000	3.2e-09
18.650000	0.000000	3.1e-09
18.660000	0.000000	3.1e-09
18.670000	0.000000	3.0e-09
18.680000	0.000000	3.0e-09
18.690000	0.000000	3.0e-09
18.700000	0.000000	2.9e-09
18.710000	0.000000	2.9e-09
18.720000	0.000000	2.8e-09
18.730000	0.000000	2.8e-09
18.740000	0.000000	2.7e-09
18.750000	0.000000	2.7e-09
18.760000	0.000000	2.7e-09
18.770000	0.000000	2.6e-09
18.780000	0.000000	2.6e-09
18.790000	0.000000	2.5e-09
18.800000	0.000000	2.5e-09
18.810000	0.000000	2.5e-09
18.820000	0.000000	2.4e-09
18.830000	0.000000	2.4e-09
18.840000	0.000000	2.4e-09
18.850000	0.000000	2.3e-09
18.860000	0.000000	2.3e-09
18.870000	0.000000	2.3e-09
18.880000	0.000000	2.2e-09
18.890000	0.000000	2.2e-09
18.900000	0.000000	2.2e-09
18.910000	0.000000	2.1e-09
18.920000	0.000000	2.1e-09
18.930000	0.000000	2.1e-09
18.940000	0.000000	2.0e-09
18.950000	0.000000	2.0e-09
18.960000	0.000000	2.0e-09
18.970000	0.000000	2.0e-09
18.980000	0.000000	1.9e-09
18.990000	0.000000	1.9e-09
19.000000	0.000000	1.9e-09
19.010000	0.000000	1.8e-09
19.020000	0.000000	1.8e-09
19.030000	0.000000	1.8e-09
19.040000	0.000000	1.8e-09
19.050000	0.000000	1.7e-09
19.060000	0.000000	1.7e-09
19.070000	0.000000	1.7e-09
19.080000	0.000000	1.7e-09
19.090000	0.000000	1.6e-09
19.100000	0.000000	1.6e-09
19.110000	0.000000	1.6e-09
19.120000	0.000000	1.6e-09
19.130000	0.000000	1.5e-09
19.140000	0.000000	1.5e-09
19.150000	0.000000	1.5e-09
19.160000	0.000000	1.5e-09
19.170000	0.000000	1.5e-09
19.180000	0.000000	1.4e-09
19.190000	0.000000	1.4e-09
19.200000	0.000000	1.4e-09
19.210000	0.000000	1.4e-09
19.220000	0.000000	1.4e-09
19.230000	0.000000	1.3e-09
19.240000	0.000000	1.3e-09
19.250000	0.000000	1.3e-09
19.260000	0.000000	1.3e-09
19.270000	0.000000	1.3e-09
19.280000	0.000000	1.2e-09
19.290000	0.000000	1.2e-09
19.300000	0.000000	1.2e-09
19.310000	0.000000	1.2e-09
19.320000	0.000000	1.2e-09
19.330000	0.000000	1.1e-09
19.340000	0.000000	1.1e-09
19.350000	0.000000	1.1e-09
19.360000	0.000000	1.1e-09
19.370000	0.000000	1.1e-09
19.380000	0.000000	1.1e-09
19.390000	0.000000	1.1e-09
19.400000	0.000000	1.0e-09
19.410000	0.000000	1.0e-09
19.420000	0.000000	1.0e-09
19.430000	0.000000	9.9e-10
19.440000	0.000000	9.8e-10
19.450000	0.000000	9.6e-10
19.460000	0.000000	9.5e-10
19.470000	0.000000	9.4e-10
19.480000	0.000000	9.2e-10
19.490000	0.000000	9.1e-10
19.500000	0.000000	9.0e-10
19.510000	0.000000	8.9e-10
19.520000	0.000000	8.7e-10
19.530000	0.000000	8.6e-10
19.540000	0.000000	8.5e-10
19.550000	0.000000	8.3e-10
19.560000	0.000000	8.2e-10
19.570000	0.000000	8.1e-10
19.580000	0.000000	8.0e-10
19.590000	0.000000	7.8e-10
19.600000	0.000000	7.7e-10
19.610000	0.000000	7.6e-10
19.620000	0.000000	7.5e-10
19.630000	0.000000	7.4e-10
19.640000	0.000000	7.3e-10
19.650000	0.000000	7.2e-10
19.660000	0.000000	7.1e-10
19.670000	0.000000	7.0e-10
19.680000	0.000000	6.9e-10
19.690000	0.000000	6.8e-10
19.700000	0.000000	6.7e-10
19.710000	0.000000	6.6e-10
19.720000	0.000000	6.5e-10
19.730000	0.000000	6.4e-10
19.740000	0.000000	6.3e-10
19.750000	0.000000	6.2e-10
19.760000	0.000000	6.1e-10
19.770000	0.000000	6.0e-10
19.780000	0.000000	6.0e-10
19.790000	0.000000	5.9e-10
19.800000	0.000000	5.8e-10
19.810000	0.000000	5.7e-10
19.820000	0.000000	5.6e-10
19.830000	0.000000	5.5e-10
19.840000	0.000000	5.4e-10
19.850000	0.000000	5.4e-10
19.860000	0.000000	5.3e-10
19.870000	0.000000	5.2e-10
19.880000	0.000000	5.1e-10
19.890000	0.000000	5.0e-10
19.900000	0.000000	5.0e-10
19.910000	0.000000	4.9e-10
19.920000	0.000000	4.8e-10
19.930000	0.000000	4.8e-10
19.940000	0.000000	4.7e-10
19.950000	0.000000	4.6e-10
19.960000	0.000000	4.6e-10
19.970000	0.000000	4.5e-10
19.980000	0.000000	4.4e-10
19.990000	0.000000	4.4e-10
20.000000	0.000000	4.3e-10
20.010000	0.000000	4.2e-10
20.020000	0.000000	4.2e-10
20.030000	0.000000	4.1e-10
20.040000	0.000000	4.1e-10
20.050000	0.000000	4.0e-10
20.060000	0.000000	4.0e-10
20.070000	0.000000	3.9e-10
20.080000	0.000000	3.8e-10
20.090000	0.000000	3.8e-10
20.100000	0.000000	3.7e-10
20.110000	0.000000	3.7e-10
20.120000	0.000000	3.6e-10
20.130000	0.000000	3.6e-10
20.140000	0.000000	3.5e-10
20.150000	0.000000	3.4e-10
20.160000	0.000000	3.4e-10
20.170000	0.000000	3.3e-10
20.180000	0.000000	3.3e-10
20.190000	0.000000	3.2e-10
20.200000	0.000000	3.2e-10
20.210000	0.000000	3.2e-10
20.220000	0.000000	3.1e-10
20.230000	0.000000	3.1e-10
20.240000	0.000000	3.0e-10
20.250000	0.000000	3.0e-10
20.260000	0.000000	2.9e-10
20.270000	0.000000	2.9e-10
20.280000	0.000000	2.9e-10
20.290000	0.000000	2.8e-10
20.300000	0.000000	2.8e-10
20.310000	0.000000	2.7e-10
20.320000	0.000000	2.7e-10
20.330000	0.000000	2.7e-10
20.340000	0.000000	2.6e-10
20.350000	0.000000	2.6e-10
20.360000	0.000000	2.5e-10
20.370000	0.000000	2.5e-10
20.380000	0.000000	2.5e-10
20.390000	0.000000	2.4e-10
20.400000	0.000000	2.4e-10
20.410000	0.000000	2.4e-10
20.420000	0.000000	2.3e-10
20.430000	0.000000	2.3e-10
20.440000	0.000000	2.2e-10
20.450000	0.000000	2.2e-10
20.460000	0.000000	2.2e-10
20.470000	0.000000	2.2e-10
20.480000	0.000000	2.1e-10
20.490000	0.000000	2.1e-10
20.500000	0.000000	2.1e-10
20.510000	0.000000	2.0e-10
20.520000	0.000000	2.0e-10
20.530000	0.000000	2.0e-10
20.540000	0.000000	2.0e-10
20.550000	0.000000	1.9e-10
20.560000	0.000000	1.9e-10
20.570000	0.000000	1.9e-10
20.580000	0.000000	1.8e-10
20.590000	0.000000	1.8e-10
20.600000	0.000000	1.8e-10
20.610000	0.000000	1.8e-10
20.620000	0.000000	1.7e-10
20.630000	0.000000	1.7e-10
20.640000	0.000000	1.7e-10
20.650000	0.000000	1.7e-10
20.660000	0.000000	1.6e-10
20.670000	0.000000	1.6e-10
20.680000	0.000000	1.6e-10
20.690000	0.000000	1.6e-10
20.700000	0.000000	1.5e-10
20.710000	0.000000	1.5e-10
20.720000	0.000000	1.5e-10
20.730000	0.000000	1.5e-10
20.740000	0.000000	1.5e-10
20.750000	0.000000	1.4e-10
20.760000	0.000000	1.4e-10
20.770000	0.000000	1.4e-10
20.780000	0.000000	1.4e-10
20.790000	0.000000	1.4e-10
20.800000	0.000000	1.3e-10
20.810000	0.000000	1.3e-10
20.820000	0.000000	1.3e-10
20.830000	0.000000	1.3e-10
20.840000	0.000000	1.3e-10
20.850000	0.000000	1.2e-10
20.860000	0.000000	1.2e-10
20.870000	0.000000	1.2e-10
20.880000	0.000000	1.2e-10
20.890000	0.000000	1.2e-10
20.900000	0.000000	1.2e-10
20.910000	0.000000	1.1e-10
20.920000	0.000000	1.1e-10
20.930000	0.000000	1.1e-10
20.940000	0.000000	1.1e-10
20.950000	0.000000	1.1e-10
20.960000	0.000000	1.1e-10
20.970000	0.000000	1.0e-10
20.980000	0.000000	1.0e-10
20.990000	0.000000	1.0e-10
21.000000	0.000000	9.9e-11
21.010000	0.000000	9.8e-11
21.020000	0.000000	9.6e-11
21.030000	0.000000	9.5e-11
21.040000	0.000000	9.4e-11
21.050000	0.000000	9.3e-11
21.060000	0.000000	9.1e-11
21.070000	0.000000	9.0e-11
21.080000	0.000000	8.9e-11
21.090000	0.000000	8.7e-11
21.100000	0.000000	8.6e-11
21.110000	0.000000	8.5e-11
21.120000	0.000000	8.4e-11
21.130000	0.000000	8.2e-11
21.140000	0.000000	8.1e-11
21.150000	0.000000	8.0e-11
21.160000	0.000000	7.9e-11
21.170000	0.000000	7.8e-11
21.180000	0.000000	7.7e-11
21.190000	0.000000	7.5e-11
21.200000	0.000000	7.4e-11
21.210000	0.000000	7.3e-11
21.220000	0.000000	7.2e-11
21.230000	0.000000	7.1e-11
21.240000	0.000000	7.0e-11
21.250000	0.000000	6.9e-11
21.260000	0.000000	6.8e-11
21.270000	0.000000	6.7e-11
21.280000	0.000000	6.6e-11
21.290000	0.000000	6.5e-11
21.300000	0.000000	6.4e-11
21.310000	0.000000	6.3e-11
21.320000	0.000000	6.2e-11
21.330000	0.000000	6.1e-11
21.340000	0.000000	6.1e-11
21.350000	0.000000	6.0e-11
21.360000	0.000000	5.9e-11
21.370000	0.000000	5.8e-11
21.380000	0.000000	5.7e-11
21.390000	0.000000	5.6e-11
21.400000	0.000000	5.6e-11
21.410000	0.000000	5.5e-11
21.420000	0.000000	5.4e-11
21.430000	0.000000	5.3e-11
21.440000	0.000000	5.2e-11
21.450000	0.000000	5.2e-11
21.460000	0.000000	5.1e-11
21.470000	0.000000	5.0e-11
21.480000	0.000000	4.9e-11
21.490000	0.000000	4.9e-11
21.500000	0.000000	4.8e-11
21.510000	0.000000	4.7e-11
21.520000	0.000000	4.7e-11
21.530000	0.000000	4.6e-11
21.540000	0.000000	4.5e-11
21.550000	0.000000	4.4e-11
21.560000	0.000000	4.4e-11
21.570000	0.000000	4.3e-11
21.580000	0.000000	4.3e-11
21.590000	0.000000	4.2e-11
21.600000	0.000000	4.1e-11
21.610000	0.000000	4.1e-11
21.620000	0.000000	4.0e-11
21.630000	0.000000	4.0e-11
21.640000	0.000000	3.9e-11
21.650000	0.000000	3.8e-11
21.660000	0.000000	3.7e-11
21.670000	0.000000	3.7e-11
21.680000	0.000000	3.6e-11
21.690000	0.000000	3.6e-11
21.700000	0.000000	3.5e-11
21.710000	0.000000	3.5e-11
21.720000	0.000000	3.4e-11
21.730000	0.000000	3.4e-11
21.740000	0.000000	3.3e-11
21.750000	0.000000	3.3e-11
21.760000	0.000000	3.2e-11
21.770000	0.000000	3.2e-11
21.780000	0.000000	3.1e-11
21.790000	0.000000	3.1e-11
21.800000	0.000000	3.0e-11
21.810000	0.000000	3.0e-11
21.820000	0.000000	3.0e-11
21.830000	0.000000	2.9e-11
21.840000	0.000000	2.9e-11
21.850000	0.000000	2.8e-11
21.860000	0.000000	2.8e-11
21.870000	0.000000	2.7e-11
21.880000	0.000000	2.7e-11
21.890000	0.000000	2.7e-11
21.900000	0.000000	2.6e-11
21.910000	0.000000	2.6e-11
21.920000	0.000000	2.6e-11
21.930000	0.000000	2.5e-11
21.940000	0.000000	2.5e-11
21.950000	0.000000	2.4e-11
21.960000	0.000000	2.4e-11
21.970000	0.000000	2.4e-11
21.980000	0.000000	2.3e-11
21.990000	0.000000	2.3e-11
22.000000	0.000000	2.3e-11
22.010000	0.000000	2.2e-11
22.020000	0.000000	2.2e-11
22.030000	0.000000	2.2e-11
22.040000	0.000000	2.2e-11
22.050000	0.000000	2.1e-11
22.060000	0.000000	2.1e-11
22.070000	0.000000	2.1e-11
22.080000	0.000000	2.0e-11
22.090000	0.000000	2.0e-11
22.100000	0.000000	2.0e-11
22.110000	0.000000	1.9e-11
22.120000	0.000000	1.9e-11
22.130000	0.000000	1.9e-11
22.140000	0.000000	1.9e-11
22.150000	0.000000	1.8e-11
22.160000	0.000000	1.8e-11
22.170000	0.000000	1.8e-11
22.180000	0.000000	1.8e-11
22.190000	0.000000	1.7e-11
22.200000	0.000000	1.7e-11
22.210000	0.000000	1.7e-11
22.220000	0.000000	1.7e-11
22.230000	0.000000	1.6e-11
22.240000	0.000000	1.6e-11
22.250000	0.000000	1.6e-11
22.260000	0.000000	1.6e-11
22.270000	0.000000	1.5e-11
22.280000	0.000000	1.5e-11
22.290000	0.000000	1.5e-11
22.300000	0.000000	1.5e-11
22.310000	0.000000	1.5e-11
22.320000	0.000000	1.4e-11
22.330000	0.000000	1.4e-11
22.340000	0.000000	1.4e-11
22.350000	0.000000	1.4e-11
22.360000	0.000000	1.3e-11
22.370000	0.000000	1.3e-11
22.380000	0.000000	1.3e-11
22.390000	0.000000	1.3e-11
22.400000	0.000000	1.3e-11
22.410000	0.000000	1.2e-11
22.420000	0.000000	1.2e-11
22.430000	0.000000	1.2e-11
22.440000	0.000000	1.2e-11
22.450000	0.000000	1.2e-11
22.460000	0.000000	1.2e-11
22.470000	0.000000	1.1e-11
22.480000	0.000000	1.1e-11
22.490000	0.000000	1.1e-11
22.500000	0.000000	1.1e-11
22.510000	0.000000	1.1e-11
22.520000	0.000000	1.1e-11
22.530000	0.000000	1.1e-11
22.540000	0.000000	1.0e-11
22.550000	0.000000	1.0e-11
22.560000	0.000000	1.0e-11
22.570000	0.000000	1.0e-11
22.580000	0.000000	9.8e-12
22.590000	0.000000	9.7e-12
22.600000	0.000000	9.5e-12
22.610000	0.000000	9.4e-12
22.620000	0.000000	9.2e-12
22.630000	0.000000	9.1e-12
22.640000	0.000000	9.0e-12
22.650000	0.000000	8.8e-12
22.660000	0.000000	8.7e-12
22.670000	0.000000	8.6e-12
22.680000	0.000000	8.4e-12
22.690000	0.000000	8.3e-12
22.700000	0.000000	8.2e-12
22.710000	0.000000	8.1e-12
22.720000	0.000000	8.0e-12
22.730000	0.000000	7.9e-12
22.740000	0.000000	7.8e-12
22.750000	0.000000	7.7e-12
22.760000	0.000000	7.6e-12
22.770000	0.000000	7.5e-12
22.780000	0.000000	7.3e-12
22.790000	0.000000	7.2e-12
22.800000	0.000000	7.1e-12
22.810000	0.000000	7.0e-12
22.820000	0.000000	6.9e-12
22.830000	0.000000	6.8e-12
22.840000	0.000000	6.7e-12
22.850000	0.000000	6.6e-12
22.860000	0.000000	6.5e-12
22.870000	0.000000	6.4e-12
22.880000	0.000000	6.3e-12
22.890000	0.000000	6.2e-12
22.900000	0.000000	6.1e-12
22.910000	0.000000	6.0e-12
22.920000	0.000000	5.9e-12
22.930000	0.000000	5.6e-12
22.940000	0.000000	5.5e-12
22.950000	0.000000	5.4e-12
22.960000	0.000000	5.3e-12
22.970000	0.000000	5.3e-12
22.980000	0.000000	5.2e-12
22.990000	0.000000	5.1e-12
23.000000	0.000000	5.1e-12
23.010000	0.000000	5.0e-12
23.020000	0.000000	4.9e-12
23.030000	0.000000	4.9e-12
23.040000	0.000000	4.8e-12
23.050000	0.000000	4.7e-12
23.060000	0.000000	4.7e-12
23.070000	0.000000	4.6e-12
23.080000	0.000000	4.5e-12
23.090000	0.000000	4.5e-12
23.100000	0.000000	4.4e-12
23.110000	0.000000	4.3e-12
23.120000	0.000000	4.3e-12
23.130000	0.000000	4.2e-12
23.140000	0.000000	4.1e-12
23.150000	0.000000	4.1e-12
23.160000	0.000000	4.0e-12
23.170000	0.000000	4.0e-12
23.180000	0.000000	3.9e-12
23.190000	0.000000	3.8e-12
23.200000	0.000000	3.8e-12
23.210000	0.000000	3.7e-12
23.220000	0.000000	3.7e-12
23.230000	0.000000	3.6e-12
23.240000	0.000000	3.6e-12
23.250000	0.000000	3.5e-12
23.260000	0.000000	3.5e-12
23.270000	0.000000	3.4e-12
23.280000	0.000000	3.4e-12
23.290000	0.000000	3.3e-12
23.300000	0.000000	3.3e-12
23.310000	0.000000	3.2e-12
23.320000	0.000000	3.2e-12
23.330000	0.000000	3.1e-12
23.340000	0.000000	3.1e-12
23.350000	0.000000	3.1e-12
23.360000	0.000000	3.0e-12
23.370000	0.000000	3.0e-12
23.380000	0.000000	2.9e-12
23.390000	0.000000	2.9e-12
23.400000	0.000000	2.8e-12
23.410000	0.000000	2.8e-12
23.420000	0.000000	2.8e-12
23.430000	0.000000	2.7e-12
23.440000	0.000000	2.7e-12
23.450000	0.000000	2.6e-12
23.460000	0.000000	2.6e-12
23.470000	0.000000	2.5e-12
23.480000	0.000000	2.5e-12
23.490000	0.000000	2.5e-12
23.500000	0.000000	2.4e-12
23.510000	0.000000	2.4e-12
23.520000	0.000000	2.4e-12
23.530000	0.000000	2.3e-12
23.540000	0.000000	2.3e-12
23.550000	0.000000	2.3e-12
23.560000	0.000000	2.2e-12
23.570000	0.000000	2.2e-12
23.580000	0.000000	2.2e-12
23.590000	0.000000	2.2e-12
23.600000	0.000000	2.1e-12
23.610000	0.000000	2.1e-12
23.620000	0.000000	2.1e-12
23.630000	0.000000	2.0e-12
23.640000	0.000000	2.0e-12
23.650000	0.000000	2.0e-12
23.660000	0.000000	2.0e-12
23.670000	0.000000	1.9e-12
23.680000	0.000000	1.9e-12
23.690000	0.000000	1.9e-12
23.700000	0.000000	1.8e-12
23.710000	0.000000	1.8e-12
23.720000	0.000000	1.8e-12
23.730000	0.000000	1.8e-12
23.740000	0.000000	1.7e-12
23.750000	0.000000	1.7e-12
23.760000	0.000000	1.7e-12
23.770000	0.000000	1.6e-12
23.780000	0.000000	1.6e-12
23.790000	0.000000	1.6e-12
23.800000	0.000000	1.6e-12
23.810000	0.000000	1.6e-12
23.820000	0.000000	1.5e-12
23.830000	0.000000	1.5e-12
23.840000	0.000000	1.5e-12
23.850000	0.000000	1.5e-12
23.860000	0.000000	1.5e-12
23.870000	0.000000	1.4e-12
23.880000	0.000000	1.4e-12
23.890000	0.000000	1.4e-12
23.900000	0.000000	1.4e-12
23.910000	0.000000	1.4e-12
23.920000	0.000000	1.3e-12
23.930000	0.000000	1.3e-12
23.940000	0.000000	1.3e-12
23.950000	0.000000	1.3e-12
23.960000	0.000000	1.3e-12
23.970000	0.000000	1.2e-12
23.980000	0.000000	1.2e-12
23.990000	0.000000	1.2e-12
24.000000	0.000000	1.2e-12
24.010000	0.000000	1.2e-12
24.020000	0.000000	1.1e-12
24.030000	0.000000	1.1e-12
24.040000	0.000000	1.1e-12
24.050000	0.000000	1.1e-12
24.060000	0.000000	1.1e-12
24.070000	0.000000	1.1e-12
24.080000	0.000000	1.0e-12
24.090000	0.000000	1.0e-12
24.100000	0.000000	1.0e-12
24.110000	0.000000	1.0e-12
24.120000	0.000000	1.0e-12
24.130000	0.000000	9.8e-13
24.140000	0.000000	9.7e-13
24.150000	0.000000	9.6e-13
24.160000	0.000000	9.4e-13
24.170000	0.000000	9.3e-13
24.180000	0.000000	9.2e-13
24.190000	0.000000	9.1e-13
24.200000	0.000000	8.9e-13
24.210000	0.000000	8.8e-13
24.220000	0.000000	8.7e-13
24.230000	0.000000	8.5e-13
24.240000	0.000000	8.4e-13
24.250000	0.000000	8.3e-13
24.260000	0.000000	8.1e-13
24.270000	0.000000	8.0e-13
24.280000	0.000000	7.9e-13
24.290000	0.000000	7.8e-13
24.300000	0.000000	7.6e-13
24.310000	0.000000	7.5e-13
24.320000	0.000000	7.4e-13
24.330000	0.000000	7.3e-13
24.340000	0.000000	7.2e-13
24.350000	0.000000	7.1e-13
24.360000	0.000000	7.0e-13
24.370000	0.000000	6.9e-13
24.380000	0.000000	6.8e-13
24.390000	0.000000	6.7e-13
24.400000	0.000000	6.6e-13
24.410000	0.000000	6.6e-13
24.420000	0.000000	6.5e-13
24.430000	0.000000	6.4e-13
24.440000	0.000000	6.3e-13
24.450000	0.000000	6.2e-13
24.460000	0.000000	6.1e-13
24.470000	0.000000	6.0e-13
24.480000	0.000000	5.9e-13
24.490000	0.000000	5.9e-13
24.500000	0.000000	5.8e-13
24.510000	0.000000	5.7e-13
24.520000	0.000000	5.6e-13
24.530000	0.000000	5.5e-13
24.540000	0.000000	5.4e-13
24.550000	0.000000	5.3e-13
24.560000	0.000000	5.3e-13
24.570000	0.000000	5.2e-13
24.580000	0.000000	5.1e-13
24.590000	0.000000	5.0e-13
24.600000	0.000000	4.9e-13
24.610000	0.000000	4.9e-13
24.620000	0.000000	4.8e-13
24.630000	0.000000	4.7e-13
24.640000	0.000000	4.7e-13
24.650000	0.000000	4.6e-13
24.660000	0.000000	4.5e-13
24.670000	0.000000	4.5e-13
24.680000	0.000000	4.4e-13
24.690000	0.000000	4.4e-13
24.700000	0.000000	4.3e-13
24.710000	0.000000	4.3e-13
24.720000	0.000000	4.2e-13
24.730000	0.000000	4.1e-13
24.740000	0.000000	4.1e-13
24.750000	0.000000	4.0e-13
24.760000	0.000000	4.0e-13
24.770000	0.000000	3.9e-13
24.780000	0.000000	3.8e-13
24.790000	0.000000	3.8e-13
24.800000	0.000000	3.7e-13
24.810000	0.000000	3.7e-13
24.820000	0.000000	3.6e-13
24.830000	0.000000	3.6e-13
24.840000	0.000000	3.5e-13
24.850000	0.000000	3.5e-13
24.860000	0.000000	3.4e-13
24.870000	0.000000	3.3e-13
24.880000	0.000000	3.3e-13
24.890000	0.000000	3.2e-13
24.900000	0.000000	3.2e-13
24.910000	0.000000	3.2e-13
24.920000	0.000000	3.1e-13
24.930000	0.000000	3.1e-13
24.940000	0.000000	3.0e-13
24.950000	0.000000	3.0e-13
24.960000	0.000000	3.0e-13
24.970000	0.000000	2.9e-13
24.980000	0.000000	2.9e-13
24.990000	0.000000	2.8e-13
25.000000	0.000000	2.8e-13
25.010000	0.000000	2.8e-13
25.020000	0.000000	2.7e-13
25.030000	0.000000	2.7e-13
25.040000	0.000000	2.6e-13
25.050000	0.000000	2.6e-13
25.060000	0.000000	2.6e-13
25.070000	0.000000	2.5e-13
25.080000	0.000000	2.5e-13
25.090000	0.000000	2.4e-13
25.100000	0.000000	2.4e-13
25.110000	0.000000	2.4e-13
25.120000	0.000000	2.3e-13
25.130000	0.000000	2.3e-13
25.140000	0.000000	2.3e-13
25.150000	0.000000	2.2e-13
25.160000	0.000000	2.2e-13
25.170000	0.000000	2.2e-13
25.180000	0.000000	2.1e-13
25.190000	0.000000	2.1e-13
25.200000	0.000000	2.1e-13
25.210000	0.000000	2.0e-13
25.220000	0.000000	2.0e-13
25.230000	0.000000	2.0e-13
25.240000	0.000000	2.0e-13
25.250000	0.000000	1.9e-13
25.260000	0.000000	1.9e-13
25.270000	0.000000	1.9e-13
25.280000	0.000000	1.9e-13
25.290000	0.000000	1.8e-13
25.300000	0.000000	1.8e-13
25.310000	0.000000	1.8e-13
25.320000	0.000000	1.8e-13
25.330000	0.000000	1.7e-13
25.340000	0.000000	1.7e-13
25.350000	0.000000	1.7e-13
25.360000	0.000000	1.7e-13
25.370000	0.000000	1.6e-13
25.380000	0.000000	1.6e-13
25.390000	0.000000	1.6e-13
25.400000	0.000000	1.6e-13
25.410000	0.000000	1.5e-13
25.420000	0.000000	1.5e-13
25.430000	0.000000	1.5e-13
25.440000	0.000000	1.5e-13
25.450000	0.000000	1.4e-13
25.460000	0.000000	1.4e-13
25.470000	0.000000	1.4e-13
25.480000	0.000000	1.4e-13
25.490000	0.000000	1.4e-13
25.500000	0.000000	1.3e-13
25.510000	0.000000	1.3e-13
25.520000	0.000000	1.3e-13
25.530000	0.000000	1.3e-13
25.540000	0.000000	1.3e-13
25.550000	0.000000	1.3e-13
25.560000	0.000000	1.2e-13
25.570000	0.000000	1.2e-13
25.580000	0.000000	1.2e-13
25.590000	0.000000	1.2e-13
25.600000	0.000000	1.2e-13
25.610000	0.000000	1.2e-13
25.620000	0.000000	1.1e-13
25.630000	0.000000	1.1e-13
25.640000	0.000000	1.1e-13
25.650000	0.000000	1.1e-13
25.660000	0.000000	1.1e-13
25.670000	0.000000	1.1e-13
25.680000	0.000000	1.0e-13
25.690000	0.000000	1.0e-13
25.700000	0.000000	1.0e-13
25.710000	0.000000	9.9e-14
25.720000	0.000000	9.8e-14
25.730000	0.000000	9.6e-14
25.740000	0.000000	9.5e-14
25.750000	0.000000	9.4e-14
25.760000	0.000000	9.2e-14
25.770000	0.000000	9.1e-14
25.780000	0.000000	9.0e-14
25.790000	0.000000	8.9e-14
25.800000	0.000000	8.8e-14
25.810000	0.000000	8.6e-14
25.820000	0.000000	8.5e-14
25.830000	0.000000	8.4e-14
25.840000	0.000000	8.3e-14
25.850000	0.000000	8.2e-14
25.860000	0.000000	8.1e-14
25.870000	0.000000	7.9e-14
25.880000	0.000000	7.8e-14
25.890000	0.000000	7.7e-14
25.900000	0.000000	7.6e-14
25.910000	0.000000	7.5e-14
25.920000	0.000000	7.4e-14
25.930000	0.000000	7.3e-14
25.940000	0.000000	7.2e-14
25.950000	0.000000	7.1e-14
25.960000	0.000000	6.9e-14
25.970000	0.000000	6.8e-14
25.980000	0.000000	6.7e-14
25.990000	0.000000	6.6e-14
26.000000	0.000000	6.5e-14
26.010000	0.000000	6.4e-14
26.020000	0.000000	6.3e-14
26.030000	0.000000	6.2e-14
26.040000	0.000000	6.2e-14
26.050000	0.000000	6.1e-14
26.060000	0.000000	6.0e-14
26.070000	0.000000	5.9e-14
26.080000	0.000000	5.8e-14
26.090000	0.000000	5.8e-14
26.100000	0.000000	5.7e-14
26.110000	0.000000	5.6e-14
26.120000	0.000000	5.5e-14
26.130000	0.000000	5.5e-14
26.140000	0.000000	5.4e-14
26.150000	0.000000	5.3e-14
26.160000	0.000000	5.2e-14
26.170000	0.000000	5.2e-14
26.180000	0.000000	5.1e-14
26.190000	0.000000	5.0e-14
26.200000	0.000000	4.9e-14
26.210000	0.000000	4.9e-14
26.220000	0.000000	4.8e-14
26.230000	0.000000	4.7e-14
26.240000	0.000000	4.6e-14
26.250000	0.000000	4.6e-14
26.260000	0.000000	4.5e-14
26.270000	0.000000	4.4e-14
26.280000	0.000000	4.4e-14
26.290000	0.000000	4.3e-14
26.300000	0.000000	4.2e-14
26.310000	0.000000	4.2e-14
26.320000	0.000000	4.1e-14
26.330000	0.000000	4.1e-14
26.340000	0.000000	4.0e-14
26.350000	0.000000	4.0e-14
26.360000	0.000000	3.9e-14
26.370000	0.000000	3.8e-14
26.380000	0.000000	3.8e-14
26.390000	0.000000	3.7e-14
26.400000	0.000000	3.7e-14
26.410000	0.000000	3.6e-14
26.420000	0.000000	3.6e-14
26.430000	0.000000	3.5e-14
26.440000	0.000000	3.5e-14
26.450000	0.000000	3.4e-14
26.460000	0.000000	3.4e-14
26.470000	0.000000	3.3e-14
26.480000	0.000000	3.3e-14
26.490000	0.000000	3.2e-14
26.500000	0.000000	3.2e-14
26.510000	0.000000	3.1e-14
26.520000	0.000000	3.1e-14
26.530000	0.000000	3.0e-14
26.540000	0.000000	3.0e-14
26.550000	0.000000	3.0e-14
26.560000	0.000000	2.9e-14
26.570000	0.000000	2.9e-14
26.580000	0.000000	2.8e-14
26.590000	0.000000	2.8e-14
26.600000	0.000000	2.7e-14
26.610000	0.000000	2.7e-14
26.620000	0.000000	2.7e-14
26.630000	0.000000	2.6e-14
26.640000	0.000000	2.6e-14
26.650000	0.000000	2.6e-14
26.660000	0.000000	2.5e-14
26.670000	0.000000	2.5e-14
26.680000	0.000000	2.5e-14
26.690000	0.000000	2.4e-14
26.700000	0.000000	2.4e-14
26.710000	0.000000	2.4e-14
26.720000	0.000000	2.3e-14
26.730000	0.000000	2.3e-14
26.740000	0.000000	2.3e-14
26.750000	0.000000	2.2e-14
26.760000	0.000000	2.2e-14
26.770000	0.000000	2.2e-14
26.780000	0.000000	2.1e-14
26.790000	0.000000	2.1e-14
26.800000	0.000000	2.1e-14
26.810000	0.000000	2.0e-14
26.820000	0.000000	2.0e-14
26.830000	0.000000	2.0e-14
26.840000	0.000000	1.9e-14
26.850000	0.000000	1.9e-14
26.860000	0.000000	1.9e-14
26.870000	0.000000	1.9e-14
26.880000	0.000000	1.8e-14
26.890000	0.000000	1.8e-14
26.900000	0.000000	1.8e-14
26.910000	0.000000	1.8e-14
26.920000	0.000000	1.7e-14
26.930000	0.000000	1.7e-14
26.940000	0.000000	1.7e-14
26.950000	0.000000	1.7e-14
26.960000	0.000000	1.6e-14
26.970000	0.000000	1.6e-14
26.980000	0.000000	1.6e-14
26.990000	0.000000	1.6e-14
27.000000	0.000000	1.6e-14
27.010000	0.000000	1.5e-14
27.020000	0.000000	1.5e-14
27.030000	0.000000	1.5e-14
27.040000	0.000000	1.5e-14
27.050000	0.000000	1.4e-14
27.060000	0.000000	1.4e-14
27.070000	0.000000	1.4e-14
27.080000	0.000000	1.4e-14
27.090000	0.000000	1.4e-14
27.100000	0.000000	1.3e-14
27.110000	0.000000	1.3e-14
27.120000	0.000000	1.3e-14
27.130000	0.000000	1.3e-14
27.140000	0.000000	1.3e-14
27.150000	0.000000	1.2e-14
27.160000	0.000000	1.2e-14
27.170000	0.000000	1.2e-14
27.180000	0.000000	1.2e-14
27.190000	0.000000	1.2e-14
27.200000	0.000000	1.2e-14
27.210000	0.000000	1.1e-14
27.220000	0.000000	1.1e-14
27.230000	0.000000	1.1e-14
27.240000	0.000000	1.1e-14
27.250000	0.000000	1.1e-14
27.260000	0.000000	1.1e-14
27.270000	0.000000	1.1e-14
27.280000	0.000000	1.0e-14
27.290000	0.000000	1.0e-14
27.300000	0.000000	1.0e-14
27.310000	0.000000	1.0e-14
27.320000	0.000000	9.8e-15
27.330000	0.000000	9.7e-15
27.340000	0.000000	9.5e-15
27.350000	0.000000	9.4e-15
27.360000	0.000000	9.2e-15
27.370000	0.000000	9.1e-15
27.380000	0.000000	8.9e-15
27.390000	0.000000	8.8e-15
27.400000	0.000000	8.7e-15
27.410000	0.000000	8.5e-15
27.420000	0.000000	8.4e-15
27.430000	0.000000	8.3e-15
27.440000	0.000000	8.2e-15
27.450000	0.000000	8.1e-15
27.460000	0.000000	8.0e-15
27.470000	0.000000	7.8e-15
27.480000	0.000000	7.7e-15
27.490000	0.000000	7.6e-15
27.500000	0.000000	7.5e-15
27.510000	0.000000	7.4e-15
27.520000	0.000000	7.3e-15
27.530000	0.000000	7.2e-15
27.540000	0.000000	7.1e-15
27.550000	0.000000	7.1e-15
27.560000	0.000000	7.0e-15
27.570000	0.000000	6.9e-15
27.580000	0.000000	6.8e-15
27.590000	0.000000	6.7e-15
27.600000	0.000000	6.6e-15
27.610000	0.000000	6.5e-15
27.620000	0.000000	6.4e-15
27.630000	0.000000	6.3e-15
27.640000	0.000000	6.2e-15
27.650000	0.000000	6.1e-15
27.660000	0.000000	6.0e-15
27.670000	0.000000	5.9e-15
27.680000	0.000000	5.8e-15
27.690000	0.000000	5.7e-15
27.700000	0.000000	5.6e-15
27.710000	0.000000	5.5e-15
27.720000	0.000000	5.5e-15
27.730000	0.000000	5.4e-15
27.740000	0.000000	5.3e-15
27.750000	0.000000	5.2e-15
27.760000	0.000000	5.2e-15
27.770000	0.000000	5.1e-15
27.780000	0.000000	5.0e-15
27.790000	0.000000	5.0e-15
27.800000	0.000000	4.9e-15
27.810000	0.000000	4.8e-15
27.820000	0.000000	4.8e-15
27.830000	0.000000	4.7e-15
27.840000	0.000000	4.6e-15
27.850000	0.000000	4.6e-15
27.860000	0.000000	4.5e-15
27.870000	0.000000	4.5e-15
27.880000	0.000000	4.4e-15
27.890000	0.000000	4.3e-15
27.900000	0.000000	4.3e-15
27.910000	0.000000	4.2e-15
27.920000	0.000000	4.1e-15
27.930000	0.000000	4.1e-15
27.940000	0.000000	4.0e-15
27.950000	0.000000	3.9e-15
27.960000	0.000000	3.9e-15
27.970000	0.000000	3.8e-15
27.980000	0.000000	3.7e-15
27.990000	0.000000	3.7e-15
28.000000	0.000000	3.6e-15
28.010000	0.000000	3.6e-15
28.020000	0.000000	3.6e-15
28.030000	0.000000	3.5e-15
28.040000	0.000000	3.5e-15
28.050000	0.000000	3.4e-15
28.060000	0.000000	3.4e-15
28.070000	0.000000	3.3e-15
28.080000	0.000000	3.3e-15
28.090000	0.000000	3.2e-15
28.100000	0.000000	3.2e-15
28.110000	0.000000	3.2e-15
28.120000	0.000000	3.1e-15
28.130000	0.000000	3.1e-15
28.140000	0.000000	3.0e-15
28.150000	0.000000	3.0e-15
28.160000	0.000000	2.9e-15
28.170000	0.000000	2.9e-15
28.180000	0.000000	2.8e-15
28.190000	0.000000	2.8e-15
28.200000	0.000000	2.8e-15
28.210000	0.000000	2.7e-15
28.220000	0.000000	2.7e-15
28.230000	0.000000	2.6e-15
28.240000	0.000000	2.6e-15
28.250000	0.000000	2.5e-15
28.260000	0.000000	2.5e-15
28.270000	0.000000	2.5e-15
28.280000	0.000000	2.4e-15
28.290000	0.000000	2.4e-15
28.300000	0.000000	2.4e-15
28.310000	0.000000	2.3e-15
28.320000	0.000000	2.3e-15
28.330000	0.000000	2.3e-15
28.340000	0.000000	2.3e-15
28.350000	0.000000	2.2e-15
28.360000	0.000000	2.2e-15
28.370000	0.000000	2.2e-15
28.380000	0.000000	2.1e-15
28.390000	0.000000	2.1e-15
28.400000	0.000000	2.1e-15
28.410000	0.000000	2.0e-15
28.420000	0.000000	2.0e-15
28.430000	0.000000	2.0e-15
28.440000	0.000000	2.0e-15
28.450000	0.000000	1.9e-15
28.460000	0.000000	1.9e-15
28.470000	0.000000	1.9e-15
28.480000	0.000000	1.8e-15
28.490000	0.000000	1.8e-15
28.500000	0.000000	1.8e-15
28.510000	0.000000	1.8e-15
28.520000	0.000000	1.7e-15
28.530000	0.000000	1.7e-15
28.540000	0.000000	1.7e-15
28.550000	0.000000	1.6e-15
28.560000	0.000000	1.6e-15
28.570000	0.000000	1.6e-15
28.580000	0.000000	1.6e-15
28.590000	0.000000	1.6e-15
28.600000	0.000000	1.5e-15
28.610000	0.000000	1.5e-15
28.620000	0.000000	1.5e-15
28.630000	0.000000	1.5e-15
28.640000	0.000000	1.5e-15
28.650000	0.000000	1.4e-15
28.660000	0.000000	1.4e-15
28.670000	0.000000	1.4e-15
28.680000	0.000000	1.4e-15
28.690000	0.000000	1.4e-15
28.700000	0.000000	1.4e-15
28.710000	0.000000	1.3e-15
28.720000	0.000000	1.3e-15
28.730000	0.000000	1.3e-15
28.740000	0.000000	1.3e-15
28.750000	0.000000	1.3e-15
28.760000	0.000000	1.2e-15
28.770000	0.000000	1.2e-15
28.780000	0.000000	1.2e-15
28.790000	0.000000	1.2e-15
28.800000	0.000000	1.2e-15
28.810000	0.000000	1.1e-15
28.820000	0.000000	1.1e-15
28.830000	0.000000	1.1e-15
28.840000	0.000000	1.1e-15
28.850000	0.000000	1.1e-15
28.860000	0.000000	1.1e-15
28.870000	0.000000	1.0e-15
28.880000	0.000000	1.0e-15
28.890000	0.000000	1.0e-15
28.900000	0.000000	1.0e-15
28.910000	0.000000	9.9e-16
28.920000	0.000000	9.8e-16
28.930000	0.000000	9.7e-16
28.940000	0.000000	9.6e-16
28.950000	0.000000	9.4e-16
28.960000	0.000000	9.3e-16
28.970000	0.000000	9.2e-16
28.980000	0.000000	9.0e-16
28.990000	0.000000	8.9e-16
29.000000	0.000000	8.8e-16
29.010000	0.000000	8.6e-16
29.020000	0.000000	8.5e-16
29.030000	0.000000	8.4e-16
29.040000	0.000000	8.2e-16
29.050000	0.000000	8.1e-16
29.060000	0.000000	8.0e-16
29.070000	0.000000	7.9e-16
29.080000	0.000000	7.7e-16
29.090000	0.000000	7.6e-16
29.100000	0.000000	7.5e-16
29.110000	0.000000	7.4e-16
29.120000	0.000000	7.3e-16
29.130000	0.000000	7.2e-16
29.140000	0.000000	7.1e-16
29.150000	0.000000	7.0e-16
29.160000	0.000000	6.9e-16
29.170000	0.000000	6.8e-16
29.180000	0.000000	6.7e-16
29.190000	0.000000	6.7e-16
29.200000	0.000000	6.6e-16
29.210000	0.000000	6.5e-16
29.220000	0.000000	6.4e-16
29.230000	0.000000	6.3e-16
29.240000	0.000000	6.2e-16
29.250000	0.000000	6.1e-16
29.260000	0.000000	6.0e-16
29.270000	0.000000	6.0e-16
29.280000	0.000000	5.9e-16
29.290000	0.000000	5.8e-16
29.300000	0.000000	5.7e-16
29.310000	0.000000	5.6e-16
29.320000	0.000000	5.5e-16
29.330000	0.000000	5.4e-16
29.340000	0.000000	5.3e-16
29.350000	0.000000	5.3e-16
29.360000	0.000000	5.2e-16
29.370000	0.000000	5.1e-16
29.380000	0.000000	5.0e-16
29.390000	0.000000	4.9e-16
29.400000	0.000000	4.9e-16
29.410000	0.000000	4.8e-16
29.420000	0.000000	4.7e-16
29.430000	0.000000	4.7e-16
29.440000	0.000000	4.6e-16
29.450000	0.000000	4.6e-16
29.460000	0.000000	4.5e-16
29.470000	0.000000	4.5e-16
29.480000	0.000000	4.4e-16
29.490000	0.000000	4.3e-16
29.500000	0.000000	4.3e-16
29.510000	0.000000	4.2e-16
29.520000	0.000000	4.2e-16
29.530000	0.000000	4.1e-16
29.540000	0.000000	4.0e-16
29.550000	0.000000	4.0e-16
29.560000	0.000000	3.9e-16
29.570000	0.000000	3.9e-16
29.580000	0.000000	3.8e-16
29.590000	0.000000	3.7e-16
29.600000	0.000000	3.7e-16
29.610000	0.000000	3.6e-16
29.620000	0.000000	3.6e-16
29.630000	0.000000	3.5e-16
29.640000	0.000000	3.5e-16
29.650000	0.000000	3.4e-16
29.660000	0.000000	3.4e-16
29.670000	0.000000	3.3e-16
29.680000	0.000000	3.3e-16
29.690000	0.000000	3.2e-16
29.700000	0.000000	3.2e-16
29.710000	0.000000	3.1e-16
29.720000	0.000000	3.1e-16
29.730000	0.000000	3.1e-16
29.740000	0.000000	3.0e-16
29.750000	0.000000	3.0e-16
29.760000	0.000000	2.9e-16
29.770000	0.000000	2.9e-16
29.780000	0.000000	2.9e-16
29.790000	0.000000	2.8e-16
29.800000	0.000000	2.8e-16
29.810000	0.000000	2.7e-16
29.820000	0.000000	2.7e-16
29.830000	0.000000	2.7e-16
29.840000	0.000000	2.6e-16
29.850000	0.000000	2.6e-16
29.860000	0.000000	2.5e-16
29.870000	0.000000	2.5e-16
29.880000	0.000000	2.5e-16
29.890000	0.000000	2.4e-16
29.900000	0.000000	2.4e-16
29.910000	0.000000	2.4e-16
29.920000	0.000000	2.3e-16
29.930000	0.000000	2.3e-16
29.940000	0.000000	2.2e-16
29.950000	0.000000	2.2e-16
29.960000	0.000000	2.2e-16
29.970000	0.000000	2.2e-16
29.980000	0.000000	2.1e-16
29.990000	0.000000	2.1e-16
30.000000	0.000000	2.1e-16
30.010000	0.000000	2.0e-16
30.020000	0.000000	2.0e-16
30.030000	0.000000	2.0e-16
30.040000	0.000000	2.0e-16
30.050000	0.000000	1.9e-16
30.060000	0.000000	1.9e-16
30.070000	0.000000	1.9e-16
30.080000	0.000000	1.9e-16
30.090000	0.000000	1.8e-16
