0.100000	0.000000	787566.093403
0.110000	0.000000	1034759.882944
0.120000	0.000000	459754.296492
0.130000	0.000000	682409.698343
0.140000	0.000000	276333.386023
0.150000	0.000000	107312.972940
0.160000	0.000000	91807.072306
0.170000	0.000000	82240.315756
0.180000	0.000000	96024.931922
0.190000	0.000000	95561.874257
0.200000	0.000000	79538.451438
0.210000	0.000000	83265.079852
0.220000	0.000000	72836.034298
0.230000	0.000000	84703.064446
0.240000	0.000000	95537.575684
0.250000	0.000000	70071.423487
0.260000	0.000000	101436.184253
0.270000	0.000000	47472.381506
0.280000	0.000000	75344.301439
0.290000	0.000000	49377.650346
0.300000	0.000000	52128.719437
0.310000	0.000000	39381.414964
0.320000	0.000000	36249.548966
0.330000	0.000000	41382.635558
0.340000	0.000000	36945.022417
0.350000	0.000000	30828.110000
0.360000	0.000000	43776.078820
0.370000	0.000000	49304.140925
0.380000	0.000000	27425.590425
0.390000	0.000000	29979.960364
0.400000	0.000000	24338.429835
0.410000	0.000000	22502.539157
0.420000	0.000000	24207.989173
0.430000	0.000000	23802.258305
0.440000	0.000000	19217.443396
0.450000	0.000000	20261.227540
0.460000	0.000000	17482.801605
0.470000	0.000000	17447.394640
0.480000	0.000000	16040.569866
0.490000	0.000000	27642.114875
0.500000	0.000000	22138.520963
0.510000	0.000000	13696.193809
0.520000	0.000000	14605.666538
0.530000	0.000000	14792.753270
0.540000	0.000000	12734.837501
0.550000	0.000000	13410.395771
0.560000	0.000000	17790.146539
0.570000	0.000000	19700.822316
0.580000	0.000000	13078.356666
0.590000	0.000000	12953.103018
0.600000	0.000000	10331.610338
0.610000	0.000000	10964.105464
0.620000	0.000000	13364.684345
0.630000	0.000000	11279.948076
0.640000	0.000000	10126.074312
0.650000	0.000000	125743.802040
0.660000	0.000000	73088.358807
0.670000	0.000000	14507.900731
0.680000	0.000000	10956.136666
0.690000	0.000000	34833.605339
0.700000	0.000000	44531.431856
0.710000	0.000000	125320.115797
0.720000	0.000000	267800.557806
0.730000	0.000000	41477.528137
0.740000	0.000000	138690.414449
0.750000	0.000000	21338.597732
0.760000	0.000000	87777.430097
0.770000	0.000000	197353.677073
0.780000	0.000000	74373.960147
0.790000	0.000000	68105.217282
0.800000	0.000000	109384.225990
0.810000	0.000000	81946.492916
0.820000	0.000000	224646.864849
0.830000	0.000000	136558.377296
0.840000	0.000000	76668.356365
0.850000	0.000000	108527.375858
0.860000	0.000000	161255.827895
0.870000	0.000000	156315.575540
0.880000	0.000000	56411.572983
0.890000	0.000000	68155.622001
0.900000	0.000000	87747.576695
0.910000	0.000000	124831.556322
0.920000	0.000000	73774.102737
0.930000	0.000000	29539.629418
0.940000	0.000000	29961.652225
0.950000	0.000000	42278.407358
0.960000	0.000000	54714.626289
0.970000	0.000000	24437.163361
0.980000	0.000000	17885.618286
0.990000	0.000000	28471.886331
1.000000	0.000000	42063.977805
1.010000	0.000000	72767.756469
1.020000	0.000000	51531.961216
1.030000	0.000000	8165.655906
1.040000	0.000000	9584.779747
1.050000	0.000000	10357.213074
1.060000	0.000000	10783.677583
1.070000	0.000000	25234.339055
1.080000	0.000000	21241.784474
1.090000	0.000000	22344.328784
1.100000	0.000000	17312.089991
1.110000	0.000000	14246.305119
1.120000	0.000000	11580.091174
1.130000	0.000000	6153.689285
1.140000	0.000000	16251.658621
1.150000	0.000000	11010.409846
1.160000	0.000000	15667.267107
1.170000	0.000000	16694.139788
1.180000	0.000000	11541.174474
1.190000	0.000000	7570.751439
1.200000	0.000000	7763.823556
1.210000	0.000000	8622.853055
1.220000	0.000000	5858.707413
1.230000	0.000000	4524.418825
1.240000	0.000000	4663.377546
1.250000	0.000000	5585.590453
1.260000	0.000000	3471.617434
1.270000	0.000000	8692.116720
1.280000	0.000000	2964.106870
1.290000	0.000000	2621.530807
1.300000	0.000000	3483.658199
1.310000	0.000000	3562.592772
1.320000	0.000000	2841.831025
1.330000	0.000000	2988.694990
1.340000	0.000000	3357.945703
1.350000	0.000000	2767.912456
1.360000	0.000000	2378.081157
1.370000	0.000000	2308.593965
1.380000	0.000000	1762.155527
1.390000	0.000000	1785.334188
1.400000	0.000000	1966.132260
1.410000	0.000000	1621.273754
1.420000	0.000000	1672.932100
1.430000	0.000000	1653.328975
1.440000	0.000000	1775.620893
1.450000	0.000000	1369.066889
1.460000	0.000000	1398.847893
1.470000	0.000000	1265.101021
1.480000	0.000000	1280.761127
1.490000	0.000000	1233.400529
1.500000	0.000000	1168.564406
1.510000	0.000000	1137.221108
1.520000	0.000000	1132.143601
1.530000	0.000000	1115.440021
1.540000	0.000000	1072.176680
1.550000	0.000000	1028.179205
1.560000	0.000000	1004.296449
1.570000	0.000000	997.014019
1.580000	0.000000	973.395426
1.590000	0.000000	945.107472
1.600000	0.000000	953.257901
1.610000	0.000000	929.781254
1.620000	0.000000	889.340086
1.630000	0.000000	864.675119
1.640000	0.000000	846.418201
1.650000	0.000000	844.005313
1.660000	0.000000	820.240233
1.670000	0.000000	798.333396
1.680000	0.000000	782.588579
1.690000	0.000000	766.407195
1.700000	0.000000	750.629187
1.710000	0.000000	735.489992
1.720000	0.000000	719.685616
1.730000	0.000000	704.935831
1.740000	0.000000	690.448337
1.750000	0.000000	677.088441
1.760000	0.000000	660.409049
1.770000	0.000000	645.872577
1.780000	0.000000	631.397948
1.790000	0.000000	618.713006
1.800000	0.000000	606.981430
1.810000	0.000000	594.650894
1.820000	0.000000	583.328937
1.830000	0.000000	572.286332
1.840000	0.000000	561.265430
1.850000	0.000000	550.271675
1.860000	0.000000	539.324478
1.870000	0.000000	528.767548
1.880000	0.000000	518.680304
1.890000	0.000000	508.685253
1.900000	0.000000	498.749596
1.910000	0.000000	488.805201
1.920000	0.000000	478.884933
1.930000	0.000000	469.044808
1.940000	0.000000	459.103503
1.950000	0.000000	448.926976
1.960000	0.000000	439.200993
1.970000	0.000000	429.493711
1.980000	0.000000	420.343116
1.990000	0.000000	412.374356
2.000000	0.000000	404.863465
2.010000	0.000000	397.439345
2.020000	0.000000	390.048750
2.030000	0.000000	382.719405
2.040000	0.000000	375.440048
2.050000	0.000000	368.280764
2.060000	0.000000	361.460208
2.070000	0.000000	354.906058
2.080000	0.000000	348.173082
2.090000	0.000000	341.557926
2.100000	0.000000	335.030214
2.110000	0.000000	328.706825
2.120000	0.000000	364.264923
2.130000	0.000000	337.322680
2.140000	0.000000	329.385099
2.150000	0.000000	354.203385
2.160000	0.000000	313.100649
2.170000	0.000000	289.461770
2.180000	0.000000	283.615632
2.190000	0.000000	278.166170
2.200000	0.000000	273.073595
2.210000	0.000000	268.099543
2.220000	0.000000	263.148994
2.230000	0.000000	258.231168
2.240000	0.000000	253.429330
2.250000	0.000000	248.890132
2.260000	0.000000	244.504708
2.270000	0.000000	240.694168
2.280000	0.000000	235.809590
2.290000	0.000000	231.777805
2.300000	0.000000	231.744728
2.310000	0.000000	223.200095
2.320000	0.000000	217.871749
2.330000	0.000000	213.578115
2.340000	0.000000	209.301139
2.350000	0.000000	205.068796
2.360000	0.000000	201.031112
2.370000	0.000000	197.150459
2.380000	0.000000	193.288758
2.390000	0.000000	189.450282
2.400000	0.000000	185.746820
2.410000	0.000000	182.313824
2.420000	0.000000	179.000219
2.430000	0.000000	175.717336
2.440000	0.000000	172.586054
2.450000	0.000000	169.415410
2.460000	0.000000	168.223906
2.470000	0.000000	163.821108
2.480000	0.000000	160.518176
2.490000	0.000000	157.549043
2.500000	0.000000	154.630149
2.510000	0.000000	155.938688
2.520000	0.000000	151.797023
2.530000	0.000000	145.947149
2.540000	0.000000	143.110218
2.550000	0.000000	140.371285
2.560000	0.000000	137.778238
2.570000	0.000000	135.409899
2.580000	0.000000	133.312525
2.590000	0.000000	130.234075
2.600000	0.000000	127.537008
2.610000	0.000000	124.938355
2.620000	0.000000	122.469259
2.630000	0.000000	120.589765
2.640000	0.000000	120.052421
2.650000	0.000000	116.537769
2.660000	0.000000	114.083237
2.670000	0.000000	112.075739
2.680000	0.000000	110.070544
2.690000	0.000000	108.194242
2.700000	0.000000	106.677611
2.710000	0.000000	104.727622
2.720000	0.000000	102.425971
2.730000	0.000000	100.965599
2.740000	0.000000	102.936417
2.750000	0.000000	111.138980
2.760000	0.000000	102.212588
2.770000	0.000000	104.734258
2.780000	0.000000	123.696346
2.790000	0.000000	90.698643
2.800000	0.000000	87.980441
2.810000	0.000000	86.256036
2.820000	0.000000	84.570570
2.830000	0.000000	82.954812
2.840000	0.000000	81.456411
2.850000	0.000000	80.023110
2.860000	0.000000	78.638715
2.870000	0.000000	77.347826
2.880000	0.000000	76.018258
2.890000	0.000000	74.600275
2.900000	0.000000	73.265091
2.910000	0.000000	71.942927
2.920000	0.000000	70.675865
2.930000	0.000000	69.416590
2.940000	0.000000	68.138131
2.950000	0.000000	66.929750
2.960000	0.000000	65.867520
2.970000	0.000000	64.479487
2.980000	0.000000	63.334124
2.990000	0.000000	62.188316
3.000000	0.000000	61.078063
3.010000	0.000000	59.909579
3.020000	0.000000	58.742397
3.030000	0.000000	58.211779
3.040000	0.000000	57.457612
3.050000	0.000000	55.914818
3.060000	0.000000	54.512641
3.070000	0.000000	54.095754
3.080000	0.000000	54.950789
3.090000	0.000000	74.254409
3.100000	0.000000	185.751002
3.110000	0.000000	79.194212
3.120000	0.000000	124.274973
3.130000	0.000000	243.875485
3.140000	0.000000	70.336630
3.150000	0.000000	46.326680
3.160000	0.000000	45.476363
3.170000	0.000000	44.731276
3.180000	0.000000	44.026702
3.190000	0.000000	43.236390
3.200000	0.000000	43.164200
3.210000	0.000000	42.546551
3.220000	0.000000	41.018850
3.230000	0.000000	40.167773
3.240000	0.000000	39.402616
3.250000	0.000000	38.683327
3.260000	0.000000	38.245591
3.270000	0.000000	38.992072
3.280000	0.000000	36.836302
3.290000	0.000000	36.028146
3.300000	0.000000	35.377402
3.310000	0.000000	35.022761
3.320000	0.000000	34.613050
3.330000	0.000000	33.611132
3.340000	0.000000	32.865258
3.350000	0.000000	32.610476
3.360000	0.000000	32.022537
3.370000	0.000000	31.233559
3.380000	0.000000	30.649215
3.390000	0.000000	30.140354
3.400000	0.000000	29.634572
3.410000	0.000000	29.151213
3.420000	0.000000	28.661016
3.430000	0.000000	28.420509
3.440000	0.000000	28.188692
3.450000	0.000000	27.229487
3.460000	0.000000	26.724484
3.470000	0.000000	29.511529
3.480000	0.000000	26.574928
3.490000	0.000000	26.455851
3.500000	0.000000	27.863837
3.510000	0.000000	25.668413
3.520000	0.000000	23.941518
3.530000	0.000000	23.434513
3.540000	0.000000	23.028057
3.550000	0.000000	22.677471
3.560000	0.000000	22.306643
3.570000	0.000000	21.940697
3.580000	0.000000	21.849823
3.590000	0.000000	21.612741
3.600000	0.000000	22.199956
3.610000	0.000000	30.627082
3.620000	0.000000	22.531179
3.630000	0.000000	19.815929
3.640000	0.000000	19.495509
3.650000	0.000000	19.039501
3.660000	0.000000	18.689923
3.670000	0.000000	18.786534
3.680000	0.000000	24.548655
3.690000	0.000000	21.636514
3.700000	0.000000	17.410689
3.710000	0.000000	17.083035
3.720000	0.000000	16.771140
3.730000	0.000000	16.488850
3.740000	0.000000	16.233612
3.750000	0.000000	15.957913
3.760000	0.000000	15.642873
3.770000	0.000000	15.673092
3.780000	0.000000	18.613150
3.790000	0.000000	16.817164
3.800000	0.000000	15.199750
3.810000	0.000000	14.805560
3.820000	0.000000	14.189695
3.830000	0.000000	14.036406
3.840000	0.000000	15.492055
3.850000	0.000000	28.280638
3.860000	0.000000	35.919449
3.870000	0.000000	29.106790
3.880000	0.000000	22.332353
3.890000	0.000000	29.138081
3.900000	0.000000	30.496316
3.910000	0.000000	12.067861
3.920000	0.000000	11.860457
3.930000	0.000000	11.674110
3.940000	0.000000	11.425406
3.950000	0.000000	11.228036
3.960000	0.000000	12.162372
3.970000	0.000000	10.887098
3.980000	0.000000	10.639964
3.990000	0.000000	10.454375
4.000000	0.000000	10.685883
4.010000	0.000000	10.273075
4.020000	0.000000	9.955417
4.030000	0.000000	9.971084
4.040000	0.000000	9.908563
4.050000	0.000000	9.711685
4.060000	0.000000	9.507219
4.070000	0.000000	9.273994
4.080000	0.000000	9.066419
4.090000	0.000000	8.836693
4.100000	0.000000	8.694247
4.110000	0.000000	8.560209
4.120000	0.000000	8.577093
4.130000	0.000000	8.285352
4.140000	0.000000	8.152104
4.150000	0.000000	8.000473
4.160000	0.000000	7.855289
4.170000	0.000000	7.712899
4.180000	0.000000	7.573922
4.190000	0.000000	7.443831
4.200000	0.000000	7.318419
4.210000	0.000000	7.193940
4.220000	0.000000	7.070655
4.230000	0.000000	6.987513
4.240000	0.000000	6.916875
4.250000	0.000000	6.752284
4.260000	0.000000	6.626380
4.270000	0.000000	6.526664
4.280000	0.000000	6.411105
4.290000	0.000000	6.301613
4.300000	0.000000	6.192130
4.310000	0.000000	6.087958
4.320000	0.000000	5.981255
4.330000	0.000000	5.948889
4.340000	0.000000	5.812458
4.350000	0.000000	5.687295
4.360000	0.000000	5.590846
4.370000	0.000000	5.492700
4.380000	0.000000	5.393621
4.390000	0.000000	5.298522
4.400000	0.000000	5.202728
4.410000	0.000000	5.108171
4.420000	0.000000	5.022014
4.430000	0.000000	4.947932
4.440000	0.000000	4.851095
4.450000	0.000000	4.771920
4.460000	0.000000	4.732063
4.470000	0.000000	4.650758
4.480000	0.000000	4.744929
4.490000	0.000000	4.520015
4.500000	0.000000	6.237389
4.510000	0.000000	5.332274
4.520000	0.000000	4.425962
4.530000	0.000000	4.223738
4.540000	0.000000	4.141722
4.550000	0.000000	4.044434
4.560000	0.000000	3.978253
4.570000	0.000000	4.277684
4.580000	0.000000	4.633634
4.590000	0.000000	3.778732
4.600000	0.000000	3.713166
4.610000	0.000000	3.650544
4.620000	0.000000	3.592874
4.630000	0.000000	3.519652
4.640000	0.000000	3.455460
4.650000	0.000000	3.403836
4.660000	0.000000	3.336708
4.670000	0.000000	3.279997
4.680000	0.000000	3.259007
4.690000	0.000000	3.235475
4.700000	0.000000	3.258730
4.710000	0.000000	3.462287
4.720000	0.000000	3.554097
4.730000	0.000000	3.354716
4.740000	0.000000	3.116418
4.750000	0.000000	2.961374
4.760000	0.000000	2.915260
4.770000	0.000000	2.786683
4.780000	0.000000	2.741278
4.790000	0.000000	2.697194
4.800000	0.000000	2.650859
4.810000	0.000000	2.629822
4.820000	0.000000	3.146817
4.830000	0.000000	2.715193
4.840000	0.000000	2.497014
4.850000	0.000000	2.479435
4.860000	0.000000	2.413673
4.870000	0.000000	2.343458
4.880000	0.000000	2.300841
4.890000	0.000000	2.261001
4.900000	0.000000	2.224320
4.910000	0.000000	2.189926
4.920000	0.000000	2.181976
4.930000	0.000000	2.208353
4.940000	0.000000	2.087653
4.950000	0.000000	2.053791
4.960000	0.000000	2.021035
4.970000	0.000000	1.987017
4.980000	0.000000	1.999111
4.990000	0.000000	1.929534
5.000000	0.000000	1.891588
5.010000	0.000000	1.861077
5.020000	0.000000	1.849539
5.030000	0.000000	1.811809
5.040000	0.000000	1.780928
5.050000	0.000000	1.754692
5.060000	0.000000	1.718565
5.070000	0.000000	1.687696
5.080000	0.000000	1.658549
5.090000	0.000000	1.624189
5.100000	0.000000	1.595884
5.110000	0.000000	1.566325
5.120000	0.000000	1.538687
5.130000	0.000000	1.515713
5.140000	0.000000	1.492445
5.150000	0.000000	1.470727
5.160000	0.000000	1.447824
5.170000	0.000000	1.423740
5.180000	0.000000	1.400716
5.190000	0.000000	1.378203
5.200000	0.000000	1.356137
5.210000	0.000000	1.334077
5.220000	0.000000	1.312361
5.230000	0.000000	1.291221
5.240000	0.000000	1.270474
5.250000	0.000000	1.250237
5.260000	0.000000	1.230111
5.270000	0.000000	1.210108
5.280000	0.000000	1.190111
5.290000	0.000000	1.170242
5.300000	0.000000	1.149604
5.310000	0.000000	1.129171
5.320000	0.000000	1.109271
5.330000	0.000000	1.089591
5.340000	0.000000	1.070241
5.350000	0.000000	1.051098
5.360000	0.000000	1.033372
5.370000	0.000000	1.016804
5.380000	0.000000	1.000900
5.390000	0.000000	0.985413
5.400000	0.000000	0.970124
5.410000	0.000000	0.954967
5.420000	0.000000	0.940093
5.430000	0.000000	0.925560
5.440000	0.000000	0.911143
5.450000	0.000000	0.897556
5.460000	0.000000	0.887008
5.470000	0.000000	0.870263
5.480000	0.000000	0.853792
5.490000	0.000000	0.856335
5.500000	0.000000	0.837332
5.510000	0.000000	0.816242
5.520000	0.000000	0.800748
5.530000	0.000000	0.794781
5.540000	0.000000	0.780507
5.550000	0.000000	0.761078
5.560000	0.000000	0.747075
5.570000	0.000000	0.740141
5.580000	0.000000	0.729670
5.590000	0.000000	0.707176
5.600000	0.000000	0.697094
5.610000	0.000000	0.692156
5.620000	0.000000	0.679558
5.630000	0.000000	0.679572
5.640000	0.000000	0.660659
5.650000	0.000000	0.645677
5.660000	0.000000	0.634008
5.670000	0.000000	0.626597
5.680000	0.000000	0.613340
5.690000	0.000000	0.601705
5.700000	0.000000	0.592105
5.710000	0.000000	0.582917
5.720000	0.000000	0.573790
5.730000	0.000000	0.564735
5.740000	0.000000	0.555694
5.750000	0.000000	0.547666
5.760000	0.000000	0.540546
5.770000	0.000000	0.530285
5.780000	0.000000	0.520672
5.790000	0.000000	0.511290
5.800000	0.000000	0.502666
5.810000	0.000000	0.492686
5.820000	0.000000	0.483955
5.830000	0.000000	0.475680
5.840000	0.000000	0.467714
5.850000	0.000000	0.460242
5.860000	0.000000	0.453534
5.870000	0.000000	0.446476
5.880000	0.000000	0.440379
5.890000	0.000000	0.433369
5.900000	0.000000	0.425856
5.910000	0.000000	0.419578
5.920000	0.000000	0.412755
5.930000	0.000000	0.405884
5.940000	0.000000	0.399983
5.950000	0.000000	0.394870
5.960000	0.000000	0.387843
5.970000	0.000000	0.380848
5.980000	0.000000	0.375999
5.990000	0.000000	0.370136
6.000000	0.000000	0.362986
6.010000	0.000000	0.356658
6.020000	0.000000	0.351496
6.030000	0.000000	0.345827
6.040000	0.000000	0.339043
6.050000	0.000000	0.332741
6.060000	0.000000	0.327628
6.070000	0.000000	0.322191
6.080000	0.000000	0.316057
6.090000	0.000000	0.310760
6.100000	0.000000	0.306103
6.110000	0.000000	0.301841
6.120000	0.000000	0.297119
6.130000	0.000000	0.292313
6.140000	0.000000	0.287258
6.150000	0.000000	0.282515
6.160000	0.000000	0.277798
6.170000	0.000000	0.273532
6.180000	0.000000	0.269280
6.190000	0.000000	0.265187
6.200000	0.000000	0.261144
6.210000	0.000000	0.257048
6.220000	0.000000	0.252997
6.230000	0.000000	0.248936
6.240000	0.000000	0.244867
6.250000	0.000000	0.240900
6.260000	0.000000	0.236955
6.270000	0.000000	0.233005
6.280000	0.000000	0.229059
6.290000	0.000000	0.225037
6.300000	0.000000	0.221193
6.310000	0.000000	0.217333
6.320000	0.000000	0.213942
6.330000	0.000000	0.210663
6.340000	0.000000	0.206920
6.350000	0.000000	0.203606
6.360000	0.000000	0.200444
6.370000	0.000000	0.197338
6.380000	0.000000	0.194251
6.390000	0.000000	0.191470
6.400000	0.000000	0.190559
6.410000	0.000000	0.242510
6.420000	0.000000	0.366932
6.430000	0.000000	0.389796
6.440000	0.000000	0.209703
6.450000	0.000000	0.271507
6.460000	0.000000	0.394442
6.470000	0.000000	0.338606
6.480000	0.000000	0.199629
6.490000	0.000000	0.635516
6.500000	0.000000	0.620020
6.510000	0.000000	0.282470
6.520000	0.000000	0.189775
6.530000	0.000000	0.282687
6.540000	0.000000	0.284645
6.550000	0.000000	0.203325
6.560000	0.000000	0.157508
6.570000	0.000000	0.196560
6.580000	0.000000	0.223338
6.590000	0.000000	0.167436
6.600000	0.000000	0.153916
6.610000	0.000000	0.163532
6.620000	0.000000	0.154369
6.630000	0.000000	0.134881
6.640000	0.000000	0.135704
6.650000	0.000000	0.141219
6.660000	0.000000	0.130472
6.670000	0.000000	0.128331
6.680000	0.000000	0.122329
6.690000	0.000000	0.119839
6.700000	0.000000	0.120520
6.710000	0.000000	0.116868
6.720000	0.000000	0.112639
6.730000	0.000000	0.110433
6.740000	0.000000	0.108629
6.750000	0.000000	0.106832
6.760000	0.000000	0.105060
6.770000	0.000000	0.103320
6.780000	0.000000	0.101648
6.790000	0.000000	0.099978
6.800000	0.000000	0.098311
6.810000	0.000000	0.096627
6.820000	0.000000	0.094963
6.830000	0.000000	0.093447
6.840000	0.000000	0.092018
6.850000	0.000000	0.090577
6.860000	0.000000	0.089140
6.870000	0.000000	0.087731
6.880000	0.000000	0.086341
6.890000	0.000000	0.084982
6.900000	0.000000	0.083807
6.910000	0.000000	0.082555
6.920000	0.000000	0.081125
6.930000	0.000000	0.079911
6.940000	0.000000	0.078647
6.950000	0.000000	0.077461
6.960000	0.000000	0.076192
6.970000	0.000000	0.074973
6.980000	0.000000	0.073705
6.990000	0.000000	0.072467
7.000000	0.000000	0.071274
7.010000	0.000000	0.070132
7.020000	0.000000	0.069037
7.030000	0.000000	0.067904
7.040000	0.000000	0.066778
7.050000	0.000000	0.065725
7.060000	0.000000	0.064645
7.070000	0.000000	0.063557
7.080000	0.000000	0.062532
7.090000	0.000000	0.061542
7.100000	0.000000	0.060591
7.110000	0.000000	0.059652
7.120000	0.000000	0.058683
7.130000	0.000000	0.057756
7.140000	0.000000	0.056866
7.150000	0.000000	0.055926
7.160000	0.000000	0.055079
7.170000	0.000000	0.054365
7.180000	0.000000	0.053600
7.190000	0.000000	0.056037
7.200000	0.000000	0.053128
7.210000	0.000000	0.050925
7.220000	0.000000	0.050110
7.230000	0.000000	0.049296
7.240000	0.000000	0.048491
7.250000	0.000000	0.047807
7.260000	0.000000	0.047814
7.270000	0.000000	0.047883
7.280000	0.000000	0.045588
7.290000	0.000000	0.044774
7.300000	0.000000	0.043988
7.310000	0.000000	0.043264
7.320000	0.000000	0.042508
7.330000	0.000000	0.041866
7.340000	0.000000	0.041647
7.350000	0.000000	0.041499
7.360000	0.000000	0.040326
7.370000	0.000000	0.039376
7.380000	0.000000	0.038691
7.390000	0.000000	0.038075
7.400000	0.000000	0.037480
7.410000	0.000000	0.037007
7.420000	0.000000	0.036804
7.430000	0.000000	0.036490
7.440000	0.000000	0.035577
7.450000	0.000000	0.034832
7.460000	0.000000	0.034253
7.470000	0.000000	0.033586
7.480000	0.000000	0.033062
7.490000	0.000000	0.033313
7.500000	0.000000	0.032363
7.510000	0.000000	0.032812
7.520000	0.000000	0.031806
7.530000	0.000000	0.030989
7.540000	0.000000	0.030591
7.550000	0.000000	0.029925
7.560000	0.000000	0.029132
7.570000	0.000000	0.028591
7.580000	0.000000	0.028201
7.590000	0.000000	0.027737
7.600000	0.000000	0.027240
7.610000	0.000000	0.026823
7.620000	0.000000	0.026541
7.630000	0.000000	0.026246
7.640000	0.000000	0.025574
7.650000	0.000000	0.025129
7.660000	0.000000	0.024731
7.670000	0.000000	0.024356
7.680000	0.000000	0.023988
7.690000	0.000000	0.023612
7.700000	0.000000	0.023238
7.710000	0.000000	0.022869
7.720000	0.000000	0.022650
7.730000	0.000000	0.022273
7.740000	0.000000	0.021818
7.750000	0.000000	0.021489
7.760000	0.000000	0.021189
7.770000	0.000000	0.020979
7.780000	0.000000	0.020952
7.790000	0.000000	0.020949
7.800000	0.000000	0.020309
7.810000	0.000000	0.019549
7.820000	0.000000	0.019296
7.830000	0.000000	0.018995
7.840000	0.000000	0.018567
7.850000	0.000000	0.018305
7.860000	0.000000	0.017989
7.870000	0.000000	0.017703
7.880000	0.000000	0.017421
7.890000	0.000000	0.017142
7.900000	0.000000	0.016871
7.910000	0.000000	0.016610
7.920000	0.000000	0.016359
7.930000	0.000000	0.016109
7.940000	0.000000	0.015859
7.950000	0.000000	0.015611
7.960000	0.000000	0.015366
7.970000	0.000000	0.015144
7.980000	0.000000	0.014881
7.990000	0.000000	0.014637
8.000000	0.000000	0.014407
8.010000	0.000000	0.014180
8.020000	0.000000	0.013955
8.030000	0.000000	0.013731
8.040000	0.000000	0.013510
8.050000	0.000000	0.013292
8.060000	0.000000	0.013077
8.070000	0.000000	0.012870
8.080000	0.000000	0.012670
8.090000	0.000000	0.012476
8.100000	0.000000	0.012283
8.110000	0.000000	0.012084
8.120000	0.000000	0.011899
8.130000	0.000000	0.011715
8.140000	0.000000	0.011532
8.150000	0.000000	0.011348
8.160000	0.000000	0.011217
8.170000	0.000000	0.010993
8.180000	0.000000	0.010830
8.190000	0.000000	0.010657
8.200000	0.000000	0.010488
8.210000	0.000000	0.010329
8.220000	0.000000	0.010166
8.230000	0.000000	0.010005
8.240000	0.000000	0.009850
8.250000	0.000000	0.009695
8.260000	0.000000	0.009542
8.270000	0.000000	0.009390
8.280000	0.000000	0.009241
8.290000	0.000000	0.009094
8.300000	0.000000	0.008946
8.310000	0.000000	0.008802
8.320000	0.000000	0.008661
8.330000	0.000000	0.008522
8.340000	0.000000	0.008408
8.350000	0.000000	0.008260
8.360000	0.000000	0.008132
8.370000	0.000000	0.008005
8.380000	0.000000	0.007880
8.390000	0.000000	0.007760
8.400000	0.000000	0.007640
8.410000	0.000000	0.007518
8.420000	0.000000	0.007414
8.430000	0.000000	0.007308
8.440000	0.000000	0.007172
8.450000	0.000000	0.007061
8.460000	0.000000	0.006951
8.470000	0.000000	0.006845
8.480000	0.000000	0.006742
8.490000	0.000000	0.006633
8.500000	0.000000	0.006527
8.510000	0.000000	0.006429
8.520000	0.000000	0.006326
8.530000	0.000000	0.006219
8.540000	0.000000	0.006119
8.550000	0.000000	0.006021
8.560000	0.000000	0.005925
8.570000	0.000000	0.005833
8.580000	0.000000	0.005743
8.590000	0.000000	0.005655
8.600000	0.000000	0.005569
8.610000	0.000000	0.005483
8.620000	0.000000	0.005395
8.630000	0.000000	0.005312
8.640000	0.000000	0.005229
8.650000	0.000000	0.005148
8.660000	0.000000	0.005063
8.670000	0.000000	0.004984
8.680000	0.000000	0.004907
8.690000	0.000000	0.004830
8.700000	0.000000	0.004754
8.710000	0.000000	0.004683
8.720000	0.000000	0.004612
8.730000	0.000000	0.004541
8.740000	0.000000	0.004472
8.750000	0.000000	0.004402
8.760000	0.000000	0.004332
8.770000	0.000000	0.004263
8.780000	0.000000	0.004194
8.790000	0.000000	0.004126
8.800000	0.000000	0.004061
8.810000	0.000000	0.003996
8.820000	0.000000	0.003934
8.830000	0.000000	0.003870
8.840000	0.000000	0.003810
8.850000	0.000000	0.003752
8.860000	0.000000	0.003694
8.870000	0.000000	0.003637
8.880000	0.000000	0.003580
8.890000	0.000000	0.003524
8.900000	0.000000	0.003469
8.910000	0.000000	0.003415
8.920000	0.000000	0.003362
8.930000	0.000000	0.003311
8.940000	0.000000	0.003259
8.950000	0.000000	0.003208
8.960000	0.000000	0.003159
8.970000	0.000000	0.003112
8.980000	0.000000	0.003065
8.990000	0.000000	0.003018
9.000000	0.000000	0.002968
9.010000	0.000000	0.002922
9.020000	0.000000	0.002875
9.030000	0.000000	0.002829
9.040000	0.000000	0.002783
9.050000	0.000000	0.002738
9.060000	0.000000	0.002694
9.070000	0.000000	0.002652
9.080000	0.000000	0.002612
9.090000	0.000000	0.002572
9.100000	0.000000	0.002534
9.110000	0.000000	0.002495
9.120000	0.000000	0.002457
9.130000	0.000000	0.002418
9.140000	0.000000	0.002380
9.150000	0.000000	0.002343
9.160000	0.000000	0.002305
9.170000	0.000000	0.002268
9.180000	0.000000	0.002234
9.190000	0.000000	0.002199
9.200000	0.000000	0.002165
9.210000	0.000000	0.002132
9.220000	0.000000	0.002100
9.230000	0.000000	0.002068
9.240000	0.000000	0.002037
9.250000	0.000000	0.002006
9.260000	0.000000	0.001974
9.270000	0.000000	0.001943
9.280000	0.000000	0.001912
9.290000	0.000000	0.001881
9.300000	0.000000	0.001851
9.310000	0.000000	0.001821
9.320000	0.000000	0.001792
9.330000	0.000000	0.001764
9.340000	0.000000	0.001736
9.350000	0.000000	0.001711
9.360000	0.000000	0.001685
9.370000	0.000000	0.001659
9.380000	0.000000	0.001633
9.390000	0.000000	0.001608
9.400000	0.000000	0.001582
9.410000	0.000000	0.001557
9.420000	0.000000	0.001533
9.430000	0.000000	0.001510
9.440000	0.000000	0.001487
9.450000	0.000000	0.001464
9.460000	0.000000	0.001442
9.470000	0.000000	0.001421
9.480000	0.000000	0.001399
9.490000	0.000000	0.001377
9.500000	0.000000	0.001355
9.510000	0.000000	0.001334
9.520000	0.000000	0.001313
9.530000	0.000000	0.001292
9.540000	0.000000	0.001271
9.550000	0.000000	0.001251
9.560000	0.000000	0.001231
9.570000	0.000000	0.001211
9.580000	0.000000	0.001192
9.590000	0.000000	0.001174
9.600000	0.000000	0.001157
9.610000	0.000000	0.001140
9.620000	0.000000	0.001122
9.630000	0.000000	0.001105
9.640000	0.000000	0.001088
9.650000	0.000000	0.001071
9.660000	0.000000	0.001054
9.670000	0.000000	0.001036
9.680000	0.000000	0.001020
9.690000	0.000000	0.001005
9.700000	0.000000	0.000990
9.710000	0.000000	0.000975
9.720000	0.000000	0.000961
9.730000	0.000000	0.000946
9.740000	0.000000	0.000932
9.750000	0.000000	0.000917
9.760000	0.000000	0.000903
9.770000	0.000000	0.000889
9.780000	0.000000	0.000875
9.790000	0.000000	0.000861
9.800000	0.000000	0.000847
9.810000	0.000000	0.000833
9.820000	0.000000	0.000820
9.830000	0.000000	0.000807
9.840000	0.000000	0.000794
9.850000	0.000000	0.000782
9.860000	0.000000	0.000771
9.870000	0.000000	0.000759
9.880000	0.000000	0.000747
9.890000	0.000000	0.000736
9.900000	0.000000	0.000725
9.910000	0.000000	0.000713
9.920000	0.000000	0.000702
9.930000	0.000000	0.000691
9.940000	0.000000	0.000680
9.950000	0.000000	0.000670
9.960000	0.000000	0.000660
9.970000	0.000000	0.000651
9.980000	0.000000	0.000641
9.990000	0.000000	0.000631
10.000000	0.000000	0.000621
10.010000	0.000000	0.000611
10.020000	0.000000	0.000601
10.030000	0.000000	0.000592
10.040000	0.000000	0.000583
10.050000	0.000000	0.000573
10.060000	0.000000	0.000564
10.070000	0.000000	0.000555
10.080000	0.000000	0.000546
10.090000	0.000000	0.000538
10.100000	0.000000	0.000530
10.110000	0.000000	0.000522
10.120000	0.000000	0.000514
10.130000	0.000000	0.000506
10.140000	0.000000	0.000499
10.150000	0.000000	0.000491
10.160000	0.000000	0.000483
10.170000	0.000000	0.000475
10.180000	0.000000	0.000468
10.190000	0.000000	0.000460
10.200000	0.000000	0.000454
10.210000	0.000000	0.000447
10.220000	0.000000	0.000441
10.230000	0.000000	0.000434
10.240000	0.000000	0.000427
10.250000	0.000000	0.000421
10.260000	0.000000	0.000414
10.270000	0.000000	0.000408
10.280000	0.000000	0.000402
10.290000	0.000000	0.000395
10.300000	0.000000	0.000389
10.310000	0.000000	0.000383
10.320000	0.000000	0.000377
10.330000	0.000000	0.000371
10.340000	0.000000	0.000365
10.350000	0.000000	0.000359
10.360000	0.000000	0.000354
10.370000	0.000000	0.000348
10.380000	0.000000	0.000343
10.390000	0.000000	0.000338
10.400000	0.000000	0.000333
10.410000	0.000000	0.000328
10.420000	0.000000	0.000323
10.430000	0.000000	0.000317
10.440000	0.000000	0.000312
10.450000	0.000000	0.000308
10.460000	0.000000	0.000303
10.470000	0.000000	0.000299
10.480000	0.000000	0.000294
10.490000	0.000000	0.000290
10.500000	0.000000	0.000286
10.510000	0.000000	0.000281
10.520000	0.000000	0.000277
10.530000	0.000000	0.000272
10.540000	0.000000	0.000268
10.550000	0.000000	0.000264
10.560000	0.000000	0.000259
10.570000	0.000000	0.000255
10.580000	0.000000	0.000251
10.590000	0.000000	0.000247
10.600000	0.000000	0.000244
10.610000	0.000000	0.000240
10.620000	0.000000	0.000236
10.630000	0.000000	0.000233
10.640000	0.000000	0.000229
10.650000	0.000000	0.000226
10.660000	0.000000	0.000222
10.670000	0.000000	0.000219
10.680000	0.000000	0.000215
10.690000	0.000000	0.000212
10.700000	0.000000	0.000209
10.710000	0.000000	0.000206
10.720000	0.000000	0.000203
10.730000	0.000000	0.000200
10.740000	0.000000	0.000197
10.750000	0.000000	0.000194
10.760000	0.000000	0.000191
10.770000	0.000000	0.000188
10.780000	0.000000	0.000185
10.790000	0.000000	0.000182
10.800000	0.000000	0.000179
10.810000	0.000000	0.000176
10.820000	0.000000	0.000173
10.830000	0.000000	0.000171
10.840000	0.000000	0.000168
10.850000	0.000000	0.000165
10.860000	0.000000	0.000163
10.870000	0.000000	0.000160
10.880000	0.000000	0.000158
10.890000	0.000000	0.000156
10.900000	0.000000	0.000153
10.910000	0.000000	0.000151
10.920000	0.000000	0.000149
10.930000	0.000000	0.000146
10.940000	0.000000	0.000144
10.950000	0.000000	0.000142
10.960000	0.000000	0.000140
10.970000	0.000000	0.000138
10.980000	0.000000	0.000136
10.990000	0.000000	0.000134
11.000000	0.000000	0.000132
11.010000	0.000000	0.000130
11.020000	0.000000	0.000128
11.030000	0.000000	0.000126
11.040000	0.000000	0.000124
11.050000	0.000000	0.000122
11.060000	0.000000	0.000120
11.070000	0.000000	0.000118
11.080000	0.000000	0.000116
11.090000	0.000000	0.000114
11.100000	0.000000	0.000112
11.110000	0.000000	0.000111
11.120000	0.000000	0.000109
11.130000	0.000000	0.000107
11.140000	0.000000	0.000106
11.150000	0.000000	0.000104
11.160000	0.000000	0.000103
11.170000	0.000000	0.000101
11.180000	0.000000	0.000099
11.190000	0.000000	0.000098
11.200000	0.000000	0.000096
11.210000	0.000000	0.000095
11.220000	0.000000	0.000093
11.230000	0.000000	0.000092
11.240000	0.000000	0.000091
11.250000	0.000000	0.000089
11.260000	0.000000	0.000088
11.270000	0.000000	0.000087
11.280000	0.000000	0.000085
11.290000	0.000000	0.000084
11.300000	0.000000	0.000083
11.310000	0.000000	0.000081
11.320000	0.000000	0.000080
11.330000	0.000000	0.000079
11.340000	0.000000	0.000078
11.350000	0.000000	0.000076
11.360000	0.000000	0.000075
11.370000	0.000000	0.000074
11.380000	0.000000	0.000073
11.390000	0.000000	0.000072
11.400000	0.000000	0.000071
11.410000	0.000000	0.000070
11.420000	0.000000	0.000069
11.430000	0.000000	0.000068
11.440000	0.000000	0.000067
11.450000	0.000000	0.000065
11.460000	0.000000	0.000064
11.470000	0.000000	0.000064
11.480000	0.000000	0.000063
11.490000	0.000000	0.000062
11.500000	0.000000	0.000061
11.510000	0.000000	0.000060
11.520000	0.000000	0.000059
11.530000	0.000000	0.000058
11.540000	0.000000	0.000057
11.550000	0.000000	0.000056
11.560000	0.000000	0.000055
11.570000	0.000000	0.000055
11.580000	0.000000	0.000054
11.590000	0.000000	0.000053
11.600000	0.000000	0.000052
11.610000	0.000000	0.000051
11.620000	0.000000	0.000050
11.630000	0.000000	0.000050
11.640000	0.000000	0.000049
11.650000	0.000000	0.000048
11.660000	0.000000	0.000047
11.670000	0.000000	0.000047
11.680000	0.000000	0.000046
11.690000	0.000000	0.000045
11.700000	0.000000	0.000045
11.710000	0.000000	0.000044
11.720000	0.000000	0.000043
11.730000	0.000000	0.000043
11.740000	0.000000	0.000042
11.750000	0.000000	0.000041
11.760000	0.000000	0.000041
11.770000	0.000000	0.000040
11.780000	0.000000	0.000040
11.790000	0.000000	0.000039
11.800000	0.000000	0.000038
11.810000	0.000000	0.000038
11.820000	0.000000	0.000037
11.830000	0.000000	0.000037
11.840000	0.000000	0.000036
11.850000	0.000000	0.000035
11.860000	0.000000	0.000035
11.870000	0.000000	0.000034
11.880000	0.000000	0.000034
11.890000	0.000000	0.000033
11.900000	0.000000	0.000033
11.910000	0.000000	0.000032
11.920000	0.000000	0.000032
11.930000	0.000000	0.000031
11.940000	0.000000	0.000031
11.950000	0.000000	0.000030
11.960000	0.000000	0.000030
11.970000	0.000000	0.000029
11.980000	0.000000	0.000029
11.990000	0.000000	0.000029
12.000000	0.000000	0.000028
12.010000	0.000000	0.000028
12.020000	0.000000	0.000027
12.030000	0.000000	0.000027
12.040000	0.000000	0.000026
12.050000	0.000000	0.000026
12.060000	0.000000	0.000026
12.070000	0.000000	0.000025
12.080000	0.000000	0.000025
12.090000	0.000000	0.000025
12.100000	0.000000	0.000024
12.110000	0.000000	0.000024
12.120000	0.000000	0.000023
12.130000	0.000000	0.000023
12.140000	0.000000	0.000023
12.150000	0.000000	0.000022
12.160000	0.000000	0.000022
12.170000	0.000000	0.000022
12.180000	0.000000	0.000021
12.190000	0.000000	0.000021
12.200000	0.000000	0.000021
12.210000	0.000000	0.000020
12.220000	0.000000	0.000020
12.230000	0.000000	0.000020
12.240000	0.000000	0.000019
12.250000	0.000000	0.000019
12.260000	0.000000	0.000019
12.270000	0.000000	0.000019
12.280000	0.000000	0.000018
12.290000	0.000000	0.000018
12.300000	0.000000	0.000018
12.310000	0.000000	0.000018
12.320000	0.000000	0.000017
12.330000	0.000000	0.000017
12.340000	0.000000	0.000017
12.350000	0.000000	0.000016
12.360000	0.000000	0.000016
12.370000	0.000000	0.000016
12.380000	0.000000	0.000016
12.390000	0.000000	0.000015
12.400000	0.000000	0.000015
12.410000	0.000000	0.000015
12.420000	0.000000	0.000015
12.430000	0.000000	0.000015
12.440000	0.000000	0.000014
12.450000	0.000000	0.000014
12.460000	0.000000	0.000014
12.470000	0.000000	0.000014
12.480000	0.000000	0.000013
12.490000	0.000000	0.000013
12.500000	0.000000	0.000013
12.510000	0.000000	0.000013
12.520000	0.000000	0.000013
12.530000	0.000000	0.000012
12.540000	0.000000	0.000012
12.550000	0.000000	0.000012
12.560000	0.000000	0.000012
12.570000	0.000000	0.000012
12.580000	0.000000	0.000012
12.590000	0.000000	0.000011
12.600000	0.000000	0.000011
12.610000	0.000000	0.000011
12.620000	0.000000	0.000011
12.630000	0.000000	0.000011
12.640000	0.000000	0.000011
12.650000	0.000000	0.000010
12.660000	0.000000	0.000010
12.670000	0.000000	0.000010
12.680000	0.000000	0.000010
12.690000	0.000000	0.000010
12.700000	0.000000	0.000010
12.710000	0.000000	0.000009
12.720000	0.000000	0.000009
12.730000	0.000000	0.000009
12.740000	0.000000	0.000009
12.750000	0.000000	0.000009
12.760000	0.000000	0.000009
12.770000	0.000000	0.000009
12.780000	0.000000	0.000009
12.790000	0.000000	0.000008
12.800000	0.000000	0.000008
12.810000	0.000000	0.000008
12.820000	0.000000	0.000008
12.830000	0.000000	0.000008
12.840000	0.000000	0.000008
12.850000	0.000000	0.000008
12.860000	0.000000	0.000008
12.870000	0.000000	0.000007
12.880000	0.000000	0.000007
12.890000	0.000000	0.000007
12.900000	0.000000	0.000007
12.910000	0.000000	0.000007
12.920000	0.000000	0.000007
12.930000	0.000000	0.000007
12.940000	0.000000	0.000007
12.950000	0.000000	0.000007
12.960000	0.000000	0.000006
12.970000	0.000000	0.000006
12.980000	0.000000	0.000006
12.990000	0.000000	0.000006
13.000000	0.000000	0.000006
13.010000	0.000000	0.000006
13.020000	0.000000	0.000006
13.030000	0.000000	0.000006
13.040000	0.000000	0.000006
13.050000	0.000000	0.000006
13.060000	0.000000	0.000006
13.070000	0.000000	0.000005
13.080000	0.000000	0.000005
13.090000	0.000000	0.000005
13.100000	0.000000	0.000005
13.110000	0.000000	0.000005
13.120000	0.000000	0.000005
13.130000	0.000000	0.000005
13.140000	0.000000	0.000005
13.150000	0.000000	0.000005
13.160000	0.000000	0.000005
13.170000	0.000000	0.000005
13.180000	0.000000	0.000005
13.190000	0.000000	0.000005
13.200000	0.000000	0.000004
13.210000	0.000000	0.000004
13.220000	0.000000	0.000004
13.230000	0.000000	0.000004
13.240000	0.000000	0.000004
13.250000	0.000000	0.000004
13.260000	0.000000	0.000004
13.270000	0.000000	0.000004
13.280000	0.000000	0.000004
13.290000	0.000000	0.000004
13.300000	0.000000	0.000004
13.310000	0.000000	0.000004
13.320000	0.000000	0.000004
13.330000	0.000000	0.000004
13.340000	0.000000	0.000004
13.350000	0.000000	0.000004
13.360000	0.000000	0.000004
13.370000	0.000000	0.000003
13.380000	0.000000	0.000003
13.390000	0.000000	0.000003
13.400000	0.000000	0.000003
13.410000	0.000000	0.000003
13.420000	0.000000	0.000003
13.430000	0.000000	0.000003
13.440000	0.000000	0.000003
13.450000	0.000000	0.000003
13.460000	0.000000	0.000003
13.470000	0.000000	0.000003
13.480000	0.000000	0.000003
13.490000	0.000000	0.000003
13.500000	0.000000	0.000003
13.510000	0.000000	0.000003
13.520000	0.000000	0.000003
13.530000	0.000000	0.000003
13.540000	0.000000	0.000003
13.550000	0.000000	0.000003
13.560000	0.000000	0.000003
13.570000	0.000000	0.000003
13.580000	0.000000	0.000003
13.590000	0.000000	0.000002
13.600000	0.000000	0.000002
13.610000	0.000000	0.000002
13.620000	0.000000	0.000002
13.630000	0.000000	0.000002
13.640000	0.000000	0.000002
13.650000	0.000000	0.000002
13.660000	0.000000	0.000002
13.670000	0.000000	0.000002
13.680000	0.000000	0.000002
13.690000	0.000000	0.000002
13.700000	0.000000	0.000002
13.710000	0.000000	0.000002
13.720000	0.000000	0.000002
13.730000	0.000000	0.000002
13.740000	0.000000	0.000002
13.750000	0.000000	0.000002
13.760000	0.000000	0.000002
13.770000	0.000000	0.000002
13.780000	0.000000	0.000002
13.790000	0.000000	0.000002
13.800000	0.000000	0.000002
13.810000	0.000000	0.000002
13.820000	0.000000	0.000002
13.830000	0.000000	0.000002
13.840000	0.000000	0.000002
13.850000	0.000000	0.000002
13.860000	0.000000	0.000002
13.870000	0.000000	0.000002
13.880000	0.000000	0.000002
13.890000	0.000000	0.000002
13.900000	0.000000	0.000002
13.910000	0.000000	0.000002
13.920000	0.000000	0.000001
13.930000	0.000000	0.000001
13.940000	0.000000	0.000001
13.950000	0.000000	0.000001
13.960000	0.000000	0.000001
13.970000	0.000000	0.000001
13.980000	0.000000	0.000001
13.990000	0.000000	0.000001
14.000000	0.000000	0.000001
14.010000	0.000000	0.000001
14.020000	0.000000	0.000001
14.030000	0.000000	0.000001
14.040000	0.000000	0.000001
14.050000	0.000000	0.000001
14.060000	0.000000	0.000001
14.070000	0.000000	0.000001
14.080000	0.000000	0.000001
14.090000	0.000000	0.000001
14.100000	0.000000	0.000001
14.110000	0.000000	0.000001
14.120000	0.000000	0.000001
14.130000	0.000000	0.000001
14.140000	0.000000	0.000001
14.150000	0.000000	0.000001
14.160000	0.000000	0.000001
14.170000	0.000000	0.000001
14.180000	0.000000	0.000001
14.190000	0.000000	9.9e-07
14.200000	0.000000	9.8e-07
14.210000	0.000000	9.6e-07
14.220000	0.000000	9.5e-07
14.230000	0.000000	9.4e-07
14.240000	0.000000	9.2e-07
14.250000	0.000000	9.1e-07
14.260000	0.000000	9.0e-07
14.270000	0.000000	8.8e-07
14.280000	0.000000	8.7e-07
14.290000	0.000000	8.6e-07
14.300000	0.000000	8.4e-07
14.310000	0.000000	8.3e-07
14.320000	0.000000	8.2e-07
14.330000	0.000000	8.1e-07
14.340000	0.000000	7.9e-07
14.350000	0.000000	7.8e-07
14.360000	0.000000	7.7e-07
14.370000	0.000000	7.6e-07
14.380000	0.000000	7.5e-07
14.390000	0.000000	7.3e-07
14.400000	0.000000	7.2e-07
14.410000	0.000000	7.1e-07
14.420000	0.000000	7.0e-07
14.430000	0.000000	6.9e-07
14.440000	0.000000	6.8e-07
14.450000	0.000000	6.7e-07
14.460000	0.000000	6.6e-07
14.470000	0.000000	6.5e-07
14.480000	0.000000	6.4e-07
14.490000	0.000000	6.3e-07
14.500000	0.000000	6.2e-07
14.510000	0.000000	6.1e-07
14.520000	0.000000	6.0e-07
14.530000	0.000000	6.0e-07
14.540000	0.000000	5.9e-07
14.550000	0.000000	5.8e-07
14.560000	0.000000	5.7e-07
14.570000	0.000000	5.6e-07
14.580000	0.000000	5.5e-07
14.590000	0.000000	5.4e-07
14.600000	0.000000	5.4e-07
14.610000	0.000000	5.3e-07
14.620000	0.000000	5.2e-07
14.630000	0.000000	5.1e-07
14.640000	0.000000	5.0e-07
14.650000	0.000000	5.0e-07
14.660000	0.000000	4.9e-07
14.670000	0.000000	4.8e-07
14.680000	0.000000	4.7e-07
14.690000	0.000000	4.7e-07
14.700000	0.000000	4.6e-07
14.710000	0.000000	4.5e-07
14.720000	0.000000	4.4e-07
14.730000	0.000000	4.4e-07
14.740000	0.000000	4.3e-07
14.750000	0.000000	4.3e-07
14.760000	0.000000	4.2e-07
14.770000	0.000000	4.1e-07
14.780000	0.000000	4.1e-07
14.790000	0.000000	4.0e-07
14.800000	0.000000	4.0e-07
14.810000	0.000000	3.9e-07
14.820000	0.000000	3.8e-07
14.830000	0.000000	3.8e-07
14.840000	0.000000	3.7e-07
14.850000	0.000000	3.7e-07
14.860000	0.000000	3.6e-07
14.870000	0.000000	3.6e-07
14.880000	0.000000	3.5e-07
14.890000	0.000000	3.5e-07
14.900000	0.000000	3.4e-07
14.910000	0.000000	3.3e-07
14.920000	0.000000	3.3e-07
14.930000	0.000000	3.2e-07
14.940000	0.000000	3.2e-07
14.950000	0.000000	3.1e-07
14.960000	0.000000	3.1e-07
14.970000	0.000000	3.0e-07
14.980000	0.000000	3.0e-07
14.990000	0.000000	3.0e-07
15.000000	0.000000	2.9e-07
15.010000	0.000000	2.9e-07
15.020000	0.000000	2.8e-07
15.030000	0.000000	2.8e-07
15.040000	0.000000	2.8e-07
15.050000	0.000000	2.7e-07
15.060000	0.000000	2.7e-07
15.070000	0.000000	2.6e-07
15.080000	0.000000	2.6e-07
15.090000	0.000000	2.6e-07
15.100000	0.000000	2.5e-07
15.110000	0.000000	2.5e-07
15.120000	0.000000	2.4e-07
15.130000	0.000000	2.4e-07
15.140000	0.000000	2.4e-07
15.150000	0.000000	2.3e-07
15.160000	0.000000	2.3e-07
15.170000	0.000000	2.3e-07
15.180000	0.000000	2.2e-07
15.190000	0.000000	2.2e-07
15.200000	0.000000	2.2e-07
15.210000	0.000000	2.1e-07
15.220000	0.000000	2.1e-07
15.230000	0.000000	2.1e-07
15.240000	0.000000	2.0e-07
15.250000	0.000000	2.0e-07
15.260000	0.000000	2.0e-07
15.270000	0.000000	1.9e-07
15.280000	0.000000	1.9e-07
15.290000	0.000000	1.9e-07
15.300000	0.000000	1.9e-07
15.310000	0.000000	1.8e-07
15.320000	0.000000	1.8e-07
15.330000	0.000000	1.8e-07
15.340000	0.000000	1.8e-07
15.350000	0.000000	1.7e-07
15.360000	0.000000	1.7e-07
15.370000	0.000000	1.7e-07
15.380000	0.000000	1.6e-07
15.390000	0.000000	1.6e-07
15.400000	0.000000	1.6e-07
15.410000	0.000000	1.6e-07
15.420000	0.000000	1.6e-07
15.430000	0.000000	1.5e-07
15.440000	0.000000	1.5e-07
15.450000	0.000000	1.5e-07
15.460000	0.000000	1.5e-07
15.470000	0.000000	1.4e-07
15.480000	0.000000	1.4e-07
15.490000	0.000000	1.4e-07
15.500000	0.000000	1.4e-07
15.510000	0.000000	1.4e-07
15.520000	0.000000	1.3e-07
15.530000	0.000000	1.3e-07
15.540000	0.000000	1.3e-07
15.550000	0.000000	1.3e-07
15.560000	0.000000	1.3e-07
15.570000	0.000000	1.2e-07
15.580000	0.000000	1.2e-07
15.590000	0.000000	1.2e-07
15.600000	0.000000	1.2e-07
15.610000	0.000000	1.2e-07
15.620000	0.000000	1.1e-07
15.630000	0.000000	1.1e-07
15.640000	0.000000	1.1e-07
15.650000	0.000000	1.1e-07
15.660000	0.000000	1.1e-07
15.670000	0.000000	1.1e-07
15.680000	0.000000	1.0e-07
15.690000	0.000000	1.0e-07
15.700000	0.000000	1.0e-07
15.710000	0.000000	1.0e-07
15.720000	0.000000	9.8e-08
15.730000	0.000000	9.7e-08
15.740000	0.000000	9.5e-08
15.750000	0.000000	9.4e-08
15.760000	0.000000	9.3e-08
15.770000	0.000000	9.1e-08
15.780000	0.000000	9.0e-08
15.790000	0.000000	8.9e-08
15.800000	0.000000	8.7e-08
15.810000	0.000000	8.6e-08
15.820000	0.000000	8.5e-08
15.830000	0.000000	8.4e-08
15.840000	0.000000	8.2e-08
15.850000	0.000000	8.1e-08
15.860000	0.000000	8.0e-08
15.870000	0.000000	7.9e-08
15.880000	0.000000	7.8e-08
15.890000	0.000000	7.6e-08
15.900000	0.000000	7.5e-08
15.910000	0.000000	7.4e-08
15.920000	0.000000	7.3e-08
15.930000	0.000000	7.2e-08
15.940000	0.000000	7.1e-08
15.950000	0.000000	7.0e-08
15.960000	0.000000	6.9e-08
15.970000	0.000000	6.8e-08
15.980000	0.000000	6.7e-08
15.990000	0.000000	6.6e-08
16.000000	0.000000	6.5e-08
16.010000	0.000000	6.4e-08
16.020000	0.000000	6.3e-08
16.030000	0.000000	6.2e-08
16.040000	0.000000	6.1e-08
16.050000	0.000000	6.0e-08
16.060000	0.000000	5.9e-08
16.070000	0.000000	5.8e-08
16.080000	0.000000	5.7e-08
16.090000	0.000000	5.6e-08
16.100000	0.000000	5.6e-08
16.110000	0.000000	5.5e-08
16.120000	0.000000	5.4e-08
16.130000	0.000000	5.3e-08
16.140000	0.000000	5.3e-08
16.150000	0.000000	5.2e-08
16.160000	0.000000	5.1e-08
16.170000	0.000000	5.0e-08
16.180000	0.000000	4.9e-08
16.190000	0.000000	4.9e-08
16.200000	0.000000	4.8e-08
16.210000	0.000000	4.7e-08
16.220000	0.000000	4.6e-08
16.230000	0.000000	4.6e-08
16.240000	0.000000	4.5e-08
16.250000	0.000000	4.4e-08
16.260000	0.000000	4.4e-08
16.270000	0.000000	4.3e-08
16.280000	0.000000	4.2e-08
16.290000	0.000000	4.2e-08
16.300000	0.000000	4.1e-08
16.310000	0.000000	4.1e-08
16.320000	0.000000	4.0e-08
16.330000	0.000000	3.9e-08
16.340000	0.000000	3.9e-08
16.350000	0.000000	3.8e-08
16.360000	0.000000	3.8e-08
16.370000	0.000000	3.7e-08
16.380000	0.000000	3.7e-08
16.390000	0.000000	3.6e-08
16.400000	0.000000	3.5e-08
16.410000	0.000000	3.5e-08
16.420000	0.000000	3.4e-08
16.430000	0.000000	3.4e-08
16.440000	0.000000	3.3e-08
16.450000	0.000000	3.3e-08
16.460000	0.000000	3.2e-08
16.470000	0.000000	3.2e-08
16.480000	0.000000	3.1e-08
16.490000	0.000000	3.1e-08
16.500000	0.000000	3.1e-08
16.510000	0.000000	3.0e-08
16.520000	0.000000	3.0e-08
16.530000	0.000000	2.9e-08
16.540000	0.000000	2.9e-08
16.550000	0.000000	2.8e-08
16.560000	0.000000	2.8e-08
16.570000	0.000000	2.7e-08
16.580000	0.000000	2.7e-08
16.590000	0.000000	2.7e-08
16.600000	0.000000	2.6e-08
16.610000	0.000000	2.6e-08
16.620000	0.000000	2.5e-08
16.630000	0.000000	2.5e-08
16.640000	0.000000	2.5e-08
16.650000	0.000000	2.4e-08
16.660000	0.000000	2.4e-08
16.670000	0.000000	2.4e-08
16.680000	0.000000	2.3e-08
16.690000	0.000000	2.3e-08
16.700000	0.000000	2.3e-08
16.710000	0.000000	2.2e-08
16.720000	0.000000	2.2e-08
16.730000	0.000000	2.2e-08
16.740000	0.000000	2.1e-08
16.750000	0.000000	2.1e-08
16.760000	0.000000	2.1e-08
16.770000	0.000000	2.0e-08
16.780000	0.000000	2.0e-08
16.790000	0.000000	2.0e-08
16.800000	0.000000	1.9e-08
16.810000	0.000000	1.9e-08
16.820000	0.000000	1.9e-08
16.830000	0.000000	1.9e-08
16.840000	0.000000	1.8e-08
16.850000	0.000000	1.8e-08
16.860000	0.000000	1.8e-08
16.870000	0.000000	1.8e-08
16.880000	0.000000	1.7e-08
16.890000	0.000000	1.7e-08
16.900000	0.000000	1.7e-08
16.910000	0.000000	1.6e-08
16.920000	0.000000	1.6e-08
16.930000	0.000000	1.6e-08
16.940000	0.000000	1.6e-08
16.950000	0.000000	1.6e-08
16.960000	0.000000	1.5e-08
16.970000	0.000000	1.5e-08
16.980000	0.000000	1.5e-08
16.990000	0.000000	1.5e-08
17.000000	0.000000	1.4e-08
17.010000	0.000000	1.4e-08
17.020000	0.000000	1.4e-08
17.030000	0.000000	1.4e-08
17.040000	0.000000	1.4e-08
17.050000	0.000000	1.3e-08
17.060000	0.000000	1.3e-08
17.070000	0.000000	1.3e-08
17.080000	0.000000	1.3e-08
17.090000	0.000000	1.3e-08
17.100000	0.000000	1.2e-08
17.110000	0.000000	1.2e-08
17.120000	0.000000	1.2e-08
17.130000	0.000000	1.2e-08
17.140000	0.000000	1.2e-08
17.150000	0.000000	1.2e-08
17.160000	0.000000	1.1e-08
17.170000	0.000000	1.1e-08
17.180000	0.000000	1.1e-08
17.190000	0.000000	1.1e-08
17.200000	0.000000	1.1e-08
17.210000	0.000000	1.1e-08
17.220000	0.000000	1.0e-08
17.230000	0.000000	1.0e-08
17.240000	0.000000	1.0e-08
17.250000	0.000000	9.9e-09
17.260000	0.000000	9.8e-09
17.270000	0.000000	9.6e-09
17.280000	0.000000	9.5e-09
17.290000	0.000000	9.3e-09
17.300000	0.000000	9.2e-09
17.310000	0.000000	9.1e-09
17.320000	0.000000	8.9e-09
17.330000	0.000000	8.8e-09
17.340000	0.000000	8.7e-09
17.350000	0.000000	8.5e-09
17.360000	0.000000	8.4e-09
17.370000	0.000000	8.3e-09
17.380000	0.000000	8.2e-09
17.390000	0.000000	8.0e-09
17.400000	0.000000	7.9e-09
17.410000	0.000000	7.8e-09
17.420000	0.000000	7.7e-09
17.430000	0.000000	7.6e-09
17.440000	0.000000	7.5e-09
17.450000	0.000000	7.4e-09
17.460000	0.000000	7.2e-09
17.470000	0.000000	7.1e-09
17.480000	0.000000	7.0e-09
17.490000	0.000000	6.9e-09
17.500000	0.000000	6.8e-09
17.510000	0.000000	6.7e-09
17.520000	0.000000	6.6e-09
17.530000	0.000000	6.5e-09
17.540000	0.000000	6.4e-09
17.550000	0.000000	6.3e-09
17.560000	0.000000	6.2e-09
17.570000	0.000000	6.1e-09
17.580000	0.000000	6.0e-09
17.590000	0.000000	6.0e-09
17.600000	0.000000	5.9e-09
17.610000	0.000000	5.8e-09
17.620000	0.000000	5.7e-09
17.630000	0.000000	5.6e-09
17.640000	0.000000	5.5e-09
17.650000	0.000000	5.5e-09
17.660000	0.000000	5.4e-09
17.670000	0.000000	5.3e-09
17.680000	0.000000	5.2e-09
17.690000	0.000000	5.1e-09
17.700000	0.000000	5.1e-09
17.710000	0.000000	5.0e-09
17.720000	0.000000	4.9e-09
17.730000	0.000000	4.8e-09
17.740000	0.000000	4.8e-09
17.750000	0.000000	4.7e-09
17.760000	0.000000	4.6e-09
17.770000	0.000000	4.6e-09
17.780000	0.000000	4.5e-09
17.790000	0.000000	4.4e-09
17.800000	0.000000	4.4e-09
17.810000	0.000000	4.3e-09
17.820000	0.000000	4.2e-09
17.830000	0.000000	4.2e-09
17.840000	0.000000	4.1e-09
17.850000	0.000000	4.0e-09
17.860000	0.000000	4.0e-09
17.870000	0.000000	3.9e-09
17.880000	0.000000	3.9e-09
17.890000	0.000000	3.8e-09
17.900000	0.000000	3.8e-09
17.910000	0.000000	3.7e-09
17.920000	0.000000	3.6e-09
17.930000	0.000000	3.6e-09
17.940000	0.000000	3.5e-09
17.950000	0.000000	3.5e-09
17.960000	0.000000	3.4e-09
17.970000	0.000000	3.4e-09
17.980000	0.000000	3.3e-09
17.990000	0.000000	3.3e-09
18.000000	0.000000	3.2e-09
18.010000	0.000000	3.2e-09
18.020000	0.000000	3.1e-09
18.030000	0.000000	3.1e-09
18.040000	0.000000	3.0e-09
18.050000	0.000000	3.0e-09
18.060000	0.000000	3.0e-09
18.070000	0.000000	2.9e-09
18.080000	0.000000	2.9e-09
18.090000	0.000000	2.8e-09
18.100000	0.000000	2.8e-09
18.110000	0.000000	2.7e-09
18.120000	0.000000	2.7e-09
18.130000	0.000000	2.7e-09
18.140000	0.000000	2.6e-09
18.150000	0.000000	2.6e-09
18.160000	0.000000	2.6e-09
18.170000	0.000000	2.5e-09
18.180000	0.000000	2.5e-09
18.190000	0.000000	2.4e-09
18.200000	0.000000	2.4e-09
18.210000	0.000000	2.4e-09
18.220000	0.000000	2.3e-09
18.230000	0.000000	2.3e-09
18.240000	0.000000	2.3e-09
18.250000	0.000000	2.2e-09
18.260000	0.000000	2.2e-09
18.270000	0.000000	2.2e-09
18.280000	0.000000	2.1e-09
18.290000	0.000000	2.1e-09
18.300000	0.000000	2.1e-09
18.310000	0.000000	2.0e-09
18.320000	0.000000	2.0e-09
18.330000	0.000000	2.0e-09
18.340000	0.000000	1.9e-09
18.350000	0.000000	1.9e-09
18.360000	0.000000	1.9e-09
18.370000	0.000000	1.9e-09
18.380000	0.000000	1.8e-09
18.390000	0.000000	1.8e-09
18.400000	0.000000	1.8e-09
18.410000	0.000000	1.8e-09
18.420000	0.000000	1.7e-09
18.430000	0.000000	1.7e-09
18.440000	0.000000	1.7e-09
18.450000	0.000000	1.7e-09
18.460000	0.000000	1.6e-09
18.470000	0.000000	1.6e-09
18.480000	0.000000	1.6e-09
18.490000	0.000000	1.6e-09
18.500000	0.000000	1.5e-09
18.510000	0.000000	1.5e-09
18.520000	0.000000	1.5e-09
18.530000	0.000000	1.5e-09
18.540000	0.000000	1.4e-09
18.550000	0.000000	1.4e-09
18.560000	0.000000	1.4e-09
18.570000	0.000000	1.4e-09
18.580000	0.000000	1.4e-09
18.590000	0.000000	1.3e-09
18.600000	0.000000	1.3e-09
18.610000	0.000000	1.3e-09
18.620000	0.000000	1.3e-09
18.630000	0.000000	1.3e-09
18.640000	0.000000	1.2e-09
18.650000	0.000000	1.2e-09
18.660000	0.000000	1.2e-09
18.670000	0.000000	1.2e-09
18.680000	0.000000	1.2e-09
18.690000	0.000000	1.2e-09
18.700000	0.000000	1.1e-09
18.710000	0.000000	1.1e-09
18.720000	0.000000	1.1e-09
18.730000	0.000000	1.1e-09
18.740000	0.000000	1.1e-09
18.750000	0.000000	1.1e-09
18.760000	0.000000	1.0e-09
18.770000	0.000000	1.0e-09
18.780000	0.000000	1.0e-09
18.790000	0.000000	1.0e-09
18.800000	0.000000	9.8e-10
18.810000	0.000000	9.7e-10
18.820000	0.000000	9.5e-10
18.830000	0.000000	9.4e-10
18.840000	0.000000	9.2e-10
18.850000	0.000000	9.1e-10
18.860000	0.000000	9.0e-10
18.870000	0.000000	8.8e-10
18.880000	0.000000	8.7e-10
18.890000	0.000000	8.6e-10
18.900000	0.000000	8.4e-10
18.910000	0.000000	8.3e-10
18.920000	0.000000	8.2e-10
18.930000	0.000000	8.1e-10
18.940000	0.000000	8.0e-10
18.950000	0.000000	7.9e-10
18.960000	0.000000	7.8e-10
18.970000	0.000000	7.6e-10
18.980000	0.000000	7.5e-10
18.990000	0.000000	7.4e-10
19.000000	0.000000	7.3e-10
19.010000	0.000000	7.2e-10
19.020000	0.000000	7.1e-10
19.030000	0.000000	7.0e-10
19.040000	0.000000	6.9e-10
19.050000	0.000000	6.8e-10
19.060000	0.000000	6.7e-10
19.070000	0.000000	6.6e-10
19.080000	0.000000	6.5e-10
19.090000	0.000000	6.4e-10
19.100000	0.000000	6.3e-10
19.110000	0.000000	6.2e-10
19.120000	0.000000	6.1e-10
19.130000	0.000000	6.0e-10
19.140000	0.000000	5.9e-10
19.150000	0.000000	5.8e-10
19.160000	0.000000	5.7e-10
19.170000	0.000000	5.7e-10
19.180000	0.000000	5.6e-10
19.190000	0.000000	5.5e-10
19.200000	0.000000	5.4e-10
19.210000	0.000000	5.3e-10
19.220000	0.000000	5.3e-10
19.230000	0.000000	5.2e-10
19.240000	0.000000	5.1e-10
19.250000	0.000000	5.0e-10
19.260000	0.000000	5.0e-10
19.270000	0.000000	4.9e-10
19.280000	0.000000	4.8e-10
19.290000	0.000000	4.7e-10
19.300000	0.000000	4.7e-10
19.310000	0.000000	4.6e-10
19.320000	0.000000	4.5e-10
19.330000	0.000000	4.5e-10
19.340000	0.000000	4.4e-10
19.350000	0.000000	4.3e-10
19.360000	0.000000	4.3e-10
19.370000	0.000000	4.2e-10
19.380000	0.000000	4.1e-10
19.390000	0.000000	4.1e-10
19.400000	0.000000	4.0e-10
19.410000	0.000000	4.0e-10
19.420000	0.000000	3.9e-10
19.430000	0.000000	3.8e-10
19.440000	0.000000	3.8e-10
19.450000	0.000000	3.7e-10
19.460000	0.000000	3.7e-10
19.470000	0.000000	3.6e-10
19.480000	0.000000	3.6e-10
19.490000	0.000000	3.5e-10
19.500000	0.000000	3.5e-10
19.510000	0.000000	3.4e-10
19.520000	0.000000	3.4e-10
19.530000	0.000000	3.3e-10
19.540000	0.000000	3.3e-10
19.550000	0.000000	3.2e-10
19.560000	0.000000	3.2e-10
19.570000	0.000000	3.1e-10
19.580000	0.000000	3.1e-10
19.590000	0.000000	3.0e-10
19.600000	0.000000	3.0e-10
19.610000	0.000000	2.9e-10
19.620000	0.000000	2.9e-10
19.630000	0.000000	2.9e-10
19.640000	0.000000	2.8e-10
19.650000	0.000000	2.8e-10
19.660000	0.000000	2.7e-10
19.670000	0.000000	2.7e-10
19.680000	0.000000	2.6e-10
19.690000	0.000000	2.6e-10
19.700000	0.000000	2.6e-10
19.710000	0.000000	2.5e-10
19.720000	0.000000	2.5e-10
19.730000	0.000000	2.5e-10
19.740000	0.000000	2.4e-10
19.750000	0.000000	2.4e-10
19.760000	0.000000	2.4e-10
19.770000	0.000000	2.3e-10
19.780000	0.000000	2.3e-10
19.790000	0.000000	2.3e-10
19.800000	0.000000	2.2e-10
19.810000	0.000000	2.2e-10
19.820000	0.000000	2.2e-10
19.830000	0.000000	2.1e-10
19.840000	0.000000	2.1e-10
19.850000	0.000000	2.1e-10
19.860000	0.000000	2.0e-10
19.870000	0.000000	2.0e-10
19.880000	0.000000	2.0e-10
19.890000	0.000000	1.9e-10
19.900000	0.000000	1.9e-10
19.910000	0.000000	1.9e-10
19.920000	0.000000	1.9e-10
19.930000	0.000000	1.8e-10
19.940000	0.000000	1.8e-10
19.950000	0.000000	1.8e-10
19.960000	0.000000	1.8e-10
19.970000	0.000000	1.7e-10
19.980000	0.000000	1.7e-10
19.990000	0.000000	1.7e-10
20.000000	0.000000	1.7e-10
20.010000	0.000000	1.6e-10
20.020000	0.000000	1.6e-10
20.030000	0.000000	1.6e-10
20.040000	0.000000	1.6e-10
20.050000	0.000000	1.5e-10
20.060000	0.000000	1.5e-10
20.070000	0.000000	1.5e-10
20.080000	0.000000	1.5e-10
20.090000	0.000000	1.4e-10
20.100000	0.000000	1.4e-10
20.110000	0.000000	1.4e-10
20.120000	0.000000	1.4e-10
20.130000	0.000000	1.4e-10
20.140000	0.000000	1.3e-10
20.150000	0.000000	1.3e-10
20.160000	0.000000	1.3e-10
20.170000	0.000000	1.3e-10
20.180000	0.000000	1.3e-10
20.190000	0.000000	1.2e-10
20.200000	0.000000	1.2e-10
20.210000	0.000000	1.2e-10
20.220000	0.000000	1.2e-10
20.230000	0.000000	1.2e-10
20.240000	0.000000	1.2e-10
20.250000	0.000000	1.1e-10
20.260000	0.000000	1.1e-10
20.270000	0.000000	1.1e-10
20.280000	0.000000	1.1e-10
20.290000	0.000000	1.1e-10
20.300000	0.000000	1.1e-10
20.310000	0.000000	1.0e-10
20.320000	0.000000	1.0e-10
20.330000	0.000000	1.0e-10
20.340000	0.000000	1.0e-10
20.350000	0.000000	9.9e-11
20.360000	0.000000	9.7e-11
20.370000	0.000000	9.6e-11
20.380000	0.000000	9.4e-11
20.390000	0.000000	9.3e-11
20.400000	0.000000	9.1e-11
20.410000	0.000000	9.0e-11
20.420000	0.000000	8.8e-11
20.430000	0.000000	8.7e-11
20.440000	0.000000	8.6e-11
20.450000	0.000000	8.4e-11
20.460000	0.000000	8.3e-11
20.470000	0.000000	8.2e-11
20.480000	0.000000	8.1e-11
20.490000	0.000000	8.0e-11
20.500000	0.000000	7.9e-11
20.510000	0.000000	7.8e-11
20.520000	0.000000	7.7e-11
20.530000	0.000000	7.5e-11
20.540000	0.000000	7.4e-11
20.550000	0.000000	7.3e-11
20.560000	0.000000	7.2e-11
20.570000	0.000000	7.1e-11
20.580000	0.000000	7.0e-11
20.590000	0.000000	6.9e-11
20.600000	0.000000	6.8e-11
20.610000	0.000000	6.7e-11
20.620000	0.000000	6.6e-11
20.630000	0.000000	6.5e-11
20.640000	0.000000	6.4e-11
20.650000	0.000000	6.3e-11
20.660000	0.000000	6.2e-11
20.670000	0.000000	6.1e-11
20.680000	0.000000	6.0e-11
20.690000	0.000000	5.9e-11
20.700000	0.000000	5.8e-11
20.710000	0.000000	5.8e-11
20.720000	0.000000	5.7e-11
20.730000	0.000000	5.6e-11
20.740000	0.000000	5.5e-11
20.750000	0.000000	5.4e-11
20.760000	0.000000	5.4e-11
20.770000	0.000000	5.3e-11
20.780000	0.000000	5.2e-11
20.790000	0.000000	5.1e-11
20.800000	0.000000	5.1e-11
20.810000	0.000000	5.0e-11
20.820000	0.000000	4.9e-11
20.830000	0.000000	4.8e-11
20.840000	0.000000	4.8e-11
20.850000	0.000000	4.7e-11
20.860000	0.000000	4.6e-11
20.870000	0.000000	4.6e-11
20.880000	0.000000	4.5e-11
20.890000	0.000000	4.4e-11
20.900000	0.000000	4.4e-11
20.910000	0.000000	4.3e-11
20.920000	0.000000	4.2e-11
20.930000	0.000000	4.2e-11
20.940000	0.000000	4.1e-11
20.950000	0.000000	4.0e-11
20.960000	0.000000	4.0e-11
20.970000	0.000000	3.9e-11
20.980000	0.000000	3.9e-11
20.990000	0.000000	3.8e-11
21.000000	0.000000	3.7e-11
21.010000	0.000000	3.7e-11
21.020000	0.000000	3.6e-11
21.030000	0.000000	3.6e-11
21.040000	0.000000	3.5e-11
21.050000	0.000000	3.5e-11
21.060000	0.000000	3.4e-11
21.070000	0.000000	3.4e-11
21.080000	0.000000	3.3e-11
21.090000	0.000000	3.3e-11
21.100000	0.000000	3.2e-11
21.110000	0.000000	3.2e-11
21.120000	0.000000	3.2e-11
21.130000	0.000000	3.1e-11
21.140000	0.000000	3.1e-11
21.150000	0.000000	3.0e-11
21.160000	0.000000	3.0e-11
21.170000	0.000000	2.9e-11
21.180000	0.000000	2.9e-11
21.190000	0.000000	2.8e-11
21.200000	0.000000	2.8e-11
21.210000	0.000000	2.8e-11
21.220000	0.000000	2.7e-11
21.230000	0.000000	2.7e-11
21.240000	0.000000	2.6e-11
21.250000	0.000000	2.6e-11
21.260000	0.000000	2.6e-11
21.270000	0.000000	2.5e-11
21.280000	0.000000	2.5e-11
21.290000	0.000000	2.4e-11
21.300000	0.000000	2.4e-11
21.310000	0.000000	2.4e-11
21.320000	0.000000	2.3e-11
21.330000	0.000000	2.3e-11
21.340000	0.000000	2.3e-11
21.350000	0.000000	2.2e-11
21.360000	0.000000	2.2e-11
21.370000	0.000000	2.2e-11
21.380000	0.000000	2.2e-11
21.390000	0.000000	2.1e-11
21.400000	0.000000	2.1e-11
21.410000	0.000000	2.1e-11
21.420000	0.000000	2.0e-11
21.430000	0.000000	2.0e-11
21.440000	0.000000	2.0e-11
21.450000	0.000000	1.9e-11
21.460000	0.000000	1.9e-11
21.470000	0.000000	1.9e-11
21.480000	0.000000	1.9e-11
21.490000	0.000000	1.8e-11
21.500000	0.000000	1.8e-11
21.510000	0.000000	1.8e-11
21.520000	0.000000	1.7e-11
21.530000	0.000000	1.7e-11
21.540000	0.000000	1.7e-11
21.550000	0.000000	1.7e-11
21.560000	0.000000	1.6e-11
21.570000	0.000000	1.6e-11
21.580000	0.000000	1.6e-11
21.590000	0.000000	1.6e-11
21.600000	0.000000	1.5e-11
21.610000	0.000000	1.5e-11
21.620000	0.000000	1.5e-11
21.630000	0.000000	1.5e-11
21.640000	0.000000	1.4e-11
21.650000	0.000000	1.4e-11
21.660000	0.000000	1.4e-11
21.670000	0.000000	1.4e-11
21.680000	0.000000	1.3e-11
21.690000	0.000000	1.3e-11
21.700000	0.000000	1.3e-11
21.710000	0.000000	1.3e-11
21.720000	0.000000	1.3e-11
21.730000	0.000000	1.2e-11
21.740000	0.000000	1.2e-11
21.750000	0.000000	1.2e-11
21.760000	0.000000	1.2e-11
21.770000	0.000000	1.2e-11
21.780000	0.000000	1.2e-11
21.790000	0.000000	1.1e-11
21.800000	0.000000	1.1e-11
21.810000	0.000000	1.1e-11
21.820000	0.000000	1.1e-11
21.830000	0.000000	1.1e-11
21.840000	0.000000	1.1e-11
21.850000	0.000000	1.0e-11
21.860000	0.000000	1.0e-11
21.870000	0.000000	1.0e-11
21.880000	0.000000	1.0e-11
21.890000	0.000000	9.8e-12
21.900000	0.000000	9.7e-12
21.910000	0.000000	9.5e-12
21.920000	0.000000	9.4e-12
21.930000	0.000000	9.3e-12
21.940000	0.000000	9.1e-12
21.950000	0.000000	9.0e-12
21.960000	0.000000	8.9e-12
21.970000	0.000000	8.8e-12
21.980000	0.000000	8.6e-12
21.990000	0.000000	8.5e-12
22.000000	0.000000	8.4e-12
22.010000	0.000000	8.3e-12
22.020000	0.000000	8.2e-12
22.030000	0.000000	8.0e-12
22.040000	0.000000	7.9e-12
22.050000	0.000000	7.8e-12
22.060000	0.000000	7.7e-12
22.070000	0.000000	7.6e-12
22.080000	0.000000	7.5e-12
22.090000	0.000000	7.3e-12
22.100000	0.000000	7.2e-12
22.110000	0.000000	7.1e-12
22.120000	0.000000	7.0e-12
22.130000	0.000000	6.9e-12
22.140000	0.000000	6.8e-12
22.150000	0.000000	6.7e-12
22.160000	0.000000	6.6e-12
22.170000	0.000000	6.5e-12
22.180000	0.000000	6.4e-12
22.190000	0.000000	6.3e-12
22.200000	0.000000	6.2e-12
22.210000	0.000000	6.2e-12
22.220000	0.000000	6.1e-12
22.230000	0.000000	6.0e-12
22.240000	0.000000	5.9e-12
22.250000	0.000000	5.8e-12
22.260000	0.000000	5.7e-12
22.270000	0.000000	5.6e-12
22.280000	0.000000	5.6e-12
22.290000	0.000000	5.5e-12
22.300000	0.000000	5.4e-12
22.310000	0.000000	5.3e-12
22.320000	0.000000	5.2e-12
22.330000	0.000000	5.2e-12
22.340000	0.000000	5.1e-12
22.350000	0.000000	5.0e-12
22.360000	0.000000	4.9e-12
22.370000	0.000000	4.9e-12
22.380000	0.000000	4.8e-12
22.390000	0.000000	4.7e-12
22.400000	0.000000	4.6e-12
22.410000	0.000000	4.6e-12
22.420000	0.000000	4.5e-12
22.430000	0.000000	4.4e-12
22.440000	0.000000	4.4e-12
22.450000	0.000000	4.3e-12
22.460000	0.000000	4.3e-12
22.470000	0.000000	4.2e-12
22.480000	0.000000	4.1e-12
22.490000	0.000000	4.1e-12
22.500000	0.000000	4.0e-12
22.510000	0.000000	4.0e-12
22.520000	0.000000	3.9e-12
22.530000	0.000000	3.8e-12
22.540000	0.000000	3.8e-12
22.550000	0.000000	3.7e-12
22.560000	0.000000	3.7e-12
22.570000	0.000000	3.6e-12
22.580000	0.000000	3.6e-12
22.590000	0.000000	3.5e-12
22.600000	0.000000	3.5e-12
22.610000	0.000000	3.4e-12
22.620000	0.000000	3.4e-12
22.630000	0.000000	3.3e-12
22.640000	0.000000	3.3e-12
22.650000	0.000000	3.2e-12
22.660000	0.000000	3.2e-12
22.670000	0.000000	3.1e-12
22.680000	0.000000	3.1e-12
22.690000	0.000000	3.0e-12
22.700000	0.000000	3.0e-12
22.710000	0.000000	2.9e-12
22.720000	0.000000	2.9e-12
22.730000	0.000000	2.9e-12
22.740000	0.000000	2.8e-12
22.750000	0.000000	2.8e-12
22.760000	0.000000	2.7e-12
22.770000	0.000000	2.7e-12
22.780000	0.000000	2.7e-12
22.790000	0.000000	2.6e-12
22.800000	0.000000	2.6e-12
22.810000	0.000000	2.6e-12
22.820000	0.000000	2.5e-12
22.830000	0.000000	2.5e-12
22.840000	0.000000	2.4e-12
22.850000	0.000000	2.4e-12
22.860000	0.000000	2.4e-12
22.870000	0.000000	2.3e-12
22.880000	0.000000	2.3e-12
22.890000	0.000000	2.3e-12
22.900000	0.000000	2.2e-12
22.910000	0.000000	2.2e-12
22.920000	0.000000	2.1e-12
22.930000	0.000000	2.0e-12
22.940000	0.000000	2.0e-12
22.950000	0.000000	2.0e-12
22.960000	0.000000	2.0e-12
22.970000	0.000000	1.9e-12
22.980000	0.000000	1.9e-12
22.990000	0.000000	1.9e-12
23.000000	0.000000	1.9e-12
23.010000	0.000000	1.8e-12
23.020000	0.000000	1.8e-12
23.030000	0.000000	1.8e-12
23.040000	0.000000	1.8e-12
23.050000	0.000000	1.7e-12
23.060000	0.000000	1.7e-12
23.070000	0.000000	1.7e-12
23.080000	0.000000	1.7e-12
23.090000	0.000000	1.6e-12
23.100000	0.000000	1.6e-12
23.110000	0.000000	1.6e-12
23.120000	0.000000	1.6e-12
23.130000	0.000000	1.5e-12
23.140000	0.000000	1.5e-12
23.150000	0.000000	1.5e-12
23.160000	0.000000	1.5e-12
23.170000	0.000000	1.4e-12
23.180000	0.000000	1.4e-12
23.190000	0.000000	1.4e-12
23.200000	0.000000	1.4e-12
23.210000	0.000000	1.4e-12
23.220000	0.000000	1.3e-12
23.230000	0.000000	1.3e-12
23.240000	0.000000	1.3e-12
23.250000	0.000000	1.3e-12
23.260000	0.000000	1.3e-12
23.270000	0.000000	1.2e-12
23.280000	0.000000	1.2e-12
23.290000	0.000000	1.2e-12
23.300000	0.000000	1.2e-12
23.310000	0.000000	1.2e-12
23.320000	0.000000	1.2e-12
23.330000	0.000000	1.1e-12
23.340000	0.000000	1.1e-12
23.350000	0.000000	1.1e-12
23.360000	0.000000	1.1e-12
23.370000	0.000000	1.1e-12
23.380000	0.000000	1.1e-12
23.390000	0.000000	1.1e-12
23.400000	0.000000	1.0e-12
23.410000	0.000000	1.0e-12
23.420000	0.000000	1.0e-12
23.430000	0.000000	9.9e-13
23.440000	0.000000	9.7e-13
23.450000	0.000000	9.6e-13
23.460000	0.000000	9.4e-13
23.470000	0.000000	9.3e-13
23.480000	0.000000	9.1e-13
23.490000	0.000000	9.0e-13
23.500000	0.000000	8.8e-13
23.510000	0.000000	8.7e-13
23.520000	0.000000	8.6e-13
23.530000	0.000000	8.5e-13
23.540000	0.000000	8.4e-13
23.550000	0.000000	8.3e-13
23.560000	0.000000	8.2e-13
23.570000	0.000000	8.1e-13
23.580000	0.000000	7.9e-13
23.590000	0.000000	7.8e-13
23.600000	0.000000	7.7e-13
23.610000	0.000000	7.6e-13
23.620000	0.000000	7.5e-13
23.630000	0.000000	7.4e-13
23.640000	0.000000	7.3e-13
23.650000	0.000000	7.2e-13
23.660000	0.000000	7.1e-13
23.670000	0.000000	7.0e-13
23.680000	0.000000	6.9e-13
23.690000	0.000000	6.8e-13
23.700000	0.000000	6.7e-13
23.710000	0.000000	6.6e-13
23.720000	0.000000	6.5e-13
23.730000	0.000000	6.4e-13
23.740000	0.000000	6.2e-13
23.750000	0.000000	6.1e-13
23.760000	0.000000	6.0e-13
23.770000	0.000000	6.0e-13
23.780000	0.000000	5.9e-13
23.790000	0.000000	5.8e-13
23.800000	0.000000	5.7e-13
23.810000	0.000000	5.6e-13
23.820000	0.000000	5.6e-13
23.830000	0.000000	5.5e-13
23.840000	0.000000	5.4e-13
23.850000	0.000000	5.3e-13
23.860000	0.000000	5.3e-13
23.870000	0.000000	5.2e-13
23.880000	0.000000	5.1e-13
23.890000	0.000000	5.1e-13
23.900000	0.000000	5.0e-13
23.910000	0.000000	4.9e-13
23.920000	0.000000	4.8e-13
23.930000	0.000000	4.8e-13
23.940000	0.000000	4.7e-13
23.950000	0.000000	4.6e-13
23.960000	0.000000	4.6e-13
23.970000	0.000000	4.5e-13
23.980000	0.000000	4.4e-13
23.990000	0.000000	4.3e-13
24.000000	0.000000	4.3e-13
24.010000	0.000000	4.2e-13
24.020000	0.000000	4.1e-13
24.030000	0.000000	4.1e-13
24.040000	0.000000	4.0e-13
24.050000	0.000000	4.0e-13
24.060000	0.000000	3.9e-13
24.070000	0.000000	3.8e-13
24.080000	0.000000	3.8e-13
24.090000	0.000000	3.7e-13
24.100000	0.000000	3.7e-13
24.110000	0.000000	3.6e-13
24.120000	0.000000	3.6e-13
24.130000	0.000000	3.5e-13
24.140000	0.000000	3.5e-13
24.150000	0.000000	3.4e-13
24.160000	0.000000	3.4e-13
24.170000	0.000000	3.4e-13
24.180000	0.000000	3.3e-13
24.190000	0.000000	3.3e-13
24.200000	0.000000	3.2e-13
24.210000	0.000000	3.2e-13
24.220000	0.000000	3.1e-13
24.230000	0.000000	3.1e-13
24.240000	0.000000	3.0e-13
24.250000	0.000000	3.0e-13
24.260000	0.000000	2.9e-13
24.270000	0.000000	2.9e-13
24.280000	0.000000	2.8e-13
24.290000	0.000000	2.8e-13
24.300000	0.000000	2.7e-13
24.310000	0.000000	2.7e-13
24.320000	0.000000	2.7e-13
24.330000	0.000000	2.6e-13
24.340000	0.000000	2.6e-13
24.350000	0.000000	2.6e-13
24.360000	0.000000	2.5e-13
24.370000	0.000000	2.5e-13
24.380000	0.000000	2.5e-13
24.390000	0.000000	2.4e-13
24.400000	0.000000	2.4e-13
24.410000	0.000000	2.4e-13
24.420000	0.000000	2.3e-13
24.430000	0.000000	2.3e-13
24.440000	0.000000	2.3e-13
24.450000	0.000000	2.2e-13
24.460000	0.000000	2.2e-13
24.470000	0.000000	2.2e-13
24.480000	0.000000	2.1e-13
24.490000	0.000000	2.1e-13
24.500000	0.000000	2.1e-13
24.510000	0.000000	2.0e-13
24.520000	0.000000	2.0e-13
24.530000	0.000000	2.0e-13
24.540000	0.000000	1.9e-13
24.550000	0.000000	1.9e-13
24.560000	0.000000	1.9e-13
24.570000	0.000000	1.9e-13
24.580000	0.000000	1.8e-13
24.590000	0.000000	1.8e-13
24.600000	0.000000	1.8e-13
24.610000	0.000000	1.7e-13
24.620000	0.000000	1.7e-13
24.630000	0.000000	1.7e-13
24.640000	0.000000	1.7e-13
24.650000	0.000000	1.6e-13
24.660000	0.000000	1.6e-13
24.670000	0.000000	1.6e-13
24.680000	0.000000	1.6e-13
24.690000	0.000000	1.6e-13
24.700000	0.000000	1.5e-13
24.710000	0.000000	1.5e-13
24.720000	0.000000	1.5e-13
24.730000	0.000000	1.5e-13
24.740000	0.000000	1.5e-13
24.750000	0.000000	1.4e-13
24.760000	0.000000	1.4e-13
24.770000	0.000000	1.4e-13
24.780000	0.000000	1.4e-13
24.790000	0.000000	1.4e-13
24.800000	0.000000	1.3e-13
24.810000	0.000000	1.3e-13
24.820000	0.000000	1.3e-13
24.830000	0.000000	1.3e-13
24.840000	0.000000	1.2e-13
24.850000	0.000000	1.2e-13
24.860000	0.000000	1.2e-13
24.870000	0.000000	1.2e-13
24.880000	0.000000	1.2e-13
24.890000	0.000000	1.2e-13
24.900000	0.000000	1.1e-13
24.910000	0.000000	1.1e-13
24.920000	0.000000	1.1e-13
24.930000	0.000000	1.1e-13
24.940000	0.000000	1.1e-13
24.950000	0.000000	1.1e-13
24.960000	0.000000	1.1e-13
24.970000	0.000000	1.0e-13
24.980000	0.000000	1.0e-13
24.990000	0.000000	1.0e-13
25.000000	0.000000	1.0e-13
25.010000	0.000000	9.8e-14
25.020000	0.000000	9.7e-14
25.030000	0.000000	9.5e-14
25.040000	0.000000	9.4e-14
25.050000	0.000000	9.2e-14
25.060000	0.000000	9.1e-14
25.070000	0.000000	9.0e-14
25.080000	0.000000	8.8e-14
25.090000	0.000000	8.7e-14
25.100000	0.000000	8.6e-14
25.110000	0.000000	8.4e-14
25.120000	0.000000	8.3e-14
25.130000	0.000000	8.2e-14
25.140000	0.000000	8.0e-14
25.150000	0.000000	7.9e-14
25.160000	0.000000	7.8e-14
25.170000	0.000000	7.7e-14
25.180000	0.000000	7.6e-14
25.190000	0.000000	7.5e-14
25.200000	0.000000	7.4e-14
25.210000	0.000000	7.3e-14
25.220000	0.000000	7.2e-14
25.230000	0.000000	7.1e-14
25.240000	0.000000	7.0e-14
25.250000	0.000000	6.9e-14
25.260000	0.000000	6.8e-14
25.270000	0.000000	6.7e-14
25.280000	0.000000	6.6e-14
25.290000	0.000000	6.5e-14
25.300000	0.000000	6.4e-14
25.310000	0.000000	6.3e-14
25.320000	0.000000	6.2e-14
25.330000	0.000000	6.1e-14
25.340000	0.000000	6.0e-14
25.350000	0.000000	6.0e-14
25.360000	0.000000	5.9e-14
25.370000	0.000000	5.8e-14
25.380000	0.000000	5.7e-14
25.390000	0.000000	5.6e-14
25.400000	0.000000	5.5e-14
25.410000	0.000000	5.4e-14
25.420000	0.000000	5.4e-14
25.430000	0.000000	5.3e-14
25.440000	0.000000	5.2e-14
25.450000	0.000000	5.1e-14
25.460000	0.000000	5.0e-14
25.470000	0.000000	5.0e-14
25.480000	0.000000	4.9e-14
25.490000	0.000000	4.8e-14
25.500000	0.000000	4.8e-14
25.510000	0.000000	4.7e-14
25.520000	0.000000	4.6e-14
25.530000	0.000000	4.6e-14
25.540000	0.000000	4.5e-14
25.550000	0.000000	4.5e-14
25.560000	0.000000	4.4e-14
25.570000	0.000000	4.3e-14
25.580000	0.000000	4.3e-14
25.590000	0.000000	4.2e-14
25.600000	0.000000	4.1e-14
25.610000	0.000000	4.1e-14
25.620000	0.000000	4.0e-14
25.630000	0.000000	4.0e-14
25.640000	0.000000	3.9e-14
25.650000	0.000000	3.8e-14
25.660000	0.000000	3.8e-14
25.670000	0.000000	3.7e-14
25.680000	0.000000	3.7e-14
25.690000	0.000000	3.6e-14
25.700000	0.000000	3.6e-14
25.710000	0.000000	3.5e-14
25.720000	0.000000	3.4e-14
25.730000	0.000000	3.4e-14
25.740000	0.000000	3.3e-14
25.750000	0.000000	3.3e-14
25.760000	0.000000	3.3e-14
25.770000	0.000000	3.2e-14
25.780000	0.000000	3.2e-14
25.790000	0.000000	3.1e-14
25.800000	0.000000	3.1e-14
25.810000	0.000000	3.0e-14
25.820000	0.000000	3.0e-14
25.830000	0.000000	3.0e-14
25.840000	0.000000	2.9e-14
25.850000	0.000000	2.9e-14
25.860000	0.000000	2.8e-14
25.870000	0.000000	2.8e-14
25.880000	0.000000	2.7e-14
25.890000	0.000000	2.7e-14
25.900000	0.000000	2.7e-14
25.910000	0.000000	2.6e-14
25.920000	0.000000	2.6e-14
25.930000	0.000000	2.6e-14
25.940000	0.000000	2.5e-14
25.950000	0.000000	2.5e-14
25.960000	0.000000	2.4e-14
25.970000	0.000000	2.4e-14
25.980000	0.000000	2.4e-14
25.990000	0.000000	2.3e-14
26.000000	0.000000	2.3e-14
26.010000	0.000000	2.3e-14
26.020000	0.000000	2.2e-14
26.030000	0.000000	2.2e-14
26.040000	0.000000	2.2e-14
26.050000	0.000000	2.1e-14
26.060000	0.000000	2.1e-14
26.070000	0.000000	2.1e-14
26.080000	0.000000	2.1e-14
26.090000	0.000000	2.0e-14
26.100000	0.000000	2.0e-14
26.110000	0.000000	2.0e-14
26.120000	0.000000	1.9e-14
26.130000	0.000000	1.9e-14
26.140000	0.000000	1.9e-14
26.150000	0.000000	1.9e-14
26.160000	0.000000	1.8e-14
26.170000	0.000000	1.8e-14
26.180000	0.000000	1.8e-14
26.190000	0.000000	1.7e-14
26.200000	0.000000	1.7e-14
26.210000	0.000000	1.7e-14
26.220000	0.000000	1.7e-14
26.230000	0.000000	1.6e-14
26.240000	0.000000	1.6e-14
26.250000	0.000000	1.6e-14
26.260000	0.000000	1.6e-14
26.270000	0.000000	1.5e-14
26.280000	0.000000	1.5e-14
26.290000	0.000000	1.5e-14
26.300000	0.000000	1.5e-14
26.310000	0.000000	1.5e-14
26.320000	0.000000	1.4e-14
26.330000	0.000000	1.4e-14
26.340000	0.000000	1.4e-14
26.350000	0.000000	1.4e-14
26.360000	0.000000	1.4e-14
26.370000	0.000000	1.3e-14
26.380000	0.000000	1.3e-14
26.390000	0.000000	1.3e-14
26.400000	0.000000	1.3e-14
26.410000	0.000000	1.3e-14
26.420000	0.000000	1.3e-14
26.430000	0.000000	1.2e-14
26.440000	0.000000	1.2e-14
26.450000	0.000000	1.2e-14
26.460000	0.000000	1.2e-14
26.470000	0.000000	1.2e-14
26.480000	0.000000	1.1e-14
26.490000	0.000000	1.1e-14
26.500000	0.000000	1.1e-14
26.510000	0.000000	1.1e-14
26.520000	0.000000	1.1e-14
26.530000	0.000000	1.1e-14
26.540000	0.000000	1.0e-14
26.550000	0.000000	1.0e-14
26.560000	0.000000	1.0e-14
26.570000	0.000000	1.0e-14
26.580000	0.000000	9.8e-15
26.590000	0.000000	9.7e-15
26.600000	0.000000	9.6e-15
26.610000	0.000000	9.4e-15
26.620000	0.000000	9.3e-15
26.630000	0.000000	9.2e-15
26.640000	0.000000	9.1e-15
26.650000	0.000000	8.9e-15
26.660000	0.000000	8.8e-15
26.670000	0.000000	8.7e-15
26.680000	0.000000	8.6e-15
26.690000	0.000000	8.4e-15
26.700000	0.000000	8.3e-15
26.710000	0.000000	8.2e-15
26.720000	0.000000	8.1e-15
26.730000	0.000000	8.0e-15
26.740000	0.000000	7.9e-15
26.750000	0.000000	7.7e-15
26.760000	0.000000	7.6e-15
26.770000	0.000000	7.5e-15
26.780000	0.000000	7.4e-15
26.790000	0.000000	7.3e-15
26.800000	0.000000	7.2e-15
26.810000	0.000000	7.1e-15
26.820000	0.000000	7.0e-15
26.830000	0.000000	6.9e-15
26.840000	0.000000	6.7e-15
26.850000	0.000000	6.6e-15
26.860000	0.000000	6.5e-15
26.870000	0.000000	6.5e-15
26.880000	0.000000	6.4e-15
26.890000	0.000000	6.3e-15
26.900000	0.000000	6.2e-15
26.910000	0.000000	6.1e-15
26.920000	0.000000	6.0e-15
26.930000	0.000000	5.9e-15
26.940000	0.000000	5.9e-15
26.950000	0.000000	5.8e-15
26.960000	0.000000	5.7e-15
26.970000	0.000000	5.6e-15
26.980000	0.000000	5.5e-15
26.990000	0.000000	5.5e-15
27.000000	0.000000	5.4e-15
27.010000	0.000000	5.3e-15
27.020000	0.000000	5.2e-15
27.030000	0.000000	5.2e-15
27.040000	0.000000	5.1e-15
27.050000	0.000000	5.0e-15
27.060000	0.000000	4.9e-15
27.070000	0.000000	4.9e-15
27.080000	0.000000	4.8e-15
27.090000	0.000000	4.7e-15
27.100000	0.000000	4.6e-15
27.110000	0.000000	4.6e-15
27.120000	0.000000	4.5e-15
27.130000	0.000000	4.4e-15
27.140000	0.000000	4.4e-15
27.150000	0.000000	4.3e-15
27.160000	0.000000	4.2e-15
27.170000	0.000000	4.2e-15
27.180000	0.000000	4.1e-15
27.190000	0.000000	4.1e-15
27.200000	0.000000	4.0e-15
27.210000	0.000000	3.9e-15
27.220000	0.000000	3.9e-15
27.230000	0.000000	3.8e-15
27.240000	0.000000	3.8e-15
27.250000	0.000000	3.7e-15
27.260000	0.000000	3.7e-15
27.270000	0.000000	3.6e-15
27.280000	0.000000	3.6e-15
27.290000	0.000000	3.5e-15
27.300000	0.000000	3.5e-15
27.310000	0.000000	3.4e-15
27.320000	0.000000	3.4e-15
27.330000	0.000000	3.3e-15
27.340000	0.000000	3.3e-15
27.350000	0.000000	3.2e-15
27.360000	0.000000	3.2e-15
27.370000	0.000000	3.1e-15
27.380000	0.000000	3.1e-15
27.390000	0.000000	3.0e-15
27.400000	0.000000	3.0e-15
27.410000	0.000000	2.9e-15
27.420000	0.000000	2.9e-15
27.430000	0.000000	2.9e-15
27.440000	0.000000	2.8e-15
27.450000	0.000000	2.8e-15
27.460000	0.000000	2.7e-15
27.470000	0.000000	2.7e-15
27.480000	0.000000	2.7e-15
27.490000	0.000000	2.6e-15
27.500000	0.000000	2.6e-15
27.510000	0.000000	2.6e-15
27.520000	0.000000	2.5e-15
27.530000	0.000000	2.5e-15
27.540000	0.000000	2.5e-15
27.550000	0.000000	2.4e-15
27.560000	0.000000	2.4e-15
27.570000	0.000000	2.4e-15
27.580000	0.000000	2.3e-15
27.590000	0.000000	2.3e-15
27.600000	0.000000	2.3e-15
27.610000	0.000000	2.2e-15
27.620000	0.000000	2.2e-15
27.630000	0.000000	2.2e-15
27.640000	0.000000	2.1e-15
27.650000	0.000000	2.1e-15
27.660000	0.000000	2.1e-15
27.670000	0.000000	2.0e-15
27.680000	0.000000	2.0e-15
27.690000	0.000000	2.0e-15
27.700000	0.000000	1.9e-15
27.710000	0.000000	1.9e-15
27.720000	0.000000	1.9e-15
27.730000	0.000000	1.8e-15
27.740000	0.000000	1.8e-15
27.750000	0.000000	1.8e-15
27.760000	0.000000	1.8e-15
27.770000	0.000000	1.8e-15
27.780000	0.000000	1.7e-15
27.790000	0.000000	1.7e-15
27.800000	0.000000	1.7e-15
27.810000	0.000000	1.7e-15
27.820000	0.000000	1.6e-15
27.830000	0.000000	1.6e-15
27.840000	0.000000	1.6e-15
27.850000	0.000000	1.6e-15
27.860000	0.000000	1.5e-15
27.870000	0.000000	1.5e-15
27.880000	0.000000	1.5e-15
27.890000	0.000000	1.5e-15
27.900000	0.000000	1.5e-15
27.910000	0.000000	1.4e-15
27.920000	0.000000	1.4e-15
27.930000	0.000000	1.4e-15
27.940000	0.000000	1.4e-15
27.950000	0.000000	1.3e-15
27.960000	0.000000	1.3e-15
27.970000	0.000000	1.3e-15
27.980000	0.000000	1.3e-15
27.990000	0.000000	1.3e-15
28.000000	0.000000	1.2e-15
28.010000	0.000000	1.2e-15
28.020000	0.000000	1.2e-15
28.030000	0.000000	1.2e-15
28.040000	0.000000	1.2e-15
28.050000	0.000000	1.2e-15
28.060000	0.000000	1.2e-15
28.070000	0.000000	1.1e-15
28.080000	0.000000	1.1e-15
28.090000	0.000000	1.1e-15
28.100000	0.000000	1.1e-15
28.110000	0.000000	1.1e-15
28.120000	0.000000	1.1e-15
28.130000	0.000000	1.0e-15
28.140000	0.000000	1.0e-15
28.150000	0.000000	1.0e-15
28.160000	0.000000	1.0e-15
28.170000	0.000000	9.8e-16
28.180000	0.000000	9.7e-16
28.190000	0.000000	9.6e-16
28.200000	0.000000	9.4e-16
28.210000	0.000000	9.3e-16
28.220000	0.000000	9.1e-16
28.230000	0.000000	9.0e-16
28.240000	0.000000	8.8e-16
28.250000	0.000000	8.7e-16
28.260000	0.000000	8.5e-16
28.270000	0.000000	8.4e-16
28.280000	0.000000	8.3e-16
28.290000	0.000000	8.2e-16
28.300000	0.000000	8.1e-16
28.310000	0.000000	8.0e-16
28.320000	0.000000	7.9e-16
28.330000	0.000000	7.8e-16
28.340000	0.000000	7.7e-16
28.350000	0.000000	7.6e-16
28.360000	0.000000	7.5e-16
28.370000	0.000000	7.4e-16
28.380000	0.000000	7.3e-16
28.390000	0.000000	7.2e-16
28.400000	0.000000	7.1e-16
28.410000	0.000000	7.0e-16
28.420000	0.000000	6.9e-16
28.430000	0.000000	6.8e-16
28.440000	0.000000	6.7e-16
28.450000	0.000000	6.6e-16
28.460000	0.000000	6.5e-16
28.470000	0.000000	6.4e-16
28.480000	0.000000	6.3e-16
28.490000	0.000000	6.2e-16
28.500000	0.000000	6.1e-16
28.510000	0.000000	6.0e-16
28.520000	0.000000	5.9e-16
28.530000	0.000000	5.8e-16
28.540000	0.000000	5.7e-16
28.550000	0.000000	5.6e-16
28.560000	0.000000	5.5e-16
28.570000	0.000000	5.5e-16
28.580000	0.000000	5.4e-16
28.590000	0.000000	5.3e-16
28.600000	0.000000	5.2e-16
28.610000	0.000000	5.2e-16
28.620000	0.000000	5.1e-16
28.630000	0.000000	5.0e-16
28.640000	0.000000	5.0e-16
28.650000	0.000000	4.9e-16
28.660000	0.000000	4.8e-16
28.670000	0.000000	4.8e-16
28.680000	0.000000	4.7e-16
28.690000	0.000000	4.6e-16
28.700000	0.000000	4.6e-16
28.710000	0.000000	4.5e-16
28.720000	0.000000	4.4e-16
28.730000	0.000000	4.4e-16
28.740000	0.000000	4.3e-16
28.750000	0.000000	4.2e-16
28.760000	0.000000	4.2e-16
28.770000	0.000000	4.1e-16
28.780000	0.000000	4.0e-16
28.790000	0.000000	4.0e-16
28.800000	0.000000	3.9e-16
28.810000	0.000000	3.8e-16
28.820000	0.000000	3.8e-16
28.830000	0.000000	3.7e-16
28.840000	0.000000	3.7e-16
28.850000	0.000000	3.6e-16
28.860000	0.000000	3.6e-16
28.870000	0.000000	3.5e-16
28.880000	0.000000	3.5e-16
28.890000	0.000000	3.5e-16
28.900000	0.000000	3.4e-16
28.910000	0.000000	3.4e-16
28.920000	0.000000	3.3e-16
28.930000	0.000000	3.3e-16
28.940000	0.000000	3.2e-16
28.950000	0.000000	3.2e-16
28.960000	0.000000	3.1e-16
28.970000	0.000000	3.1e-16
28.980000	0.000000	3.0e-16
28.990000	0.000000	3.0e-16
29.000000	0.000000	3.0e-16
29.010000	0.000000	2.9e-16
29.020000	0.000000	2.9e-16
29.030000	0.000000	2.8e-16
29.040000	0.000000	2.8e-16
29.050000	0.000000	2.7e-16
29.060000	0.000000	2.7e-16
29.070000	0.000000	2.6e-16
29.080000	0.000000	2.6e-16
29.090000	0.000000	2.6e-16
29.100000	0.000000	2.5e-16
29.110000	0.000000	2.5e-16
29.120000	0.000000	2.5e-16
29.130000	0.000000	2.4e-16
29.140000	0.000000	2.4e-16
29.150000	0.000000	2.4e-16
29.160000	0.000000	2.3e-16
29.170000	0.000000	2.3e-16
29.180000	0.000000	2.3e-16
29.190000	0.000000	2.2e-16
29.200000	0.000000	2.2e-16
29.210000	0.000000	2.2e-16
29.220000	0.000000	2.2e-16
29.230000	0.000000	2.1e-16
29.240000	0.000000	2.1e-16
29.250000	0.000000	2.1e-16
29.260000	0.000000	2.0e-16
29.270000	0.000000	2.0e-16
29.280000	0.000000	2.0e-16
29.290000	0.000000	1.9e-16
29.300000	0.000000	1.9e-16
29.310000	0.000000	1.9e-16
29.320000	0.000000	1.9e-16
29.330000	0.000000	1.8e-16
29.340000	0.000000	1.8e-16
29.350000	0.000000	1.8e-16
29.360000	0.000000	1.7e-16
29.370000	0.000000	1.7e-16
29.380000	0.000000	1.7e-16
29.390000	0.000000	1.7e-16
29.400000	0.000000	1.6e-16
29.410000	0.000000	1.6e-16
29.420000	0.000000	1.6e-16
29.430000	0.000000	1.6e-16
29.440000	0.000000	1.6e-16
29.450000	0.000000	1.5e-16
29.460000	0.000000	1.5e-16
29.470000	0.000000	1.5e-16
29.480000	0.000000	1.5e-16
29.490000	0.000000	1.5e-16
29.500000	0.000000	1.4e-16
29.510000	0.000000	1.4e-16
29.520000	0.000000	1.4e-16
29.530000	0.000000	1.4e-16
29.540000	0.000000	1.4e-16
29.550000	0.000000	1.3e-16
29.560000	0.000000	1.3e-16
29.570000	0.000000	1.3e-16
29.580000	0.000000	1.3e-16
29.590000	0.000000	1.3e-16
29.600000	0.000000	1.2e-16
29.610000	0.000000	1.2e-16
29.620000	0.000000	1.2e-16
29.630000	0.000000	1.2e-16
29.640000	0.000000	1.2e-16
29.650000	0.000000	1.1e-16
29.660000	0.000000	1.1e-16
29.670000	0.000000	1.1e-16
29.680000	0.000000	1.1e-16
29.690000	0.000000	1.1e-16
29.700000	0.000000	1.1e-16
29.710000	0.000000	1.1e-16
29.720000	0.000000	1.0e-16
29.730000	0.000000	1.0e-16
29.740000	0.000000	1.0e-16
29.750000	0.000000	1.0e-16
29.760000	0.000000	9.8e-17
29.770000	0.000000	9.7e-17
29.780000	0.000000	9.6e-17
29.790000	0.000000	9.4e-17
29.800000	0.000000	9.3e-17
29.810000	0.000000	9.2e-17
29.820000	0.000000	9.0e-17
29.830000	0.000000	8.9e-17
29.840000	0.000000	8.8e-17
29.850000	0.000000	8.6e-17
29.860000	0.000000	8.5e-17
29.870000	0.000000	8.4e-17
29.880000	0.000000	8.2e-17
29.890000	0.000000	8.1e-17
29.900000	0.000000	8.0e-17
29.910000	0.000000	7.9e-17
29.920000	0.000000	7.7e-17
29.930000	0.000000	7.6e-17
29.940000	0.000000	7.5e-17
29.950000	0.000000	7.4e-17
29.960000	0.000000	7.3e-17
29.970000	0.000000	7.2e-17
29.980000	0.000000	7.1e-17
29.990000	0.000000	7.0e-17
30.000000	0.000000	6.9e-17
30.010000	0.000000	6.8e-17
30.020000	0.000000	6.7e-17
30.030000	0.000000	6.6e-17
30.040000	0.000000	6.6e-17
30.050000	0.000000	6.5e-17
30.060000	0.000000	6.4e-17
30.070000	0.000000	6.3e-17
30.080000	0.000000	6.2e-17
30.090000	0.000000	6.1e-17
