0.100000	0.000000	522302.877069
0.110000	0.000000	367604.207039
0.120000	0.000000	209432.765391
0.130000	0.000000	192562.829937
0.140000	0.000000	82527.743437
0.150000	0.000000	39877.885881
0.160000	0.000000	33487.917920
0.170000	0.000000	29790.660640
0.180000	0.000000	31252.875133
0.190000	0.000000	30385.517402
0.200000	0.000000	26504.728789
0.210000	0.000000	26334.570956
0.220000	0.000000	34400.049930
0.230000	0.000000	60686.780616
0.240000	0.000000	28884.425011
0.250000	0.000000	48049.349916
0.260000	0.000000	33246.855168
0.270000	0.000000	25031.215245
0.280000	0.000000	33738.944613
0.290000	0.000000	19042.479379
0.300000	0.000000	21520.973000
0.310000	0.000000	23714.373140
0.320000	0.000000	19977.898900
0.330000	0.000000	21214.781728
0.340000	0.000000	18683.864161
0.350000	0.000000	14305.283165
0.360000	0.000000	29693.015310
0.370000	0.000000	61623.816754
0.380000	0.000000	60105.164791
0.390000	0.000000	23842.976578
0.400000	0.000000	52185.499384
0.410000	0.000000	10319.249773
0.420000	0.000000	11252.847625
0.430000	0.000000	12975.869484
0.440000	0.000000	10616.409075
0.450000	0.000000	9808.599320
0.460000	0.000000	8160.621123
0.470000	0.000000	7837.119273
0.480000	0.000000	7600.357858
0.490000	0.000000	10250.313612
0.500000	0.000000	15374.903921
0.510000	0.000000	11547.932566
0.520000	0.000000	6273.945214
0.530000	0.000000	9338.044253
0.540000	0.000000	10594.621380
0.550000	0.000000	5662.667555
0.560000	0.000000	7073.503495
0.570000	0.000000	9388.302872
0.580000	0.000000	5882.146179
0.590000	0.000000	7840.524248
0.600000	0.000000	6499.049119
0.610000	0.000000	4892.512576
0.620000	0.000000	6057.309655
0.630000	0.000000	5795.992029
0.640000	0.000000	5112.461355
0.650000	0.000000	34336.098163
0.660000	0.000000	20394.093898
0.670000	0.000000	5317.513061
0.680000	0.000000	4536.090133
0.690000	0.000000	9788.579842
0.700000	0.000000	11890.768674
0.710000	0.000000	18751.706415
0.720000	0.000000	36628.967208
0.730000	0.000000	8984.366872
0.740000	0.000000	21460.365182
0.750000	0.000000	7337.849909
0.760000	0.000000	29127.410353
0.770000	0.000000	46412.023424
0.780000	0.000000	18939.055712
0.790000	0.000000	17739.842997
0.800000	0.000000	21728.748301
0.810000	0.000000	25490.690714
0.820000	0.000000	44827.612454
0.830000	0.000000	31134.541334
0.840000	0.000000	25246.480826
0.850000	0.000000	32388.498744
0.860000	0.000000	45426.961911
0.870000	0.000000	46620.504943
0.880000	0.000000	23731.230898
0.890000	0.000000	24115.806087
0.900000	0.000000	38942.598096
0.910000	0.000000	59485.116223
0.920000	0.000000	30455.361236
0.930000	0.000000	16717.359312
0.940000	0.000000	21558.758622
0.950000	0.000000	28595.290737
0.960000	0.000000	42657.512598
0.970000	0.000000	17765.180864
0.980000	0.000000	12793.816789
0.990000	0.000000	19296.169104
1.000000	0.000000	28046.513351
1.010000	0.000000	29102.866561
1.020000	0.000000	17954.538999
1.030000	0.000000	7976.628998
1.040000	0.000000	9832.805641
1.050000	0.000000	11402.871378
1.060000	0.000000	5498.060761
1.070000	0.000000	9508.897724
1.080000	0.000000	9557.478918
1.090000	0.000000	8487.040447
1.100000	0.000000	5769.530194
1.110000	0.000000	4616.453992
1.120000	0.000000	7008.045406
1.130000	0.000000	3834.321385
1.140000	0.000000	6802.012535
1.150000	0.000000	5361.150113
1.160000	0.000000	6980.776882
1.170000	0.000000	6120.718887
1.180000	0.000000	4251.632536
1.190000	0.000000	3340.224045
1.200000	0.000000	3267.695534
1.210000	0.000000	3744.762672
1.220000	0.000000	3211.573806
1.230000	0.000000	2830.359849
1.240000	0.000000	3039.030062
1.250000	0.000000	3474.583001
1.260000	0.000000	2877.498515
1.270000	0.000000	4747.951216
1.280000	0.000000	2076.517012
1.290000	0.000000	2247.167576
1.300000	0.000000	2684.682372
1.310000	0.000000	3808.880335
1.320000	0.000000	2539.160832
1.330000	0.000000	2145.368011
1.340000	0.000000	2671.947498
1.350000	0.000000	2373.943906
1.360000	0.000000	2170.944020
1.370000	0.000000	2299.990982
1.380000	0.000000	1812.370099
1.390000	0.000000	1645.344844
1.400000	0.000000	1745.530970
1.410000	0.000000	1344.352325
1.420000	0.000000	1611.981633
1.430000	0.000000	1437.696975
1.440000	0.000000	1854.525914
1.450000	0.000000	1166.646219
1.460000	0.000000	1095.178102
1.470000	0.000000	1059.196862
1.480000	0.000000	1172.761464
1.490000	0.000000	1133.810476
1.500000	0.000000	1000.197965
1.510000	0.000000	976.088795
1.520000	0.000000	1036.596267
1.530000	0.000000	969.974419
1.540000	0.000000	844.510245
1.550000	0.000000	885.400773
1.560000	0.000000	11317.653383
1.570000	0.000000	35425.844831
1.580000	0.000000	23353.343387
1.590000	0.000000	80158.870446
1.600000	0.000000	786.318965
1.610000	0.000000	732.780983
1.620000	0.000000	636.680939
1.630000	0.000000	612.036627
1.640000	0.000000	597.353198
1.650000	0.000000	656.936600
1.660000	0.000000	600.673117
1.670000	0.000000	599.039462
1.680000	0.000000	570.527962
1.690000	0.000000	1360.480769
1.700000	0.000000	2096.524473
1.710000	0.000000	2740.628689
1.720000	0.000000	24243.688639
1.730000	0.000000	52285.366341
1.740000	0.000000	447.521616
1.750000	0.000000	453.180249
1.760000	0.000000	430.186470
1.770000	0.000000	422.680967
1.780000	0.000000	413.737350
1.790000	0.000000	416.743464
1.800000	0.000000	441.732863
1.810000	0.000000	866.123186
1.820000	0.000000	678.643155
1.830000	0.000000	447.949976
1.840000	0.000000	377.759169
1.850000	0.000000	377.935624
1.860000	0.000000	5484.562936
1.870000	0.000000	6416.270063
1.880000	0.000000	352.062771
1.890000	0.000000	417.849193
1.900000	0.000000	548.892188
1.910000	0.000000	416.066013
1.920000	0.000000	342.343125
1.930000	0.000000	333.933059
1.940000	0.000000	497.550013
1.950000	0.000000	326.067787
1.960000	0.000000	3594.271571
1.970000	0.000000	831.712056
1.980000	0.000000	302.469935
1.990000	0.000000	413.447852
2.000000	0.000000	1612.419486
2.010000	0.000000	1051.350819
2.020000	0.000000	817.849041
2.030000	0.000000	1090.848109
2.040000	0.000000	3988.933092
2.050000	0.000000	5744.233201
2.060000	0.000000	525.890777
2.070000	0.000000	263.217507
2.080000	0.000000	283.602125
2.090000	0.000000	354.936065
2.100000	0.000000	341.214094
2.110000	0.000000	336.962718
2.120000	0.000000	326.124296
2.130000	0.000000	324.041927
2.140000	0.000000	314.943424
2.150000	0.000000	2206.360144
2.160000	0.000000	992.466087
2.170000	0.000000	282.701591
2.180000	0.000000	278.087232
2.190000	0.000000	273.437132
2.200000	0.000000	758.069877
2.210000	0.000000	905.880172
2.220000	0.000000	259.492018
2.230000	0.000000	406.717180
2.240000	0.000000	768.413785
2.250000	0.000000	575.649753
2.260000	0.000000	455.247098
2.270000	0.000000	372.917203
2.280000	0.000000	327.657253
2.290000	0.000000	232.167395
2.300000	0.000000	281.740042
2.310000	0.000000	300.202112
2.320000	0.000000	298.345630
2.330000	0.000000	293.012076
2.340000	0.000000	287.945472
2.350000	0.000000	282.348123
2.360000	0.000000	276.689512
2.370000	0.000000	305.773522
2.380000	0.000000	313.686318
2.390000	0.000000	260.896427
2.400000	0.000000	290.288332
2.410000	0.000000	366.174426
2.420000	0.000000	2471.417862
2.430000	0.000000	16552.033956
2.440000	0.000000	8079.477975
2.450000	0.000000	7438.337338
2.460000	0.000000	22217.954423
2.470000	0.000000	3049.925822
2.480000	0.000000	217.422820
2.490000	0.000000	213.854824
2.500000	0.000000	210.320902
2.510000	0.000000	209.452393
2.520000	0.000000	205.351148
2.530000	0.000000	200.214734
2.540000	0.000000	196.884267
2.550000	0.000000	198.151065
2.560000	0.000000	199.091550
2.570000	0.000000	187.937014
2.580000	0.000000	247.484408
2.590000	0.000000	503.998642
2.600000	0.000000	369.148940
2.610000	0.000000	1195.564630
2.620000	0.000000	2084.695059
2.630000	0.000000	312.001918
2.640000	0.000000	169.803318
2.650000	0.000000	166.502584
2.660000	0.000000	163.913402
2.670000	0.000000	161.625975
2.680000	0.000000	159.328569
2.690000	0.000000	157.069807
2.700000	0.000000	155.066902
2.710000	0.000000	152.797370
2.720000	0.000000	150.412589
2.730000	0.000000	148.566660
2.740000	0.000000	148.427499
2.750000	0.000000	152.372365
2.760000	0.000000	145.021540
2.770000	0.000000	146.436988
2.780000	0.000000	158.334755
2.790000	0.000000	149.970353
2.800000	0.000000	183.151075
2.810000	0.000000	140.521216
2.820000	0.000000	743.188726
2.830000	0.000000	404.311845
2.840000	0.000000	160.694520
2.850000	0.000000	126.920599
2.860000	0.000000	120.780384
2.870000	0.000000	1369.826685
2.880000	0.000000	1696.381043
2.890000	0.000000	115.852461
2.900000	0.000000	114.251700
2.910000	0.000000	112.681606
2.920000	0.000000	111.171108
2.930000	0.000000	109.692742
2.940000	0.000000	116.390310
2.950000	0.000000	413.900559
2.960000	0.000000	201.093048
2.970000	0.000000	112.761502
2.980000	0.000000	112.516912
2.990000	0.000000	103.646191
3.000000	0.000000	99.242220
3.010000	0.000000	198.912107
3.020000	0.000000	665.512231
3.030000	0.000000	516.010025
3.040000	0.000000	115.991492
3.050000	0.000000	116.465673
3.060000	0.000000	96.390811
3.070000	0.000000	89.620171
3.080000	0.000000	89.179378
3.090000	0.000000	182.798865
3.100000	0.000000	714.519296
3.110000	0.000000	99.970654
3.120000	0.000000	134.312083
3.130000	0.000000	409.751304
3.140000	0.000000	118.920341
3.150000	0.000000	173.590556
3.160000	0.000000	105.321867
3.170000	0.000000	128.397012
3.180000	0.000000	154.829064
3.190000	0.000000	111.646627
3.200000	0.000000	75.605231
3.210000	0.000000	76.044103
3.220000	0.000000	81.768799
3.230000	0.000000	86.607097
3.240000	0.000000	85.512719
3.250000	0.000000	84.711556
3.260000	0.000000	92.986491
3.270000	0.000000	145.427022
3.280000	0.000000	82.423844
3.290000	0.000000	80.139006
3.300000	0.000000	79.015690
3.310000	0.000000	78.716623
3.320000	0.000000	78.247254
3.330000	0.000000	75.988677
3.340000	0.000000	74.819314
3.350000	0.000000	90.637707
3.360000	0.000000	84.548426
3.370000	0.000000	71.281645
3.380000	0.000000	70.185455
3.390000	0.000000	74.354566
3.400000	0.000000	78.000858
3.410000	0.000000	69.137345
3.420000	0.000000	73.350108
3.430000	0.000000	66.275028
3.440000	0.000000	69.929071
3.450000	0.000000	69.228019
3.460000	0.000000	62.717497
3.470000	0.000000	64.046043
3.480000	0.000000	61.447330
3.490000	0.000000	61.857287
3.500000	0.000000	63.201895
3.510000	0.000000	61.026741
3.520000	0.000000	59.129731
3.530000	0.000000	58.284231
3.540000	0.000000	57.530787
3.550000	0.000000	56.830094
3.560000	0.000000	56.110014
3.570000	0.000000	55.359509
3.580000	0.000000	54.791883
3.590000	0.000000	54.104650
3.600000	0.000000	53.921693
3.610000	0.000000	58.243227
3.620000	0.000000	53.012822
3.630000	0.000000	50.870686
3.640000	0.000000	50.146130
3.650000	0.000000	49.342888
3.660000	0.000000	48.609787
3.670000	0.000000	48.267234
3.680000	0.000000	53.636983
3.690000	0.000000	50.345978
3.700000	0.000000	45.726973
3.710000	0.000000	45.050008
3.720000	0.000000	44.450412
3.730000	0.000000	43.885594
3.740000	0.000000	43.331174
3.750000	0.000000	42.768366
3.760000	0.000000	42.187456
3.770000	0.000000	41.825805
3.780000	0.000000	43.379613
3.790000	0.000000	41.502450
3.800000	0.000000	40.295267
3.810000	0.000000	39.628167
3.820000	0.000000	38.965837
3.830000	0.000000	38.552945
3.840000	0.000000	39.008151
3.850000	0.000000	49.861715
3.860000	0.000000	54.798919
3.870000	0.000000	49.261252
3.880000	0.000000	44.660481
3.890000	0.000000	52.149468
3.900000	0.000000	54.392350
3.910000	0.000000	34.470192
3.920000	0.000000	34.008121
3.930000	0.000000	33.624498
3.940000	0.000000	32.999136
3.950000	0.000000	32.523465
3.960000	0.000000	33.242845
3.970000	0.000000	31.571794
3.980000	0.000000	31.036374
3.990000	0.000000	30.577785
4.000000	0.000000	30.639002
4.010000	0.000000	29.977469
4.020000	0.000000	29.418614
4.030000	0.000000	29.244659
4.040000	0.000000	28.923130
4.050000	0.000000	28.496750
4.060000	0.000000	28.148504
4.070000	0.000000	27.709072
4.080000	0.000000	27.271837
4.090000	0.000000	26.824015
4.100000	0.000000	26.503950
4.110000	0.000000	26.106003
4.120000	0.000000	25.916635
4.130000	0.000000	25.361580
4.140000	0.000000	25.054410
4.150000	0.000000	24.688582
4.160000	0.000000	24.351347
4.170000	0.000000	24.021819
4.180000	0.000000	23.691859
4.190000	0.000000	23.362593
4.200000	0.000000	23.034945
4.210000	0.000000	22.708702
4.220000	0.000000	22.382738
4.230000	0.000000	22.083474
4.240000	0.000000	21.797924
4.250000	0.000000	21.451815
4.260000	0.000000	21.117343
4.270000	0.000000	20.818254
4.280000	0.000000	20.508871
4.290000	0.000000	20.219593
4.300000	0.000000	19.962750
4.310000	0.000000	19.707693
4.320000	0.000000	19.455149
4.330000	0.000000	19.279193
4.340000	0.000000	18.991543
4.350000	0.000000	18.720327
4.360000	0.000000	18.475271
4.370000	0.000000	18.227719
4.380000	0.000000	17.978958
4.390000	0.000000	17.733019
4.400000	0.000000	17.488071
4.410000	0.000000	17.244461
4.420000	0.000000	17.005966
4.430000	0.000000	16.777626
4.440000	0.000000	16.527371
4.450000	0.000000	16.308082
4.460000	0.000000	16.112825
4.470000	0.000000	15.880809
4.480000	0.000000	15.804771
4.490000	0.000000	15.459319
4.500000	0.000000	16.720065
4.510000	0.000000	15.818916
4.520000	0.000000	14.917739
4.530000	0.000000	14.600355
4.540000	0.000000	14.382346
4.550000	0.000000	14.151540
4.560000	0.000000	13.948927
4.570000	0.000000	14.310093
4.580000	0.000000	14.765873
4.590000	0.000000	13.379964
4.600000	0.000000	13.215587
4.610000	0.000000	13.052517
4.620000	0.000000	12.893870
4.630000	0.000000	12.720000
4.640000	0.000000	12.549606
4.650000	0.000000	12.389844
4.660000	0.000000	12.221124
4.670000	0.000000	12.056779
4.680000	0.000000	11.928563
4.690000	0.000000	11.835138
4.700000	0.000000	11.790049
4.710000	0.000000	11.819662
4.720000	0.000000	11.762705
4.730000	0.000000	11.497907
4.740000	0.000000	11.183796
4.750000	0.000000	10.955953
4.760000	0.000000	10.717575
4.770000	0.000000	10.501239
4.780000	0.000000	10.358455
4.790000	0.000000	10.218391
4.800000	0.000000	10.069784
4.810000	0.000000	9.961673
4.820000	0.000000	10.475059
4.830000	0.000000	9.859220
4.840000	0.000000	9.532270
4.850000	0.000000	9.422343
4.860000	0.000000	9.271252
4.870000	0.000000	9.115029
4.880000	0.000000	8.990316
4.890000	0.000000	8.876648
4.900000	0.000000	8.766510
4.910000	0.000000	8.656411
4.920000	0.000000	8.589836
4.930000	0.000000	8.580259
4.940000	0.000000	8.326461
4.950000	0.000000	8.216716
4.960000	0.000000	8.106905
4.970000	0.000000	7.991360
4.980000	0.000000	7.958473
4.990000	0.000000	7.784438
5.000000	0.000000	7.664459
5.010000	0.000000	7.555827
5.020000	0.000000	7.484891
5.030000	0.000000	7.371807
5.040000	0.000000	7.272013
5.050000	0.000000	7.181694
5.060000	0.000000	7.075392
5.070000	0.000000	6.979154
5.080000	0.000000	6.886194
5.090000	0.000000	6.782808
5.100000	0.000000	6.689741
5.110000	0.000000	6.595705
5.120000	0.000000	6.504716
5.130000	0.000000	6.417711
5.140000	0.000000	6.326361
5.150000	0.000000	6.245318
5.160000	0.000000	6.157057
5.170000	0.000000	6.065699
5.180000	0.000000	5.984687
5.190000	0.000000	5.910313
5.200000	0.000000	5.836885
5.210000	0.000000	5.760693
5.220000	0.000000	5.685111
5.230000	0.000000	5.611899
5.240000	0.000000	5.538928
5.250000	0.000000	5.466225
5.260000	0.000000	5.393110
5.270000	0.000000	5.320332
5.280000	0.000000	5.247517
5.290000	0.000000	5.174747
5.300000	0.000000	5.099343
5.310000	0.000000	5.024900
5.320000	0.000000	4.957146
5.330000	0.000000	4.893082
5.340000	0.000000	4.830206
5.350000	0.000000	4.767554
5.360000	0.000000	4.704896
5.370000	0.000000	4.642184
5.380000	0.000000	4.579429
5.390000	0.000000	4.516792
5.400000	0.000000	4.454696
5.410000	0.000000	4.393705
5.420000	0.000000	4.333718
5.430000	0.000000	4.274046
5.440000	0.000000	4.215783
5.450000	0.000000	4.158847
5.460000	0.000000	4.100810
5.470000	0.000000	4.040820
5.480000	0.000000	3.984344
5.490000	0.000000	3.958221
5.500000	0.000000	3.896634
5.510000	0.000000	3.838960
5.520000	0.000000	3.787799
5.530000	0.000000	3.750637
5.540000	0.000000	3.701758
5.550000	0.000000	3.643461
5.560000	0.000000	3.594101
5.570000	0.000000	3.562251
5.580000	0.000000	3.521309
5.590000	0.000000	3.447656
5.600000	0.000000	3.410666
5.610000	0.000000	3.400795
5.620000	0.000000	3.365964
5.630000	0.000000	3.422400
5.640000	0.000000	3.306739
5.650000	0.000000	3.227760
5.660000	0.000000	3.171991
5.670000	0.000000	3.171119
5.680000	0.000000	3.089039
5.690000	0.000000	3.019580
5.700000	0.000000	2.973716
5.710000	0.000000	2.933336
5.720000	0.000000	2.893600
5.730000	0.000000	2.854524
5.740000	0.000000	2.815484
5.750000	0.000000	2.778430
5.760000	0.000000	2.743235
5.770000	0.000000	2.701616
5.780000	0.000000	2.662665
5.790000	0.000000	2.628540
5.800000	0.000000	2.596401
5.810000	0.000000	2.560790
5.820000	0.000000	2.528217
5.830000	0.000000	2.495822
5.840000	0.000000	2.463417
5.850000	0.000000	2.431022
5.860000	0.000000	2.400114
5.870000	0.000000	2.367331
5.880000	0.000000	2.336482
5.890000	0.000000	2.304454
5.900000	0.000000	2.272223
5.910000	0.000000	2.243776
5.920000	0.000000	2.215678
5.930000	0.000000	2.188155
5.940000	0.000000	2.160321
5.950000	0.000000	2.133463
5.960000	0.000000	2.105096
5.970000	0.000000	2.076310
5.980000	0.000000	2.049877
5.990000	0.000000	2.023300
6.000000	0.000000	1.995077
6.010000	0.000000	1.967583
6.020000	0.000000	1.944283
6.030000	0.000000	1.919519
6.040000	0.000000	1.890781
6.050000	0.000000	1.863773
6.060000	0.000000	1.841381
6.070000	0.000000	1.816074
6.080000	0.000000	1.786860
6.090000	0.000000	1.763711
6.100000	0.000000	1.744911
6.110000	0.000000	1.727948
6.120000	0.000000	1.709961
6.130000	0.000000	1.686200
6.140000	0.000000	1.658884
6.150000	0.000000	1.636876
6.160000	0.000000	1.613106
6.170000	0.000000	1.595134
6.180000	0.000000	1.570241
6.190000	0.000000	1.548100
6.200000	0.000000	1.527783
6.210000	0.000000	1.508469
6.220000	0.000000	1.489877
6.230000	0.000000	1.471322
6.240000	0.000000	1.452716
6.250000	0.000000	1.434306
6.260000	0.000000	1.415987
6.270000	0.000000	1.397805
6.280000	0.000000	1.380029
6.290000	0.000000	1.361819
6.300000	0.000000	1.343461
6.310000	0.000000	1.324830
6.320000	0.000000	1.308870
6.330000	0.000000	1.293710
6.340000	0.000000	1.273823
6.350000	0.000000	1.255485
6.360000	0.000000	1.238007
6.370000	0.000000	1.220872
6.380000	0.000000	1.204351
6.390000	0.000000	1.189322
6.400000	0.000000	1.180068
6.410000	0.000000	1.217991
6.420000	0.000000	1.318622
6.430000	0.000000	1.333296
6.440000	0.000000	1.171367
6.450000	0.000000	1.276787
6.460000	0.000000	1.502273
6.470000	0.000000	1.522817
6.480000	0.000000	1.174987
6.490000	0.000000	2.694596
6.500000	0.000000	2.649264
6.510000	0.000000	1.504933
6.520000	0.000000	1.213108
6.530000	0.000000	1.869635
6.540000	0.000000	1.913785
6.550000	0.000000	1.365736
6.560000	0.000000	1.084325
6.570000	0.000000	1.678866
6.580000	0.000000	2.064007
6.590000	0.000000	1.342861
6.600000	0.000000	1.266868
6.610000	0.000000	1.621969
6.620000	0.000000	1.429279
6.630000	0.000000	1.025670
6.640000	0.000000	1.127780
6.650000	0.000000	1.274499
6.660000	0.000000	1.032644
6.670000	0.000000	1.002876
6.680000	0.000000	0.894149
6.690000	0.000000	0.895011
6.700000	0.000000	0.898579
6.710000	0.000000	0.833603
6.720000	0.000000	0.779267
6.730000	0.000000	0.762310
6.740000	0.000000	0.752702
6.750000	0.000000	0.743174
6.760000	0.000000	0.733872
6.770000	0.000000	0.724593
6.780000	0.000000	0.715375
6.790000	0.000000	0.706193
6.800000	0.000000	0.697016
6.810000	0.000000	0.687578
6.820000	0.000000	0.678048
6.830000	0.000000	0.669328
6.840000	0.000000	0.661132
6.850000	0.000000	0.652993
6.860000	0.000000	0.644817
6.870000	0.000000	0.636706
6.880000	0.000000	0.628642
6.890000	0.000000	0.620583
6.900000	0.000000	0.614538
6.910000	0.000000	0.607145
6.920000	0.000000	0.597041
6.930000	0.000000	0.589600
6.940000	0.000000	0.581483
6.950000	0.000000	0.574219
6.960000	0.000000	0.565878
6.970000	0.000000	0.558169
6.980000	0.000000	0.550144
6.990000	0.000000	0.542259
7.000000	0.000000	0.534710
7.010000	0.000000	0.528008
7.020000	0.000000	0.522068
7.030000	0.000000	0.515341
7.040000	0.000000	0.508823
7.050000	0.000000	0.503300
7.060000	0.000000	0.497227
7.070000	0.000000	0.490639
7.080000	0.000000	0.484285
7.090000	0.000000	0.477916
7.100000	0.000000	0.471889
7.110000	0.000000	0.466006
7.120000	0.000000	0.459671
7.130000	0.000000	0.453453
7.140000	0.000000	0.447465
7.150000	0.000000	0.441576
7.160000	0.000000	0.436252
7.170000	0.000000	0.431454
7.180000	0.000000	0.425671
7.190000	0.000000	0.422741
7.200000	0.000000	0.415683
7.210000	0.000000	0.409220
7.220000	0.000000	0.403940
7.230000	0.000000	0.398733
7.240000	0.000000	0.393565
7.250000	0.000000	0.388541
7.260000	0.000000	0.384448
7.270000	0.000000	0.380459
7.280000	0.000000	0.373199
7.290000	0.000000	0.367897
7.300000	0.000000	0.362702
7.310000	0.000000	0.357659
7.320000	0.000000	0.352927
7.330000	0.000000	0.348746
7.340000	0.000000	0.345590
7.350000	0.000000	0.342665
7.360000	0.000000	0.337222
7.370000	0.000000	0.332298
7.380000	0.000000	0.328026
7.390000	0.000000	0.323875
7.400000	0.000000	0.319763
7.410000	0.000000	0.315825
7.420000	0.000000	0.313223
7.430000	0.000000	0.310798
7.440000	0.000000	0.305071
7.450000	0.000000	0.300183
7.460000	0.000000	0.296215
7.470000	0.000000	0.291987
7.480000	0.000000	0.288371
7.490000	0.000000	0.286746
7.500000	0.000000	0.281800
7.510000	0.000000	0.281419
7.520000	0.000000	0.278303
7.530000	0.000000	0.273814
7.540000	0.000000	0.270489
7.550000	0.000000	0.266078
7.560000	0.000000	0.260952
7.570000	0.000000	0.257209
7.580000	0.000000	0.254348
7.590000	0.000000	0.250752
7.600000	0.000000	0.246741
7.610000	0.000000	0.243287
7.620000	0.000000	0.241177
7.630000	0.000000	0.241481
7.640000	0.000000	0.234177
7.650000	0.000000	0.230908
7.660000	0.000000	0.228028
7.670000	0.000000	0.225262
7.680000	0.000000	0.222746
7.690000	0.000000	0.219864
7.700000	0.000000	0.217037
7.710000	0.000000	0.214500
7.720000	0.000000	0.215132
7.730000	0.000000	0.211986
7.740000	0.000000	0.206674
7.750000	0.000000	0.204130
7.760000	0.000000	0.203040
7.770000	0.000000	0.205896
7.780000	0.000000	0.212879
7.790000	0.000000	0.210546
7.800000	0.000000	0.200974
7.810000	0.000000	0.190561
7.820000	0.000000	0.189005
7.830000	0.000000	0.186524
7.840000	0.000000	0.181577
7.850000	0.000000	0.179405
7.860000	0.000000	0.176991
7.870000	0.000000	0.175383
7.880000	0.000000	0.172465
7.890000	0.000000	0.169630
7.900000	0.000000	0.167325
7.910000	0.000000	0.165038
7.920000	0.000000	0.162754
7.930000	0.000000	0.160542
7.940000	0.000000	0.158548
7.950000	0.000000	0.156700
7.960000	0.000000	0.154937
7.970000	0.000000	0.153569
7.980000	0.000000	0.151178
7.990000	0.000000	0.149221
8.000000	0.000000	0.147368
8.010000	0.000000	0.145532
8.020000	0.000000	0.143698
8.030000	0.000000	0.141882
8.040000	0.000000	0.140073
8.050000	0.000000	0.138265
8.060000	0.000000	0.136457
8.070000	0.000000	0.134651
8.080000	0.000000	0.132869
8.090000	0.000000	0.131359
8.100000	0.000000	0.129911
8.110000	0.000000	0.127959
8.120000	0.000000	0.126357
8.130000	0.000000	0.124776
8.140000	0.000000	0.123213
8.150000	0.000000	0.121636
8.160000	0.000000	0.124921
8.170000	0.000000	0.118797
8.180000	0.000000	0.117647
8.190000	0.000000	0.115627
8.200000	0.000000	0.113922
8.210000	0.000000	0.112943
8.220000	0.000000	0.111133
8.230000	0.000000	0.109264
8.240000	0.000000	0.107788
8.250000	0.000000	0.106436
8.260000	0.000000	0.105194
8.270000	0.000000	0.103962
8.280000	0.000000	0.102815
8.290000	0.000000	0.101800
8.300000	0.000000	0.100278
8.310000	0.000000	0.099054
8.320000	0.000000	0.097792
8.330000	0.000000	0.096529
8.340000	0.000000	0.097106
8.350000	0.000000	0.094387
8.360000	0.000000	0.093233
8.370000	0.000000	0.091803
8.380000	0.000000	0.090497
8.390000	0.000000	0.089529
8.400000	0.000000	0.088291
8.410000	0.000000	0.086987
8.420000	0.000000	0.085940
8.430000	0.000000	0.084890
8.440000	0.000000	0.083786
8.450000	0.000000	0.082743
8.460000	0.000000	0.081706
8.470000	0.000000	0.080688
8.480000	0.000000	0.079771
8.490000	0.000000	0.078578
8.500000	0.000000	0.077521
8.510000	0.000000	0.076513
8.520000	0.000000	0.075489
8.530000	0.000000	0.074461
8.540000	0.000000	0.073455
8.550000	0.000000	0.072462
8.560000	0.000000	0.071545
8.570000	0.000000	0.070698
8.580000	0.000000	0.069902
8.590000	0.000000	0.069091
8.600000	0.000000	0.068242
8.610000	0.000000	0.067422
8.620000	0.000000	0.066584
8.630000	0.000000	0.065766
8.640000	0.000000	0.064957
8.650000	0.000000	0.064178
8.660000	0.000000	0.063295
8.670000	0.000000	0.062472
8.680000	0.000000	0.061668
8.690000	0.000000	0.060886
8.700000	0.000000	0.060070
8.710000	0.000000	0.059278
8.720000	0.000000	0.058495
8.730000	0.000000	0.057756
8.740000	0.000000	0.057043
8.750000	0.000000	0.056334
8.760000	0.000000	0.055637
8.770000	0.000000	0.054943
8.780000	0.000000	0.054254
8.790000	0.000000	0.053566
8.800000	0.000000	0.052881
8.810000	0.000000	0.052187
8.820000	0.000000	0.051502
8.830000	0.000000	0.050783
8.840000	0.000000	0.050108
8.850000	0.000000	0.049442
8.860000	0.000000	0.048777
8.870000	0.000000	0.048135
8.880000	0.000000	0.047557
8.890000	0.000000	0.047004
8.900000	0.000000	0.046455
8.910000	0.000000	0.045904
8.920000	0.000000	0.045352
8.930000	0.000000	0.044805
8.940000	0.000000	0.044261
8.950000	0.000000	0.043719
8.960000	0.000000	0.043177
8.970000	0.000000	0.042636
8.980000	0.000000	0.042095
8.990000	0.000000	0.041549
9.000000	0.000000	0.040981
9.010000	0.000000	0.040447
9.020000	0.000000	0.039914
9.030000	0.000000	0.039379
9.040000	0.000000	0.038869
9.050000	0.000000	0.038387
9.060000	0.000000	0.037917
9.070000	0.000000	0.037450
9.080000	0.000000	0.036985
9.090000	0.000000	0.036523
9.100000	0.000000	0.036062
9.110000	0.000000	0.035601
9.120000	0.000000	0.035141
9.130000	0.000000	0.034687
9.140000	0.000000	0.034238
9.150000	0.000000	0.033792
9.160000	0.000000	0.033336
9.170000	0.000000	0.032872
9.180000	0.000000	0.032429
9.190000	0.000000	0.032025
9.200000	0.000000	0.031651
9.210000	0.000000	0.031282
9.220000	0.000000	0.030914
9.230000	0.000000	0.030546
9.240000	0.000000	0.030180
9.250000	0.000000	0.029817
9.260000	0.000000	0.029455
9.270000	0.000000	0.029093
9.280000	0.000000	0.028731
9.290000	0.000000	0.028370
9.300000	0.000000	0.028009
9.310000	0.000000	0.027649
9.320000	0.000000	0.027292
9.330000	0.000000	0.026920
9.340000	0.000000	0.026553
9.350000	0.000000	0.026197
9.360000	0.000000	0.025859
9.370000	0.000000	0.025542
9.380000	0.000000	0.025229
9.390000	0.000000	0.024918
9.400000	0.000000	0.024609
9.410000	0.000000	0.024301
9.420000	0.000000	0.023992
9.430000	0.000000	0.023687
9.440000	0.000000	0.023386
9.450000	0.000000	0.023087
9.460000	0.000000	0.022789
9.470000	0.000000	0.022491
9.480000	0.000000	0.022193
9.490000	0.000000	0.021896
9.500000	0.000000	0.021587
9.510000	0.000000	0.021329
9.520000	0.000000	0.021082
9.530000	0.000000	0.020836
9.540000	0.000000	0.020590
9.550000	0.000000	0.020346
9.560000	0.000000	0.020104
9.570000	0.000000	0.019862
9.580000	0.000000	0.019620
9.590000	0.000000	0.019378
9.600000	0.000000	0.019136
9.610000	0.000000	0.018894
9.620000	0.000000	0.018654
9.630000	0.000000	0.018415
9.640000	0.000000	0.018176
9.650000	0.000000	0.017937
9.660000	0.000000	0.017699
9.670000	0.000000	0.017445
9.680000	0.000000	0.017224
9.690000	0.000000	0.017014
9.700000	0.000000	0.016805
9.710000	0.000000	0.016598
9.720000	0.000000	0.016392
9.730000	0.000000	0.016186
9.740000	0.000000	0.015984
9.750000	0.000000	0.015784
9.760000	0.000000	0.015584
9.770000	0.000000	0.015384
9.780000	0.000000	0.015185
9.790000	0.000000	0.014986
9.800000	0.000000	0.014787
9.810000	0.000000	0.014588
9.820000	0.000000	0.014397
9.830000	0.000000	0.014228
9.840000	0.000000	0.014054
9.850000	0.000000	0.013890
9.860000	0.000000	0.013728
9.870000	0.000000	0.013566
9.880000	0.000000	0.013403
9.890000	0.000000	0.013241
9.900000	0.000000	0.013079
9.910000	0.000000	0.012917
9.920000	0.000000	0.012756
9.930000	0.000000	0.012595
9.940000	0.000000	0.012435
9.950000	0.000000	0.012275
9.960000	0.000000	0.012116
9.970000	0.000000	0.011957
9.980000	0.000000	0.011798
9.990000	0.000000	0.011640
10.000000	0.000000	0.011487
10.010000	0.000000	0.011342
10.020000	0.000000	0.011203
10.030000	0.000000	0.011065
10.040000	0.000000	0.010928
10.050000	0.000000	0.010794
10.060000	0.000000	0.010660
10.070000	0.000000	0.010526
10.080000	0.000000	0.010393
10.090000	0.000000	0.010259
10.100000	0.000000	0.010126
10.110000	0.000000	0.009992
10.120000	0.000000	0.009859
10.130000	0.000000	0.009727
10.140000	0.000000	0.009605
10.150000	0.000000	0.009494
10.160000	0.000000	0.009385
10.170000	0.000000	0.009271
10.180000	0.000000	0.009160
10.190000	0.000000	0.009052
10.200000	0.000000	0.008943
10.210000	0.000000	0.008835
10.220000	0.000000	0.008726
10.230000	0.000000	0.008618
10.240000	0.000000	0.008510
10.250000	0.000000	0.008403
10.260000	0.000000	0.008296
10.270000	0.000000	0.008190
10.280000	0.000000	0.008083
10.290000	0.000000	0.007977
10.300000	0.000000	0.007871
10.310000	0.000000	0.007767
10.320000	0.000000	0.007667
10.330000	0.000000	0.007573
10.340000	0.000000	0.007475
10.350000	0.000000	0.007384
10.360000	0.000000	0.007294
10.370000	0.000000	0.007205
10.380000	0.000000	0.007115
10.390000	0.000000	0.007026
10.400000	0.000000	0.006936
10.410000	0.000000	0.006847
10.420000	0.000000	0.006758
10.430000	0.000000	0.006669
10.440000	0.000000	0.006580
10.450000	0.000000	0.006493
10.460000	0.000000	0.006413
10.470000	0.000000	0.006340
10.480000	0.000000	0.006267
10.490000	0.000000	0.006195
10.500000	0.000000	0.006122
10.510000	0.000000	0.006045
10.520000	0.000000	0.005972
10.530000	0.000000	0.005899
10.540000	0.000000	0.005827
10.550000	0.000000	0.005755
10.560000	0.000000	0.005683
10.570000	0.000000	0.005612
10.580000	0.000000	0.005540
10.590000	0.000000	0.005469
10.600000	0.000000	0.005398
10.610000	0.000000	0.005327
10.620000	0.000000	0.005256
10.630000	0.000000	0.005187
10.640000	0.000000	0.005120
10.650000	0.000000	0.005058
10.660000	0.000000	0.004997
10.670000	0.000000	0.004936
10.680000	0.000000	0.004873
10.690000	0.000000	0.004813
10.700000	0.000000	0.004754
10.710000	0.000000	0.004694
10.720000	0.000000	0.004634
10.730000	0.000000	0.004574
10.740000	0.000000	0.004515
10.750000	0.000000	0.004455
10.760000	0.000000	0.004395
10.770000	0.000000	0.004338
10.780000	0.000000	0.004286
10.790000	0.000000	0.004238
10.800000	0.000000	0.004189
10.810000	0.000000	0.004140
10.820000	0.000000	0.004092
10.830000	0.000000	0.004043
10.840000	0.000000	0.003993
10.850000	0.000000	0.003943
10.860000	0.000000	0.003894
10.870000	0.000000	0.003846
10.880000	0.000000	0.003799
10.890000	0.000000	0.003751
10.900000	0.000000	0.003703
10.910000	0.000000	0.003655
10.920000	0.000000	0.003608
10.930000	0.000000	0.003560
10.940000	0.000000	0.003513
10.950000	0.000000	0.003467
10.960000	0.000000	0.003422
10.970000	0.000000	0.003381
10.980000	0.000000	0.003341
10.990000	0.000000	0.003301
11.000000	0.000000	0.003261
11.010000	0.000000	0.003219
11.020000	0.000000	0.003178
11.030000	0.000000	0.003138
11.040000	0.000000	0.003098
11.050000	0.000000	0.003058
11.060000	0.000000	0.003018
11.070000	0.000000	0.002978
11.080000	0.000000	0.002938
11.090000	0.000000	0.002901
11.100000	0.000000	0.002866
11.110000	0.000000	0.002834
11.120000	0.000000	0.002801
11.130000	0.000000	0.002769
11.140000	0.000000	0.002736
11.150000	0.000000	0.002704
11.160000	0.000000	0.002671
11.170000	0.000000	0.002639
11.180000	0.000000	0.002605
11.190000	0.000000	0.002572
11.200000	0.000000	0.002540
11.210000	0.000000	0.002508
11.220000	0.000000	0.002476
11.230000	0.000000	0.002444
11.240000	0.000000	0.002413
11.250000	0.000000	0.002381
11.260000	0.000000	0.002350
11.270000	0.000000	0.002319
11.280000	0.000000	0.002289
11.290000	0.000000	0.002262
11.300000	0.000000	0.002235
11.310000	0.000000	0.002208
11.320000	0.000000	0.002181
11.330000	0.000000	0.002155
11.340000	0.000000	0.002128
11.350000	0.000000	0.002099
11.360000	0.000000	0.002072
11.370000	0.000000	0.002046
11.380000	0.000000	0.002019
11.390000	0.000000	0.001992
11.400000	0.000000	0.001966
11.410000	0.000000	0.001941
11.420000	0.000000	0.001918
11.430000	0.000000	0.001896
11.440000	0.000000	0.001874
11.450000	0.000000	0.001853
11.460000	0.000000	0.001831
11.470000	0.000000	0.001809
11.480000	0.000000	0.001787
11.490000	0.000000	0.001766
11.500000	0.000000	0.001744
11.510000	0.000000	0.001723
11.520000	0.000000	0.001700
11.530000	0.000000	0.001679
11.540000	0.000000	0.001657
11.550000	0.000000	0.001636
11.560000	0.000000	0.001615
11.570000	0.000000	0.001594
11.580000	0.000000	0.001573
11.590000	0.000000	0.001553
11.600000	0.000000	0.001533
11.610000	0.000000	0.001514
11.620000	0.000000	0.001496
11.630000	0.000000	0.001478
11.640000	0.000000	0.001460
11.650000	0.000000	0.001443
11.660000	0.000000	0.001425
11.670000	0.000000	0.001407
11.680000	0.000000	0.001388
11.690000	0.000000	0.001370
11.700000	0.000000	0.001352
11.710000	0.000000	0.001334
11.720000	0.000000	0.001316
11.730000	0.000000	0.001300
11.740000	0.000000	0.001284
11.750000	0.000000	0.001270
11.760000	0.000000	0.001255
11.770000	0.000000	0.001241
11.780000	0.000000	0.001226
11.790000	0.000000	0.001212
11.800000	0.000000	0.001197
11.810000	0.000000	0.001183
11.820000	0.000000	0.001168
11.830000	0.000000	0.001154
11.840000	0.000000	0.001140
11.850000	0.000000	0.001125
11.860000	0.000000	0.001110
11.870000	0.000000	0.001096
11.880000	0.000000	0.001082
11.890000	0.000000	0.001068
11.900000	0.000000	0.001054
11.910000	0.000000	0.001040
11.920000	0.000000	0.001027
11.930000	0.000000	0.001015
11.940000	0.000000	0.001002
11.950000	0.000000	0.000990
11.960000	0.000000	0.000978
11.970000	0.000000	0.000966
11.980000	0.000000	0.000954
11.990000	0.000000	0.000942
12.000000	0.000000	0.000930
12.010000	0.000000	0.000918
12.020000	0.000000	0.000906
12.030000	0.000000	0.000894
12.040000	0.000000	0.000882
12.050000	0.000000	0.000871
12.060000	0.000000	0.000861
12.070000	0.000000	0.000851
12.080000	0.000000	0.000841
12.090000	0.000000	0.000831
12.100000	0.000000	0.000822
12.110000	0.000000	0.000812
12.120000	0.000000	0.000802
12.130000	0.000000	0.000793
12.140000	0.000000	0.000783
12.150000	0.000000	0.000773
12.160000	0.000000	0.000764
12.170000	0.000000	0.000754
12.180000	0.000000	0.000745
12.190000	0.000000	0.000734
12.200000	0.000000	0.000725
12.210000	0.000000	0.000716
12.220000	0.000000	0.000707
12.230000	0.000000	0.000698
12.240000	0.000000	0.000689
12.250000	0.000000	0.000680
12.260000	0.000000	0.000672
12.270000	0.000000	0.000664
12.280000	0.000000	0.000656
12.290000	0.000000	0.000648
12.300000	0.000000	0.000640
12.310000	0.000000	0.000632
12.320000	0.000000	0.000624
12.330000	0.000000	0.000616
12.340000	0.000000	0.000608
12.350000	0.000000	0.000600
12.360000	0.000000	0.000591
12.370000	0.000000	0.000584
12.380000	0.000000	0.000577
12.390000	0.000000	0.000570
12.400000	0.000000	0.000564
12.410000	0.000000	0.000557
12.420000	0.000000	0.000551
12.430000	0.000000	0.000544
12.440000	0.000000	0.000538
12.450000	0.000000	0.000531
12.460000	0.000000	0.000525
12.470000	0.000000	0.000519
12.480000	0.000000	0.000512
12.490000	0.000000	0.000506
12.500000	0.000000	0.000499
12.510000	0.000000	0.000493
12.520000	0.000000	0.000487
12.530000	0.000000	0.000480
12.540000	0.000000	0.000474
12.550000	0.000000	0.000468
12.560000	0.000000	0.000462
12.570000	0.000000	0.000456
12.580000	0.000000	0.000451
12.590000	0.000000	0.000445
12.600000	0.000000	0.000440
12.610000	0.000000	0.000435
12.620000	0.000000	0.000429
12.630000	0.000000	0.000424
12.640000	0.000000	0.000418
12.650000	0.000000	0.000413
12.660000	0.000000	0.000408
12.670000	0.000000	0.000402
12.680000	0.000000	0.000397
12.690000	0.000000	0.000392
12.700000	0.000000	0.000387
12.710000	0.000000	0.000383
12.720000	0.000000	0.000378
12.730000	0.000000	0.000374
12.740000	0.000000	0.000369
12.750000	0.000000	0.000365
12.760000	0.000000	0.000361
12.770000	0.000000	0.000357
12.780000	0.000000	0.000352
12.790000	0.000000	0.000348
12.800000	0.000000	0.000344
12.810000	0.000000	0.000339
12.820000	0.000000	0.000335
12.830000	0.000000	0.000331
12.840000	0.000000	0.000327
12.850000	0.000000	0.000323
12.860000	0.000000	0.000318
12.870000	0.000000	0.000314
12.880000	0.000000	0.000310
12.890000	0.000000	0.000306
12.900000	0.000000	0.000302
12.910000	0.000000	0.000299
12.920000	0.000000	0.000295
12.930000	0.000000	0.000292
12.940000	0.000000	0.000288
12.950000	0.000000	0.000284
12.960000	0.000000	0.000281
12.970000	0.000000	0.000277
12.980000	0.000000	0.000274
12.990000	0.000000	0.000270
13.000000	0.000000	0.000267
13.010000	0.000000	0.000263
13.020000	0.000000	0.000260
13.030000	0.000000	0.000257
13.040000	0.000000	0.000254
13.050000	0.000000	0.000251
13.060000	0.000000	0.000248
13.070000	0.000000	0.000245
13.080000	0.000000	0.000242
13.090000	0.000000	0.000239
13.100000	0.000000	0.000237
13.110000	0.000000	0.000234
13.120000	0.000000	0.000231
13.130000	0.000000	0.000228
13.140000	0.000000	0.000225
13.150000	0.000000	0.000222
13.160000	0.000000	0.000219
13.170000	0.000000	0.000217
13.180000	0.000000	0.000214
13.190000	0.000000	0.000211
13.200000	0.000000	0.000208
13.210000	0.000000	0.000206
13.220000	0.000000	0.000203
13.230000	0.000000	0.000201
13.240000	0.000000	0.000198
13.250000	0.000000	0.000196
13.260000	0.000000	0.000193
13.270000	0.000000	0.000191
13.280000	0.000000	0.000189
13.290000	0.000000	0.000186
13.300000	0.000000	0.000184
13.310000	0.000000	0.000182
13.320000	0.000000	0.000179
13.330000	0.000000	0.000177
13.340000	0.000000	0.000175
13.350000	0.000000	0.000173
13.360000	0.000000	0.000171
13.370000	0.000000	0.000169
13.380000	0.000000	0.000167
13.390000	0.000000	0.000165
13.400000	0.000000	0.000163
13.410000	0.000000	0.000161
13.420000	0.000000	0.000159
13.430000	0.000000	0.000157
13.440000	0.000000	0.000155
13.450000	0.000000	0.000153
13.460000	0.000000	0.000151
13.470000	0.000000	0.000149
13.480000	0.000000	0.000148
13.490000	0.000000	0.000146
13.500000	0.000000	0.000144
13.510000	0.000000	0.000142
13.520000	0.000000	0.000140
13.530000	0.000000	0.000138
13.540000	0.000000	0.000136
13.550000	0.000000	0.000135
13.560000	0.000000	0.000133
13.570000	0.000000	0.000132
13.580000	0.000000	0.000130
13.590000	0.000000	0.000128
13.600000	0.000000	0.000127
13.610000	0.000000	0.000125
13.620000	0.000000	0.000124
13.630000	0.000000	0.000122
13.640000	0.000000	0.000120
13.650000	0.000000	0.000119
13.660000	0.000000	0.000117
13.670000	0.000000	0.000116
13.680000	0.000000	0.000115
13.690000	0.000000	0.000113
13.700000	0.000000	0.000112
13.710000	0.000000	0.000111
13.720000	0.000000	0.000109
13.730000	0.000000	0.000108
13.740000	0.000000	0.000107
13.750000	0.000000	0.000106
13.760000	0.000000	0.000104
13.770000	0.000000	0.000103
13.780000	0.000000	0.000102
13.790000	0.000000	0.000100
13.800000	0.000000	0.000099
13.810000	0.000000	0.000098
13.820000	0.000000	0.000097
13.830000	0.000000	0.000096
13.840000	0.000000	0.000094
13.850000	0.000000	0.000093
13.860000	0.000000	0.000092
13.870000	0.000000	0.000091
13.880000	0.000000	0.000090
13.890000	0.000000	0.000088
13.900000	0.000000	0.000087
13.910000	0.000000	0.000086
13.920000	0.000000	0.000085
13.930000	0.000000	0.000084
13.940000	0.000000	0.000083
13.950000	0.000000	0.000082
13.960000	0.000000	0.000081
13.970000	0.000000	0.000080
13.980000	0.000000	0.000079
13.990000	0.000000	0.000078
14.000000	0.000000	0.000077
14.010000	0.000000	0.000076
14.020000	0.000000	0.000075
14.030000	0.000000	0.000074
14.040000	0.000000	0.000074
14.050000	0.000000	0.000073
14.060000	0.000000	0.000072
14.070000	0.000000	0.000071
14.080000	0.000000	0.000070
14.090000	0.000000	0.000069
14.100000	0.000000	0.000068
14.110000	0.000000	0.000068
14.120000	0.000000	0.000067
14.130000	0.000000	0.000066
14.140000	0.000000	0.000065
14.150000	0.000000	0.000064
14.160000	0.000000	0.000063
14.170000	0.000000	0.000063
14.180000	0.000000	0.000062
14.190000	0.000000	0.000061
14.200000	0.000000	0.000060
14.210000	0.000000	0.000059
14.220000	0.000000	0.000059
14.230000	0.000000	0.000058
14.240000	0.000000	0.000057
14.250000	0.000000	0.000057
14.260000	0.000000	0.000056
14.270000	0.000000	0.000055
14.280000	0.000000	0.000055
14.290000	0.000000	0.000054
14.300000	0.000000	0.000053
14.310000	0.000000	0.000052
14.320000	0.000000	0.000052
14.330000	0.000000	0.000051
14.340000	0.000000	0.000051
14.350000	0.000000	0.000050
14.360000	0.000000	0.000049
14.370000	0.000000	0.000049
14.380000	0.000000	0.000048
14.390000	0.000000	0.000048
14.400000	0.000000	0.000047
14.410000	0.000000	0.000047
14.420000	0.000000	0.000046
14.430000	0.000000	0.000045
14.440000	0.000000	0.000045
14.450000	0.000000	0.000044
14.460000	0.000000	0.000044
14.470000	0.000000	0.000043
14.480000	0.000000	0.000043
14.490000	0.000000	0.000042
14.500000	0.000000	0.000042
14.510000	0.000000	0.000041
14.520000	0.000000	0.000041
14.530000	0.000000	0.000040
14.540000	0.000000	0.000040
14.550000	0.000000	0.000039
14.560000	0.000000	0.000039
14.570000	0.000000	0.000038
14.580000	0.000000	0.000038
14.590000	0.000000	0.000037
14.600000	0.000000	0.000037
14.610000	0.000000	0.000036
14.620000	0.000000	0.000036
14.630000	0.000000	0.000035
14.640000	0.000000	0.000035
14.650000	0.000000	0.000034
14.660000	0.000000	0.000034
14.670000	0.000000	0.000034
14.680000	0.000000	0.000033
14.690000	0.000000	0.000033
14.700000	0.000000	0.000033
14.710000	0.000000	0.000032
14.720000	0.000000	0.000032
14.730000	0.000000	0.000031
14.740000	0.000000	0.000031
14.750000	0.000000	0.000031
14.760000	0.000000	0.000030
14.770000	0.000000	0.000030
14.780000	0.000000	0.000029
14.790000	0.000000	0.000029
14.800000	0.000000	0.000029
14.810000	0.000000	0.000028
14.820000	0.000000	0.000028
14.830000	0.000000	0.000028
14.840000	0.000000	0.000027
14.850000	0.000000	0.000027
14.860000	0.000000	0.000027
14.870000	0.000000	0.000026
14.880000	0.000000	0.000026
14.890000	0.000000	0.000026
14.900000	0.000000	0.000025
14.910000	0.000000	0.000025
14.920000	0.000000	0.000025
14.930000	0.000000	0.000024
14.940000	0.000000	0.000024
14.950000	0.000000	0.000024
14.960000	0.000000	0.000023
14.970000	0.000000	0.000023
14.980000	0.000000	0.000023
14.990000	0.000000	0.000023
15.000000	0.000000	0.000022
15.010000	0.000000	0.000022
15.020000	0.000000	0.000022
15.030000	0.000000	0.000022
15.040000	0.000000	0.000021
15.050000	0.000000	0.000021
15.060000	0.000000	0.000021
15.070000	0.000000	0.000021
15.080000	0.000000	0.000020
15.090000	0.000000	0.000020
15.100000	0.000000	0.000020
15.110000	0.000000	0.000020
15.120000	0.000000	0.000019
15.130000	0.000000	0.000019
15.140000	0.000000	0.000019
15.150000	0.000000	0.000019
15.160000	0.000000	0.000018
15.170000	0.000000	0.000018
15.180000	0.000000	0.000018
15.190000	0.000000	0.000018
15.200000	0.000000	0.000018
15.210000	0.000000	0.000017
15.220000	0.000000	0.000017
15.230000	0.000000	0.000017
15.240000	0.000000	0.000017
15.250000	0.000000	0.000016
15.260000	0.000000	0.000016
15.270000	0.000000	0.000016
15.280000	0.000000	0.000016
15.290000	0.000000	0.000016
15.300000	0.000000	0.000015
15.310000	0.000000	0.000015
15.320000	0.000000	0.000015
15.330000	0.000000	0.000015
15.340000	0.000000	0.000015
15.350000	0.000000	0.000015
15.360000	0.000000	0.000014
15.370000	0.000000	0.000014
15.380000	0.000000	0.000014
15.390000	0.000000	0.000014
15.400000	0.000000	0.000014
15.410000	0.000000	0.000014
15.420000	0.000000	0.000013
15.430000	0.000000	0.000013
15.440000	0.000000	0.000013
15.450000	0.000000	0.000013
15.460000	0.000000	0.000013
15.470000	0.000000	0.000013
15.480000	0.000000	0.000012
15.490000	0.000000	0.000012
15.500000	0.000000	0.000012
15.510000	0.000000	0.000012
15.520000	0.000000	0.000012
15.530000	0.000000	0.000012
15.540000	0.000000	0.000012
15.550000	0.000000	0.000011
15.560000	0.000000	0.000011
15.570000	0.000000	0.000011
15.580000	0.000000	0.000011
15.590000	0.000000	0.000011
15.600000	0.000000	0.000011
15.610000	0.000000	0.000011
15.620000	0.000000	0.000010
15.630000	0.000000	0.000010
15.640000	0.000000	0.000010
15.650000	0.000000	0.000010
15.660000	0.000000	0.000010
15.670000	0.000000	0.000010
15.680000	0.000000	0.000010
15.690000	0.000000	0.000010
15.700000	0.000000	0.000009
15.710000	0.000000	0.000009
15.720000	0.000000	0.000009
15.730000	0.000000	0.000009
15.740000	0.000000	0.000009
15.750000	0.000000	0.000009
15.760000	0.000000	0.000009
15.770000	0.000000	0.000009
15.780000	0.000000	0.000009
15.790000	0.000000	0.000008
15.800000	0.000000	0.000008
15.810000	0.000000	0.000008
15.820000	0.000000	0.000008
15.830000	0.000000	0.000008
15.840000	0.000000	0.000008
15.850000	0.000000	0.000008
15.860000	0.000000	0.000008
15.870000	0.000000	0.000008
15.880000	0.000000	0.000008
15.890000	0.000000	0.000007
15.900000	0.000000	0.000007
15.910000	0.000000	0.000007
15.920000	0.000000	0.000007
15.930000	0.000000	0.000007
15.940000	0.000000	0.000007
15.950000	0.000000	0.000007
15.960000	0.000000	0.000007
15.970000	0.000000	0.000007
15.980000	0.000000	0.000007
15.990000	0.000000	0.000007
16.000000	0.000000	0.000007
16.010000	0.000000	0.000006
16.020000	0.000000	0.000006
16.030000	0.000000	0.000006
16.040000	0.000000	0.000006
16.050000	0.000000	0.000006
16.060000	0.000000	0.000006
16.070000	0.000000	0.000006
16.080000	0.000000	0.000006
16.090000	0.000000	0.000006
16.100000	0.000000	0.000006
16.110000	0.000000	0.000006
16.120000	0.000000	0.000006
16.130000	0.000000	0.000006
16.140000	0.000000	0.000006
16.150000	0.000000	0.000005
16.160000	0.000000	0.000005
16.170000	0.000000	0.000005
16.180000	0.000000	0.000005
16.190000	0.000000	0.000005
16.200000	0.000000	0.000005
16.210000	0.000000	0.000005
16.220000	0.000000	0.000005
16.230000	0.000000	0.000005
16.240000	0.000000	0.000005
16.250000	0.000000	0.000005
16.260000	0.000000	0.000005
16.270000	0.000000	0.000005
16.280000	0.000000	0.000005
16.290000	0.000000	0.000005
16.300000	0.000000	0.000005
16.310000	0.000000	0.000004
16.320000	0.000000	0.000004
16.330000	0.000000	0.000004
16.340000	0.000000	0.000004
16.350000	0.000000	0.000004
16.360000	0.000000	0.000004
16.370000	0.000000	0.000004
16.380000	0.000000	0.000004
16.390000	0.000000	0.000004
16.400000	0.000000	0.000004
16.410000	0.000000	0.000004
16.420000	0.000000	0.000004
16.430000	0.000000	0.000004
16.440000	0.000000	0.000004
16.450000	0.000000	0.000004
16.460000	0.000000	0.000004
16.470000	0.000000	0.000004
16.480000	0.000000	0.000004
16.490000	0.000000	0.000004
16.500000	0.000000	0.000004
16.510000	0.000000	0.000003
16.520000	0.000000	0.000003
16.530000	0.000000	0.000003
16.540000	0.000000	0.000003
16.550000	0.000000	0.000003
16.560000	0.000000	0.000003
16.570000	0.000000	0.000003
16.580000	0.000000	0.000003
16.590000	0.000000	0.000003
16.600000	0.000000	0.000003
16.610000	0.000000	0.000003
16.620000	0.000000	0.000003
16.630000	0.000000	0.000003
16.640000	0.000000	0.000003
16.650000	0.000000	0.000003
16.660000	0.000000	0.000003
16.670000	0.000000	0.000003
16.680000	0.000000	0.000003
16.690000	0.000000	0.000003
16.700000	0.000000	0.000003
16.710000	0.000000	0.000003
16.720000	0.000000	0.000003
16.730000	0.000000	0.000003
16.740000	0.000000	0.000003
16.750000	0.000000	0.000003
16.760000	0.000000	0.000003
16.770000	0.000000	0.000003
16.780000	0.000000	0.000003
16.790000	0.000000	0.000002
16.800000	0.000000	0.000002
16.810000	0.000000	0.000002
16.820000	0.000000	0.000002
16.830000	0.000000	0.000002
16.840000	0.000000	0.000002
16.850000	0.000000	0.000002
16.860000	0.000000	0.000002
16.870000	0.000000	0.000002
16.880000	0.000000	0.000002
16.890000	0.000000	0.000002
16.900000	0.000000	0.000002
16.910000	0.000000	0.000002
16.920000	0.000000	0.000002
16.930000	0.000000	0.000002
16.940000	0.000000	0.000002
16.950000	0.000000	0.000002
16.960000	0.000000	0.000002
16.970000	0.000000	0.000002
16.980000	0.000000	0.000002
16.990000	0.000000	0.000002
17.000000	0.000000	0.000002
17.010000	0.000000	0.000002
17.020000	0.000000	0.000002
17.030000	0.000000	0.000002
17.040000	0.000000	0.000002
17.050000	0.000000	0.000002
17.060000	0.000000	0.000002
17.070000	0.000000	0.000002
17.080000	0.000000	0.000002
17.090000	0.000000	0.000002
17.100000	0.000000	0.000002
17.110000	0.000000	0.000002
17.120000	0.000000	0.000002
17.130000	0.000000	0.000002
17.140000	0.000000	0.000002
17.150000	0.000000	0.000002
17.160000	0.000000	0.000002
17.170000	0.000000	0.000002
17.180000	0.000000	0.000002
17.190000	0.000000	0.000002
17.200000	0.000000	0.000001
17.210000	0.000000	0.000001
17.220000	0.000000	0.000001
17.230000	0.000000	0.000001
17.240000	0.000000	0.000001
17.250000	0.000000	0.000001
17.260000	0.000000	0.000001
17.270000	0.000000	0.000001
17.280000	0.000000	0.000001
17.290000	0.000000	0.000001
17.300000	0.000000	0.000001
17.310000	0.000000	0.000001
17.320000	0.000000	0.000001
17.330000	0.000000	0.000001
17.340000	0.000000	0.000001
17.350000	0.000000	0.000001
17.360000	0.000000	0.000001
17.370000	0.000000	0.000001
17.380000	0.000000	0.000001
17.390000	0.000000	0.000001
17.400000	0.000000	0.000001
17.410000	0.000000	0.000001
17.420000	0.000000	0.000001
17.430000	0.000000	0.000001
17.440000	0.000000	0.000001
17.450000	0.000000	0.000001
17.460000	0.000000	0.000001
17.470000	0.000000	0.000001
17.480000	0.000000	0.000001
17.490000	0.000000	0.000001
17.500000	0.000000	0.000001
17.510000	0.000000	0.000001
17.520000	0.000000	0.000001
17.530000	0.000000	1.0e-06
17.540000	0.000000	9.9e-07
17.550000	0.000000	9.7e-07
17.560000	0.000000	9.6e-07
17.570000	0.000000	9.5e-07
17.580000	0.000000	9.4e-07
17.590000	0.000000	9.3e-07
17.600000	0.000000	9.2e-07
17.610000	0.000000	9.1e-07
17.620000	0.000000	8.9e-07
17.630000	0.000000	8.8e-07
17.640000	0.000000	8.7e-07
17.650000	0.000000	8.6e-07
17.660000	0.000000	8.5e-07
17.670000	0.000000	8.4e-07
17.680000	0.000000	8.3e-07
17.690000	0.000000	8.2e-07
17.700000	0.000000	8.1e-07
17.710000	0.000000	8.0e-07
17.720000	0.000000	7.9e-07
17.730000	0.000000	7.8e-07
17.740000	0.000000	7.7e-07
17.750000	0.000000	7.6e-07
17.760000	0.000000	7.5e-07
17.770000	0.000000	7.5e-07
17.780000	0.000000	7.4e-07
17.790000	0.000000	7.3e-07
17.800000	0.000000	7.2e-07
17.810000	0.000000	7.1e-07
17.820000	0.000000	7.0e-07
17.830000	0.000000	6.9e-07
17.840000	0.000000	6.8e-07
17.850000	0.000000	6.7e-07
17.860000	0.000000	6.7e-07
17.870000	0.000000	6.6e-07
17.880000	0.000000	6.5e-07
17.890000	0.000000	6.4e-07
17.900000	0.000000	6.3e-07
17.910000	0.000000	6.3e-07
17.920000	0.000000	6.2e-07
17.930000	0.000000	6.1e-07
17.940000	0.000000	6.0e-07
17.950000	0.000000	6.0e-07
17.960000	0.000000	5.9e-07
17.970000	0.000000	5.8e-07
17.980000	0.000000	5.8e-07
17.990000	0.000000	5.7e-07
18.000000	0.000000	5.6e-07
18.010000	0.000000	5.6e-07
18.020000	0.000000	5.5e-07
18.030000	0.000000	5.4e-07
18.040000	0.000000	5.4e-07
18.050000	0.000000	5.3e-07
18.060000	0.000000	5.2e-07
18.070000	0.000000	5.2e-07
18.080000	0.000000	5.1e-07
18.090000	0.000000	5.0e-07
18.100000	0.000000	5.0e-07
18.110000	0.000000	4.9e-07
18.120000	0.000000	4.8e-07
18.130000	0.000000	4.8e-07
18.140000	0.000000	4.7e-07
18.150000	0.000000	4.7e-07
18.160000	0.000000	4.6e-07
18.170000	0.000000	4.6e-07
18.180000	0.000000	4.5e-07
18.190000	0.000000	4.4e-07
18.200000	0.000000	4.4e-07
18.210000	0.000000	4.3e-07
18.220000	0.000000	4.3e-07
18.230000	0.000000	4.2e-07
18.240000	0.000000	4.2e-07
18.250000	0.000000	4.1e-07
18.260000	0.000000	4.1e-07
18.270000	0.000000	4.0e-07
18.280000	0.000000	4.0e-07
18.290000	0.000000	3.9e-07
18.300000	0.000000	3.9e-07
18.310000	0.000000	3.9e-07
18.320000	0.000000	3.8e-07
18.330000	0.000000	3.8e-07
18.340000	0.000000	3.7e-07
18.350000	0.000000	3.7e-07
18.360000	0.000000	3.6e-07
18.370000	0.000000	3.6e-07
18.380000	0.000000	3.5e-07
18.390000	0.000000	3.5e-07
18.400000	0.000000	3.5e-07
18.410000	0.000000	3.4e-07
18.420000	0.000000	3.4e-07
18.430000	0.000000	3.3e-07
18.440000	0.000000	3.3e-07
18.450000	0.000000	3.2e-07
18.460000	0.000000	3.2e-07
18.470000	0.000000	3.2e-07
18.480000	0.000000	3.1e-07
18.490000	0.000000	3.1e-07
18.500000	0.000000	3.0e-07
18.510000	0.000000	3.0e-07
18.520000	0.000000	3.0e-07
18.530000	0.000000	2.9e-07
18.540000	0.000000	2.9e-07
18.550000	0.000000	2.9e-07
18.560000	0.000000	2.8e-07
18.570000	0.000000	2.8e-07
18.580000	0.000000	2.8e-07
18.590000	0.000000	2.7e-07
18.600000	0.000000	2.7e-07
18.610000	0.000000	2.7e-07
18.620000	0.000000	2.6e-07
18.630000	0.000000	2.6e-07
18.640000	0.000000	2.6e-07
18.650000	0.000000	2.5e-07
18.660000	0.000000	2.5e-07
18.670000	0.000000	2.5e-07
18.680000	0.000000	2.5e-07
18.690000	0.000000	2.4e-07
18.700000	0.000000	2.4e-07
18.710000	0.000000	2.4e-07
18.720000	0.000000	2.3e-07
18.730000	0.000000	2.3e-07
18.740000	0.000000	2.3e-07
18.750000	0.000000	2.2e-07
18.760000	0.000000	2.2e-07
18.770000	0.000000	2.2e-07
18.780000	0.000000	2.2e-07
18.790000	0.000000	2.1e-07
18.800000	0.000000	2.1e-07
18.810000	0.000000	2.1e-07
18.820000	0.000000	2.1e-07
18.830000	0.000000	2.0e-07
18.840000	0.000000	2.0e-07
18.850000	0.000000	2.0e-07
18.860000	0.000000	2.0e-07
18.870000	0.000000	1.9e-07
18.880000	0.000000	1.9e-07
18.890000	0.000000	1.9e-07
18.900000	0.000000	1.9e-07
18.910000	0.000000	1.8e-07
18.920000	0.000000	1.8e-07
18.930000	0.000000	1.8e-07
18.940000	0.000000	1.8e-07
18.950000	0.000000	1.8e-07
18.960000	0.000000	1.7e-07
18.970000	0.000000	1.7e-07
18.980000	0.000000	1.7e-07
18.990000	0.000000	1.7e-07
19.000000	0.000000	1.7e-07
19.010000	0.000000	1.6e-07
19.020000	0.000000	1.6e-07
19.030000	0.000000	1.6e-07
19.040000	0.000000	1.6e-07
19.050000	0.000000	1.6e-07
19.060000	0.000000	1.5e-07
19.070000	0.000000	1.5e-07
19.080000	0.000000	1.5e-07
19.090000	0.000000	1.5e-07
19.100000	0.000000	1.5e-07
19.110000	0.000000	1.4e-07
19.120000	0.000000	1.4e-07
19.130000	0.000000	1.4e-07
19.140000	0.000000	1.4e-07
19.150000	0.000000	1.4e-07
19.160000	0.000000	1.4e-07
19.170000	0.000000	1.3e-07
19.180000	0.000000	1.3e-07
19.190000	0.000000	1.3e-07
19.200000	0.000000	1.3e-07
19.210000	0.000000	1.3e-07
19.220000	0.000000	1.3e-07
19.230000	0.000000	1.2e-07
19.240000	0.000000	1.2e-07
19.250000	0.000000	1.2e-07
19.260000	0.000000	1.2e-07
19.270000	0.000000	1.2e-07
19.280000	0.000000	1.2e-07
19.290000	0.000000	1.2e-07
19.300000	0.000000	1.2e-07
19.310000	0.000000	1.1e-07
19.320000	0.000000	1.1e-07
19.330000	0.000000	1.1e-07
19.340000	0.000000	1.1e-07
19.350000	0.000000	1.1e-07
19.360000	0.000000	1.1e-07
19.370000	0.000000	1.1e-07
19.380000	0.000000	1.0e-07
19.390000	0.000000	1.0e-07
19.400000	0.000000	1.0e-07
19.410000	0.000000	1.0e-07
19.420000	0.000000	9.9e-08
19.430000	0.000000	9.8e-08
19.440000	0.000000	9.7e-08
19.450000	0.000000	9.6e-08
19.460000	0.000000	9.4e-08
19.470000	0.000000	9.3e-08
19.480000	0.000000	9.2e-08
19.490000	0.000000	9.1e-08
19.500000	0.000000	9.0e-08
19.510000	0.000000	8.9e-08
19.520000	0.000000	8.8e-08
19.530000	0.000000	8.6e-08
19.540000	0.000000	8.5e-08
19.550000	0.000000	8.4e-08
19.560000	0.000000	8.3e-08
19.570000	0.000000	8.3e-08
19.580000	0.000000	8.2e-08
19.590000	0.000000	8.1e-08
19.600000	0.000000	8.0e-08
19.610000	0.000000	7.9e-08
19.620000	0.000000	7.8e-08
19.630000	0.000000	7.7e-08
19.640000	0.000000	7.6e-08
19.650000	0.000000	7.5e-08
19.660000	0.000000	7.4e-08
19.670000	0.000000	7.3e-08
19.680000	0.000000	7.3e-08
19.690000	0.000000	7.2e-08
19.700000	0.000000	7.1e-08
19.710000	0.000000	7.0e-08
19.720000	0.000000	6.9e-08
19.730000	0.000000	6.8e-08
19.740000	0.000000	6.7e-08
19.750000	0.000000	6.6e-08
19.760000	0.000000	6.5e-08
19.770000	0.000000	6.5e-08
19.780000	0.000000	6.4e-08
19.790000	0.000000	6.3e-08
19.800000	0.000000	6.2e-08
19.810000	0.000000	6.2e-08
19.820000	0.000000	6.1e-08
19.830000	0.000000	6.0e-08
19.840000	0.000000	5.9e-08
19.850000	0.000000	5.9e-08
19.860000	0.000000	5.8e-08
19.870000	0.000000	5.7e-08
19.880000	0.000000	5.6e-08
19.890000	0.000000	5.6e-08
19.900000	0.000000	5.5e-08
19.910000	0.000000	5.5e-08
19.920000	0.000000	5.4e-08
19.930000	0.000000	5.3e-08
19.940000	0.000000	5.3e-08
19.950000	0.000000	5.2e-08
19.960000	0.000000	5.2e-08
19.970000	0.000000	5.1e-08
19.980000	0.000000	5.0e-08
19.990000	0.000000	5.0e-08
20.000000	0.000000	4.9e-08
20.010000	0.000000	4.9e-08
20.020000	0.000000	4.8e-08
20.030000	0.000000	4.7e-08
20.040000	0.000000	4.7e-08
20.050000	0.000000	4.6e-08
20.060000	0.000000	4.6e-08
20.070000	0.000000	4.5e-08
20.080000	0.000000	4.4e-08
20.090000	0.000000	4.4e-08
20.100000	0.000000	4.3e-08
20.110000	0.000000	4.3e-08
20.120000	0.000000	4.2e-08
20.130000	0.000000	4.2e-08
20.140000	0.000000	4.1e-08
20.150000	0.000000	4.1e-08
20.160000	0.000000	4.0e-08
20.170000	0.000000	4.0e-08
20.180000	0.000000	3.9e-08
20.190000	0.000000	3.9e-08
20.200000	0.000000	3.8e-08
20.210000	0.000000	3.8e-08
20.220000	0.000000	3.7e-08
20.230000	0.000000	3.7e-08
20.240000	0.000000	3.7e-08
20.250000	0.000000	3.6e-08
20.260000	0.000000	3.6e-08
20.270000	0.000000	3.5e-08
20.280000	0.000000	3.5e-08
20.290000	0.000000	3.4e-08
20.300000	0.000000	3.4e-08
20.310000	0.000000	3.4e-08
20.320000	0.000000	3.3e-08
20.330000	0.000000	3.3e-08
20.340000	0.000000	3.2e-08
20.350000	0.000000	3.2e-08
20.360000	0.000000	3.2e-08
20.370000	0.000000	3.1e-08
20.380000	0.000000	3.1e-08
20.390000	0.000000	3.0e-08
20.400000	0.000000	3.0e-08
20.410000	0.000000	3.0e-08
20.420000	0.000000	2.9e-08
20.430000	0.000000	2.9e-08
20.440000	0.000000	2.9e-08
20.450000	0.000000	2.8e-08
20.460000	0.000000	2.8e-08
20.470000	0.000000	2.8e-08
20.480000	0.000000	2.7e-08
20.490000	0.000000	2.7e-08
20.500000	0.000000	2.7e-08
20.510000	0.000000	2.6e-08
20.520000	0.000000	2.6e-08
20.530000	0.000000	2.6e-08
20.540000	0.000000	2.5e-08
20.550000	0.000000	2.5e-08
20.560000	0.000000	2.5e-08
20.570000	0.000000	2.4e-08
20.580000	0.000000	2.4e-08
20.590000	0.000000	2.4e-08
20.600000	0.000000	2.4e-08
20.610000	0.000000	2.3e-08
20.620000	0.000000	2.3e-08
20.630000	0.000000	2.3e-08
20.640000	0.000000	2.3e-08
20.650000	0.000000	2.2e-08
20.660000	0.000000	2.2e-08
20.670000	0.000000	2.2e-08
20.680000	0.000000	2.1e-08
20.690000	0.000000	2.1e-08
20.700000	0.000000	2.1e-08
20.710000	0.000000	2.1e-08
20.720000	0.000000	2.0e-08
20.730000	0.000000	2.0e-08
20.740000	0.000000	2.0e-08
20.750000	0.000000	2.0e-08
20.760000	0.000000	1.9e-08
20.770000	0.000000	1.9e-08
20.780000	0.000000	1.9e-08
20.790000	0.000000	1.9e-08
20.800000	0.000000	1.8e-08
20.810000	0.000000	1.8e-08
20.820000	0.000000	1.8e-08
20.830000	0.000000	1.8e-08
20.840000	0.000000	1.8e-08
20.850000	0.000000	1.7e-08
20.860000	0.000000	1.7e-08
20.870000	0.000000	1.7e-08
20.880000	0.000000	1.7e-08
20.890000	0.000000	1.7e-08
20.900000	0.000000	1.6e-08
20.910000	0.000000	1.6e-08
20.920000	0.000000	1.6e-08
20.930000	0.000000	1.6e-08
20.940000	0.000000	1.6e-08
20.950000	0.000000	1.5e-08
20.960000	0.000000	1.5e-08
20.970000	0.000000	1.5e-08
20.980000	0.000000	1.5e-08
20.990000	0.000000	1.5e-08
21.000000	0.000000	1.5e-08
21.010000	0.000000	1.4e-08
21.020000	0.000000	1.4e-08
21.030000	0.000000	1.4e-08
21.040000	0.000000	1.4e-08
21.050000	0.000000	1.4e-08
21.060000	0.000000	1.3e-08
21.070000	0.000000	1.3e-08
21.080000	0.000000	1.3e-08
21.090000	0.000000	1.3e-08
21.100000	0.000000	1.3e-08
21.110000	0.000000	1.3e-08
21.120000	0.000000	1.3e-08
21.130000	0.000000	1.2e-08
21.140000	0.000000	1.2e-08
21.150000	0.000000	1.2e-08
21.160000	0.000000	1.2e-08
21.170000	0.000000	1.2e-08
21.180000	0.000000	1.2e-08
21.190000	0.000000	1.1e-08
21.200000	0.000000	1.1e-08
21.210000	0.000000	1.1e-08
21.220000	0.000000	1.1e-08
21.230000	0.000000	1.1e-08
21.240000	0.000000	1.1e-08
21.250000	0.000000	1.1e-08
21.260000	0.000000	1.1e-08
21.270000	0.000000	1.0e-08
21.280000	0.000000	1.0e-08
21.290000	0.000000	1.0e-08
21.300000	0.000000	1.0e-08
21.310000	0.000000	1.0e-08
21.320000	0.000000	9.9e-09
21.330000	0.000000	9.7e-09
21.340000	0.000000	9.6e-09
21.350000	0.000000	9.5e-09
21.360000	0.000000	9.4e-09
21.370000	0.000000	9.3e-09
21.380000	0.000000	9.2e-09
21.390000	0.000000	9.0e-09
21.400000	0.000000	8.9e-09
21.410000	0.000000	8.8e-09
21.420000	0.000000	8.7e-09
21.430000	0.000000	8.6e-09
21.440000	0.000000	8.5e-09
21.450000	0.000000	8.4e-09
21.460000	0.000000	8.3e-09
21.470000	0.000000	8.2e-09
21.480000	0.000000	8.1e-09
21.490000	0.000000	8.0e-09
21.500000	0.000000	7.9e-09
21.510000	0.000000	7.8e-09
21.520000	0.000000	7.7e-09
21.530000	0.000000	7.6e-09
21.540000	0.000000	7.5e-09
21.550000	0.000000	7.4e-09
21.560000	0.000000	7.3e-09
21.570000	0.000000	7.3e-09
21.580000	0.000000	7.2e-09
21.590000	0.000000	7.1e-09
21.600000	0.000000	7.0e-09
21.610000	0.000000	6.9e-09
21.620000	0.000000	6.8e-09
21.630000	0.000000	6.8e-09
21.640000	0.000000	6.7e-09
21.650000	0.000000	6.6e-09
21.660000	0.000000	6.5e-09
21.670000	0.000000	6.4e-09
21.680000	0.000000	6.4e-09
21.690000	0.000000	6.3e-09
21.700000	0.000000	6.2e-09
21.710000	0.000000	6.1e-09
21.720000	0.000000	6.1e-09
21.730000	0.000000	6.0e-09
21.740000	0.000000	5.9e-09
21.750000	0.000000	5.8e-09
21.760000	0.000000	5.8e-09
21.770000	0.000000	5.7e-09
21.780000	0.000000	5.6e-09
21.790000	0.000000	5.5e-09
21.800000	0.000000	5.5e-09
21.810000	0.000000	5.4e-09
21.820000	0.000000	5.3e-09
21.830000	0.000000	5.3e-09
21.840000	0.000000	5.2e-09
21.850000	0.000000	5.1e-09
21.860000	0.000000	5.1e-09
21.870000	0.000000	5.0e-09
21.880000	0.000000	5.0e-09
21.890000	0.000000	4.9e-09
21.900000	0.000000	4.9e-09
21.910000	0.000000	4.8e-09
21.920000	0.000000	4.8e-09
21.930000	0.000000	4.7e-09
21.940000	0.000000	4.6e-09
21.950000	0.000000	4.6e-09
21.960000	0.000000	4.5e-09
21.970000	0.000000	4.5e-09
21.980000	0.000000	4.4e-09
21.990000	0.000000	4.4e-09
22.000000	0.000000	4.3e-09
22.010000	0.000000	4.3e-09
22.020000	0.000000	4.2e-09
22.030000	0.000000	4.2e-09
22.040000	0.000000	4.1e-09
22.050000	0.000000	4.1e-09
22.060000	0.000000	4.0e-09
22.070000	0.000000	4.0e-09
22.080000	0.000000	3.9e-09
22.090000	0.000000	3.9e-09
22.100000	0.000000	3.8e-09
22.110000	0.000000	3.8e-09
22.120000	0.000000	3.7e-09
22.130000	0.000000	3.7e-09
22.140000	0.000000	3.6e-09
22.150000	0.000000	3.6e-09
22.160000	0.000000	3.5e-09
22.170000	0.000000	3.5e-09
22.180000	0.000000	3.4e-09
22.190000	0.000000	3.4e-09
22.200000	0.000000	3.4e-09
22.210000	0.000000	3.3e-09
22.220000	0.000000	3.3e-09
22.230000	0.000000	3.3e-09
22.240000	0.000000	3.2e-09
22.250000	0.000000	3.2e-09
22.260000	0.000000	3.1e-09
22.270000	0.000000	3.1e-09
22.280000	0.000000	3.1e-09
22.290000	0.000000	3.0e-09
22.300000	0.000000	3.0e-09
22.310000	0.000000	3.0e-09
22.320000	0.000000	2.9e-09
22.330000	0.000000	2.9e-09
22.340000	0.000000	2.9e-09
22.350000	0.000000	2.8e-09
22.360000	0.000000	2.8e-09
22.370000	0.000000	2.8e-09
22.380000	0.000000	2.7e-09
22.390000	0.000000	2.7e-09
22.400000	0.000000	2.6e-09
22.410000	0.000000	2.6e-09
22.420000	0.000000	2.6e-09
22.430000	0.000000	2.6e-09
22.440000	0.000000	2.5e-09
22.450000	0.000000	2.5e-09
22.460000	0.000000	2.5e-09
22.470000	0.000000	2.4e-09
22.480000	0.000000	2.4e-09
22.490000	0.000000	2.4e-09
22.500000	0.000000	2.3e-09
22.510000	0.000000	2.3e-09
22.520000	0.000000	2.3e-09
22.530000	0.000000	2.3e-09
22.540000	0.000000	2.2e-09
22.550000	0.000000	2.2e-09
22.560000	0.000000	2.2e-09
22.570000	0.000000	2.2e-09
22.580000	0.000000	2.1e-09
22.590000	0.000000	2.1e-09
22.600000	0.000000	2.1e-09
22.610000	0.000000	2.1e-09
22.620000	0.000000	2.0e-09
22.630000	0.000000	2.0e-09
22.640000	0.000000	2.0e-09
22.650000	0.000000	2.0e-09
22.660000	0.000000	1.9e-09
22.670000	0.000000	1.9e-09
22.680000	0.000000	1.9e-09
22.690000	0.000000	1.9e-09
22.700000	0.000000	1.8e-09
22.710000	0.000000	1.8e-09
22.720000	0.000000	1.8e-09
22.730000	0.000000	1.8e-09
22.740000	0.000000	1.8e-09
22.750000	0.000000	1.7e-09
22.760000	0.000000	1.7e-09
22.770000	0.000000	1.7e-09
22.780000	0.000000	1.7e-09
22.790000	0.000000	1.6e-09
22.800000	0.000000	1.6e-09
22.810000	0.000000	1.6e-09
22.820000	0.000000	1.6e-09
22.830000	0.000000	1.6e-09
22.840000	0.000000	1.5e-09
22.850000	0.000000	1.5e-09
22.860000	0.000000	1.5e-09
22.870000	0.000000	1.5e-09
22.880000	0.000000	1.5e-09
22.890000	0.000000	1.5e-09
22.900000	0.000000	1.4e-09
22.910000	0.000000	1.4e-09
22.920000	0.000000	1.4e-09
22.930000	0.000000	1.4e-09
22.940000	0.000000	1.4e-09
22.950000	0.000000	1.4e-09
22.960000	0.000000	1.3e-09
22.970000	0.000000	1.3e-09
22.980000	0.000000	1.3e-09
22.990000	0.000000	1.3e-09
23.000000	0.000000	1.3e-09
23.010000	0.000000	1.3e-09
23.020000	0.000000	1.3e-09
23.030000	0.000000	1.2e-09
23.040000	0.000000	1.2e-09
23.050000	0.000000	1.2e-09
23.060000	0.000000	1.2e-09
23.070000	0.000000	1.2e-09
23.080000	0.000000	1.2e-09
23.090000	0.000000	1.1e-09
23.100000	0.000000	1.1e-09
23.110000	0.000000	1.1e-09
23.120000	0.000000	1.1e-09
23.130000	0.000000	1.1e-09
23.140000	0.000000	1.1e-09
23.150000	0.000000	1.1e-09
23.160000	0.000000	1.0e-09
23.170000	0.000000	1.0e-09
23.180000	0.000000	1.0e-09
23.190000	0.000000	1.0e-09
23.200000	0.000000	1.0e-09
23.210000	0.000000	9.9e-10
23.220000	0.000000	9.8e-10
23.230000	0.000000	9.7e-10
23.240000	0.000000	9.6e-10
23.250000	0.000000	9.5e-10
23.260000	0.000000	9.4e-10
23.270000	0.000000	9.3e-10
23.280000	0.000000	9.2e-10
23.290000	0.000000	9.0e-10
23.300000	0.000000	8.9e-10
23.310000	0.000000	8.8e-10
23.320000	0.000000	8.7e-10
23.330000	0.000000	8.6e-10
23.340000	0.000000	8.5e-10
23.350000	0.000000	8.4e-10
23.360000	0.000000	8.3e-10
23.370000	0.000000	8.2e-10
23.380000	0.000000	8.1e-10
23.390000	0.000000	8.0e-10
23.400000	0.000000	7.9e-10
23.410000	0.000000	7.8e-10
23.420000	0.000000	7.7e-10
23.430000	0.000000	7.6e-10
23.440000	0.000000	7.5e-10
23.450000	0.000000	7.4e-10
23.460000	0.000000	7.3e-10
23.470000	0.000000	7.2e-10
23.480000	0.000000	7.1e-10
23.490000	0.000000	7.0e-10
23.500000	0.000000	7.0e-10
23.510000	0.000000	6.9e-10
23.520000	0.000000	6.8e-10
23.530000	0.000000	6.7e-10
23.540000	0.000000	6.7e-10
23.550000	0.000000	6.6e-10
23.560000	0.000000	6.5e-10
23.570000	0.000000	6.4e-10
23.580000	0.000000	6.4e-10
23.590000	0.000000	6.3e-10
23.600000	0.000000	6.2e-10
23.610000	0.000000	6.1e-10
23.620000	0.000000	6.1e-10
23.630000	0.000000	6.0e-10
23.640000	0.000000	5.9e-10
23.650000	0.000000	5.9e-10
23.660000	0.000000	5.8e-10
23.670000	0.000000	5.7e-10
23.680000	0.000000	5.6e-10
23.690000	0.000000	5.6e-10
23.700000	0.000000	5.5e-10
23.710000	0.000000	5.4e-10
23.720000	0.000000	5.4e-10
23.730000	0.000000	5.3e-10
23.740000	0.000000	5.2e-10
23.750000	0.000000	5.2e-10
23.760000	0.000000	5.1e-10
23.770000	0.000000	5.0e-10
23.780000	0.000000	5.0e-10
23.790000	0.000000	4.9e-10
23.800000	0.000000	4.8e-10
23.810000	0.000000	4.8e-10
23.820000	0.000000	4.7e-10
23.830000	0.000000	4.7e-10
23.840000	0.000000	4.6e-10
23.850000	0.000000	4.6e-10
23.860000	0.000000	4.5e-10
23.870000	0.000000	4.5e-10
23.880000	0.000000	4.4e-10
23.890000	0.000000	4.4e-10
23.900000	0.000000	4.3e-10
23.910000	0.000000	4.3e-10
23.920000	0.000000	4.2e-10
23.930000	0.000000	4.2e-10
23.940000	0.000000	4.1e-10
23.950000	0.000000	4.1e-10
23.960000	0.000000	4.0e-10
23.970000	0.000000	4.0e-10
23.980000	0.000000	3.9e-10
23.990000	0.000000	3.9e-10
24.000000	0.000000	3.8e-10
24.010000	0.000000	3.8e-10
24.020000	0.000000	3.7e-10
24.030000	0.000000	3.7e-10
24.040000	0.000000	3.6e-10
24.050000	0.000000	3.6e-10
24.060000	0.000000	3.5e-10
24.070000	0.000000	3.5e-10
24.080000	0.000000	3.5e-10
24.090000	0.000000	3.4e-10
24.100000	0.000000	3.4e-10
24.110000	0.000000	3.3e-10
24.120000	0.000000	3.3e-10
24.130000	0.000000	3.3e-10
24.140000	0.000000	3.2e-10
24.150000	0.000000	3.2e-10
24.160000	0.000000	3.1e-10
24.170000	0.000000	3.1e-10
24.180000	0.000000	3.1e-10
24.190000	0.000000	3.0e-10
24.200000	0.000000	3.0e-10
24.210000	0.000000	3.0e-10
24.220000	0.000000	2.9e-10
24.230000	0.000000	2.9e-10
24.240000	0.000000	2.9e-10
24.250000	0.000000	2.8e-10
24.260000	0.000000	2.8e-10
24.270000	0.000000	2.8e-10
24.280000	0.000000	2.7e-10
24.290000	0.000000	2.7e-10
24.300000	0.000000	2.7e-10
24.310000	0.000000	2.6e-10
24.320000	0.000000	2.6e-10
24.330000	0.000000	2.6e-10
24.340000	0.000000	2.5e-10
24.350000	0.000000	2.5e-10
24.360000	0.000000	2.5e-10
24.370000	0.000000	2.4e-10
24.380000	0.000000	2.4e-10
24.390000	0.000000	2.4e-10
24.400000	0.000000	2.4e-10
24.410000	0.000000	2.3e-10
24.420000	0.000000	2.3e-10
24.430000	0.000000	2.3e-10
24.440000	0.000000	2.2e-10
24.450000	0.000000	2.2e-10
24.460000	0.000000	2.2e-10
24.470000	0.000000	2.2e-10
24.480000	0.000000	2.1e-10
24.490000	0.000000	2.1e-10
24.500000	0.000000	2.1e-10
24.510000	0.000000	2.1e-10
24.520000	0.000000	2.0e-10
24.530000	0.000000	2.0e-10
24.540000	0.000000	2.0e-10
24.550000	0.000000	2.0e-10
24.560000	0.000000	1.9e-10
24.570000	0.000000	1.9e-10
24.580000	0.000000	1.9e-10
24.590000	0.000000	1.9e-10
24.600000	0.000000	1.9e-10
24.610000	0.000000	1.8e-10
24.620000	0.000000	1.8e-10
24.630000	0.000000	1.8e-10
24.640000	0.000000	1.8e-10
24.650000	0.000000	1.7e-10
24.660000	0.000000	1.7e-10
24.670000	0.000000	1.7e-10
24.680000	0.000000	1.7e-10
24.690000	0.000000	1.7e-10
24.700000	0.000000	1.6e-10
24.710000	0.000000	1.6e-10
24.720000	0.000000	1.6e-10
24.730000	0.000000	1.6e-10
24.740000	0.000000	1.6e-10
24.750000	0.000000	1.5e-10
24.760000	0.000000	1.5e-10
24.770000	0.000000	1.5e-10
24.780000	0.000000	1.5e-10
24.790000	0.000000	1.5e-10
24.800000	0.000000	1.4e-10
24.810000	0.000000	1.4e-10
24.820000	0.000000	1.4e-10
24.830000	0.000000	1.4e-10
24.840000	0.000000	1.4e-10
24.850000	0.000000	1.4e-10
24.860000	0.000000	1.3e-10
24.870000	0.000000	1.3e-10
24.880000	0.000000	1.3e-10
24.890000	0.000000	1.3e-10
24.900000	0.000000	1.3e-10
24.910000	0.000000	1.3e-10
24.920000	0.000000	1.3e-10
24.930000	0.000000	1.2e-10
24.940000	0.000000	1.2e-10
24.950000	0.000000	1.2e-10
24.960000	0.000000	1.2e-10
24.970000	0.000000	1.2e-10
24.980000	0.000000	1.2e-10
24.990000	0.000000	1.2e-10
25.000000	0.000000	1.1e-10
25.010000	0.000000	1.1e-10
25.020000	0.000000	1.1e-10
25.030000	0.000000	1.1e-10
25.040000	0.000000	1.1e-10
25.050000	0.000000	1.1e-10
25.060000	0.000000	1.1e-10
25.070000	0.000000	1.0e-10
25.080000	0.000000	1.0e-10
25.090000	0.000000	1.0e-10
25.100000	0.000000	1.0e-10
25.110000	0.000000	1.0e-10
25.120000	0.000000	9.8e-11
25.130000	0.000000	9.7e-11
25.140000	0.000000	9.6e-11
25.150000	0.000000	9.5e-11
25.160000	0.000000	9.3e-11
25.170000	0.000000	9.2e-11
25.180000	0.000000	9.1e-11
25.190000	0.000000	9.0e-11
25.200000	0.000000	8.9e-11
25.210000	0.000000	8.8e-11
25.220000	0.000000	8.7e-11
25.230000	0.000000	8.7e-11
25.240000	0.000000	8.6e-11
25.250000	0.000000	8.5e-11
25.260000	0.000000	8.4e-11
25.270000	0.000000	8.3e-11
25.280000	0.000000	8.2e-11
25.290000	0.000000	8.1e-11
25.300000	0.000000	8.0e-11
25.310000	0.000000	7.9e-11
25.320000	0.000000	7.8e-11
25.330000	0.000000	7.7e-11
25.340000	0.000000	7.6e-11
25.350000	0.000000	7.5e-11
25.360000	0.000000	7.4e-11
25.370000	0.000000	7.3e-11
25.380000	0.000000	7.2e-11
25.390000	0.000000	7.1e-11
25.400000	0.000000	7.0e-11
25.410000	0.000000	6.9e-11
25.420000	0.000000	6.9e-11
25.430000	0.000000	6.8e-11
25.440000	0.000000	6.7e-11
25.450000	0.000000	6.6e-11
25.460000	0.000000	6.5e-11
25.470000	0.000000	6.4e-11
25.480000	0.000000	6.4e-11
25.490000	0.000000	6.3e-11
25.500000	0.000000	6.2e-11
25.510000	0.000000	6.1e-11
25.520000	0.000000	6.1e-11
25.530000	0.000000	6.0e-11
25.540000	0.000000	5.9e-11
25.550000	0.000000	5.9e-11
25.560000	0.000000	5.8e-11
25.570000	0.000000	5.7e-11
25.580000	0.000000	5.7e-11
25.590000	0.000000	5.6e-11
25.600000	0.000000	5.5e-11
25.610000	0.000000	5.5e-11
25.620000	0.000000	5.4e-11
25.630000	0.000000	5.3e-11
25.640000	0.000000	5.3e-11
25.650000	0.000000	5.2e-11
25.660000	0.000000	5.2e-11
25.670000	0.000000	5.1e-11
25.680000	0.000000	5.0e-11
25.690000	0.000000	5.0e-11
25.700000	0.000000	4.9e-11
25.710000	0.000000	4.8e-11
25.720000	0.000000	4.8e-11
25.730000	0.000000	4.7e-11
25.740000	0.000000	4.7e-11
25.750000	0.000000	4.6e-11
25.760000	0.000000	4.5e-11
25.770000	0.000000	4.5e-11
25.780000	0.000000	4.4e-11
25.790000	0.000000	4.4e-11
25.800000	0.000000	4.3e-11
25.810000	0.000000	4.3e-11
25.820000	0.000000	4.2e-11
25.830000	0.000000	4.2e-11
25.840000	0.000000	4.1e-11
25.850000	0.000000	4.1e-11
25.860000	0.000000	4.0e-11
25.870000	0.000000	4.0e-11
25.880000	0.000000	3.9e-11
25.890000	0.000000	3.9e-11
25.900000	0.000000	3.9e-11
25.910000	0.000000	3.8e-11
25.920000	0.000000	3.8e-11
25.930000	0.000000	3.7e-11
25.940000	0.000000	3.7e-11
25.950000	0.000000	3.6e-11
25.960000	0.000000	3.6e-11
25.970000	0.000000	3.5e-11
25.980000	0.000000	3.5e-11
25.990000	0.000000	3.5e-11
26.000000	0.000000	3.4e-11
26.010000	0.000000	3.4e-11
26.020000	0.000000	3.3e-11
26.030000	0.000000	3.3e-11
26.040000	0.000000	3.2e-11
26.050000	0.000000	3.2e-11
26.060000	0.000000	3.2e-11
26.070000	0.000000	3.1e-11
26.080000	0.000000	3.1e-11
26.090000	0.000000	3.1e-11
26.100000	0.000000	3.0e-11
26.110000	0.000000	3.0e-11
26.120000	0.000000	2.9e-11
26.130000	0.000000	2.9e-11
26.140000	0.000000	2.9e-11
26.150000	0.000000	2.8e-11
26.160000	0.000000	2.8e-11
26.170000	0.000000	2.8e-11
26.180000	0.000000	2.7e-11
26.190000	0.000000	2.7e-11
26.200000	0.000000	2.7e-11
26.210000	0.000000	2.6e-11
26.220000	0.000000	2.6e-11
26.230000	0.000000	2.6e-11
26.240000	0.000000	2.6e-11
26.250000	0.000000	2.5e-11
26.260000	0.000000	2.5e-11
26.270000	0.000000	2.5e-11
26.280000	0.000000	2.4e-11
26.290000	0.000000	2.4e-11
26.300000	0.000000	2.4e-11
26.310000	0.000000	2.4e-11
26.320000	0.000000	2.3e-11
26.330000	0.000000	2.3e-11
26.340000	0.000000	2.3e-11
26.350000	0.000000	2.2e-11
26.360000	0.000000	2.2e-11
26.370000	0.000000	2.2e-11
26.380000	0.000000	2.2e-11
26.390000	0.000000	2.1e-11
26.400000	0.000000	2.1e-11
26.410000	0.000000	2.1e-11
26.420000	0.000000	2.1e-11
26.430000	0.000000	2.0e-11
26.440000	0.000000	2.0e-11
26.450000	0.000000	2.0e-11
26.460000	0.000000	1.9e-11
26.470000	0.000000	1.9e-11
26.480000	0.000000	1.9e-11
26.490000	0.000000	1.9e-11
26.500000	0.000000	1.9e-11
26.510000	0.000000	1.8e-11
26.520000	0.000000	1.8e-11
26.530000	0.000000	1.8e-11
26.540000	0.000000	1.8e-11
26.550000	0.000000	1.8e-11
26.560000	0.000000	1.7e-11
26.570000	0.000000	1.7e-11
26.580000	0.000000	1.7e-11
26.590000	0.000000	1.7e-11
26.600000	0.000000	1.7e-11
26.610000	0.000000	1.6e-11
26.620000	0.000000	1.6e-11
26.630000	0.000000	1.6e-11
26.640000	0.000000	1.6e-11
26.650000	0.000000	1.6e-11
26.660000	0.000000	1.5e-11
26.670000	0.000000	1.5e-11
26.680000	0.000000	1.5e-11
26.690000	0.000000	1.5e-11
26.700000	0.000000	1.5e-11
26.710000	0.000000	1.4e-11
26.720000	0.000000	1.4e-11
26.730000	0.000000	1.4e-11
26.740000	0.000000	1.4e-11
26.750000	0.000000	1.4e-11
26.760000	0.000000	1.4e-11
26.770000	0.000000	1.3e-11
26.780000	0.000000	1.3e-11
26.790000	0.000000	1.3e-11
26.800000	0.000000	1.3e-11
26.810000	0.000000	1.3e-11
26.820000	0.000000	1.3e-11
26.830000	0.000000	1.2e-11
26.840000	0.000000	1.2e-11
26.850000	0.000000	1.2e-11
26.860000	0.000000	1.2e-11
26.870000	0.000000	1.2e-11
26.880000	0.000000	1.2e-11
26.890000	0.000000	1.2e-11
26.900000	0.000000	1.2e-11
26.910000	0.000000	1.1e-11
26.920000	0.000000	1.1e-11
26.930000	0.000000	1.1e-11
26.940000	0.000000	1.1e-11
26.950000	0.000000	1.1e-11
26.960000	0.000000	1.1e-11
26.970000	0.000000	1.1e-11
26.980000	0.000000	1.0e-11
26.990000	0.000000	1.0e-11
27.000000	0.000000	1.0e-11
27.010000	0.000000	1.0e-11
27.020000	0.000000	1.0e-11
27.030000	0.000000	9.9e-12
27.040000	0.000000	9.8e-12
27.050000	0.000000	9.7e-12
27.060000	0.000000	9.5e-12
27.070000	0.000000	9.4e-12
27.080000	0.000000	9.3e-12
27.090000	0.000000	9.2e-12
27.100000	0.000000	9.1e-12
27.110000	0.000000	9.0e-12
27.120000	0.000000	8.9e-12
27.130000	0.000000	8.8e-12
27.140000	0.000000	8.7e-12
27.150000	0.000000	8.6e-12
27.160000	0.000000	8.4e-12
27.170000	0.000000	8.3e-12
27.180000	0.000000	8.2e-12
27.190000	0.000000	8.1e-12
27.200000	0.000000	8.0e-12
27.210000	0.000000	7.9e-12
27.220000	0.000000	7.8e-12
27.230000	0.000000	7.7e-12
27.240000	0.000000	7.5e-12
27.250000	0.000000	7.3e-12
27.260000	0.000000	7.1e-12
27.270000	0.000000	7.1e-12
27.280000	0.000000	7.0e-12
27.290000	0.000000	6.9e-12
27.300000	0.000000	6.8e-12
27.310000	0.000000	6.8e-12
27.320000	0.000000	6.7e-12
27.330000	0.000000	6.6e-12
27.340000	0.000000	6.5e-12
27.350000	0.000000	6.5e-12
27.360000	0.000000	6.4e-12
27.370000	0.000000	6.3e-12
27.380000	0.000000	6.3e-12
27.390000	0.000000	6.2e-12
27.400000	0.000000	6.1e-12
27.410000	0.000000	6.0e-12
27.420000	0.000000	6.0e-12
27.430000	0.000000	5.9e-12
27.440000	0.000000	5.8e-12
27.450000	0.000000	5.8e-12
27.460000	0.000000	5.7e-12
27.470000	0.000000	5.6e-12
27.480000	0.000000	5.5e-12
27.490000	0.000000	5.5e-12
27.500000	0.000000	5.4e-12
27.510000	0.000000	5.3e-12
27.520000	0.000000	5.3e-12
27.530000	0.000000	5.2e-12
27.540000	0.000000	5.1e-12
27.550000	0.000000	5.1e-12
27.560000	0.000000	5.0e-12
27.570000	0.000000	4.9e-12
27.580000	0.000000	4.8e-12
27.590000	0.000000	4.8e-12
27.600000	0.000000	4.7e-12
27.610000	0.000000	4.7e-12
27.620000	0.000000	4.6e-12
27.630000	0.000000	4.6e-12
27.640000	0.000000	4.5e-12
27.650000	0.000000	4.5e-12
27.660000	0.000000	4.4e-12
27.670000	0.000000	4.4e-12
27.680000	0.000000	4.4e-12
27.690000	0.000000	4.3e-12
27.700000	0.000000	4.3e-12
27.710000	0.000000	4.2e-12
27.720000	0.000000	4.2e-12
27.730000	0.000000	4.1e-12
27.740000	0.000000	4.1e-12
27.750000	0.000000	4.0e-12
27.760000	0.000000	4.0e-12
27.770000	0.000000	3.9e-12
27.780000	0.000000	3.9e-12
27.790000	0.000000	3.8e-12
27.800000	0.000000	3.8e-12
27.810000	0.000000	3.7e-12
27.820000	0.000000	3.7e-12
27.830000	0.000000	3.6e-12
27.840000	0.000000	3.6e-12
27.850000	0.000000	3.5e-12
27.860000	0.000000	3.5e-12
27.870000	0.000000	3.4e-12
27.880000	0.000000	3.4e-12
27.890000	0.000000	3.4e-12
27.900000	0.000000	3.3e-12
27.910000	0.000000	3.3e-12
27.920000	0.000000	3.2e-12
27.930000	0.000000	3.2e-12
27.940000	0.000000	3.2e-12
27.950000	0.000000	3.1e-12
27.960000	0.000000	3.1e-12
27.970000	0.000000	3.1e-12
27.980000	0.000000	3.0e-12
27.990000	0.000000	3.0e-12
28.000000	0.000000	3.0e-12
28.010000	0.000000	2.9e-12
28.020000	0.000000	2.9e-12
28.030000	0.000000	2.9e-12
28.040000	0.000000	2.8e-12
28.050000	0.000000	2.8e-12
28.060000	0.000000	2.8e-12
28.070000	0.000000	2.7e-12
28.080000	0.000000	2.7e-12
28.090000	0.000000	2.7e-12
28.100000	0.000000	2.6e-12
28.110000	0.000000	2.6e-12
28.120000	0.000000	2.6e-12
28.130000	0.000000	2.5e-12
28.140000	0.000000	2.5e-12
28.150000	0.000000	2.5e-12
28.160000	0.000000	2.4e-12
28.170000	0.000000	2.4e-12
28.180000	0.000000	2.4e-12
28.190000	0.000000	2.4e-12
28.200000	0.000000	2.3e-12
28.210000	0.000000	2.3e-12
28.220000	0.000000	2.3e-12
28.230000	0.000000	2.2e-12
28.240000	0.000000	2.2e-12
28.250000	0.000000	2.2e-12
28.260000	0.000000	2.1e-12
28.270000	0.000000	2.1e-12
28.280000	0.000000	2.1e-12
28.290000	0.000000	2.1e-12
28.300000	0.000000	2.1e-12
28.310000	0.000000	2.0e-12
28.320000	0.000000	2.0e-12
28.330000	0.000000	2.0e-12
28.340000	0.000000	2.0e-12
28.350000	0.000000	1.9e-12
28.360000	0.000000	1.9e-12
28.370000	0.000000	1.9e-12
28.380000	0.000000	1.9e-12
28.390000	0.000000	1.9e-12
28.400000	0.000000	1.8e-12
28.410000	0.000000	1.8e-12
28.420000	0.000000	1.8e-12
28.430000	0.000000	1.8e-12
28.440000	0.000000	1.8e-12
28.450000	0.000000	1.7e-12
28.460000	0.000000	1.7e-12
28.470000	0.000000	1.7e-12
28.480000	0.000000	1.7e-12
28.490000	0.000000	1.6e-12
28.500000	0.000000	1.6e-12
28.510000	0.000000	1.6e-12
28.520000	0.000000	1.6e-12
28.530000	0.000000	1.6e-12
28.540000	0.000000	1.5e-12
28.550000	0.000000	1.5e-12
28.560000	0.000000	1.5e-12
28.570000	0.000000	1.5e-12
28.580000	0.000000	1.5e-12
28.590000	0.000000	1.4e-12
28.600000	0.000000	1.4e-12
28.610000	0.000000	1.4e-12
28.620000	0.000000	1.4e-12
28.630000	0.000000	1.4e-12
28.640000	0.000000	1.4e-12
28.650000	0.000000	1.4e-12
28.660000	0.000000	1.3e-12
28.670000	0.000000	1.3e-12
28.680000	0.000000	1.3e-12
28.690000	0.000000	1.3e-12
28.700000	0.000000	1.3e-12
28.710000	0.000000	1.3e-12
28.720000	0.000000	1.3e-12
28.730000	0.000000	1.2e-12
28.740000	0.000000	1.2e-12
28.750000	0.000000	1.2e-12
28.760000	0.000000	1.2e-12
28.770000	0.000000	1.2e-12
28.780000	0.000000	1.2e-12
28.790000	0.000000	1.2e-12
28.800000	0.000000	1.1e-12
28.810000	0.000000	1.1e-12
28.820000	0.000000	1.1e-12
28.830000	0.000000	1.1e-12
28.840000	0.000000	1.1e-12
28.850000	0.000000	1.1e-12
28.860000	0.000000	1.1e-12
28.870000	0.000000	1.0e-12
28.880000	0.000000	1.0e-12
28.890000	0.000000	1.0e-12
28.900000	0.000000	1.0e-12
28.910000	0.000000	9.8e-13
28.920000	0.000000	9.7e-13
28.930000	0.000000	9.6e-13
28.940000	0.000000	9.5e-13
28.950000	0.000000	9.4e-13
28.960000	0.000000	9.3e-13
28.970000	0.000000	9.2e-13
28.980000	0.000000	9.1e-13
28.990000	0.000000	9.0e-13
29.000000	0.000000	8.9e-13
29.010000	0.000000	8.8e-13
29.020000	0.000000	8.7e-13
29.030000	0.000000	8.6e-13
29.040000	0.000000	8.5e-13
29.050000	0.000000	8.4e-13
29.060000	0.000000	8.3e-13
29.070000	0.000000	8.2e-13
29.080000	0.000000	8.1e-13
29.090000	0.000000	8.0e-13
29.100000	0.000000	7.9e-13
29.110000	0.000000	7.8e-13
29.120000	0.000000	7.8e-13
29.130000	0.000000	7.7e-13
29.140000	0.000000	7.6e-13
29.150000	0.000000	7.5e-13
29.160000	0.000000	7.4e-13
29.170000	0.000000	7.3e-13
29.180000	0.000000	7.2e-13
29.190000	0.000000	7.1e-13
29.200000	0.000000	7.0e-13
29.210000	0.000000	6.9e-13
29.220000	0.000000	6.8e-13
29.230000	0.000000	6.7e-13
29.240000	0.000000	6.6e-13
29.250000	0.000000	6.5e-13
29.260000	0.000000	6.4e-13
29.270000	0.000000	6.4e-13
29.280000	0.000000	6.3e-13
29.290000	0.000000	6.3e-13
29.300000	0.000000	6.2e-13
29.310000	0.000000	6.1e-13
29.320000	0.000000	6.1e-13
29.330000	0.000000	6.0e-13
29.340000	0.000000	5.9e-13
29.350000	0.000000	5.9e-13
29.360000	0.000000	5.8e-13
29.370000	0.000000	5.7e-13
29.380000	0.000000	5.7e-13
29.390000	0.000000	5.6e-13
29.400000	0.000000	5.5e-13
29.410000	0.000000	5.5e-13
29.420000	0.000000	5.4e-13
29.430000	0.000000	5.3e-13
29.440000	0.000000	5.3e-13
29.450000	0.000000	5.2e-13
29.460000	0.000000	5.2e-13
29.470000	0.000000	5.1e-13
29.480000	0.000000	5.0e-13
29.490000	0.000000	5.0e-13
29.500000	0.000000	4.9e-13
29.510000	0.000000	4.8e-13
29.520000	0.000000	4.8e-13
29.530000	0.000000	4.7e-13
29.540000	0.000000	4.6e-13
29.550000	0.000000	4.6e-13
29.560000	0.000000	4.5e-13
29.570000	0.000000	4.5e-13
29.580000	0.000000	4.4e-13
29.590000	0.000000	4.3e-13
29.600000	0.000000	4.3e-13
29.610000	0.000000	4.2e-13
29.620000	0.000000	4.2e-13
29.630000	0.000000	4.2e-13
29.640000	0.000000	4.1e-13
29.650000	0.000000	4.1e-13
29.660000	0.000000	4.0e-13
29.670000	0.000000	4.0e-13
29.680000	0.000000	3.9e-13
29.690000	0.000000	3.9e-13
29.700000	0.000000	3.9e-13
29.710000	0.000000	3.8e-13
29.720000	0.000000	3.8e-13
29.730000	0.000000	3.7e-13
29.740000	0.000000	3.7e-13
29.750000	0.000000	3.6e-13
29.760000	0.000000	3.6e-13
29.770000	0.000000	3.6e-13
29.780000	0.000000	3.5e-13
29.790000	0.000000	3.5e-13
29.800000	0.000000	3.4e-13
29.810000	0.000000	3.4e-13
29.820000	0.000000	3.3e-13
29.830000	0.000000	3.3e-13
29.840000	0.000000	3.3e-13
29.850000	0.000000	3.2e-13
29.860000	0.000000	3.2e-13
29.870000	0.000000	3.1e-13
29.880000	0.000000	3.1e-13
29.890000	0.000000	3.0e-13
29.900000	0.000000	3.0e-13
29.910000	0.000000	3.0e-13
29.920000	0.000000	2.9e-13
29.930000	0.000000	2.9e-13
29.940000	0.000000	2.9e-13
29.950000	0.000000	2.8e-13
29.960000	0.000000	2.8e-13
29.970000	0.000000	2.8e-13
29.980000	0.000000	2.7e-13
29.990000	0.000000	2.7e-13
30.000000	0.000000	2.7e-13
30.010000	0.000000	2.7e-13
30.020000	0.000000	2.6e-13
30.030000	0.000000	2.6e-13
30.040000	0.000000	2.6e-13
30.050000	0.000000	2.5e-13
30.060000	0.000000	2.5e-13
30.070000	0.000000	2.5e-13
30.080000	0.000000	2.5e-13
30.090000	0.000000	2.4e-13
