0.100000	0.000000	698546.534403
0.110000	0.000000	480409.351590
0.120000	0.000000	433912.043231
0.130000	0.000000	393831.031780
0.140000	0.000000	365428.548475
0.150000	0.000000	329829.186021
0.160000	0.000000	312176.860774
0.170000	0.000000	283921.486298
0.180000	0.000000	257146.606474
0.190000	0.000000	241071.244910
0.200000	0.000000	222701.038795
0.210000	0.000000	211681.059357
0.220000	0.000000	204131.262472
0.230000	0.000000	188258.777588
0.240000	0.000000	187007.027121
0.250000	0.000000	175327.550798
0.260000	0.000000	160551.515285
0.270000	0.000000	154347.005690
0.280000	0.000000	149801.697909
0.290000	0.000000	141562.076329
0.300000	0.000000	135311.811181
0.310000	0.000000	131388.626346
0.320000	0.000000	127598.277047
0.330000	0.000000	121921.542676
0.340000	0.000000	118059.265330
0.350000	0.000000	114763.397195
0.360000	0.000000	136990.339966
0.370000	0.000000	194720.450902
0.380000	0.000000	197646.326898
0.390000	0.000000	128188.871281
0.400000	0.000000	197528.277243
0.410000	0.000000	97049.221771
0.420000	0.000000	150235.218278
0.430000	0.000000	127029.424709
0.440000	0.000000	133917.096772
0.450000	0.000000	85837.463710
0.460000	0.000000	78389.697043
0.470000	0.000000	76931.161672
0.480000	0.000000	178299.517759
0.490000	0.000000	129161.320801
0.500000	0.000000	88204.709696
0.510000	0.000000	79469.406099
0.520000	0.000000	67952.995551
0.530000	0.000000	73920.497042
0.540000	0.000000	76490.928375
0.550000	0.000000	63581.889580
0.560000	0.000000	68417.489473
0.570000	0.000000	77899.341261
0.580000	0.000000	75341.617380
0.590000	0.000000	64934.343714
0.600000	0.000000	73385.532945
0.610000	0.000000	55986.829963
0.620000	0.000000	56788.149254
0.630000	0.000000	59014.500915
0.640000	0.000000	56593.441080
0.650000	0.000000	156499.481782
0.660000	0.000000	105689.032405
0.670000	0.000000	51724.094402
0.680000	0.000000	49728.474013
0.690000	0.000000	48244.716256
0.700000	0.000000	48530.656725
0.710000	0.000000	49475.156880
0.720000	0.000000	49664.928400
0.730000	0.000000	58565.743735
0.740000	0.000000	42988.402054
0.750000	0.000000	41076.391651
0.760000	0.000000	40595.059528
0.770000	0.000000	64495.752213
0.780000	0.000000	40085.270642
0.790000	0.000000	40136.668344
0.800000	0.000000	40132.528453
0.810000	0.000000	44329.204471
0.820000	0.000000	40203.096703
0.830000	0.000000	38966.531994
0.840000	0.000000	38674.537123
0.850000	0.000000	36963.508186
0.860000	0.000000	35428.810682
0.870000	0.000000	35169.284632
0.880000	0.000000	35507.090622
0.890000	0.000000	34408.423820
0.900000	0.000000	34427.314535
0.910000	0.000000	34863.061785
0.920000	0.000000	34170.997248
0.930000	0.000000	35582.208348
0.940000	0.000000	33085.767555
0.950000	0.000000	33409.058017
0.960000	0.000000	32582.336992
0.970000	0.000000	35003.272144
0.980000	0.000000	32603.683297
0.990000	0.000000	34589.053949
1.000000	0.000000	35085.062165
1.010000	0.000000	64217.617808
1.020000	0.000000	62410.156396
1.030000	0.000000	35676.075173
1.040000	0.000000	54132.589732
1.050000	0.000000	69933.123349
1.060000	0.000000	31790.298373
1.070000	0.000000	38586.360343
1.080000	0.000000	68532.872840
1.090000	0.000000	35301.439568
1.100000	0.000000	123377.837761
1.110000	0.000000	28610.375009
1.120000	0.000000	97460.856472
1.130000	0.000000	38030.203278
1.140000	0.000000	26431.006294
1.150000	0.000000	48884.939237
1.160000	0.000000	76287.649857
1.170000	0.000000	48854.916745
1.180000	0.000000	24346.725093
1.190000	0.000000	24561.060836
1.200000	0.000000	26946.688839
1.210000	0.000000	27306.155155
1.220000	0.000000	23275.857363
1.230000	0.000000	24609.305316
1.240000	0.000000	24910.243912
1.250000	0.000000	22207.295481
1.260000	0.000000	22137.463462
1.270000	0.000000	25164.110357
1.280000	0.000000	21707.188017
1.290000	0.000000	24710.673993
1.300000	0.000000	22515.410430
1.310000	0.000000	23376.739079
1.320000	0.000000	23036.991265
1.330000	0.000000	21790.856699
1.340000	0.000000	20894.033259
1.350000	0.000000	21001.051402
1.360000	0.000000	22091.020548
1.370000	0.000000	22201.828181
1.380000	0.000000	21209.471838
1.390000	0.000000	22290.342727
1.400000	0.000000	23372.848236
1.410000	0.000000	19651.618230
1.420000	0.000000	20019.894621
1.430000	0.000000	19859.788080
1.440000	0.000000	18808.098970
1.450000	0.000000	19106.726235
1.460000	0.000000	18498.834989
1.470000	0.000000	21018.394786
1.480000	0.000000	26384.144117
1.490000	0.000000	25242.870216
1.500000	0.000000	22831.964702
1.510000	0.000000	19472.039710
1.520000	0.000000	17576.000670
1.530000	0.000000	17357.146505
1.540000	0.000000	22243.646079
1.550000	0.000000	26202.988822
1.560000	0.000000	17512.695205
1.570000	0.000000	17890.023362
1.580000	0.000000	16537.861347
1.590000	0.000000	16497.807465
1.600000	0.000000	16638.434626
1.610000	0.000000	16513.946224
1.620000	0.000000	15922.507837
1.630000	0.000000	15759.797911
1.640000	0.000000	15500.529786
1.650000	0.000000	18234.844522
1.660000	0.000000	18459.288819
1.670000	0.000000	17266.457273
1.680000	0.000000	15860.224444
1.690000	0.000000	15022.152097
1.700000	0.000000	14891.226484
1.710000	0.000000	14789.066414
1.720000	0.000000	15845.163942
1.730000	0.000000	17622.444497
1.740000	0.000000	14651.040774
1.750000	0.000000	15938.611722
1.760000	0.000000	15086.875171
1.770000	0.000000	14763.388093
1.780000	0.000000	13721.592677
1.790000	0.000000	13600.753014
1.800000	0.000000	13847.256914
1.810000	0.000000	15043.821410
1.820000	0.000000	14635.936311
1.830000	0.000000	13803.273352
1.840000	0.000000	13276.065461
1.850000	0.000000	12973.056526
1.860000	0.000000	12795.877006
1.870000	0.000000	13112.007679
1.880000	0.000000	13233.854087
1.890000	0.000000	12513.318828
1.900000	0.000000	12411.533562
1.910000	0.000000	12286.831284
1.920000	0.000000	12196.160187
1.930000	0.000000	12087.987256
1.940000	0.000000	12154.802091
1.950000	0.000000	12009.682883
1.960000	0.000000	11780.463764
1.970000	0.000000	11716.863315
1.980000	0.000000	11624.930739
1.990000	0.000000	11519.102784
2.000000	0.000000	11434.199271
2.010000	0.000000	11337.916159
2.020000	0.000000	11304.182357
2.030000	0.000000	11198.752570
2.040000	0.000000	11060.363724
2.050000	0.000000	11015.608057
2.060000	0.000000	10911.414693
2.070000	0.000000	10784.041667
2.080000	0.000000	10714.592831
2.090000	0.000000	10596.932027
2.100000	0.000000	10512.949553
2.110000	0.000000	10438.102846
2.120000	0.000000	10366.651902
2.130000	0.000000	10336.159906
2.140000	0.000000	10163.188905
2.150000	0.000000	10103.320628
2.160000	0.000000	9933.798346
2.170000	0.000000	9786.369384
2.180000	0.000000	9667.512293
2.190000	0.000000	9555.109566
2.200000	0.000000	9447.488721
2.210000	0.000000	9326.428379
2.220000	0.000000	9196.565632
2.230000	0.000000	9082.905368
2.240000	0.000000	8968.755202
2.250000	0.000000	8854.390675
2.260000	0.000000	8740.472818
2.270000	0.000000	8630.749147
2.280000	0.000000	8508.502256
2.290000	0.000000	8395.907188
2.300000	0.000000	8558.810268
2.310000	0.000000	8216.668875
2.320000	0.000000	8047.558345
2.330000	0.000000	7926.914990
2.340000	0.000000	7788.580255
2.350000	0.000000	7640.570109
2.360000	0.000000	7491.915732
2.370000	0.000000	7481.777746
2.380000	0.000000	7390.165232
2.390000	0.000000	7061.060153
2.400000	0.000000	7078.513782
2.410000	0.000000	7296.827667
2.420000	0.000000	43291.570578
2.430000	0.000000	277626.804032
2.440000	0.000000	136398.302842
2.450000	0.000000	47127.303255
2.460000	0.000000	673867.400362
2.470000	0.000000	93273.518036
2.480000	0.000000	5858.544071
2.490000	0.000000	5736.564653
2.500000	0.000000	5614.824545
2.510000	0.000000	5502.069281
2.520000	0.000000	5377.753923
2.530000	0.000000	5249.793832
2.540000	0.000000	5128.258581
2.550000	0.000000	5503.035500
2.560000	0.000000	5824.173256
2.570000	0.000000	4791.198678
2.580000	0.000000	11577.693960
2.590000	0.000000	40358.170216
2.600000	0.000000	50679.411832
2.610000	0.000000	584632.160115
2.620000	0.000000	1143909.878353
2.630000	0.000000	87977.098658
2.640000	0.000000	3941.716293
2.650000	0.000000	3906.062587
2.660000	0.000000	3873.016019
2.670000	0.000000	3840.943701
2.680000	0.000000	3808.629183
2.690000	0.000000	3776.289435
2.700000	0.000000	3745.198427
2.710000	0.000000	3713.103344
2.720000	0.000000	3695.081723
2.730000	0.000000	3678.922281
2.740000	0.000000	3637.078046
2.750000	0.000000	3659.115854
2.760000	0.000000	3567.312670
2.770000	0.000000	3587.047340
2.780000	0.000000	3751.110639
2.790000	0.000000	3554.223702
2.800000	0.000000	3712.938821
2.810000	0.000000	3470.663803
2.820000	0.000000	6729.226237
2.830000	0.000000	4874.168086
2.840000	0.000000	3544.207854
2.850000	0.000000	3340.564675
2.860000	0.000000	3284.446718
2.870000	0.000000	57130.785494
2.880000	0.000000	71240.987387
2.890000	0.000000	3204.574491
2.900000	0.000000	3178.112632
2.910000	0.000000	3151.231343
2.920000	0.000000	3126.554942
2.930000	0.000000	3110.784024
2.940000	0.000000	3133.880478
2.950000	0.000000	5005.454754
2.960000	0.000000	3820.013446
2.970000	0.000000	3074.902602
2.980000	0.000000	3031.890167
2.990000	0.000000	2958.806043
3.000000	0.000000	2916.809892
3.010000	0.000000	3524.783046
3.020000	0.000000	27453.194595
3.030000	0.000000	23227.717213
3.040000	0.000000	5037.591829
3.050000	0.000000	5585.519357
3.060000	0.000000	3661.068036
3.070000	0.000000	2747.870558
3.080000	0.000000	2728.175799
3.090000	0.000000	37458.239769
3.100000	0.000000	231902.330352
3.110000	0.000000	2778.271071
3.120000	0.000000	3516.762903
3.130000	0.000000	17851.228727
3.140000	0.000000	4408.721610
3.150000	0.000000	8708.247695
3.160000	0.000000	4342.672674
3.170000	0.000000	5924.037897
3.180000	0.000000	7552.489836
3.190000	0.000000	5016.603384
3.200000	0.000000	2774.108173
3.210000	0.000000	2725.466456
3.220000	0.000000	2942.133117
3.230000	0.000000	2870.507170
3.240000	0.000000	2856.577088
3.250000	0.000000	2893.838361
3.260000	0.000000	12479.033785
3.270000	0.000000	72740.793117
3.280000	0.000000	3054.881338
3.290000	0.000000	2815.318167
3.300000	0.000000	2791.435117
3.310000	0.000000	3781.812464
3.320000	0.000000	4754.130380
3.330000	0.000000	3252.779856
3.340000	0.000000	2665.237577
3.350000	0.000000	23511.673696
3.360000	0.000000	17546.970902
3.370000	0.000000	2608.429200
3.380000	0.000000	2589.792582
3.390000	0.000000	9198.103369
3.400000	0.000000	15143.772000
3.410000	0.000000	5238.023633
3.420000	0.000000	11791.113940
3.430000	0.000000	3327.175727
3.440000	0.000000	9787.143698
3.450000	0.000000	9731.078979
3.460000	0.000000	2544.190664
3.470000	0.000000	2503.865554
3.480000	0.000000	2426.367836
3.490000	0.000000	3564.646434
3.500000	0.000000	4266.150922
3.510000	0.000000	4268.170025
3.520000	0.000000	4176.307707
3.530000	0.000000	4148.977421
3.540000	0.000000	4124.094444
3.550000	0.000000	4100.793144
3.560000	0.000000	4076.799921
3.570000	0.000000	4050.458075
3.580000	0.000000	4027.518275
3.590000	0.000000	4001.781768
3.600000	0.000000	3981.247624
3.610000	0.000000	3985.835698
3.620000	0.000000	3934.172644
3.630000	0.000000	3900.372876
3.640000	0.000000	3877.865649
3.650000	0.000000	3854.706785
3.660000	0.000000	3836.163607
3.670000	0.000000	3826.752669
3.680000	0.000000	4130.521166
3.690000	0.000000	4030.858041
3.700000	0.000000	3791.052810
3.710000	0.000000	3722.668176
3.720000	0.000000	3697.572067
3.730000	0.000000	3675.144190
3.740000	0.000000	3652.797355
3.750000	0.000000	3630.459669
3.760000	0.000000	3608.034234
3.770000	0.000000	3587.495928
3.780000	0.000000	3584.059498
3.790000	0.000000	3551.253988
3.800000	0.000000	3519.768679
3.810000	0.000000	3495.745349
3.820000	0.000000	3472.529293
3.830000	0.000000	3454.562019
3.840000	0.000000	3440.980589
3.850000	0.000000	4040.764277
3.860000	0.000000	4043.206772
3.870000	0.000000	3831.314536
3.880000	0.000000	3819.924257
3.890000	0.000000	4652.970888
3.900000	0.000000	5129.789334
3.910000	0.000000	3271.840319
3.920000	0.000000	3332.760201
3.930000	0.000000	3587.762511
3.940000	0.000000	3206.365357
3.950000	0.000000	3185.968260
3.960000	0.000000	3246.694007
3.970000	0.000000	3145.565167
3.980000	0.000000	3119.779560
3.990000	0.000000	3098.478503
4.000000	0.000000	3115.631604
4.010000	0.000000	3071.504820
4.020000	0.000000	3036.575882
4.030000	0.000000	3032.424799
4.040000	0.000000	3009.022495
4.050000	0.000000	2983.049152
4.060000	0.000000	2999.183441
4.070000	0.000000	3004.576367
4.080000	0.000000	2946.079901
4.090000	0.000000	3071.506251
4.100000	0.000000	3636.824850
4.110000	0.000000	2895.052027
4.120000	0.000000	2844.841745
4.130000	0.000000	2804.653367
4.140000	0.000000	2911.095266
4.150000	0.000000	2786.870702
4.160000	0.000000	2753.676195
4.170000	0.000000	2738.948300
4.180000	0.000000	2723.816220
4.190000	0.000000	2708.744362
4.200000	0.000000	2693.826243
4.210000	0.000000	2678.909432
4.220000	0.000000	2663.992301
4.230000	0.000000	2649.418925
4.240000	0.000000	2652.984828
4.250000	0.000000	2665.472312
4.260000	0.000000	2604.524796
4.270000	0.000000	2590.068471
4.280000	0.000000	2574.888158
4.290000	0.000000	2560.098553
4.300000	0.000000	2576.389395
4.310000	0.000000	2533.618520
4.320000	0.000000	2515.223708
4.330000	0.000000	2522.145245
4.340000	0.000000	2493.007541
4.350000	0.000000	2479.479796
4.360000	0.000000	2465.830341
4.370000	0.000000	2448.362910
4.380000	0.000000	2434.338589
4.390000	0.000000	2417.196326
4.400000	0.000000	2397.139474
4.410000	0.000000	2382.515683
4.420000	0.000000	2369.262720
4.430000	0.000000	2358.413924
4.440000	0.000000	2341.556551
4.450000	0.000000	2327.333184
4.460000	0.000000	2313.296169
4.470000	0.000000	2298.403648
4.480000	0.000000	2288.728984
4.490000	0.000000	2270.565745
4.500000	0.000000	2288.071357
4.510000	0.000000	2260.085853
4.520000	0.000000	2230.661414
4.530000	0.000000	2214.271840
4.540000	0.000000	2199.958663
4.550000	0.000000	2185.006172
4.560000	0.000000	2170.766778
4.570000	0.000000	2284.627259
4.580000	0.000000	2418.968140
4.590000	0.000000	2128.429057
4.600000	0.000000	2114.394169
4.610000	0.000000	2100.688408
4.620000	0.000000	2089.742706
4.630000	0.000000	2072.020511
4.640000	0.000000	2058.298644
4.650000	0.000000	2045.169046
4.660000	0.000000	2032.035434
4.670000	0.000000	2018.939042
4.680000	0.000000	2006.814166
4.690000	0.000000	2009.846892
4.700000	0.000000	1999.037076
4.710000	0.000000	1979.279893
4.720000	0.000000	1979.554845
4.730000	0.000000	1973.178869
4.740000	0.000000	1959.939442
4.750000	0.000000	1967.719014
4.760000	0.000000	1903.504269
4.770000	0.000000	1889.651346
4.780000	0.000000	1878.124657
4.790000	0.000000	1865.437228
4.800000	0.000000	1851.773267
4.810000	0.000000	1846.094021
4.820000	0.000000	1938.926953
4.830000	0.000000	1844.878503
4.840000	0.000000	1810.915146
4.850000	0.000000	1825.588054
4.860000	0.000000	1847.436100
4.870000	0.000000	1810.951264
4.880000	0.000000	1771.053428
4.890000	0.000000	1761.203561
4.900000	0.000000	1751.354927
4.910000	0.000000	1741.550431
4.920000	0.000000	1744.789232
4.930000	0.000000	1765.195021
4.940000	0.000000	1712.850250
4.950000	0.000000	1702.792866
4.960000	0.000000	1696.154723
4.970000	0.000000	1689.796694
4.980000	0.000000	1700.074397
4.990000	0.000000	1667.210514
5.000000	0.000000	1654.005654
5.010000	0.000000	1644.644652
5.020000	0.000000	1647.640233
5.030000	0.000000	1633.143643
5.040000	0.000000	1622.965736
5.050000	0.000000	1615.437999
5.060000	0.000000	1601.249066
5.070000	0.000000	1590.966341
5.080000	0.000000	1582.074340
5.090000	0.000000	1569.328738
5.100000	0.000000	1559.983693
5.110000	0.000000	1554.192452
5.120000	0.000000	1572.947473
5.130000	0.000000	1533.531817
5.140000	0.000000	1523.734955
5.150000	0.000000	1516.870105
5.160000	0.000000	1506.175263
5.170000	0.000000	1496.992931
5.180000	0.000000	1487.938383
5.190000	0.000000	1478.884972
5.200000	0.000000	1472.609668
5.210000	0.000000	1462.805885
5.220000	0.000000	1451.711229
5.230000	0.000000	1443.044155
5.240000	0.000000	1439.401335
5.250000	0.000000	1436.103322
5.260000	0.000000	1417.030167
5.270000	0.000000	1408.363061
5.280000	0.000000	1399.694471
5.290000	0.000000	1391.031458
5.300000	0.000000	1382.082400
5.310000	0.000000	1380.569339
5.320000	0.000000	1365.268221
5.330000	0.000000	1355.933422
5.340000	0.000000	1347.267591
5.350000	0.000000	1342.071951
5.360000	0.000000	1331.704132
5.370000	0.000000	1322.792261
5.380000	0.000000	1314.270381
5.390000	0.000000	1305.407245
5.400000	0.000000	1297.232707
5.410000	0.000000	1287.823336
5.420000	0.000000	1278.315877
5.430000	0.000000	1269.855424
5.440000	0.000000	1261.385821
5.450000	0.000000	1252.519859
5.460000	0.000000	1243.947155
5.470000	0.000000	1237.217609
5.480000	0.000000	1230.591117
5.490000	0.000000	1225.659452
5.500000	0.000000	1218.076523
5.510000	0.000000	1211.418826
5.520000	0.000000	1204.694169
5.530000	0.000000	1198.798983
5.540000	0.000000	1192.591494
5.550000	0.000000	1185.646372
5.560000	0.000000	1179.327025
5.570000	0.000000	1176.555398
5.580000	0.000000	1172.341421
5.590000	0.000000	1160.691996
5.600000	0.000000	1156.699073
5.610000	0.000000	1164.961329
5.620000	0.000000	1226.591354
5.630000	0.000000	1189.966374
5.640000	0.000000	1164.313112
5.650000	0.000000	1177.209706
5.660000	0.000000	1165.110267
5.670000	0.000000	1299.936416
5.680000	0.000000	1159.508411
5.690000	0.000000	1097.452774
5.700000	0.000000	1091.110931
5.710000	0.000000	1084.900398
5.720000	0.000000	1078.726094
5.730000	0.000000	1072.568861
5.740000	0.000000	1066.411608
5.750000	0.000000	1060.510531
5.760000	0.000000	1054.972060
5.770000	0.000000	1048.946035
5.780000	0.000000	1043.049042
5.790000	0.000000	1037.268272
5.800000	0.000000	1031.488183
5.810000	0.000000	1025.239142
5.820000	0.000000	1019.565045
5.830000	0.000000	1013.679142
5.840000	0.000000	1007.934648
5.850000	0.000000	1002.144624
5.860000	0.000000	998.140033
5.870000	0.000000	993.197264
5.880000	0.000000	987.072841
5.890000	0.000000	980.698703
5.900000	0.000000	975.029478
5.910000	0.000000	969.786635
5.920000	0.000000	965.751707
5.930000	0.000000	962.631996
5.940000	0.000000	950.333014
5.950000	0.000000	944.592457
5.960000	0.000000	938.878804
5.970000	0.000000	933.071188
5.980000	0.000000	927.034767
5.990000	0.000000	921.301060
6.000000	0.000000	916.659997
6.010000	0.000000	910.112262
6.020000	0.000000	904.659566
6.030000	0.000000	899.023904
6.040000	0.000000	892.898267
6.050000	0.000000	886.974337
6.060000	0.000000	881.304340
6.070000	0.000000	875.878251
6.080000	0.000000	870.274157
6.090000	0.000000	865.123857
6.100000	0.000000	861.787968
6.110000	0.000000	861.149650
6.120000	0.000000	889.229986
6.130000	0.000000	859.030939
6.140000	0.000000	848.188574
6.150000	0.000000	855.298733
6.160000	0.000000	847.655882
6.170000	0.000000	894.343861
6.180000	0.000000	837.874586
6.190000	0.000000	815.288082
6.200000	0.000000	811.251334
6.210000	0.000000	806.980338
6.220000	0.000000	802.644132
6.230000	0.000000	798.452590
6.240000	0.000000	794.285479
6.250000	0.000000	790.141189
6.260000	0.000000	785.992959
6.270000	0.000000	781.819688
6.280000	0.000000	777.665269
6.290000	0.000000	773.525306
6.300000	0.000000	769.344814
6.310000	0.000000	764.962876
6.320000	0.000000	760.855708
6.330000	0.000000	756.624234
6.340000	0.000000	752.432151
6.350000	0.000000	748.473607
6.360000	0.000000	744.517482
6.370000	0.000000	740.593868
6.380000	0.000000	737.138211
6.390000	0.000000	733.372515
6.400000	0.000000	729.801299
6.410000	0.000000	726.395480
6.420000	0.000000	722.045981
6.430000	0.000000	718.253733
6.440000	0.000000	715.562665
6.450000	0.000000	711.083233
6.460000	0.000000	711.578006
6.470000	0.000000	717.094753
6.480000	0.000000	699.833440
6.490000	0.000000	698.538808
6.500000	0.000000	692.087332
6.510000	0.000000	687.536195
6.520000	0.000000	684.069912
6.530000	0.000000	756.578020
6.540000	0.000000	787.498065
6.550000	0.000000	727.923614
6.560000	0.000000	691.783594
6.570000	0.000000	756.323618
6.580000	0.000000	800.624138
6.590000	0.000000	763.594817
6.600000	0.000000	1049.839727
6.610000	0.000000	1900.239081
6.620000	0.000000	2255.484428
6.630000	0.000000	4065.770052
6.640000	0.000000	3207.549319
6.650000	0.000000	3994.575335
6.660000	0.000000	4652.712458
6.670000	0.000000	2338.609004
6.680000	0.000000	2976.972373
6.690000	0.000000	9190.858603
6.700000	0.000000	4207.811508
6.710000	0.000000	646.492864
6.720000	0.000000	611.369073
6.730000	0.000000	602.204526
6.740000	0.000000	598.461139
6.750000	0.000000	594.716154
6.760000	0.000000	591.046978
6.770000	0.000000	587.419245
6.780000	0.000000	583.790041
6.790000	0.000000	580.163333
6.800000	0.000000	576.518539
6.810000	0.000000	572.784685
6.820000	0.000000	569.012294
6.830000	0.000000	565.381886
6.840000	0.000000	563.970389
6.850000	0.000000	558.946448
6.860000	0.000000	555.506359
6.870000	0.000000	554.216153
6.880000	0.000000	551.016877
6.890000	0.000000	550.140091
6.900000	0.000000	549.553888
6.910000	0.000000	567.798017
6.920000	0.000000	586.440736
6.930000	0.000000	564.361084
6.940000	0.000000	570.657089
6.950000	0.000000	592.477482
6.960000	0.000000	561.864346
6.970000	0.000000	673.754149
6.980000	0.000000	523.880692
6.990000	0.000000	520.186106
7.000000	0.000000	517.605358
7.010000	0.000000	515.962697
7.020000	0.000000	518.282910
7.030000	0.000000	512.165969
7.040000	0.000000	507.602977
7.050000	0.000000	505.799963
7.060000	0.000000	503.417690
7.070000	0.000000	500.506622
7.080000	0.000000	497.796873
7.090000	0.000000	495.071446
7.100000	0.000000	492.685368
7.110000	0.000000	490.445748
7.120000	0.000000	487.708247
7.130000	0.000000	485.219334
7.140000	0.000000	482.708469
7.150000	0.000000	479.933907
7.160000	0.000000	478.070451
7.170000	0.000000	477.780605
7.180000	0.000000	473.613635
7.190000	0.000000	472.251779
7.200000	0.000000	468.405205
7.210000	0.000000	465.024277
7.220000	0.000000	462.418911
7.230000	0.000000	459.866809
7.240000	0.000000	457.368682
7.250000	0.000000	455.315932
7.260000	0.000000	455.514407
7.270000	0.000000	455.858698
7.280000	0.000000	448.698253
7.290000	0.000000	444.899389
7.300000	0.000000	442.406724
7.310000	0.000000	439.919201
7.320000	0.000000	437.287048
7.330000	0.000000	435.688567
7.340000	0.000000	432.411065
7.350000	0.000000	429.796377
7.360000	0.000000	427.796757
7.370000	0.000000	425.037493
7.380000	0.000000	422.607117
7.390000	0.000000	420.258116
7.400000	0.000000	417.780998
7.410000	0.000000	415.234261
7.420000	0.000000	412.663535
7.430000	0.000000	410.266656
7.440000	0.000000	407.846837
7.450000	0.000000	405.443291
7.460000	0.000000	403.058959
7.470000	0.000000	400.637156
7.480000	0.000000	398.308443
7.490000	0.000000	395.715479
7.500000	0.000000	393.312209
7.510000	0.000000	390.902677
7.520000	0.000000	389.878769
7.530000	0.000000	386.808506
7.540000	0.000000	384.030051
7.550000	0.000000	382.319982
7.560000	0.000000	379.788869
7.570000	0.000000	376.852415
7.580000	0.000000	374.398769
7.590000	0.000000	372.196757
7.600000	0.000000	370.449936
7.610000	0.000000	369.505307
7.620000	0.000000	369.880813
7.630000	0.000000	367.387195
7.640000	0.000000	367.156937
7.650000	0.000000	363.700553
7.660000	0.000000	360.738528
7.670000	0.000000	358.459008
7.680000	0.000000	360.454228
7.690000	0.000000	356.986909
7.700000	0.000000	361.316438
7.710000	0.000000	373.161379
7.720000	0.000000	424.881007
7.730000	0.000000	450.354392
7.740000	0.000000	410.025631
7.750000	0.000000	425.546272
7.760000	0.000000	492.598723
7.770000	0.000000	575.495494
7.780000	0.000000	793.500143
7.790000	0.000000	488.423415
7.800000	0.000000	529.517123
7.810000	0.000000	340.339315
7.820000	0.000000	383.224377
7.830000	0.000000	347.559788
7.840000	0.000000	331.191680
7.850000	0.000000	327.945913
7.860000	0.000000	454.725282
7.870000	0.000000	1013.625210
7.880000	0.000000	650.172883
7.890000	0.000000	321.274601
7.900000	0.000000	319.613785
7.910000	0.000000	318.269111
7.920000	0.000000	316.721561
7.930000	0.000000	314.635494
7.940000	0.000000	312.984890
7.950000	0.000000	311.337079
7.960000	0.000000	309.735720
7.970000	0.000000	308.508238
7.980000	0.000000	306.365227
7.990000	0.000000	304.623789
8.000000	0.000000	302.934899
8.010000	0.000000	301.528166
8.020000	0.000000	299.683321
8.030000	0.000000	298.298339
8.040000	0.000000	296.603764
8.050000	0.000000	295.084206
8.060000	0.000000	293.479646
8.070000	0.000000	291.643939
8.080000	0.000000	289.929829
8.090000	0.000000	289.614519
8.100000	0.000000	289.523296
8.110000	0.000000	286.631436
8.120000	0.000000	284.952033
8.130000	0.000000	284.064009
8.140000	0.000000	284.619638
8.150000	0.000000	280.679167
8.160000	0.000000	523.173595
8.170000	0.000000	294.347390
8.180000	0.000000	310.010073
8.190000	0.000000	286.569976
8.200000	0.000000	272.559888
8.210000	0.000000	302.774973
8.220000	0.000000	287.551777
8.230000	0.000000	266.378460
8.240000	0.000000	272.772515
8.250000	0.000000	272.771670
8.260000	0.000000	260.934892
8.270000	0.000000	259.342774
8.280000	0.000000	330.778116
8.290000	0.000000	515.955936
8.300000	0.000000	254.942969
8.310000	0.000000	253.679176
8.320000	0.000000	251.712762
8.330000	0.000000	250.803775
8.340000	0.000000	351.109689
8.350000	0.000000	264.217494
8.360000	0.000000	265.659616
8.370000	0.000000	252.253970
8.380000	0.000000	244.674166
8.390000	0.000000	257.737039
8.400000	0.000000	253.285638
8.410000	0.000000	241.129891
8.420000	0.000000	239.999410
8.430000	0.000000	238.885598
8.440000	0.000000	237.771937
8.450000	0.000000	236.652117
8.460000	0.000000	235.538547
8.470000	0.000000	246.813575
8.480000	0.000000	362.116660
8.490000	0.000000	232.147543
8.500000	0.000000	230.996604
8.510000	0.000000	229.881452
8.520000	0.000000	228.766468
8.530000	0.000000	227.676062
8.540000	0.000000	226.564906
8.550000	0.000000	225.487869
8.560000	0.000000	224.908039
8.570000	0.000000	223.762021
8.580000	0.000000	255.346769
8.590000	0.000000	264.602836
8.600000	0.000000	220.132735
8.610000	0.000000	218.813643
8.620000	0.000000	217.710321
8.630000	0.000000	216.607157
8.640000	0.000000	218.928822
8.650000	0.000000	256.497249
8.660000	0.000000	213.243320
8.670000	0.000000	212.121117
8.680000	0.000000	214.048256
8.690000	0.000000	234.795450
8.700000	0.000000	215.775664
8.710000	0.000000	219.763633
8.720000	0.000000	212.872218
8.730000	0.000000	212.803925
8.740000	0.000000	210.656887
8.750000	0.000000	203.421215
8.760000	0.000000	202.452855
8.770000	0.000000	201.353927
8.780000	0.000000	200.144145
8.790000	0.000000	199.104228
8.800000	0.000000	198.079003
8.810000	0.000000	196.932396
8.820000	0.000000	196.040354
8.830000	0.000000	197.328704
8.840000	0.000000	196.261156
8.850000	0.000000	195.187658
8.860000	0.000000	194.113618
8.870000	0.000000	193.040715
8.880000	0.000000	191.970634
8.890000	0.000000	190.899566
8.900000	0.000000	191.155641
8.910000	0.000000	189.947349
8.920000	0.000000	187.675478
8.930000	0.000000	186.596773
8.940000	0.000000	185.521940
8.950000	0.000000	184.454073
8.960000	0.000000	183.409910
8.970000	0.000000	182.384182
8.980000	0.000000	181.374318
8.990000	0.000000	180.618626
9.000000	0.000000	179.240821
9.010000	0.000000	179.087125
9.020000	0.000000	179.024541
9.030000	0.000000	176.574723
9.040000	0.000000	175.588317
9.050000	0.000000	174.754061
9.060000	0.000000	175.207321
9.070000	0.000000	178.959902
9.080000	0.000000	177.209068
9.090000	0.000000	171.753619
9.100000	0.000000	170.189395
9.110000	0.000000	169.131022
9.120000	0.000000	168.904091
9.130000	0.000000	167.829625
9.140000	0.000000	166.287156
9.150000	0.000000	165.585490
9.160000	0.000000	166.046236
9.170000	0.000000	165.877412
9.180000	0.000000	175.347707
9.190000	0.000000	164.434295
9.200000	0.000000	161.717273
9.210000	0.000000	160.964064
9.220000	0.000000	160.210857
9.230000	0.000000	159.457685
9.240000	0.000000	158.707109
9.250000	0.000000	157.954029
9.260000	0.000000	157.198641
9.270000	0.000000	156.446106
9.280000	0.000000	155.693827
9.290000	0.000000	154.941692
9.300000	0.000000	154.190189
9.310000	0.000000	153.443634
9.320000	0.000000	152.699216
9.330000	0.000000	151.905863
9.340000	0.000000	151.138547
9.350000	0.000000	150.393826
9.360000	0.000000	149.649160
9.370000	0.000000	148.904528
9.380000	0.000000	148.159937
9.390000	0.000000	147.415367
9.400000	0.000000	146.670840
9.410000	0.000000	145.926935
9.420000	0.000000	145.182723
9.430000	0.000000	144.442160
9.440000	0.000000	143.755883
9.450000	0.000000	143.095402
9.460000	0.000000	142.298008
9.470000	0.000000	141.577519
9.480000	0.000000	140.869299
9.490000	0.000000	140.096934
9.500000	0.000000	139.363873
9.510000	0.000000	138.588565
9.520000	0.000000	142.327635
9.530000	0.000000	138.049568
9.540000	0.000000	137.065806
9.550000	0.000000	135.971680
9.560000	0.000000	135.146815
9.570000	0.000000	135.035076
9.580000	0.000000	134.168287
9.590000	0.000000	132.900001
9.600000	0.000000	132.145354
9.610000	0.000000	131.410240
9.620000	0.000000	130.693936
9.630000	0.000000	129.977925
9.640000	0.000000	129.263577
9.650000	0.000000	128.841714
9.660000	0.000000	132.306625
9.670000	0.000000	127.150109
9.680000	0.000000	126.467368
9.690000	0.000000	125.779609
9.700000	0.000000	125.103512
9.710000	0.000000	124.421033
9.720000	0.000000	123.729662
9.730000	0.000000	124.442899
9.740000	0.000000	123.359457
9.750000	0.000000	121.912017
9.760000	0.000000	121.265057
9.770000	0.000000	120.307082
9.780000	0.000000	119.778540
9.790000	0.000000	119.324339
9.800000	0.000000	118.255326
9.810000	0.000000	117.573473
9.820000	0.000000	116.889808
9.830000	0.000000	116.197443
9.840000	0.000000	115.480231
9.850000	0.000000	114.802949
9.860000	0.000000	114.175271
9.870000	0.000000	113.651275
9.880000	0.000000	113.382889
9.890000	0.000000	113.766142
9.900000	0.000000	112.738699
9.910000	0.000000	111.640334
9.920000	0.000000	111.137851
9.930000	0.000000	110.635262
9.940000	0.000000	110.132853
9.950000	0.000000	109.632052
9.960000	0.000000	109.132372
9.970000	0.000000	108.627536
9.980000	0.000000	108.122666
9.990000	0.000000	107.657140
10.000000	0.000000	108.082140
10.010000	0.000000	106.615107
10.020000	0.000000	106.079600
10.030000	0.000000	105.576733
10.040000	0.000000	105.074779
10.050000	0.000000	104.573399
10.060000	0.000000	104.072249
10.070000	0.000000	103.915923
10.080000	0.000000	103.343131
10.090000	0.000000	102.574169
10.100000	0.000000	102.080346
10.110000	0.000000	101.576174
10.120000	0.000000	101.169549
10.130000	0.000000	100.860243
10.140000	0.000000	100.065021
10.150000	0.000000	99.594424
10.160000	0.000000	99.319769
10.170000	0.000000	98.581336
10.180000	0.000000	98.251626
10.190000	0.000000	97.619598
10.200000	0.000000	97.116273
10.210000	0.000000	96.631920
10.220000	0.000000	96.148594
10.230000	0.000000	95.664592
10.240000	0.000000	95.180598
10.250000	0.000000	94.696877
10.260000	0.000000	94.213175
10.270000	0.000000	93.729484
10.280000	0.000000	93.252216
10.290000	0.000000	92.784466
10.300000	0.000000	92.308319
10.310000	0.000000	91.824895
10.320000	0.000000	91.343764
10.330000	0.000000	90.866251
10.340000	0.000000	90.372378
10.350000	0.000000	89.881409
10.360000	0.000000	89.420235
10.370000	0.000000	88.963573
10.380000	0.000000	88.507341
10.390000	0.000000	88.051128
10.400000	0.000000	87.595148
10.410000	0.000000	87.139340
10.420000	0.000000	86.683574
10.430000	0.000000	86.227808
10.440000	0.000000	85.772044
10.450000	0.000000	85.316280
10.460000	0.000000	84.861234
10.470000	0.000000	84.407618
10.480000	0.000000	83.951473
10.490000	0.000000	83.493226
10.500000	0.000000	83.035840
10.510000	0.000000	82.550882
10.520000	0.000000	82.095152
10.530000	0.000000	81.639867
10.540000	0.000000	81.184778
10.550000	0.000000	80.732544
10.560000	0.000000	80.276199
10.570000	0.000000	79.820240
10.580000	0.000000	79.365950
10.590000	0.000000	78.913383
10.600000	0.000000	78.463121
10.610000	0.000000	78.012460
10.620000	0.000000	77.559857
10.630000	0.000000	77.110200
10.640000	0.000000	76.679506
10.650000	0.000000	76.316788
10.660000	0.000000	75.982615
10.670000	0.000000	75.640630
10.680000	0.000000	75.288902
10.690000	0.000000	74.953865
10.700000	0.000000	74.618830
10.710000	0.000000	74.283795
10.720000	0.000000	73.948761
10.730000	0.000000	73.613727
10.740000	0.000000	73.278692
10.750000	0.000000	72.943658
10.760000	0.000000	72.608624
10.770000	0.000000	72.273590
10.780000	0.000000	71.938575
10.790000	0.000000	71.603724
10.800000	0.000000	71.269231
10.810000	0.000000	70.934944
10.820000	0.000000	70.600688
10.830000	0.000000	70.266433
10.840000	0.000000	69.921472
10.850000	0.000000	69.575321
10.860000	0.000000	69.241231
10.870000	0.000000	68.911533
10.880000	0.000000	68.584179
10.890000	0.000000	68.257198
10.900000	0.000000	67.930218
10.910000	0.000000	67.603244
10.920000	0.000000	67.276276
10.930000	0.000000	66.949443
10.940000	0.000000	66.623060
10.950000	0.000000	66.297129
10.960000	0.000000	65.971362
10.970000	0.000000	65.646336
10.980000	0.000000	65.323043
10.990000	0.000000	65.000289
11.000000	0.000000	64.677536
11.010000	0.000000	64.339852
11.020000	0.000000	64.010244
11.030000	0.000000	63.687546
11.040000	0.000000	63.364850
11.050000	0.000000	63.042153
11.060000	0.000000	62.719459
11.070000	0.000000	62.399991
11.080000	0.000000	62.087703
11.090000	0.000000	61.779097
11.100000	0.000000	61.470601
11.110000	0.000000	61.162109
11.120000	0.000000	60.854380
11.130000	0.000000	60.548632
11.140000	0.000000	60.244288
11.150000	0.000000	59.939947
11.160000	0.000000	59.635606
11.170000	0.000000	59.331265
11.180000	0.000000	59.008513
11.190000	0.000000	58.702222
11.200000	0.000000	58.398295
11.210000	0.000000	58.094386
11.220000	0.000000	57.790476
11.230000	0.000000	57.486567
11.240000	0.000000	57.182657
11.250000	0.000000	56.878748
11.260000	0.000000	56.574839
11.270000	0.000000	56.271028
11.280000	0.000000	55.967406
11.290000	0.000000	55.663902
11.300000	0.000000	55.360412
11.310000	0.000000	55.056986
11.320000	0.000000	54.753665
11.330000	0.000000	54.450386
11.340000	0.000000	54.145156
11.350000	0.000000	53.825654
11.360000	0.000000	53.524801
11.370000	0.000000	53.223951
11.380000	0.000000	52.923101
11.390000	0.000000	52.622256
11.400000	0.000000	52.321417
11.410000	0.000000	52.020580
11.420000	0.000000	51.719744
11.430000	0.000000	51.434275
11.440000	0.000000	51.184389
11.450000	0.000000	50.960657
11.460000	0.000000	50.737305
11.470000	0.000000	50.513953
11.480000	0.000000	50.290602
11.490000	0.000000	50.067254
11.500000	0.000000	49.843910
11.510000	0.000000	49.615799
11.520000	0.000000	49.382124
11.530000	0.000000	49.158781
11.540000	0.000000	48.935440
11.550000	0.000000	48.712275
11.560000	0.000000	48.489249
11.570000	0.000000	48.266254
11.580000	0.000000	48.043263
11.590000	0.000000	47.820316
11.600000	0.000000	47.598968
11.610000	0.000000	47.379934
11.620000	0.000000	47.161917
11.630000	0.000000	46.943925
11.640000	0.000000	46.725932
11.650000	0.000000	46.507940
11.660000	0.000000	46.289948
11.670000	0.000000	46.071955
11.680000	0.000000	45.846206
11.690000	0.000000	45.621232
11.700000	0.000000	45.403259
11.710000	0.000000	45.185698
11.720000	0.000000	44.968429
11.730000	0.000000	44.751281
11.740000	0.000000	44.534155
11.750000	0.000000	44.317048
11.760000	0.000000	44.099968
11.770000	0.000000	43.882902
11.780000	0.000000	43.665837
11.790000	0.000000	43.448813
11.800000	0.000000	43.233782
11.810000	0.000000	43.024475
11.820000	0.000000	42.818678
11.830000	0.000000	42.612893
11.840000	0.000000	42.407113
11.850000	0.000000	42.191090
11.860000	0.000000	41.981660
11.870000	0.000000	41.775891
11.880000	0.000000	41.570142
11.890000	0.000000	41.364458
11.900000	0.000000	41.158794
11.910000	0.000000	40.953131
11.920000	0.000000	40.747471
11.930000	0.000000	40.542166
11.940000	0.000000	40.338090
11.950000	0.000000	40.135094
11.960000	0.000000	39.932187
11.970000	0.000000	39.729295
11.980000	0.000000	39.526440
11.990000	0.000000	39.323708
12.000000	0.000000	39.121021
12.010000	0.000000	38.918335
12.020000	0.000000	38.702665
12.030000	0.000000	38.499306
12.040000	0.000000	38.296866
12.050000	0.000000	38.094510
12.060000	0.000000	37.892171
12.070000	0.000000	37.689834
12.080000	0.000000	37.487533
12.090000	0.000000	37.285290
12.100000	0.000000	37.083083
12.110000	0.000000	36.881349
12.120000	0.000000	36.680390
12.130000	0.000000	36.479791
12.140000	0.000000	36.279204
12.150000	0.000000	36.078628
12.160000	0.000000	35.878055
12.170000	0.000000	35.677483
12.180000	0.000000	35.474769
12.190000	0.000000	35.262779
12.200000	0.000000	35.062210
12.210000	0.000000	34.861642
12.220000	0.000000	34.661077
12.230000	0.000000	34.467787
12.240000	0.000000	34.303977
12.250000	0.000000	34.153640
12.260000	0.000000	34.004758
12.270000	0.000000	33.855876
12.280000	0.000000	33.706994
12.290000	0.000000	33.558112
12.300000	0.000000	33.409230
12.310000	0.000000	33.260434
12.320000	0.000000	33.112352
12.330000	0.000000	32.966408
12.340000	0.000000	32.820922
12.350000	0.000000	32.671813
12.360000	0.000000	32.520115
12.370000	0.000000	32.374630
12.380000	0.000000	32.229148
12.390000	0.000000	32.083670
12.400000	0.000000	31.938192
12.410000	0.000000	31.792714
12.420000	0.000000	31.647236
12.430000	0.000000	31.501781
12.440000	0.000000	31.356377
12.450000	0.000000	31.211003
12.460000	0.000000	31.065631
12.470000	0.000000	30.920258
12.480000	0.000000	30.774929
12.490000	0.000000	30.629806
12.500000	0.000000	30.484996
12.510000	0.000000	30.340335
12.520000	0.000000	30.193631
12.530000	0.000000	30.050939
12.540000	0.000000	29.912197
12.550000	0.000000	29.773455
12.560000	0.000000	29.634728
12.570000	0.000000	29.496020
12.580000	0.000000	29.357323
12.590000	0.000000	29.218630
12.600000	0.000000	29.079940
12.610000	0.000000	28.941249
12.620000	0.000000	28.802559
12.630000	0.000000	28.663868
12.640000	0.000000	28.525240
12.650000	0.000000	28.386969
12.660000	0.000000	28.249443
12.670000	0.000000	28.112010
12.680000	0.000000	27.974579
12.690000	0.000000	27.829817
12.700000	0.000000	27.690448
12.710000	0.000000	27.553083
12.720000	0.000000	27.415728
12.730000	0.000000	27.278372
12.740000	0.000000	27.141017
12.750000	0.000000	27.003846
12.760000	0.000000	26.867593
12.770000	0.000000	26.731976
12.780000	0.000000	26.596456
12.790000	0.000000	26.460997
12.800000	0.000000	26.325655
12.810000	0.000000	26.190419
12.820000	0.000000	26.055225
12.830000	0.000000	25.920032
12.840000	0.000000	25.784839
12.850000	0.000000	25.649652
12.860000	0.000000	25.505388
12.870000	0.000000	25.370275
12.880000	0.000000	25.235162
12.890000	0.000000	25.100515
12.900000	0.000000	24.966369
12.910000	0.000000	24.832362
12.920000	0.000000	24.698373
12.930000	0.000000	24.564386
12.940000	0.000000	24.430403
12.950000	0.000000	24.296425
12.960000	0.000000	24.162450
12.970000	0.000000	24.028481
12.980000	0.000000	23.894515
12.990000	0.000000	23.760549
13.000000	0.000000	23.626585
13.010000	0.000000	23.492622
13.020000	0.000000	23.356752
13.030000	0.000000	23.215638
13.040000	0.000000	23.085909
13.050000	0.000000	22.979985
13.060000	0.000000	22.879858
13.070000	0.000000	22.780493
13.080000	0.000000	22.682305
13.090000	0.000000	22.584941
13.100000	0.000000	22.487775
13.110000	0.000000	22.390610
13.120000	0.000000	22.293445
13.130000	0.000000	22.196280
13.140000	0.000000	22.099115
13.150000	0.000000	22.001950
13.160000	0.000000	21.904785
13.170000	0.000000	21.807621
13.180000	0.000000	21.710459
13.190000	0.000000	21.610534
13.200000	0.000000	21.509574
13.210000	0.000000	21.412417
13.220000	0.000000	21.315260
13.230000	0.000000	21.218103
13.240000	0.000000	21.120947
13.250000	0.000000	21.023792
13.260000	0.000000	20.926683
13.270000	0.000000	20.831044
13.280000	0.000000	20.737500
13.290000	0.000000	20.644958
13.300000	0.000000	20.552429
13.310000	0.000000	20.459901
13.320000	0.000000	20.367375
13.330000	0.000000	20.274850
13.340000	0.000000	20.182324
13.350000	0.000000	20.089799
13.360000	0.000000	19.993323
13.370000	0.000000	19.898493
13.380000	0.000000	19.805983
13.390000	0.000000	19.713490
13.400000	0.000000	19.621000
13.410000	0.000000	19.528509
13.420000	0.000000	19.436018
13.430000	0.000000	19.343527
13.440000	0.000000	19.251037
13.450000	0.000000	19.158546
13.460000	0.000000	19.066055
13.470000	0.000000	18.973566
13.480000	0.000000	18.881078
13.490000	0.000000	18.788619
13.500000	0.000000	18.696352
13.510000	0.000000	18.604622
13.520000	0.000000	18.512969
13.530000	0.000000	18.416115
13.540000	0.000000	18.323534
13.550000	0.000000	18.231932
13.560000	0.000000	18.140330
13.570000	0.000000	18.048728
13.580000	0.000000	17.957334
13.590000	0.000000	17.866664
13.600000	0.000000	17.776369
13.610000	0.000000	17.686148
13.620000	0.000000	17.595966
13.630000	0.000000	17.505798
13.640000	0.000000	17.415636
13.650000	0.000000	17.325478
13.660000	0.000000	17.235337
13.670000	0.000000	17.145276
13.680000	0.000000	17.055566
13.690000	0.000000	16.965857
13.700000	0.000000	16.870740
13.710000	0.000000	16.781349
13.720000	0.000000	16.691959
13.730000	0.000000	16.602568
13.740000	0.000000	16.513177
13.750000	0.000000	16.423787
13.760000	0.000000	16.334399
13.770000	0.000000	16.245015
13.780000	0.000000	16.155649
13.790000	0.000000	16.066300
13.800000	0.000000	15.976956
13.810000	0.000000	15.887616
13.820000	0.000000	15.798277
13.830000	0.000000	15.708942
13.840000	0.000000	15.619728
13.850000	0.000000	15.531547
13.860000	0.000000	15.446258
13.870000	0.000000	15.376202
13.880000	0.000000	15.311356
13.890000	0.000000	15.246547
13.900000	0.000000	15.181737
13.910000	0.000000	15.116928
13.920000	0.000000	15.052118
13.930000	0.000000	14.987309
13.940000	0.000000	14.922500
13.950000	0.000000	14.857691
13.960000	0.000000	14.792881
13.970000	0.000000	14.728072
13.980000	0.000000	14.663263
13.990000	0.000000	14.598454
14.000000	0.000000	14.533645
14.010000	0.000000	14.468839
14.020000	0.000000	14.404034
14.030000	0.000000	14.337180
14.040000	0.000000	14.271884
14.050000	0.000000	14.209827
14.060000	0.000000	14.147833
14.070000	0.000000	14.085875
14.080000	0.000000	14.024043
14.090000	0.000000	13.962279
14.100000	0.000000	13.900545
14.110000	0.000000	13.838821
14.120000	0.000000	13.777097
14.130000	0.000000	13.715374
14.140000	0.000000	13.653652
14.150000	0.000000	13.591931
14.160000	0.000000	13.530209
14.170000	0.000000	13.468488
14.180000	0.000000	13.406769
14.190000	0.000000	13.345053
14.200000	0.000000	13.280482
14.210000	0.000000	13.217453
14.220000	0.000000	13.155753
14.230000	0.000000	13.094055
14.240000	0.000000	13.032356
14.250000	0.000000	12.970658
14.260000	0.000000	12.908960
14.270000	0.000000	12.847261
14.280000	0.000000	12.785563
14.290000	0.000000	12.723865
14.300000	0.000000	12.662168
14.310000	0.000000	12.600472
14.320000	0.000000	12.538776
14.330000	0.000000	12.477080
14.340000	0.000000	12.415384
14.350000	0.000000	12.353701
14.360000	0.000000	12.292178
14.370000	0.000000	12.227378
14.380000	0.000000	12.165917
14.390000	0.000000	12.104891
14.400000	0.000000	12.043866
14.410000	0.000000	11.982915
14.420000	0.000000	11.922428
14.430000	0.000000	11.862180
14.440000	0.000000	11.801999
14.450000	0.000000	11.741840
14.460000	0.000000	11.681691
14.470000	0.000000	11.621690
14.480000	0.000000	11.561950
14.490000	0.000000	11.502312
14.500000	0.000000	11.442674
14.510000	0.000000	11.383037
14.520000	0.000000	11.323399
14.530000	0.000000	11.263338
14.540000	0.000000	11.200094
14.550000	0.000000	11.140457
14.560000	0.000000	11.080821
14.570000	0.000000	11.021185
14.580000	0.000000	10.961550
14.590000	0.000000	10.901918
14.600000	0.000000	10.842286
14.610000	0.000000	10.782662
14.620000	0.000000	10.723355
14.630000	0.000000	10.664495
14.640000	0.000000	10.605825
14.650000	0.000000	10.547158
14.660000	0.000000	10.488499
14.670000	0.000000	10.429918
14.680000	0.000000	10.372785
14.690000	0.000000	10.324887
14.700000	0.000000	10.280688
14.710000	0.000000	10.235411
14.720000	0.000000	10.192136
14.730000	0.000000	10.148862
14.740000	0.000000	10.105589
14.750000	0.000000	10.062315
14.760000	0.000000	10.019042
14.770000	0.000000	9.975768
14.780000	0.000000	9.932494
14.790000	0.000000	9.889221
14.800000	0.000000	9.845991
14.810000	0.000000	9.803311
14.820000	0.000000	9.761597
14.830000	0.000000	9.720175
14.840000	0.000000	9.678755
14.850000	0.000000	9.637338
14.860000	0.000000	9.595943
14.870000	0.000000	9.553081
14.880000	0.000000	9.510399
14.890000	0.000000	9.469136
14.900000	0.000000	9.427884
14.910000	0.000000	9.386633
14.920000	0.000000	9.345383
14.930000	0.000000	9.304147
14.940000	0.000000	9.262924
14.950000	0.000000	9.221705
14.960000	0.000000	9.180487
14.970000	0.000000	9.139269
14.980000	0.000000	9.098052
14.990000	0.000000	9.056836
15.000000	0.000000	9.015623
15.010000	0.000000	8.974409
15.020000	0.000000	8.933195
15.030000	0.000000	8.891981
15.040000	0.000000	8.848714
15.050000	0.000000	8.806772
15.060000	0.000000	8.765569
15.070000	0.000000	8.724367
15.080000	0.000000	8.683165
15.090000	0.000000	8.641963
15.100000	0.000000	8.600761
15.110000	0.000000	8.559559
15.120000	0.000000	8.518357
15.130000	0.000000	8.477155
15.140000	0.000000	8.435954
15.150000	0.000000	8.394754
15.160000	0.000000	8.353560
15.170000	0.000000	8.312390
15.180000	0.000000	8.271243
15.190000	0.000000	8.230095
15.200000	0.000000	8.188948
15.210000	0.000000	8.145178
15.220000	0.000000	8.103912
15.230000	0.000000	8.063015
15.240000	0.000000	8.022245
15.250000	0.000000	7.981493
15.260000	0.000000	7.940792
15.270000	0.000000	7.900450
15.280000	0.000000	7.860461
15.290000	0.000000	7.820610
15.300000	0.000000	7.780777
15.310000	0.000000	7.740946
15.320000	0.000000	7.701115
15.330000	0.000000	7.661286
15.340000	0.000000	7.621460
15.350000	0.000000	7.581633
15.360000	0.000000	7.541807
15.370000	0.000000	7.501555
15.380000	0.000000	7.459461
15.390000	0.000000	7.419635
15.400000	0.000000	7.379841
15.410000	0.000000	7.340444
15.420000	0.000000	7.301228
15.430000	0.000000	7.262044
15.440000	0.000000	7.222860
15.450000	0.000000	7.183676
15.460000	0.000000	7.144492
15.470000	0.000000	7.105309
15.480000	0.000000	7.066126
15.490000	0.000000	7.026953
15.500000	0.000000	6.987941
15.510000	0.000000	6.950674
15.520000	0.000000	6.919719
15.530000	0.000000	6.890806
15.540000	0.000000	6.861173
15.550000	0.000000	6.831028
15.560000	0.000000	6.802129
15.570000	0.000000	6.773233
15.580000	0.000000	6.744337
15.590000	0.000000	6.715687
15.600000	0.000000	6.687719
15.610000	0.000000	6.660039
15.620000	0.000000	6.632376
15.630000	0.000000	6.604712
15.640000	0.000000	6.577049
15.650000	0.000000	6.549390
15.660000	0.000000	6.521740
15.670000	0.000000	6.494099
15.680000	0.000000	6.466459
15.690000	0.000000	6.438828
15.700000	0.000000	6.411255
15.710000	0.000000	6.382628
15.720000	0.000000	6.354295
15.730000	0.000000	6.326746
15.740000	0.000000	6.299197
15.750000	0.000000	6.271648
15.760000	0.000000	6.244100
15.770000	0.000000	6.216558
15.780000	0.000000	6.189027
15.790000	0.000000	6.161500
15.800000	0.000000	6.133974
15.810000	0.000000	6.106449
15.820000	0.000000	6.078926
15.830000	0.000000	6.051403
15.840000	0.000000	6.023880
15.850000	0.000000	5.996356
15.860000	0.000000	5.968833
15.870000	0.000000	5.941310
15.880000	0.000000	5.912318
15.890000	0.000000	5.884403
15.900000	0.000000	5.856884
15.910000	0.000000	5.829369
15.920000	0.000000	5.801853
15.930000	0.000000	5.774338
15.940000	0.000000	5.746823
15.950000	0.000000	5.719307
15.960000	0.000000	5.691794
15.970000	0.000000	5.664294
15.980000	0.000000	5.636811
15.990000	0.000000	5.609332
16.000000	0.000000	5.581853
16.010000	0.000000	5.554374
16.020000	0.000000	5.526895
16.030000	0.000000	5.499416
16.040000	0.000000	5.471937
16.050000	0.000000	5.442601
16.060000	0.000000	5.415134
16.070000	0.000000	5.387669
16.080000	0.000000	5.360227
16.090000	0.000000	5.332915
16.100000	0.000000	5.305721
16.110000	0.000000	5.278692
16.120000	0.000000	5.251898
16.130000	0.000000	5.225261
16.140000	0.000000	5.198659
16.150000	0.000000	5.172058
16.160000	0.000000	5.145457
16.170000	0.000000	5.118855
16.180000	0.000000	5.092255
16.190000	0.000000	5.065671
16.200000	0.000000	5.039210
16.210000	0.000000	5.012652
16.220000	0.000000	4.985082
16.230000	0.000000	4.958909
16.240000	0.000000	4.932736
16.250000	0.000000	4.906564
16.260000	0.000000	4.880392
16.270000	0.000000	4.854221
16.280000	0.000000	4.828051
16.290000	0.000000	4.801880
16.300000	0.000000	4.775709
16.310000	0.000000	4.749540
16.320000	0.000000	4.723380
16.330000	0.000000	4.697236
16.340000	0.000000	4.671552
16.350000	0.000000	4.648122
16.360000	0.000000	4.628616
16.370000	0.000000	4.609314
16.380000	0.000000	4.589518
16.390000	0.000000	4.570142
16.400000	0.000000	4.551655
16.410000	0.000000	4.533173
16.420000	0.000000	4.514691
16.430000	0.000000	4.496209
16.440000	0.000000	4.477728
16.450000	0.000000	4.459250
16.460000	0.000000	4.440779
16.470000	0.000000	4.422317
16.480000	0.000000	4.403860
16.490000	0.000000	4.385404
16.500000	0.000000	4.366948
16.510000	0.000000	4.348503
16.520000	0.000000	4.330091
16.530000	0.000000	4.311697
16.540000	0.000000	4.293302
16.550000	0.000000	4.274122
16.560000	0.000000	4.255269
16.570000	0.000000	4.236874
16.580000	0.000000	4.218480
16.590000	0.000000	4.200085
16.600000	0.000000	4.181691
16.610000	0.000000	4.163296
16.620000	0.000000	4.144907
16.630000	0.000000	4.126525
16.640000	0.000000	4.108146
16.650000	0.000000	4.089767
16.660000	0.000000	4.071389
16.670000	0.000000	4.053011
16.680000	0.000000	4.034633
16.690000	0.000000	4.016256
16.700000	0.000000	3.997878
16.710000	0.000000	3.979501
16.720000	0.000000	3.960077
16.730000	0.000000	3.941503
16.740000	0.000000	3.923126
16.750000	0.000000	3.904750
16.760000	0.000000	3.886377
16.770000	0.000000	3.868005
16.780000	0.000000	3.849644
16.790000	0.000000	3.831293
16.800000	0.000000	3.812944
16.810000	0.000000	3.794595
16.820000	0.000000	3.776247
16.830000	0.000000	3.757898
16.840000	0.000000	3.739550
16.850000	0.000000	3.721202
16.860000	0.000000	3.702854
16.870000	0.000000	3.684506
16.880000	0.000000	3.666093
16.890000	0.000000	3.646570
16.900000	0.000000	3.628259
16.910000	0.000000	3.610046
16.920000	0.000000	3.591847
16.930000	0.000000	3.573650
16.940000	0.000000	3.555453
16.950000	0.000000	3.537264
16.960000	0.000000	3.519088
16.970000	0.000000	3.500945
16.980000	0.000000	3.482950
16.990000	0.000000	3.465149
17.000000	0.000000	3.447488
17.010000	0.000000	3.429980
17.020000	0.000000	3.412502
17.030000	0.000000	3.395023
17.040000	0.000000	3.377545
17.050000	0.000000	3.359757
17.060000	0.000000	3.341409
17.070000	0.000000	3.323932
17.080000	0.000000	3.306456
17.090000	0.000000	3.288979
17.100000	0.000000	3.271503
17.110000	0.000000	3.254027
17.120000	0.000000	3.236552
17.130000	0.000000	3.219076
17.140000	0.000000	3.201601
17.150000	0.000000	3.184128
17.160000	0.000000	3.166664
17.170000	0.000000	3.149218
17.180000	0.000000	3.132184
17.190000	0.000000	3.116958
17.200000	0.000000	3.104458
17.210000	0.000000	3.092097
17.220000	0.000000	3.079340
17.230000	0.000000	3.066539
17.240000	0.000000	3.054179
17.250000	0.000000	3.041818
17.260000	0.000000	3.029458
17.270000	0.000000	3.017098
17.280000	0.000000	3.004740
17.290000	0.000000	2.992387
17.300000	0.000000	2.980037
17.310000	0.000000	2.967686
17.320000	0.000000	2.955336
17.330000	0.000000	2.942987
17.340000	0.000000	2.930651
17.350000	0.000000	2.918339
17.360000	0.000000	2.906033
17.370000	0.000000	2.893731
17.380000	0.000000	2.881429
17.390000	0.000000	2.868558
17.400000	0.000000	2.855993
17.410000	0.000000	2.843692
17.420000	0.000000	2.831390
17.430000	0.000000	2.819088
17.440000	0.000000	2.806786
17.450000	0.000000	2.794484
17.460000	0.000000	2.782182
17.470000	0.000000	2.769885
17.480000	0.000000	2.757592
17.490000	0.000000	2.745300
17.500000	0.000000	2.733009
17.510000	0.000000	2.720717
17.520000	0.000000	2.708426
17.530000	0.000000	2.696136
17.540000	0.000000	2.683845
17.550000	0.000000	2.671554
17.560000	0.000000	2.658519
17.570000	0.000000	2.646141
17.580000	0.000000	2.633851
17.590000	0.000000	2.621562
17.600000	0.000000	2.609283
17.610000	0.000000	2.597008
17.620000	0.000000	2.584735
17.630000	0.000000	2.572464
17.640000	0.000000	2.560193
17.650000	0.000000	2.547921
17.660000	0.000000	2.535650
17.670000	0.000000	2.523379
17.680000	0.000000	2.511108
17.690000	0.000000	2.498837
17.700000	0.000000	2.486566
17.710000	0.000000	2.474295
17.720000	0.000000	2.461942
17.730000	0.000000	2.449005
17.740000	0.000000	2.436828
17.750000	0.000000	2.424651
17.760000	0.000000	2.412476
17.770000	0.000000	2.400304
17.780000	0.000000	2.388133
17.790000	0.000000	2.375963
17.800000	0.000000	2.363818
17.810000	0.000000	2.351767
17.820000	0.000000	2.339795
17.830000	0.000000	2.327847
17.840000	0.000000	2.315957
17.850000	0.000000	2.304149
17.860000	0.000000	2.292354
17.870000	0.000000	2.280589
17.880000	0.000000	2.268894
17.890000	0.000000	2.256955
17.900000	0.000000	2.244724
17.910000	0.000000	2.233036
17.920000	0.000000	2.221347
17.930000	0.000000	2.209659
17.940000	0.000000	2.197970
17.950000	0.000000	2.186283
17.960000	0.000000	2.174595
17.970000	0.000000	2.162907
17.980000	0.000000	2.151259
17.990000	0.000000	2.139767
18.000000	0.000000	2.128436
18.010000	0.000000	2.117126
18.020000	0.000000	2.105876
18.030000	0.000000	2.095193
18.040000	0.000000	2.086445
18.050000	0.000000	2.078186
18.060000	0.000000	2.069633
18.070000	0.000000	2.061110
18.080000	0.000000	2.052851
18.090000	0.000000	2.044593
18.100000	0.000000	2.036336
18.110000	0.000000	2.028083
18.120000	0.000000	2.019831
18.130000	0.000000	2.011580
18.140000	0.000000	2.003329
18.150000	0.000000	1.995078
18.160000	0.000000	1.986828
18.170000	0.000000	1.978586
18.180000	0.000000	1.970358
18.190000	0.000000	1.962135
18.200000	0.000000	1.953912
18.210000	0.000000	1.945688
18.220000	0.000000	1.937465
18.230000	0.000000	1.928832
18.240000	0.000000	1.920463
18.250000	0.000000	1.912240
18.260000	0.000000	1.904017
18.270000	0.000000	1.895797
18.280000	0.000000	1.887579
18.290000	0.000000	1.879361
18.300000	0.000000	1.871143
18.310000	0.000000	1.862925
18.320000	0.000000	1.854707
18.330000	0.000000	1.846492
18.340000	0.000000	1.838280
18.350000	0.000000	1.830068
18.360000	0.000000	1.821857
18.370000	0.000000	1.813645
18.380000	0.000000	1.805434
18.390000	0.000000	1.797223
18.400000	0.000000	1.788486
18.410000	0.000000	1.780246
18.420000	0.000000	1.772041
18.430000	0.000000	1.763840
18.440000	0.000000	1.755639
18.450000	0.000000	1.747439
18.460000	0.000000	1.739238
18.470000	0.000000	1.731038
18.480000	0.000000	1.722838
18.490000	0.000000	1.714640
18.500000	0.000000	1.706442
18.510000	0.000000	1.698244
18.520000	0.000000	1.690046
18.530000	0.000000	1.681848
18.540000	0.000000	1.673651
18.550000	0.000000	1.665461
18.560000	0.000000	1.657228
18.570000	0.000000	1.648630
18.580000	0.000000	1.640496
18.590000	0.000000	1.632361
18.600000	0.000000	1.624226
18.610000	0.000000	1.616091
18.620000	0.000000	1.608005
18.630000	0.000000	1.599978
18.640000	0.000000	1.591973
18.650000	0.000000	1.583972
18.660000	0.000000	1.575976
18.670000	0.000000	1.567985
18.680000	0.000000	1.559994
18.690000	0.000000	1.552004
18.700000	0.000000	1.544031
18.710000	0.000000	1.536123
18.720000	0.000000	1.528239
18.730000	0.000000	1.520159
18.740000	0.000000	1.511939
18.750000	0.000000	1.504055
18.760000	0.000000	1.496192
18.770000	0.000000	1.488373
18.780000	0.000000	1.480564
18.790000	0.000000	1.472767
18.800000	0.000000	1.465090
18.810000	0.000000	1.457505
18.820000	0.000000	1.449940
18.830000	0.000000	1.442375
18.840000	0.000000	1.434811
18.850000	0.000000	1.427249
18.860000	0.000000	1.419693
18.870000	0.000000	1.412172
18.880000	0.000000	1.404976
18.890000	0.000000	1.399166
18.900000	0.000000	1.393430
18.910000	0.000000	1.387753
18.920000	0.000000	1.382233
18.930000	0.000000	1.376714
18.940000	0.000000	1.371198
18.950000	0.000000	1.365682
18.960000	0.000000	1.360167
18.970000	0.000000	1.354652
18.980000	0.000000	1.349138
18.990000	0.000000	1.343623
19.000000	0.000000	1.338110
19.010000	0.000000	1.332604
19.020000	0.000000	1.327106
19.030000	0.000000	1.321610
19.040000	0.000000	1.316115
19.050000	0.000000	1.310619
19.060000	0.000000	1.305123
19.070000	0.000000	1.299334
19.080000	0.000000	1.293760
19.090000	0.000000	1.288264
19.100000	0.000000	1.282768
19.110000	0.000000	1.277272
19.120000	0.000000	1.271776
19.130000	0.000000	1.266281
19.140000	0.000000	1.260785
19.150000	0.000000	1.255290
19.160000	0.000000	1.249795
19.170000	0.000000	1.244299
19.180000	0.000000	1.238805
19.190000	0.000000	1.233315
19.200000	0.000000	1.227826
19.210000	0.000000	1.222338
19.220000	0.000000	1.216850
19.230000	0.000000	1.211362
19.240000	0.000000	1.205504
19.250000	0.000000	1.200021
19.260000	0.000000	1.194540
19.270000	0.000000	1.189060
19.280000	0.000000	1.183579
19.290000	0.000000	1.178098
19.300000	0.000000	1.172617
19.310000	0.000000	1.167137
19.320000	0.000000	1.161656
19.330000	0.000000	1.156175
19.340000	0.000000	1.150694
19.350000	0.000000	1.145214
19.360000	0.000000	1.139734
19.370000	0.000000	1.134255
19.380000	0.000000	1.128779
19.390000	0.000000	1.123322
19.400000	0.000000	1.117808
19.410000	0.000000	1.112081
19.420000	0.000000	1.106645
19.430000	0.000000	1.101208
19.440000	0.000000	1.095803
19.450000	0.000000	1.090440
19.460000	0.000000	1.085087
19.470000	0.000000	1.079735
19.480000	0.000000	1.074382
19.490000	0.000000	1.069031
19.500000	0.000000	1.063680
19.510000	0.000000	1.058334
19.520000	0.000000	1.052991
19.530000	0.000000	1.047650
19.540000	0.000000	1.042309
19.550000	0.000000	1.036968
19.560000	0.000000	1.031627
19.570000	0.000000	1.026134
19.580000	0.000000	1.020618
19.590000	0.000000	1.015348
19.600000	0.000000	1.010079
19.610000	0.000000	1.004831
19.620000	0.000000	0.999681
19.630000	0.000000	0.994570
19.640000	0.000000	0.989464
19.650000	0.000000	0.984362
19.660000	0.000000	0.979283
19.670000	0.000000	0.974224
19.680000	0.000000	0.969168
19.690000	0.000000	0.964112
19.700000	0.000000	0.959057
19.710000	0.000000	0.954004
19.720000	0.000000	0.948958
19.730000	0.000000	0.943970
19.740000	0.000000	0.939714
19.750000	0.000000	0.935933
19.760000	0.000000	0.932244
19.770000	0.000000	0.928556
19.780000	0.000000	0.924870
19.790000	0.000000	0.921183
19.800000	0.000000	0.917497
19.810000	0.000000	0.913811
19.820000	0.000000	0.910125
19.830000	0.000000	0.906439
19.840000	0.000000	0.902754
19.850000	0.000000	0.899072
19.860000	0.000000	0.895398
19.870000	0.000000	0.891724
19.880000	0.000000	0.888051
19.890000	0.000000	0.884378
19.900000	0.000000	0.880704
19.910000	0.000000	0.876822
19.920000	0.000000	0.873110
19.930000	0.000000	0.869437
19.940000	0.000000	0.865764
19.950000	0.000000	0.862090
19.960000	0.000000	0.858417
19.970000	0.000000	0.854744
19.980000	0.000000	0.851071
19.990000	0.000000	0.847399
20.000000	0.000000	0.843726
20.010000	0.000000	0.840053
20.020000	0.000000	0.836380
20.030000	0.000000	0.832708
20.040000	0.000000	0.829035
20.050000	0.000000	0.825363
20.060000	0.000000	0.821692
20.070000	0.000000	0.818009
20.080000	0.000000	0.814106
20.090000	0.000000	0.810441
20.100000	0.000000	0.806777
20.110000	0.000000	0.803114
20.120000	0.000000	0.799451
20.130000	0.000000	0.795788
20.140000	0.000000	0.792125
20.150000	0.000000	0.788462
20.160000	0.000000	0.784799
20.170000	0.000000	0.781136
20.180000	0.000000	0.777473
20.190000	0.000000	0.773810
20.200000	0.000000	0.770147
20.210000	0.000000	0.766485
20.220000	0.000000	0.762824
20.230000	0.000000	0.759178
20.240000	0.000000	0.755479
20.250000	0.000000	0.751664
20.260000	0.000000	0.748033
20.270000	0.000000	0.744439
20.280000	0.000000	0.740860
20.290000	0.000000	0.737283
20.300000	0.000000	0.733705
20.310000	0.000000	0.730128
20.320000	0.000000	0.726551
20.330000	0.000000	0.722973
20.340000	0.000000	0.719396
20.350000	0.000000	0.715819
20.360000	0.000000	0.712242
20.370000	0.000000	0.708667
20.380000	0.000000	0.705095
20.390000	0.000000	0.701525
20.400000	0.000000	0.697955
20.410000	0.000000	0.694271
20.420000	0.000000	0.690574
20.430000	0.000000	0.687007
20.440000	0.000000	0.683506
20.450000	0.000000	0.680068
20.460000	0.000000	0.676651
20.470000	0.000000	0.673239
20.480000	0.000000	0.669826
20.490000	0.000000	0.666413
20.500000	0.000000	0.663000
20.510000	0.000000	0.659587
20.520000	0.000000	0.656175
20.530000	0.000000	0.652763
20.540000	0.000000	0.649351
20.550000	0.000000	0.645939
20.560000	0.000000	0.642534
20.570000	0.000000	0.639153
20.580000	0.000000	0.635621
20.590000	0.000000	0.632236
20.600000	0.000000	0.629557
20.610000	0.000000	0.627071
20.620000	0.000000	0.624607
20.630000	0.000000	0.622143
20.640000	0.000000	0.619679
20.650000	0.000000	0.617215
20.660000	0.000000	0.614751
20.670000	0.000000	0.612287
20.680000	0.000000	0.609823
20.690000	0.000000	0.607360
20.700000	0.000000	0.604901
20.710000	0.000000	0.602445
20.720000	0.000000	0.599989
20.730000	0.000000	0.597534
20.740000	0.000000	0.595078
20.750000	0.000000	0.592474
20.760000	0.000000	0.590001
20.770000	0.000000	0.587546
20.780000	0.000000	0.585091
20.790000	0.000000	0.582635
20.800000	0.000000	0.580180
20.810000	0.000000	0.577725
20.820000	0.000000	0.575269
20.830000	0.000000	0.572814
20.840000	0.000000	0.570359
20.850000	0.000000	0.567904
20.860000	0.000000	0.565449
20.870000	0.000000	0.562994
20.880000	0.000000	0.560539
20.890000	0.000000	0.558084
20.900000	0.000000	0.555629
20.910000	0.000000	0.553156
20.920000	0.000000	0.550556
20.930000	0.000000	0.548106
20.940000	0.000000	0.545656
20.950000	0.000000	0.543205
20.960000	0.000000	0.540755
20.970000	0.000000	0.538305
20.980000	0.000000	0.535855
20.990000	0.000000	0.533405
21.000000	0.000000	0.530955
21.010000	0.000000	0.528506
21.020000	0.000000	0.526057
21.030000	0.000000	0.523609
21.040000	0.000000	0.521160
21.050000	0.000000	0.518712
21.060000	0.000000	0.516264
21.070000	0.000000	0.513822
21.080000	0.000000	0.511340
21.090000	0.000000	0.508799
21.100000	0.000000	0.506395
21.110000	0.000000	0.504002
21.120000	0.000000	0.501609
21.130000	0.000000	0.499218
21.140000	0.000000	0.496826
21.150000	0.000000	0.494435
21.160000	0.000000	0.492044
21.170000	0.000000	0.489652
21.180000	0.000000	0.487261
21.190000	0.000000	0.484870
21.200000	0.000000	0.482479
21.210000	0.000000	0.480087
21.220000	0.000000	0.477696
21.230000	0.000000	0.475305
21.240000	0.000000	0.472916
21.250000	0.000000	0.470444
21.260000	0.000000	0.467986
21.270000	0.000000	0.465657
21.280000	0.000000	0.463342
21.290000	0.000000	0.461028
21.300000	0.000000	0.458715
21.310000	0.000000	0.456401
21.320000	0.000000	0.454101
21.330000	0.000000	0.451815
21.340000	0.000000	0.449534
21.350000	0.000000	0.447252
21.360000	0.000000	0.444971
21.370000	0.000000	0.442690
21.380000	0.000000	0.440408
21.390000	0.000000	0.438127
21.400000	0.000000	0.435846
21.410000	0.000000	0.433565
21.420000	0.000000	0.431171
21.430000	0.000000	0.428849
21.440000	0.000000	0.426569
21.450000	0.000000	0.424340
21.460000	0.000000	0.422488
21.470000	0.000000	0.420807
21.480000	0.000000	0.419159
21.490000	0.000000	0.417511
21.500000	0.000000	0.415864
21.510000	0.000000	0.414217
21.520000	0.000000	0.412569
21.530000	0.000000	0.410922
21.540000	0.000000	0.409275
21.550000	0.000000	0.407631
21.560000	0.000000	0.405989
21.570000	0.000000	0.404347
21.580000	0.000000	0.402705
21.590000	0.000000	0.400958
21.600000	0.000000	0.399310
21.610000	0.000000	0.397668
21.620000	0.000000	0.396027
21.630000	0.000000	0.394385
21.640000	0.000000	0.392743
21.650000	0.000000	0.391102
21.660000	0.000000	0.389460
21.670000	0.000000	0.387818
21.680000	0.000000	0.386177
21.690000	0.000000	0.384535
21.700000	0.000000	0.382894
21.710000	0.000000	0.381253
21.720000	0.000000	0.379611
21.730000	0.000000	0.377970
21.740000	0.000000	0.376328
21.750000	0.000000	0.374669
21.760000	0.000000	0.372935
21.770000	0.000000	0.371296
21.780000	0.000000	0.369657
21.790000	0.000000	0.368018
21.800000	0.000000	0.366380
21.810000	0.000000	0.364742
21.820000	0.000000	0.363104
21.830000	0.000000	0.361466
21.840000	0.000000	0.359828
21.850000	0.000000	0.358190
21.860000	0.000000	0.356551
21.870000	0.000000	0.354913
21.880000	0.000000	0.353275
21.890000	0.000000	0.351637
21.900000	0.000000	0.349999
21.910000	0.000000	0.348362
21.920000	0.000000	0.346690
21.930000	0.000000	0.345001
21.940000	0.000000	0.343399
21.950000	0.000000	0.341800
21.960000	0.000000	0.340200
21.970000	0.000000	0.338601
21.980000	0.000000	0.337001
21.990000	0.000000	0.335402
22.000000	0.000000	0.333803
22.010000	0.000000	0.332203
22.020000	0.000000	0.330604
22.030000	0.000000	0.329005
22.040000	0.000000	0.327407
22.050000	0.000000	0.325808
22.060000	0.000000	0.324209
22.070000	0.000000	0.322610
22.080000	0.000000	0.321011
22.090000	0.000000	0.319350
22.100000	0.000000	0.317736
22.110000	0.000000	0.316186
22.120000	0.000000	0.314638
22.130000	0.000000	0.313090
22.140000	0.000000	0.311543
22.150000	0.000000	0.309996
22.160000	0.000000	0.308449
22.170000	0.000000	0.306902
22.180000	0.000000	0.305355
22.190000	0.000000	0.303810
22.200000	0.000000	0.302274
22.210000	0.000000	0.300748
22.220000	0.000000	0.299222
22.230000	0.000000	0.297697
22.240000	0.000000	0.296172
22.250000	0.000000	0.294646
22.260000	0.000000	0.293040
22.270000	0.000000	0.291493
22.280000	0.000000	0.289968
22.290000	0.000000	0.288443
22.300000	0.000000	0.286918
22.310000	0.000000	0.285394
22.320000	0.000000	0.284004
22.330000	0.000000	0.282806
22.340000	0.000000	0.281690
22.350000	0.000000	0.280574
22.360000	0.000000	0.279457
22.370000	0.000000	0.278343
22.380000	0.000000	0.277233
22.390000	0.000000	0.276132
22.400000	0.000000	0.275031
22.410000	0.000000	0.273933
22.420000	0.000000	0.272835
22.430000	0.000000	0.271663
22.440000	0.000000	0.270565
22.450000	0.000000	0.269468
22.460000	0.000000	0.268370
22.470000	0.000000	0.267272
22.480000	0.000000	0.266174
22.490000	0.000000	0.265076
22.500000	0.000000	0.263979
22.510000	0.000000	0.262881
22.520000	0.000000	0.261783
22.530000	0.000000	0.260685
22.540000	0.000000	0.259588
22.550000	0.000000	0.258490
22.560000	0.000000	0.257393
22.570000	0.000000	0.256295
22.580000	0.000000	0.255198
22.590000	0.000000	0.254085
22.600000	0.000000	0.252929
22.610000	0.000000	0.251832
22.620000	0.000000	0.250736
22.630000	0.000000	0.249640
22.640000	0.000000	0.248544
22.650000	0.000000	0.247447
22.660000	0.000000	0.246352
22.670000	0.000000	0.245256
22.680000	0.000000	0.244161
22.690000	0.000000	0.243066
22.700000	0.000000	0.241971
22.710000	0.000000	0.240875
22.720000	0.000000	0.239780
22.730000	0.000000	0.238685
22.740000	0.000000	0.237590
22.750000	0.000000	0.236494
22.760000	0.000000	0.235368
22.770000	0.000000	0.234238
22.780000	0.000000	0.233166
22.790000	0.000000	0.232096
22.800000	0.000000	0.231026
22.810000	0.000000	0.229956
22.820000	0.000000	0.228886
22.830000	0.000000	0.227816
22.840000	0.000000	0.226746
22.850000	0.000000	0.225676
22.860000	0.000000	0.224606
22.870000	0.000000	0.223536
22.880000	0.000000	0.222467
22.890000	0.000000	0.221398
22.900000	0.000000	0.220328
22.910000	0.000000	0.219259
22.920000	0.000000	0.218190
22.930000	0.000000	0.217078
22.940000	0.000000	0.216009
22.950000	0.000000	0.214972
22.960000	0.000000	0.213936
22.970000	0.000000	0.212899
22.980000	0.000000	0.211863
22.990000	0.000000	0.210828
23.000000	0.000000	0.209793
23.010000	0.000000	0.208758
23.020000	0.000000	0.207723
23.030000	0.000000	0.206689
23.040000	0.000000	0.205654
23.050000	0.000000	0.204620
23.060000	0.000000	0.203586
23.070000	0.000000	0.202552
23.080000	0.000000	0.201524
23.090000	0.000000	0.200503
23.100000	0.000000	0.199425
23.110000	0.000000	0.198395
23.120000	0.000000	0.197375
23.130000	0.000000	0.196355
23.140000	0.000000	0.195335
23.150000	0.000000	0.194316
23.160000	0.000000	0.193296
23.170000	0.000000	0.192277
23.180000	0.000000	0.191268
23.190000	0.000000	0.190363
23.200000	0.000000	0.189584
23.210000	0.000000	0.188838
23.220000	0.000000	0.188091
23.230000	0.000000	0.187345
23.240000	0.000000	0.186598
23.250000	0.000000	0.185852
23.260000	0.000000	0.185104
23.270000	0.000000	0.184312
23.280000	0.000000	0.183568
23.290000	0.000000	0.182828
23.300000	0.000000	0.182093
23.310000	0.000000	0.181358
23.320000	0.000000	0.180624
23.330000	0.000000	0.179890
23.340000	0.000000	0.179156
23.350000	0.000000	0.178422
23.360000	0.000000	0.177687
23.370000	0.000000	0.176953
23.380000	0.000000	0.176219
23.390000	0.000000	0.175485
23.400000	0.000000	0.174751
23.410000	0.000000	0.174017
23.420000	0.000000	0.173283
23.430000	0.000000	0.172535
23.440000	0.000000	0.171765
23.450000	0.000000	0.171031
23.460000	0.000000	0.170298
23.470000	0.000000	0.169565
23.480000	0.000000	0.168831
23.490000	0.000000	0.168098
23.500000	0.000000	0.167365
23.510000	0.000000	0.166632
23.520000	0.000000	0.165899
23.530000	0.000000	0.165166
23.540000	0.000000	0.164434
23.550000	0.000000	0.163701
23.560000	0.000000	0.162969
23.570000	0.000000	0.162236
23.580000	0.000000	0.161504
23.590000	0.000000	0.160771
23.600000	0.000000	0.160015
23.610000	0.000000	0.159257
23.620000	0.000000	0.158533
23.630000	0.000000	0.157816
23.640000	0.000000	0.157100
23.650000	0.000000	0.156385
23.660000	0.000000	0.155669
23.670000	0.000000	0.154953
23.680000	0.000000	0.154238
23.690000	0.000000	0.153522
23.700000	0.000000	0.152806
23.710000	0.000000	0.152091
23.720000	0.000000	0.151375
23.730000	0.000000	0.150659
23.740000	0.000000	0.149944
23.750000	0.000000	0.149228
23.760000	0.000000	0.148513
23.770000	0.000000	0.147765
23.780000	0.000000	0.147050
23.790000	0.000000	0.146356
23.800000	0.000000	0.145663
23.810000	0.000000	0.144969
23.820000	0.000000	0.144276
23.830000	0.000000	0.143582
23.840000	0.000000	0.142889
23.850000	0.000000	0.142196
23.860000	0.000000	0.141504
23.870000	0.000000	0.140811
23.880000	0.000000	0.140119
23.890000	0.000000	0.139426
23.900000	0.000000	0.138734
23.910000	0.000000	0.138042
23.920000	0.000000	0.137350
23.930000	0.000000	0.136659
23.940000	0.000000	0.135925
23.950000	0.000000	0.135228
23.960000	0.000000	0.134539
23.970000	0.000000	0.133855
23.980000	0.000000	0.133173
23.990000	0.000000	0.132491
24.000000	0.000000	0.131809
24.010000	0.000000	0.131127
24.020000	0.000000	0.130445
24.030000	0.000000	0.129764
24.040000	0.000000	0.129082
24.050000	0.000000	0.128402
24.060000	0.000000	0.127758
24.070000	0.000000	0.127216
24.080000	0.000000	0.126716
24.090000	0.000000	0.126216
24.100000	0.000000	0.125713
24.110000	0.000000	0.125183
24.120000	0.000000	0.124685
24.130000	0.000000	0.124187
24.140000	0.000000	0.123689
24.150000	0.000000	0.123191
24.160000	0.000000	0.122693
24.170000	0.000000	0.122195
24.180000	0.000000	0.121697
24.190000	0.000000	0.121199
24.200000	0.000000	0.120702
24.210000	0.000000	0.120206
24.220000	0.000000	0.119714
24.230000	0.000000	0.119223
24.240000	0.000000	0.118731
24.250000	0.000000	0.118240
24.260000	0.000000	0.117749
24.270000	0.000000	0.117247
24.280000	0.000000	0.116733
24.290000	0.000000	0.116242
24.300000	0.000000	0.115751
24.310000	0.000000	0.115260
24.320000	0.000000	0.114769
24.330000	0.000000	0.114278
24.340000	0.000000	0.113788
24.350000	0.000000	0.113297
24.360000	0.000000	0.112807
24.370000	0.000000	0.112316
24.380000	0.000000	0.111826
24.390000	0.000000	0.111335
24.400000	0.000000	0.110844
24.410000	0.000000	0.110354
24.420000	0.000000	0.109864
24.430000	0.000000	0.109373
24.440000	0.000000	0.108866
24.450000	0.000000	0.108360
24.460000	0.000000	0.107871
24.470000	0.000000	0.107387
24.480000	0.000000	0.106905
24.490000	0.000000	0.106425
24.500000	0.000000	0.105946
24.510000	0.000000	0.105467
24.520000	0.000000	0.104988
24.530000	0.000000	0.104509
24.540000	0.000000	0.104030
24.550000	0.000000	0.103551
24.560000	0.000000	0.103072
24.570000	0.000000	0.102593
24.580000	0.000000	0.102114
24.590000	0.000000	0.101636
24.600000	0.000000	0.101157
24.610000	0.000000	0.100654
24.620000	0.000000	0.100171
24.630000	0.000000	0.099706
24.640000	0.000000	0.099242
24.650000	0.000000	0.098777
24.660000	0.000000	0.098313
24.670000	0.000000	0.097848
24.680000	0.000000	0.097384
24.690000	0.000000	0.096920
24.700000	0.000000	0.096455
24.710000	0.000000	0.095991
24.720000	0.000000	0.095527
24.730000	0.000000	0.095063
24.740000	0.000000	0.094599
24.750000	0.000000	0.094136
24.760000	0.000000	0.093672
24.770000	0.000000	0.093209
24.780000	0.000000	0.092716
24.790000	0.000000	0.092251
24.800000	0.000000	0.091788
24.810000	0.000000	0.091325
24.820000	0.000000	0.090862
24.830000	0.000000	0.090399
24.840000	0.000000	0.089936
24.850000	0.000000	0.089476
24.860000	0.000000	0.089019
24.870000	0.000000	0.088563
24.880000	0.000000	0.088106
24.890000	0.000000	0.087650
24.900000	0.000000	0.087194
24.910000	0.000000	0.086738
24.920000	0.000000	0.086282
24.930000	0.000000	0.085831
24.940000	0.000000	0.085448
24.950000	0.000000	0.085094
24.960000	0.000000	0.084759
24.970000	0.000000	0.084425
24.980000	0.000000	0.084091
24.990000	0.000000	0.083758
25.000000	0.000000	0.083425
25.010000	0.000000	0.083092
25.020000	0.000000	0.082759
25.030000	0.000000	0.082426
25.040000	0.000000	0.082093
25.050000	0.000000	0.081760
25.060000	0.000000	0.081427
25.070000	0.000000	0.081094
25.080000	0.000000	0.080761
25.090000	0.000000	0.080428
25.100000	0.000000	0.080095
25.110000	0.000000	0.079753
25.120000	0.000000	0.079406
25.130000	0.000000	0.079075
25.140000	0.000000	0.078746
25.150000	0.000000	0.078417
25.160000	0.000000	0.078089
25.170000	0.000000	0.077760
25.180000	0.000000	0.077432
25.190000	0.000000	0.077104
25.200000	0.000000	0.076776
25.210000	0.000000	0.076448
25.220000	0.000000	0.076120
25.230000	0.000000	0.075792
25.240000	0.000000	0.075463
25.250000	0.000000	0.075135
25.260000	0.000000	0.074807
25.270000	0.000000	0.074479
25.280000	0.000000	0.074138
25.290000	0.000000	0.073801
25.300000	0.000000	0.073473
25.310000	0.000000	0.073145
25.320000	0.000000	0.072821
25.330000	0.000000	0.072498
25.340000	0.000000	0.072175
25.350000	0.000000	0.071854
25.360000	0.000000	0.071533
25.370000	0.000000	0.071213
25.380000	0.000000	0.070893
25.390000	0.000000	0.070572
25.400000	0.000000	0.070252
25.410000	0.000000	0.069932
25.420000	0.000000	0.069611
25.430000	0.000000	0.069291
25.440000	0.000000	0.068971
25.450000	0.000000	0.068633
25.460000	0.000000	0.068308
25.470000	0.000000	0.067992
25.480000	0.000000	0.067681
25.490000	0.000000	0.067370
25.500000	0.000000	0.067060
25.510000	0.000000	0.066749
25.520000	0.000000	0.066438
25.530000	0.000000	0.066128
25.540000	0.000000	0.065817
25.550000	0.000000	0.065506
25.560000	0.000000	0.065196
25.570000	0.000000	0.064885
25.580000	0.000000	0.064575
25.590000	0.000000	0.064264
25.600000	0.000000	0.063953
25.610000	0.000000	0.063643
25.620000	0.000000	0.063312
25.630000	0.000000	0.063002
25.640000	0.000000	0.062691
25.650000	0.000000	0.062381
25.660000	0.000000	0.062071
25.670000	0.000000	0.061761
25.680000	0.000000	0.061451
25.690000	0.000000	0.061141
25.700000	0.000000	0.060832
25.710000	0.000000	0.060522
25.720000	0.000000	0.060212
25.730000	0.000000	0.059903
25.740000	0.000000	0.059595
25.750000	0.000000	0.059290
25.760000	0.000000	0.058985
25.770000	0.000000	0.058680
25.780000	0.000000	0.058370
25.790000	0.000000	0.058049
25.800000	0.000000	0.057744
25.810000	0.000000	0.057455
25.820000	0.000000	0.057218
25.830000	0.000000	0.056994
25.840000	0.000000	0.056770
25.850000	0.000000	0.056546
25.860000	0.000000	0.056323
25.870000	0.000000	0.056100
25.880000	0.000000	0.055877
25.890000	0.000000	0.055654
25.900000	0.000000	0.055432
25.910000	0.000000	0.055209
25.920000	0.000000	0.054986
25.930000	0.000000	0.054763
25.940000	0.000000	0.054540
25.950000	0.000000	0.054311
25.960000	0.000000	0.054080
25.970000	0.000000	0.053857
25.980000	0.000000	0.053634
25.990000	0.000000	0.053411
26.000000	0.000000	0.053189
26.010000	0.000000	0.052966
26.020000	0.000000	0.052743
26.030000	0.000000	0.052520
26.040000	0.000000	0.052298
26.050000	0.000000	0.052076
26.060000	0.000000	0.051855
26.070000	0.000000	0.051636
26.080000	0.000000	0.051416
26.090000	0.000000	0.051197
26.100000	0.000000	0.050977
26.110000	0.000000	0.050758
26.120000	0.000000	0.050529
26.130000	0.000000	0.050304
26.140000	0.000000	0.050084
26.150000	0.000000	0.049865
26.160000	0.000000	0.049645
26.170000	0.000000	0.049427
26.180000	0.000000	0.049210
26.190000	0.000000	0.048994
26.200000	0.000000	0.048778
26.210000	0.000000	0.048563
26.220000	0.000000	0.048348
26.230000	0.000000	0.048134
26.240000	0.000000	0.047920
26.250000	0.000000	0.047705
26.260000	0.000000	0.047491
26.270000	0.000000	0.047277
26.280000	0.000000	0.047062
26.290000	0.000000	0.046836
26.300000	0.000000	0.046619
26.310000	0.000000	0.046405
26.320000	0.000000	0.046192
26.330000	0.000000	0.045984
26.340000	0.000000	0.045776
26.350000	0.000000	0.045568
26.360000	0.000000	0.045360
26.370000	0.000000	0.045152
26.380000	0.000000	0.044944
26.390000	0.000000	0.044736
26.400000	0.000000	0.044529
26.410000	0.000000	0.044321
26.420000	0.000000	0.044113
26.430000	0.000000	0.043905
26.440000	0.000000	0.043697
26.450000	0.000000	0.043489
26.460000	0.000000	0.043268
26.470000	0.000000	0.043060
26.480000	0.000000	0.042852
26.490000	0.000000	0.042644
26.500000	0.000000	0.042437
26.510000	0.000000	0.042229
26.520000	0.000000	0.042022
26.530000	0.000000	0.041814
26.540000	0.000000	0.041606
26.550000	0.000000	0.041399
26.560000	0.000000	0.041191
26.570000	0.000000	0.040984
26.580000	0.000000	0.040777
26.590000	0.000000	0.040569
26.600000	0.000000	0.040362
26.610000	0.000000	0.040155
26.620000	0.000000	0.039944
26.630000	0.000000	0.039728
26.640000	0.000000	0.039523
26.650000	0.000000	0.039319
26.660000	0.000000	0.039115
26.670000	0.000000	0.038911
26.680000	0.000000	0.038707
26.690000	0.000000	0.038523
26.700000	0.000000	0.038363
26.710000	0.000000	0.038213
26.720000	0.000000	0.038064
26.730000	0.000000	0.037914
26.740000	0.000000	0.037765
26.750000	0.000000	0.037616
26.760000	0.000000	0.037466
26.770000	0.000000	0.037317
26.780000	0.000000	0.037168
26.790000	0.000000	0.037014
26.800000	0.000000	0.036860
26.810000	0.000000	0.036711
26.820000	0.000000	0.036562
26.830000	0.000000	0.036413
26.840000	0.000000	0.036264
26.850000	0.000000	0.036115
26.860000	0.000000	0.035966
26.870000	0.000000	0.035817
26.880000	0.000000	0.035668
26.890000	0.000000	0.035519
26.900000	0.000000	0.035370
26.910000	0.000000	0.035221
26.920000	0.000000	0.035072
26.930000	0.000000	0.034923
26.940000	0.000000	0.034775
26.950000	0.000000	0.034626
26.960000	0.000000	0.034470
26.970000	0.000000	0.034318
26.980000	0.000000	0.034170
26.990000	0.000000	0.034023
27.000000	0.000000	0.033876
27.010000	0.000000	0.033729
27.020000	0.000000	0.033582
27.030000	0.000000	0.033436
27.040000	0.000000	0.033291
27.050000	0.000000	0.033147
27.060000	0.000000	0.033002
27.070000	0.000000	0.032858
27.080000	0.000000	0.032714
27.090000	0.000000	0.032570
27.100000	0.000000	0.032427
27.110000	0.000000	0.032283
27.120000	0.000000	0.032140
27.130000	0.000000	0.031988
27.140000	0.000000	0.031844
27.150000	0.000000	0.031700
27.160000	0.000000	0.031557
27.170000	0.000000	0.031414
27.180000	0.000000	0.031273
27.190000	0.000000	0.031133
27.200000	0.000000	0.030994
27.210000	0.000000	0.030855
27.220000	0.000000	0.030716
27.230000	0.000000	0.030577
27.240000	0.000000	0.030438
27.250000	0.000000	0.030299
27.260000	0.000000	0.030160
27.270000	0.000000	0.030021
27.280000	0.000000	0.029882
27.290000	0.000000	0.029742
27.300000	0.000000	0.029594
27.310000	0.000000	0.029455
27.320000	0.000000	0.029316
27.330000	0.000000	0.029177
27.340000	0.000000	0.029038
27.350000	0.000000	0.028899
27.360000	0.000000	0.028760
27.370000	0.000000	0.028621
27.380000	0.000000	0.028482
27.390000	0.000000	0.028344
27.400000	0.000000	0.028205
27.410000	0.000000	0.028066
27.420000	0.000000	0.027927
27.430000	0.000000	0.027788
27.440000	0.000000	0.027649
27.450000	0.000000	0.027510
27.460000	0.000000	0.027369
27.470000	0.000000	0.027224
27.480000	0.000000	0.027085
27.490000	0.000000	0.026946
27.500000	0.000000	0.026807
27.510000	0.000000	0.026669
27.520000	0.000000	0.026531
27.530000	0.000000	0.026393
27.540000	0.000000	0.026257
27.550000	0.000000	0.026120
27.560000	0.000000	0.025986
27.570000	0.000000	0.025864
27.580000	0.000000	0.025761
27.590000	0.000000	0.025661
27.600000	0.000000	0.025560
27.610000	0.000000	0.025461
27.620000	0.000000	0.025361
27.630000	0.000000	0.025257
27.640000	0.000000	0.025154
27.650000	0.000000	0.025054
27.660000	0.000000	0.024954
27.670000	0.000000	0.024855
27.680000	0.000000	0.024755
27.690000	0.000000	0.024655
27.700000	0.000000	0.024555
27.710000	0.000000	0.024456
27.720000	0.000000	0.024356
27.730000	0.000000	0.024256
27.740000	0.000000	0.024157
27.750000	0.000000	0.024057
27.760000	0.000000	0.023957
27.770000	0.000000	0.023857
27.780000	0.000000	0.023758
27.790000	0.000000	0.023658
27.800000	0.000000	0.023554
27.810000	0.000000	0.023452
27.820000	0.000000	0.023353
27.830000	0.000000	0.023253
27.840000	0.000000	0.023154
27.850000	0.000000	0.023054
27.860000	0.000000	0.022954
27.870000	0.000000	0.022855
27.880000	0.000000	0.022755
27.890000	0.000000	0.022656
27.900000	0.000000	0.022558
27.910000	0.000000	0.022460
27.920000	0.000000	0.022363
27.930000	0.000000	0.022267
27.940000	0.000000	0.022170
27.950000	0.000000	0.022073
27.960000	0.000000	0.021977
27.970000	0.000000	0.021875
27.980000	0.000000	0.021779
27.990000	0.000000	0.021683
28.000000	0.000000	0.021587
28.010000	0.000000	0.021491
28.020000	0.000000	0.021395
28.030000	0.000000	0.021299
28.040000	0.000000	0.021205
28.050000	0.000000	0.021112
28.060000	0.000000	0.021019
28.070000	0.000000	0.020926
28.080000	0.000000	0.020833
28.090000	0.000000	0.020740
28.100000	0.000000	0.020647
28.110000	0.000000	0.020554
28.120000	0.000000	0.020460
28.130000	0.000000	0.020366
28.140000	0.000000	0.020268
28.150000	0.000000	0.020175
28.160000	0.000000	0.020082
28.170000	0.000000	0.019989
28.180000	0.000000	0.019896
28.190000	0.000000	0.019803
28.200000	0.000000	0.019710
28.210000	0.000000	0.019617
28.220000	0.000000	0.019524
28.230000	0.000000	0.019431
28.240000	0.000000	0.019338
28.250000	0.000000	0.019245
28.260000	0.000000	0.019152
28.270000	0.000000	0.019059
28.280000	0.000000	0.018966
28.290000	0.000000	0.018873
28.300000	0.000000	0.018778
28.310000	0.000000	0.018681
28.320000	0.000000	0.018588
28.330000	0.000000	0.018495
28.340000	0.000000	0.018402
28.350000	0.000000	0.018309
28.360000	0.000000	0.018216
28.370000	0.000000	0.018124
28.380000	0.000000	0.018031
28.390000	0.000000	0.017938
28.400000	0.000000	0.017845
28.410000	0.000000	0.017752
28.420000	0.000000	0.017660
28.430000	0.000000	0.017568
28.440000	0.000000	0.017477
28.450000	0.000000	0.017388
28.460000	0.000000	0.017315
28.470000	0.000000	0.017245
28.480000	0.000000	0.017176
28.490000	0.000000	0.017109
28.500000	0.000000	0.017042
28.510000	0.000000	0.016976
28.520000	0.000000	0.016909
28.530000	0.000000	0.016842
28.540000	0.000000	0.016775
28.550000	0.000000	0.016708
28.560000	0.000000	0.016641
28.570000	0.000000	0.016575
28.580000	0.000000	0.016508
28.590000	0.000000	0.016441
28.600000	0.000000	0.016374
28.610000	0.000000	0.016308
28.620000	0.000000	0.016241
28.630000	0.000000	0.016174
28.640000	0.000000	0.016104
28.650000	0.000000	0.016036
28.660000	0.000000	0.015970
28.670000	0.000000	0.015903
28.680000	0.000000	0.015836
28.690000	0.000000	0.015770
28.700000	0.000000	0.015703
28.710000	0.000000	0.015637
28.720000	0.000000	0.015570
28.730000	0.000000	0.015503
28.740000	0.000000	0.015437
28.750000	0.000000	0.015370
28.760000	0.000000	0.015304
28.770000	0.000000	0.015238
28.780000	0.000000	0.015173
28.790000	0.000000	0.015107
28.800000	0.000000	0.015041
28.810000	0.000000	0.014971
28.820000	0.000000	0.014906
28.830000	0.000000	0.014840
28.840000	0.000000	0.014775
28.850000	0.000000	0.014711
28.860000	0.000000	0.014647
28.870000	0.000000	0.014583
28.880000	0.000000	0.014518
28.890000	0.000000	0.014454
28.900000	0.000000	0.014391
28.910000	0.000000	0.014329
28.920000	0.000000	0.014266
28.930000	0.000000	0.014204
28.940000	0.000000	0.014142
28.950000	0.000000	0.014080
28.960000	0.000000	0.014017
28.970000	0.000000	0.013954
28.980000	0.000000	0.013889
28.990000	0.000000	0.013826
29.000000	0.000000	0.013764
29.010000	0.000000	0.013702
29.020000	0.000000	0.013640
29.030000	0.000000	0.013577
29.040000	0.000000	0.013515
29.050000	0.000000	0.013453
29.060000	0.000000	0.013391
29.070000	0.000000	0.013328
29.080000	0.000000	0.013266
29.090000	0.000000	0.013204
29.100000	0.000000	0.013142
29.110000	0.000000	0.013079
29.120000	0.000000	0.013017
29.130000	0.000000	0.012955
29.140000	0.000000	0.012891
29.150000	0.000000	0.012826
29.160000	0.000000	0.012764
29.170000	0.000000	0.012702
29.180000	0.000000	0.012640
29.190000	0.000000	0.012577
29.200000	0.000000	0.012515
29.210000	0.000000	0.012453
29.220000	0.000000	0.012391
29.230000	0.000000	0.012329
29.240000	0.000000	0.012267
29.250000	0.000000	0.012204
29.260000	0.000000	0.012142
29.270000	0.000000	0.012080
29.280000	0.000000	0.012018
29.290000	0.000000	0.011956
29.300000	0.000000	0.011894
29.310000	0.000000	0.011829
29.320000	0.000000	0.011766
29.330000	0.000000	0.011705
29.340000	0.000000	0.011648
29.350000	0.000000	0.011601
29.360000	0.000000	0.011556
29.370000	0.000000	0.011511
29.380000	0.000000	0.011466
29.390000	0.000000	0.011421
29.400000	0.000000	0.011377
29.410000	0.000000	0.011332
29.420000	0.000000	0.011287
29.430000	0.000000	0.011242
29.440000	0.000000	0.011198
29.450000	0.000000	0.011153
29.460000	0.000000	0.011108
29.470000	0.000000	0.011063
29.480000	0.000000	0.011016
29.490000	0.000000	0.010971
29.500000	0.000000	0.010926
29.510000	0.000000	0.010882
29.520000	0.000000	0.010837
29.530000	0.000000	0.010793
29.540000	0.000000	0.010748
29.550000	0.000000	0.010703
29.560000	0.000000	0.010659
29.570000	0.000000	0.010614
29.580000	0.000000	0.010570
29.590000	0.000000	0.010525
29.600000	0.000000	0.010480
29.610000	0.000000	0.010436
29.620000	0.000000	0.010391
29.630000	0.000000	0.010347
29.640000	0.000000	0.010303
29.650000	0.000000	0.010256
29.660000	0.000000	0.010212
29.670000	0.000000	0.010169
29.680000	0.000000	0.010125
29.690000	0.000000	0.010081
29.700000	0.000000	0.010037
29.710000	0.000000	0.009993
29.720000	0.000000	0.009950
29.730000	0.000000	0.009906
29.740000	0.000000	0.009862
29.750000	0.000000	0.009819
29.760000	0.000000	0.009776
29.770000	0.000000	0.009733
29.780000	0.000000	0.009691
29.790000	0.000000	0.009649
29.800000	0.000000	0.009608
29.810000	0.000000	0.009565
29.820000	0.000000	0.009521
29.830000	0.000000	0.009480
29.840000	0.000000	0.009438
29.850000	0.000000	0.009396
29.860000	0.000000	0.009355
29.870000	0.000000	0.009313
29.880000	0.000000	0.009271
29.890000	0.000000	0.009230
29.900000	0.000000	0.009188
29.910000	0.000000	0.009146
29.920000	0.000000	0.009105
29.930000	0.000000	0.009063
29.940000	0.000000	0.009021
29.950000	0.000000	0.008980
29.960000	0.000000	0.008938
29.970000	0.000000	0.008896
29.980000	0.000000	0.008853
29.990000	0.000000	0.008810
30.000000	0.000000	0.008769
30.010000	0.000000	0.008727
30.020000	0.000000	0.008685
30.030000	0.000000	0.008644
30.040000	0.000000	0.008602
30.050000	0.000000	0.008560
30.060000	0.000000	0.008519
30.070000	0.000000	0.008477
30.080000	0.000000	0.008436
30.090000	0.000000	0.008394
