0.100000	0.000000	1959817.834520
0.110000	0.000000	2297018.429299
0.120000	0.000000	1044046.691766
0.130000	0.000000	1415570.803952
0.140000	0.000000	574490.980858
0.150000	0.000000	227055.903783
0.160000	0.000000	193001.811948
0.170000	0.000000	172266.090699
0.180000	0.000000	193268.472783
0.190000	0.000000	190489.182567
0.200000	0.000000	163607.630267
0.210000	0.000000	170047.457447
0.220000	0.000000	149007.205389
0.230000	0.000000	174703.279833
0.240000	0.000000	189940.329225
0.250000	0.000000	149174.437942
0.260000	0.000000	207940.802064
0.270000	0.000000	102023.477665
0.280000	0.000000	163739.926683
0.290000	0.000000	104640.695004
0.300000	0.000000	112910.448830
0.310000	0.000000	84895.522512
0.320000	0.000000	78117.556708
0.330000	0.000000	86655.739817
0.340000	0.000000	77346.415857
0.350000	0.000000	65938.582795
0.360000	0.000000	91894.256311
0.370000	0.000000	102497.359535
0.380000	0.000000	58100.530918
0.390000	0.000000	64021.340288
0.400000	0.000000	53252.203367
0.410000	0.000000	47782.821196
0.420000	0.000000	51275.894024
0.430000	0.000000	50784.787966
0.440000	0.000000	41224.297320
0.450000	0.000000	43100.585066
0.460000	0.000000	37471.761703
0.470000	0.000000	37337.846960
0.480000	0.000000	34287.483711
0.490000	0.000000	57372.206449
0.500000	0.000000	46162.754480
0.510000	0.000000	29159.273169
0.520000	0.000000	30975.251311
0.530000	0.000000	31179.523667
0.540000	0.000000	26933.064840
0.550000	0.000000	28191.896210
0.560000	0.000000	35973.004180
0.570000	0.000000	39212.707541
0.580000	0.000000	27139.307444
0.590000	0.000000	27035.676626
0.600000	0.000000	21868.218245
0.610000	0.000000	23324.268929
0.620000	0.000000	28125.843571
0.630000	0.000000	23616.907853
0.640000	0.000000	21178.330798
0.650000	0.000000	251695.270534
0.660000	0.000000	146829.466986
0.670000	0.000000	30299.107504
0.680000	0.000000	23141.601007
0.690000	0.000000	72216.130524
0.700000	0.000000	91976.699279
0.710000	0.000000	230434.867340
0.720000	0.000000	489610.196575
0.730000	0.000000	79659.610341
0.740000	0.000000	256662.373898
0.750000	0.000000	45277.255794
0.760000	0.000000	193776.658634
0.770000	0.000000	405051.308210
0.780000	0.000000	154266.168013
0.790000	0.000000	141557.151420
0.800000	0.000000	212520.790104
0.810000	0.000000	175037.594391
0.820000	0.000000	437176.250207
0.830000	0.000000	271336.416010
0.840000	0.000000	167905.851920
0.850000	0.000000	233675.855803
0.860000	0.000000	344148.737007
0.870000	0.000000	336430.429611
0.880000	0.000000	127401.787117
0.890000	0.000000	149517.349995
0.900000	0.000000	205699.715986
0.910000	0.000000	298621.731767
0.920000	0.000000	166948.481127
0.930000	0.000000	70825.929127
0.940000	0.000000	76380.909304
0.950000	0.000000	107752.030540
0.960000	0.000000	144871.913570
0.970000	0.000000	61030.451474
0.980000	0.000000	43894.797488
0.990000	0.000000	69145.969149
1.000000	0.000000	98970.178650
1.010000	0.000000	153188.333414
1.020000	0.000000	106105.247346
1.030000	0.000000	20762.455618
1.040000	0.000000	24421.224408
1.050000	0.000000	26612.171762
1.060000	0.000000	24005.092082
1.070000	0.000000	54743.125250
1.080000	0.000000	46965.707549
1.090000	0.000000	48768.739792
1.100000	0.000000	34997.652532
1.110000	0.000000	29068.940426
1.120000	0.000000	26569.562364
1.130000	0.000000	14425.812855
1.140000	0.000000	36443.565856
1.150000	0.000000	25350.984280
1.160000	0.000000	35796.890657
1.170000	0.000000	36396.104767
1.180000	0.000000	24698.681148
1.190000	0.000000	16559.483450
1.200000	0.000000	16613.891538
1.210000	0.000000	18516.228097
1.220000	0.000000	13340.960687
1.230000	0.000000	10445.113167
1.240000	0.000000	10926.777014
1.250000	0.000000	13381.195594
1.260000	0.000000	8481.517855
1.270000	0.000000	20256.131956
1.280000	0.000000	6833.122142
1.290000	0.000000	6310.514467
1.300000	0.000000	8222.981025
1.310000	0.000000	9253.250135
1.320000	0.000000	6883.366410
1.330000	0.000000	6884.612071
1.340000	0.000000	8098.017207
1.350000	0.000000	6764.144259
1.360000	0.000000	5827.217665
1.370000	0.000000	5700.151552
1.380000	0.000000	4187.212742
1.390000	0.000000	4185.029908
1.400000	0.000000	4618.824359
1.410000	0.000000	3677.075750
1.420000	0.000000	3937.381472
1.430000	0.000000	3829.230927
1.440000	0.000000	4396.980887
1.450000	0.000000	3107.776570
1.460000	0.000000	3141.103892
1.470000	0.000000	2865.481817
1.480000	0.000000	2972.653172
1.490000	0.000000	2833.173561
1.500000	0.000000	2643.446336
1.510000	0.000000	2579.423902
1.520000	0.000000	2596.483409
1.530000	0.000000	2537.198307
1.540000	0.000000	2404.008517
1.550000	0.000000	2315.626129
1.560000	0.000000	2267.736612
1.570000	0.000000	2271.270607
1.580000	0.000000	2186.497884
1.590000	0.000000	2133.665885
1.600000	0.000000	2175.209083
1.610000	0.000000	2127.590339
1.620000	0.000000	2009.313135
1.630000	0.000000	1955.391539
1.640000	0.000000	1915.836840
1.650000	0.000000	1932.159218
1.660000	0.000000	1864.943683
1.670000	0.000000	1805.290648
1.680000	0.000000	1769.970536
1.690000	0.000000	1733.096471
1.700000	0.000000	1697.712378
1.710000	0.000000	1664.553979
1.720000	0.000000	1628.677225
1.730000	0.000000	1597.061267
1.740000	0.000000	1566.140839
1.750000	0.000000	1540.935862
1.760000	0.000000	1501.939002
1.770000	0.000000	1471.354362
1.780000	0.000000	1439.916715
1.790000	0.000000	1412.007338
1.800000	0.000000	1388.038341
1.810000	0.000000	1358.273274
1.820000	0.000000	1331.524608
1.830000	0.000000	1305.852016
1.840000	0.000000	1280.315956
1.850000	0.000000	1254.919416
1.860000	0.000000	1229.651217
1.870000	0.000000	1205.682752
1.880000	0.000000	1183.345824
1.890000	0.000000	1161.376877
1.900000	0.000000	1139.688391
1.910000	0.000000	1117.984915
1.920000	0.000000	1096.398552
1.930000	0.000000	1075.138943
1.940000	0.000000	1054.544838
1.950000	0.000000	1033.552936
1.960000	0.000000	1013.490783
1.970000	0.000000	993.473591
1.980000	0.000000	973.622615
1.990000	0.000000	954.126407
2.000000	0.000000	935.188558
2.010000	0.000000	916.745732
2.020000	0.000000	898.685253
2.030000	0.000000	881.325725
2.040000	0.000000	864.527618
2.050000	0.000000	847.983031
2.060000	0.000000	832.396564
2.070000	0.000000	818.045374
2.080000	0.000000	803.316763
2.090000	0.000000	788.837575
2.100000	0.000000	774.560833
2.110000	0.000000	760.740404
2.120000	0.000000	843.623157
2.130000	0.000000	783.133932
2.140000	0.000000	764.572987
2.150000	0.000000	827.976752
2.160000	0.000000	733.069209
2.170000	0.000000	678.152761
2.180000	0.000000	664.974221
2.190000	0.000000	651.882984
2.200000	0.000000	638.859753
2.210000	0.000000	625.999788
2.220000	0.000000	613.407728
2.230000	0.000000	601.107856
2.240000	0.000000	589.381230
2.250000	0.000000	578.676956
2.260000	0.000000	569.080488
2.270000	0.000000	561.084709
2.280000	0.000000	550.293519
2.290000	0.000000	541.161026
2.300000	0.000000	545.306301
2.310000	0.000000	523.339853
2.320000	0.000000	511.068809
2.330000	0.000000	502.098480
2.340000	0.000000	493.257055
2.350000	0.000000	484.436287
2.360000	0.000000	475.637183
2.370000	0.000000	466.855376
2.380000	0.000000	458.078613
2.390000	0.000000	449.327842
2.400000	0.000000	440.633020
2.410000	0.000000	431.975367
2.420000	0.000000	423.342115
2.430000	0.000000	414.792587
2.440000	0.000000	406.483542
2.450000	0.000000	398.312885
2.460000	0.000000	395.394244
2.470000	0.000000	385.758906
2.480000	0.000000	378.561560
2.490000	0.000000	372.080570
2.500000	0.000000	365.705152
2.510000	0.000000	369.621343
2.520000	0.000000	360.329669
2.530000	0.000000	347.019056
2.540000	0.000000	341.102025
2.550000	0.000000	335.211020
2.560000	0.000000	329.371112
2.570000	0.000000	323.975530
2.580000	0.000000	319.182017
2.590000	0.000000	312.213173
2.600000	0.000000	306.088730
2.610000	0.000000	300.144926
2.620000	0.000000	294.065910
2.630000	0.000000	289.105518
2.640000	0.000000	287.260654
2.650000	0.000000	278.200741
2.660000	0.000000	272.104297
2.670000	0.000000	267.202219
2.680000	0.000000	262.410428
2.690000	0.000000	258.169361
2.700000	0.000000	254.982181
2.710000	0.000000	250.741372
2.720000	0.000000	245.696554
2.730000	0.000000	242.754450
2.740000	0.000000	247.939566
2.750000	0.000000	268.217865
2.760000	0.000000	246.134083
2.770000	0.000000	253.377464
2.780000	0.000000	300.802986
2.790000	0.000000	219.760282
2.800000	0.000000	213.418084
2.810000	0.000000	209.497494
2.820000	0.000000	205.671831
2.830000	0.000000	201.823409
2.840000	0.000000	197.988739
2.850000	0.000000	194.183368
2.860000	0.000000	190.559934
2.870000	0.000000	187.304898
2.880000	0.000000	183.997154
2.890000	0.000000	180.468363
2.900000	0.000000	177.212104
2.910000	0.000000	174.046260
2.920000	0.000000	171.201523
2.930000	0.000000	168.474867
2.940000	0.000000	165.698036
2.950000	0.000000	163.132923
2.960000	0.000000	160.818154
2.970000	0.000000	157.426517
2.980000	0.000000	154.800977
2.990000	0.000000	152.165439
3.000000	0.000000	149.633863
3.010000	0.000000	146.977384
3.020000	0.000000	144.321004
3.030000	0.000000	143.139339
3.040000	0.000000	141.384745
3.050000	0.000000	137.645310
3.060000	0.000000	134.110620
3.070000	0.000000	133.045290
3.080000	0.000000	135.024825
3.090000	0.000000	181.297447
3.100000	0.000000	453.609019
3.110000	0.000000	192.046699
3.120000	0.000000	307.659258
3.130000	0.000000	613.060700
3.140000	0.000000	174.427498
3.150000	0.000000	113.899852
3.160000	0.000000	111.907510
3.170000	0.000000	110.200984
3.180000	0.000000	108.597840
3.190000	0.000000	106.791983
3.200000	0.000000	106.662962
3.210000	0.000000	105.258606
3.220000	0.000000	101.727790
3.230000	0.000000	99.780397
3.240000	0.000000	98.034691
3.250000	0.000000	96.375228
3.260000	0.000000	95.389054
3.270000	0.000000	97.487848
3.280000	0.000000	91.997247
3.290000	0.000000	89.894980
3.300000	0.000000	88.317938
3.310000	0.000000	87.688735
3.320000	0.000000	86.842063
3.330000	0.000000	83.972324
3.340000	0.000000	81.971902
3.350000	0.000000	81.303307
3.360000	0.000000	79.809508
3.370000	0.000000	77.801955
3.380000	0.000000	76.326446
3.390000	0.000000	75.109869
3.400000	0.000000	73.934610
3.410000	0.000000	72.831096
3.420000	0.000000	71.708923
3.430000	0.000000	71.194454
3.440000	0.000000	70.807867
3.450000	0.000000	68.426095
3.460000	0.000000	67.210869
3.470000	0.000000	74.258301
3.480000	0.000000	66.952924
3.490000	0.000000	66.796969
3.500000	0.000000	70.583411
3.510000	0.000000	64.922697
3.520000	0.000000	60.484065
3.530000	0.000000	59.238474
3.540000	0.000000	58.236465
3.550000	0.000000	57.362882
3.560000	0.000000	56.432269
3.570000	0.000000	55.481106
3.580000	0.000000	55.185560
3.590000	0.000000	54.500739
3.600000	0.000000	55.829219
3.610000	0.000000	76.044429
3.620000	0.000000	56.561287
3.630000	0.000000	50.028606
3.640000	0.000000	49.288833
3.650000	0.000000	48.231086
3.660000	0.000000	47.430503
3.670000	0.000000	47.783068
3.680000	0.000000	63.460922
3.690000	0.000000	55.701813
3.700000	0.000000	44.384031
3.710000	0.000000	43.601542
3.720000	0.000000	42.872366
3.730000	0.000000	42.211318
3.740000	0.000000	41.588883
3.750000	0.000000	40.922162
3.760000	0.000000	40.167344
3.770000	0.000000	40.237141
3.780000	0.000000	47.349184
3.790000	0.000000	43.005755
3.800000	0.000000	38.947499
3.810000	0.000000	37.812905
3.820000	0.000000	36.317209
3.830000	0.000000	35.917290
3.840000	0.000000	39.358777
3.850000	0.000000	73.168788
3.860000	0.000000	92.442593
3.870000	0.000000	74.978369
3.880000	0.000000	58.311481
3.890000	0.000000	77.488532
3.900000	0.000000	81.847291
3.910000	0.000000	31.081099
3.920000	0.000000	30.592332
3.930000	0.000000	30.177673
3.940000	0.000000	29.542336
3.950000	0.000000	29.102632
3.960000	0.000000	31.746710
3.970000	0.000000	28.305090
3.980000	0.000000	27.686215
3.990000	0.000000	27.238830
4.000000	0.000000	27.940491
4.010000	0.000000	26.820366
4.020000	0.000000	25.943454
4.030000	0.000000	25.991573
4.040000	0.000000	25.786223
4.050000	0.000000	25.234937
4.060000	0.000000	24.717669
4.070000	0.000000	24.098436
4.080000	0.000000	23.547804
4.090000	0.000000	22.943740
4.100000	0.000000	22.602734
4.110000	0.000000	22.261916
4.120000	0.000000	22.348662
4.130000	0.000000	21.582860
4.140000	0.000000	21.275228
4.150000	0.000000	20.900624
4.160000	0.000000	20.549763
4.170000	0.000000	20.213688
4.180000	0.000000	19.898764
4.190000	0.000000	19.594570
4.200000	0.000000	19.291530
4.210000	0.000000	18.989163
4.220000	0.000000	18.687610
4.230000	0.000000	18.477320
4.240000	0.000000	18.284727
4.250000	0.000000	17.847814
4.260000	0.000000	17.501943
4.270000	0.000000	17.226216
4.280000	0.000000	16.907393
4.290000	0.000000	16.604810
4.300000	0.000000	16.310010
4.310000	0.000000	16.038585
4.320000	0.000000	15.758916
4.330000	0.000000	15.673619
4.340000	0.000000	15.313429
4.350000	0.000000	14.993651
4.360000	0.000000	14.751871
4.370000	0.000000	14.506762
4.380000	0.000000	14.263638
4.390000	0.000000	14.034252
4.400000	0.000000	13.807140
4.410000	0.000000	13.590662
4.420000	0.000000	13.397154
4.430000	0.000000	13.223988
4.440000	0.000000	12.982039
4.450000	0.000000	12.783778
4.460000	0.000000	12.678243
4.470000	0.000000	12.462555
4.480000	0.000000	12.706408
4.490000	0.000000	12.105786
4.500000	0.000000	16.630363
4.510000	0.000000	14.229384
4.520000	0.000000	11.829461
4.530000	0.000000	11.289748
4.540000	0.000000	11.069607
4.550000	0.000000	10.810096
4.560000	0.000000	10.631600
4.570000	0.000000	11.544108
4.580000	0.000000	12.627087
4.590000	0.000000	10.101354
4.600000	0.000000	9.937442
4.610000	0.000000	9.779966
4.620000	0.000000	9.635754
4.630000	0.000000	9.458553
4.640000	0.000000	9.308037
4.650000	0.000000	9.194300
4.660000	0.000000	9.033741
4.670000	0.000000	8.893001
4.680000	0.000000	8.848423
4.690000	0.000000	8.810636
4.700000	0.000000	8.912670
4.710000	0.000000	9.437480
4.720000	0.000000	9.659607
4.730000	0.000000	9.136597
4.740000	0.000000	8.494286
4.750000	0.000000	8.077581
4.760000	0.000000	7.905909
4.770000	0.000000	7.559011
4.780000	0.000000	7.434168
4.790000	0.000000	7.311765
4.800000	0.000000	7.185932
4.810000	0.000000	7.134521
4.820000	0.000000	8.589892
4.830000	0.000000	7.372512
4.840000	0.000000	6.778187
4.850000	0.000000	6.738605
4.860000	0.000000	6.569978
4.870000	0.000000	6.390455
4.880000	0.000000	6.290175
4.890000	0.000000	6.198132
4.900000	0.000000	6.107135
4.910000	0.000000	6.016475
4.920000	0.000000	6.005769
4.930000	0.000000	6.099650
4.940000	0.000000	5.745998
4.950000	0.000000	5.656095
4.960000	0.000000	5.566581
4.970000	0.000000	5.472463
4.980000	0.000000	5.519136
4.990000	0.000000	5.315162
5.000000	0.000000	5.207063
5.010000	0.000000	5.120860
5.020000	0.000000	5.093592
5.030000	0.000000	4.986169
5.040000	0.000000	4.900963
5.050000	0.000000	4.831003
5.060000	0.000000	4.730724
5.070000	0.000000	4.646799
5.080000	0.000000	4.569693
5.090000	0.000000	4.479254
5.100000	0.000000	4.408468
5.110000	0.000000	4.334398
5.120000	0.000000	4.268548
5.130000	0.000000	4.213561
5.140000	0.000000	4.152509
5.150000	0.000000	4.096945
5.160000	0.000000	4.036257
5.170000	0.000000	3.971250
5.180000	0.000000	3.910183
5.190000	0.000000	3.850252
5.200000	0.000000	3.789662
5.210000	0.000000	3.727733
5.220000	0.000000	3.666992
5.230000	0.000000	3.607737
5.240000	0.000000	3.548299
5.250000	0.000000	3.490062
5.260000	0.000000	3.433458
5.270000	0.000000	3.377692
5.280000	0.000000	3.321979
5.290000	0.000000	3.267176
5.300000	0.000000	3.211366
5.310000	0.000000	3.156131
5.320000	0.000000	3.102211
5.330000	0.000000	3.049755
5.340000	0.000000	3.000540
5.350000	0.000000	2.952511
5.360000	0.000000	2.907650
5.370000	0.000000	2.863812
5.380000	0.000000	2.820459
5.390000	0.000000	2.778698
5.400000	0.000000	2.738186
5.410000	0.000000	2.698188
5.420000	0.000000	2.658819
5.430000	0.000000	2.619525
5.440000	0.000000	2.580325
5.450000	0.000000	2.543156
5.460000	0.000000	2.511904
5.470000	0.000000	2.466010
5.480000	0.000000	2.419013
5.490000	0.000000	2.429542
5.500000	0.000000	2.372640
5.510000	0.000000	2.312488
5.520000	0.000000	2.269034
5.530000	0.000000	2.255369
5.540000	0.000000	2.216040
5.550000	0.000000	2.160426
5.560000	0.000000	2.122487
5.570000	0.000000	2.109249
5.580000	0.000000	2.083544
5.590000	0.000000	2.014649
5.600000	0.000000	1.990568
5.610000	0.000000	1.987048
5.620000	0.000000	1.951106
5.630000	0.000000	1.970479
5.640000	0.000000	1.904375
5.650000	0.000000	1.856085
5.660000	0.000000	1.822331
5.670000	0.000000	1.809200
5.680000	0.000000	1.766312
5.690000	0.000000	1.729765
5.700000	0.000000	1.701780
5.710000	0.000000	1.675116
5.720000	0.000000	1.648457
5.730000	0.000000	1.622056
5.740000	0.000000	1.596054
5.750000	0.000000	1.574008
5.760000	0.000000	1.555170
5.770000	0.000000	1.525801
5.780000	0.000000	1.498638
5.790000	0.000000	1.472410
5.800000	0.000000	1.449236
5.810000	0.000000	1.421812
5.820000	0.000000	1.397665
5.830000	0.000000	1.373777
5.840000	0.000000	1.351361
5.850000	0.000000	1.331264
5.860000	0.000000	1.313242
5.870000	0.000000	1.293514
5.880000	0.000000	1.276979
5.890000	0.000000	1.257527
5.900000	0.000000	1.236551
5.910000	0.000000	1.219834
5.920000	0.000000	1.201417
5.930000	0.000000	1.182693
5.940000	0.000000	1.165516
5.950000	0.000000	1.150427
5.960000	0.000000	1.130023
5.970000	0.000000	1.109676
5.980000	0.000000	1.095921
5.990000	0.000000	1.079362
6.000000	0.000000	1.058959
6.010000	0.000000	1.041075
6.020000	0.000000	1.027431
6.030000	0.000000	1.011930
6.040000	0.000000	0.992348
6.050000	0.000000	0.974620
6.060000	0.000000	0.960970
6.070000	0.000000	0.945282
6.080000	0.000000	0.926449
6.090000	0.000000	0.910952
6.100000	0.000000	0.898256
6.110000	0.000000	0.887142
6.120000	0.000000	0.874013
6.130000	0.000000	0.860421
6.140000	0.000000	0.845812
6.150000	0.000000	0.832712
6.160000	0.000000	0.819761
6.170000	0.000000	0.808189
6.180000	0.000000	0.795560
6.190000	0.000000	0.783402
6.200000	0.000000	0.771512
6.210000	0.000000	0.759503
6.220000	0.000000	0.747669
6.230000	0.000000	0.735886
6.240000	0.000000	0.724282
6.250000	0.000000	0.713204
6.260000	0.000000	0.702196
6.270000	0.000000	0.691155
6.280000	0.000000	0.680201
6.290000	0.000000	0.668778
6.300000	0.000000	0.657447
6.310000	0.000000	0.646300
6.320000	0.000000	0.636697
6.330000	0.000000	0.627316
6.340000	0.000000	0.615606
6.350000	0.000000	0.605707
6.360000	0.000000	0.596762
6.370000	0.000000	0.588134
6.380000	0.000000	0.579634
6.390000	0.000000	0.571980
6.400000	0.000000	0.569846
6.410000	0.000000	0.717850
6.420000	0.000000	1.072041
6.430000	0.000000	1.139464
6.440000	0.000000	0.634946
6.450000	0.000000	0.838119
6.460000	0.000000	1.241400
6.470000	0.000000	1.094998
6.480000	0.000000	0.621879
6.490000	0.000000	2.236099
6.500000	0.000000	2.184713
6.510000	0.000000	0.944260
6.520000	0.000000	0.608970
6.530000	0.000000	1.004915
6.540000	0.000000	1.018380
6.550000	0.000000	0.680601
6.560000	0.000000	0.493602
6.570000	0.000000	0.686734
6.580000	0.000000	0.817936
6.590000	0.000000	0.557449
6.600000	0.000000	0.500742
6.610000	0.000000	0.559012
6.620000	0.000000	0.515861
6.630000	0.000000	0.420570
6.640000	0.000000	0.430540
6.650000	0.000000	0.462894
6.660000	0.000000	0.411523
6.670000	0.000000	0.404276
6.680000	0.000000	0.377437
6.690000	0.000000	0.369147
6.700000	0.000000	0.375611
6.710000	0.000000	0.360732
6.720000	0.000000	0.343403
6.730000	0.000000	0.336164
6.740000	0.000000	0.331003
6.750000	0.000000	0.325947
6.760000	0.000000	0.320950
6.770000	0.000000	0.315914
6.780000	0.000000	0.310916
6.790000	0.000000	0.305916
6.800000	0.000000	0.300924
6.810000	0.000000	0.295849
6.820000	0.000000	0.290879
6.830000	0.000000	0.286130
6.840000	0.000000	0.281710
6.850000	0.000000	0.277343
6.860000	0.000000	0.273027
6.870000	0.000000	0.268984
6.880000	0.000000	0.265087
6.890000	0.000000	0.261212
6.900000	0.000000	0.258094
6.910000	0.000000	0.254451
6.920000	0.000000	0.249758
6.930000	0.000000	0.246075
6.940000	0.000000	0.242226
6.950000	0.000000	0.238793
6.960000	0.000000	0.234959
6.970000	0.000000	0.231368
6.980000	0.000000	0.227657
6.990000	0.000000	0.224104
7.000000	0.000000	0.220746
7.010000	0.000000	0.217394
7.020000	0.000000	0.214174
7.030000	0.000000	0.210750
7.040000	0.000000	0.207362
7.050000	0.000000	0.204283
7.060000	0.000000	0.201004
7.070000	0.000000	0.197586
7.080000	0.000000	0.194321
7.090000	0.000000	0.191162
7.100000	0.000000	0.188282
7.110000	0.000000	0.185482
7.120000	0.000000	0.182536
7.130000	0.000000	0.179804
7.140000	0.000000	0.177223
7.150000	0.000000	0.174488
7.160000	0.000000	0.171945
7.170000	0.000000	0.169736
7.180000	0.000000	0.167315
7.190000	0.000000	0.173713
7.200000	0.000000	0.165523
7.210000	0.000000	0.159307
7.220000	0.000000	0.156908
7.230000	0.000000	0.154515
7.240000	0.000000	0.152161
7.250000	0.000000	0.150157
7.260000	0.000000	0.150245
7.270000	0.000000	0.150520
7.280000	0.000000	0.143520
7.290000	0.000000	0.141064
7.300000	0.000000	0.138685
7.310000	0.000000	0.136460
7.320000	0.000000	0.134076
7.330000	0.000000	0.131980
7.340000	0.000000	0.131388
7.350000	0.000000	0.131143
7.360000	0.000000	0.127356
7.370000	0.000000	0.124308
7.380000	0.000000	0.122158
7.390000	0.000000	0.120303
7.400000	0.000000	0.118553
7.410000	0.000000	0.117135
7.420000	0.000000	0.116759
7.430000	0.000000	0.116142
7.440000	0.000000	0.113021
7.450000	0.000000	0.110562
7.460000	0.000000	0.108774
7.470000	0.000000	0.106685
7.480000	0.000000	0.105144
7.490000	0.000000	0.106205
7.500000	0.000000	0.103092
7.510000	0.000000	0.104961
7.520000	0.000000	0.101993
7.530000	0.000000	0.099410
7.540000	0.000000	0.098249
7.550000	0.000000	0.096050
7.560000	0.000000	0.093350
7.570000	0.000000	0.091585
7.580000	0.000000	0.090355
7.590000	0.000000	0.088820
7.600000	0.000000	0.087186
7.610000	0.000000	0.085907
7.620000	0.000000	0.085166
7.630000	0.000000	0.084555
7.640000	0.000000	0.081980
7.650000	0.000000	0.080593
7.660000	0.000000	0.079387
7.670000	0.000000	0.078228
7.680000	0.000000	0.077105
7.690000	0.000000	0.075935
7.700000	0.000000	0.074770
7.710000	0.000000	0.073634
7.720000	0.000000	0.073240
7.730000	0.000000	0.072046
7.740000	0.000000	0.070433
7.750000	0.000000	0.069427
7.760000	0.000000	0.068602
7.770000	0.000000	0.068290
7.780000	0.000000	0.068899
7.790000	0.000000	0.069405
7.800000	0.000000	0.066813
7.810000	0.000000	0.063647
7.820000	0.000000	0.062945
7.830000	0.000000	0.061937
7.840000	0.000000	0.060289
7.850000	0.000000	0.059474
7.860000	0.000000	0.058437
7.870000	0.000000	0.057536
7.880000	0.000000	0.056629
7.890000	0.000000	0.055733
7.900000	0.000000	0.054873
7.910000	0.000000	0.054054
7.920000	0.000000	0.053275
7.930000	0.000000	0.052502
7.940000	0.000000	0.051731
7.950000	0.000000	0.050962
7.960000	0.000000	0.050212
7.970000	0.000000	0.049563
7.980000	0.000000	0.048653
7.990000	0.000000	0.047875
8.000000	0.000000	0.047152
8.010000	0.000000	0.046442
8.020000	0.000000	0.045762
8.030000	0.000000	0.045090
8.040000	0.000000	0.044419
8.050000	0.000000	0.043748
8.060000	0.000000	0.043078
8.070000	0.000000	0.042409
8.080000	0.000000	0.041742
8.090000	0.000000	0.041102
8.100000	0.000000	0.040465
8.110000	0.000000	0.039785
8.120000	0.000000	0.039201
8.130000	0.000000	0.038619
8.140000	0.000000	0.038039
8.150000	0.000000	0.037453
8.160000	0.000000	0.037204
8.170000	0.000000	0.036306
8.180000	0.000000	0.035814
8.190000	0.000000	0.035262
8.200000	0.000000	0.034733
8.210000	0.000000	0.034259
8.220000	0.000000	0.033723
8.230000	0.000000	0.033181
8.240000	0.000000	0.032667
8.250000	0.000000	0.032167
8.260000	0.000000	0.031683
8.270000	0.000000	0.031210
8.280000	0.000000	0.030757
8.290000	0.000000	0.030316
8.300000	0.000000	0.029857
8.310000	0.000000	0.029408
8.320000	0.000000	0.028951
8.330000	0.000000	0.028484
8.340000	0.000000	0.028163
8.350000	0.000000	0.027609
8.360000	0.000000	0.027171
8.370000	0.000000	0.026745
8.380000	0.000000	0.026345
8.390000	0.000000	0.025973
8.400000	0.000000	0.025585
8.410000	0.000000	0.025184
8.420000	0.000000	0.024838
8.430000	0.000000	0.024486
8.440000	0.000000	0.024052
8.450000	0.000000	0.023707
8.460000	0.000000	0.023361
8.470000	0.000000	0.023017
8.480000	0.000000	0.022677
8.490000	0.000000	0.022316
8.500000	0.000000	0.021965
8.510000	0.000000	0.021645
8.520000	0.000000	0.021317
8.530000	0.000000	0.020981
8.540000	0.000000	0.020671
8.550000	0.000000	0.020370
8.560000	0.000000	0.020070
8.570000	0.000000	0.019770
8.580000	0.000000	0.019472
8.590000	0.000000	0.019176
8.600000	0.000000	0.018881
8.610000	0.000000	0.018584
8.620000	0.000000	0.018281
8.630000	0.000000	0.018004
8.640000	0.000000	0.017741
8.650000	0.000000	0.017481
8.660000	0.000000	0.017207
8.670000	0.000000	0.016943
8.680000	0.000000	0.016685
8.690000	0.000000	0.016429
8.700000	0.000000	0.016183
8.710000	0.000000	0.015955
8.720000	0.000000	0.015720
8.730000	0.000000	0.015486
8.740000	0.000000	0.015255
8.750000	0.000000	0.015024
8.760000	0.000000	0.014794
8.770000	0.000000	0.014564
8.780000	0.000000	0.014339
8.790000	0.000000	0.014124
8.800000	0.000000	0.013920
8.810000	0.000000	0.013719
8.820000	0.000000	0.013521
8.830000	0.000000	0.013306
8.840000	0.000000	0.013103
8.850000	0.000000	0.012903
8.860000	0.000000	0.012703
8.870000	0.000000	0.012503
8.880000	0.000000	0.012308
8.890000	0.000000	0.012123
8.900000	0.000000	0.011946
8.910000	0.000000	0.011771
8.920000	0.000000	0.011597
8.930000	0.000000	0.011423
8.940000	0.000000	0.011250
8.950000	0.000000	0.011076
8.960000	0.000000	0.010906
8.970000	0.000000	0.010747
8.980000	0.000000	0.010593
8.990000	0.000000	0.010437
9.000000	0.000000	0.010273
9.010000	0.000000	0.010119
9.020000	0.000000	0.009965
9.030000	0.000000	0.009811
9.040000	0.000000	0.009658
9.050000	0.000000	0.009511
9.060000	0.000000	0.009373
9.070000	0.000000	0.009238
9.080000	0.000000	0.009104
9.090000	0.000000	0.008970
9.100000	0.000000	0.008836
9.110000	0.000000	0.008702
9.120000	0.000000	0.008568
9.130000	0.000000	0.008434
9.140000	0.000000	0.008303
9.150000	0.000000	0.008179
9.160000	0.000000	0.008056
9.170000	0.000000	0.007934
9.180000	0.000000	0.007817
9.190000	0.000000	0.007701
9.200000	0.000000	0.007585
9.210000	0.000000	0.007469
9.220000	0.000000	0.007353
9.230000	0.000000	0.007243
9.240000	0.000000	0.007139
9.250000	0.000000	0.007035
9.260000	0.000000	0.006932
9.270000	0.000000	0.006829
9.280000	0.000000	0.006726
9.290000	0.000000	0.006622
9.300000	0.000000	0.006519
9.310000	0.000000	0.006418
9.320000	0.000000	0.006323
9.330000	0.000000	0.006229
9.340000	0.000000	0.006137
9.350000	0.000000	0.006047
9.360000	0.000000	0.005958
9.370000	0.000000	0.005868
9.380000	0.000000	0.005778
9.390000	0.000000	0.005689
9.400000	0.000000	0.005601
9.410000	0.000000	0.005518
9.420000	0.000000	0.005437
9.430000	0.000000	0.005357
9.440000	0.000000	0.005279
9.450000	0.000000	0.005201
9.460000	0.000000	0.005124
9.470000	0.000000	0.005046
9.480000	0.000000	0.004968
9.490000	0.000000	0.004891
9.500000	0.000000	0.004816
9.510000	0.000000	0.004746
9.520000	0.000000	0.004677
9.530000	0.000000	0.004607
9.540000	0.000000	0.004538
9.550000	0.000000	0.004469
9.560000	0.000000	0.004400
9.570000	0.000000	0.004332
9.580000	0.000000	0.004266
9.590000	0.000000	0.004204
9.600000	0.000000	0.004144
9.610000	0.000000	0.004084
9.620000	0.000000	0.004024
9.630000	0.000000	0.003964
9.640000	0.000000	0.003904
9.650000	0.000000	0.003844
9.660000	0.000000	0.003785
9.670000	0.000000	0.003725
9.680000	0.000000	0.003671
9.690000	0.000000	0.003617
9.700000	0.000000	0.003565
9.710000	0.000000	0.003513
9.720000	0.000000	0.003460
9.730000	0.000000	0.003408
9.740000	0.000000	0.003356
9.750000	0.000000	0.003305
9.760000	0.000000	0.003254
9.770000	0.000000	0.003207
9.780000	0.000000	0.003161
9.790000	0.000000	0.003114
9.800000	0.000000	0.003068
9.810000	0.000000	0.003022
9.820000	0.000000	0.002976
9.830000	0.000000	0.002929
9.840000	0.000000	0.002881
9.850000	0.000000	0.002838
9.860000	0.000000	0.002798
9.870000	0.000000	0.002758
9.880000	0.000000	0.002718
9.890000	0.000000	0.002678
9.900000	0.000000	0.002637
9.910000	0.000000	0.002597
9.920000	0.000000	0.002558
9.930000	0.000000	0.002520
9.940000	0.000000	0.002483
9.950000	0.000000	0.002447
9.960000	0.000000	0.002411
9.970000	0.000000	0.002376
9.980000	0.000000	0.002341
9.990000	0.000000	0.002306
10.000000	0.000000	0.002271
10.010000	0.000000	0.002234
10.020000	0.000000	0.002200
10.030000	0.000000	0.002167
10.040000	0.000000	0.002136
10.050000	0.000000	0.002105
10.060000	0.000000	0.002074
10.070000	0.000000	0.002043
10.080000	0.000000	0.002012
10.090000	0.000000	0.001981
10.100000	0.000000	0.001950
10.110000	0.000000	0.001921
10.120000	0.000000	0.001892
10.130000	0.000000	0.001865
10.140000	0.000000	0.001838
10.150000	0.000000	0.001812
10.160000	0.000000	0.001785
10.170000	0.000000	0.001757
10.180000	0.000000	0.001729
10.190000	0.000000	0.001704
10.200000	0.000000	0.001679
10.210000	0.000000	0.001655
10.220000	0.000000	0.001630
10.230000	0.000000	0.001607
10.240000	0.000000	0.001584
10.250000	0.000000	0.001560
10.260000	0.000000	0.001537
10.270000	0.000000	0.001513
10.280000	0.000000	0.001490
10.290000	0.000000	0.001467
10.300000	0.000000	0.001445
10.310000	0.000000	0.001425
10.320000	0.000000	0.001404
10.330000	0.000000	0.001383
10.340000	0.000000	0.001361
10.350000	0.000000	0.001340
10.360000	0.000000	0.001320
10.370000	0.000000	0.001300
10.380000	0.000000	0.001280
10.390000	0.000000	0.001261
10.400000	0.000000	0.001243
10.410000	0.000000	0.001225
10.420000	0.000000	0.001207
10.430000	0.000000	0.001189
10.440000	0.000000	0.001171
10.450000	0.000000	0.001154
10.460000	0.000000	0.001137
10.470000	0.000000	0.001121
10.480000	0.000000	0.001105
10.490000	0.000000	0.001088
10.500000	0.000000	0.001073
10.510000	0.000000	0.001056
10.520000	0.000000	0.001040
10.530000	0.000000	0.001025
10.540000	0.000000	0.001009
10.550000	0.000000	0.000994
10.560000	0.000000	0.000978
10.570000	0.000000	0.000964
10.580000	0.000000	0.000950
10.590000	0.000000	0.000936
10.600000	0.000000	0.000922
10.610000	0.000000	0.000908
10.620000	0.000000	0.000895
10.630000	0.000000	0.000881
10.640000	0.000000	0.000868
10.650000	0.000000	0.000855
10.660000	0.000000	0.000842
10.670000	0.000000	0.000830
10.680000	0.000000	0.000817
10.690000	0.000000	0.000805
10.700000	0.000000	0.000793
10.710000	0.000000	0.000781
10.720000	0.000000	0.000770
10.730000	0.000000	0.000759
10.740000	0.000000	0.000748
10.750000	0.000000	0.000737
10.760000	0.000000	0.000726
10.770000	0.000000	0.000716
10.780000	0.000000	0.000705
10.790000	0.000000	0.000695
10.800000	0.000000	0.000685
10.810000	0.000000	0.000674
10.820000	0.000000	0.000664
10.830000	0.000000	0.000653
10.840000	0.000000	0.000644
10.850000	0.000000	0.000634
10.860000	0.000000	0.000625
10.870000	0.000000	0.000615
10.880000	0.000000	0.000606
10.890000	0.000000	0.000597
10.900000	0.000000	0.000588
10.910000	0.000000	0.000579
10.920000	0.000000	0.000571
10.930000	0.000000	0.000562
10.940000	0.000000	0.000554
10.950000	0.000000	0.000546
10.960000	0.000000	0.000538
10.970000	0.000000	0.000530
10.980000	0.000000	0.000522
10.990000	0.000000	0.000515
11.000000	0.000000	0.000508
11.010000	0.000000	0.000500
11.020000	0.000000	0.000493
11.030000	0.000000	0.000485
11.040000	0.000000	0.000478
11.050000	0.000000	0.000471
11.060000	0.000000	0.000464
11.070000	0.000000	0.000457
11.080000	0.000000	0.000450
11.090000	0.000000	0.000443
11.100000	0.000000	0.000437
11.110000	0.000000	0.000430
11.120000	0.000000	0.000424
11.130000	0.000000	0.000418
11.140000	0.000000	0.000412
11.150000	0.000000	0.000405
11.160000	0.000000	0.000399
11.170000	0.000000	0.000393
11.180000	0.000000	0.000387
11.190000	0.000000	0.000381
11.200000	0.000000	0.000376
11.210000	0.000000	0.000370
11.220000	0.000000	0.000365
11.230000	0.000000	0.000359
11.240000	0.000000	0.000354
11.250000	0.000000	0.000349
11.260000	0.000000	0.000344
11.270000	0.000000	0.000339
11.280000	0.000000	0.000334
11.290000	0.000000	0.000330
11.300000	0.000000	0.000325
11.310000	0.000000	0.000320
11.320000	0.000000	0.000315
11.330000	0.000000	0.000311
11.340000	0.000000	0.000306
11.350000	0.000000	0.000301
11.360000	0.000000	0.000296
11.370000	0.000000	0.000292
11.380000	0.000000	0.000288
11.390000	0.000000	0.000283
11.400000	0.000000	0.000279
11.410000	0.000000	0.000275
11.420000	0.000000	0.000271
11.430000	0.000000	0.000267
11.440000	0.000000	0.000263
11.450000	0.000000	0.000259
11.460000	0.000000	0.000255
11.470000	0.000000	0.000251
11.480000	0.000000	0.000248
11.490000	0.000000	0.000244
11.500000	0.000000	0.000240
11.510000	0.000000	0.000237
11.520000	0.000000	0.000234
11.530000	0.000000	0.000230
11.540000	0.000000	0.000227
11.550000	0.000000	0.000224
11.560000	0.000000	0.000220
11.570000	0.000000	0.000217
11.580000	0.000000	0.000214
11.590000	0.000000	0.000211
11.600000	0.000000	0.000208
11.610000	0.000000	0.000205
11.620000	0.000000	0.000201
11.630000	0.000000	0.000198
11.640000	0.000000	0.000195
11.650000	0.000000	0.000192
11.660000	0.000000	0.000190
11.670000	0.000000	0.000187
11.680000	0.000000	0.000184
11.690000	0.000000	0.000181
11.700000	0.000000	0.000178
11.710000	0.000000	0.000176
11.720000	0.000000	0.000173
11.730000	0.000000	0.000171
11.740000	0.000000	0.000168
11.750000	0.000000	0.000166
11.760000	0.000000	0.000163
11.770000	0.000000	0.000161
11.780000	0.000000	0.000159
11.790000	0.000000	0.000156
11.800000	0.000000	0.000154
11.810000	0.000000	0.000152
11.820000	0.000000	0.000150
11.830000	0.000000	0.000148
11.840000	0.000000	0.000146
11.850000	0.000000	0.000143
11.860000	0.000000	0.000141
11.870000	0.000000	0.000139
11.880000	0.000000	0.000137
11.890000	0.000000	0.000135
11.900000	0.000000	0.000133
11.910000	0.000000	0.000131
11.920000	0.000000	0.000129
11.930000	0.000000	0.000127
11.940000	0.000000	0.000125
11.950000	0.000000	0.000123
11.960000	0.000000	0.000121
11.970000	0.000000	0.000120
11.980000	0.000000	0.000118
11.990000	0.000000	0.000116
12.000000	0.000000	0.000114
12.010000	0.000000	0.000113
12.020000	0.000000	0.000111
12.030000	0.000000	0.000109
12.040000	0.000000	0.000108
12.050000	0.000000	0.000106
12.060000	0.000000	0.000105
12.070000	0.000000	0.000103
12.080000	0.000000	0.000102
12.090000	0.000000	0.000100
12.100000	0.000000	0.000099
12.110000	0.000000	0.000097
12.120000	0.000000	0.000096
12.130000	0.000000	0.000095
12.140000	0.000000	0.000093
12.150000	0.000000	0.000092
12.160000	0.000000	0.000090
12.170000	0.000000	0.000089
12.180000	0.000000	0.000088
12.190000	0.000000	0.000086
12.200000	0.000000	0.000085
12.210000	0.000000	0.000084
12.220000	0.000000	0.000082
12.230000	0.000000	0.000081
12.240000	0.000000	0.000080
12.250000	0.000000	0.000079
12.260000	0.000000	0.000078
12.270000	0.000000	0.000077
12.280000	0.000000	0.000075
12.290000	0.000000	0.000074
12.300000	0.000000	0.000073
12.310000	0.000000	0.000072
12.320000	0.000000	0.000071
12.330000	0.000000	0.000070
12.340000	0.000000	0.000069
12.350000	0.000000	0.000068
12.360000	0.000000	0.000067
12.370000	0.000000	0.000066
12.380000	0.000000	0.000065
12.390000	0.000000	0.000064
12.400000	0.000000	0.000063
12.410000	0.000000	0.000062
12.420000	0.000000	0.000062
12.430000	0.000000	0.000061
12.440000	0.000000	0.000060
12.450000	0.000000	0.000059
12.460000	0.000000	0.000058
12.470000	0.000000	0.000057
12.480000	0.000000	0.000056
12.490000	0.000000	0.000055
12.500000	0.000000	0.000055
12.510000	0.000000	0.000054
12.520000	0.000000	0.000053
12.530000	0.000000	0.000052
12.540000	0.000000	0.000051
12.550000	0.000000	0.000051
12.560000	0.000000	0.000050
12.570000	0.000000	0.000049
12.580000	0.000000	0.000048
12.590000	0.000000	0.000048
12.600000	0.000000	0.000047
12.610000	0.000000	0.000046
12.620000	0.000000	0.000046
12.630000	0.000000	0.000045
12.640000	0.000000	0.000044
12.650000	0.000000	0.000044
12.660000	0.000000	0.000043
12.670000	0.000000	0.000043
12.680000	0.000000	0.000042
12.690000	0.000000	0.000041
12.700000	0.000000	0.000041
12.710000	0.000000	0.000040
12.720000	0.000000	0.000039
12.730000	0.000000	0.000039
12.740000	0.000000	0.000038
12.750000	0.000000	0.000038
12.760000	0.000000	0.000037
12.770000	0.000000	0.000037
12.780000	0.000000	0.000036
12.790000	0.000000	0.000035
12.800000	0.000000	0.000035
12.810000	0.000000	0.000034
12.820000	0.000000	0.000034
12.830000	0.000000	0.000033
12.840000	0.000000	0.000033
12.850000	0.000000	0.000032
12.860000	0.000000	0.000032
12.870000	0.000000	0.000032
12.880000	0.000000	0.000031
12.890000	0.000000	0.000031
12.900000	0.000000	0.000030
12.910000	0.000000	0.000030
12.920000	0.000000	0.000029
12.930000	0.000000	0.000029
12.940000	0.000000	0.000029
12.950000	0.000000	0.000028
12.960000	0.000000	0.000028
12.970000	0.000000	0.000027
12.980000	0.000000	0.000027
12.990000	0.000000	0.000026
13.000000	0.000000	0.000026
13.010000	0.000000	0.000026
13.020000	0.000000	0.000025
13.030000	0.000000	0.000025
13.040000	0.000000	0.000025
13.050000	0.000000	0.000024
13.060000	0.000000	0.000024
13.070000	0.000000	0.000023
13.080000	0.000000	0.000023
13.090000	0.000000	0.000023
13.100000	0.000000	0.000022
13.110000	0.000000	0.000022
13.120000	0.000000	0.000022
13.130000	0.000000	0.000022
13.140000	0.000000	0.000021
13.150000	0.000000	0.000021
13.160000	0.000000	0.000021
13.170000	0.000000	0.000020
13.180000	0.000000	0.000020
13.190000	0.000000	0.000020
13.200000	0.000000	0.000019
13.210000	0.000000	0.000019
13.220000	0.000000	0.000019
13.230000	0.000000	0.000019
13.240000	0.000000	0.000018
13.250000	0.000000	0.000018
13.260000	0.000000	0.000018
13.270000	0.000000	0.000017
13.280000	0.000000	0.000017
13.290000	0.000000	0.000017
13.300000	0.000000	0.000017
13.310000	0.000000	0.000016
13.320000	0.000000	0.000016
13.330000	0.000000	0.000016
13.340000	0.000000	0.000016
13.350000	0.000000	0.000016
13.360000	0.000000	0.000015
13.370000	0.000000	0.000015
13.380000	0.000000	0.000015
13.390000	0.000000	0.000015
13.400000	0.000000	0.000014
13.410000	0.000000	0.000014
13.420000	0.000000	0.000014
13.430000	0.000000	0.000014
13.440000	0.000000	0.000014
13.450000	0.000000	0.000013
13.460000	0.000000	0.000013
13.470000	0.000000	0.000013
13.480000	0.000000	0.000013
13.490000	0.000000	0.000013
13.500000	0.000000	0.000012
13.510000	0.000000	0.000012
13.520000	0.000000	0.000012
13.530000	0.000000	0.000012
13.540000	0.000000	0.000012
13.550000	0.000000	0.000012
13.560000	0.000000	0.000011
13.570000	0.000000	0.000011
13.580000	0.000000	0.000011
13.590000	0.000000	0.000011
13.600000	0.000000	0.000011
13.610000	0.000000	0.000011
13.620000	0.000000	0.000010
13.630000	0.000000	0.000010
13.640000	0.000000	0.000010
13.650000	0.000000	0.000010
13.660000	0.000000	0.000010
13.670000	0.000000	0.000010
13.680000	0.000000	0.000010
13.690000	0.000000	0.000009
13.700000	0.000000	0.000009
13.710000	0.000000	0.000009
13.720000	0.000000	0.000009
13.730000	0.000000	0.000009
13.740000	0.000000	0.000009
13.750000	0.000000	0.000009
13.760000	0.000000	0.000009
13.770000	0.000000	0.000008
13.780000	0.000000	0.000008
13.790000	0.000000	0.000008
13.800000	0.000000	0.000008
13.810000	0.000000	0.000008
13.820000	0.000000	0.000008
13.830000	0.000000	0.000008
13.840000	0.000000	0.000008
13.850000	0.000000	0.000007
13.860000	0.000000	0.000007
13.870000	0.000000	0.000007
13.880000	0.000000	0.000007
13.890000	0.000000	0.000007
13.900000	0.000000	0.000007
13.910000	0.000000	0.000007
13.920000	0.000000	0.000007
13.930000	0.000000	0.000007
13.940000	0.000000	0.000007
13.950000	0.000000	0.000006
13.960000	0.000000	0.000006
13.970000	0.000000	0.000006
13.980000	0.000000	0.000006
13.990000	0.000000	0.000006
14.000000	0.000000	0.000006
14.010000	0.000000	0.000006
14.020000	0.000000	0.000006
14.030000	0.000000	0.000006
14.040000	0.000000	0.000006
14.050000	0.000000	0.000006
14.060000	0.000000	0.000005
14.070000	0.000000	0.000005
14.080000	0.000000	0.000005
14.090000	0.000000	0.000005
14.100000	0.000000	0.000005
14.110000	0.000000	0.000005
14.120000	0.000000	0.000005
14.130000	0.000000	0.000005
14.140000	0.000000	0.000005
14.150000	0.000000	0.000005
14.160000	0.000000	0.000005
14.170000	0.000000	0.000005
14.180000	0.000000	0.000005
14.190000	0.000000	0.000005
14.200000	0.000000	0.000004
14.210000	0.000000	0.000004
14.220000	0.000000	0.000004
14.230000	0.000000	0.000004
14.240000	0.000000	0.000004
14.250000	0.000000	0.000004
14.260000	0.000000	0.000004
14.270000	0.000000	0.000004
14.280000	0.000000	0.000004
14.290000	0.000000	0.000004
14.300000	0.000000	0.000004
14.310000	0.000000	0.000004
14.320000	0.000000	0.000004
14.330000	0.000000	0.000004
14.340000	0.000000	0.000004
14.350000	0.000000	0.000004
14.360000	0.000000	0.000004
14.370000	0.000000	0.000003
14.380000	0.000000	0.000003
14.390000	0.000000	0.000003
14.400000	0.000000	0.000003
14.410000	0.000000	0.000003
14.420000	0.000000	0.000003
14.430000	0.000000	0.000003
14.440000	0.000000	0.000003
14.450000	0.000000	0.000003
14.460000	0.000000	0.000003
14.470000	0.000000	0.000003
14.480000	0.000000	0.000003
14.490000	0.000000	0.000003
14.500000	0.000000	0.000003
14.510000	0.000000	0.000003
14.520000	0.000000	0.000003
14.530000	0.000000	0.000003
14.540000	0.000000	0.000003
14.550000	0.000000	0.000003
14.560000	0.000000	0.000003
14.570000	0.000000	0.000003
14.580000	0.000000	0.000003
14.590000	0.000000	0.000003
14.600000	0.000000	0.000002
14.610000	0.000000	0.000002
14.620000	0.000000	0.000002
14.630000	0.000000	0.000002
14.640000	0.000000	0.000002
14.650000	0.000000	0.000002
14.660000	0.000000	0.000002
14.670000	0.000000	0.000002
14.680000	0.000000	0.000002
14.690000	0.000000	0.000002
14.700000	0.000000	0.000002
14.710000	0.000000	0.000002
14.720000	0.000000	0.000002
14.730000	0.000000	0.000002
14.740000	0.000000	0.000002
14.750000	0.000000	0.000002
14.760000	0.000000	0.000002
14.770000	0.000000	0.000002
14.780000	0.000000	0.000002
14.790000	0.000000	0.000002
14.800000	0.000000	0.000002
14.810000	0.000000	0.000002
14.820000	0.000000	0.000002
14.830000	0.000000	0.000002
14.840000	0.000000	0.000002
14.850000	0.000000	0.000002
14.860000	0.000000	0.000002
14.870000	0.000000	0.000002
14.880000	0.000000	0.000002
14.890000	0.000000	0.000002
14.900000	0.000000	0.000002
14.910000	0.000000	0.000002
14.920000	0.000000	0.000002
14.930000	0.000000	0.000002
14.940000	0.000000	0.000002
14.950000	0.000000	0.000001
14.960000	0.000000	0.000001
14.970000	0.000000	0.000001
14.980000	0.000000	0.000001
14.990000	0.000000	0.000001
15.000000	0.000000	0.000001
15.010000	0.000000	0.000001
15.020000	0.000000	0.000001
15.030000	0.000000	0.000001
15.040000	0.000000	0.000001
15.050000	0.000000	0.000001
15.060000	0.000000	0.000001
15.070000	0.000000	0.000001
15.080000	0.000000	0.000001
15.090000	0.000000	0.000001
15.100000	0.000000	0.000001
15.110000	0.000000	0.000001
15.120000	0.000000	0.000001
15.130000	0.000000	0.000001
15.140000	0.000000	0.000001
15.150000	0.000000	0.000001
15.160000	0.000000	0.000001
15.170000	0.000000	0.000001
15.180000	0.000000	0.000001
15.190000	0.000000	0.000001
15.200000	0.000000	0.000001
15.210000	0.000000	0.000001
15.220000	0.000000	1.0e-06
15.230000	0.000000	9.8e-07
15.240000	0.000000	9.7e-07
15.250000	0.000000	9.5e-07
15.260000	0.000000	9.4e-07
15.270000	0.000000	9.3e-07
15.280000	0.000000	9.1e-07
15.290000	0.000000	9.0e-07
15.300000	0.000000	8.9e-07
15.310000	0.000000	8.8e-07
15.320000	0.000000	8.6e-07
15.330000	0.000000	8.5e-07
15.340000	0.000000	8.4e-07
15.350000	0.000000	8.3e-07
15.360000	0.000000	8.2e-07
15.370000	0.000000	8.0e-07
15.380000	0.000000	7.9e-07
15.390000	0.000000	7.8e-07
15.400000	0.000000	7.7e-07
15.410000	0.000000	7.6e-07
15.420000	0.000000	7.5e-07
15.430000	0.000000	7.4e-07
15.440000	0.000000	7.2e-07
15.450000	0.000000	7.1e-07
15.460000	0.000000	7.0e-07
15.470000	0.000000	6.9e-07
15.480000	0.000000	6.8e-07
15.490000	0.000000	6.7e-07
15.500000	0.000000	6.6e-07
15.510000	0.000000	6.5e-07
15.520000	0.000000	6.4e-07
15.530000	0.000000	6.3e-07
15.540000	0.000000	6.2e-07
15.550000	0.000000	6.2e-07
15.560000	0.000000	6.1e-07
15.570000	0.000000	6.0e-07
15.580000	0.000000	5.9e-07
15.590000	0.000000	5.8e-07
15.600000	0.000000	5.7e-07
15.610000	0.000000	5.7e-07
15.620000	0.000000	5.6e-07
15.630000	0.000000	5.5e-07
15.640000	0.000000	5.4e-07
15.650000	0.000000	5.3e-07
15.660000	0.000000	5.3e-07
15.670000	0.000000	5.2e-07
15.680000	0.000000	5.1e-07
15.690000	0.000000	5.0e-07
15.700000	0.000000	5.0e-07
15.710000	0.000000	4.9e-07
15.720000	0.000000	4.8e-07
15.730000	0.000000	4.7e-07
15.740000	0.000000	4.7e-07
15.750000	0.000000	4.6e-07
15.760000	0.000000	4.5e-07
15.770000	0.000000	4.5e-07
15.780000	0.000000	4.4e-07
15.790000	0.000000	4.3e-07
15.800000	0.000000	4.3e-07
15.810000	0.000000	4.2e-07
15.820000	0.000000	4.2e-07
15.830000	0.000000	4.1e-07
15.840000	0.000000	4.0e-07
15.850000	0.000000	4.0e-07
15.860000	0.000000	3.9e-07
15.870000	0.000000	3.9e-07
15.880000	0.000000	3.8e-07
15.890000	0.000000	3.8e-07
15.900000	0.000000	3.7e-07
15.910000	0.000000	3.7e-07
15.920000	0.000000	3.6e-07
15.930000	0.000000	3.6e-07
15.940000	0.000000	3.5e-07
15.950000	0.000000	3.5e-07
15.960000	0.000000	3.4e-07
15.970000	0.000000	3.3e-07
15.980000	0.000000	3.3e-07
15.990000	0.000000	3.2e-07
16.000000	0.000000	3.2e-07
16.010000	0.000000	3.1e-07
16.020000	0.000000	3.1e-07
16.030000	0.000000	3.1e-07
16.040000	0.000000	3.0e-07
16.050000	0.000000	3.0e-07
16.060000	0.000000	2.9e-07
16.070000	0.000000	2.9e-07
16.080000	0.000000	2.8e-07
16.090000	0.000000	2.8e-07
16.100000	0.000000	2.8e-07
16.110000	0.000000	2.7e-07
16.120000	0.000000	2.7e-07
16.130000	0.000000	2.6e-07
16.140000	0.000000	2.6e-07
16.150000	0.000000	2.6e-07
16.160000	0.000000	2.5e-07
16.170000	0.000000	2.5e-07
16.180000	0.000000	2.5e-07
16.190000	0.000000	2.4e-07
16.200000	0.000000	2.4e-07
16.210000	0.000000	2.4e-07
16.220000	0.000000	2.3e-07
16.230000	0.000000	2.3e-07
16.240000	0.000000	2.3e-07
16.250000	0.000000	2.2e-07
16.260000	0.000000	2.2e-07
16.270000	0.000000	2.2e-07
16.280000	0.000000	2.1e-07
16.290000	0.000000	2.1e-07
16.300000	0.000000	2.1e-07
16.310000	0.000000	2.0e-07
16.320000	0.000000	2.0e-07
16.330000	0.000000	2.0e-07
16.340000	0.000000	1.9e-07
16.350000	0.000000	1.9e-07
16.360000	0.000000	1.9e-07
16.370000	0.000000	1.9e-07
16.380000	0.000000	1.8e-07
16.390000	0.000000	1.8e-07
16.400000	0.000000	1.8e-07
16.410000	0.000000	1.8e-07
16.420000	0.000000	1.7e-07
16.430000	0.000000	1.7e-07
16.440000	0.000000	1.7e-07
16.450000	0.000000	1.7e-07
16.460000	0.000000	1.6e-07
16.470000	0.000000	1.6e-07
16.480000	0.000000	1.6e-07
16.490000	0.000000	1.6e-07
16.500000	0.000000	1.5e-07
16.510000	0.000000	1.5e-07
16.520000	0.000000	1.5e-07
16.530000	0.000000	1.5e-07
16.540000	0.000000	1.5e-07
16.550000	0.000000	1.4e-07
16.560000	0.000000	1.4e-07
16.570000	0.000000	1.4e-07
16.580000	0.000000	1.4e-07
16.590000	0.000000	1.4e-07
16.600000	0.000000	1.3e-07
16.610000	0.000000	1.3e-07
16.620000	0.000000	1.3e-07
16.630000	0.000000	1.3e-07
16.640000	0.000000	1.3e-07
16.650000	0.000000	1.2e-07
16.660000	0.000000	1.2e-07
16.670000	0.000000	1.2e-07
16.680000	0.000000	1.2e-07
16.690000	0.000000	1.2e-07
16.700000	0.000000	1.2e-07
16.710000	0.000000	1.1e-07
16.720000	0.000000	1.1e-07
16.730000	0.000000	1.1e-07
16.740000	0.000000	1.1e-07
16.750000	0.000000	1.1e-07
16.760000	0.000000	1.1e-07
16.770000	0.000000	1.0e-07
16.780000	0.000000	1.0e-07
16.790000	0.000000	1.0e-07
16.800000	0.000000	1.0e-07
16.810000	0.000000	9.8e-08
16.820000	0.000000	9.7e-08
16.830000	0.000000	9.5e-08
16.840000	0.000000	9.4e-08
16.850000	0.000000	9.3e-08
16.860000	0.000000	9.1e-08
16.870000	0.000000	9.0e-08
16.880000	0.000000	8.9e-08
16.890000	0.000000	8.7e-08
16.900000	0.000000	8.6e-08
16.910000	0.000000	8.5e-08
16.920000	0.000000	8.4e-08
16.930000	0.000000	8.3e-08
16.940000	0.000000	8.1e-08
16.950000	0.000000	8.0e-08
16.960000	0.000000	7.9e-08
16.970000	0.000000	7.8e-08
16.980000	0.000000	7.7e-08
16.990000	0.000000	7.6e-08
17.000000	0.000000	7.5e-08
17.010000	0.000000	7.4e-08
17.020000	0.000000	7.3e-08
17.030000	0.000000	7.2e-08
17.040000	0.000000	7.1e-08
17.050000	0.000000	7.0e-08
17.060000	0.000000	6.8e-08
17.070000	0.000000	6.7e-08
17.080000	0.000000	6.6e-08
17.090000	0.000000	6.5e-08
17.100000	0.000000	6.4e-08
17.110000	0.000000	6.3e-08
17.120000	0.000000	6.3e-08
17.130000	0.000000	6.2e-08
17.140000	0.000000	6.1e-08
17.150000	0.000000	6.0e-08
17.160000	0.000000	5.9e-08
17.170000	0.000000	5.8e-08
17.180000	0.000000	5.7e-08
17.190000	0.000000	5.7e-08
17.200000	0.000000	5.6e-08
17.210000	0.000000	5.5e-08
17.220000	0.000000	5.4e-08
17.230000	0.000000	5.3e-08
17.240000	0.000000	5.3e-08
17.250000	0.000000	5.2e-08
17.260000	0.000000	5.1e-08
17.270000	0.000000	5.1e-08
17.280000	0.000000	5.0e-08
17.290000	0.000000	4.9e-08
17.300000	0.000000	4.8e-08
17.310000	0.000000	4.8e-08
17.320000	0.000000	4.7e-08
17.330000	0.000000	4.6e-08
17.340000	0.000000	4.6e-08
17.350000	0.000000	4.5e-08
17.360000	0.000000	4.4e-08
17.370000	0.000000	4.4e-08
17.380000	0.000000	4.3e-08
17.390000	0.000000	4.2e-08
17.400000	0.000000	4.2e-08
17.410000	0.000000	4.1e-08
17.420000	0.000000	4.0e-08
17.430000	0.000000	4.0e-08
17.440000	0.000000	3.9e-08
17.450000	0.000000	3.9e-08
17.460000	0.000000	3.8e-08
17.470000	0.000000	3.8e-08
17.480000	0.000000	3.7e-08
17.490000	0.000000	3.7e-08
17.500000	0.000000	3.6e-08
17.510000	0.000000	3.6e-08
17.520000	0.000000	3.5e-08
17.530000	0.000000	3.5e-08
17.540000	0.000000	3.4e-08
17.550000	0.000000	3.4e-08
17.560000	0.000000	3.3e-08
17.570000	0.000000	3.3e-08
17.580000	0.000000	3.2e-08
17.590000	0.000000	3.2e-08
17.600000	0.000000	3.1e-08
17.610000	0.000000	3.1e-08
17.620000	0.000000	3.0e-08
17.630000	0.000000	3.0e-08
17.640000	0.000000	2.9e-08
17.650000	0.000000	2.9e-08
17.660000	0.000000	2.9e-08
17.670000	0.000000	2.8e-08
17.680000	0.000000	2.8e-08
17.690000	0.000000	2.7e-08
17.700000	0.000000	2.7e-08
17.710000	0.000000	2.7e-08
17.720000	0.000000	2.6e-08
17.730000	0.000000	2.6e-08
17.740000	0.000000	2.5e-08
17.750000	0.000000	2.5e-08
17.760000	0.000000	2.5e-08
17.770000	0.000000	2.4e-08
17.780000	0.000000	2.4e-08
17.790000	0.000000	2.4e-08
17.800000	0.000000	2.3e-08
17.810000	0.000000	2.3e-08
17.820000	0.000000	2.3e-08
17.830000	0.000000	2.2e-08
17.840000	0.000000	2.2e-08
17.850000	0.000000	2.2e-08
17.860000	0.000000	2.1e-08
17.870000	0.000000	2.1e-08
17.880000	0.000000	2.1e-08
17.890000	0.000000	2.1e-08
17.900000	0.000000	2.0e-08
17.910000	0.000000	2.0e-08
17.920000	0.000000	2.0e-08
17.930000	0.000000	1.9e-08
17.940000	0.000000	1.9e-08
17.950000	0.000000	1.9e-08
17.960000	0.000000	1.8e-08
17.970000	0.000000	1.8e-08
17.980000	0.000000	1.8e-08
17.990000	0.000000	1.8e-08
18.000000	0.000000	1.7e-08
18.010000	0.000000	1.7e-08
18.020000	0.000000	1.7e-08
18.030000	0.000000	1.7e-08
18.040000	0.000000	1.6e-08
18.050000	0.000000	1.6e-08
18.060000	0.000000	1.6e-08
18.070000	0.000000	1.6e-08
18.080000	0.000000	1.6e-08
18.090000	0.000000	1.5e-08
18.100000	0.000000	1.5e-08
18.110000	0.000000	1.5e-08
18.120000	0.000000	1.5e-08
18.130000	0.000000	1.5e-08
18.140000	0.000000	1.4e-08
18.150000	0.000000	1.4e-08
18.160000	0.000000	1.4e-08
18.170000	0.000000	1.4e-08
18.180000	0.000000	1.3e-08
18.190000	0.000000	1.3e-08
18.200000	0.000000	1.3e-08
18.210000	0.000000	1.3e-08
18.220000	0.000000	1.3e-08
18.230000	0.000000	1.2e-08
18.240000	0.000000	1.2e-08
18.250000	0.000000	1.2e-08
18.260000	0.000000	1.2e-08
18.270000	0.000000	1.2e-08
18.280000	0.000000	1.2e-08
18.290000	0.000000	1.1e-08
18.300000	0.000000	1.1e-08
18.310000	0.000000	1.1e-08
18.320000	0.000000	1.1e-08
18.330000	0.000000	1.1e-08
18.340000	0.000000	1.1e-08
18.350000	0.000000	1.1e-08
18.360000	0.000000	1.0e-08
18.370000	0.000000	1.0e-08
18.380000	0.000000	1.0e-08
18.390000	0.000000	1.0e-08
18.400000	0.000000	9.8e-09
18.410000	0.000000	9.7e-09
18.420000	0.000000	9.5e-09
18.430000	0.000000	9.4e-09
18.440000	0.000000	9.3e-09
18.450000	0.000000	9.1e-09
18.460000	0.000000	9.0e-09
18.470000	0.000000	8.8e-09
18.480000	0.000000	8.7e-09
18.490000	0.000000	8.6e-09
18.500000	0.000000	8.4e-09
18.510000	0.000000	8.3e-09
18.520000	0.000000	8.2e-09
18.530000	0.000000	8.1e-09
18.540000	0.000000	8.0e-09
18.550000	0.000000	7.9e-09
18.560000	0.000000	7.8e-09
18.570000	0.000000	7.6e-09
18.580000	0.000000	7.5e-09
18.590000	0.000000	7.4e-09
18.600000	0.000000	7.3e-09
18.610000	0.000000	7.2e-09
18.620000	0.000000	7.1e-09
18.630000	0.000000	7.0e-09
18.640000	0.000000	6.9e-09
18.650000	0.000000	6.8e-09
18.660000	0.000000	6.7e-09
18.670000	0.000000	6.6e-09
18.680000	0.000000	6.5e-09
18.690000	0.000000	6.5e-09
18.700000	0.000000	6.4e-09
18.710000	0.000000	6.3e-09
18.720000	0.000000	6.2e-09
18.730000	0.000000	6.1e-09
18.740000	0.000000	6.0e-09
18.750000	0.000000	5.9e-09
18.760000	0.000000	5.8e-09
18.770000	0.000000	5.7e-09
18.780000	0.000000	5.6e-09
18.790000	0.000000	5.6e-09
18.800000	0.000000	5.5e-09
18.810000	0.000000	5.4e-09
18.820000	0.000000	5.3e-09
18.830000	0.000000	5.2e-09
18.840000	0.000000	5.2e-09
18.850000	0.000000	5.1e-09
18.860000	0.000000	5.0e-09
18.870000	0.000000	5.0e-09
18.880000	0.000000	4.9e-09
18.890000	0.000000	4.8e-09
18.900000	0.000000	4.8e-09
18.910000	0.000000	4.7e-09
18.920000	0.000000	4.6e-09
18.930000	0.000000	4.6e-09
18.940000	0.000000	4.5e-09
18.950000	0.000000	4.4e-09
18.960000	0.000000	4.4e-09
18.970000	0.000000	4.3e-09
18.980000	0.000000	4.2e-09
18.990000	0.000000	4.2e-09
19.000000	0.000000	4.1e-09
19.010000	0.000000	4.1e-09
19.020000	0.000000	4.0e-09
19.030000	0.000000	3.9e-09
19.040000	0.000000	3.9e-09
19.050000	0.000000	3.8e-09
19.060000	0.000000	3.8e-09
19.070000	0.000000	3.7e-09
19.080000	0.000000	3.6e-09
19.090000	0.000000	3.6e-09
19.100000	0.000000	3.5e-09
19.110000	0.000000	3.5e-09
19.120000	0.000000	3.5e-09
19.130000	0.000000	3.4e-09
19.140000	0.000000	3.4e-09
19.150000	0.000000	3.3e-09
19.160000	0.000000	3.3e-09
19.170000	0.000000	3.2e-09
19.180000	0.000000	3.2e-09
19.190000	0.000000	3.1e-09
19.200000	0.000000	3.1e-09
19.210000	0.000000	3.0e-09
19.220000	0.000000	3.0e-09
19.230000	0.000000	3.0e-09
19.240000	0.000000	2.9e-09
19.250000	0.000000	2.9e-09
19.260000	0.000000	2.8e-09
19.270000	0.000000	2.8e-09
19.280000	0.000000	2.7e-09
19.290000	0.000000	2.7e-09
19.300000	0.000000	2.7e-09
19.310000	0.000000	2.6e-09
19.320000	0.000000	2.6e-09
19.330000	0.000000	2.5e-09
19.340000	0.000000	2.5e-09
19.350000	0.000000	2.5e-09
19.360000	0.000000	2.4e-09
19.370000	0.000000	2.4e-09
19.380000	0.000000	2.4e-09
19.390000	0.000000	2.3e-09
19.400000	0.000000	2.3e-09
19.410000	0.000000	2.3e-09
19.420000	0.000000	2.2e-09
19.430000	0.000000	2.2e-09
19.440000	0.000000	2.2e-09
19.450000	0.000000	2.1e-09
19.460000	0.000000	2.1e-09
19.470000	0.000000	2.1e-09
19.480000	0.000000	2.1e-09
19.490000	0.000000	2.0e-09
19.500000	0.000000	2.0e-09
19.510000	0.000000	2.0e-09
19.520000	0.000000	1.9e-09
19.530000	0.000000	1.9e-09
19.540000	0.000000	1.9e-09
19.550000	0.000000	1.9e-09
19.560000	0.000000	1.8e-09
19.570000	0.000000	1.8e-09
19.580000	0.000000	1.8e-09
19.590000	0.000000	1.7e-09
19.600000	0.000000	1.7e-09
19.610000	0.000000	1.7e-09
19.620000	0.000000	1.7e-09
19.630000	0.000000	1.6e-09
19.640000	0.000000	1.6e-09
19.650000	0.000000	1.6e-09
19.660000	0.000000	1.6e-09
19.670000	0.000000	1.6e-09
19.680000	0.000000	1.5e-09
19.690000	0.000000	1.5e-09
19.700000	0.000000	1.5e-09
19.710000	0.000000	1.5e-09
19.720000	0.000000	1.5e-09
19.730000	0.000000	1.4e-09
19.740000	0.000000	1.4e-09
19.750000	0.000000	1.4e-09
19.760000	0.000000	1.4e-09
19.770000	0.000000	1.4e-09
19.780000	0.000000	1.3e-09
19.790000	0.000000	1.3e-09
19.800000	0.000000	1.3e-09
19.810000	0.000000	1.3e-09
19.820000	0.000000	1.3e-09
19.830000	0.000000	1.2e-09
19.840000	0.000000	1.2e-09
19.850000	0.000000	1.2e-09
19.860000	0.000000	1.2e-09
19.870000	0.000000	1.2e-09
19.880000	0.000000	1.1e-09
19.890000	0.000000	1.1e-09
19.900000	0.000000	1.1e-09
19.910000	0.000000	1.1e-09
19.920000	0.000000	1.1e-09
19.930000	0.000000	1.1e-09
19.940000	0.000000	1.1e-09
19.950000	0.000000	1.0e-09
19.960000	0.000000	1.0e-09
19.970000	0.000000	1.0e-09
19.980000	0.000000	1.0e-09
19.990000	0.000000	9.8e-10
20.000000	0.000000	9.7e-10
20.010000	0.000000	9.6e-10
20.020000	0.000000	9.4e-10
20.030000	0.000000	9.3e-10
20.040000	0.000000	9.2e-10
20.050000	0.000000	9.0e-10
20.060000	0.000000	8.9e-10
20.070000	0.000000	8.8e-10
20.080000	0.000000	8.7e-10
20.090000	0.000000	8.5e-10
20.100000	0.000000	8.4e-10
20.110000	0.000000	8.3e-10
20.120000	0.000000	8.2e-10
20.130000	0.000000	8.0e-10
20.140000	0.000000	7.9e-10
20.150000	0.000000	7.8e-10
20.160000	0.000000	7.7e-10
20.170000	0.000000	7.6e-10
20.180000	0.000000	7.5e-10
20.190000	0.000000	7.4e-10
20.200000	0.000000	7.2e-10
20.210000	0.000000	7.2e-10
20.220000	0.000000	7.1e-10
20.230000	0.000000	7.0e-10
20.240000	0.000000	6.9e-10
20.250000	0.000000	6.8e-10
20.260000	0.000000	6.7e-10
20.270000	0.000000	6.6e-10
20.280000	0.000000	6.5e-10
20.290000	0.000000	6.4e-10
20.300000	0.000000	6.3e-10
20.310000	0.000000	6.2e-10
20.320000	0.000000	6.1e-10
20.330000	0.000000	6.0e-10
20.340000	0.000000	6.0e-10
20.350000	0.000000	5.9e-10
20.360000	0.000000	5.8e-10
20.370000	0.000000	5.7e-10
20.380000	0.000000	5.6e-10
20.390000	0.000000	5.5e-10
20.400000	0.000000	5.4e-10
20.410000	0.000000	5.4e-10
20.420000	0.000000	5.3e-10
20.430000	0.000000	5.2e-10
20.440000	0.000000	5.1e-10
20.450000	0.000000	5.0e-10
20.460000	0.000000	5.0e-10
20.470000	0.000000	4.9e-10
20.480000	0.000000	4.8e-10
20.490000	0.000000	4.8e-10
20.500000	0.000000	4.7e-10
20.510000	0.000000	4.6e-10
20.520000	0.000000	4.6e-10
20.530000	0.000000	4.5e-10
20.540000	0.000000	4.5e-10
20.550000	0.000000	4.4e-10
20.560000	0.000000	4.3e-10
20.570000	0.000000	4.3e-10
20.580000	0.000000	4.2e-10
20.590000	0.000000	4.2e-10
20.600000	0.000000	4.1e-10
20.610000	0.000000	4.0e-10
20.620000	0.000000	4.0e-10
20.630000	0.000000	3.9e-10
20.640000	0.000000	3.9e-10
20.650000	0.000000	3.8e-10
20.660000	0.000000	3.8e-10
20.670000	0.000000	3.7e-10
20.680000	0.000000	3.6e-10
20.690000	0.000000	3.6e-10
20.700000	0.000000	3.5e-10
20.710000	0.000000	3.5e-10
20.720000	0.000000	3.4e-10
20.730000	0.000000	3.4e-10
20.740000	0.000000	3.3e-10
20.750000	0.000000	3.3e-10
20.760000	0.000000	3.2e-10
20.770000	0.000000	3.2e-10
20.780000	0.000000	3.1e-10
20.790000	0.000000	3.1e-10
20.800000	0.000000	3.1e-10
20.810000	0.000000	3.0e-10
20.820000	0.000000	3.0e-10
20.830000	0.000000	2.9e-10
20.840000	0.000000	2.9e-10
20.850000	0.000000	2.9e-10
20.860000	0.000000	2.8e-10
20.870000	0.000000	2.8e-10
20.880000	0.000000	2.7e-10
20.890000	0.000000	2.7e-10
20.900000	0.000000	2.7e-10
20.910000	0.000000	2.6e-10
20.920000	0.000000	2.6e-10
20.930000	0.000000	2.5e-10
20.940000	0.000000	2.5e-10
20.950000	0.000000	2.5e-10
20.960000	0.000000	2.4e-10
20.970000	0.000000	2.4e-10
20.980000	0.000000	2.4e-10
20.990000	0.000000	2.3e-10
21.000000	0.000000	2.3e-10
21.010000	0.000000	2.3e-10
21.020000	0.000000	2.2e-10
21.030000	0.000000	2.2e-10
21.040000	0.000000	2.2e-10
21.050000	0.000000	2.1e-10
21.060000	0.000000	2.1e-10
21.070000	0.000000	2.1e-10
21.080000	0.000000	2.0e-10
21.090000	0.000000	2.0e-10
21.100000	0.000000	2.0e-10
21.110000	0.000000	2.0e-10
21.120000	0.000000	1.9e-10
21.130000	0.000000	1.9e-10
21.140000	0.000000	1.9e-10
21.150000	0.000000	1.9e-10
21.160000	0.000000	1.8e-10
21.170000	0.000000	1.8e-10
21.180000	0.000000	1.8e-10
21.190000	0.000000	1.8e-10
21.200000	0.000000	1.7e-10
21.210000	0.000000	1.7e-10
21.220000	0.000000	1.7e-10
21.230000	0.000000	1.6e-10
21.240000	0.000000	1.6e-10
21.250000	0.000000	1.6e-10
21.260000	0.000000	1.6e-10
21.270000	0.000000	1.5e-10
21.280000	0.000000	1.5e-10
21.290000	0.000000	1.5e-10
21.300000	0.000000	1.5e-10
21.310000	0.000000	1.5e-10
21.320000	0.000000	1.4e-10
21.330000	0.000000	1.4e-10
21.340000	0.000000	1.4e-10
21.350000	0.000000	1.4e-10
21.360000	0.000000	1.4e-10
21.370000	0.000000	1.3e-10
21.380000	0.000000	1.3e-10
21.390000	0.000000	1.3e-10
21.400000	0.000000	1.3e-10
21.410000	0.000000	1.3e-10
21.420000	0.000000	1.3e-10
21.430000	0.000000	1.2e-10
21.440000	0.000000	1.2e-10
21.450000	0.000000	1.2e-10
21.460000	0.000000	1.2e-10
21.470000	0.000000	1.2e-10
21.480000	0.000000	1.2e-10
21.490000	0.000000	1.1e-10
21.500000	0.000000	1.1e-10
21.510000	0.000000	1.1e-10
21.520000	0.000000	1.1e-10
21.530000	0.000000	1.1e-10
21.540000	0.000000	1.1e-10
21.550000	0.000000	1.0e-10
21.560000	0.000000	1.0e-10
21.570000	0.000000	1.0e-10
21.580000	0.000000	9.9e-11
21.590000	0.000000	9.8e-11
21.600000	0.000000	9.7e-11
21.610000	0.000000	9.5e-11
21.620000	0.000000	9.4e-11
21.630000	0.000000	9.3e-11
21.640000	0.000000	9.1e-11
21.650000	0.000000	9.0e-11
21.660000	0.000000	8.9e-11
21.670000	0.000000	8.8e-11
21.680000	0.000000	8.6e-11
21.690000	0.000000	8.5e-11
21.700000	0.000000	8.4e-11
21.710000	0.000000	8.3e-11
21.720000	0.000000	8.2e-11
21.730000	0.000000	8.1e-11
21.740000	0.000000	7.9e-11
21.750000	0.000000	7.8e-11
21.760000	0.000000	7.7e-11
21.770000	0.000000	7.6e-11
21.780000	0.000000	7.5e-11
21.790000	0.000000	7.4e-11
21.800000	0.000000	7.2e-11
21.810000	0.000000	7.1e-11
21.820000	0.000000	7.0e-11
21.830000	0.000000	6.9e-11
21.840000	0.000000	6.8e-11
21.850000	0.000000	6.7e-11
21.860000	0.000000	6.6e-11
21.870000	0.000000	6.6e-11
21.880000	0.000000	6.5e-11
21.890000	0.000000	6.4e-11
21.900000	0.000000	6.3e-11
21.910000	0.000000	6.2e-11
21.920000	0.000000	6.1e-11
21.930000	0.000000	6.0e-11
21.940000	0.000000	5.9e-11
21.950000	0.000000	5.9e-11
21.960000	0.000000	5.8e-11
21.970000	0.000000	5.7e-11
21.980000	0.000000	5.6e-11
21.990000	0.000000	5.5e-11
22.000000	0.000000	5.5e-11
22.010000	0.000000	5.4e-11
22.020000	0.000000	5.3e-11
22.030000	0.000000	5.2e-11
22.040000	0.000000	5.2e-11
22.050000	0.000000	5.1e-11
22.060000	0.000000	5.0e-11
22.070000	0.000000	4.9e-11
22.080000	0.000000	4.9e-11
22.090000	0.000000	4.8e-11
22.100000	0.000000	4.7e-11
22.110000	0.000000	4.6e-11
22.120000	0.000000	4.6e-11
22.130000	0.000000	4.5e-11
22.140000	0.000000	4.4e-11
22.150000	0.000000	4.4e-11
22.160000	0.000000	4.3e-11
22.170000	0.000000	4.3e-11
22.180000	0.000000	4.2e-11
22.190000	0.000000	4.2e-11
22.200000	0.000000	4.1e-11
22.210000	0.000000	4.0e-11
22.220000	0.000000	4.0e-11
22.230000	0.000000	3.9e-11
22.240000	0.000000	3.9e-11
22.250000	0.000000	3.8e-11
22.260000	0.000000	3.8e-11
22.270000	0.000000	3.7e-11
22.280000	0.000000	3.7e-11
22.290000	0.000000	3.6e-11
22.300000	0.000000	3.5e-11
22.310000	0.000000	3.5e-11
22.320000	0.000000	3.4e-11
22.330000	0.000000	3.4e-11
22.340000	0.000000	3.3e-11
22.350000	0.000000	3.3e-11
22.360000	0.000000	3.2e-11
22.370000	0.000000	3.2e-11
22.380000	0.000000	3.1e-11
22.390000	0.000000	3.1e-11
22.400000	0.000000	3.1e-11
22.410000	0.000000	3.0e-11
22.420000	0.000000	3.0e-11
22.430000	0.000000	2.9e-11
22.440000	0.000000	2.9e-11
22.450000	0.000000	2.9e-11
22.460000	0.000000	2.8e-11
22.470000	0.000000	2.8e-11
22.480000	0.000000	2.7e-11
22.490000	0.000000	2.7e-11
22.500000	0.000000	2.7e-11
22.510000	0.000000	2.6e-11
22.520000	0.000000	2.6e-11
22.530000	0.000000	2.6e-11
22.540000	0.000000	2.5e-11
22.550000	0.000000	2.5e-11
22.560000	0.000000	2.4e-11
22.570000	0.000000	2.4e-11
22.580000	0.000000	2.4e-11
22.590000	0.000000	2.3e-11
22.600000	0.000000	2.3e-11
22.610000	0.000000	2.3e-11
22.620000	0.000000	2.2e-11
22.630000	0.000000	2.2e-11
22.640000	0.000000	2.2e-11
22.650000	0.000000	2.1e-11
22.660000	0.000000	2.1e-11
22.670000	0.000000	2.1e-11
22.680000	0.000000	2.0e-11
22.690000	0.000000	2.0e-11
22.700000	0.000000	2.0e-11
22.710000	0.000000	2.0e-11
22.720000	0.000000	1.9e-11
22.730000	0.000000	1.9e-11
22.740000	0.000000	1.9e-11
22.750000	0.000000	1.9e-11
22.760000	0.000000	1.8e-11
22.770000	0.000000	1.8e-11
22.780000	0.000000	1.8e-11
22.790000	0.000000	1.8e-11
22.800000	0.000000	1.7e-11
22.810000	0.000000	1.7e-11
22.820000	0.000000	1.7e-11
22.830000	0.000000	1.7e-11
22.840000	0.000000	1.6e-11
22.850000	0.000000	1.6e-11
22.860000	0.000000	1.6e-11
22.870000	0.000000	1.6e-11
22.880000	0.000000	1.5e-11
22.890000	0.000000	1.5e-11
22.900000	0.000000	1.5e-11
22.910000	0.000000	1.5e-11
22.920000	0.000000	1.4e-11
22.930000	0.000000	1.3e-11
22.940000	0.000000	1.3e-11
22.950000	0.000000	1.3e-11
22.960000	0.000000	1.3e-11
22.970000	0.000000	1.3e-11
22.980000	0.000000	1.2e-11
22.990000	0.000000	1.2e-11
23.000000	0.000000	1.2e-11
23.010000	0.000000	1.2e-11
23.020000	0.000000	1.2e-11
23.030000	0.000000	1.2e-11
23.040000	0.000000	1.2e-11
23.050000	0.000000	1.1e-11
23.060000	0.000000	1.1e-11
23.070000	0.000000	1.1e-11
23.080000	0.000000	1.1e-11
23.090000	0.000000	1.1e-11
23.100000	0.000000	1.1e-11
23.110000	0.000000	1.0e-11
23.120000	0.000000	1.0e-11
23.130000	0.000000	1.0e-11
23.140000	0.000000	1.0e-11
23.150000	0.000000	9.8e-12
23.160000	0.000000	9.7e-12
23.170000	0.000000	9.5e-12
23.180000	0.000000	9.4e-12
23.190000	0.000000	9.2e-12
23.200000	0.000000	9.1e-12
23.210000	0.000000	8.9e-12
23.220000	0.000000	8.8e-12
23.230000	0.000000	8.7e-12
23.240000	0.000000	8.6e-12
23.250000	0.000000	8.5e-12
23.260000	0.000000	8.4e-12
23.270000	0.000000	8.2e-12
23.280000	0.000000	8.1e-12
23.290000	0.000000	8.0e-12
23.300000	0.000000	7.9e-12
23.310000	0.000000	7.8e-12
23.320000	0.000000	7.7e-12
23.330000	0.000000	7.6e-12
23.340000	0.000000	7.5e-12
23.350000	0.000000	7.4e-12
23.360000	0.000000	7.3e-12
23.370000	0.000000	7.2e-12
23.380000	0.000000	7.1e-12
23.390000	0.000000	7.0e-12
23.400000	0.000000	6.9e-12
23.410000	0.000000	6.8e-12
23.420000	0.000000	6.7e-12
23.430000	0.000000	6.6e-12
23.440000	0.000000	6.5e-12
23.450000	0.000000	6.4e-12
23.460000	0.000000	6.3e-12
23.470000	0.000000	6.2e-12
23.480000	0.000000	6.1e-12
23.490000	0.000000	6.0e-12
23.500000	0.000000	5.9e-12
23.510000	0.000000	5.8e-12
23.520000	0.000000	5.7e-12
23.530000	0.000000	5.7e-12
23.540000	0.000000	5.6e-12
23.550000	0.000000	5.5e-12
23.560000	0.000000	5.5e-12
23.570000	0.000000	5.4e-12
23.580000	0.000000	5.3e-12
23.590000	0.000000	5.2e-12
23.600000	0.000000	5.2e-12
23.610000	0.000000	5.1e-12
23.620000	0.000000	5.0e-12
23.630000	0.000000	5.0e-12
23.640000	0.000000	4.9e-12
23.650000	0.000000	4.8e-12
23.660000	0.000000	4.8e-12
23.670000	0.000000	4.7e-12
23.680000	0.000000	4.6e-12
23.690000	0.000000	4.5e-12
23.700000	0.000000	4.5e-12
23.710000	0.000000	4.4e-12
23.720000	0.000000	4.3e-12
23.730000	0.000000	4.3e-12
23.740000	0.000000	4.2e-12
23.750000	0.000000	4.1e-12
23.760000	0.000000	4.1e-12
23.770000	0.000000	4.0e-12
23.780000	0.000000	3.9e-12
23.790000	0.000000	3.9e-12
23.800000	0.000000	3.8e-12
23.810000	0.000000	3.8e-12
23.820000	0.000000	3.7e-12
23.830000	0.000000	3.7e-12
23.840000	0.000000	3.7e-12
23.850000	0.000000	3.6e-12
23.860000	0.000000	3.6e-12
23.870000	0.000000	3.5e-12
23.880000	0.000000	3.5e-12
23.890000	0.000000	3.4e-12
23.900000	0.000000	3.4e-12
23.910000	0.000000	3.3e-12
23.920000	0.000000	3.3e-12
23.930000	0.000000	3.2e-12
23.940000	0.000000	3.2e-12
23.950000	0.000000	3.1e-12
23.960000	0.000000	3.1e-12
23.970000	0.000000	3.0e-12
23.980000	0.000000	3.0e-12
23.990000	0.000000	3.0e-12
24.000000	0.000000	2.9e-12
24.010000	0.000000	2.9e-12
24.020000	0.000000	2.8e-12
24.030000	0.000000	2.8e-12
24.040000	0.000000	2.7e-12
24.050000	0.000000	2.7e-12
24.060000	0.000000	2.6e-12
24.070000	0.000000	2.6e-12
24.080000	0.000000	2.6e-12
24.090000	0.000000	2.5e-12
24.100000	0.000000	2.5e-12
24.110000	0.000000	2.5e-12
24.120000	0.000000	2.4e-12
24.130000	0.000000	2.4e-12
24.140000	0.000000	2.4e-12
24.150000	0.000000	2.4e-12
24.160000	0.000000	2.3e-12
24.170000	0.000000	2.3e-12
24.180000	0.000000	2.3e-12
24.190000	0.000000	2.2e-12
24.200000	0.000000	2.2e-12
24.210000	0.000000	2.2e-12
24.220000	0.000000	2.1e-12
24.230000	0.000000	2.1e-12
24.240000	0.000000	2.1e-12
24.250000	0.000000	2.0e-12
24.260000	0.000000	2.0e-12
24.270000	0.000000	2.0e-12
24.280000	0.000000	1.9e-12
24.290000	0.000000	1.9e-12
24.300000	0.000000	1.9e-12
24.310000	0.000000	1.9e-12
24.320000	0.000000	1.8e-12
24.330000	0.000000	1.8e-12
24.340000	0.000000	1.8e-12
24.350000	0.000000	1.7e-12
24.360000	0.000000	1.7e-12
24.370000	0.000000	1.7e-12
24.380000	0.000000	1.7e-12
24.390000	0.000000	1.7e-12
24.400000	0.000000	1.6e-12
24.410000	0.000000	1.6e-12
24.420000	0.000000	1.6e-12
24.430000	0.000000	1.6e-12
24.440000	0.000000	1.6e-12
24.450000	0.000000	1.5e-12
24.460000	0.000000	1.5e-12
24.470000	0.000000	1.5e-12
24.480000	0.000000	1.5e-12
24.490000	0.000000	1.4e-12
24.500000	0.000000	1.4e-12
24.510000	0.000000	1.4e-12
24.520000	0.000000	1.4e-12
24.530000	0.000000	1.4e-12
24.540000	0.000000	1.3e-12
24.550000	0.000000	1.3e-12
24.560000	0.000000	1.3e-12
24.570000	0.000000	1.3e-12
24.580000	0.000000	1.3e-12
24.590000	0.000000	1.2e-12
24.600000	0.000000	1.2e-12
24.610000	0.000000	1.2e-12
24.620000	0.000000	1.2e-12
24.630000	0.000000	1.2e-12
24.640000	0.000000	1.2e-12
24.650000	0.000000	1.1e-12
24.660000	0.000000	1.1e-12
24.670000	0.000000	1.1e-12
24.680000	0.000000	1.1e-12
24.690000	0.000000	1.1e-12
24.700000	0.000000	1.1e-12
24.710000	0.000000	1.1e-12
24.720000	0.000000	1.0e-12
24.730000	0.000000	1.0e-12
24.740000	0.000000	1.0e-12
24.750000	0.000000	1.0e-12
24.760000	0.000000	9.9e-13
24.770000	0.000000	9.7e-13
24.780000	0.000000	9.6e-13
24.790000	0.000000	9.4e-13
24.800000	0.000000	9.3e-13
24.810000	0.000000	9.1e-13
24.820000	0.000000	9.0e-13
24.830000	0.000000	8.9e-13
24.840000	0.000000	8.7e-13
24.850000	0.000000	8.6e-13
24.860000	0.000000	8.4e-13
24.870000	0.000000	8.3e-13
24.880000	0.000000	8.2e-13
24.890000	0.000000	8.0e-13
24.900000	0.000000	7.9e-13
24.910000	0.000000	7.8e-13
24.920000	0.000000	7.7e-13
24.930000	0.000000	7.6e-13
24.940000	0.000000	7.5e-13
24.950000	0.000000	7.4e-13
24.960000	0.000000	7.4e-13
24.970000	0.000000	7.3e-13
24.980000	0.000000	7.2e-13
24.990000	0.000000	7.1e-13
25.000000	0.000000	7.0e-13
25.010000	0.000000	6.9e-13
25.020000	0.000000	6.8e-13
25.030000	0.000000	6.7e-13
25.040000	0.000000	6.6e-13
25.050000	0.000000	6.5e-13
25.060000	0.000000	6.4e-13
25.070000	0.000000	6.3e-13
25.080000	0.000000	6.2e-13
25.090000	0.000000	6.1e-13
25.100000	0.000000	6.0e-13
25.110000	0.000000	5.9e-13
25.120000	0.000000	5.8e-13
25.130000	0.000000	5.8e-13
25.140000	0.000000	5.7e-13
25.150000	0.000000	5.6e-13
25.160000	0.000000	5.5e-13
25.170000	0.000000	5.4e-13
25.180000	0.000000	5.3e-13
25.190000	0.000000	5.2e-13
25.200000	0.000000	5.2e-13
25.210000	0.000000	5.1e-13
25.220000	0.000000	5.1e-13
25.230000	0.000000	5.0e-13
25.240000	0.000000	4.9e-13
25.250000	0.000000	4.9e-13
25.260000	0.000000	4.8e-13
25.270000	0.000000	4.7e-13
25.280000	0.000000	4.7e-13
25.290000	0.000000	4.6e-13
25.300000	0.000000	4.5e-13
25.310000	0.000000	4.5e-13
25.320000	0.000000	4.4e-13
25.330000	0.000000	4.4e-13
25.340000	0.000000	4.3e-13
25.350000	0.000000	4.2e-13
25.360000	0.000000	4.2e-13
25.370000	0.000000	4.1e-13
25.380000	0.000000	4.0e-13
25.390000	0.000000	4.0e-13
25.400000	0.000000	3.9e-13
25.410000	0.000000	3.9e-13
25.420000	0.000000	3.8e-13
25.430000	0.000000	3.7e-13
25.440000	0.000000	3.7e-13
25.450000	0.000000	3.6e-13
25.460000	0.000000	3.6e-13
25.470000	0.000000	3.5e-13
25.480000	0.000000	3.5e-13
25.490000	0.000000	3.4e-13
25.500000	0.000000	3.4e-13
25.510000	0.000000	3.3e-13
25.520000	0.000000	3.3e-13
25.530000	0.000000	3.3e-13
25.540000	0.000000	3.2e-13
25.550000	0.000000	3.2e-13
25.560000	0.000000	3.1e-13
25.570000	0.000000	3.1e-13
25.580000	0.000000	3.1e-13
25.590000	0.000000	3.0e-13
25.600000	0.000000	3.0e-13
25.610000	0.000000	2.9e-13
25.620000	0.000000	2.9e-13
25.630000	0.000000	2.8e-13
25.640000	0.000000	2.8e-13
25.650000	0.000000	2.8e-13
25.660000	0.000000	2.7e-13
25.670000	0.000000	2.7e-13
25.680000	0.000000	2.6e-13
25.690000	0.000000	2.6e-13
25.700000	0.000000	2.5e-13
25.710000	0.000000	2.5e-13
25.720000	0.000000	2.5e-13
25.730000	0.000000	2.4e-13
25.740000	0.000000	2.4e-13
25.750000	0.000000	2.4e-13
25.760000	0.000000	2.3e-13
25.770000	0.000000	2.3e-13
25.780000	0.000000	2.3e-13
25.790000	0.000000	2.2e-13
25.800000	0.000000	2.2e-13
25.810000	0.000000	2.2e-13
25.820000	0.000000	2.2e-13
25.830000	0.000000	2.1e-13
25.840000	0.000000	2.1e-13
25.850000	0.000000	2.1e-13
25.860000	0.000000	2.0e-13
25.870000	0.000000	2.0e-13
25.880000	0.000000	2.0e-13
25.890000	0.000000	2.0e-13
25.900000	0.000000	1.9e-13
25.910000	0.000000	1.9e-13
25.920000	0.000000	1.9e-13
25.930000	0.000000	1.8e-13
25.940000	0.000000	1.8e-13
25.950000	0.000000	1.8e-13
25.960000	0.000000	1.8e-13
25.970000	0.000000	1.7e-13
25.980000	0.000000	1.7e-13
25.990000	0.000000	1.7e-13
26.000000	0.000000	1.6e-13
26.010000	0.000000	1.6e-13
26.020000	0.000000	1.6e-13
26.030000	0.000000	1.6e-13
26.040000	0.000000	1.6e-13
26.050000	0.000000	1.5e-13
26.060000	0.000000	1.5e-13
26.070000	0.000000	1.5e-13
26.080000	0.000000	1.5e-13
26.090000	0.000000	1.5e-13
26.100000	0.000000	1.4e-13
26.110000	0.000000	1.4e-13
26.120000	0.000000	1.4e-13
26.130000	0.000000	1.4e-13
26.140000	0.000000	1.4e-13
26.150000	0.000000	1.4e-13
26.160000	0.000000	1.3e-13
26.170000	0.000000	1.3e-13
26.180000	0.000000	1.3e-13
26.190000	0.000000	1.3e-13
26.200000	0.000000	1.3e-13
26.210000	0.000000	1.2e-13
26.220000	0.000000	1.2e-13
26.230000	0.000000	1.2e-13
26.240000	0.000000	1.2e-13
26.250000	0.000000	1.2e-13
26.260000	0.000000	1.1e-13
26.270000	0.000000	1.1e-13
26.280000	0.000000	1.1e-13
26.290000	0.000000	1.1e-13
26.300000	0.000000	1.1e-13
26.310000	0.000000	1.1e-13
26.320000	0.000000	1.0e-13
26.330000	0.000000	1.0e-13
26.340000	0.000000	1.0e-13
26.350000	0.000000	1.0e-13
26.360000	0.000000	1.0e-13
26.370000	0.000000	9.8e-14
26.380000	0.000000	9.7e-14
26.390000	0.000000	9.6e-14
26.400000	0.000000	9.4e-14
26.410000	0.000000	9.3e-14
26.420000	0.000000	9.2e-14
26.430000	0.000000	9.1e-14
26.440000	0.000000	8.9e-14
26.450000	0.000000	8.8e-14
26.460000	0.000000	8.7e-14
26.470000	0.000000	8.6e-14
26.480000	0.000000	8.4e-14
26.490000	0.000000	8.3e-14
26.500000	0.000000	8.2e-14
26.510000	0.000000	8.0e-14
26.520000	0.000000	7.9e-14
26.530000	0.000000	7.8e-14
26.540000	0.000000	7.7e-14
26.550000	0.000000	7.5e-14
26.560000	0.000000	7.4e-14
26.570000	0.000000	7.3e-14
26.580000	0.000000	7.2e-14
26.590000	0.000000	7.1e-14
26.600000	0.000000	7.0e-14
26.610000	0.000000	6.9e-14
26.620000	0.000000	6.8e-14
26.630000	0.000000	6.8e-14
26.640000	0.000000	6.7e-14
26.650000	0.000000	6.6e-14
26.660000	0.000000	6.5e-14
26.670000	0.000000	6.4e-14
26.680000	0.000000	6.3e-14
26.690000	0.000000	6.2e-14
26.700000	0.000000	6.2e-14
26.710000	0.000000	6.1e-14
26.720000	0.000000	6.0e-14
26.730000	0.000000	5.9e-14
26.740000	0.000000	5.8e-14
26.750000	0.000000	5.7e-14
26.760000	0.000000	5.7e-14
26.770000	0.000000	5.6e-14
26.780000	0.000000	5.5e-14
26.790000	0.000000	5.4e-14
26.800000	0.000000	5.3e-14
26.810000	0.000000	5.2e-14
26.820000	0.000000	5.1e-14
26.830000	0.000000	5.1e-14
26.840000	0.000000	5.0e-14
26.850000	0.000000	4.9e-14
26.860000	0.000000	4.8e-14
26.870000	0.000000	4.8e-14
26.880000	0.000000	4.7e-14
26.890000	0.000000	4.6e-14
26.900000	0.000000	4.6e-14
26.910000	0.000000	4.5e-14
26.920000	0.000000	4.5e-14
26.930000	0.000000	4.4e-14
26.940000	0.000000	4.4e-14
26.950000	0.000000	4.3e-14
26.960000	0.000000	4.2e-14
26.970000	0.000000	4.2e-14
26.980000	0.000000	4.1e-14
26.990000	0.000000	4.1e-14
27.000000	0.000000	4.0e-14
27.010000	0.000000	4.0e-14
27.020000	0.000000	3.9e-14
27.030000	0.000000	3.9e-14
27.040000	0.000000	3.8e-14
27.050000	0.000000	3.7e-14
27.060000	0.000000	3.7e-14
27.070000	0.000000	3.6e-14
27.080000	0.000000	3.6e-14
27.090000	0.000000	3.5e-14
27.100000	0.000000	3.5e-14
27.110000	0.000000	3.4e-14
27.120000	0.000000	3.3e-14
27.130000	0.000000	3.3e-14
27.140000	0.000000	3.2e-14
27.150000	0.000000	3.2e-14
27.160000	0.000000	3.2e-14
27.170000	0.000000	3.1e-14
27.180000	0.000000	3.1e-14
27.190000	0.000000	3.0e-14
27.200000	0.000000	3.0e-14
27.210000	0.000000	3.0e-14
27.220000	0.000000	2.9e-14
27.230000	0.000000	2.9e-14
27.240000	0.000000	2.9e-14
27.250000	0.000000	2.8e-14
27.260000	0.000000	2.8e-14
27.270000	0.000000	2.7e-14
27.280000	0.000000	2.7e-14
27.290000	0.000000	2.7e-14
27.300000	0.000000	2.6e-14
27.310000	0.000000	2.6e-14
27.320000	0.000000	2.5e-14
27.330000	0.000000	2.5e-14
27.340000	0.000000	2.5e-14
27.350000	0.000000	2.4e-14
27.360000	0.000000	2.4e-14
27.370000	0.000000	2.4e-14
27.380000	0.000000	2.3e-14
27.390000	0.000000	2.3e-14
27.400000	0.000000	2.2e-14
27.410000	0.000000	2.2e-14
27.420000	0.000000	2.2e-14
27.430000	0.000000	2.1e-14
27.440000	0.000000	2.1e-14
27.450000	0.000000	2.1e-14
27.460000	0.000000	2.1e-14
27.470000	0.000000	2.0e-14
27.480000	0.000000	2.0e-14
27.490000	0.000000	2.0e-14
27.500000	0.000000	2.0e-14
27.510000	0.000000	1.9e-14
27.520000	0.000000	1.9e-14
27.530000	0.000000	1.9e-14
27.540000	0.000000	1.9e-14
27.550000	0.000000	1.8e-14
27.560000	0.000000	1.8e-14
27.570000	0.000000	1.8e-14
27.580000	0.000000	1.8e-14
27.590000	0.000000	1.7e-14
27.600000	0.000000	1.7e-14
27.610000	0.000000	1.7e-14
27.620000	0.000000	1.7e-14
27.630000	0.000000	1.6e-14
27.640000	0.000000	1.6e-14
27.650000	0.000000	1.6e-14
27.660000	0.000000	1.6e-14
27.670000	0.000000	1.5e-14
27.680000	0.000000	1.5e-14
27.690000	0.000000	1.5e-14
27.700000	0.000000	1.5e-14
27.710000	0.000000	1.4e-14
27.720000	0.000000	1.4e-14
27.730000	0.000000	1.4e-14
27.740000	0.000000	1.4e-14
27.750000	0.000000	1.4e-14
27.760000	0.000000	1.4e-14
27.770000	0.000000	1.3e-14
27.780000	0.000000	1.3e-14
27.790000	0.000000	1.3e-14
27.800000	0.000000	1.3e-14
27.810000	0.000000	1.3e-14
27.820000	0.000000	1.2e-14
27.830000	0.000000	1.2e-14
27.840000	0.000000	1.2e-14
27.850000	0.000000	1.2e-14
27.860000	0.000000	1.2e-14
27.870000	0.000000	1.2e-14
27.880000	0.000000	1.1e-14
27.890000	0.000000	1.1e-14
27.900000	0.000000	1.1e-14
27.910000	0.000000	1.1e-14
27.920000	0.000000	1.1e-14
27.930000	0.000000	1.1e-14
27.940000	0.000000	1.0e-14
27.950000	0.000000	1.0e-14
27.960000	0.000000	1.0e-14
27.970000	0.000000	9.9e-15
27.980000	0.000000	9.8e-15
27.990000	0.000000	9.6e-15
28.000000	0.000000	9.5e-15
28.010000	0.000000	9.4e-15
28.020000	0.000000	9.3e-15
28.030000	0.000000	9.2e-15
28.040000	0.000000	9.1e-15
28.050000	0.000000	9.0e-15
28.060000	0.000000	8.8e-15
28.070000	0.000000	8.7e-15
28.080000	0.000000	8.6e-15
28.090000	0.000000	8.5e-15
28.100000	0.000000	8.4e-15
28.110000	0.000000	8.3e-15
28.120000	0.000000	8.2e-15
28.130000	0.000000	8.0e-15
28.140000	0.000000	7.9e-15
28.150000	0.000000	7.8e-15
28.160000	0.000000	7.7e-15
28.170000	0.000000	7.6e-15
28.180000	0.000000	7.5e-15
28.190000	0.000000	7.3e-15
28.200000	0.000000	7.2e-15
28.210000	0.000000	7.1e-15
28.220000	0.000000	7.0e-15
28.230000	0.000000	6.9e-15
28.240000	0.000000	6.8e-15
28.250000	0.000000	6.7e-15
28.260000	0.000000	6.6e-15
28.270000	0.000000	6.5e-15
28.280000	0.000000	6.4e-15
28.290000	0.000000	6.3e-15
28.300000	0.000000	6.2e-15
28.310000	0.000000	6.2e-15
28.320000	0.000000	6.1e-15
28.330000	0.000000	6.0e-15
28.340000	0.000000	5.9e-15
28.350000	0.000000	5.9e-15
28.360000	0.000000	5.8e-15
28.370000	0.000000	5.7e-15
28.380000	0.000000	5.6e-15
28.390000	0.000000	5.5e-15
28.400000	0.000000	5.5e-15
28.410000	0.000000	5.4e-15
28.420000	0.000000	5.3e-15
28.430000	0.000000	5.2e-15
28.440000	0.000000	5.2e-15
28.450000	0.000000	5.1e-15
28.460000	0.000000	5.0e-15
28.470000	0.000000	4.9e-15
28.480000	0.000000	4.9e-15
28.490000	0.000000	4.8e-15
28.500000	0.000000	4.7e-15
28.510000	0.000000	4.6e-15
28.520000	0.000000	4.6e-15
28.530000	0.000000	4.5e-15
28.540000	0.000000	4.4e-15
28.550000	0.000000	4.3e-15
28.560000	0.000000	4.3e-15
28.570000	0.000000	4.2e-15
28.580000	0.000000	4.2e-15
28.590000	0.000000	4.1e-15
28.600000	0.000000	4.1e-15
28.610000	0.000000	4.0e-15
28.620000	0.000000	4.0e-15
28.630000	0.000000	3.9e-15
28.640000	0.000000	3.9e-15
28.650000	0.000000	3.8e-15
28.660000	0.000000	3.8e-15
28.670000	0.000000	3.7e-15
28.680000	0.000000	3.7e-15
28.690000	0.000000	3.6e-15
28.700000	0.000000	3.6e-15
28.710000	0.000000	3.5e-15
28.720000	0.000000	3.5e-15
28.730000	0.000000	3.4e-15
28.740000	0.000000	3.4e-15
28.750000	0.000000	3.3e-15
28.760000	0.000000	3.3e-15
28.770000	0.000000	3.2e-15
28.780000	0.000000	3.2e-15
28.790000	0.000000	3.1e-15
28.800000	0.000000	3.1e-15
28.810000	0.000000	3.0e-15
28.820000	0.000000	3.0e-15
28.830000	0.000000	2.9e-15
28.840000	0.000000	2.9e-15
28.850000	0.000000	2.8e-15
28.860000	0.000000	2.8e-15
28.870000	0.000000	2.8e-15
28.880000	0.000000	2.7e-15
28.890000	0.000000	2.7e-15
28.900000	0.000000	2.7e-15
28.910000	0.000000	2.6e-15
28.920000	0.000000	2.6e-15
28.930000	0.000000	2.6e-15
28.940000	0.000000	2.5e-15
28.950000	0.000000	2.5e-15
28.960000	0.000000	2.5e-15
28.970000	0.000000	2.4e-15
28.980000	0.000000	2.4e-15
28.990000	0.000000	2.4e-15
29.000000	0.000000	2.3e-15
29.010000	0.000000	2.3e-15
29.020000	0.000000	2.3e-15
29.030000	0.000000	2.2e-15
29.040000	0.000000	2.2e-15
29.050000	0.000000	2.2e-15
29.060000	0.000000	2.1e-15
29.070000	0.000000	2.1e-15
29.080000	0.000000	2.1e-15
29.090000	0.000000	2.0e-15
29.100000	0.000000	2.0e-15
29.110000	0.000000	2.0e-15
29.120000	0.000000	1.9e-15
29.130000	0.000000	1.9e-15
29.140000	0.000000	1.9e-15
29.150000	0.000000	1.9e-15
29.160000	0.000000	1.8e-15
29.170000	0.000000	1.8e-15
29.180000	0.000000	1.8e-15
29.190000	0.000000	1.8e-15
29.200000	0.000000	1.7e-15
29.210000	0.000000	1.7e-15
29.220000	0.000000	1.7e-15
29.230000	0.000000	1.7e-15
29.240000	0.000000	1.7e-15
29.250000	0.000000	1.6e-15
29.260000	0.000000	1.6e-15
29.270000	0.000000	1.6e-15
29.280000	0.000000	1.6e-15
29.290000	0.000000	1.5e-15
29.300000	0.000000	1.5e-15
29.310000	0.000000	1.5e-15
29.320000	0.000000	1.5e-15
29.330000	0.000000	1.4e-15
29.340000	0.000000	1.4e-15
29.350000	0.000000	1.4e-15
29.360000	0.000000	1.4e-15
29.370000	0.000000	1.4e-15
29.380000	0.000000	1.3e-15
29.390000	0.000000	1.3e-15
29.400000	0.000000	1.3e-15
29.410000	0.000000	1.3e-15
29.420000	0.000000	1.3e-15
29.430000	0.000000	1.3e-15
29.440000	0.000000	1.2e-15
29.450000	0.000000	1.2e-15
29.460000	0.000000	1.2e-15
29.470000	0.000000	1.2e-15
29.480000	0.000000	1.2e-15
29.490000	0.000000	1.2e-15
29.500000	0.000000	1.1e-15
29.510000	0.000000	1.1e-15
29.520000	0.000000	1.1e-15
29.530000	0.000000	1.1e-15
29.540000	0.000000	1.1e-15
29.550000	0.000000	1.1e-15
29.560000	0.000000	1.1e-15
29.570000	0.000000	1.0e-15
29.580000	0.000000	1.0e-15
29.590000	0.000000	1.0e-15
29.600000	0.000000	9.9e-16
29.610000	0.000000	9.7e-16
29.620000	0.000000	9.6e-16
29.630000	0.000000	9.4e-16
29.640000	0.000000	9.3e-16
29.650000	0.000000	9.1e-16
29.660000	0.000000	9.0e-16
29.670000	0.000000	8.8e-16
29.680000	0.000000	8.7e-16
29.690000	0.000000	8.6e-16
29.700000	0.000000	8.5e-16
29.710000	0.000000	8.4e-16
29.720000	0.000000	8.3e-16
29.730000	0.000000	8.2e-16
29.740000	0.000000	8.1e-16
29.750000	0.000000	8.0e-16
29.760000	0.000000	7.9e-16
29.770000	0.000000	7.8e-16
29.780000	0.000000	7.7e-16
29.790000	0.000000	7.6e-16
29.800000	0.000000	7.5e-16
29.810000	0.000000	7.4e-16
29.820000	0.000000	7.3e-16
29.830000	0.000000	7.2e-16
29.840000	0.000000	7.1e-16
29.850000	0.000000	6.9e-16
29.860000	0.000000	6.8e-16
29.870000	0.000000	6.7e-16
29.880000	0.000000	6.6e-16
29.890000	0.000000	6.5e-16
29.900000	0.000000	6.4e-16
29.910000	0.000000	6.3e-16
29.920000	0.000000	6.2e-16
29.930000	0.000000	6.1e-16
29.940000	0.000000	6.0e-16
29.950000	0.000000	5.9e-16
29.960000	0.000000	5.9e-16
29.970000	0.000000	5.8e-16
29.980000	0.000000	5.7e-16
29.990000	0.000000	5.6e-16
30.000000	0.000000	5.6e-16
30.010000	0.000000	5.5e-16
30.020000	0.000000	5.4e-16
30.030000	0.000000	5.4e-16
30.040000	0.000000	5.3e-16
30.050000	0.000000	5.2e-16
30.060000	0.000000	5.2e-16
30.070000	0.000000	5.1e-16
30.080000	0.000000	5.0e-16
30.090000	0.000000	4.9e-16
