0.100000	0.000000	1974164.646285
0.110000	0.000000	2327908.875461
0.120000	0.000000	1056755.361573
0.130000	0.000000	1440243.726910
0.140000	0.000000	584426.824537
0.150000	0.000000	230743.124966
0.160000	0.000000	196210.249118
0.170000	0.000000	175167.224512
0.180000	0.000000	196996.903951
0.190000	0.000000	194279.664081
0.200000	0.000000	166543.374888
0.210000	0.000000	173173.851924
0.220000	0.000000	151730.821518
0.230000	0.000000	177809.190665
0.240000	0.000000	193751.526336
0.250000	0.000000	151542.405142
0.260000	0.000000	211715.530441
0.270000	0.000000	103586.154182
0.280000	0.000000	166141.381381
0.290000	0.000000	106330.094078
0.300000	0.000000	114588.277812
0.310000	0.000000	86180.580927
0.320000	0.000000	79301.567942
0.330000	0.000000	88116.740394
0.340000	0.000000	78651.480448
0.350000	0.000000	66966.994355
0.360000	0.000000	93429.938970
0.370000	0.000000	104270.349679
0.380000	0.000000	59039.712495
0.390000	0.000000	65025.925654
0.400000	0.000000	54012.374656
0.410000	0.000000	48548.576446
0.420000	0.000000	52105.245739
0.430000	0.000000	51584.284350
0.440000	0.000000	41860.188144
0.450000	0.000000	43786.730759
0.460000	0.000000	38051.617843
0.470000	0.000000	37919.042555
0.480000	0.000000	34823.537083
0.490000	0.000000	58370.227976
0.500000	0.000000	46952.820694
0.510000	0.000000	29622.049302
0.520000	0.000000	31473.968785
0.530000	0.000000	31692.968716
0.540000	0.000000	27371.133370
0.550000	0.000000	28660.564591
0.560000	0.000000	36656.522908
0.570000	0.000000	39996.662490
0.580000	0.000000	27611.732246
0.590000	0.000000	27496.806174
0.600000	0.000000	22222.847861
0.610000	0.000000	23695.527400
0.620000	0.000000	28591.612846
0.630000	0.000000	24015.291804
0.640000	0.000000	21536.945931
0.650000	0.000000	256637.754052
0.660000	0.000000	149679.227113
0.670000	0.000000	30814.796586
0.680000	0.000000	23519.768883
0.690000	0.000000	73477.365902
0.700000	0.000000	93604.001990
0.710000	0.000000	236245.013355
0.720000	0.000000	502147.968383
0.730000	0.000000	81435.660287
0.740000	0.000000	263021.237673
0.750000	0.000000	46004.875582
0.760000	0.000000	196443.700643
0.770000	0.000000	412374.480982
0.780000	0.000000	156955.765750
0.790000	0.000000	144007.332723
0.800000	0.000000	217098.735759
0.810000	0.000000	177781.630995
0.820000	0.000000	446547.249681
0.830000	0.000000	276790.876386
0.840000	0.000000	170293.688871
0.850000	0.000000	237229.325689
0.860000	0.000000	349561.217697
0.870000	0.000000	341554.703293
0.880000	0.000000	128991.550349
0.890000	0.000000	151629.026690
0.900000	0.000000	207846.457561
0.910000	0.000000	301416.273729
0.920000	0.000000	169013.051976
0.930000	0.000000	71480.230060
0.940000	0.000000	76847.738368
0.950000	0.000000	108411.971944
0.960000	0.000000	145490.970984
0.970000	0.000000	61466.091258
0.980000	0.000000	44247.154897
0.990000	0.000000	69738.490404
1.000000	0.000000	99983.549979
1.010000	0.000000	155722.207509
1.020000	0.000000	108002.690429
1.030000	0.000000	20892.030156
1.040000	0.000000	24571.133402
1.050000	0.000000	26764.507355
1.060000	0.000000	24324.117476
1.070000	0.000000	55551.610861
1.080000	0.000000	47607.978487
1.090000	0.000000	49471.844341
1.100000	0.000000	35663.180039
1.110000	0.000000	29604.956574
1.120000	0.000000	26877.854422
1.130000	0.000000	14576.353783
1.140000	0.000000	36912.814070
1.150000	0.000000	25640.275515
1.160000	0.000000	36220.507892
1.170000	0.000000	36923.171833
1.180000	0.000000	25083.120312
1.190000	0.000000	16796.170282
1.200000	0.000000	16872.552755
1.210000	0.000000	18800.732384
1.220000	0.000000	13501.325826
1.230000	0.000000	10562.783269
1.240000	0.000000	11041.092137
1.250000	0.000000	13505.398690
1.260000	0.000000	8551.579103
1.270000	0.000000	20473.987830
1.280000	0.000000	6910.638332
1.290000	0.000000	6367.499004
1.300000	0.000000	8305.760180
1.310000	0.000000	9301.342875
1.320000	0.000000	6943.296342
1.330000	0.000000	6962.996245
1.340000	0.000000	8170.367483
1.350000	0.000000	6819.923785
1.360000	0.000000	5874.459687
1.370000	0.000000	5744.141443
1.380000	0.000000	4227.883426
1.390000	0.000000	4228.716198
1.400000	0.000000	4666.502209
1.410000	0.000000	3722.092597
1.420000	0.000000	3977.631319
1.430000	0.000000	3871.695699
1.440000	0.000000	4430.260806
1.450000	0.000000	3145.673143
1.460000	0.000000	3181.309722
1.470000	0.000000	2900.773167
1.480000	0.000000	3005.275107
1.490000	0.000000	2865.869605
1.500000	0.000000	2676.191033
1.510000	0.000000	2610.992250
1.520000	0.000000	2626.672812
1.530000	0.000000	2567.851065
1.540000	0.000000	2434.979240
1.550000	0.000000	2344.881125
1.560000	0.000000	2296.056536
1.570000	0.000000	2298.519677
1.580000	0.000000	2214.443050
1.590000	0.000000	2160.334947
1.600000	0.000000	2201.105523
1.610000	0.000000	2152.591156
1.620000	0.000000	2034.341522
1.630000	0.000000	1979.647604
1.640000	0.000000	1939.505731
1.650000	0.000000	1954.816902
1.660000	0.000000	1887.518379
1.670000	0.000000	1827.688910
1.680000	0.000000	1791.914752
1.690000	0.000000	1754.598946
1.700000	0.000000	1718.759395
1.710000	0.000000	1685.129622
1.720000	0.000000	1648.815432
1.730000	0.000000	1616.710352
1.740000	0.000000	1585.303723
1.750000	0.000000	1559.507041
1.760000	0.000000	1520.097644
1.770000	0.000000	1489.006085
1.780000	0.000000	1457.106265
1.790000	0.000000	1428.807405
1.800000	0.000000	1404.398362
1.810000	0.000000	1374.368867
1.820000	0.000000	1347.352200
1.830000	0.000000	1321.400192
1.840000	0.000000	1295.581536
1.850000	0.000000	1269.899778
1.860000	0.000000	1244.346667
1.870000	0.000000	1220.086165
1.880000	0.000000	1197.445708
1.890000	0.000000	1175.168910
1.900000	0.000000	1153.167907
1.910000	0.000000	1131.151463
1.920000	0.000000	1109.250097
1.930000	0.000000	1087.671431
1.940000	0.000000	1066.716686
1.950000	0.000000	1045.351733
1.960000	0.000000	1024.933030
1.970000	0.000000	1004.559697
1.980000	0.000000	984.415534
1.990000	0.000000	964.759707
2.000000	0.000000	945.695753
2.010000	0.000000	927.116310
2.020000	0.000000	908.906875
2.030000	0.000000	891.375743
2.040000	0.000000	874.388010
2.050000	0.000000	857.657944
2.060000	0.000000	841.887179
2.070000	0.000000	827.331748
2.080000	0.000000	812.392710
2.090000	0.000000	797.707139
2.100000	0.000000	783.226263
2.110000	0.000000	769.207679
2.120000	0.000000	852.980864
2.130000	0.000000	791.716855
2.140000	0.000000	772.959703
2.150000	0.000000	836.744319
2.160000	0.000000	740.768539
2.170000	0.000000	685.252179
2.180000	0.000000	671.907822
2.190000	0.000000	658.696975
2.200000	0.000000	645.596164
2.210000	0.000000	632.666483
2.220000	0.000000	619.996062
2.230000	0.000000	607.609295
2.240000	0.000000	595.785556
2.250000	0.000000	584.972977
2.260000	0.000000	575.239590
2.270000	0.000000	567.109994
2.280000	0.000000	556.170739
2.290000	0.000000	546.925792
2.300000	0.000000	550.887315
2.310000	0.000000	528.795693
2.320000	0.000000	516.384769
2.330000	0.000000	507.261963
2.340000	0.000000	498.264575
2.350000	0.000000	489.292575
2.360000	0.000000	480.365830
2.370000	0.000000	471.475424
2.380000	0.000000	462.592231
2.390000	0.000000	453.736831
2.400000	0.000000	444.951971
2.410000	0.000000	436.236754
2.420000	0.000000	427.559928
2.430000	0.000000	418.967070
2.440000	0.000000	410.623381
2.450000	0.000000	402.407125
2.460000	0.000000	399.464771
2.470000	0.000000	389.692009
2.480000	0.000000	382.390226
2.490000	0.000000	375.815831
2.500000	0.000000	369.348766
2.510000	0.000000	373.260202
2.520000	0.000000	363.849124
2.530000	0.000000	350.377944
2.540000	0.000000	344.359736
2.550000	0.000000	338.378777
2.560000	0.000000	332.465087
2.570000	0.000000	327.004791
2.580000	0.000000	322.154629
2.590000	0.000000	315.099739
2.600000	0.000000	308.900731
2.610000	0.000000	302.886938
2.620000	0.000000	296.760119
2.630000	0.000000	291.777765
2.640000	0.000000	289.945108
2.650000	0.000000	280.834767
2.660000	0.000000	274.693111
2.670000	0.000000	269.750413
2.680000	0.000000	264.913515
2.690000	0.000000	260.619725
2.700000	0.000000	257.379493
2.710000	0.000000	253.076663
2.720000	0.000000	247.960339
2.730000	0.000000	244.961655
2.740000	0.000000	250.170506
2.750000	0.000000	270.604005
2.760000	0.000000	248.352022
2.770000	0.000000	255.599389
2.780000	0.000000	303.359968
2.790000	0.000000	221.669785
2.800000	0.000000	215.259792
2.810000	0.000000	211.291738
2.820000	0.000000	207.419405
2.830000	0.000000	203.534085
2.840000	0.000000	199.676710
2.850000	0.000000	195.855569
2.860000	0.000000	192.214647
2.870000	0.000000	188.937945
2.880000	0.000000	185.605946
2.890000	0.000000	182.051333
2.900000	0.000000	178.767880
2.910000	0.000000	175.572567
2.920000	0.000000	172.691393
2.930000	0.000000	169.924164
2.940000	0.000000	167.106519
2.950000	0.000000	164.500250
2.960000	0.000000	162.151897
2.970000	0.000000	158.732271
2.980000	0.000000	156.076135
2.990000	0.000000	153.410377
3.000000	0.000000	150.848559
3.010000	0.000000	148.159909
3.020000	0.000000	145.471520
3.030000	0.000000	144.274177
3.040000	0.000000	142.500554
3.050000	0.000000	138.728694
3.060000	0.000000	135.170431
3.070000	0.000000	134.098716
3.080000	0.000000	136.100246
3.090000	0.000000	182.800912
3.100000	0.000000	457.366342
3.110000	0.000000	193.707006
3.120000	0.000000	309.992128
3.130000	0.000000	617.235167
3.140000	0.000000	175.734858
3.150000	0.000000	114.803628
3.160000	0.000000	112.790440
3.170000	0.000000	111.063948
3.180000	0.000000	109.441464
3.190000	0.000000	107.614244
3.200000	0.000000	107.481715
3.210000	0.000000	106.060362
3.220000	0.000000	102.489984
3.230000	0.000000	100.519702
3.240000	0.000000	98.753197
3.250000	0.000000	97.074980
3.260000	0.000000	96.076365
3.270000	0.000000	98.178307
3.280000	0.000000	92.653898
3.290000	0.000000	90.540861
3.300000	0.000000	88.950132
3.310000	0.000000	88.303494
3.320000	0.000000	87.441869
3.330000	0.000000	84.570190
3.340000	0.000000	82.562435
3.350000	0.000000	81.890697
3.360000	0.000000	80.387520
3.370000	0.000000	78.367510
3.380000	0.000000	76.882283
3.390000	0.000000	75.654283
3.400000	0.000000	74.466200
3.410000	0.000000	73.349578
3.420000	0.000000	72.214245
3.430000	0.000000	71.691754
3.440000	0.000000	71.292701
3.450000	0.000000	68.893232
3.460000	0.000000	67.667011
3.470000	0.000000	74.760361
3.480000	0.000000	67.401394
3.490000	0.000000	67.237188
3.500000	0.000000	71.037031
3.510000	0.000000	65.344880
3.520000	0.000000	60.880913
3.530000	0.000000	59.625390
3.540000	0.000000	58.615568
3.550000	0.000000	57.735649
3.560000	0.000000	56.798620
3.570000	0.000000	55.842546
3.580000	0.000000	55.548352
3.590000	0.000000	54.863322
3.600000	0.000000	56.208251
3.610000	0.000000	76.609695
3.620000	0.000000	56.950345
3.630000	0.000000	50.358494
3.640000	0.000000	49.610389
3.650000	0.000000	48.540999
3.660000	0.000000	47.731045
3.670000	0.000000	48.080511
3.680000	0.000000	63.805317
3.690000	0.000000	56.015358
3.700000	0.000000	44.655342
3.710000	0.000000	43.865460
3.720000	0.000000	43.128568
3.730000	0.000000	42.460584
3.740000	0.000000	41.832948
3.750000	0.000000	41.160367
3.760000	0.000000	40.398547
3.770000	0.000000	40.469129
3.780000	0.000000	47.643574
3.790000	0.000000	43.261978
3.800000	0.000000	39.175706
3.810000	0.000000	38.040588
3.820000	0.000000	36.532077
3.830000	0.000000	36.130166
3.840000	0.000000	39.606003
3.850000	0.000000	73.562928
3.860000	0.000000	92.964406
3.870000	0.000000	75.398228
3.880000	0.000000	58.599659
3.890000	0.000000	77.803588
3.900000	0.000000	82.144682
3.910000	0.000000	31.255410
3.920000	0.000000	30.761679
3.930000	0.000000	30.341501
3.940000	0.000000	29.702346
3.950000	0.000000	29.256818
3.960000	0.000000	31.904095
3.970000	0.000000	28.450861
3.980000	0.000000	27.827653
3.990000	0.000000	27.376262
4.000000	0.000000	28.076701
4.010000	0.000000	26.953079
4.020000	0.000000	26.074125
4.030000	0.000000	26.122134
4.040000	0.000000	25.917801
4.050000	0.000000	25.365587
4.060000	0.000000	24.844961
4.070000	0.000000	24.223163
4.080000	0.000000	23.670227
4.090000	0.000000	23.063382
4.100000	0.000000	22.719198
4.110000	0.000000	22.376253
4.120000	0.000000	22.461368
4.130000	0.000000	21.691976
4.140000	0.000000	21.380880
4.150000	0.000000	21.003396
4.160000	0.000000	20.649439
4.170000	0.000000	20.309979
4.180000	0.000000	19.991184
4.190000	0.000000	19.683775
4.200000	0.000000	19.378058
4.210000	0.000000	19.073103
4.220000	0.000000	18.769077
4.230000	0.000000	18.557420
4.240000	0.000000	18.364268
4.250000	0.000000	17.925541
4.260000	0.000000	17.578788
4.270000	0.000000	17.302440
4.280000	0.000000	16.982865
4.290000	0.000000	16.679593
4.300000	0.000000	16.383767
4.310000	0.000000	16.110973
4.320000	0.000000	15.829973
4.330000	0.000000	15.744292
4.340000	0.000000	15.382513
4.350000	0.000000	15.060815
4.360000	0.000000	14.817355
4.370000	0.000000	14.570496
4.380000	0.000000	14.325419
4.390000	0.000000	14.093986
4.400000	0.000000	13.864641
4.410000	0.000000	13.645624
4.420000	0.000000	13.449642
4.430000	0.000000	13.274642
4.440000	0.000000	13.030971
4.450000	0.000000	12.831322
4.460000	0.000000	12.725336
4.470000	0.000000	12.508746
4.480000	0.000000	12.753902
4.490000	0.000000	12.150957
4.500000	0.000000	16.695945
4.510000	0.000000	14.284918
4.520000	0.000000	11.874750
4.530000	0.000000	11.332934
4.540000	0.000000	11.111994
4.550000	0.000000	10.851465
4.560000	0.000000	10.672362
4.570000	0.000000	11.583073
4.580000	0.000000	12.663992
4.590000	0.000000	10.139943
4.600000	0.000000	9.974869
4.610000	0.000000	9.816324
4.620000	0.000000	9.671092
4.630000	0.000000	9.492340
4.640000	0.000000	9.340255
4.650000	0.000000	9.224940
4.660000	0.000000	9.062877
4.670000	0.000000	8.921087
4.680000	0.000000	8.875795
4.690000	0.000000	8.836680
4.700000	0.000000	8.937224
4.710000	0.000000	9.464950
4.720000	0.000000	9.689024
4.730000	0.000000	9.163546
4.740000	0.000000	8.519031
4.750000	0.000000	8.100840
4.760000	0.000000	7.930794
4.770000	0.000000	7.582721
4.780000	0.000000	7.457563
4.790000	0.000000	7.334908
4.800000	0.000000	7.208687
4.810000	0.000000	7.156853
4.820000	0.000000	8.614326
4.830000	0.000000	7.395292
4.840000	0.000000	6.799219
4.850000	0.000000	6.759136
4.860000	0.000000	6.589527
4.870000	0.000000	6.408933
4.880000	0.000000	6.307626
4.890000	0.000000	6.214550
4.900000	0.000000	6.122873
4.910000	0.000000	6.031806
4.920000	0.000000	6.020562
4.930000	0.000000	6.113700
4.940000	0.000000	5.760158
4.950000	0.000000	5.669882
4.960000	0.000000	5.580119
4.970000	0.000000	5.485791
4.980000	0.000000	5.531966
4.990000	0.000000	5.328061
5.000000	0.000000	5.219862
5.010000	0.000000	5.133549
5.020000	0.000000	5.106008
5.030000	0.000000	4.998484
5.040000	0.000000	4.913078
5.050000	0.000000	4.842843
5.060000	0.000000	4.742355
5.070000	0.000000	4.658176
5.080000	0.000000	4.580737
5.090000	0.000000	4.489886
5.100000	0.000000	4.418599
5.110000	0.000000	4.344013
5.120000	0.000000	4.277533
5.130000	0.000000	4.222033
5.140000	0.000000	4.160694
5.150000	0.000000	4.104800
5.160000	0.000000	4.043854
5.170000	0.000000	3.978629
5.180000	0.000000	3.917306
5.190000	0.000000	3.857134
5.200000	0.000000	3.796388
5.210000	0.000000	3.734362
5.220000	0.000000	3.673515
5.230000	0.000000	3.614163
5.240000	0.000000	3.554686
5.250000	0.000000	3.496421
5.260000	0.000000	3.439734
5.270000	0.000000	3.383862
5.280000	0.000000	3.328044
5.290000	0.000000	3.273110
5.300000	0.000000	3.217117
5.310000	0.000000	3.161701
5.320000	0.000000	3.107609
5.330000	0.000000	3.054945
5.340000	0.000000	3.005423
5.350000	0.000000	2.957063
5.360000	0.000000	2.911911
5.370000	0.000000	2.867884
5.380000	0.000000	2.824406
5.390000	0.000000	2.782502
5.400000	0.000000	2.741819
5.410000	0.000000	2.701643
5.420000	0.000000	2.662105
5.430000	0.000000	2.622682
5.440000	0.000000	2.583363
5.450000	0.000000	2.546092
5.460000	0.000000	2.514865
5.470000	0.000000	2.468849
5.480000	0.000000	2.421812
5.490000	0.000000	2.432206
5.500000	0.000000	2.375374
5.510000	0.000000	2.315170
5.520000	0.000000	2.271646
5.530000	0.000000	2.257821
5.540000	0.000000	2.218397
5.550000	0.000000	2.162744
5.560000	0.000000	2.124684
5.570000	0.000000	2.111145
5.580000	0.000000	2.085235
5.590000	0.000000	2.016489
5.600000	0.000000	1.992181
5.610000	0.000000	1.988191
5.620000	0.000000	1.952219
5.630000	0.000000	1.970754
5.640000	0.000000	1.905131
5.650000	0.000000	1.857045
5.660000	0.000000	1.823283
5.670000	0.000000	1.809786
5.680000	0.000000	1.767086
5.690000	0.000000	1.730656
5.700000	0.000000	1.702673
5.710000	0.000000	1.676007
5.720000	0.000000	1.649352
5.730000	0.000000	1.622954
5.740000	0.000000	1.596939
5.750000	0.000000	1.574836
5.760000	0.000000	1.555917
5.770000	0.000000	1.526528
5.780000	0.000000	1.499330
5.790000	0.000000	1.473055
5.800000	0.000000	1.449798
5.810000	0.000000	1.422305
5.820000	0.000000	1.398104
5.830000	0.000000	1.374208
5.840000	0.000000	1.351759
5.850000	0.000000	1.331591
5.860000	0.000000	1.313504
5.870000	0.000000	1.293742
5.880000	0.000000	1.277154
5.890000	0.000000	1.257662
5.900000	0.000000	1.236648
5.910000	0.000000	1.219864
5.920000	0.000000	1.201385
5.930000	0.000000	1.182606
5.940000	0.000000	1.165430
5.950000	0.000000	1.150350
5.960000	0.000000	1.129945
5.970000	0.000000	1.109597
5.980000	0.000000	1.095827
5.990000	0.000000	1.079247
6.000000	0.000000	1.058826
6.010000	0.000000	1.040920
6.020000	0.000000	1.027216
6.030000	0.000000	1.011673
6.040000	0.000000	0.992084
6.050000	0.000000	0.974330
6.060000	0.000000	0.960627
6.070000	0.000000	0.944933
6.080000	0.000000	0.926144
6.090000	0.000000	0.910650
6.100000	0.000000	0.897917
6.110000	0.000000	0.886747
6.120000	0.000000	0.873592
6.130000	0.000000	0.859984
6.140000	0.000000	0.845371
6.150000	0.000000	0.832241
6.160000	0.000000	0.819256
6.170000	0.000000	0.807648
6.180000	0.000000	0.795030
6.190000	0.000000	0.782882
6.200000	0.000000	0.770998
6.210000	0.000000	0.758994
6.220000	0.000000	0.747161
6.230000	0.000000	0.735377
6.240000	0.000000	0.723763
6.250000	0.000000	0.712665
6.260000	0.000000	0.701636
6.270000	0.000000	0.690576
6.280000	0.000000	0.679600
6.290000	0.000000	0.668165
6.300000	0.000000	0.656840
6.310000	0.000000	0.645689
6.320000	0.000000	0.636075
6.330000	0.000000	0.626687
6.340000	0.000000	0.615013
6.350000	0.000000	0.605125
6.360000	0.000000	0.596169
6.370000	0.000000	0.587524
6.380000	0.000000	0.579003
6.390000	0.000000	0.571330
6.400000	0.000000	0.569173
6.410000	0.000000	0.717312
6.420000	0.000000	1.071839
6.430000	0.000000	1.139222
6.440000	0.000000	0.633866
6.450000	0.000000	0.836026
6.460000	0.000000	1.237328
6.470000	0.000000	1.090232
6.480000	0.000000	0.620096
6.490000	0.000000	2.219315
6.500000	0.000000	2.168202
6.510000	0.000000	0.938949
6.520000	0.000000	0.606503
6.530000	0.000000	0.997005
6.540000	0.000000	1.010132
6.550000	0.000000	0.676739
6.560000	0.000000	0.492068
6.570000	0.000000	0.681754
6.580000	0.000000	0.810647
6.590000	0.000000	0.554400
6.600000	0.000000	0.498446
6.610000	0.000000	0.555403
6.620000	0.000000	0.512967
6.630000	0.000000	0.419348
6.640000	0.000000	0.428990
6.650000	0.000000	0.460637
6.660000	0.000000	0.410137
6.670000	0.000000	0.402934
6.680000	0.000000	0.376502
6.690000	0.000000	0.368257
6.700000	0.000000	0.374527
6.710000	0.000000	0.359833
6.720000	0.000000	0.342721
6.730000	0.000000	0.335518
6.740000	0.000000	0.330353
6.750000	0.000000	0.325289
6.760000	0.000000	0.320286
6.770000	0.000000	0.315249
6.780000	0.000000	0.310256
6.790000	0.000000	0.305262
6.800000	0.000000	0.300277
6.810000	0.000000	0.295209
6.820000	0.000000	0.290245
6.830000	0.000000	0.285511
6.840000	0.000000	0.281102
6.850000	0.000000	0.276743
6.860000	0.000000	0.272432
6.870000	0.000000	0.268387
6.880000	0.000000	0.264484
6.890000	0.000000	0.260606
6.900000	0.000000	0.257475
6.910000	0.000000	0.253832
6.920000	0.000000	0.249162
6.930000	0.000000	0.245485
6.940000	0.000000	0.241643
6.950000	0.000000	0.238210
6.960000	0.000000	0.234382
6.970000	0.000000	0.230793
6.980000	0.000000	0.227083
6.990000	0.000000	0.223528
7.000000	0.000000	0.220165
7.010000	0.000000	0.216814
7.020000	0.000000	0.213595
7.030000	0.000000	0.210177
7.040000	0.000000	0.206794
7.050000	0.000000	0.203716
7.060000	0.000000	0.200442
7.070000	0.000000	0.197036
7.080000	0.000000	0.193783
7.090000	0.000000	0.190636
7.100000	0.000000	0.187761
7.110000	0.000000	0.184964
7.120000	0.000000	0.182023
7.130000	0.000000	0.179293
7.140000	0.000000	0.176712
7.150000	0.000000	0.173977
7.160000	0.000000	0.171437
7.170000	0.000000	0.169234
7.180000	0.000000	0.166821
7.190000	0.000000	0.173249
7.200000	0.000000	0.165048
7.210000	0.000000	0.158823
7.220000	0.000000	0.156425
7.230000	0.000000	0.154033
7.240000	0.000000	0.151680
7.250000	0.000000	0.149677
7.260000	0.000000	0.149761
7.270000	0.000000	0.150034
7.280000	0.000000	0.143048
7.290000	0.000000	0.140595
7.300000	0.000000	0.138220
7.310000	0.000000	0.136001
7.320000	0.000000	0.133625
7.330000	0.000000	0.131539
7.340000	0.000000	0.130944
7.350000	0.000000	0.130692
7.360000	0.000000	0.126921
7.370000	0.000000	0.123884
7.380000	0.000000	0.121742
7.390000	0.000000	0.119889
7.400000	0.000000	0.118140
7.410000	0.000000	0.116725
7.420000	0.000000	0.116339
7.430000	0.000000	0.115709
7.440000	0.000000	0.112609
7.450000	0.000000	0.110162
7.460000	0.000000	0.108378
7.470000	0.000000	0.106296
7.480000	0.000000	0.104756
7.490000	0.000000	0.105802
7.500000	0.000000	0.102705
7.510000	0.000000	0.104549
7.520000	0.000000	0.101583
7.530000	0.000000	0.099008
7.540000	0.000000	0.097848
7.550000	0.000000	0.095660
7.560000	0.000000	0.092977
7.570000	0.000000	0.091220
7.580000	0.000000	0.089994
7.590000	0.000000	0.088468
7.600000	0.000000	0.086842
7.610000	0.000000	0.085565
7.620000	0.000000	0.084821
7.630000	0.000000	0.084199
7.640000	0.000000	0.081651
7.650000	0.000000	0.080269
7.660000	0.000000	0.079064
7.670000	0.000000	0.077909
7.680000	0.000000	0.076788
7.690000	0.000000	0.075621
7.700000	0.000000	0.074460
7.710000	0.000000	0.073326
7.720000	0.000000	0.072921
7.730000	0.000000	0.071732
7.740000	0.000000	0.070131
7.750000	0.000000	0.069127
7.760000	0.000000	0.068300
7.770000	0.000000	0.067975
7.780000	0.000000	0.068554
7.790000	0.000000	0.069038
7.800000	0.000000	0.066478
7.810000	0.000000	0.063353
7.820000	0.000000	0.062650
7.830000	0.000000	0.061648
7.840000	0.000000	0.060017
7.850000	0.000000	0.059204
7.860000	0.000000	0.058172
7.870000	0.000000	0.057274
7.880000	0.000000	0.056371
7.890000	0.000000	0.055479
7.900000	0.000000	0.054622
7.910000	0.000000	0.053806
7.920000	0.000000	0.053029
7.930000	0.000000	0.052257
7.940000	0.000000	0.051489
7.950000	0.000000	0.050721
7.960000	0.000000	0.049973
7.970000	0.000000	0.049325
7.980000	0.000000	0.048420
7.990000	0.000000	0.047645
8.000000	0.000000	0.046925
8.010000	0.000000	0.046217
8.020000	0.000000	0.045538
8.030000	0.000000	0.044867
8.040000	0.000000	0.044197
8.050000	0.000000	0.043528
8.060000	0.000000	0.042860
8.070000	0.000000	0.042194
8.080000	0.000000	0.041530
8.090000	0.000000	0.040894
8.100000	0.000000	0.040260
8.110000	0.000000	0.039585
8.120000	0.000000	0.039002
8.130000	0.000000	0.038423
8.140000	0.000000	0.037844
8.150000	0.000000	0.037261
8.160000	0.000000	0.037006
8.170000	0.000000	0.036118
8.180000	0.000000	0.035627
8.190000	0.000000	0.035077
8.200000	0.000000	0.034550
8.210000	0.000000	0.034077
8.220000	0.000000	0.033543
8.230000	0.000000	0.033004
8.240000	0.000000	0.032493
8.250000	0.000000	0.031995
8.260000	0.000000	0.031513
8.270000	0.000000	0.031042
8.280000	0.000000	0.030589
8.290000	0.000000	0.030149
8.300000	0.000000	0.029691
8.310000	0.000000	0.029244
8.320000	0.000000	0.028788
8.330000	0.000000	0.028323
8.340000	0.000000	0.028003
8.350000	0.000000	0.027454
8.360000	0.000000	0.027019
8.370000	0.000000	0.026595
8.380000	0.000000	0.026197
8.390000	0.000000	0.025826
8.400000	0.000000	0.025440
8.410000	0.000000	0.025041
8.420000	0.000000	0.024696
8.430000	0.000000	0.024346
8.440000	0.000000	0.023914
8.450000	0.000000	0.023569
8.460000	0.000000	0.023225
8.470000	0.000000	0.022883
8.480000	0.000000	0.022544
8.490000	0.000000	0.022185
8.500000	0.000000	0.021836
8.510000	0.000000	0.021517
8.520000	0.000000	0.021191
8.530000	0.000000	0.020856
8.540000	0.000000	0.020547
8.550000	0.000000	0.020247
8.560000	0.000000	0.019947
8.570000	0.000000	0.019649
8.580000	0.000000	0.019352
8.590000	0.000000	0.019058
8.600000	0.000000	0.018764
8.610000	0.000000	0.018469
8.620000	0.000000	0.018169
8.630000	0.000000	0.017893
8.640000	0.000000	0.017631
8.650000	0.000000	0.017373
8.660000	0.000000	0.017100
8.670000	0.000000	0.016837
8.680000	0.000000	0.016580
8.690000	0.000000	0.016326
8.700000	0.000000	0.016081
8.710000	0.000000	0.015854
8.720000	0.000000	0.015620
8.730000	0.000000	0.015387
8.740000	0.000000	0.015158
8.750000	0.000000	0.014928
8.760000	0.000000	0.014699
8.770000	0.000000	0.014470
8.780000	0.000000	0.014246
8.790000	0.000000	0.014033
8.800000	0.000000	0.013829
8.810000	0.000000	0.013628
8.820000	0.000000	0.013431
8.830000	0.000000	0.013218
8.840000	0.000000	0.013016
8.850000	0.000000	0.012817
8.860000	0.000000	0.012618
8.870000	0.000000	0.012420
8.880000	0.000000	0.012226
8.890000	0.000000	0.012042
8.900000	0.000000	0.011865
8.910000	0.000000	0.011692
8.920000	0.000000	0.011518
8.930000	0.000000	0.011346
8.940000	0.000000	0.011174
8.950000	0.000000	0.011001
8.960000	0.000000	0.010831
8.970000	0.000000	0.010674
8.980000	0.000000	0.010520
8.990000	0.000000	0.010365
9.000000	0.000000	0.010202
9.010000	0.000000	0.010049
9.020000	0.000000	0.009895
9.030000	0.000000	0.009742
9.040000	0.000000	0.009590
9.050000	0.000000	0.009444
9.060000	0.000000	0.009306
9.070000	0.000000	0.009172
9.080000	0.000000	0.009039
9.090000	0.000000	0.008905
9.100000	0.000000	0.008772
9.110000	0.000000	0.008639
9.120000	0.000000	0.008506
9.130000	0.000000	0.008374
9.140000	0.000000	0.008243
9.150000	0.000000	0.008120
9.160000	0.000000	0.007997
9.170000	0.000000	0.007876
9.180000	0.000000	0.007760
9.190000	0.000000	0.007644
9.200000	0.000000	0.007529
9.210000	0.000000	0.007414
9.220000	0.000000	0.007299
9.230000	0.000000	0.007190
9.240000	0.000000	0.007086
9.250000	0.000000	0.006983
9.260000	0.000000	0.006881
9.270000	0.000000	0.006778
9.280000	0.000000	0.006675
9.290000	0.000000	0.006572
9.300000	0.000000	0.006470
9.310000	0.000000	0.006369
9.320000	0.000000	0.006274
9.330000	0.000000	0.006182
9.340000	0.000000	0.006090
9.350000	0.000000	0.006001
9.360000	0.000000	0.005912
9.370000	0.000000	0.005823
9.380000	0.000000	0.005734
9.390000	0.000000	0.005645
9.400000	0.000000	0.005558
9.410000	0.000000	0.005475
9.420000	0.000000	0.005394
9.430000	0.000000	0.005316
9.440000	0.000000	0.005238
9.450000	0.000000	0.005161
9.460000	0.000000	0.005083
9.470000	0.000000	0.005006
9.480000	0.000000	0.004929
9.490000	0.000000	0.004853
9.500000	0.000000	0.004778
9.510000	0.000000	0.004708
9.520000	0.000000	0.004639
9.530000	0.000000	0.004571
9.540000	0.000000	0.004502
9.550000	0.000000	0.004433
9.560000	0.000000	0.004365
9.570000	0.000000	0.004297
9.580000	0.000000	0.004231
9.590000	0.000000	0.004170
9.600000	0.000000	0.004110
9.610000	0.000000	0.004051
9.620000	0.000000	0.003991
9.630000	0.000000	0.003932
9.640000	0.000000	0.003872
9.650000	0.000000	0.003813
9.660000	0.000000	0.003754
9.670000	0.000000	0.003694
9.680000	0.000000	0.003640
9.690000	0.000000	0.003587
9.700000	0.000000	0.003535
9.710000	0.000000	0.003483
9.720000	0.000000	0.003432
9.730000	0.000000	0.003380
9.740000	0.000000	0.003328
9.750000	0.000000	0.003277
9.760000	0.000000	0.003227
9.770000	0.000000	0.003180
9.780000	0.000000	0.003134
9.790000	0.000000	0.003088
9.800000	0.000000	0.003042
9.810000	0.000000	0.002996
9.820000	0.000000	0.002950
9.830000	0.000000	0.002904
9.840000	0.000000	0.002856
9.850000	0.000000	0.002814
9.860000	0.000000	0.002774
9.870000	0.000000	0.002734
9.880000	0.000000	0.002694
9.890000	0.000000	0.002654
9.900000	0.000000	0.002614
9.910000	0.000000	0.002575
9.920000	0.000000	0.002535
9.930000	0.000000	0.002497
9.940000	0.000000	0.002461
9.950000	0.000000	0.002425
9.960000	0.000000	0.002390
9.970000	0.000000	0.002355
9.980000	0.000000	0.002321
9.990000	0.000000	0.002286
10.000000	0.000000	0.002250
10.010000	0.000000	0.002215
10.020000	0.000000	0.002180
10.030000	0.000000	0.002148
10.040000	0.000000	0.002117
10.050000	0.000000	0.002086
10.060000	0.000000	0.002055
10.070000	0.000000	0.002024
10.080000	0.000000	0.001994
10.090000	0.000000	0.001963
10.100000	0.000000	0.001933
10.110000	0.000000	0.001903
10.120000	0.000000	0.001875
10.130000	0.000000	0.001848
10.140000	0.000000	0.001822
10.150000	0.000000	0.001795
10.160000	0.000000	0.001768
10.170000	0.000000	0.001740
10.180000	0.000000	0.001713
10.190000	0.000000	0.001688
10.200000	0.000000	0.001663
10.210000	0.000000	0.001639
10.220000	0.000000	0.001615
10.230000	0.000000	0.001592
10.240000	0.000000	0.001569
10.250000	0.000000	0.001546
10.260000	0.000000	0.001522
10.270000	0.000000	0.001499
10.280000	0.000000	0.001476
10.290000	0.000000	0.001453
10.300000	0.000000	0.001432
10.310000	0.000000	0.001411
10.320000	0.000000	0.001390
10.330000	0.000000	0.001370
10.340000	0.000000	0.001348
10.350000	0.000000	0.001328
10.360000	0.000000	0.001307
10.370000	0.000000	0.001287
10.380000	0.000000	0.001268
10.390000	0.000000	0.001249
10.400000	0.000000	0.001231
10.410000	0.000000	0.001213
10.420000	0.000000	0.001196
10.430000	0.000000	0.001178
10.440000	0.000000	0.001160
10.450000	0.000000	0.001143
10.460000	0.000000	0.001126
10.470000	0.000000	0.001110
10.480000	0.000000	0.001094
10.490000	0.000000	0.001078
10.500000	0.000000	0.001062
10.510000	0.000000	0.001046
10.520000	0.000000	0.001030
10.530000	0.000000	0.001015
10.540000	0.000000	0.000999
10.550000	0.000000	0.000984
10.560000	0.000000	0.000969
10.570000	0.000000	0.000954
10.580000	0.000000	0.000940
10.590000	0.000000	0.000927
10.600000	0.000000	0.000913
10.610000	0.000000	0.000899
10.620000	0.000000	0.000886
10.630000	0.000000	0.000872
10.640000	0.000000	0.000859
10.650000	0.000000	0.000846
10.660000	0.000000	0.000834
10.670000	0.000000	0.000821
10.680000	0.000000	0.000809
10.690000	0.000000	0.000797
10.700000	0.000000	0.000785
10.710000	0.000000	0.000773
10.720000	0.000000	0.000762
10.730000	0.000000	0.000751
10.740000	0.000000	0.000740
10.750000	0.000000	0.000730
10.760000	0.000000	0.000719
10.770000	0.000000	0.000709
10.780000	0.000000	0.000698
10.790000	0.000000	0.000688
10.800000	0.000000	0.000677
10.810000	0.000000	0.000667
10.820000	0.000000	0.000657
10.830000	0.000000	0.000647
10.840000	0.000000	0.000637
10.850000	0.000000	0.000627
10.860000	0.000000	0.000618
10.870000	0.000000	0.000609
10.880000	0.000000	0.000600
10.890000	0.000000	0.000591
10.900000	0.000000	0.000582
10.910000	0.000000	0.000573
10.920000	0.000000	0.000565
10.930000	0.000000	0.000556
10.940000	0.000000	0.000548
10.950000	0.000000	0.000540
10.960000	0.000000	0.000532
10.970000	0.000000	0.000524
10.980000	0.000000	0.000517
10.990000	0.000000	0.000510
11.000000	0.000000	0.000502
11.010000	0.000000	0.000495
11.020000	0.000000	0.000487
11.030000	0.000000	0.000480
11.040000	0.000000	0.000473
11.050000	0.000000	0.000466
11.060000	0.000000	0.000459
11.070000	0.000000	0.000452
11.080000	0.000000	0.000445
11.090000	0.000000	0.000439
11.100000	0.000000	0.000432
11.110000	0.000000	0.000426
11.120000	0.000000	0.000419
11.130000	0.000000	0.000413
11.140000	0.000000	0.000407
11.150000	0.000000	0.000401
11.160000	0.000000	0.000395
11.170000	0.000000	0.000389
11.180000	0.000000	0.000383
11.190000	0.000000	0.000377
11.200000	0.000000	0.000371
11.210000	0.000000	0.000366
11.220000	0.000000	0.000361
11.230000	0.000000	0.000355
11.240000	0.000000	0.000350
11.250000	0.000000	0.000345
11.260000	0.000000	0.000340
11.270000	0.000000	0.000336
11.280000	0.000000	0.000331
11.290000	0.000000	0.000326
11.300000	0.000000	0.000321
11.310000	0.000000	0.000316
11.320000	0.000000	0.000312
11.330000	0.000000	0.000307
11.340000	0.000000	0.000302
11.350000	0.000000	0.000298
11.360000	0.000000	0.000293
11.370000	0.000000	0.000288
11.380000	0.000000	0.000284
11.390000	0.000000	0.000280
11.400000	0.000000	0.000276
11.410000	0.000000	0.000272
11.420000	0.000000	0.000268
11.430000	0.000000	0.000264
11.440000	0.000000	0.000260
11.450000	0.000000	0.000256
11.460000	0.000000	0.000252
11.470000	0.000000	0.000248
11.480000	0.000000	0.000245
11.490000	0.000000	0.000241
11.500000	0.000000	0.000238
11.510000	0.000000	0.000234
11.520000	0.000000	0.000231
11.530000	0.000000	0.000228
11.540000	0.000000	0.000224
11.550000	0.000000	0.000221
11.560000	0.000000	0.000218
11.570000	0.000000	0.000215
11.580000	0.000000	0.000212
11.590000	0.000000	0.000208
11.600000	0.000000	0.000205
11.610000	0.000000	0.000202
11.620000	0.000000	0.000199
11.630000	0.000000	0.000196
11.640000	0.000000	0.000193
11.650000	0.000000	0.000190
11.660000	0.000000	0.000187
11.670000	0.000000	0.000185
11.680000	0.000000	0.000182
11.690000	0.000000	0.000179
11.700000	0.000000	0.000176
11.710000	0.000000	0.000174
11.720000	0.000000	0.000171
11.730000	0.000000	0.000169
11.740000	0.000000	0.000166
11.750000	0.000000	0.000164
11.760000	0.000000	0.000161
11.770000	0.000000	0.000159
11.780000	0.000000	0.000157
11.790000	0.000000	0.000155
11.800000	0.000000	0.000152
11.810000	0.000000	0.000150
11.820000	0.000000	0.000148
11.830000	0.000000	0.000146
11.840000	0.000000	0.000144
11.850000	0.000000	0.000142
11.860000	0.000000	0.000139
11.870000	0.000000	0.000137
11.880000	0.000000	0.000135
11.890000	0.000000	0.000133
11.900000	0.000000	0.000131
11.910000	0.000000	0.000129
11.920000	0.000000	0.000127
11.930000	0.000000	0.000125
11.940000	0.000000	0.000124
11.950000	0.000000	0.000122
11.960000	0.000000	0.000120
11.970000	0.000000	0.000118
11.980000	0.000000	0.000116
11.990000	0.000000	0.000115
12.000000	0.000000	0.000113
12.010000	0.000000	0.000111
12.020000	0.000000	0.000109
12.030000	0.000000	0.000108
12.040000	0.000000	0.000106
12.050000	0.000000	0.000105
12.060000	0.000000	0.000103
12.070000	0.000000	0.000102
12.080000	0.000000	0.000101
12.090000	0.000000	0.000099
12.100000	0.000000	0.000098
12.110000	0.000000	0.000096
12.120000	0.000000	0.000095
12.130000	0.000000	0.000093
12.140000	0.000000	0.000092
12.150000	0.000000	0.000091
12.160000	0.000000	0.000089
12.170000	0.000000	0.000088
12.180000	0.000000	0.000086
12.190000	0.000000	0.000085
12.200000	0.000000	0.000084
12.210000	0.000000	0.000083
12.220000	0.000000	0.000081
12.230000	0.000000	0.000080
12.240000	0.000000	0.000079
12.250000	0.000000	0.000078
12.260000	0.000000	0.000077
12.270000	0.000000	0.000076
12.280000	0.000000	0.000074
12.290000	0.000000	0.000073
12.300000	0.000000	0.000072
12.310000	0.000000	0.000071
12.320000	0.000000	0.000070
12.330000	0.000000	0.000069
12.340000	0.000000	0.000068
12.350000	0.000000	0.000067
12.360000	0.000000	0.000066
12.370000	0.000000	0.000065
12.380000	0.000000	0.000064
12.390000	0.000000	0.000063
12.400000	0.000000	0.000063
12.410000	0.000000	0.000062
12.420000	0.000000	0.000061
12.430000	0.000000	0.000060
12.440000	0.000000	0.000059
12.450000	0.000000	0.000058
12.460000	0.000000	0.000057
12.470000	0.000000	0.000056
12.480000	0.000000	0.000055
12.490000	0.000000	0.000055
12.500000	0.000000	0.000054
12.510000	0.000000	0.000053
12.520000	0.000000	0.000052
12.530000	0.000000	0.000051
12.540000	0.000000	0.000051
12.550000	0.000000	0.000050
12.560000	0.000000	0.000049
12.570000	0.000000	0.000048
12.580000	0.000000	0.000048
12.590000	0.000000	0.000047
12.600000	0.000000	0.000046
12.610000	0.000000	0.000046
12.620000	0.000000	0.000045
12.630000	0.000000	0.000044
12.640000	0.000000	0.000044
12.650000	0.000000	0.000043
12.660000	0.000000	0.000043
12.670000	0.000000	0.000042
12.680000	0.000000	0.000041
12.690000	0.000000	0.000041
12.700000	0.000000	0.000040
12.710000	0.000000	0.000039
12.720000	0.000000	0.000039
12.730000	0.000000	0.000038
12.740000	0.000000	0.000038
12.750000	0.000000	0.000037
12.760000	0.000000	0.000037
12.770000	0.000000	0.000036
12.780000	0.000000	0.000036
12.790000	0.000000	0.000035
12.800000	0.000000	0.000034
12.810000	0.000000	0.000034
12.820000	0.000000	0.000033
12.830000	0.000000	0.000033
12.840000	0.000000	0.000032
12.850000	0.000000	0.000032
12.860000	0.000000	0.000032
12.870000	0.000000	0.000031
12.880000	0.000000	0.000031
12.890000	0.000000	0.000030
12.900000	0.000000	0.000030
12.910000	0.000000	0.000029
12.920000	0.000000	0.000029
12.930000	0.000000	0.000029
12.940000	0.000000	0.000028
12.950000	0.000000	0.000028
12.960000	0.000000	0.000027
12.970000	0.000000	0.000027
12.980000	0.000000	0.000026
12.990000	0.000000	0.000026
13.000000	0.000000	0.000026
13.010000	0.000000	0.000025
13.020000	0.000000	0.000025
13.030000	0.000000	0.000025
13.040000	0.000000	0.000024
13.050000	0.000000	0.000024
13.060000	0.000000	0.000023
13.070000	0.000000	0.000023
13.080000	0.000000	0.000023
13.090000	0.000000	0.000022
13.100000	0.000000	0.000022
13.110000	0.000000	0.000022
13.120000	0.000000	0.000021
13.130000	0.000000	0.000021
13.140000	0.000000	0.000021
13.150000	0.000000	0.000021
13.160000	0.000000	0.000020
13.170000	0.000000	0.000020
13.180000	0.000000	0.000020
13.190000	0.000000	0.000019
13.200000	0.000000	0.000019
13.210000	0.000000	0.000019
13.220000	0.000000	0.000019
13.230000	0.000000	0.000018
13.240000	0.000000	0.000018
13.250000	0.000000	0.000018
13.260000	0.000000	0.000017
13.270000	0.000000	0.000017
13.280000	0.000000	0.000017
13.290000	0.000000	0.000017
13.300000	0.000000	0.000016
13.310000	0.000000	0.000016
13.320000	0.000000	0.000016
13.330000	0.000000	0.000016
13.340000	0.000000	0.000016
13.350000	0.000000	0.000015
13.360000	0.000000	0.000015
13.370000	0.000000	0.000015
13.380000	0.000000	0.000015
13.390000	0.000000	0.000014
13.400000	0.000000	0.000014
13.410000	0.000000	0.000014
13.420000	0.000000	0.000014
13.430000	0.000000	0.000014
13.440000	0.000000	0.000013
13.450000	0.000000	0.000013
13.460000	0.000000	0.000013
13.470000	0.000000	0.000013
13.480000	0.000000	0.000013
13.490000	0.000000	0.000012
13.500000	0.000000	0.000012
13.510000	0.000000	0.000012
13.520000	0.000000	0.000012
13.530000	0.000000	0.000012
13.540000	0.000000	0.000012
13.550000	0.000000	0.000011
13.560000	0.000000	0.000011
13.570000	0.000000	0.000011
13.580000	0.000000	0.000011
13.590000	0.000000	0.000011
13.600000	0.000000	0.000011
13.610000	0.000000	0.000010
13.620000	0.000000	0.000010
13.630000	0.000000	0.000010
13.640000	0.000000	0.000010
13.650000	0.000000	0.000010
13.660000	0.000000	0.000010
13.670000	0.000000	0.000010
13.680000	0.000000	0.000009
13.690000	0.000000	0.000009
13.700000	0.000000	0.000009
13.710000	0.000000	0.000009
13.720000	0.000000	0.000009
13.730000	0.000000	0.000009
13.740000	0.000000	0.000009
13.750000	0.000000	0.000009
13.760000	0.000000	0.000008
13.770000	0.000000	0.000008
13.780000	0.000000	0.000008
13.790000	0.000000	0.000008
13.800000	0.000000	0.000008
13.810000	0.000000	0.000008
13.820000	0.000000	0.000008
13.830000	0.000000	0.000008
13.840000	0.000000	0.000007
13.850000	0.000000	0.000007
13.860000	0.000000	0.000007
13.870000	0.000000	0.000007
13.880000	0.000000	0.000007
13.890000	0.000000	0.000007
13.900000	0.000000	0.000007
13.910000	0.000000	0.000007
13.920000	0.000000	0.000007
13.930000	0.000000	0.000007
13.940000	0.000000	0.000006
13.950000	0.000000	0.000006
13.960000	0.000000	0.000006
13.970000	0.000000	0.000006
13.980000	0.000000	0.000006
13.990000	0.000000	0.000006
14.000000	0.000000	0.000006
14.010000	0.000000	0.000006
14.020000	0.000000	0.000006
14.030000	0.000000	0.000006
14.040000	0.000000	0.000006
14.050000	0.000000	0.000005
14.060000	0.000000	0.000005
14.070000	0.000000	0.000005
14.080000	0.000000	0.000005
14.090000	0.000000	0.000005
14.100000	0.000000	0.000005
14.110000	0.000000	0.000005
14.120000	0.000000	0.000005
14.130000	0.000000	0.000005
14.140000	0.000000	0.000005
14.150000	0.000000	0.000005
14.160000	0.000000	0.000005
14.170000	0.000000	0.000005
14.180000	0.000000	0.000005
14.190000	0.000000	0.000004
14.200000	0.000000	0.000004
14.210000	0.000000	0.000004
14.220000	0.000000	0.000004
14.230000	0.000000	0.000004
14.240000	0.000000	0.000004
14.250000	0.000000	0.000004
14.260000	0.000000	0.000004
14.270000	0.000000	0.000004
14.280000	0.000000	0.000004
14.290000	0.000000	0.000004
14.300000	0.000000	0.000004
14.310000	0.000000	0.000004
14.320000	0.000000	0.000004
14.330000	0.000000	0.000004
14.340000	0.000000	0.000004
14.350000	0.000000	0.000004
14.360000	0.000000	0.000003
14.370000	0.000000	0.000003
14.380000	0.000000	0.000003
14.390000	0.000000	0.000003
14.400000	0.000000	0.000003
14.410000	0.000000	0.000003
14.420000	0.000000	0.000003
14.430000	0.000000	0.000003
14.440000	0.000000	0.000003
14.450000	0.000000	0.000003
14.460000	0.000000	0.000003
14.470000	0.000000	0.000003
14.480000	0.000000	0.000003
14.490000	0.000000	0.000003
14.500000	0.000000	0.000003
14.510000	0.000000	0.000003
14.520000	0.000000	0.000003
14.530000	0.000000	0.000003
14.540000	0.000000	0.000003
14.550000	0.000000	0.000003
14.560000	0.000000	0.000003
14.570000	0.000000	0.000003
14.580000	0.000000	0.000003
14.590000	0.000000	0.000002
14.600000	0.000000	0.000002
14.610000	0.000000	0.000002
14.620000	0.000000	0.000002
14.630000	0.000000	0.000002
14.640000	0.000000	0.000002
14.650000	0.000000	0.000002
14.660000	0.000000	0.000002
14.670000	0.000000	0.000002
14.680000	0.000000	0.000002
14.690000	0.000000	0.000002
14.700000	0.000000	0.000002
14.710000	0.000000	0.000002
14.720000	0.000000	0.000002
14.730000	0.000000	0.000002
14.740000	0.000000	0.000002
14.750000	0.000000	0.000002
14.760000	0.000000	0.000002
14.770000	0.000000	0.000002
14.780000	0.000000	0.000002
14.790000	0.000000	0.000002
14.800000	0.000000	0.000002
14.810000	0.000000	0.000002
14.820000	0.000000	0.000002
14.830000	0.000000	0.000002
14.840000	0.000000	0.000002
14.850000	0.000000	0.000002
14.860000	0.000000	0.000002
14.870000	0.000000	0.000002
14.880000	0.000000	0.000002
14.890000	0.000000	0.000002
14.900000	0.000000	0.000002
14.910000	0.000000	0.000002
14.920000	0.000000	0.000002
14.930000	0.000000	0.000001
14.940000	0.000000	0.000001
14.950000	0.000000	0.000001
14.960000	0.000000	0.000001
14.970000	0.000000	0.000001
14.980000	0.000000	0.000001
14.990000	0.000000	0.000001
15.000000	0.000000	0.000001
15.010000	0.000000	0.000001
15.020000	0.000000	0.000001
15.030000	0.000000	0.000001
15.040000	0.000000	0.000001
15.050000	0.000000	0.000001
15.060000	0.000000	0.000001
15.070000	0.000000	0.000001
15.080000	0.000000	0.000001
15.090000	0.000000	0.000001
15.100000	0.000000	0.000001
15.110000	0.000000	0.000001
15.120000	0.000000	0.000001
15.130000	0.000000	0.000001
15.140000	0.000000	0.000001
15.150000	0.000000	0.000001
15.160000	0.000000	0.000001
15.170000	0.000000	0.000001
15.180000	0.000000	0.000001
15.190000	0.000000	0.000001
15.200000	0.000000	0.000001
15.210000	0.000000	9.9e-07
15.220000	0.000000	9.8e-07
15.230000	0.000000	9.7e-07
15.240000	0.000000	9.5e-07
15.250000	0.000000	9.4e-07
15.260000	0.000000	9.2e-07
15.270000	0.000000	9.1e-07
15.280000	0.000000	9.0e-07
15.290000	0.000000	8.9e-07
15.300000	0.000000	8.7e-07
15.310000	0.000000	8.6e-07
15.320000	0.000000	8.5e-07
15.330000	0.000000	8.4e-07
15.340000	0.000000	8.3e-07
15.350000	0.000000	8.1e-07
15.360000	0.000000	8.0e-07
15.370000	0.000000	7.9e-07
15.380000	0.000000	7.8e-07
15.390000	0.000000	7.7e-07
15.400000	0.000000	7.6e-07
15.410000	0.000000	7.5e-07
15.420000	0.000000	7.3e-07
15.430000	0.000000	7.2e-07
15.440000	0.000000	7.1e-07
15.450000	0.000000	7.0e-07
15.460000	0.000000	6.9e-07
15.470000	0.000000	6.8e-07
15.480000	0.000000	6.7e-07
15.490000	0.000000	6.6e-07
15.500000	0.000000	6.5e-07
15.510000	0.000000	6.4e-07
15.520000	0.000000	6.3e-07
15.530000	0.000000	6.2e-07
15.540000	0.000000	6.1e-07
15.550000	0.000000	6.0e-07
15.560000	0.000000	6.0e-07
15.570000	0.000000	5.9e-07
15.580000	0.000000	5.8e-07
15.590000	0.000000	5.7e-07
15.600000	0.000000	5.6e-07
15.610000	0.000000	5.6e-07
15.620000	0.000000	5.5e-07
15.630000	0.000000	5.4e-07
15.640000	0.000000	5.3e-07
15.650000	0.000000	5.3e-07
15.660000	0.000000	5.2e-07
15.670000	0.000000	5.1e-07
15.680000	0.000000	5.0e-07
15.690000	0.000000	5.0e-07
15.700000	0.000000	4.9e-07
15.710000	0.000000	4.8e-07
15.720000	0.000000	4.7e-07
15.730000	0.000000	4.7e-07
15.740000	0.000000	4.6e-07
15.750000	0.000000	4.5e-07
15.760000	0.000000	4.5e-07
15.770000	0.000000	4.4e-07
15.780000	0.000000	4.3e-07
15.790000	0.000000	4.3e-07
15.800000	0.000000	4.2e-07
15.810000	0.000000	4.1e-07
15.820000	0.000000	4.1e-07
15.830000	0.000000	4.0e-07
15.840000	0.000000	4.0e-07
15.850000	0.000000	3.9e-07
15.860000	0.000000	3.9e-07
15.870000	0.000000	3.8e-07
15.880000	0.000000	3.8e-07
15.890000	0.000000	3.7e-07
15.900000	0.000000	3.6e-07
15.910000	0.000000	3.6e-07
15.920000	0.000000	3.5e-07
15.930000	0.000000	3.5e-07
15.940000	0.000000	3.4e-07
15.950000	0.000000	3.4e-07
15.960000	0.000000	3.3e-07
15.970000	0.000000	3.3e-07
15.980000	0.000000	3.2e-07
15.990000	0.000000	3.2e-07
16.000000	0.000000	3.1e-07
16.010000	0.000000	3.1e-07
16.020000	0.000000	3.0e-07
16.030000	0.000000	3.0e-07
16.040000	0.000000	3.0e-07
16.050000	0.000000	2.9e-07
16.060000	0.000000	2.9e-07
16.070000	0.000000	2.8e-07
16.080000	0.000000	2.8e-07
16.090000	0.000000	2.7e-07
16.100000	0.000000	2.7e-07
16.110000	0.000000	2.7e-07
16.120000	0.000000	2.6e-07
16.130000	0.000000	2.6e-07
16.140000	0.000000	2.6e-07
16.150000	0.000000	2.5e-07
16.160000	0.000000	2.5e-07
16.170000	0.000000	2.5e-07
16.180000	0.000000	2.4e-07
16.190000	0.000000	2.4e-07
16.200000	0.000000	2.4e-07
16.210000	0.000000	2.3e-07
16.220000	0.000000	2.3e-07
16.230000	0.000000	2.3e-07
16.240000	0.000000	2.2e-07
16.250000	0.000000	2.2e-07
16.260000	0.000000	2.2e-07
16.270000	0.000000	2.1e-07
16.280000	0.000000	2.1e-07
16.290000	0.000000	2.1e-07
16.300000	0.000000	2.0e-07
16.310000	0.000000	2.0e-07
16.320000	0.000000	2.0e-07
16.330000	0.000000	1.9e-07
16.340000	0.000000	1.9e-07
16.350000	0.000000	1.9e-07
16.360000	0.000000	1.9e-07
16.370000	0.000000	1.8e-07
16.380000	0.000000	1.8e-07
16.390000	0.000000	1.8e-07
16.400000	0.000000	1.8e-07
16.410000	0.000000	1.7e-07
16.420000	0.000000	1.7e-07
16.430000	0.000000	1.7e-07
16.440000	0.000000	1.7e-07
16.450000	0.000000	1.6e-07
16.460000	0.000000	1.6e-07
16.470000	0.000000	1.6e-07
16.480000	0.000000	1.6e-07
16.490000	0.000000	1.5e-07
16.500000	0.000000	1.5e-07
16.510000	0.000000	1.5e-07
16.520000	0.000000	1.5e-07
16.530000	0.000000	1.5e-07
16.540000	0.000000	1.4e-07
16.550000	0.000000	1.4e-07
16.560000	0.000000	1.4e-07
16.570000	0.000000	1.4e-07
16.580000	0.000000	1.3e-07
16.590000	0.000000	1.3e-07
16.600000	0.000000	1.3e-07
16.610000	0.000000	1.3e-07
16.620000	0.000000	1.3e-07
16.630000	0.000000	1.3e-07
16.640000	0.000000	1.2e-07
16.650000	0.000000	1.2e-07
16.660000	0.000000	1.2e-07
16.670000	0.000000	1.2e-07
16.680000	0.000000	1.2e-07
16.690000	0.000000	1.2e-07
16.700000	0.000000	1.1e-07
16.710000	0.000000	1.1e-07
16.720000	0.000000	1.1e-07
16.730000	0.000000	1.1e-07
16.740000	0.000000	1.1e-07
16.750000	0.000000	1.1e-07
16.760000	0.000000	1.0e-07
16.770000	0.000000	1.0e-07
16.780000	0.000000	1.0e-07
16.790000	0.000000	1.0e-07
16.800000	0.000000	9.8e-08
16.810000	0.000000	9.7e-08
16.820000	0.000000	9.5e-08
16.830000	0.000000	9.4e-08
16.840000	0.000000	9.2e-08
16.850000	0.000000	9.1e-08
16.860000	0.000000	9.0e-08
16.870000	0.000000	8.8e-08
16.880000	0.000000	8.7e-08
16.890000	0.000000	8.6e-08
16.900000	0.000000	8.4e-08
16.910000	0.000000	8.3e-08
16.920000	0.000000	8.2e-08
16.930000	0.000000	8.1e-08
16.940000	0.000000	8.0e-08
16.950000	0.000000	7.9e-08
16.960000	0.000000	7.8e-08
16.970000	0.000000	7.7e-08
16.980000	0.000000	7.6e-08
16.990000	0.000000	7.4e-08
17.000000	0.000000	7.3e-08
17.010000	0.000000	7.2e-08
17.020000	0.000000	7.1e-08
17.030000	0.000000	7.0e-08
17.040000	0.000000	6.9e-08
17.050000	0.000000	6.8e-08
17.060000	0.000000	6.7e-08
17.070000	0.000000	6.6e-08
17.080000	0.000000	6.5e-08
17.090000	0.000000	6.4e-08
17.100000	0.000000	6.3e-08
17.110000	0.000000	6.2e-08
17.120000	0.000000	6.1e-08
17.130000	0.000000	6.0e-08
17.140000	0.000000	6.0e-08
17.150000	0.000000	5.9e-08
17.160000	0.000000	5.8e-08
17.170000	0.000000	5.7e-08
17.180000	0.000000	5.6e-08
17.190000	0.000000	5.5e-08
17.200000	0.000000	5.5e-08
17.210000	0.000000	5.4e-08
17.220000	0.000000	5.3e-08
17.230000	0.000000	5.2e-08
17.240000	0.000000	5.2e-08
17.250000	0.000000	5.1e-08
17.260000	0.000000	5.0e-08
17.270000	0.000000	5.0e-08
17.280000	0.000000	4.9e-08
17.290000	0.000000	4.8e-08
17.300000	0.000000	4.7e-08
17.310000	0.000000	4.7e-08
17.320000	0.000000	4.6e-08
17.330000	0.000000	4.5e-08
17.340000	0.000000	4.5e-08
17.350000	0.000000	4.4e-08
17.360000	0.000000	4.3e-08
17.370000	0.000000	4.3e-08
17.380000	0.000000	4.2e-08
17.390000	0.000000	4.1e-08
17.400000	0.000000	4.1e-08
17.410000	0.000000	4.0e-08
17.420000	0.000000	4.0e-08
17.430000	0.000000	3.9e-08
17.440000	0.000000	3.9e-08
17.450000	0.000000	3.8e-08
17.460000	0.000000	3.7e-08
17.470000	0.000000	3.7e-08
17.480000	0.000000	3.6e-08
17.490000	0.000000	3.6e-08
17.500000	0.000000	3.5e-08
17.510000	0.000000	3.5e-08
17.520000	0.000000	3.4e-08
17.530000	0.000000	3.4e-08
17.540000	0.000000	3.3e-08
17.550000	0.000000	3.3e-08
17.560000	0.000000	3.3e-08
17.570000	0.000000	3.2e-08
17.580000	0.000000	3.2e-08
17.590000	0.000000	3.1e-08
17.600000	0.000000	3.1e-08
17.610000	0.000000	3.0e-08
17.620000	0.000000	3.0e-08
17.630000	0.000000	2.9e-08
17.640000	0.000000	2.9e-08
17.650000	0.000000	2.8e-08
17.660000	0.000000	2.8e-08
17.670000	0.000000	2.8e-08
17.680000	0.000000	2.7e-08
17.690000	0.000000	2.7e-08
17.700000	0.000000	2.6e-08
17.710000	0.000000	2.6e-08
17.720000	0.000000	2.6e-08
17.730000	0.000000	2.5e-08
17.740000	0.000000	2.5e-08
17.750000	0.000000	2.5e-08
17.760000	0.000000	2.4e-08
17.770000	0.000000	2.4e-08
17.780000	0.000000	2.4e-08
17.790000	0.000000	2.3e-08
17.800000	0.000000	2.3e-08
17.810000	0.000000	2.3e-08
17.820000	0.000000	2.2e-08
17.830000	0.000000	2.2e-08
17.840000	0.000000	2.2e-08
17.850000	0.000000	2.1e-08
17.860000	0.000000	2.1e-08
17.870000	0.000000	2.1e-08
17.880000	0.000000	2.0e-08
17.890000	0.000000	2.0e-08
17.900000	0.000000	2.0e-08
17.910000	0.000000	2.0e-08
17.920000	0.000000	1.9e-08
17.930000	0.000000	1.9e-08
17.940000	0.000000	1.9e-08
17.950000	0.000000	1.8e-08
17.960000	0.000000	1.8e-08
17.970000	0.000000	1.8e-08
17.980000	0.000000	1.8e-08
17.990000	0.000000	1.7e-08
18.000000	0.000000	1.7e-08
18.010000	0.000000	1.7e-08
18.020000	0.000000	1.7e-08
18.030000	0.000000	1.6e-08
18.040000	0.000000	1.6e-08
18.050000	0.000000	1.6e-08
18.060000	0.000000	1.6e-08
18.070000	0.000000	1.5e-08
18.080000	0.000000	1.5e-08
18.090000	0.000000	1.5e-08
18.100000	0.000000	1.5e-08
18.110000	0.000000	1.5e-08
18.120000	0.000000	1.4e-08
18.130000	0.000000	1.4e-08
18.140000	0.000000	1.4e-08
18.150000	0.000000	1.4e-08
18.160000	0.000000	1.4e-08
18.170000	0.000000	1.3e-08
18.180000	0.000000	1.3e-08
18.190000	0.000000	1.3e-08
18.200000	0.000000	1.3e-08
18.210000	0.000000	1.3e-08
18.220000	0.000000	1.2e-08
18.230000	0.000000	1.2e-08
18.240000	0.000000	1.2e-08
18.250000	0.000000	1.2e-08
18.260000	0.000000	1.2e-08
18.270000	0.000000	1.2e-08
18.280000	0.000000	1.1e-08
18.290000	0.000000	1.1e-08
18.300000	0.000000	1.1e-08
18.310000	0.000000	1.1e-08
18.320000	0.000000	1.1e-08
18.330000	0.000000	1.1e-08
18.340000	0.000000	1.0e-08
18.350000	0.000000	1.0e-08
18.360000	0.000000	1.0e-08
18.370000	0.000000	1.0e-08
18.380000	0.000000	9.9e-09
18.390000	0.000000	9.8e-09
18.400000	0.000000	9.6e-09
18.410000	0.000000	9.5e-09
18.420000	0.000000	9.3e-09
18.430000	0.000000	9.2e-09
18.440000	0.000000	9.1e-09
18.450000	0.000000	8.9e-09
18.460000	0.000000	8.8e-09
18.470000	0.000000	8.7e-09
18.480000	0.000000	8.5e-09
18.490000	0.000000	8.4e-09
18.500000	0.000000	8.3e-09
18.510000	0.000000	8.2e-09
18.520000	0.000000	8.0e-09
18.530000	0.000000	7.9e-09
18.540000	0.000000	7.8e-09
18.550000	0.000000	7.7e-09
18.560000	0.000000	7.6e-09
18.570000	0.000000	7.5e-09
18.580000	0.000000	7.4e-09
18.590000	0.000000	7.3e-09
18.600000	0.000000	7.2e-09
18.610000	0.000000	7.1e-09
18.620000	0.000000	7.0e-09
18.630000	0.000000	6.9e-09
18.640000	0.000000	6.8e-09
18.650000	0.000000	6.7e-09
18.660000	0.000000	6.6e-09
18.670000	0.000000	6.5e-09
18.680000	0.000000	6.4e-09
18.690000	0.000000	6.3e-09
18.700000	0.000000	6.2e-09
18.710000	0.000000	6.1e-09
18.720000	0.000000	6.0e-09
18.730000	0.000000	6.0e-09
18.740000	0.000000	5.9e-09
18.750000	0.000000	5.8e-09
18.760000	0.000000	5.7e-09
18.770000	0.000000	5.6e-09
18.780000	0.000000	5.5e-09
18.790000	0.000000	5.4e-09
18.800000	0.000000	5.4e-09
18.810000	0.000000	5.3e-09
18.820000	0.000000	5.2e-09
18.830000	0.000000	5.1e-09
18.840000	0.000000	5.1e-09
18.850000	0.000000	5.0e-09
18.860000	0.000000	4.9e-09
18.870000	0.000000	4.9e-09
18.880000	0.000000	4.8e-09
18.890000	0.000000	4.7e-09
18.900000	0.000000	4.7e-09
18.910000	0.000000	4.6e-09
18.920000	0.000000	4.5e-09
18.930000	0.000000	4.5e-09
18.940000	0.000000	4.4e-09
18.950000	0.000000	4.3e-09
18.960000	0.000000	4.3e-09
18.970000	0.000000	4.2e-09
18.980000	0.000000	4.2e-09
18.990000	0.000000	4.1e-09
19.000000	0.000000	4.0e-09
19.010000	0.000000	4.0e-09
19.020000	0.000000	3.9e-09
19.030000	0.000000	3.8e-09
19.040000	0.000000	3.8e-09
19.050000	0.000000	3.7e-09
19.060000	0.000000	3.7e-09
19.070000	0.000000	3.6e-09
19.080000	0.000000	3.6e-09
19.090000	0.000000	3.5e-09
19.100000	0.000000	3.5e-09
19.110000	0.000000	3.4e-09
19.120000	0.000000	3.4e-09
19.130000	0.000000	3.3e-09
19.140000	0.000000	3.3e-09
19.150000	0.000000	3.2e-09
19.160000	0.000000	3.2e-09
19.170000	0.000000	3.1e-09
19.180000	0.000000	3.1e-09
19.190000	0.000000	3.1e-09
19.200000	0.000000	3.0e-09
19.210000	0.000000	3.0e-09
19.220000	0.000000	2.9e-09
19.230000	0.000000	2.9e-09
19.240000	0.000000	2.8e-09
19.250000	0.000000	2.8e-09
19.260000	0.000000	2.8e-09
19.270000	0.000000	2.7e-09
19.280000	0.000000	2.7e-09
19.290000	0.000000	2.6e-09
19.300000	0.000000	2.6e-09
19.310000	0.000000	2.6e-09
19.320000	0.000000	2.5e-09
19.330000	0.000000	2.5e-09
19.340000	0.000000	2.5e-09
19.350000	0.000000	2.4e-09
19.360000	0.000000	2.4e-09
19.370000	0.000000	2.4e-09
19.380000	0.000000	2.3e-09
19.390000	0.000000	2.3e-09
19.400000	0.000000	2.3e-09
19.410000	0.000000	2.2e-09
19.420000	0.000000	2.2e-09
19.430000	0.000000	2.2e-09
19.440000	0.000000	2.1e-09
19.450000	0.000000	2.1e-09
19.460000	0.000000	2.1e-09
19.470000	0.000000	2.0e-09
19.480000	0.000000	2.0e-09
19.490000	0.000000	2.0e-09
19.500000	0.000000	2.0e-09
19.510000	0.000000	1.9e-09
19.520000	0.000000	1.9e-09
19.530000	0.000000	1.9e-09
19.540000	0.000000	1.8e-09
19.550000	0.000000	1.8e-09
19.560000	0.000000	1.8e-09
19.570000	0.000000	1.8e-09
19.580000	0.000000	1.7e-09
19.590000	0.000000	1.7e-09
19.600000	0.000000	1.7e-09
19.610000	0.000000	1.7e-09
19.620000	0.000000	1.6e-09
19.630000	0.000000	1.6e-09
19.640000	0.000000	1.6e-09
19.650000	0.000000	1.6e-09
19.660000	0.000000	1.5e-09
19.670000	0.000000	1.5e-09
19.680000	0.000000	1.5e-09
19.690000	0.000000	1.5e-09
19.700000	0.000000	1.5e-09
19.710000	0.000000	1.4e-09
19.720000	0.000000	1.4e-09
19.730000	0.000000	1.4e-09
19.740000	0.000000	1.4e-09
19.750000	0.000000	1.4e-09
19.760000	0.000000	1.3e-09
19.770000	0.000000	1.3e-09
19.780000	0.000000	1.3e-09
19.790000	0.000000	1.3e-09
19.800000	0.000000	1.3e-09
19.810000	0.000000	1.3e-09
19.820000	0.000000	1.2e-09
19.830000	0.000000	1.2e-09
19.840000	0.000000	1.2e-09
19.850000	0.000000	1.2e-09
19.860000	0.000000	1.2e-09
19.870000	0.000000	1.1e-09
19.880000	0.000000	1.1e-09
19.890000	0.000000	1.1e-09
19.900000	0.000000	1.1e-09
19.910000	0.000000	1.1e-09
19.920000	0.000000	1.1e-09
19.930000	0.000000	1.0e-09
19.940000	0.000000	1.0e-09
19.950000	0.000000	1.0e-09
19.960000	0.000000	1.0e-09
19.970000	0.000000	9.9e-10
19.980000	0.000000	9.8e-10
19.990000	0.000000	9.6e-10
20.000000	0.000000	9.5e-10
20.010000	0.000000	9.4e-10
20.020000	0.000000	9.2e-10
20.030000	0.000000	9.1e-10
20.040000	0.000000	9.0e-10
20.050000	0.000000	8.9e-10
20.060000	0.000000	8.7e-10
20.070000	0.000000	8.6e-10
20.080000	0.000000	8.5e-10
20.090000	0.000000	8.3e-10
20.100000	0.000000	8.2e-10
20.110000	0.000000	8.1e-10
20.120000	0.000000	8.0e-10
20.130000	0.000000	7.9e-10
20.140000	0.000000	7.7e-10
20.150000	0.000000	7.6e-10
20.160000	0.000000	7.5e-10
20.170000	0.000000	7.4e-10
20.180000	0.000000	7.3e-10
20.190000	0.000000	7.2e-10
20.200000	0.000000	7.1e-10
20.210000	0.000000	7.0e-10
20.220000	0.000000	6.9e-10
20.230000	0.000000	6.8e-10
20.240000	0.000000	6.7e-10
20.250000	0.000000	6.6e-10
20.260000	0.000000	6.5e-10
20.270000	0.000000	6.4e-10
20.280000	0.000000	6.3e-10
20.290000	0.000000	6.3e-10
20.300000	0.000000	6.2e-10
20.310000	0.000000	6.1e-10
20.320000	0.000000	6.0e-10
20.330000	0.000000	5.9e-10
20.340000	0.000000	5.8e-10
20.350000	0.000000	5.7e-10
20.360000	0.000000	5.7e-10
20.370000	0.000000	5.6e-10
20.380000	0.000000	5.5e-10
20.390000	0.000000	5.4e-10
20.400000	0.000000	5.3e-10
20.410000	0.000000	5.2e-10
20.420000	0.000000	5.2e-10
20.430000	0.000000	5.1e-10
20.440000	0.000000	5.0e-10
20.450000	0.000000	4.9e-10
20.460000	0.000000	4.9e-10
20.470000	0.000000	4.8e-10
20.480000	0.000000	4.7e-10
20.490000	0.000000	4.7e-10
20.500000	0.000000	4.6e-10
20.510000	0.000000	4.5e-10
20.520000	0.000000	4.5e-10
20.530000	0.000000	4.4e-10
20.540000	0.000000	4.4e-10
20.550000	0.000000	4.3e-10
20.560000	0.000000	4.2e-10
20.570000	0.000000	4.2e-10
20.580000	0.000000	4.1e-10
20.590000	0.000000	4.1e-10
20.600000	0.000000	4.0e-10
20.610000	0.000000	3.9e-10
20.620000	0.000000	3.9e-10
20.630000	0.000000	3.8e-10
20.640000	0.000000	3.8e-10
20.650000	0.000000	3.7e-10
20.660000	0.000000	3.7e-10
20.670000	0.000000	3.6e-10
20.680000	0.000000	3.6e-10
20.690000	0.000000	3.5e-10
20.700000	0.000000	3.4e-10
20.710000	0.000000	3.4e-10
20.720000	0.000000	3.3e-10
20.730000	0.000000	3.3e-10
20.740000	0.000000	3.3e-10
20.750000	0.000000	3.2e-10
20.760000	0.000000	3.2e-10
20.770000	0.000000	3.1e-10
20.780000	0.000000	3.1e-10
20.790000	0.000000	3.0e-10
20.800000	0.000000	3.0e-10
20.810000	0.000000	3.0e-10
20.820000	0.000000	2.9e-10
20.830000	0.000000	2.9e-10
20.840000	0.000000	2.8e-10
20.850000	0.000000	2.8e-10
20.860000	0.000000	2.8e-10
20.870000	0.000000	2.7e-10
20.880000	0.000000	2.7e-10
20.890000	0.000000	2.6e-10
20.900000	0.000000	2.6e-10
20.910000	0.000000	2.6e-10
20.920000	0.000000	2.5e-10
20.930000	0.000000	2.5e-10
20.940000	0.000000	2.4e-10
20.950000	0.000000	2.4e-10
20.960000	0.000000	2.4e-10
20.970000	0.000000	2.3e-10
20.980000	0.000000	2.3e-10
20.990000	0.000000	2.3e-10
21.000000	0.000000	2.2e-10
21.010000	0.000000	2.2e-10
21.020000	0.000000	2.2e-10
21.030000	0.000000	2.1e-10
21.040000	0.000000	2.1e-10
21.050000	0.000000	2.1e-10
21.060000	0.000000	2.1e-10
21.070000	0.000000	2.0e-10
21.080000	0.000000	2.0e-10
21.090000	0.000000	2.0e-10
21.100000	0.000000	1.9e-10
21.110000	0.000000	1.9e-10
21.120000	0.000000	1.9e-10
21.130000	0.000000	1.9e-10
21.140000	0.000000	1.8e-10
21.150000	0.000000	1.8e-10
21.160000	0.000000	1.8e-10
21.170000	0.000000	1.8e-10
21.180000	0.000000	1.7e-10
21.190000	0.000000	1.7e-10
21.200000	0.000000	1.7e-10
21.210000	0.000000	1.7e-10
21.220000	0.000000	1.6e-10
21.230000	0.000000	1.6e-10
21.240000	0.000000	1.6e-10
21.250000	0.000000	1.6e-10
21.260000	0.000000	1.5e-10
21.270000	0.000000	1.5e-10
21.280000	0.000000	1.5e-10
21.290000	0.000000	1.5e-10
21.300000	0.000000	1.5e-10
21.310000	0.000000	1.4e-10
21.320000	0.000000	1.4e-10
21.330000	0.000000	1.4e-10
21.340000	0.000000	1.4e-10
21.350000	0.000000	1.4e-10
21.360000	0.000000	1.3e-10
21.370000	0.000000	1.3e-10
21.380000	0.000000	1.3e-10
21.390000	0.000000	1.3e-10
21.400000	0.000000	1.3e-10
21.410000	0.000000	1.2e-10
21.420000	0.000000	1.2e-10
21.430000	0.000000	1.2e-10
21.440000	0.000000	1.2e-10
21.450000	0.000000	1.2e-10
21.460000	0.000000	1.2e-10
21.470000	0.000000	1.1e-10
21.480000	0.000000	1.1e-10
21.490000	0.000000	1.1e-10
21.500000	0.000000	1.1e-10
21.510000	0.000000	1.1e-10
21.520000	0.000000	1.1e-10
21.530000	0.000000	1.0e-10
21.540000	0.000000	1.0e-10
21.550000	0.000000	1.0e-10
21.560000	0.000000	1.0e-10
21.570000	0.000000	9.8e-11
21.580000	0.000000	9.7e-11
21.590000	0.000000	9.6e-11
21.600000	0.000000	9.4e-11
21.610000	0.000000	9.3e-11
21.620000	0.000000	9.2e-11
21.630000	0.000000	9.1e-11
21.640000	0.000000	8.9e-11
21.650000	0.000000	8.8e-11
21.660000	0.000000	8.7e-11
21.670000	0.000000	8.6e-11
21.680000	0.000000	8.4e-11
21.690000	0.000000	8.3e-11
21.700000	0.000000	8.2e-11
21.710000	0.000000	8.1e-11
21.720000	0.000000	8.0e-11
21.730000	0.000000	7.9e-11
21.740000	0.000000	7.7e-11
21.750000	0.000000	7.6e-11
21.760000	0.000000	7.5e-11
21.770000	0.000000	7.4e-11
21.780000	0.000000	7.3e-11
21.790000	0.000000	7.2e-11
21.800000	0.000000	7.1e-11
21.810000	0.000000	7.0e-11
21.820000	0.000000	6.9e-11
21.830000	0.000000	6.8e-11
21.840000	0.000000	6.7e-11
21.850000	0.000000	6.6e-11
21.860000	0.000000	6.5e-11
21.870000	0.000000	6.4e-11
21.880000	0.000000	6.3e-11
21.890000	0.000000	6.2e-11
21.900000	0.000000	6.1e-11
21.910000	0.000000	6.1e-11
21.920000	0.000000	6.0e-11
21.930000	0.000000	5.9e-11
21.940000	0.000000	5.8e-11
21.950000	0.000000	5.7e-11
21.960000	0.000000	5.6e-11
21.970000	0.000000	5.6e-11
21.980000	0.000000	5.5e-11
21.990000	0.000000	5.4e-11
22.000000	0.000000	5.3e-11
22.010000	0.000000	5.3e-11
22.020000	0.000000	5.2e-11
22.030000	0.000000	5.1e-11
22.040000	0.000000	5.0e-11
22.050000	0.000000	5.0e-11
22.060000	0.000000	4.9e-11
22.070000	0.000000	4.8e-11
22.080000	0.000000	4.7e-11
22.090000	0.000000	4.7e-11
22.100000	0.000000	4.6e-11
22.110000	0.000000	4.5e-11
22.120000	0.000000	4.5e-11
22.130000	0.000000	4.4e-11
22.140000	0.000000	4.3e-11
22.150000	0.000000	4.3e-11
22.160000	0.000000	4.2e-11
22.170000	0.000000	4.2e-11
22.180000	0.000000	4.1e-11
22.190000	0.000000	4.1e-11
22.200000	0.000000	4.0e-11
22.210000	0.000000	3.9e-11
22.220000	0.000000	3.9e-11
22.230000	0.000000	3.8e-11
22.240000	0.000000	3.8e-11
22.250000	0.000000	3.7e-11
22.260000	0.000000	3.7e-11
22.270000	0.000000	3.6e-11
22.280000	0.000000	3.6e-11
22.290000	0.000000	3.5e-11
22.300000	0.000000	3.5e-11
22.310000	0.000000	3.4e-11
22.320000	0.000000	3.4e-11
22.330000	0.000000	3.3e-11
22.340000	0.000000	3.3e-11
22.350000	0.000000	3.2e-11
22.360000	0.000000	3.2e-11
22.370000	0.000000	3.1e-11
22.380000	0.000000	3.1e-11
22.390000	0.000000	3.0e-11
22.400000	0.000000	3.0e-11
22.410000	0.000000	2.9e-11
22.420000	0.000000	2.9e-11
22.430000	0.000000	2.9e-11
22.440000	0.000000	2.8e-11
22.450000	0.000000	2.8e-11
22.460000	0.000000	2.7e-11
22.470000	0.000000	2.7e-11
22.480000	0.000000	2.7e-11
22.490000	0.000000	2.6e-11
22.500000	0.000000	2.6e-11
22.510000	0.000000	2.6e-11
22.520000	0.000000	2.5e-11
22.530000	0.000000	2.5e-11
22.540000	0.000000	2.5e-11
22.550000	0.000000	2.4e-11
22.560000	0.000000	2.4e-11
22.570000	0.000000	2.4e-11
22.580000	0.000000	2.3e-11
22.590000	0.000000	2.3e-11
22.600000	0.000000	2.2e-11
22.610000	0.000000	2.2e-11
22.620000	0.000000	2.2e-11
22.630000	0.000000	2.1e-11
22.640000	0.000000	2.1e-11
22.650000	0.000000	2.1e-11
22.660000	0.000000	2.1e-11
22.670000	0.000000	2.0e-11
22.680000	0.000000	2.0e-11
22.690000	0.000000	2.0e-11
22.700000	0.000000	1.9e-11
22.710000	0.000000	1.9e-11
22.720000	0.000000	1.9e-11
22.730000	0.000000	1.9e-11
22.740000	0.000000	1.8e-11
22.750000	0.000000	1.8e-11
22.760000	0.000000	1.8e-11
22.770000	0.000000	1.8e-11
22.780000	0.000000	1.7e-11
22.790000	0.000000	1.7e-11
22.800000	0.000000	1.7e-11
22.810000	0.000000	1.7e-11
22.820000	0.000000	1.6e-11
22.830000	0.000000	1.6e-11
22.840000	0.000000	1.6e-11
22.850000	0.000000	1.6e-11
22.860000	0.000000	1.6e-11
22.870000	0.000000	1.5e-11
22.880000	0.000000	1.5e-11
22.890000	0.000000	1.5e-11
22.900000	0.000000	1.5e-11
22.910000	0.000000	1.4e-11
22.920000	0.000000	1.4e-11
22.930000	0.000000	1.3e-11
22.940000	0.000000	1.3e-11
22.950000	0.000000	1.3e-11
22.960000	0.000000	1.2e-11
22.970000	0.000000	1.2e-11
22.980000	0.000000	1.2e-11
22.990000	0.000000	1.2e-11
23.000000	0.000000	1.2e-11
23.010000	0.000000	1.2e-11
23.020000	0.000000	1.2e-11
23.030000	0.000000	1.1e-11
23.040000	0.000000	1.1e-11
23.050000	0.000000	1.1e-11
23.060000	0.000000	1.1e-11
23.070000	0.000000	1.1e-11
23.080000	0.000000	1.1e-11
23.090000	0.000000	1.1e-11
23.100000	0.000000	1.0e-11
23.110000	0.000000	1.0e-11
23.120000	0.000000	1.0e-11
23.130000	0.000000	9.9e-12
23.140000	0.000000	9.7e-12
23.150000	0.000000	9.6e-12
23.160000	0.000000	9.4e-12
23.170000	0.000000	9.3e-12
23.180000	0.000000	9.1e-12
23.190000	0.000000	9.0e-12
23.200000	0.000000	8.8e-12
23.210000	0.000000	8.7e-12
23.220000	0.000000	8.6e-12
23.230000	0.000000	8.5e-12
23.240000	0.000000	8.4e-12
23.250000	0.000000	8.3e-12
23.260000	0.000000	8.2e-12
23.270000	0.000000	8.0e-12
23.280000	0.000000	7.9e-12
23.290000	0.000000	7.8e-12
23.300000	0.000000	7.7e-12
23.310000	0.000000	7.6e-12
23.320000	0.000000	7.5e-12
23.330000	0.000000	7.4e-12
23.340000	0.000000	7.3e-12
23.350000	0.000000	7.2e-12
23.360000	0.000000	7.1e-12
23.370000	0.000000	7.0e-12
23.380000	0.000000	6.9e-12
23.390000	0.000000	6.8e-12
23.400000	0.000000	6.7e-12
23.410000	0.000000	6.6e-12
23.420000	0.000000	6.5e-12
23.430000	0.000000	6.4e-12
23.440000	0.000000	6.3e-12
23.450000	0.000000	6.2e-12
23.460000	0.000000	6.1e-12
23.470000	0.000000	6.0e-12
23.480000	0.000000	5.9e-12
23.490000	0.000000	5.8e-12
23.500000	0.000000	5.7e-12
23.510000	0.000000	5.7e-12
23.520000	0.000000	5.6e-12
23.530000	0.000000	5.5e-12
23.540000	0.000000	5.5e-12
23.550000	0.000000	5.4e-12
23.560000	0.000000	5.3e-12
23.570000	0.000000	5.3e-12
23.580000	0.000000	5.2e-12
23.590000	0.000000	5.1e-12
23.600000	0.000000	5.0e-12
23.610000	0.000000	5.0e-12
23.620000	0.000000	4.9e-12
23.630000	0.000000	4.8e-12
23.640000	0.000000	4.8e-12
23.650000	0.000000	4.7e-12
23.660000	0.000000	4.6e-12
23.670000	0.000000	4.6e-12
23.680000	0.000000	4.5e-12
23.690000	0.000000	4.4e-12
23.700000	0.000000	4.4e-12
23.710000	0.000000	4.3e-12
23.720000	0.000000	4.2e-12
23.730000	0.000000	4.2e-12
23.740000	0.000000	4.1e-12
23.750000	0.000000	4.0e-12
23.760000	0.000000	4.0e-12
23.770000	0.000000	3.9e-12
23.780000	0.000000	3.8e-12
23.790000	0.000000	3.8e-12
23.800000	0.000000	3.7e-12
23.810000	0.000000	3.7e-12
23.820000	0.000000	3.7e-12
23.830000	0.000000	3.6e-12
23.840000	0.000000	3.6e-12
23.850000	0.000000	3.5e-12
23.860000	0.000000	3.5e-12
23.870000	0.000000	3.4e-12
23.880000	0.000000	3.4e-12
23.890000	0.000000	3.3e-12
23.900000	0.000000	3.3e-12
23.910000	0.000000	3.2e-12
23.920000	0.000000	3.2e-12
23.930000	0.000000	3.2e-12
23.940000	0.000000	3.1e-12
23.950000	0.000000	3.1e-12
23.960000	0.000000	3.0e-12
23.970000	0.000000	3.0e-12
23.980000	0.000000	2.9e-12
23.990000	0.000000	2.9e-12
24.000000	0.000000	2.8e-12
24.010000	0.000000	2.8e-12
24.020000	0.000000	2.7e-12
24.030000	0.000000	2.7e-12
24.040000	0.000000	2.7e-12
24.050000	0.000000	2.6e-12
24.060000	0.000000	2.6e-12
24.070000	0.000000	2.5e-12
24.080000	0.000000	2.5e-12
24.090000	0.000000	2.5e-12
24.100000	0.000000	2.4e-12
24.110000	0.000000	2.4e-12
24.120000	0.000000	2.4e-12
24.130000	0.000000	2.4e-12
24.140000	0.000000	2.3e-12
24.150000	0.000000	2.3e-12
24.160000	0.000000	2.3e-12
24.170000	0.000000	2.2e-12
24.180000	0.000000	2.2e-12
24.190000	0.000000	2.2e-12
24.200000	0.000000	2.1e-12
24.210000	0.000000	2.1e-12
24.220000	0.000000	2.1e-12
24.230000	0.000000	2.0e-12
24.240000	0.000000	2.0e-12
24.250000	0.000000	2.0e-12
24.260000	0.000000	2.0e-12
24.270000	0.000000	1.9e-12
24.280000	0.000000	1.9e-12
24.290000	0.000000	1.9e-12
24.300000	0.000000	1.8e-12
24.310000	0.000000	1.8e-12
24.320000	0.000000	1.8e-12
24.330000	0.000000	1.7e-12
24.340000	0.000000	1.7e-12
24.350000	0.000000	1.7e-12
24.360000	0.000000	1.7e-12
24.370000	0.000000	1.7e-12
24.380000	0.000000	1.6e-12
24.390000	0.000000	1.6e-12
24.400000	0.000000	1.6e-12
24.410000	0.000000	1.6e-12
24.420000	0.000000	1.6e-12
24.430000	0.000000	1.5e-12
24.440000	0.000000	1.5e-12
24.450000	0.000000	1.5e-12
24.460000	0.000000	1.5e-12
24.470000	0.000000	1.5e-12
24.480000	0.000000	1.4e-12
24.490000	0.000000	1.4e-12
24.500000	0.000000	1.4e-12
24.510000	0.000000	1.4e-12
24.520000	0.000000	1.4e-12
24.530000	0.000000	1.3e-12
24.540000	0.000000	1.3e-12
24.550000	0.000000	1.3e-12
24.560000	0.000000	1.3e-12
24.570000	0.000000	1.2e-12
24.580000	0.000000	1.2e-12
24.590000	0.000000	1.2e-12
24.600000	0.000000	1.2e-12
24.610000	0.000000	1.2e-12
24.620000	0.000000	1.2e-12
24.630000	0.000000	1.1e-12
24.640000	0.000000	1.1e-12
24.650000	0.000000	1.1e-12
24.660000	0.000000	1.1e-12
24.670000	0.000000	1.1e-12
24.680000	0.000000	1.1e-12
24.690000	0.000000	1.1e-12
24.700000	0.000000	1.0e-12
24.710000	0.000000	1.0e-12
24.720000	0.000000	1.0e-12
24.730000	0.000000	1.0e-12
24.740000	0.000000	9.9e-13
24.750000	0.000000	9.7e-13
24.760000	0.000000	9.6e-13
24.770000	0.000000	9.5e-13
24.780000	0.000000	9.3e-13
24.790000	0.000000	9.2e-13
24.800000	0.000000	9.1e-13
24.810000	0.000000	8.9e-13
24.820000	0.000000	8.8e-13
24.830000	0.000000	8.6e-13
24.840000	0.000000	8.5e-13
24.850000	0.000000	8.4e-13
24.860000	0.000000	8.2e-13
24.870000	0.000000	8.1e-13
24.880000	0.000000	8.0e-13
24.890000	0.000000	7.8e-13
24.900000	0.000000	7.7e-13
24.910000	0.000000	7.6e-13
24.920000	0.000000	7.5e-13
24.930000	0.000000	7.4e-13
24.940000	0.000000	7.4e-13
24.950000	0.000000	7.3e-13
24.960000	0.000000	7.2e-13
24.970000	0.000000	7.1e-13
24.980000	0.000000	7.0e-13
24.990000	0.000000	6.9e-13
25.000000	0.000000	6.8e-13
25.010000	0.000000	6.7e-13
25.020000	0.000000	6.6e-13
25.030000	0.000000	6.5e-13
25.040000	0.000000	6.4e-13
25.050000	0.000000	6.3e-13
25.060000	0.000000	6.3e-13
25.070000	0.000000	6.2e-13
25.080000	0.000000	6.1e-13
25.090000	0.000000	6.0e-13
25.100000	0.000000	5.9e-13
25.110000	0.000000	5.8e-13
25.120000	0.000000	5.7e-13
25.130000	0.000000	5.6e-13
25.140000	0.000000	5.5e-13
25.150000	0.000000	5.4e-13
25.160000	0.000000	5.3e-13
25.170000	0.000000	5.3e-13
25.180000	0.000000	5.2e-13
25.190000	0.000000	5.1e-13
25.200000	0.000000	5.0e-13
25.210000	0.000000	5.0e-13
25.220000	0.000000	4.9e-13
25.230000	0.000000	4.9e-13
25.240000	0.000000	4.8e-13
25.250000	0.000000	4.7e-13
25.260000	0.000000	4.7e-13
25.270000	0.000000	4.6e-13
25.280000	0.000000	4.6e-13
25.290000	0.000000	4.5e-13
25.300000	0.000000	4.4e-13
25.310000	0.000000	4.4e-13
25.320000	0.000000	4.3e-13
25.330000	0.000000	4.2e-13
25.340000	0.000000	4.2e-13
25.350000	0.000000	4.1e-13
25.360000	0.000000	4.1e-13
25.370000	0.000000	4.0e-13
25.380000	0.000000	3.9e-13
25.390000	0.000000	3.9e-13
25.400000	0.000000	3.8e-13
25.410000	0.000000	3.8e-13
25.420000	0.000000	3.7e-13
25.430000	0.000000	3.6e-13
25.440000	0.000000	3.6e-13
25.450000	0.000000	3.5e-13
25.460000	0.000000	3.5e-13
25.470000	0.000000	3.4e-13
25.480000	0.000000	3.4e-13
25.490000	0.000000	3.3e-13
25.500000	0.000000	3.3e-13
25.510000	0.000000	3.3e-13
25.520000	0.000000	3.2e-13
25.530000	0.000000	3.2e-13
25.540000	0.000000	3.1e-13
25.550000	0.000000	3.1e-13
25.560000	0.000000	3.1e-13
25.570000	0.000000	3.0e-13
25.580000	0.000000	3.0e-13
25.590000	0.000000	2.9e-13
25.600000	0.000000	2.9e-13
25.610000	0.000000	2.8e-13
25.620000	0.000000	2.8e-13
25.630000	0.000000	2.8e-13
25.640000	0.000000	2.7e-13
25.650000	0.000000	2.7e-13
25.660000	0.000000	2.6e-13
25.670000	0.000000	2.6e-13
25.680000	0.000000	2.6e-13
25.690000	0.000000	2.5e-13
25.700000	0.000000	2.5e-13
25.710000	0.000000	2.4e-13
25.720000	0.000000	2.4e-13
25.730000	0.000000	2.4e-13
25.740000	0.000000	2.3e-13
25.750000	0.000000	2.3e-13
25.760000	0.000000	2.3e-13
25.770000	0.000000	2.2e-13
25.780000	0.000000	2.2e-13
25.790000	0.000000	2.2e-13
25.800000	0.000000	2.2e-13
25.810000	0.000000	2.1e-13
25.820000	0.000000	2.1e-13
25.830000	0.000000	2.1e-13
25.840000	0.000000	2.0e-13
25.850000	0.000000	2.0e-13
25.860000	0.000000	2.0e-13
25.870000	0.000000	2.0e-13
25.880000	0.000000	1.9e-13
25.890000	0.000000	1.9e-13
25.900000	0.000000	1.9e-13
25.910000	0.000000	1.9e-13
25.920000	0.000000	1.8e-13
25.930000	0.000000	1.8e-13
25.940000	0.000000	1.8e-13
25.950000	0.000000	1.7e-13
25.960000	0.000000	1.7e-13
25.970000	0.000000	1.7e-13
25.980000	0.000000	1.7e-13
25.990000	0.000000	1.6e-13
26.000000	0.000000	1.6e-13
26.010000	0.000000	1.6e-13
26.020000	0.000000	1.6e-13
26.030000	0.000000	1.5e-13
26.040000	0.000000	1.5e-13
26.050000	0.000000	1.5e-13
26.060000	0.000000	1.5e-13
26.070000	0.000000	1.5e-13
26.080000	0.000000	1.4e-13
26.090000	0.000000	1.4e-13
26.100000	0.000000	1.4e-13
26.110000	0.000000	1.4e-13
26.120000	0.000000	1.4e-13
26.130000	0.000000	1.4e-13
26.140000	0.000000	1.3e-13
26.150000	0.000000	1.3e-13
26.160000	0.000000	1.3e-13
26.170000	0.000000	1.3e-13
26.180000	0.000000	1.3e-13
26.190000	0.000000	1.2e-13
26.200000	0.000000	1.2e-13
26.210000	0.000000	1.2e-13
26.220000	0.000000	1.2e-13
26.230000	0.000000	1.2e-13
26.240000	0.000000	1.2e-13
26.250000	0.000000	1.1e-13
26.260000	0.000000	1.1e-13
26.270000	0.000000	1.1e-13
26.280000	0.000000	1.1e-13
26.290000	0.000000	1.1e-13
26.300000	0.000000	1.0e-13
26.310000	0.000000	1.0e-13
26.320000	0.000000	1.0e-13
26.330000	0.000000	1.0e-13
26.340000	0.000000	9.9e-14
26.350000	0.000000	9.8e-14
26.360000	0.000000	9.7e-14
26.370000	0.000000	9.6e-14
26.380000	0.000000	9.4e-14
26.390000	0.000000	9.3e-14
26.400000	0.000000	9.2e-14
26.410000	0.000000	9.1e-14
26.420000	0.000000	9.0e-14
26.430000	0.000000	8.8e-14
26.440000	0.000000	8.7e-14
26.450000	0.000000	8.6e-14
26.460000	0.000000	8.5e-14
26.470000	0.000000	8.3e-14
26.480000	0.000000	8.2e-14
26.490000	0.000000	8.1e-14
26.500000	0.000000	8.0e-14
26.510000	0.000000	7.8e-14
26.520000	0.000000	7.7e-14
26.530000	0.000000	7.6e-14
26.540000	0.000000	7.5e-14
26.550000	0.000000	7.3e-14
26.560000	0.000000	7.2e-14
26.570000	0.000000	7.1e-14
26.580000	0.000000	7.0e-14
26.590000	0.000000	6.9e-14
26.600000	0.000000	6.8e-14
26.610000	0.000000	6.8e-14
26.620000	0.000000	6.7e-14
26.630000	0.000000	6.6e-14
26.640000	0.000000	6.5e-14
26.650000	0.000000	6.4e-14
26.660000	0.000000	6.3e-14
26.670000	0.000000	6.2e-14
26.680000	0.000000	6.2e-14
26.690000	0.000000	6.1e-14
26.700000	0.000000	6.0e-14
26.710000	0.000000	5.9e-14
26.720000	0.000000	5.8e-14
26.730000	0.000000	5.8e-14
26.740000	0.000000	5.7e-14
26.750000	0.000000	5.6e-14
26.760000	0.000000	5.5e-14
26.770000	0.000000	5.4e-14
26.780000	0.000000	5.3e-14
26.790000	0.000000	5.3e-14
26.800000	0.000000	5.2e-14
26.810000	0.000000	5.1e-14
26.820000	0.000000	5.0e-14
26.830000	0.000000	4.9e-14
26.840000	0.000000	4.8e-14
26.850000	0.000000	4.8e-14
26.860000	0.000000	4.7e-14
26.870000	0.000000	4.6e-14
26.880000	0.000000	4.6e-14
26.890000	0.000000	4.5e-14
26.900000	0.000000	4.5e-14
26.910000	0.000000	4.4e-14
26.920000	0.000000	4.4e-14
26.930000	0.000000	4.3e-14
26.940000	0.000000	4.2e-14
26.950000	0.000000	4.2e-14
26.960000	0.000000	4.1e-14
26.970000	0.000000	4.1e-14
26.980000	0.000000	4.0e-14
26.990000	0.000000	4.0e-14
27.000000	0.000000	3.9e-14
27.010000	0.000000	3.9e-14
27.020000	0.000000	3.8e-14
27.030000	0.000000	3.7e-14
27.040000	0.000000	3.7e-14
27.050000	0.000000	3.6e-14
27.060000	0.000000	3.6e-14
27.070000	0.000000	3.5e-14
27.080000	0.000000	3.5e-14
27.090000	0.000000	3.4e-14
27.100000	0.000000	3.4e-14
27.110000	0.000000	3.3e-14
27.120000	0.000000	3.3e-14
27.130000	0.000000	3.2e-14
27.140000	0.000000	3.2e-14
27.150000	0.000000	3.1e-14
27.160000	0.000000	3.1e-14
27.170000	0.000000	3.0e-14
27.180000	0.000000	3.0e-14
27.190000	0.000000	3.0e-14
27.200000	0.000000	2.9e-14
27.210000	0.000000	2.9e-14
27.220000	0.000000	2.8e-14
27.230000	0.000000	2.8e-14
27.240000	0.000000	2.8e-14
27.250000	0.000000	2.7e-14
27.260000	0.000000	2.7e-14
27.270000	0.000000	2.7e-14
27.280000	0.000000	2.6e-14
27.290000	0.000000	2.6e-14
27.300000	0.000000	2.6e-14
27.310000	0.000000	2.5e-14
27.320000	0.000000	2.5e-14
27.330000	0.000000	2.4e-14
27.340000	0.000000	2.4e-14
27.350000	0.000000	2.4e-14
27.360000	0.000000	2.3e-14
27.370000	0.000000	2.3e-14
27.380000	0.000000	2.3e-14
27.390000	0.000000	2.2e-14
27.400000	0.000000	2.2e-14
27.410000	0.000000	2.1e-14
27.420000	0.000000	2.1e-14
27.430000	0.000000	2.1e-14
27.440000	0.000000	2.1e-14
27.450000	0.000000	2.0e-14
27.460000	0.000000	2.0e-14
27.470000	0.000000	2.0e-14
27.480000	0.000000	2.0e-14
27.490000	0.000000	1.9e-14
27.500000	0.000000	1.9e-14
27.510000	0.000000	1.9e-14
27.520000	0.000000	1.9e-14
27.530000	0.000000	1.8e-14
27.540000	0.000000	1.8e-14
27.550000	0.000000	1.8e-14
27.560000	0.000000	1.8e-14
27.570000	0.000000	1.7e-14
27.580000	0.000000	1.7e-14
27.590000	0.000000	1.7e-14
27.600000	0.000000	1.7e-14
27.610000	0.000000	1.6e-14
27.620000	0.000000	1.6e-14
27.630000	0.000000	1.6e-14
27.640000	0.000000	1.6e-14
27.650000	0.000000	1.5e-14
27.660000	0.000000	1.5e-14
27.670000	0.000000	1.5e-14
27.680000	0.000000	1.5e-14
27.690000	0.000000	1.4e-14
27.700000	0.000000	1.4e-14
27.710000	0.000000	1.4e-14
27.720000	0.000000	1.4e-14
27.730000	0.000000	1.4e-14
27.740000	0.000000	1.3e-14
27.750000	0.000000	1.3e-14
27.760000	0.000000	1.3e-14
27.770000	0.000000	1.3e-14
27.780000	0.000000	1.3e-14
27.790000	0.000000	1.3e-14
27.800000	0.000000	1.2e-14
27.810000	0.000000	1.2e-14
27.820000	0.000000	1.2e-14
27.830000	0.000000	1.2e-14
27.840000	0.000000	1.2e-14
27.850000	0.000000	1.2e-14
27.860000	0.000000	1.1e-14
27.870000	0.000000	1.1e-14
27.880000	0.000000	1.1e-14
27.890000	0.000000	1.1e-14
27.900000	0.000000	1.1e-14
27.910000	0.000000	1.1e-14
27.920000	0.000000	1.0e-14
27.930000	0.000000	1.0e-14
27.940000	0.000000	1.0e-14
27.950000	0.000000	1.0e-14
27.960000	0.000000	9.8e-15
27.970000	0.000000	9.7e-15
27.980000	0.000000	9.5e-15
27.990000	0.000000	9.4e-15
28.000000	0.000000	9.3e-15
28.010000	0.000000	9.2e-15
28.020000	0.000000	9.0e-15
28.030000	0.000000	8.9e-15
28.040000	0.000000	8.8e-15
28.050000	0.000000	8.7e-15
28.060000	0.000000	8.6e-15
28.070000	0.000000	8.5e-15
28.080000	0.000000	8.4e-15
28.090000	0.000000	8.3e-15
28.100000	0.000000	8.2e-15
28.110000	0.000000	8.0e-15
28.120000	0.000000	7.9e-15
28.130000	0.000000	7.8e-15
28.140000	0.000000	7.7e-15
28.150000	0.000000	7.6e-15
28.160000	0.000000	7.5e-15
28.170000	0.000000	7.4e-15
28.180000	0.000000	7.3e-15
28.190000	0.000000	7.2e-15
28.200000	0.000000	7.0e-15
28.210000	0.000000	6.9e-15
28.220000	0.000000	6.8e-15
28.230000	0.000000	6.7e-15
28.240000	0.000000	6.6e-15
28.250000	0.000000	6.5e-15
28.260000	0.000000	6.4e-15
28.270000	0.000000	6.3e-15
28.280000	0.000000	6.2e-15
28.290000	0.000000	6.1e-15
28.300000	0.000000	6.1e-15
28.310000	0.000000	6.0e-15
28.320000	0.000000	5.9e-15
28.330000	0.000000	5.8e-15
28.340000	0.000000	5.8e-15
28.350000	0.000000	5.7e-15
28.360000	0.000000	5.6e-15
28.370000	0.000000	5.5e-15
28.380000	0.000000	5.5e-15
28.390000	0.000000	5.4e-15
28.400000	0.000000	5.3e-15
28.410000	0.000000	5.2e-15
28.420000	0.000000	5.2e-15
28.430000	0.000000	5.1e-15
28.440000	0.000000	5.0e-15
28.450000	0.000000	5.0e-15
28.460000	0.000000	4.9e-15
28.470000	0.000000	4.8e-15
28.480000	0.000000	4.7e-15
28.490000	0.000000	4.6e-15
28.500000	0.000000	4.6e-15
28.510000	0.000000	4.5e-15
28.520000	0.000000	4.4e-15
28.530000	0.000000	4.4e-15
28.540000	0.000000	4.3e-15
28.550000	0.000000	4.2e-15
28.560000	0.000000	4.2e-15
28.570000	0.000000	4.1e-15
28.580000	0.000000	4.1e-15
28.590000	0.000000	4.0e-15
28.600000	0.000000	4.0e-15
28.610000	0.000000	3.9e-15
28.620000	0.000000	3.9e-15
28.630000	0.000000	3.8e-15
28.640000	0.000000	3.8e-15
28.650000	0.000000	3.7e-15
28.660000	0.000000	3.7e-15
28.670000	0.000000	3.6e-15
28.680000	0.000000	3.6e-15
28.690000	0.000000	3.5e-15
28.700000	0.000000	3.5e-15
28.710000	0.000000	3.4e-15
28.720000	0.000000	3.4e-15
28.730000	0.000000	3.3e-15
28.740000	0.000000	3.3e-15
28.750000	0.000000	3.2e-15
28.760000	0.000000	3.2e-15
28.770000	0.000000	3.1e-15
28.780000	0.000000	3.1e-15
28.790000	0.000000	3.0e-15
28.800000	0.000000	3.0e-15
28.810000	0.000000	2.9e-15
28.820000	0.000000	2.9e-15
28.830000	0.000000	2.8e-15
28.840000	0.000000	2.8e-15
28.850000	0.000000	2.8e-15
28.860000	0.000000	2.7e-15
28.870000	0.000000	2.7e-15
28.880000	0.000000	2.7e-15
28.890000	0.000000	2.6e-15
28.900000	0.000000	2.6e-15
28.910000	0.000000	2.6e-15
28.920000	0.000000	2.5e-15
28.930000	0.000000	2.5e-15
28.940000	0.000000	2.5e-15
28.950000	0.000000	2.4e-15
28.960000	0.000000	2.4e-15
28.970000	0.000000	2.4e-15
28.980000	0.000000	2.3e-15
28.990000	0.000000	2.3e-15
29.000000	0.000000	2.3e-15
29.010000	0.000000	2.2e-15
29.020000	0.000000	2.2e-15
29.030000	0.000000	2.2e-15
29.040000	0.000000	2.1e-15
29.050000	0.000000	2.1e-15
29.060000	0.000000	2.1e-15
29.070000	0.000000	2.0e-15
29.080000	0.000000	2.0e-15
29.090000	0.000000	2.0e-15
29.100000	0.000000	1.9e-15
29.110000	0.000000	1.9e-15
29.120000	0.000000	1.9e-15
29.130000	0.000000	1.9e-15
29.140000	0.000000	1.8e-15
29.150000	0.000000	1.8e-15
29.160000	0.000000	1.8e-15
29.170000	0.000000	1.8e-15
29.180000	0.000000	1.7e-15
29.190000	0.000000	1.7e-15
29.200000	0.000000	1.7e-15
29.210000	0.000000	1.7e-15
29.220000	0.000000	1.7e-15
29.230000	0.000000	1.6e-15
29.240000	0.000000	1.6e-15
29.250000	0.000000	1.6e-15
29.260000	0.000000	1.6e-15
29.270000	0.000000	1.5e-15
29.280000	0.000000	1.5e-15
29.290000	0.000000	1.5e-15
29.300000	0.000000	1.5e-15
29.310000	0.000000	1.5e-15
29.320000	0.000000	1.4e-15
29.330000	0.000000	1.4e-15
29.340000	0.000000	1.4e-15
29.350000	0.000000	1.4e-15
29.360000	0.000000	1.3e-15
29.370000	0.000000	1.3e-15
29.380000	0.000000	1.3e-15
29.390000	0.000000	1.3e-15
29.400000	0.000000	1.3e-15
29.410000	0.000000	1.2e-15
29.420000	0.000000	1.2e-15
29.430000	0.000000	1.2e-15
29.440000	0.000000	1.2e-15
29.450000	0.000000	1.2e-15
29.460000	0.000000	1.2e-15
29.470000	0.000000	1.2e-15
29.480000	0.000000	1.1e-15
29.490000	0.000000	1.1e-15
29.500000	0.000000	1.1e-15
29.510000	0.000000	1.1e-15
29.520000	0.000000	1.1e-15
29.530000	0.000000	1.1e-15
29.540000	0.000000	1.1e-15
29.550000	0.000000	1.0e-15
29.560000	0.000000	1.0e-15
29.570000	0.000000	1.0e-15
29.580000	0.000000	9.9e-16
29.590000	0.000000	9.8e-16
29.600000	0.000000	9.6e-16
29.610000	0.000000	9.5e-16
29.620000	0.000000	9.3e-16
29.630000	0.000000	9.2e-16
29.640000	0.000000	9.0e-16
29.650000	0.000000	8.9e-16
29.660000	0.000000	8.7e-16
29.670000	0.000000	8.6e-16
29.680000	0.000000	8.5e-16
29.690000	0.000000	8.4e-16
29.700000	0.000000	8.3e-16
29.710000	0.000000	8.2e-16
29.720000	0.000000	8.1e-16
29.730000	0.000000	8.0e-16
29.740000	0.000000	7.9e-16
29.750000	0.000000	7.8e-16
29.760000	0.000000	7.7e-16
29.770000	0.000000	7.6e-16
29.780000	0.000000	7.5e-16
29.790000	0.000000	7.4e-16
29.800000	0.000000	7.3e-16
29.810000	0.000000	7.2e-16
29.820000	0.000000	7.1e-16
29.830000	0.000000	7.0e-16
29.840000	0.000000	6.9e-16
29.850000	0.000000	6.8e-16
29.860000	0.000000	6.7e-16
29.870000	0.000000	6.6e-16
29.880000	0.000000	6.5e-16
29.890000	0.000000	6.4e-16
29.900000	0.000000	6.3e-16
29.910000	0.000000	6.2e-16
29.920000	0.000000	6.1e-16
29.930000	0.000000	6.0e-16
29.940000	0.000000	5.9e-16
29.950000	0.000000	5.8e-16
29.960000	0.000000	5.7e-16
29.970000	0.000000	5.6e-16
29.980000	0.000000	5.6e-16
29.990000	0.000000	5.5e-16
30.000000	0.000000	5.4e-16
30.010000	0.000000	5.3e-16
30.020000	0.000000	5.3e-16
30.030000	0.000000	5.2e-16
30.040000	0.000000	5.1e-16
30.050000	0.000000	5.1e-16
30.060000	0.000000	5.0e-16
30.070000	0.000000	4.9e-16
30.080000	0.000000	4.9e-16
30.090000	0.000000	4.8e-16
