0.100000	0.000000	12743390.993165
0.110000	0.000000	9523203.931656
0.120000	0.000000	5154294.853137
0.130000	0.000000	4980950.299420
0.140000	0.000000	2107402.909400
0.150000	0.000000	979759.901812
0.160000	0.000000	822355.925786
0.170000	0.000000	730699.151435
0.180000	0.000000	752794.184660
0.190000	0.000000	725456.783359
0.200000	0.000000	649715.964355
0.210000	0.000000	650657.603532
0.220000	0.000000	753842.708100
0.230000	0.000000	1227090.502483
0.240000	0.000000	700866.211139
0.250000	0.000000	999347.377372
0.260000	0.000000	808242.485956
0.270000	0.000000	555601.719604
0.280000	0.000000	789999.638719
0.290000	0.000000	461315.937314
0.300000	0.000000	525574.229644
0.310000	0.000000	508050.959554
0.320000	0.000000	429506.113830
0.330000	0.000000	441600.391452
0.340000	0.000000	399035.689624
0.350000	0.000000	329142.585253
0.360000	0.000000	518126.492392
0.370000	0.000000	815216.028705
0.380000	0.000000	688018.023243
0.390000	0.000000	393456.324736
0.400000	0.000000	614668.674899
0.410000	0.000000	234675.341997
0.420000	0.000000	242989.044896
0.430000	0.000000	276286.079521
0.440000	0.000000	218384.347949
0.450000	0.000000	216402.237645
0.460000	0.000000	187262.981891
0.470000	0.000000	182189.250378
0.480000	0.000000	172439.433105
0.490000	0.000000	247120.097828
0.500000	0.000000	263178.260786
0.510000	0.000000	188686.595211
0.520000	0.000000	146484.198937
0.530000	0.000000	172415.418169
0.540000	0.000000	172129.544405
0.550000	0.000000	131551.230435
0.560000	0.000000	156238.185089
0.570000	0.000000	180222.868216
0.580000	0.000000	128695.446444
0.590000	0.000000	146140.142790
0.600000	0.000000	122170.578449
0.610000	0.000000	112082.429025
0.620000	0.000000	132808.046327
0.630000	0.000000	118177.451971
0.640000	0.000000	106067.439750
0.650000	0.000000	886875.165512
0.660000	0.000000	522541.606111
0.670000	0.000000	125427.216916
0.680000	0.000000	104181.341678
0.690000	0.000000	249539.379356
0.700000	0.000000	307305.337831
0.710000	0.000000	520806.757363
0.720000	0.000000	1047144.389078
0.730000	0.000000	231391.279011
0.740000	0.000000	596868.457058
0.750000	0.000000	180661.151200
0.760000	0.000000	759737.581787
0.770000	0.000000	1256726.723430
0.780000	0.000000	502330.723596
0.790000	0.000000	468446.641883
0.800000	0.000000	588963.359165
0.810000	0.000000	663178.303046
0.820000	0.000000	1223765.854882
0.830000	0.000000	833228.710718
0.840000	0.000000	656284.638567
0.850000	0.000000	853526.678652
0.860000	0.000000	1208797.906599
0.870000	0.000000	1231594.466558
0.880000	0.000000	597707.329973
0.890000	0.000000	619735.692114
0.900000	0.000000	991681.099288
0.910000	0.000000	1510688.750841
0.920000	0.000000	773530.606990
0.930000	0.000000	407783.625902
0.940000	0.000000	520289.768229
0.950000	0.000000	698167.703489
0.960000	0.000000	1035546.542063
0.970000	0.000000	423708.013031
0.980000	0.000000	302762.140768
0.990000	0.000000	461643.271577
1.000000	0.000000	668597.918274
1.010000	0.000000	719405.100680
1.020000	0.000000	447155.619762
1.030000	0.000000	180312.364804
1.040000	0.000000	221859.586926
1.050000	0.000000	256253.711190
1.060000	0.000000	128731.091222
1.070000	0.000000	236277.455065
1.080000	0.000000	231437.355377
1.090000	0.000000	210558.313712
1.100000	0.000000	139624.701553
1.110000	0.000000	112035.222048
1.120000	0.000000	163180.265116
1.130000	0.000000	87406.346453
1.140000	0.000000	167529.919650
1.150000	0.000000	128769.628271
1.160000	0.000000	171404.138913
1.170000	0.000000	151969.259134
1.180000	0.000000	103015.875475
1.190000	0.000000	78115.855674
1.200000	0.000000	76301.116747
1.210000	0.000000	87979.820090
1.220000	0.000000	73695.255547
1.230000	0.000000	63418.245847
1.240000	0.000000	68398.042342
1.250000	0.000000	80065.241250
1.260000	0.000000	63243.568909
1.270000	0.000000	112479.707721
1.280000	0.000000	44598.436717
1.290000	0.000000	48090.999575
1.300000	0.000000	58886.355138
1.310000	0.000000	84249.978377
1.320000	0.000000	54915.102909
1.330000	0.000000	46387.071724
1.340000	0.000000	58969.966570
1.350000	0.000000	51692.337612
1.360000	0.000000	46606.101055
1.370000	0.000000	49175.252379
1.380000	0.000000	37381.301475
1.390000	0.000000	33964.415938
1.400000	0.000000	36490.536710
1.410000	0.000000	27234.465415
1.420000	0.000000	33166.808334
1.430000	0.000000	29487.824767
1.440000	0.000000	39079.801801
1.450000	0.000000	23275.523306
1.460000	0.000000	21890.386625
1.470000	0.000000	21020.634310
1.480000	0.000000	23631.804095
1.490000	0.000000	22708.324196
1.500000	0.000000	19855.868421
1.510000	0.000000	19422.425755
1.520000	0.000000	20717.983132
1.530000	0.000000	19349.743138
1.540000	0.000000	16790.025574
1.550000	0.000000	17403.597705
1.560000	0.000000	181265.641098
1.570000	0.000000	560158.411519
1.580000	0.000000	369104.974863
1.590000	0.000000	1253403.871982
1.600000	0.000000	15803.625762
1.610000	0.000000	14898.554275
1.620000	0.000000	12840.058978
1.630000	0.000000	12344.565567
1.640000	0.000000	12064.367216
1.650000	0.000000	13356.951520
1.660000	0.000000	12207.424610
1.670000	0.000000	11947.858902
1.680000	0.000000	11483.170722
1.690000	0.000000	23402.932978
1.700000	0.000000	34505.441581
1.710000	0.000000	44060.520246
1.720000	0.000000	358674.618453
1.730000	0.000000	768092.029787
1.740000	0.000000	9300.356006
1.750000	0.000000	9399.724650
1.760000	0.000000	8905.741287
1.770000	0.000000	8734.860033
1.780000	0.000000	8534.531417
1.790000	0.000000	8538.045543
1.800000	0.000000	8928.761858
1.810000	0.000000	15710.357912
1.820000	0.000000	12644.131090
1.830000	0.000000	8885.617425
1.840000	0.000000	7716.294326
1.850000	0.000000	7679.959247
1.860000	0.000000	86415.331409
1.870000	0.000000	100752.784427
1.880000	0.000000	7176.223222
1.890000	0.000000	8200.934416
1.900000	0.000000	10279.652847
1.910000	0.000000	8114.996962
1.920000	0.000000	6900.089052
1.930000	0.000000	6735.944804
1.940000	0.000000	9335.488856
1.950000	0.000000	6549.131142
1.960000	0.000000	56785.915422
1.970000	0.000000	14255.713551
1.980000	0.000000	6081.542564
1.990000	0.000000	7717.909393
2.000000	0.000000	26071.625548
2.010000	0.000000	17462.608272
2.020000	0.000000	13846.658222
2.030000	0.000000	17992.418536
2.040000	0.000000	59778.086345
2.050000	0.000000	85119.163187
2.060000	0.000000	9291.634292
2.070000	0.000000	5240.720372
2.080000	0.000000	5534.067180
2.090000	0.000000	6609.948920
2.100000	0.000000	6380.135297
2.110000	0.000000	6293.710822
2.120000	0.000000	6310.289232
2.130000	0.000000	6160.082600
2.140000	0.000000	5981.183054
2.150000	0.000000	33530.275036
2.160000	0.000000	15743.657339
2.170000	0.000000	5348.574297
2.180000	0.000000	5261.561826
2.190000	0.000000	5173.732796
2.200000	0.000000	12160.422676
2.210000	0.000000	14278.088433
2.220000	0.000000	4913.875891
2.230000	0.000000	7024.017856
2.240000	0.000000	12232.689798
2.250000	0.000000	9427.226998
2.260000	0.000000	7676.318766
2.270000	0.000000	6478.772319
2.280000	0.000000	5806.230387
2.290000	0.000000	4412.822226
2.300000	0.000000	5169.226413
2.310000	0.000000	5373.736307
2.320000	0.000000	5323.908522
2.330000	0.000000	5236.601235
2.340000	0.000000	5151.835474
2.350000	0.000000	5063.228786
2.360000	0.000000	4974.793498
2.370000	0.000000	5179.416698
2.380000	0.000000	5205.703661
2.390000	0.000000	4720.590980
2.400000	0.000000	4925.754912
2.410000	0.000000	5520.663933
2.420000	0.000000	22708.655189
2.430000	0.000000	137960.278116
2.440000	0.000000	68398.828814
2.450000	0.000000	64278.905861
2.460000	0.000000	181685.927601
2.470000	0.000000	26904.344012
2.480000	0.000000	4016.482753
2.490000	0.000000	3950.876779
2.500000	0.000000	3886.035896
2.510000	0.000000	3885.768760
2.520000	0.000000	3805.396073
2.530000	0.000000	3699.467261
2.540000	0.000000	3638.014201
2.550000	0.000000	3612.201497
2.560000	0.000000	3584.985610
2.570000	0.000000	3468.213991
2.580000	0.000000	3899.882957
2.590000	0.000000	5843.868198
2.600000	0.000000	4761.851506
2.610000	0.000000	10893.987952
2.620000	0.000000	17508.868469
2.630000	0.000000	4215.335338
2.640000	0.000000	3139.800528
2.650000	0.000000	3071.857531
2.660000	0.000000	3020.910085
2.670000	0.000000	2977.074446
2.680000	0.000000	2932.956005
2.690000	0.000000	2889.855866
2.700000	0.000000	2853.140460
2.710000	0.000000	2810.280432
2.720000	0.000000	2764.585521
2.730000	0.000000	2732.026891
2.740000	0.000000	2741.990392
2.750000	0.000000	2850.629153
2.760000	0.000000	2684.275703
2.770000	0.000000	2729.094429
2.780000	0.000000	3029.806573
2.790000	0.000000	2606.803571
2.800000	0.000000	2851.515505
2.810000	0.000000	2473.852460
2.820000	0.000000	7480.590539
2.830000	0.000000	4632.050043
2.840000	0.000000	2580.097863
2.850000	0.000000	2279.882894
2.860000	0.000000	2210.459453
2.870000	0.000000	12166.055779
2.880000	0.000000	14755.862914
2.890000	0.000000	2117.346399
2.900000	0.000000	2086.879610
2.910000	0.000000	2056.873467
2.920000	0.000000	2028.370454
2.930000	0.000000	2000.398687
2.940000	0.000000	2040.346192
2.950000	0.000000	4500.313374
2.960000	0.000000	2717.941830
2.970000	0.000000	1959.820619
2.980000	0.000000	1942.335311
2.990000	0.000000	1853.146998
3.000000	0.000000	1801.752566
3.010000	0.000000	2614.169758
3.020000	0.000000	6304.195099
3.030000	0.000000	5079.506182
3.040000	0.000000	1878.912258
3.050000	0.000000	1862.917493
3.060000	0.000000	1684.461270
3.070000	0.000000	1623.015453
3.080000	0.000000	1620.448809
3.090000	0.000000	2536.776157
3.100000	0.000000	7819.264862
3.110000	0.000000	1914.747186
3.120000	0.000000	2749.940743
3.130000	0.000000	6417.118875
3.140000	0.000000	2033.167637
3.150000	0.000000	2175.188317
3.160000	0.000000	1623.536634
3.170000	0.000000	1794.291162
3.180000	0.000000	1992.755021
3.190000	0.000000	1639.696203
3.200000	0.000000	1349.591094
3.210000	0.000000	1343.633184
3.220000	0.000000	1372.243514
3.230000	0.000000	1400.508171
3.240000	0.000000	1381.384467
3.250000	0.000000	1364.929880
3.260000	0.000000	1418.722749
3.270000	0.000000	1813.889330
3.280000	0.000000	1322.485954
3.290000	0.000000	1290.031117
3.300000	0.000000	1270.380811
3.310000	0.000000	1268.664334
3.320000	0.000000	1263.292518
3.330000	0.000000	1219.150918
3.340000	0.000000	1194.008605
3.350000	0.000000	1303.244213
3.360000	0.000000	1248.479604
3.370000	0.000000	1139.304841
3.380000	0.000000	1121.658619
3.390000	0.000000	1143.390560
3.400000	0.000000	1161.318936
3.410000	0.000000	1087.856257
3.420000	0.000000	1110.354509
3.430000	0.000000	1053.069889
3.440000	0.000000	1076.638111
3.450000	0.000000	1056.410313
3.460000	0.000000	1000.307768
3.470000	0.000000	1042.006484
3.480000	0.000000	985.593934
3.490000	0.000000	987.135105
3.500000	0.000000	1017.232473
3.510000	0.000000	969.295899
3.520000	0.000000	929.357416
3.530000	0.000000	914.446434
3.540000	0.000000	901.652574
3.550000	0.000000	890.049082
3.560000	0.000000	877.982339
3.570000	0.000000	865.302243
3.580000	0.000000	857.201469
3.590000	0.000000	846.329860
3.600000	0.000000	847.866382
3.610000	0.000000	960.614978
3.620000	0.000000	838.070560
3.630000	0.000000	791.757731
3.640000	0.000000	780.174823
3.650000	0.000000	767.100996
3.660000	0.000000	755.867238
3.670000	0.000000	753.931722
3.680000	0.000000	886.382758
3.690000	0.000000	814.865107
3.700000	0.000000	711.986616
3.710000	0.000000	701.236951
3.720000	0.000000	691.520845
3.730000	0.000000	682.389017
3.740000	0.000000	673.498858
3.750000	0.000000	664.431753
3.760000	0.000000	654.912335
3.770000	0.000000	650.789218
3.780000	0.000000	693.712324
3.790000	0.000000	652.592699
3.800000	0.000000	627.515502
3.810000	0.000000	615.082054
3.820000	0.000000	602.631798
3.830000	0.000000	596.390477
3.840000	0.000000	611.682180
3.850000	0.000000	874.075434
3.860000	0.000000	998.167398
3.870000	0.000000	868.596378
3.880000	0.000000	760.127689
3.890000	0.000000	938.585166
3.900000	0.000000	992.360978
3.910000	0.000000	528.867039
3.920000	0.000000	521.718247
3.930000	0.000000	516.481768
3.940000	0.000000	506.118843
3.950000	0.000000	498.986527
3.960000	0.000000	520.056795
3.970000	0.000000	484.960315
3.980000	0.000000	476.289950
3.990000	0.000000	469.325935
4.000000	0.000000	473.847034
4.010000	0.000000	461.234889
4.020000	0.000000	450.948405
4.030000	0.000000	449.614197
4.040000	0.000000	444.933829
4.050000	0.000000	437.726942
4.060000	0.000000	432.215593
4.070000	0.000000	424.714798
4.080000	0.000000	417.339866
4.090000	0.000000	409.674905
4.100000	0.000000	404.894555
4.110000	0.000000	398.550997
4.120000	0.000000	397.021851
4.130000	0.000000	387.192535
4.140000	0.000000	382.659771
4.150000	0.000000	376.620896
4.160000	0.000000	371.171235
4.170000	0.000000	365.887073
4.180000	0.000000	360.590702
4.190000	0.000000	355.317660
4.200000	0.000000	350.189384
4.210000	0.000000	345.194053
4.220000	0.000000	340.231228
4.230000	0.000000	335.903225
4.240000	0.000000	331.851462
4.250000	0.000000	326.274278
4.260000	0.000000	321.024541
4.270000	0.000000	316.571274
4.280000	0.000000	311.845735
4.290000	0.000000	307.413929
4.300000	0.000000	303.335483
4.310000	0.000000	299.216681
4.320000	0.000000	295.164580
4.330000	0.000000	292.927616
4.340000	0.000000	288.085573
4.350000	0.000000	283.615241
4.360000	0.000000	279.764427
4.370000	0.000000	275.856618
4.380000	0.000000	271.919567
4.390000	0.000000	268.076843
4.400000	0.000000	264.319468
4.410000	0.000000	260.648644
4.420000	0.000000	257.105862
4.430000	0.000000	253.767972
4.440000	0.000000	249.755568
4.450000	0.000000	246.249123
4.460000	0.000000	243.372587
4.470000	0.000000	239.621596
4.480000	0.000000	239.611407
4.490000	0.000000	233.228428
4.500000	0.000000	265.426244
4.510000	0.000000	245.662590
4.520000	0.000000	225.885438
4.530000	0.000000	220.123758
4.540000	0.000000	216.747791
4.550000	0.000000	213.052846
4.560000	0.000000	210.010440
4.570000	0.000000	219.855827
4.580000	0.000000	231.797857
4.590000	0.000000	201.398450
4.600000	0.000000	198.811560
4.610000	0.000000	196.257074
4.620000	0.000000	193.807599
4.630000	0.000000	191.052507
4.640000	0.000000	188.356291
4.650000	0.000000	185.900346
4.660000	0.000000	183.225322
4.670000	0.000000	180.687607
4.680000	0.000000	179.050194
4.690000	0.000000	178.159910
4.700000	0.000000	178.445569
4.710000	0.000000	180.660162
4.720000	0.000000	180.730780
4.730000	0.000000	175.663281
4.740000	0.000000	169.322832
4.750000	0.000000	164.992069
4.760000	0.000000	160.713770
4.770000	0.000000	156.795921
4.780000	0.000000	154.632897
4.790000	0.000000	152.515033
4.800000	0.000000	150.269181
4.810000	0.000000	148.905073
4.820000	0.000000	162.020198
4.830000	0.000000	148.880839
4.840000	0.000000	142.405928
4.850000	0.000000	141.005131
4.860000	0.000000	138.605370
4.870000	0.000000	136.081160
4.880000	0.000000	134.197797
4.890000	0.000000	132.435208
4.900000	0.000000	130.706521
4.910000	0.000000	128.983840
4.920000	0.000000	128.259341
4.930000	0.000000	128.832037
4.940000	0.000000	123.857358
4.950000	0.000000	122.176659
4.960000	0.000000	120.529491
4.970000	0.000000	118.798378
4.980000	0.000000	118.889996
4.990000	0.000000	115.783330
5.000000	0.000000	113.901240
5.010000	0.000000	112.271406
5.020000	0.000000	111.401483
5.030000	0.000000	109.509892
5.040000	0.000000	107.915490
5.050000	0.000000	106.563162
5.060000	0.000000	104.863685
5.070000	0.000000	103.389939
5.080000	0.000000	101.993638
5.090000	0.000000	100.370853
5.100000	0.000000	98.995524
5.110000	0.000000	97.601242
5.120000	0.000000	96.269802
5.130000	0.000000	95.034330
5.140000	0.000000	93.701347
5.150000	0.000000	92.556517
5.160000	0.000000	91.257165
5.170000	0.000000	89.886625
5.180000	0.000000	88.661990
5.190000	0.000000	87.517136
5.200000	0.000000	86.374421
5.210000	0.000000	85.173758
5.220000	0.000000	83.992974
5.230000	0.000000	82.877099
5.240000	0.000000	81.779433
5.250000	0.000000	80.690296
5.260000	0.000000	79.592569
5.270000	0.000000	78.501811
5.280000	0.000000	77.410286
5.290000	0.000000	76.319959
5.300000	0.000000	75.189574
5.310000	0.000000	74.072442
5.320000	0.000000	73.006631
5.330000	0.000000	72.007243
5.340000	0.000000	71.049648
5.350000	0.000000	70.103678
5.360000	0.000000	69.169320
5.370000	0.000000	68.239838
5.380000	0.000000	67.310904
5.390000	0.000000	66.385072
5.400000	0.000000	65.468896
5.410000	0.000000	64.571892
5.420000	0.000000	63.690846
5.430000	0.000000	62.810581
5.440000	0.000000	61.959249
5.450000	0.000000	61.143193
5.460000	0.000000	60.308405
5.470000	0.000000	59.440967
5.480000	0.000000	58.587704
5.490000	0.000000	58.364136
5.500000	0.000000	57.323373
5.510000	0.000000	56.373028
5.520000	0.000000	55.583951
5.530000	0.000000	55.122847
5.540000	0.000000	54.384889
5.550000	0.000000	53.430931
5.560000	0.000000	52.685006
5.570000	0.000000	52.333694
5.580000	0.000000	51.776691
5.590000	0.000000	50.481789
5.600000	0.000000	49.992003
5.610000	0.000000	50.051366
5.620000	0.000000	49.516733
5.630000	0.000000	50.936458
5.640000	0.000000	48.796374
5.650000	0.000000	47.396965
5.660000	0.000000	46.489310
5.670000	0.000000	46.698822
5.680000	0.000000	45.257170
5.690000	0.000000	44.077073
5.700000	0.000000	43.373486
5.710000	0.000000	42.779605
5.720000	0.000000	42.198118
5.730000	0.000000	41.628581
5.740000	0.000000	41.059264
5.750000	0.000000	40.535033
5.760000	0.000000	40.052984
5.770000	0.000000	39.423479
5.780000	0.000000	38.840300
5.790000	0.000000	38.319449
5.800000	0.000000	37.841407
5.810000	0.000000	37.296510
5.820000	0.000000	36.806348
5.830000	0.000000	36.319939
5.840000	0.000000	35.833227
5.850000	0.000000	35.346776
5.860000	0.000000	34.892488
5.870000	0.000000	34.397670
5.880000	0.000000	33.946771
5.890000	0.000000	33.467046
5.900000	0.000000	32.974843
5.910000	0.000000	32.555233
5.920000	0.000000	32.134829
5.930000	0.000000	31.726592
5.940000	0.000000	31.313780
5.950000	0.000000	30.923658
5.960000	0.000000	30.495739
5.970000	0.000000	30.063217
5.980000	0.000000	29.690593
5.990000	0.000000	29.303138
6.000000	0.000000	28.875578
6.010000	0.000000	28.466139
6.020000	0.000000	28.145719
6.030000	0.000000	27.791694
6.040000	0.000000	27.350285
6.050000	0.000000	26.948084
6.060000	0.000000	26.648976
6.070000	0.000000	26.290833
6.080000	0.000000	25.842778
6.090000	0.000000	25.501270
6.100000	0.000000	25.231488
6.110000	0.000000	24.999830
6.120000	0.000000	24.739854
6.130000	0.000000	24.371261
6.140000	0.000000	23.936338
6.150000	0.000000	23.605290
6.160000	0.000000	23.236420
6.170000	0.000000	22.983259
6.180000	0.000000	22.597070
6.190000	0.000000	22.267207
6.200000	0.000000	21.978075
6.210000	0.000000	21.697554
6.220000	0.000000	21.422541
6.230000	0.000000	21.147138
6.240000	0.000000	20.870552
6.250000	0.000000	20.598625
6.260000	0.000000	20.329189
6.270000	0.000000	20.062538
6.280000	0.000000	19.803823
6.290000	0.000000	19.534846
6.300000	0.000000	19.262723
6.310000	0.000000	18.990644
6.320000	0.000000	18.768198
6.330000	0.000000	18.560059
6.340000	0.000000	18.253563
6.350000	0.000000	17.983491
6.360000	0.000000	17.732912
6.370000	0.000000	17.490478
6.380000	0.000000	17.259843
6.390000	0.000000	17.048052
6.400000	0.000000	16.944843
6.410000	0.000000	17.996873
6.420000	0.000000	20.601403
6.430000	0.000000	21.079109
6.440000	0.000000	17.222880
6.450000	0.000000	19.764896
6.460000	0.000000	25.044361
6.470000	0.000000	25.329948
6.480000	0.000000	17.645836
6.490000	0.000000	51.125092
6.500000	0.000000	50.186410
6.510000	0.000000	25.112849
6.520000	0.000000	18.737021
6.530000	0.000000	32.575695
6.540000	0.000000	33.535996
6.550000	0.000000	22.110801
6.560000	0.000000	16.236986
6.570000	0.000000	28.237736
6.580000	0.000000	36.058314
6.590000	0.000000	21.579543
6.600000	0.000000	19.981069
6.610000	0.000000	26.898860
6.620000	0.000000	23.199888
6.630000	0.000000	15.350637
6.640000	0.000000	17.339456
6.650000	0.000000	20.282338
6.660000	0.000000	15.658624
6.670000	0.000000	15.157499
6.680000	0.000000	13.097949
6.690000	0.000000	13.133538
6.700000	0.000000	13.311383
6.710000	0.000000	12.108985
6.720000	0.000000	11.080898
6.730000	0.000000	10.792848
6.740000	0.000000	10.650174
6.750000	0.000000	10.508888
6.760000	0.000000	10.371971
6.770000	0.000000	10.236175
6.780000	0.000000	10.104691
6.790000	0.000000	9.976910
6.800000	0.000000	9.849258
6.810000	0.000000	9.718412
6.820000	0.000000	9.586986
6.830000	0.000000	9.462936
6.840000	0.000000	9.343331
6.850000	0.000000	9.223754
6.860000	0.000000	9.103355
6.870000	0.000000	8.984169
6.880000	0.000000	8.865717
6.890000	0.000000	8.747296
6.900000	0.000000	8.669863
6.910000	0.000000	8.564959
6.920000	0.000000	8.404938
6.930000	0.000000	8.299437
6.940000	0.000000	8.180725
6.950000	0.000000	8.080504
6.960000	0.000000	7.958392
6.970000	0.000000	7.849156
6.980000	0.000000	7.735552
6.990000	0.000000	7.624322
7.000000	0.000000	7.518230
7.010000	0.000000	7.420237
7.020000	0.000000	7.334746
7.030000	0.000000	7.233481
7.040000	0.000000	7.136321
7.050000	0.000000	7.059035
7.060000	0.000000	6.970684
7.070000	0.000000	6.873666
7.080000	0.000000	6.783516
7.090000	0.000000	6.693807
7.100000	0.000000	6.611341
7.110000	0.000000	6.531785
7.120000	0.000000	6.443052
7.130000	0.000000	6.356615
7.140000	0.000000	6.273684
7.150000	0.000000	6.187978
7.160000	0.000000	6.110623
7.170000	0.000000	6.043455
7.180000	0.000000	5.957071
7.190000	0.000000	5.939195
7.200000	0.000000	5.819360
7.210000	0.000000	5.714257
7.220000	0.000000	5.637767
7.230000	0.000000	5.562802
7.240000	0.000000	5.489108
7.250000	0.000000	5.419122
7.260000	0.000000	5.371040
7.270000	0.000000	5.325581
7.280000	0.000000	5.203848
7.290000	0.000000	5.128580
7.300000	0.000000	5.055460
7.310000	0.000000	4.984953
7.320000	0.000000	4.915483
7.330000	0.000000	4.854401
7.340000	0.000000	4.816093
7.350000	0.000000	4.782754
7.360000	0.000000	4.693386
7.370000	0.000000	4.617597
7.380000	0.000000	4.557101
7.390000	0.000000	4.499428
7.400000	0.000000	4.442636
7.410000	0.000000	4.389806
7.420000	0.000000	4.365630
7.430000	0.000000	4.344675
7.440000	0.000000	4.252832
7.450000	0.000000	4.178494
7.460000	0.000000	4.121349
7.470000	0.000000	4.055244
7.480000	0.000000	4.002564
7.490000	0.000000	3.994968
7.500000	0.000000	3.913097
7.510000	0.000000	3.930819
7.520000	0.000000	3.885003
7.530000	0.000000	3.813288
7.540000	0.000000	3.767468
7.550000	0.000000	3.698420
7.560000	0.000000	3.614745
7.570000	0.000000	3.560176
7.580000	0.000000	3.523906
7.590000	0.000000	3.472663
7.600000	0.000000	3.413028
7.610000	0.000000	3.364861
7.620000	0.000000	3.343033
7.630000	0.000000	3.364259
7.640000	0.000000	3.233608
7.650000	0.000000	3.183573
7.660000	0.000000	3.142761
7.670000	0.000000	3.104481
7.680000	0.000000	3.070934
7.690000	0.000000	3.030492
7.700000	0.000000	2.991066
7.710000	0.000000	2.957066
7.720000	0.000000	2.984623
7.730000	0.000000	2.938786
7.740000	0.000000	2.851176
7.750000	0.000000	2.817211
7.760000	0.000000	2.810473
7.770000	0.000000	2.877354
7.780000	0.000000	3.022946
7.790000	0.000000	2.999191
7.800000	0.000000	2.824721
7.810000	0.000000	2.631381
7.820000	0.000000	2.614616
7.830000	0.000000	2.578830
7.840000	0.000000	2.494579
7.850000	0.000000	2.465399
7.860000	0.000000	2.430381
7.870000	0.000000	2.410399
7.880000	0.000000	2.367060
7.890000	0.000000	2.325319
7.900000	0.000000	2.293259
7.910000	0.000000	2.261602
7.920000	0.000000	2.229984
7.930000	0.000000	2.199058
7.940000	0.000000	2.170635
7.950000	0.000000	2.144010
7.960000	0.000000	2.119880
7.970000	0.000000	2.103814
7.980000	0.000000	2.067529
7.990000	0.000000	2.040499
8.000000	0.000000	2.014926
8.010000	0.000000	1.989621
8.020000	0.000000	1.964328
8.030000	0.000000	1.939348
8.040000	0.000000	1.914460
8.050000	0.000000	1.889603
8.060000	0.000000	1.864746
8.070000	0.000000	1.840020
8.080000	0.000000	1.815709
8.090000	0.000000	1.795693
8.100000	0.000000	1.775644
8.110000	0.000000	1.745868
8.120000	0.000000	1.722961
8.130000	0.000000	1.700547
8.140000	0.000000	1.678588
8.150000	0.000000	1.656471
8.160000	0.000000	1.724576
8.170000	0.000000	1.618366
8.180000	0.000000	1.604126
8.190000	0.000000	1.573857
8.200000	0.000000	1.549429
8.210000	0.000000	1.538456
8.220000	0.000000	1.512126
8.230000	0.000000	1.484727
8.240000	0.000000	1.464365
8.250000	0.000000	1.445661
8.260000	0.000000	1.428467
8.270000	0.000000	1.411466
8.280000	0.000000	1.395985
8.290000	0.000000	1.382878
8.300000	0.000000	1.360663
8.310000	0.000000	1.343815
8.320000	0.000000	1.326385
8.330000	0.000000	1.309057
8.340000	0.000000	1.325389
8.350000	0.000000	1.280899
8.360000	0.000000	1.265343
8.370000	0.000000	1.244780
8.380000	0.000000	1.226543
8.390000	0.000000	1.214540
8.400000	0.000000	1.197420
8.410000	0.000000	1.178478
8.420000	0.000000	1.163835
8.430000	0.000000	1.149096
8.440000	0.000000	1.133132
8.450000	0.000000	1.118557
8.460000	0.000000	1.104084
8.470000	0.000000	1.089936
8.480000	0.000000	1.077664
8.490000	0.000000	1.060613
8.500000	0.000000	1.045993
8.510000	0.000000	1.032252
8.520000	0.000000	1.018158
8.530000	0.000000	1.003896
8.540000	0.000000	0.990120
8.550000	0.000000	0.976919
8.560000	0.000000	0.964638
8.570000	0.000000	0.953055
8.580000	0.000000	0.942189
8.590000	0.000000	0.931075
8.600000	0.000000	0.919284
8.610000	0.000000	0.908005
8.620000	0.000000	0.896362
8.630000	0.000000	0.885082
8.640000	0.000000	0.873966
8.650000	0.000000	0.863396
8.660000	0.000000	0.851215
8.670000	0.000000	0.840029
8.680000	0.000000	0.829144
8.690000	0.000000	0.818728
8.700000	0.000000	0.807756
8.710000	0.000000	0.797260
8.720000	0.000000	0.786590
8.730000	0.000000	0.776248
8.740000	0.000000	0.766183
8.750000	0.000000	0.756244
8.760000	0.000000	0.746510
8.770000	0.000000	0.736862
8.780000	0.000000	0.727308
8.790000	0.000000	0.717789
8.800000	0.000000	0.708341
8.810000	0.000000	0.698760
8.820000	0.000000	0.689365
8.830000	0.000000	0.679482
8.840000	0.000000	0.670272
8.850000	0.000000	0.661499
8.860000	0.000000	0.652815
8.870000	0.000000	0.644351
8.880000	0.000000	0.636491
8.890000	0.000000	0.628872
8.900000	0.000000	0.621312
8.910000	0.000000	0.613725
8.920000	0.000000	0.606116
8.930000	0.000000	0.598580
8.940000	0.000000	0.591118
8.950000	0.000000	0.583683
8.960000	0.000000	0.576315
8.970000	0.000000	0.568974
8.980000	0.000000	0.561698
8.990000	0.000000	0.554378
9.000000	0.000000	0.546810
9.010000	0.000000	0.539700
9.020000	0.000000	0.532603
9.030000	0.000000	0.525484
9.040000	0.000000	0.518561
9.050000	0.000000	0.511883
9.060000	0.000000	0.505322
9.070000	0.000000	0.498824
9.080000	0.000000	0.492385
9.090000	0.000000	0.486002
9.100000	0.000000	0.479655
9.110000	0.000000	0.473310
9.120000	0.000000	0.466987
9.130000	0.000000	0.460748
9.140000	0.000000	0.454644
9.150000	0.000000	0.448766
9.160000	0.000000	0.442815
9.170000	0.000000	0.436763
9.180000	0.000000	0.430983
9.190000	0.000000	0.425554
9.200000	0.000000	0.420420
9.210000	0.000000	0.415342
9.220000	0.000000	0.410266
9.230000	0.000000	0.405196
9.240000	0.000000	0.400183
9.250000	0.000000	0.395236
9.260000	0.000000	0.390333
9.270000	0.000000	0.385463
9.280000	0.000000	0.380610
9.290000	0.000000	0.375770
9.300000	0.000000	0.370952
9.310000	0.000000	0.366166
9.320000	0.000000	0.361410
9.330000	0.000000	0.356462
9.340000	0.000000	0.351596
9.350000	0.000000	0.346924
9.360000	0.000000	0.342380
9.370000	0.000000	0.338001
9.380000	0.000000	0.333679
9.390000	0.000000	0.329393
9.400000	0.000000	0.325137
9.410000	0.000000	0.320892
9.420000	0.000000	0.316652
9.430000	0.000000	0.312458
9.440000	0.000000	0.308385
9.450000	0.000000	0.304445
9.460000	0.000000	0.300550
9.470000	0.000000	0.296661
9.480000	0.000000	0.292777
9.490000	0.000000	0.288895
9.500000	0.000000	0.284853
9.510000	0.000000	0.281327
9.520000	0.000000	0.277930
9.530000	0.000000	0.274532
9.540000	0.000000	0.271168
9.550000	0.000000	0.267871
9.560000	0.000000	0.264610
9.570000	0.000000	0.261358
9.580000	0.000000	0.258112
9.590000	0.000000	0.254876
9.600000	0.000000	0.251648
9.610000	0.000000	0.248427
9.620000	0.000000	0.245224
9.630000	0.000000	0.242042
9.640000	0.000000	0.238870
9.650000	0.000000	0.235741
9.660000	0.000000	0.232632
9.670000	0.000000	0.229330
9.680000	0.000000	0.226372
9.690000	0.000000	0.223485
9.700000	0.000000	0.220609
9.710000	0.000000	0.217759
9.720000	0.000000	0.214917
9.730000	0.000000	0.212093
9.740000	0.000000	0.209355
9.750000	0.000000	0.206712
9.760000	0.000000	0.204105
9.770000	0.000000	0.201499
9.780000	0.000000	0.198896
9.790000	0.000000	0.196295
9.800000	0.000000	0.193697
9.810000	0.000000	0.191107
9.820000	0.000000	0.188588
9.830000	0.000000	0.186262
9.840000	0.000000	0.183900
9.850000	0.000000	0.181692
9.860000	0.000000	0.179511
9.870000	0.000000	0.177334
9.880000	0.000000	0.175162
9.890000	0.000000	0.172998
9.900000	0.000000	0.170836
9.910000	0.000000	0.168676
9.920000	0.000000	0.166520
9.930000	0.000000	0.164378
9.940000	0.000000	0.162256
9.950000	0.000000	0.160156
9.960000	0.000000	0.158079
9.970000	0.000000	0.156011
9.980000	0.000000	0.153949
9.990000	0.000000	0.151914
10.000000	0.000000	0.149883
10.010000	0.000000	0.147878
10.020000	0.000000	0.145962
10.030000	0.000000	0.144059
10.040000	0.000000	0.142205
10.050000	0.000000	0.140434
10.060000	0.000000	0.138688
10.070000	0.000000	0.136943
10.080000	0.000000	0.135199
10.090000	0.000000	0.133455
10.100000	0.000000	0.131714
10.110000	0.000000	0.129974
10.120000	0.000000	0.128237
10.130000	0.000000	0.126526
10.140000	0.000000	0.124920
10.150000	0.000000	0.123434
10.160000	0.000000	0.121957
10.170000	0.000000	0.120437
10.180000	0.000000	0.118946
10.190000	0.000000	0.117498
10.200000	0.000000	0.116051
10.210000	0.000000	0.114604
10.220000	0.000000	0.113159
10.230000	0.000000	0.111715
10.240000	0.000000	0.110286
10.250000	0.000000	0.108879
10.260000	0.000000	0.107490
10.270000	0.000000	0.106107
10.280000	0.000000	0.104724
10.290000	0.000000	0.103344
10.300000	0.000000	0.101972
10.310000	0.000000	0.100625
10.320000	0.000000	0.099302
10.330000	0.000000	0.098012
10.340000	0.000000	0.096671
10.350000	0.000000	0.095466
10.360000	0.000000	0.094296
10.370000	0.000000	0.093128
10.380000	0.000000	0.091960
10.390000	0.000000	0.090793
10.400000	0.000000	0.089626
10.410000	0.000000	0.088460
10.420000	0.000000	0.087300
10.430000	0.000000	0.086151
10.440000	0.000000	0.085012
10.450000	0.000000	0.083898
10.460000	0.000000	0.082851
10.470000	0.000000	0.081864
10.480000	0.000000	0.080889
10.490000	0.000000	0.079920
10.500000	0.000000	0.078948
10.510000	0.000000	0.077918
10.520000	0.000000	0.076950
10.530000	0.000000	0.075983
10.540000	0.000000	0.075020
10.550000	0.000000	0.074071
10.560000	0.000000	0.073139
10.570000	0.000000	0.072213
10.580000	0.000000	0.071288
10.590000	0.000000	0.070363
10.600000	0.000000	0.069438
10.610000	0.000000	0.068518
10.620000	0.000000	0.067609
10.630000	0.000000	0.066710
10.640000	0.000000	0.065828
10.650000	0.000000	0.064998
10.660000	0.000000	0.064207
10.670000	0.000000	0.063411
10.680000	0.000000	0.062591
10.690000	0.000000	0.061809
10.700000	0.000000	0.061027
10.710000	0.000000	0.060247
10.720000	0.000000	0.059474
10.730000	0.000000	0.058707
10.740000	0.000000	0.057944
10.750000	0.000000	0.057182
10.760000	0.000000	0.056422
10.770000	0.000000	0.055685
10.780000	0.000000	0.054998
10.790000	0.000000	0.054348
10.800000	0.000000	0.053700
10.810000	0.000000	0.053051
10.820000	0.000000	0.052403
10.830000	0.000000	0.051756
10.840000	0.000000	0.051092
10.850000	0.000000	0.050428
10.860000	0.000000	0.049797
10.870000	0.000000	0.049175
10.880000	0.000000	0.048556
10.890000	0.000000	0.047937
10.900000	0.000000	0.047317
10.910000	0.000000	0.046698
10.920000	0.000000	0.046080
10.930000	0.000000	0.045468
10.940000	0.000000	0.044865
10.950000	0.000000	0.044277
10.960000	0.000000	0.043714
10.970000	0.000000	0.043180
10.980000	0.000000	0.042656
10.990000	0.000000	0.042133
11.000000	0.000000	0.041610
11.010000	0.000000	0.041065
11.020000	0.000000	0.040536
11.030000	0.000000	0.040024
11.040000	0.000000	0.039513
11.050000	0.000000	0.039002
11.060000	0.000000	0.038491
11.070000	0.000000	0.037981
11.080000	0.000000	0.037474
11.090000	0.000000	0.036988
11.100000	0.000000	0.036536
11.110000	0.000000	0.036102
11.120000	0.000000	0.035669
11.130000	0.000000	0.035236
11.140000	0.000000	0.034806
11.150000	0.000000	0.034377
11.160000	0.000000	0.033950
11.170000	0.000000	0.033528
11.180000	0.000000	0.033085
11.190000	0.000000	0.032667
11.200000	0.000000	0.032253
11.210000	0.000000	0.031838
11.220000	0.000000	0.031423
11.230000	0.000000	0.031009
11.240000	0.000000	0.030597
11.250000	0.000000	0.030198
11.260000	0.000000	0.029810
11.270000	0.000000	0.029429
11.280000	0.000000	0.029060
11.290000	0.000000	0.028705
11.300000	0.000000	0.028355
11.310000	0.000000	0.028008
11.320000	0.000000	0.027662
11.330000	0.000000	0.027318
11.340000	0.000000	0.026973
11.350000	0.000000	0.026611
11.360000	0.000000	0.026269
11.370000	0.000000	0.025927
11.380000	0.000000	0.025586
11.390000	0.000000	0.025247
11.400000	0.000000	0.024910
11.410000	0.000000	0.024588
11.420000	0.000000	0.024289
11.430000	0.000000	0.023999
11.440000	0.000000	0.023712
11.450000	0.000000	0.023425
11.460000	0.000000	0.023139
11.470000	0.000000	0.022854
11.480000	0.000000	0.022572
11.490000	0.000000	0.022291
11.500000	0.000000	0.022013
11.510000	0.000000	0.021730
11.520000	0.000000	0.021439
11.530000	0.000000	0.021162
11.540000	0.000000	0.020884
11.550000	0.000000	0.020609
11.560000	0.000000	0.020345
11.570000	0.000000	0.020087
11.580000	0.000000	0.019832
11.590000	0.000000	0.019580
11.600000	0.000000	0.019336
11.610000	0.000000	0.019100
11.620000	0.000000	0.018869
11.630000	0.000000	0.018638
11.640000	0.000000	0.018409
11.650000	0.000000	0.018180
11.660000	0.000000	0.017951
11.670000	0.000000	0.017722
11.680000	0.000000	0.017485
11.690000	0.000000	0.017250
11.700000	0.000000	0.017023
11.710000	0.000000	0.016796
11.720000	0.000000	0.016572
11.730000	0.000000	0.016359
11.740000	0.000000	0.016161
11.750000	0.000000	0.015969
11.760000	0.000000	0.015777
11.770000	0.000000	0.015586
11.780000	0.000000	0.015396
11.790000	0.000000	0.015207
11.800000	0.000000	0.015019
11.810000	0.000000	0.014832
11.820000	0.000000	0.014646
11.830000	0.000000	0.014460
11.840000	0.000000	0.014274
11.850000	0.000000	0.014079
11.860000	0.000000	0.013896
11.870000	0.000000	0.013719
11.880000	0.000000	0.013545
11.890000	0.000000	0.013374
11.900000	0.000000	0.013207
11.910000	0.000000	0.013041
11.920000	0.000000	0.012878
11.930000	0.000000	0.012721
11.940000	0.000000	0.012567
11.950000	0.000000	0.012413
11.960000	0.000000	0.012260
11.970000	0.000000	0.012106
11.980000	0.000000	0.011953
11.990000	0.000000	0.011800
12.000000	0.000000	0.011648
12.010000	0.000000	0.011496
12.020000	0.000000	0.011334
12.030000	0.000000	0.011184
12.040000	0.000000	0.011036
12.050000	0.000000	0.010893
12.060000	0.000000	0.010761
12.070000	0.000000	0.010632
12.080000	0.000000	0.010505
12.090000	0.000000	0.010378
12.100000	0.000000	0.010252
12.110000	0.000000	0.010126
12.120000	0.000000	0.010000
12.130000	0.000000	0.009875
12.140000	0.000000	0.009750
12.150000	0.000000	0.009626
12.160000	0.000000	0.009503
12.170000	0.000000	0.009384
12.180000	0.000000	0.009264
12.190000	0.000000	0.009140
12.200000	0.000000	0.009025
12.210000	0.000000	0.008913
12.220000	0.000000	0.008802
12.230000	0.000000	0.008692
12.240000	0.000000	0.008584
12.250000	0.000000	0.008479
12.260000	0.000000	0.008375
12.270000	0.000000	0.008272
12.280000	0.000000	0.008170
12.290000	0.000000	0.008067
12.300000	0.000000	0.007965
12.310000	0.000000	0.007863
12.320000	0.000000	0.007762
12.330000	0.000000	0.007660
12.340000	0.000000	0.007560
12.350000	0.000000	0.007458
12.360000	0.000000	0.007355
12.370000	0.000000	0.007258
12.380000	0.000000	0.007169
12.390000	0.000000	0.007084
12.400000	0.000000	0.006999
12.410000	0.000000	0.006915
12.420000	0.000000	0.006830
12.430000	0.000000	0.006746
12.440000	0.000000	0.006662
12.450000	0.000000	0.006578
12.460000	0.000000	0.006496
12.470000	0.000000	0.006414
12.480000	0.000000	0.006335
12.490000	0.000000	0.006256
12.500000	0.000000	0.006178
12.510000	0.000000	0.006099
12.520000	0.000000	0.006020
12.530000	0.000000	0.005945
12.540000	0.000000	0.005871
12.550000	0.000000	0.005798
12.560000	0.000000	0.005725
12.570000	0.000000	0.005654
12.580000	0.000000	0.005585
12.590000	0.000000	0.005516
12.600000	0.000000	0.005448
12.610000	0.000000	0.005379
12.620000	0.000000	0.005311
12.630000	0.000000	0.005243
12.640000	0.000000	0.005176
12.650000	0.000000	0.005108
12.660000	0.000000	0.005042
12.670000	0.000000	0.004975
12.680000	0.000000	0.004909
12.690000	0.000000	0.004840
12.700000	0.000000	0.004780
12.710000	0.000000	0.004723
12.720000	0.000000	0.004667
12.730000	0.000000	0.004610
12.740000	0.000000	0.004553
12.750000	0.000000	0.004497
12.760000	0.000000	0.004441
12.770000	0.000000	0.004386
12.780000	0.000000	0.004332
12.790000	0.000000	0.004279
12.800000	0.000000	0.004227
12.810000	0.000000	0.004174
12.820000	0.000000	0.004122
12.830000	0.000000	0.004070
12.840000	0.000000	0.004020
12.850000	0.000000	0.003971
12.860000	0.000000	0.003919
12.870000	0.000000	0.003870
12.880000	0.000000	0.003821
12.890000	0.000000	0.003773
12.900000	0.000000	0.003727
12.910000	0.000000	0.003681
12.920000	0.000000	0.003635
12.930000	0.000000	0.003590
12.940000	0.000000	0.003545
12.950000	0.000000	0.003499
12.960000	0.000000	0.003454
12.970000	0.000000	0.003409
12.980000	0.000000	0.003365
12.990000	0.000000	0.003321
13.000000	0.000000	0.003277
13.010000	0.000000	0.003233
13.020000	0.000000	0.003192
13.030000	0.000000	0.003152
13.040000	0.000000	0.003114
13.050000	0.000000	0.003076
13.060000	0.000000	0.003038
13.070000	0.000000	0.003000
13.080000	0.000000	0.002964
13.090000	0.000000	0.002929
13.100000	0.000000	0.002893
13.110000	0.000000	0.002858
13.120000	0.000000	0.002823
13.130000	0.000000	0.002788
13.140000	0.000000	0.002753
13.150000	0.000000	0.002719
13.160000	0.000000	0.002685
13.170000	0.000000	0.002653
13.180000	0.000000	0.002620
13.190000	0.000000	0.002586
13.200000	0.000000	0.002552
13.210000	0.000000	0.002520
13.220000	0.000000	0.002488
13.230000	0.000000	0.002458
13.240000	0.000000	0.002428
13.250000	0.000000	0.002397
13.260000	0.000000	0.002367
13.270000	0.000000	0.002337
13.280000	0.000000	0.002307
13.290000	0.000000	0.002277
13.300000	0.000000	0.002247
13.310000	0.000000	0.002218
13.320000	0.000000	0.002188
13.330000	0.000000	0.002159
13.340000	0.000000	0.002131
13.350000	0.000000	0.002105
13.360000	0.000000	0.002079
13.370000	0.000000	0.002053
13.380000	0.000000	0.002028
13.390000	0.000000	0.002004
13.400000	0.000000	0.001980
13.410000	0.000000	0.001957
13.420000	0.000000	0.001933
13.430000	0.000000	0.001910
13.440000	0.000000	0.001886
13.450000	0.000000	0.001863
13.460000	0.000000	0.001840
13.470000	0.000000	0.001817
13.480000	0.000000	0.001795
13.490000	0.000000	0.001773
13.500000	0.000000	0.001751
13.510000	0.000000	0.001729
13.520000	0.000000	0.001707
13.530000	0.000000	0.001684
13.540000	0.000000	0.001663
13.550000	0.000000	0.001642
13.560000	0.000000	0.001622
13.570000	0.000000	0.001602
13.580000	0.000000	0.001582
13.590000	0.000000	0.001561
13.600000	0.000000	0.001541
13.610000	0.000000	0.001521
13.620000	0.000000	0.001502
13.630000	0.000000	0.001482
13.640000	0.000000	0.001463
13.650000	0.000000	0.001443
13.660000	0.000000	0.001424
13.670000	0.000000	0.001406
13.680000	0.000000	0.001389
13.690000	0.000000	0.001373
13.700000	0.000000	0.001356
13.710000	0.000000	0.001340
13.720000	0.000000	0.001324
13.730000	0.000000	0.001308
13.740000	0.000000	0.001292
13.750000	0.000000	0.001277
13.760000	0.000000	0.001261
13.770000	0.000000	0.001245
13.780000	0.000000	0.001230
13.790000	0.000000	0.001215
13.800000	0.000000	0.001200
13.810000	0.000000	0.001185
13.820000	0.000000	0.001171
13.830000	0.000000	0.001156
13.840000	0.000000	0.001142
13.850000	0.000000	0.001127
13.860000	0.000000	0.001113
13.870000	0.000000	0.001098
13.880000	0.000000	0.001084
13.890000	0.000000	0.001071
13.900000	0.000000	0.001057
13.910000	0.000000	0.001044
13.920000	0.000000	0.001030
13.930000	0.000000	0.001017
13.940000	0.000000	0.001004
13.950000	0.000000	0.000991
13.960000	0.000000	0.000978
13.970000	0.000000	0.000965
13.980000	0.000000	0.000952
13.990000	0.000000	0.000940
14.000000	0.000000	0.000929
14.010000	0.000000	0.000918
14.020000	0.000000	0.000907
14.030000	0.000000	0.000896
14.040000	0.000000	0.000885
14.050000	0.000000	0.000875
14.060000	0.000000	0.000864
14.070000	0.000000	0.000854
14.080000	0.000000	0.000844
14.090000	0.000000	0.000833
14.100000	0.000000	0.000823
14.110000	0.000000	0.000813
14.120000	0.000000	0.000803
14.130000	0.000000	0.000793
14.140000	0.000000	0.000783
14.150000	0.000000	0.000774
14.160000	0.000000	0.000764
14.170000	0.000000	0.000754
14.180000	0.000000	0.000745
14.190000	0.000000	0.000735
14.200000	0.000000	0.000726
14.210000	0.000000	0.000716
14.220000	0.000000	0.000707
14.230000	0.000000	0.000698
14.240000	0.000000	0.000689
14.250000	0.000000	0.000681
14.260000	0.000000	0.000672
14.270000	0.000000	0.000663
14.280000	0.000000	0.000654
14.290000	0.000000	0.000646
14.300000	0.000000	0.000637
14.310000	0.000000	0.000629
14.320000	0.000000	0.000622
14.330000	0.000000	0.000614
14.340000	0.000000	0.000607
14.350000	0.000000	0.000600
14.360000	0.000000	0.000593
14.370000	0.000000	0.000586
14.380000	0.000000	0.000579
14.390000	0.000000	0.000572
14.400000	0.000000	0.000565
14.410000	0.000000	0.000558
14.420000	0.000000	0.000551
14.430000	0.000000	0.000544
14.440000	0.000000	0.000537
14.450000	0.000000	0.000531
14.460000	0.000000	0.000524
14.470000	0.000000	0.000518
14.480000	0.000000	0.000511
14.490000	0.000000	0.000505
14.500000	0.000000	0.000499
14.510000	0.000000	0.000492
14.520000	0.000000	0.000486
14.530000	0.000000	0.000480
14.540000	0.000000	0.000473
14.550000	0.000000	0.000467
14.560000	0.000000	0.000461
14.570000	0.000000	0.000456
14.580000	0.000000	0.000450
14.590000	0.000000	0.000444
14.600000	0.000000	0.000438
14.610000	0.000000	0.000432
14.620000	0.000000	0.000427
14.630000	0.000000	0.000421
14.640000	0.000000	0.000416
14.650000	0.000000	0.000411
14.660000	0.000000	0.000407
14.670000	0.000000	0.000402
14.680000	0.000000	0.000397
14.690000	0.000000	0.000392
14.700000	0.000000	0.000388
14.710000	0.000000	0.000383
14.720000	0.000000	0.000378
14.730000	0.000000	0.000373
14.740000	0.000000	0.000369
14.750000	0.000000	0.000364
14.760000	0.000000	0.000360
14.770000	0.000000	0.000356
14.780000	0.000000	0.000351
14.790000	0.000000	0.000347
14.800000	0.000000	0.000343
14.810000	0.000000	0.000338
14.820000	0.000000	0.000334
14.830000	0.000000	0.000330
14.840000	0.000000	0.000325
14.850000	0.000000	0.000321
14.860000	0.000000	0.000317
14.870000	0.000000	0.000313
14.880000	0.000000	0.000309
14.890000	0.000000	0.000305
14.900000	0.000000	0.000301
14.910000	0.000000	0.000297
14.920000	0.000000	0.000294
14.930000	0.000000	0.000290
14.940000	0.000000	0.000286
14.950000	0.000000	0.000282
14.960000	0.000000	0.000279
14.970000	0.000000	0.000276
14.980000	0.000000	0.000272
14.990000	0.000000	0.000269
15.000000	0.000000	0.000266
15.010000	0.000000	0.000263
15.020000	0.000000	0.000260
15.030000	0.000000	0.000257
15.040000	0.000000	0.000253
15.050000	0.000000	0.000250
15.060000	0.000000	0.000247
15.070000	0.000000	0.000244
15.080000	0.000000	0.000241
15.090000	0.000000	0.000238
15.100000	0.000000	0.000235
15.110000	0.000000	0.000232
15.120000	0.000000	0.000230
15.130000	0.000000	0.000227
15.140000	0.000000	0.000224
15.150000	0.000000	0.000221
15.160000	0.000000	0.000218
15.170000	0.000000	0.000215
15.180000	0.000000	0.000213
15.190000	0.000000	0.000210
15.200000	0.000000	0.000207
15.210000	0.000000	0.000205
15.220000	0.000000	0.000202
15.230000	0.000000	0.000199
15.240000	0.000000	0.000197
15.250000	0.000000	0.000194
15.260000	0.000000	0.000192
15.270000	0.000000	0.000189
15.280000	0.000000	0.000187
15.290000	0.000000	0.000185
15.300000	0.000000	0.000183
15.310000	0.000000	0.000180
15.320000	0.000000	0.000178
15.330000	0.000000	0.000176
15.340000	0.000000	0.000174
15.350000	0.000000	0.000172
15.360000	0.000000	0.000170
15.370000	0.000000	0.000168
15.380000	0.000000	0.000166
15.390000	0.000000	0.000164
15.400000	0.000000	0.000162
15.410000	0.000000	0.000160
15.420000	0.000000	0.000158
15.430000	0.000000	0.000156
15.440000	0.000000	0.000154
15.450000	0.000000	0.000152
15.460000	0.000000	0.000150
15.470000	0.000000	0.000148
15.480000	0.000000	0.000146
15.490000	0.000000	0.000144
15.500000	0.000000	0.000143
15.510000	0.000000	0.000141
15.520000	0.000000	0.000139
15.530000	0.000000	0.000137
15.540000	0.000000	0.000136
15.550000	0.000000	0.000134
15.560000	0.000000	0.000132
15.570000	0.000000	0.000130
15.580000	0.000000	0.000129
15.590000	0.000000	0.000127
15.600000	0.000000	0.000125
15.610000	0.000000	0.000124
15.620000	0.000000	0.000122
15.630000	0.000000	0.000121
15.640000	0.000000	0.000120
15.650000	0.000000	0.000118
15.660000	0.000000	0.000117
15.670000	0.000000	0.000115
15.680000	0.000000	0.000114
15.690000	0.000000	0.000113
15.700000	0.000000	0.000111
15.710000	0.000000	0.000110
15.720000	0.000000	0.000108
15.730000	0.000000	0.000107
15.740000	0.000000	0.000106
15.750000	0.000000	0.000105
15.760000	0.000000	0.000103
15.770000	0.000000	0.000102
15.780000	0.000000	0.000101
15.790000	0.000000	0.000099
15.800000	0.000000	0.000098
15.810000	0.000000	0.000097
15.820000	0.000000	0.000096
15.830000	0.000000	0.000094
15.840000	0.000000	0.000093
15.850000	0.000000	0.000092
15.860000	0.000000	0.000091
15.870000	0.000000	0.000090
15.880000	0.000000	0.000089
15.890000	0.000000	0.000088
15.900000	0.000000	0.000086
15.910000	0.000000	0.000085
15.920000	0.000000	0.000084
15.930000	0.000000	0.000083
15.940000	0.000000	0.000082
15.950000	0.000000	0.000081
15.960000	0.000000	0.000080
15.970000	0.000000	0.000079
15.980000	0.000000	0.000078
15.990000	0.000000	0.000077
16.000000	0.000000	0.000076
16.010000	0.000000	0.000076
16.020000	0.000000	0.000075
16.030000	0.000000	0.000074
16.040000	0.000000	0.000073
16.050000	0.000000	0.000072
16.060000	0.000000	0.000071
16.070000	0.000000	0.000070
16.080000	0.000000	0.000069
16.090000	0.000000	0.000068
16.100000	0.000000	0.000068
16.110000	0.000000	0.000067
16.120000	0.000000	0.000066
16.130000	0.000000	0.000065
16.140000	0.000000	0.000064
16.150000	0.000000	0.000063
16.160000	0.000000	0.000063
16.170000	0.000000	0.000062
16.180000	0.000000	0.000061
16.190000	0.000000	0.000060
16.200000	0.000000	0.000060
16.210000	0.000000	0.000059
16.220000	0.000000	0.000058
16.230000	0.000000	0.000057
16.240000	0.000000	0.000057
16.250000	0.000000	0.000056
16.260000	0.000000	0.000055
16.270000	0.000000	0.000054
16.280000	0.000000	0.000054
16.290000	0.000000	0.000053
16.300000	0.000000	0.000053
16.310000	0.000000	0.000052
16.320000	0.000000	0.000051
16.330000	0.000000	0.000051
16.340000	0.000000	0.000050
16.350000	0.000000	0.000050
16.360000	0.000000	0.000049
16.370000	0.000000	0.000048
16.380000	0.000000	0.000048
16.390000	0.000000	0.000047
16.400000	0.000000	0.000047
16.410000	0.000000	0.000046
16.420000	0.000000	0.000045
16.430000	0.000000	0.000045
16.440000	0.000000	0.000044
16.450000	0.000000	0.000044
16.460000	0.000000	0.000043
16.470000	0.000000	0.000043
16.480000	0.000000	0.000042
16.490000	0.000000	0.000042
16.500000	0.000000	0.000041
16.510000	0.000000	0.000041
16.520000	0.000000	0.000040
16.530000	0.000000	0.000040
16.540000	0.000000	0.000039
16.550000	0.000000	0.000039
16.560000	0.000000	0.000038
16.570000	0.000000	0.000038
16.580000	0.000000	0.000037
16.590000	0.000000	0.000037
16.600000	0.000000	0.000036
16.610000	0.000000	0.000036
16.620000	0.000000	0.000035
16.630000	0.000000	0.000035
16.640000	0.000000	0.000034
16.650000	0.000000	0.000034
16.660000	0.000000	0.000034
16.670000	0.000000	0.000033
16.680000	0.000000	0.000033
16.690000	0.000000	0.000032
16.700000	0.000000	0.000032
16.710000	0.000000	0.000032
16.720000	0.000000	0.000031
16.730000	0.000000	0.000031
16.740000	0.000000	0.000030
16.750000	0.000000	0.000030
16.760000	0.000000	0.000030
16.770000	0.000000	0.000029
16.780000	0.000000	0.000029
16.790000	0.000000	0.000029
16.800000	0.000000	0.000028
16.810000	0.000000	0.000028
16.820000	0.000000	0.000028
16.830000	0.000000	0.000027
16.840000	0.000000	0.000027
16.850000	0.000000	0.000027
16.860000	0.000000	0.000026
16.870000	0.000000	0.000026
16.880000	0.000000	0.000026
16.890000	0.000000	0.000025
16.900000	0.000000	0.000025
16.910000	0.000000	0.000025
16.920000	0.000000	0.000024
16.930000	0.000000	0.000024
16.940000	0.000000	0.000024
16.950000	0.000000	0.000023
16.960000	0.000000	0.000023
16.970000	0.000000	0.000023
16.980000	0.000000	0.000023
16.990000	0.000000	0.000022
17.000000	0.000000	0.000022
17.010000	0.000000	0.000022
17.020000	0.000000	0.000022
17.030000	0.000000	0.000021
17.040000	0.000000	0.000021
17.050000	0.000000	0.000021
17.060000	0.000000	0.000020
17.070000	0.000000	0.000020
17.080000	0.000000	0.000020
17.090000	0.000000	0.000020
17.100000	0.000000	0.000019
17.110000	0.000000	0.000019
17.120000	0.000000	0.000019
17.130000	0.000000	0.000019
17.140000	0.000000	0.000019
17.150000	0.000000	0.000018
17.160000	0.000000	0.000018
17.170000	0.000000	0.000018
17.180000	0.000000	0.000018
17.190000	0.000000	0.000017
17.200000	0.000000	0.000017
17.210000	0.000000	0.000017
17.220000	0.000000	0.000017
17.230000	0.000000	0.000017
17.240000	0.000000	0.000016
17.250000	0.000000	0.000016
17.260000	0.000000	0.000016
17.270000	0.000000	0.000016
17.280000	0.000000	0.000016
17.290000	0.000000	0.000015
17.300000	0.000000	0.000015
17.310000	0.000000	0.000015
17.320000	0.000000	0.000015
17.330000	0.000000	0.000015
17.340000	0.000000	0.000014
17.350000	0.000000	0.000014
17.360000	0.000000	0.000014
17.370000	0.000000	0.000014
17.380000	0.000000	0.000014
17.390000	0.000000	0.000014
17.400000	0.000000	0.000013
17.410000	0.000000	0.000013
17.420000	0.000000	0.000013
17.430000	0.000000	0.000013
17.440000	0.000000	0.000013
17.450000	0.000000	0.000013
17.460000	0.000000	0.000012
17.470000	0.000000	0.000012
17.480000	0.000000	0.000012
17.490000	0.000000	0.000012
17.500000	0.000000	0.000012
17.510000	0.000000	0.000012
17.520000	0.000000	0.000012
17.530000	0.000000	0.000011
17.540000	0.000000	0.000011
17.550000	0.000000	0.000011
17.560000	0.000000	0.000011
17.570000	0.000000	0.000011
17.580000	0.000000	0.000011
17.590000	0.000000	0.000011
17.600000	0.000000	0.000010
17.610000	0.000000	0.000010
17.620000	0.000000	0.000010
17.630000	0.000000	0.000010
17.640000	0.000000	0.000010
17.650000	0.000000	0.000010
17.660000	0.000000	0.000010
17.670000	0.000000	0.000010
17.680000	0.000000	0.000010
17.690000	0.000000	0.000009
17.700000	0.000000	0.000009
17.710000	0.000000	0.000009
17.720000	0.000000	0.000009
17.730000	0.000000	0.000009
17.740000	0.000000	0.000009
17.750000	0.000000	0.000009
17.760000	0.000000	0.000009
17.770000	0.000000	0.000009
17.780000	0.000000	0.000008
17.790000	0.000000	0.000008
17.800000	0.000000	0.000008
17.810000	0.000000	0.000008
17.820000	0.000000	0.000008
17.830000	0.000000	0.000008
17.840000	0.000000	0.000008
17.850000	0.000000	0.000008
17.860000	0.000000	0.000008
17.870000	0.000000	0.000007
17.880000	0.000000	0.000007
17.890000	0.000000	0.000007
17.900000	0.000000	0.000007
17.910000	0.000000	0.000007
17.920000	0.000000	0.000007
17.930000	0.000000	0.000007
17.940000	0.000000	0.000007
17.950000	0.000000	0.000007
17.960000	0.000000	0.000007
17.970000	0.000000	0.000007
17.980000	0.000000	0.000007
17.990000	0.000000	0.000006
18.000000	0.000000	0.000006
18.010000	0.000000	0.000006
18.020000	0.000000	0.000006
18.030000	0.000000	0.000006
18.040000	0.000000	0.000006
18.050000	0.000000	0.000006
18.060000	0.000000	0.000006
18.070000	0.000000	0.000006
18.080000	0.000000	0.000006
18.090000	0.000000	0.000006
18.100000	0.000000	0.000006
18.110000	0.000000	0.000006
18.120000	0.000000	0.000006
18.130000	0.000000	0.000005
18.140000	0.000000	0.000005
18.150000	0.000000	0.000005
18.160000	0.000000	0.000005
18.170000	0.000000	0.000005
18.180000	0.000000	0.000005
18.190000	0.000000	0.000005
18.200000	0.000000	0.000005
18.210000	0.000000	0.000005
18.220000	0.000000	0.000005
18.230000	0.000000	0.000005
18.240000	0.000000	0.000005
18.250000	0.000000	0.000005
18.260000	0.000000	0.000005
18.270000	0.000000	0.000005
18.280000	0.000000	0.000005
18.290000	0.000000	0.000004
18.300000	0.000000	0.000004
18.310000	0.000000	0.000004
18.320000	0.000000	0.000004
18.330000	0.000000	0.000004
18.340000	0.000000	0.000004
18.350000	0.000000	0.000004
18.360000	0.000000	0.000004
18.370000	0.000000	0.000004
18.380000	0.000000	0.000004
18.390000	0.000000	0.000004
18.400000	0.000000	0.000004
18.410000	0.000000	0.000004
18.420000	0.000000	0.000004
18.430000	0.000000	0.000004
18.440000	0.000000	0.000004
18.450000	0.000000	0.000004
18.460000	0.000000	0.000004
18.470000	0.000000	0.000004
18.480000	0.000000	0.000004
18.490000	0.000000	0.000003
18.500000	0.000000	0.000003
18.510000	0.000000	0.000003
18.520000	0.000000	0.000003
18.530000	0.000000	0.000003
18.540000	0.000000	0.000003
18.550000	0.000000	0.000003
18.560000	0.000000	0.000003
18.570000	0.000000	0.000003
18.580000	0.000000	0.000003
18.590000	0.000000	0.000003
18.600000	0.000000	0.000003
18.610000	0.000000	0.000003
18.620000	0.000000	0.000003
18.630000	0.000000	0.000003
18.640000	0.000000	0.000003
18.650000	0.000000	0.000003
18.660000	0.000000	0.000003
18.670000	0.000000	0.000003
18.680000	0.000000	0.000003
18.690000	0.000000	0.000003
18.700000	0.000000	0.000003
18.710000	0.000000	0.000003
18.720000	0.000000	0.000003
18.730000	0.000000	0.000003
18.740000	0.000000	0.000003
18.750000	0.000000	0.000003
18.760000	0.000000	0.000003
18.770000	0.000000	0.000002
18.780000	0.000000	0.000002
18.790000	0.000000	0.000002
18.800000	0.000000	0.000002
18.810000	0.000000	0.000002
18.820000	0.000000	0.000002
18.830000	0.000000	0.000002
18.840000	0.000000	0.000002
18.850000	0.000000	0.000002
18.860000	0.000000	0.000002
18.870000	0.000000	0.000002
18.880000	0.000000	0.000002
18.890000	0.000000	0.000002
18.900000	0.000000	0.000002
18.910000	0.000000	0.000002
18.920000	0.000000	0.000002
18.930000	0.000000	0.000002
18.940000	0.000000	0.000002
18.950000	0.000000	0.000002
18.960000	0.000000	0.000002
18.970000	0.000000	0.000002
18.980000	0.000000	0.000002
18.990000	0.000000	0.000002
19.000000	0.000000	0.000002
19.010000	0.000000	0.000002
19.020000	0.000000	0.000002
19.030000	0.000000	0.000002
19.040000	0.000000	0.000002
19.050000	0.000000	0.000002
19.060000	0.000000	0.000002
19.070000	0.000000	0.000002
19.080000	0.000000	0.000002
19.090000	0.000000	0.000002
19.100000	0.000000	0.000002
19.110000	0.000000	0.000002
19.120000	0.000000	0.000002
19.130000	0.000000	0.000002
19.140000	0.000000	0.000002
19.150000	0.000000	0.000002
19.160000	0.000000	0.000002
19.170000	0.000000	0.000002
19.180000	0.000000	0.000001
19.190000	0.000000	0.000001
19.200000	0.000000	0.000001
19.210000	0.000000	0.000001
19.220000	0.000000	0.000001
19.230000	0.000000	0.000001
19.240000	0.000000	0.000001
19.250000	0.000000	0.000001
19.260000	0.000000	0.000001
19.270000	0.000000	0.000001
19.280000	0.000000	0.000001
19.290000	0.000000	0.000001
19.300000	0.000000	0.000001
19.310000	0.000000	0.000001
19.320000	0.000000	0.000001
19.330000	0.000000	0.000001
19.340000	0.000000	0.000001
19.350000	0.000000	0.000001
19.360000	0.000000	0.000001
19.370000	0.000000	0.000001
19.380000	0.000000	0.000001
19.390000	0.000000	0.000001
19.400000	0.000000	0.000001
19.410000	0.000000	0.000001
19.420000	0.000000	0.000001
19.430000	0.000000	0.000001
19.440000	0.000000	0.000001
19.450000	0.000000	0.000001
19.460000	0.000000	0.000001
19.470000	0.000000	0.000001
19.480000	0.000000	0.000001
19.490000	0.000000	0.000001
19.500000	0.000000	0.000001
19.510000	0.000000	9.9e-07
19.520000	0.000000	9.8e-07
19.530000	0.000000	9.6e-07
19.540000	0.000000	9.5e-07
19.550000	0.000000	9.4e-07
19.560000	0.000000	9.3e-07
19.570000	0.000000	9.2e-07
19.580000	0.000000	9.1e-07
19.590000	0.000000	9.0e-07
19.600000	0.000000	8.9e-07
19.610000	0.000000	8.8e-07
19.620000	0.000000	8.7e-07
19.630000	0.000000	8.6e-07
19.640000	0.000000	8.5e-07
19.650000	0.000000	8.4e-07
19.660000	0.000000	8.3e-07
19.670000	0.000000	8.2e-07
19.680000	0.000000	8.1e-07
19.690000	0.000000	8.0e-07
19.700000	0.000000	7.9e-07
19.710000	0.000000	7.8e-07
19.720000	0.000000	7.7e-07
19.730000	0.000000	7.6e-07
19.740000	0.000000	7.5e-07
19.750000	0.000000	7.4e-07
19.760000	0.000000	7.3e-07
19.770000	0.000000	7.2e-07
19.780000	0.000000	7.1e-07
19.790000	0.000000	7.0e-07
19.800000	0.000000	6.9e-07
19.810000	0.000000	6.9e-07
19.820000	0.000000	6.8e-07
19.830000	0.000000	6.7e-07
19.840000	0.000000	6.6e-07
19.850000	0.000000	6.5e-07
19.860000	0.000000	6.4e-07
19.870000	0.000000	6.3e-07
19.880000	0.000000	6.3e-07
19.890000	0.000000	6.2e-07
19.900000	0.000000	6.1e-07
19.910000	0.000000	6.0e-07
19.920000	0.000000	6.0e-07
19.930000	0.000000	5.9e-07
19.940000	0.000000	5.8e-07
19.950000	0.000000	5.8e-07
19.960000	0.000000	5.7e-07
19.970000	0.000000	5.6e-07
19.980000	0.000000	5.6e-07
19.990000	0.000000	5.5e-07
20.000000	0.000000	5.4e-07
20.010000	0.000000	5.4e-07
20.020000	0.000000	5.3e-07
20.030000	0.000000	5.2e-07
20.040000	0.000000	5.2e-07
20.050000	0.000000	5.1e-07
20.060000	0.000000	5.1e-07
20.070000	0.000000	5.0e-07
20.080000	0.000000	4.9e-07
20.090000	0.000000	4.9e-07
20.100000	0.000000	4.8e-07
20.110000	0.000000	4.7e-07
20.120000	0.000000	4.7e-07
20.130000	0.000000	4.6e-07
20.140000	0.000000	4.6e-07
20.150000	0.000000	4.5e-07
20.160000	0.000000	4.4e-07
20.170000	0.000000	4.4e-07
20.180000	0.000000	4.3e-07
20.190000	0.000000	4.3e-07
20.200000	0.000000	4.2e-07
20.210000	0.000000	4.2e-07
20.220000	0.000000	4.1e-07
20.230000	0.000000	4.1e-07
20.240000	0.000000	4.0e-07
20.250000	0.000000	4.0e-07
20.260000	0.000000	3.9e-07
20.270000	0.000000	3.9e-07
20.280000	0.000000	3.8e-07
20.290000	0.000000	3.8e-07
20.300000	0.000000	3.8e-07
20.310000	0.000000	3.7e-07
20.320000	0.000000	3.7e-07
20.330000	0.000000	3.6e-07
20.340000	0.000000	3.6e-07
20.350000	0.000000	3.5e-07
20.360000	0.000000	3.5e-07
20.370000	0.000000	3.5e-07
20.380000	0.000000	3.4e-07
20.390000	0.000000	3.4e-07
20.400000	0.000000	3.3e-07
20.410000	0.000000	3.3e-07
20.420000	0.000000	3.2e-07
20.430000	0.000000	3.2e-07
20.440000	0.000000	3.2e-07
20.450000	0.000000	3.1e-07
20.460000	0.000000	3.1e-07
20.470000	0.000000	3.0e-07
20.480000	0.000000	3.0e-07
20.490000	0.000000	3.0e-07
20.500000	0.000000	2.9e-07
20.510000	0.000000	2.9e-07
20.520000	0.000000	2.8e-07
20.530000	0.000000	2.8e-07
20.540000	0.000000	2.8e-07
20.550000	0.000000	2.8e-07
20.560000	0.000000	2.7e-07
20.570000	0.000000	2.7e-07
20.580000	0.000000	2.7e-07
20.590000	0.000000	2.6e-07
20.600000	0.000000	2.6e-07
20.610000	0.000000	2.6e-07
20.620000	0.000000	2.5e-07
20.630000	0.000000	2.5e-07
20.640000	0.000000	2.5e-07
20.650000	0.000000	2.4e-07
20.660000	0.000000	2.4e-07
20.670000	0.000000	2.4e-07
20.680000	0.000000	2.4e-07
20.690000	0.000000	2.3e-07
20.700000	0.000000	2.3e-07
20.710000	0.000000	2.3e-07
20.720000	0.000000	2.2e-07
20.730000	0.000000	2.2e-07
20.740000	0.000000	2.2e-07
20.750000	0.000000	2.2e-07
20.760000	0.000000	2.1e-07
20.770000	0.000000	2.1e-07
20.780000	0.000000	2.1e-07
20.790000	0.000000	2.1e-07
20.800000	0.000000	2.0e-07
20.810000	0.000000	2.0e-07
20.820000	0.000000	2.0e-07
20.830000	0.000000	2.0e-07
20.840000	0.000000	1.9e-07
20.850000	0.000000	1.9e-07
20.860000	0.000000	1.9e-07
20.870000	0.000000	1.9e-07
20.880000	0.000000	1.8e-07
20.890000	0.000000	1.8e-07
20.900000	0.000000	1.8e-07
20.910000	0.000000	1.8e-07
20.920000	0.000000	1.8e-07
20.930000	0.000000	1.7e-07
20.940000	0.000000	1.7e-07
20.950000	0.000000	1.7e-07
20.960000	0.000000	1.7e-07
20.970000	0.000000	1.7e-07
20.980000	0.000000	1.6e-07
20.990000	0.000000	1.6e-07
21.000000	0.000000	1.6e-07
21.010000	0.000000	1.6e-07
21.020000	0.000000	1.6e-07
21.030000	0.000000	1.5e-07
21.040000	0.000000	1.5e-07
21.050000	0.000000	1.5e-07
21.060000	0.000000	1.5e-07
21.070000	0.000000	1.5e-07
21.080000	0.000000	1.4e-07
21.090000	0.000000	1.4e-07
21.100000	0.000000	1.4e-07
21.110000	0.000000	1.4e-07
21.120000	0.000000	1.4e-07
21.130000	0.000000	1.4e-07
21.140000	0.000000	1.3e-07
21.150000	0.000000	1.3e-07
21.160000	0.000000	1.3e-07
21.170000	0.000000	1.3e-07
21.180000	0.000000	1.3e-07
21.190000	0.000000	1.3e-07
21.200000	0.000000	1.2e-07
21.210000	0.000000	1.2e-07
21.220000	0.000000	1.2e-07
21.230000	0.000000	1.2e-07
21.240000	0.000000	1.2e-07
21.250000	0.000000	1.2e-07
21.260000	0.000000	1.2e-07
21.270000	0.000000	1.1e-07
21.280000	0.000000	1.1e-07
21.290000	0.000000	1.1e-07
21.300000	0.000000	1.1e-07
21.310000	0.000000	1.1e-07
21.320000	0.000000	1.1e-07
21.330000	0.000000	1.1e-07
21.340000	0.000000	1.1e-07
21.350000	0.000000	1.0e-07
21.360000	0.000000	1.0e-07
21.370000	0.000000	1.0e-07
21.380000	0.000000	1.0e-07
21.390000	0.000000	9.9e-08
21.400000	0.000000	9.7e-08
21.410000	0.000000	9.6e-08
21.420000	0.000000	9.5e-08
21.430000	0.000000	9.4e-08
21.440000	0.000000	9.3e-08
21.450000	0.000000	9.1e-08
21.460000	0.000000	9.0e-08
21.470000	0.000000	8.9e-08
21.480000	0.000000	8.8e-08
21.490000	0.000000	8.7e-08
21.500000	0.000000	8.6e-08
21.510000	0.000000	8.5e-08
21.520000	0.000000	8.4e-08
21.530000	0.000000	8.3e-08
21.540000	0.000000	8.2e-08
21.550000	0.000000	8.1e-08
21.560000	0.000000	8.0e-08
21.570000	0.000000	7.9e-08
21.580000	0.000000	7.8e-08
21.590000	0.000000	7.7e-08
21.600000	0.000000	7.6e-08
21.610000	0.000000	7.5e-08
21.620000	0.000000	7.5e-08
21.630000	0.000000	7.4e-08
21.640000	0.000000	7.3e-08
21.650000	0.000000	7.2e-08
21.660000	0.000000	7.1e-08
21.670000	0.000000	7.0e-08
21.680000	0.000000	6.9e-08
21.690000	0.000000	6.8e-08
21.700000	0.000000	6.8e-08
21.710000	0.000000	6.7e-08
21.720000	0.000000	6.6e-08
21.730000	0.000000	6.5e-08
21.740000	0.000000	6.4e-08
21.750000	0.000000	6.3e-08
21.760000	0.000000	6.3e-08
21.770000	0.000000	6.2e-08
21.780000	0.000000	6.1e-08
21.790000	0.000000	6.0e-08
21.800000	0.000000	6.0e-08
21.810000	0.000000	5.9e-08
21.820000	0.000000	5.8e-08
21.830000	0.000000	5.7e-08
21.840000	0.000000	5.7e-08
21.850000	0.000000	5.6e-08
21.860000	0.000000	5.5e-08
21.870000	0.000000	5.5e-08
21.880000	0.000000	5.4e-08
21.890000	0.000000	5.3e-08
21.900000	0.000000	5.3e-08
21.910000	0.000000	5.2e-08
21.920000	0.000000	5.2e-08
21.930000	0.000000	5.1e-08
21.940000	0.000000	5.0e-08
21.950000	0.000000	5.0e-08
21.960000	0.000000	4.9e-08
21.970000	0.000000	4.9e-08
21.980000	0.000000	4.8e-08
21.990000	0.000000	4.7e-08
22.000000	0.000000	4.7e-08
22.010000	0.000000	4.6e-08
22.020000	0.000000	4.6e-08
22.030000	0.000000	4.5e-08
22.040000	0.000000	4.5e-08
22.050000	0.000000	4.4e-08
22.060000	0.000000	4.3e-08
22.070000	0.000000	4.3e-08
22.080000	0.000000	4.2e-08
22.090000	0.000000	4.2e-08
22.100000	0.000000	4.1e-08
22.110000	0.000000	4.1e-08
22.120000	0.000000	4.0e-08
22.130000	0.000000	4.0e-08
22.140000	0.000000	3.9e-08
22.150000	0.000000	3.9e-08
22.160000	0.000000	3.8e-08
22.170000	0.000000	3.8e-08
22.180000	0.000000	3.7e-08
22.190000	0.000000	3.7e-08
22.200000	0.000000	3.6e-08
22.210000	0.000000	3.6e-08
22.220000	0.000000	3.6e-08
22.230000	0.000000	3.5e-08
22.240000	0.000000	3.5e-08
22.250000	0.000000	3.4e-08
22.260000	0.000000	3.4e-08
22.270000	0.000000	3.4e-08
22.280000	0.000000	3.3e-08
22.290000	0.000000	3.3e-08
22.300000	0.000000	3.2e-08
22.310000	0.000000	3.2e-08
22.320000	0.000000	3.2e-08
22.330000	0.000000	3.1e-08
22.340000	0.000000	3.1e-08
22.350000	0.000000	3.0e-08
22.360000	0.000000	3.0e-08
22.370000	0.000000	3.0e-08
22.380000	0.000000	2.9e-08
22.390000	0.000000	2.9e-08
22.400000	0.000000	2.9e-08
22.410000	0.000000	2.8e-08
22.420000	0.000000	2.8e-08
22.430000	0.000000	2.8e-08
22.440000	0.000000	2.7e-08
22.450000	0.000000	2.7e-08
22.460000	0.000000	2.7e-08
22.470000	0.000000	2.6e-08
22.480000	0.000000	2.6e-08
22.490000	0.000000	2.6e-08
22.500000	0.000000	2.5e-08
22.510000	0.000000	2.5e-08
22.520000	0.000000	2.5e-08
22.530000	0.000000	2.4e-08
22.540000	0.000000	2.4e-08
22.550000	0.000000	2.4e-08
22.560000	0.000000	2.4e-08
22.570000	0.000000	2.3e-08
22.580000	0.000000	2.3e-08
22.590000	0.000000	2.3e-08
22.600000	0.000000	2.2e-08
22.610000	0.000000	2.2e-08
22.620000	0.000000	2.2e-08
22.630000	0.000000	2.2e-08
22.640000	0.000000	2.1e-08
22.650000	0.000000	2.1e-08
22.660000	0.000000	2.1e-08
22.670000	0.000000	2.1e-08
22.680000	0.000000	2.0e-08
22.690000	0.000000	2.0e-08
22.700000	0.000000	2.0e-08
22.710000	0.000000	2.0e-08
22.720000	0.000000	1.9e-08
22.730000	0.000000	1.9e-08
22.740000	0.000000	1.9e-08
22.750000	0.000000	1.9e-08
22.760000	0.000000	1.8e-08
22.770000	0.000000	1.8e-08
22.780000	0.000000	1.8e-08
22.790000	0.000000	1.8e-08
22.800000	0.000000	1.8e-08
22.810000	0.000000	1.7e-08
22.820000	0.000000	1.7e-08
22.830000	0.000000	1.7e-08
22.840000	0.000000	1.7e-08
22.850000	0.000000	1.6e-08
22.860000	0.000000	1.6e-08
22.870000	0.000000	1.6e-08
22.880000	0.000000	1.6e-08
22.890000	0.000000	1.6e-08
22.900000	0.000000	1.6e-08
22.910000	0.000000	1.5e-08
22.920000	0.000000	1.5e-08
22.930000	0.000000	1.5e-08
22.940000	0.000000	1.5e-08
22.950000	0.000000	1.5e-08
22.960000	0.000000	1.4e-08
22.970000	0.000000	1.4e-08
22.980000	0.000000	1.4e-08
22.990000	0.000000	1.4e-08
23.000000	0.000000	1.4e-08
23.010000	0.000000	1.4e-08
23.020000	0.000000	1.3e-08
23.030000	0.000000	1.3e-08
23.040000	0.000000	1.3e-08
23.050000	0.000000	1.3e-08
23.060000	0.000000	1.3e-08
23.070000	0.000000	1.3e-08
23.080000	0.000000	1.2e-08
23.090000	0.000000	1.2e-08
23.100000	0.000000	1.2e-08
23.110000	0.000000	1.2e-08
23.120000	0.000000	1.2e-08
23.130000	0.000000	1.2e-08
23.140000	0.000000	1.2e-08
23.150000	0.000000	1.1e-08
23.160000	0.000000	1.1e-08
23.170000	0.000000	1.1e-08
23.180000	0.000000	1.1e-08
23.190000	0.000000	1.1e-08
23.200000	0.000000	1.1e-08
23.210000	0.000000	1.1e-08
23.220000	0.000000	1.1e-08
23.230000	0.000000	1.0e-08
23.240000	0.000000	1.0e-08
23.250000	0.000000	1.0e-08
23.260000	0.000000	1.0e-08
23.270000	0.000000	9.9e-09
23.280000	0.000000	9.8e-09
23.290000	0.000000	9.7e-09
23.300000	0.000000	9.6e-09
23.310000	0.000000	9.4e-09
23.320000	0.000000	9.3e-09
23.330000	0.000000	9.2e-09
23.340000	0.000000	9.1e-09
23.350000	0.000000	9.0e-09
23.360000	0.000000	8.9e-09
23.370000	0.000000	8.8e-09
23.380000	0.000000	8.7e-09
23.390000	0.000000	8.6e-09
23.400000	0.000000	8.5e-09
23.410000	0.000000	8.4e-09
23.420000	0.000000	8.2e-09
23.430000	0.000000	8.1e-09
23.440000	0.000000	8.0e-09
23.450000	0.000000	7.9e-09
23.460000	0.000000	7.8e-09
23.470000	0.000000	7.7e-09
23.480000	0.000000	7.6e-09
23.490000	0.000000	7.5e-09
23.500000	0.000000	7.4e-09
23.510000	0.000000	7.4e-09
23.520000	0.000000	7.3e-09
23.530000	0.000000	7.2e-09
23.540000	0.000000	7.1e-09
23.550000	0.000000	7.0e-09
23.560000	0.000000	6.9e-09
23.570000	0.000000	6.9e-09
23.580000	0.000000	6.8e-09
23.590000	0.000000	6.7e-09
23.600000	0.000000	6.6e-09
23.610000	0.000000	6.5e-09
23.620000	0.000000	6.5e-09
23.630000	0.000000	6.4e-09
23.640000	0.000000	6.3e-09
23.650000	0.000000	6.2e-09
23.660000	0.000000	6.2e-09
23.670000	0.000000	6.1e-09
23.680000	0.000000	6.0e-09
23.690000	0.000000	5.9e-09
23.700000	0.000000	5.9e-09
23.710000	0.000000	5.8e-09
23.720000	0.000000	5.7e-09
23.730000	0.000000	5.7e-09
23.740000	0.000000	5.6e-09
23.750000	0.000000	5.5e-09
23.760000	0.000000	5.4e-09
23.770000	0.000000	5.4e-09
23.780000	0.000000	5.3e-09
23.790000	0.000000	5.2e-09
23.800000	0.000000	5.2e-09
23.810000	0.000000	5.1e-09
23.820000	0.000000	5.0e-09
23.830000	0.000000	5.0e-09
23.840000	0.000000	4.9e-09
23.850000	0.000000	4.9e-09
23.860000	0.000000	4.8e-09
23.870000	0.000000	4.8e-09
23.880000	0.000000	4.7e-09
23.890000	0.000000	4.6e-09
23.900000	0.000000	4.6e-09
23.910000	0.000000	4.5e-09
23.920000	0.000000	4.5e-09
23.930000	0.000000	4.4e-09
23.940000	0.000000	4.4e-09
23.950000	0.000000	4.3e-09
23.960000	0.000000	4.3e-09
23.970000	0.000000	4.2e-09
23.980000	0.000000	4.2e-09
23.990000	0.000000	4.1e-09
24.000000	0.000000	4.1e-09
24.010000	0.000000	4.0e-09
24.020000	0.000000	4.0e-09
24.030000	0.000000	3.9e-09
24.040000	0.000000	3.9e-09
24.050000	0.000000	3.8e-09
24.060000	0.000000	3.8e-09
24.070000	0.000000	3.7e-09
24.080000	0.000000	3.7e-09
24.090000	0.000000	3.6e-09
24.100000	0.000000	3.6e-09
24.110000	0.000000	3.5e-09
24.120000	0.000000	3.5e-09
24.130000	0.000000	3.5e-09
24.140000	0.000000	3.4e-09
24.150000	0.000000	3.4e-09
24.160000	0.000000	3.3e-09
24.170000	0.000000	3.3e-09
24.180000	0.000000	3.3e-09
24.190000	0.000000	3.2e-09
24.200000	0.000000	3.2e-09
24.210000	0.000000	3.1e-09
24.220000	0.000000	3.1e-09
24.230000	0.000000	3.1e-09
24.240000	0.000000	3.0e-09
24.250000	0.000000	3.0e-09
24.260000	0.000000	3.0e-09
24.270000	0.000000	2.9e-09
24.280000	0.000000	2.9e-09
24.290000	0.000000	2.9e-09
24.300000	0.000000	2.8e-09
24.310000	0.000000	2.8e-09
24.320000	0.000000	2.8e-09
24.330000	0.000000	2.7e-09
24.340000	0.000000	2.7e-09
24.350000	0.000000	2.7e-09
24.360000	0.000000	2.6e-09
24.370000	0.000000	2.6e-09
24.380000	0.000000	2.6e-09
24.390000	0.000000	2.5e-09
24.400000	0.000000	2.5e-09
24.410000	0.000000	2.5e-09
24.420000	0.000000	2.4e-09
24.430000	0.000000	2.4e-09
24.440000	0.000000	2.4e-09
24.450000	0.000000	2.3e-09
24.460000	0.000000	2.3e-09
24.470000	0.000000	2.3e-09
24.480000	0.000000	2.3e-09
24.490000	0.000000	2.2e-09
24.500000	0.000000	2.2e-09
24.510000	0.000000	2.2e-09
24.520000	0.000000	2.2e-09
24.530000	0.000000	2.1e-09
24.540000	0.000000	2.1e-09
24.550000	0.000000	2.1e-09
24.560000	0.000000	2.1e-09
24.570000	0.000000	2.0e-09
24.580000	0.000000	2.0e-09
24.590000	0.000000	2.0e-09
24.600000	0.000000	2.0e-09
24.610000	0.000000	1.9e-09
24.620000	0.000000	1.9e-09
24.630000	0.000000	1.9e-09
24.640000	0.000000	1.9e-09
24.650000	0.000000	1.8e-09
24.660000	0.000000	1.8e-09
24.670000	0.000000	1.8e-09
24.680000	0.000000	1.8e-09
24.690000	0.000000	1.8e-09
24.700000	0.000000	1.7e-09
24.710000	0.000000	1.7e-09
24.720000	0.000000	1.7e-09
24.730000	0.000000	1.7e-09
24.740000	0.000000	1.7e-09
24.750000	0.000000	1.6e-09
24.760000	0.000000	1.6e-09
24.770000	0.000000	1.6e-09
24.780000	0.000000	1.6e-09
24.790000	0.000000	1.5e-09
24.800000	0.000000	1.5e-09
24.810000	0.000000	1.5e-09
24.820000	0.000000	1.5e-09
24.830000	0.000000	1.5e-09
24.840000	0.000000	1.5e-09
24.850000	0.000000	1.4e-09
24.860000	0.000000	1.4e-09
24.870000	0.000000	1.4e-09
24.880000	0.000000	1.4e-09
24.890000	0.000000	1.4e-09
24.900000	0.000000	1.4e-09
24.910000	0.000000	1.3e-09
24.920000	0.000000	1.3e-09
24.930000	0.000000	1.3e-09
24.940000	0.000000	1.3e-09
24.950000	0.000000	1.3e-09
24.960000	0.000000	1.3e-09
24.970000	0.000000	1.3e-09
24.980000	0.000000	1.2e-09
24.990000	0.000000	1.2e-09
25.000000	0.000000	1.2e-09
25.010000	0.000000	1.2e-09
25.020000	0.000000	1.2e-09
25.030000	0.000000	1.2e-09
25.040000	0.000000	1.1e-09
25.050000	0.000000	1.1e-09
25.060000	0.000000	1.1e-09
25.070000	0.000000	1.1e-09
25.080000	0.000000	1.1e-09
25.090000	0.000000	1.1e-09
25.100000	0.000000	1.1e-09
25.110000	0.000000	1.1e-09
25.120000	0.000000	1.0e-09
25.130000	0.000000	1.0e-09
25.140000	0.000000	1.0e-09
25.150000	0.000000	1.0e-09
25.160000	0.000000	9.8e-10
25.170000	0.000000	9.7e-10
25.180000	0.000000	9.6e-10
25.190000	0.000000	9.5e-10
25.200000	0.000000	9.4e-10
25.210000	0.000000	9.3e-10
25.220000	0.000000	9.2e-10
25.230000	0.000000	9.1e-10
25.240000	0.000000	9.0e-10
25.250000	0.000000	8.9e-10
25.260000	0.000000	8.8e-10
25.270000	0.000000	8.7e-10
25.280000	0.000000	8.6e-10
25.290000	0.000000	8.5e-10
25.300000	0.000000	8.4e-10
25.310000	0.000000	8.3e-10
25.320000	0.000000	8.2e-10
25.330000	0.000000	8.1e-10
25.340000	0.000000	8.0e-10
25.350000	0.000000	7.9e-10
25.360000	0.000000	7.8e-10
25.370000	0.000000	7.7e-10
25.380000	0.000000	7.6e-10
25.390000	0.000000	7.5e-10
25.400000	0.000000	7.4e-10
25.410000	0.000000	7.3e-10
25.420000	0.000000	7.2e-10
25.430000	0.000000	7.1e-10
25.440000	0.000000	7.0e-10
25.450000	0.000000	6.9e-10
25.460000	0.000000	6.9e-10
25.470000	0.000000	6.8e-10
25.480000	0.000000	6.7e-10
25.490000	0.000000	6.6e-10
25.500000	0.000000	6.5e-10
25.510000	0.000000	6.5e-10
25.520000	0.000000	6.4e-10
25.530000	0.000000	6.3e-10
25.540000	0.000000	6.2e-10
25.550000	0.000000	6.2e-10
25.560000	0.000000	6.1e-10
25.570000	0.000000	6.0e-10
25.580000	0.000000	6.0e-10
25.590000	0.000000	5.9e-10
25.600000	0.000000	5.8e-10
25.610000	0.000000	5.8e-10
25.620000	0.000000	5.7e-10
25.630000	0.000000	5.6e-10
25.640000	0.000000	5.5e-10
25.650000	0.000000	5.5e-10
25.660000	0.000000	5.4e-10
25.670000	0.000000	5.3e-10
25.680000	0.000000	5.3e-10
25.690000	0.000000	5.2e-10
25.700000	0.000000	5.1e-10
25.710000	0.000000	5.1e-10
25.720000	0.000000	5.0e-10
25.730000	0.000000	4.9e-10
25.740000	0.000000	4.9e-10
25.750000	0.000000	4.8e-10
25.760000	0.000000	4.7e-10
25.770000	0.000000	4.7e-10
25.780000	0.000000	4.6e-10
25.790000	0.000000	4.6e-10
25.800000	0.000000	4.5e-10
25.810000	0.000000	4.5e-10
25.820000	0.000000	4.4e-10
25.830000	0.000000	4.3e-10
25.840000	0.000000	4.3e-10
25.850000	0.000000	4.3e-10
25.860000	0.000000	4.2e-10
25.870000	0.000000	4.2e-10
25.880000	0.000000	4.1e-10
25.890000	0.000000	4.1e-10
25.900000	0.000000	4.0e-10
25.910000	0.000000	4.0e-10
25.920000	0.000000	3.9e-10
25.930000	0.000000	3.9e-10
25.940000	0.000000	3.8e-10
25.950000	0.000000	3.8e-10
25.960000	0.000000	3.7e-10
25.970000	0.000000	3.7e-10
25.980000	0.000000	3.6e-10
25.990000	0.000000	3.6e-10
26.000000	0.000000	3.6e-10
26.010000	0.000000	3.5e-10
26.020000	0.000000	3.5e-10
26.030000	0.000000	3.4e-10
26.040000	0.000000	3.4e-10
26.050000	0.000000	3.3e-10
26.060000	0.000000	3.3e-10
26.070000	0.000000	3.3e-10
26.080000	0.000000	3.2e-10
26.090000	0.000000	3.2e-10
26.100000	0.000000	3.1e-10
26.110000	0.000000	3.1e-10
26.120000	0.000000	3.1e-10
26.130000	0.000000	3.0e-10
26.140000	0.000000	3.0e-10
26.150000	0.000000	2.9e-10
26.160000	0.000000	2.9e-10
26.170000	0.000000	2.9e-10
26.180000	0.000000	2.8e-10
26.190000	0.000000	2.8e-10
26.200000	0.000000	2.8e-10
26.210000	0.000000	2.8e-10
26.220000	0.000000	2.7e-10
26.230000	0.000000	2.7e-10
26.240000	0.000000	2.7e-10
26.250000	0.000000	2.6e-10
26.260000	0.000000	2.6e-10
26.270000	0.000000	2.6e-10
26.280000	0.000000	2.5e-10
26.290000	0.000000	2.5e-10
26.300000	0.000000	2.5e-10
26.310000	0.000000	2.4e-10
26.320000	0.000000	2.4e-10
26.330000	0.000000	2.4e-10
26.340000	0.000000	2.4e-10
26.350000	0.000000	2.3e-10
26.360000	0.000000	2.3e-10
26.370000	0.000000	2.3e-10
26.380000	0.000000	2.2e-10
26.390000	0.000000	2.2e-10
26.400000	0.000000	2.2e-10
26.410000	0.000000	2.2e-10
26.420000	0.000000	2.1e-10
26.430000	0.000000	2.1e-10
26.440000	0.000000	2.1e-10
26.450000	0.000000	2.1e-10
26.460000	0.000000	2.0e-10
26.470000	0.000000	2.0e-10
26.480000	0.000000	2.0e-10
26.490000	0.000000	2.0e-10
26.500000	0.000000	1.9e-10
26.510000	0.000000	1.9e-10
26.520000	0.000000	1.9e-10
26.530000	0.000000	1.9e-10
26.540000	0.000000	1.8e-10
26.550000	0.000000	1.8e-10
26.560000	0.000000	1.8e-10
26.570000	0.000000	1.8e-10
26.580000	0.000000	1.8e-10
26.590000	0.000000	1.7e-10
26.600000	0.000000	1.7e-10
26.610000	0.000000	1.7e-10
26.620000	0.000000	1.7e-10
26.630000	0.000000	1.7e-10
26.640000	0.000000	1.6e-10
26.650000	0.000000	1.6e-10
26.660000	0.000000	1.6e-10
26.670000	0.000000	1.6e-10
26.680000	0.000000	1.6e-10
26.690000	0.000000	1.5e-10
26.700000	0.000000	1.5e-10
26.710000	0.000000	1.5e-10
26.720000	0.000000	1.5e-10
26.730000	0.000000	1.5e-10
26.740000	0.000000	1.4e-10
26.750000	0.000000	1.4e-10
26.760000	0.000000	1.4e-10
26.770000	0.000000	1.4e-10
26.780000	0.000000	1.4e-10
26.790000	0.000000	1.4e-10
26.800000	0.000000	1.3e-10
26.810000	0.000000	1.3e-10
26.820000	0.000000	1.3e-10
26.830000	0.000000	1.3e-10
26.840000	0.000000	1.3e-10
26.850000	0.000000	1.3e-10
26.860000	0.000000	1.3e-10
26.870000	0.000000	1.2e-10
26.880000	0.000000	1.2e-10
26.890000	0.000000	1.2e-10
26.900000	0.000000	1.2e-10
26.910000	0.000000	1.2e-10
26.920000	0.000000	1.2e-10
26.930000	0.000000	1.2e-10
26.940000	0.000000	1.1e-10
26.950000	0.000000	1.1e-10
26.960000	0.000000	1.1e-10
26.970000	0.000000	1.1e-10
26.980000	0.000000	1.1e-10
26.990000	0.000000	1.1e-10
27.000000	0.000000	1.1e-10
27.010000	0.000000	1.0e-10
27.020000	0.000000	1.0e-10
27.030000	0.000000	1.0e-10
27.040000	0.000000	1.0e-10
27.050000	0.000000	1.0e-10
27.060000	0.000000	9.9e-11
27.070000	0.000000	9.8e-11
27.080000	0.000000	9.6e-11
27.090000	0.000000	9.5e-11
27.100000	0.000000	9.4e-11
27.110000	0.000000	9.3e-11
27.120000	0.000000	9.2e-11
27.130000	0.000000	9.1e-11
27.140000	0.000000	9.0e-11
27.150000	0.000000	8.8e-11
27.160000	0.000000	8.7e-11
27.170000	0.000000	8.6e-11
27.180000	0.000000	8.5e-11
27.190000	0.000000	8.4e-11
27.200000	0.000000	8.3e-11
27.210000	0.000000	8.2e-11
27.220000	0.000000	8.1e-11
27.230000	0.000000	7.9e-11
27.240000	0.000000	7.8e-11
27.250000	0.000000	7.5e-11
27.260000	0.000000	7.4e-11
27.270000	0.000000	7.3e-11
27.280000	0.000000	7.2e-11
27.290000	0.000000	7.1e-11
27.300000	0.000000	7.0e-11
27.310000	0.000000	7.0e-11
27.320000	0.000000	6.9e-11
27.330000	0.000000	6.8e-11
27.340000	0.000000	6.7e-11
27.350000	0.000000	6.7e-11
27.360000	0.000000	6.6e-11
27.370000	0.000000	6.5e-11
27.380000	0.000000	6.4e-11
27.390000	0.000000	6.4e-11
27.400000	0.000000	6.3e-11
27.410000	0.000000	6.2e-11
27.420000	0.000000	6.1e-11
27.430000	0.000000	6.1e-11
27.440000	0.000000	6.0e-11
27.450000	0.000000	5.9e-11
27.460000	0.000000	5.9e-11
27.470000	0.000000	5.8e-11
27.480000	0.000000	5.7e-11
27.490000	0.000000	5.6e-11
27.500000	0.000000	5.6e-11
27.510000	0.000000	5.5e-11
27.520000	0.000000	5.4e-11
27.530000	0.000000	5.3e-11
27.540000	0.000000	5.3e-11
27.550000	0.000000	5.2e-11
27.560000	0.000000	5.1e-11
27.570000	0.000000	5.1e-11
27.580000	0.000000	5.0e-11
27.590000	0.000000	4.9e-11
27.600000	0.000000	4.9e-11
27.610000	0.000000	4.8e-11
27.620000	0.000000	4.8e-11
27.630000	0.000000	4.7e-11
27.640000	0.000000	4.7e-11
27.650000	0.000000	4.6e-11
27.660000	0.000000	4.6e-11
27.670000	0.000000	4.5e-11
27.680000	0.000000	4.5e-11
27.690000	0.000000	4.4e-11
27.700000	0.000000	4.4e-11
27.710000	0.000000	4.3e-11
27.720000	0.000000	4.3e-11
27.730000	0.000000	4.2e-11
27.740000	0.000000	4.2e-11
27.750000	0.000000	4.1e-11
27.760000	0.000000	4.1e-11
27.770000	0.000000	4.0e-11
27.780000	0.000000	4.0e-11
27.790000	0.000000	3.9e-11
27.800000	0.000000	3.9e-11
27.810000	0.000000	3.8e-11
27.820000	0.000000	3.8e-11
27.830000	0.000000	3.7e-11
27.840000	0.000000	3.7e-11
27.850000	0.000000	3.6e-11
27.860000	0.000000	3.6e-11
27.870000	0.000000	3.5e-11
27.880000	0.000000	3.5e-11
27.890000	0.000000	3.4e-11
27.900000	0.000000	3.4e-11
27.910000	0.000000	3.3e-11
27.920000	0.000000	3.3e-11
27.930000	0.000000	3.3e-11
27.940000	0.000000	3.2e-11
27.950000	0.000000	3.2e-11
27.960000	0.000000	3.2e-11
27.970000	0.000000	3.1e-11
27.980000	0.000000	3.1e-11
27.990000	0.000000	3.1e-11
28.000000	0.000000	3.0e-11
28.010000	0.000000	3.0e-11
28.020000	0.000000	3.0e-11
28.030000	0.000000	2.9e-11
28.040000	0.000000	2.9e-11
28.050000	0.000000	2.9e-11
28.060000	0.000000	2.8e-11
28.070000	0.000000	2.8e-11
28.080000	0.000000	2.8e-11
28.090000	0.000000	2.7e-11
28.100000	0.000000	2.7e-11
28.110000	0.000000	2.7e-11
28.120000	0.000000	2.6e-11
28.130000	0.000000	2.6e-11
28.140000	0.000000	2.6e-11
28.150000	0.000000	2.5e-11
28.160000	0.000000	2.5e-11
28.170000	0.000000	2.5e-11
28.180000	0.000000	2.4e-11
28.190000	0.000000	2.4e-11
28.200000	0.000000	2.4e-11
28.210000	0.000000	2.3e-11
28.220000	0.000000	2.3e-11
28.230000	0.000000	2.3e-11
28.240000	0.000000	2.2e-11
28.250000	0.000000	2.2e-11
28.260000	0.000000	2.2e-11
28.270000	0.000000	2.2e-11
28.280000	0.000000	2.1e-11
28.290000	0.000000	2.1e-11
28.300000	0.000000	2.1e-11
28.310000	0.000000	2.1e-11
28.320000	0.000000	2.1e-11
28.330000	0.000000	2.0e-11
28.340000	0.000000	2.0e-11
28.350000	0.000000	2.0e-11
28.360000	0.000000	2.0e-11
28.370000	0.000000	1.9e-11
28.380000	0.000000	1.9e-11
28.390000	0.000000	1.9e-11
28.400000	0.000000	1.9e-11
28.410000	0.000000	1.9e-11
28.420000	0.000000	1.8e-11
28.430000	0.000000	1.8e-11
28.440000	0.000000	1.8e-11
28.450000	0.000000	1.8e-11
28.460000	0.000000	1.7e-11
28.470000	0.000000	1.7e-11
28.480000	0.000000	1.7e-11
28.490000	0.000000	1.7e-11
28.500000	0.000000	1.7e-11
28.510000	0.000000	1.6e-11
28.520000	0.000000	1.6e-11
28.530000	0.000000	1.6e-11
28.540000	0.000000	1.6e-11
28.550000	0.000000	1.6e-11
28.560000	0.000000	1.5e-11
28.570000	0.000000	1.5e-11
28.580000	0.000000	1.5e-11
28.590000	0.000000	1.5e-11
28.600000	0.000000	1.5e-11
28.610000	0.000000	1.4e-11
28.620000	0.000000	1.4e-11
28.630000	0.000000	1.4e-11
28.640000	0.000000	1.4e-11
28.650000	0.000000	1.4e-11
28.660000	0.000000	1.4e-11
28.670000	0.000000	1.3e-11
28.680000	0.000000	1.3e-11
28.690000	0.000000	1.3e-11
28.700000	0.000000	1.3e-11
28.710000	0.000000	1.3e-11
28.720000	0.000000	1.3e-11
28.730000	0.000000	1.3e-11
28.740000	0.000000	1.2e-11
28.750000	0.000000	1.2e-11
28.760000	0.000000	1.2e-11
28.770000	0.000000	1.2e-11
28.780000	0.000000	1.2e-11
28.790000	0.000000	1.2e-11
28.800000	0.000000	1.2e-11
28.810000	0.000000	1.1e-11
28.820000	0.000000	1.1e-11
28.830000	0.000000	1.1e-11
28.840000	0.000000	1.1e-11
28.850000	0.000000	1.1e-11
28.860000	0.000000	1.1e-11
28.870000	0.000000	1.1e-11
28.880000	0.000000	1.0e-11
28.890000	0.000000	1.0e-11
28.900000	0.000000	1.0e-11
28.910000	0.000000	1.0e-11
28.920000	0.000000	9.9e-12
28.930000	0.000000	9.8e-12
28.940000	0.000000	9.7e-12
28.950000	0.000000	9.6e-12
28.960000	0.000000	9.5e-12
28.970000	0.000000	9.4e-12
28.980000	0.000000	9.3e-12
28.990000	0.000000	9.2e-12
29.000000	0.000000	9.1e-12
29.010000	0.000000	9.0e-12
29.020000	0.000000	8.9e-12
29.030000	0.000000	8.8e-12
29.040000	0.000000	8.7e-12
29.050000	0.000000	8.6e-12
29.060000	0.000000	8.5e-12
29.070000	0.000000	8.4e-12
29.080000	0.000000	8.3e-12
29.090000	0.000000	8.2e-12
29.100000	0.000000	8.1e-12
29.110000	0.000000	8.0e-12
29.120000	0.000000	7.9e-12
29.130000	0.000000	7.8e-12
29.140000	0.000000	7.7e-12
29.150000	0.000000	7.6e-12
29.160000	0.000000	7.5e-12
29.170000	0.000000	7.4e-12
29.180000	0.000000	7.3e-12
29.190000	0.000000	7.2e-12
29.200000	0.000000	7.1e-12
29.210000	0.000000	7.0e-12
29.220000	0.000000	6.9e-12
29.230000	0.000000	6.8e-12
29.240000	0.000000	6.7e-12
29.250000	0.000000	6.6e-12
29.260000	0.000000	6.6e-12
29.270000	0.000000	6.5e-12
29.280000	0.000000	6.4e-12
29.290000	0.000000	6.4e-12
29.300000	0.000000	6.3e-12
29.310000	0.000000	6.2e-12
29.320000	0.000000	6.1e-12
29.330000	0.000000	6.1e-12
29.340000	0.000000	6.0e-12
29.350000	0.000000	5.9e-12
29.360000	0.000000	5.9e-12
29.370000	0.000000	5.8e-12
29.380000	0.000000	5.7e-12
29.390000	0.000000	5.7e-12
29.400000	0.000000	5.6e-12
29.410000	0.000000	5.5e-12
29.420000	0.000000	5.5e-12
29.430000	0.000000	5.4e-12
29.440000	0.000000	5.4e-12
29.450000	0.000000	5.3e-12
29.460000	0.000000	5.2e-12
29.470000	0.000000	5.2e-12
29.480000	0.000000	5.1e-12
29.490000	0.000000	5.0e-12
29.500000	0.000000	5.0e-12
29.510000	0.000000	4.9e-12
29.520000	0.000000	4.8e-12
29.530000	0.000000	4.8e-12
29.540000	0.000000	4.7e-12
29.550000	0.000000	4.6e-12
29.560000	0.000000	4.6e-12
29.570000	0.000000	4.5e-12
29.580000	0.000000	4.5e-12
29.590000	0.000000	4.4e-12
29.600000	0.000000	4.4e-12
29.610000	0.000000	4.3e-12
29.620000	0.000000	4.3e-12
29.630000	0.000000	4.2e-12
29.640000	0.000000	4.2e-12
29.650000	0.000000	4.1e-12
29.660000	0.000000	4.1e-12
29.670000	0.000000	4.0e-12
29.680000	0.000000	4.0e-12
29.690000	0.000000	3.9e-12
29.700000	0.000000	3.9e-12
29.710000	0.000000	3.9e-12
29.720000	0.000000	3.8e-12
29.730000	0.000000	3.8e-12
29.740000	0.000000	3.7e-12
29.750000	0.000000	3.7e-12
29.760000	0.000000	3.6e-12
29.770000	0.000000	3.6e-12
29.780000	0.000000	3.6e-12
29.790000	0.000000	3.5e-12
29.800000	0.000000	3.5e-12
29.810000	0.000000	3.4e-12
29.820000	0.000000	3.4e-12
29.830000	0.000000	3.3e-12
29.840000	0.000000	3.3e-12
29.850000	0.000000	3.2e-12
29.860000	0.000000	3.2e-12
29.870000	0.000000	3.2e-12
29.880000	0.000000	3.1e-12
29.890000	0.000000	3.1e-12
29.900000	0.000000	3.0e-12
29.910000	0.000000	3.0e-12
29.920000	0.000000	3.0e-12
29.930000	0.000000	2.9e-12
29.940000	0.000000	2.9e-12
29.950000	0.000000	2.9e-12
29.960000	0.000000	2.8e-12
29.970000	0.000000	2.8e-12
29.980000	0.000000	2.8e-12
29.990000	0.000000	2.7e-12
30.000000	0.000000	2.7e-12
30.010000	0.000000	2.7e-12
30.020000	0.000000	2.7e-12
30.030000	0.000000	2.6e-12
30.040000	0.000000	2.6e-12
30.050000	0.000000	2.6e-12
30.060000	0.000000	2.5e-12
30.070000	0.000000	2.5e-12
30.080000	0.000000	2.5e-12
30.090000	0.000000	2.4e-12
