0.100000	0.000000	66045.828235
0.110000	0.000000	32196.198157
0.120000	0.000000	32905.714701
0.130000	0.000000	29492.151254
0.140000	0.000000	25166.119875
0.150000	0.000000	20439.803632
0.160000	0.000000	18529.465512
0.170000	0.000000	16406.795666
0.180000	0.000000	15749.083489
0.190000	0.000000	15396.922088
0.200000	0.000000	13136.491027
0.210000	0.000000	12837.589154
0.220000	0.000000	13596.418259
0.230000	0.000000	11240.364116
0.240000	0.000000	11586.014210
0.250000	0.000000	10845.475525
0.260000	0.000000	9338.774667
0.270000	0.000000	9151.547096
0.280000	0.000000	9002.581821
0.290000	0.000000	8456.642735
0.300000	0.000000	8154.401489
0.310000	0.000000	7837.483668
0.320000	0.000000	8041.269367
0.330000	0.000000	8283.748465
0.340000	0.000000	7760.006885
0.350000	0.000000	7083.751838
0.360000	0.000000	17620.568039
0.370000	0.000000	45102.339853
0.380000	0.000000	49940.111701
0.390000	0.000000	18382.377269
0.400000	0.000000	51627.420813
0.410000	0.000000	6772.576938
0.420000	0.000000	18728.139826
0.430000	0.000000	13517.199409
0.440000	0.000000	17304.491419
0.450000	0.000000	6203.984775
0.460000	0.000000	4780.238436
0.470000	0.000000	4725.016222
0.480000	0.000000	14407.419781
0.490000	0.000000	9615.839199
0.500000	0.000000	11033.262194
0.510000	0.000000	9304.145372
0.520000	0.000000	4193.924836
0.530000	0.000000	7659.976734
0.540000	0.000000	9746.244483
0.550000	0.000000	3914.998849
0.560000	0.000000	5165.459835
0.570000	0.000000	8903.216536
0.580000	0.000000	7158.567624
0.590000	0.000000	6664.666754
0.600000	0.000000	8352.360355
0.610000	0.000000	3631.688866
0.620000	0.000000	4181.275149
0.630000	0.000000	5346.175246
0.640000	0.000000	4922.565631
0.650000	0.000000	11456.373012
0.660000	0.000000	7970.230190
0.670000	0.000000	3910.418840
0.680000	0.000000	3614.303195
0.690000	0.000000	3495.549592
0.700000	0.000000	3645.942810
0.710000	0.000000	3931.698765
0.720000	0.000000	3619.630924
0.730000	0.000000	4623.114958
0.740000	0.000000	3056.306143
0.750000	0.000000	2769.021762
0.760000	0.000000	2745.426243
0.770000	0.000000	4502.269663
0.780000	0.000000	2752.782248
0.790000	0.000000	2817.708403
0.800000	0.000000	2846.730916
0.810000	0.000000	3156.837353
0.820000	0.000000	2892.022831
0.830000	0.000000	2799.307545
0.840000	0.000000	2746.938150
0.850000	0.000000	2644.335778
0.860000	0.000000	2585.760056
0.870000	0.000000	2657.175813
0.880000	0.000000	2735.583905
0.890000	0.000000	2534.119066
0.900000	0.000000	2636.159601
0.910000	0.000000	2900.420301
0.920000	0.000000	2647.228130
0.930000	0.000000	2968.803937
0.940000	0.000000	2692.946376
0.950000	0.000000	2882.320432
0.960000	0.000000	2971.984366
0.970000	0.000000	3209.450136
0.980000	0.000000	2775.166422
0.990000	0.000000	3222.511327
1.000000	0.000000	3767.229958
1.010000	0.000000	5849.026275
1.020000	0.000000	5438.996695
1.030000	0.000000	3341.453104
1.040000	0.000000	5469.544105
1.050000	0.000000	7343.531341
1.060000	0.000000	2683.770284
1.070000	0.000000	3087.776553
1.080000	0.000000	5169.089511
1.090000	0.000000	2865.825706
1.100000	0.000000	7229.559691
1.110000	0.000000	2208.267974
1.120000	0.000000	7240.735264
1.130000	0.000000	2932.500594
1.140000	0.000000	2086.517507
1.150000	0.000000	3247.353763
1.160000	0.000000	4417.618226
1.170000	0.000000	3038.778091
1.180000	0.000000	1918.374839
1.190000	0.000000	1936.214914
1.200000	0.000000	2093.577584
1.210000	0.000000	2136.874177
1.220000	0.000000	1822.068192
1.230000	0.000000	1928.435524
1.240000	0.000000	1940.182552
1.250000	0.000000	1751.466301
1.260000	0.000000	1777.120892
1.270000	0.000000	1905.981986
1.280000	0.000000	1718.324326
1.290000	0.000000	1812.341899
1.300000	0.000000	1779.606191
1.310000	0.000000	1898.747205
1.320000	0.000000	1861.301207
1.330000	0.000000	1773.370547
1.340000	0.000000	1717.471423
1.350000	0.000000	1684.078640
1.360000	0.000000	1741.250471
1.370000	0.000000	1836.529229
1.380000	0.000000	1833.113212
1.390000	0.000000	1864.418615
1.400000	0.000000	1962.233066
1.410000	0.000000	1611.547152
1.420000	0.000000	1718.826276
1.430000	0.000000	1643.909932
1.440000	0.000000	1585.078436
1.450000	0.000000	1586.016938
1.460000	0.000000	1514.304203
1.470000	0.000000	1631.484177
1.480000	0.000000	1925.602512
1.490000	0.000000	1999.205063
1.500000	0.000000	1784.273342
1.510000	0.000000	1552.311150
1.520000	0.000000	1482.336755
1.530000	0.000000	1454.662134
1.540000	0.000000	1639.170640
1.550000	0.000000	1826.586953
1.560000	0.000000	1473.711953
1.570000	0.000000	1522.526668
1.580000	0.000000	1376.380974
1.590000	0.000000	1365.719908
1.600000	0.000000	1403.170152
1.610000	0.000000	1399.717688
1.620000	0.000000	1321.271309
1.630000	0.000000	1310.502645
1.640000	0.000000	1294.021982
1.650000	0.000000	1518.461821
1.660000	0.000000	1471.662457
1.670000	0.000000	1372.180448
1.680000	0.000000	1307.711777
1.690000	0.000000	1265.333992
1.700000	0.000000	1257.844652
1.710000	0.000000	1251.787078
1.720000	0.000000	1282.584871
1.730000	0.000000	1354.162566
1.740000	0.000000	1231.736399
1.750000	0.000000	1313.388689
1.760000	0.000000	1232.450030
1.770000	0.000000	1211.837862
1.780000	0.000000	1160.360622
1.790000	0.000000	1152.648289
1.800000	0.000000	1173.507725
1.810000	0.000000	1204.144867
1.820000	0.000000	1185.421283
1.830000	0.000000	1148.247429
1.840000	0.000000	1121.524080
1.850000	0.000000	1103.667952
1.860000	0.000000	1091.812917
1.870000	0.000000	1102.363890
1.880000	0.000000	1104.507819
1.890000	0.000000	1070.027821
1.900000	0.000000	1062.028946
1.910000	0.000000	1052.600181
1.920000	0.000000	1044.637073
1.930000	0.000000	1036.684637
1.940000	0.000000	1038.466790
1.950000	0.000000	1022.991409
1.960000	0.000000	1011.772353
1.970000	0.000000	1005.040489
1.980000	0.000000	998.271975
1.990000	0.000000	990.831602
2.000000	0.000000	983.980475
2.010000	0.000000	975.795719
2.020000	0.000000	969.524190
2.030000	0.000000	962.093436
2.040000	0.000000	953.893369
2.050000	0.000000	947.495228
2.060000	0.000000	938.506287
2.070000	0.000000	929.337211
2.080000	0.000000	921.406214
2.090000	0.000000	910.055809
2.100000	0.000000	898.510891
2.110000	0.000000	887.676879
2.120000	0.000000	878.473637
2.130000	0.000000	866.970489
2.140000	0.000000	852.569966
2.150000	0.000000	847.119043
2.160000	0.000000	830.797783
2.170000	0.000000	816.554760
2.180000	0.000000	804.993213
2.190000	0.000000	793.597724
2.200000	0.000000	782.326943
2.210000	0.000000	770.686095
2.220000	0.000000	758.776823
2.230000	0.000000	747.261710
2.240000	0.000000	735.709454
2.250000	0.000000	724.159337
2.260000	0.000000	712.622692
2.270000	0.000000	701.408995
2.280000	0.000000	689.206526
2.290000	0.000000	676.118870
2.300000	0.000000	673.228671
2.310000	0.000000	644.787107
2.320000	0.000000	625.016148
2.330000	0.000000	608.089647
2.340000	0.000000	591.515417
2.350000	0.000000	574.280705
2.360000	0.000000	556.931168
2.370000	0.000000	597.829448
2.380000	0.000000	602.554783
2.390000	0.000000	504.075425
2.400000	0.000000	553.117270
2.410000	0.000000	691.056531
2.420000	0.000000	10206.532190
2.430000	0.000000	72528.587545
2.440000	0.000000	35396.597815
2.450000	0.000000	16318.901179
2.460000	0.000000	151958.376000
2.470000	0.000000	20132.292943
2.480000	0.000000	359.148264
2.490000	0.000000	348.508883
2.500000	0.000000	337.872522
2.510000	0.000000	328.114810
2.520000	0.000000	317.220334
2.530000	0.000000	305.964150
2.540000	0.000000	295.328010
2.550000	0.000000	373.597351
2.560000	0.000000	443.308610
2.570000	0.000000	272.225385
2.580000	0.000000	1489.367483
2.590000	0.000000	6607.864460
2.600000	0.000000	6231.515764
2.610000	0.000000	61817.465017
2.620000	0.000000	119908.963294
2.630000	0.000000	9013.298335
2.640000	0.000000	189.749764
2.650000	0.000000	187.660427
2.660000	0.000000	185.819262
2.670000	0.000000	184.074557
2.680000	0.000000	182.319724
2.690000	0.000000	180.584454
2.700000	0.000000	178.984109
2.710000	0.000000	177.292682
2.720000	0.000000	176.215971
2.730000	0.000000	175.425224
2.740000	0.000000	174.100183
2.750000	0.000000	176.619045
2.760000	0.000000	170.600979
2.770000	0.000000	172.378531
2.780000	0.000000	183.524133
2.790000	0.000000	195.219311
2.800000	0.000000	268.611253
2.810000	0.000000	182.247794
2.820000	0.000000	1471.551740
2.830000	0.000000	751.521222
2.840000	0.000000	236.803579
2.850000	0.000000	166.306870
2.860000	0.000000	153.981790
2.870000	0.000000	11495.904879
2.880000	0.000000	14471.047487
2.890000	0.000000	149.509066
2.900000	0.000000	148.039054
2.910000	0.000000	146.556465
2.920000	0.000000	145.141726
2.930000	0.000000	144.172982
2.940000	0.000000	161.482661
2.950000	0.000000	851.328989
2.960000	0.000000	364.616574
2.970000	0.000000	160.670632
2.980000	0.000000	160.564169
2.990000	0.000000	141.859882
3.000000	0.000000	133.585333
3.010000	0.000000	373.339667
3.020000	0.000000	5220.864778
3.030000	0.000000	4272.573369
3.040000	0.000000	505.235058
3.050000	0.000000	599.673606
3.060000	0.000000	273.145061
3.070000	0.000000	124.917699
3.080000	0.000000	124.249358
3.090000	0.000000	3683.146087
3.100000	0.000000	23602.296353
3.110000	0.000000	129.824756
3.120000	0.000000	171.791194
3.130000	0.000000	2538.438314
3.140000	0.000000	405.968872
3.150000	0.000000	1287.587358
3.160000	0.000000	456.999347
3.170000	0.000000	759.942845
3.180000	0.000000	1081.670455
3.190000	0.000000	588.302150
3.200000	0.000000	157.887812
3.210000	0.000000	156.663875
3.220000	0.000000	209.200363
3.230000	0.000000	216.577464
3.240000	0.000000	215.665709
3.250000	0.000000	222.636837
3.260000	0.000000	1115.469808
3.270000	0.000000	6649.268157
3.280000	0.000000	238.442261
3.290000	0.000000	209.470925
3.300000	0.000000	207.836218
3.310000	0.000000	226.685441
3.320000	0.000000	244.555381
3.330000	0.000000	213.013587
3.340000	0.000000	200.169613
3.350000	0.000000	2095.611024
3.360000	0.000000	1553.578393
3.370000	0.000000	195.707995
3.380000	0.000000	194.247242
3.390000	0.000000	790.818842
3.400000	0.000000	1327.589827
3.410000	0.000000	434.570596
3.420000	0.000000	1027.803703
3.430000	0.000000	261.873944
3.440000	0.000000	845.729971
3.450000	0.000000	853.538383
3.460000	0.000000	191.805934
3.470000	0.000000	184.676538
3.480000	0.000000	180.650436
3.490000	0.000000	284.094682
3.500000	0.000000	341.383234
3.510000	0.000000	346.312015
3.520000	0.000000	341.577788
3.530000	0.000000	339.202980
3.540000	0.000000	336.965518
3.550000	0.000000	334.812046
3.560000	0.000000	332.623285
3.570000	0.000000	330.320314
3.580000	0.000000	328.222949
3.590000	0.000000	325.967323
3.600000	0.000000	324.073208
3.610000	0.000000	324.392388
3.620000	0.000000	319.849894
3.630000	0.000000	316.802948
3.640000	0.000000	314.590856
3.650000	0.000000	312.323338
3.660000	0.000000	310.193706
3.670000	0.000000	308.649159
3.680000	0.000000	320.933145
3.690000	0.000000	313.582817
3.700000	0.000000	301.984628
3.710000	0.000000	299.045703
3.720000	0.000000	296.769412
3.730000	0.000000	294.558099
3.740000	0.000000	292.362472
3.750000	0.000000	290.171319
3.760000	0.000000	287.975665
3.770000	0.000000	285.913029
3.780000	0.000000	285.050271
3.790000	0.000000	281.981251
3.800000	0.000000	279.279886
3.810000	0.000000	276.964829
3.820000	0.000000	274.704819
3.830000	0.000000	272.673253
3.840000	0.000000	271.073014
3.850000	0.000000	291.606516
3.860000	0.000000	293.188158
3.870000	0.000000	283.206038
3.880000	0.000000	279.459652
3.890000	0.000000	303.615500
3.900000	0.000000	315.029997
3.910000	0.000000	255.323023
3.920000	0.000000	254.624809
3.930000	0.000000	257.309887
3.940000	0.000000	248.894971
3.950000	0.000000	246.798938
3.960000	0.000000	248.031312
3.970000	0.000000	242.547060
3.980000	0.000000	240.233026
3.990000	0.000000	238.109611
4.000000	0.000000	237.510903
4.010000	0.000000	234.484728
4.020000	0.000000	231.996089
4.030000	0.000000	230.992704
4.040000	0.000000	229.380092
4.050000	0.000000	227.647508
4.060000	0.000000	226.946977
4.070000	0.000000	225.774265
4.080000	0.000000	223.469686
4.090000	0.000000	223.137871
4.100000	0.000000	227.508819
4.110000	0.000000	218.928841
4.120000	0.000000	217.320489
4.130000	0.000000	215.069942
4.140000	0.000000	215.692750
4.150000	0.000000	212.374701
4.160000	0.000000	210.567805
4.170000	0.000000	209.079358
4.180000	0.000000	207.578092
4.190000	0.000000	206.078613
4.200000	0.000000	204.583668
4.210000	0.000000	203.088830
4.220000	0.000000	201.595473
4.230000	0.000000	200.126667
4.240000	0.000000	198.963381
4.250000	0.000000	197.904613
4.260000	0.000000	195.649258
4.270000	0.000000	194.198401
4.280000	0.000000	192.723967
4.290000	0.000000	191.244554
4.300000	0.000000	190.234353
4.310000	0.000000	188.324044
4.320000	0.000000	186.795863
4.330000	0.000000	185.792426
4.340000	0.000000	184.035075
4.350000	0.000000	182.559944
4.360000	0.000000	181.122578
4.370000	0.000000	179.618295
4.380000	0.000000	178.150401
4.390000	0.000000	176.650789
4.400000	0.000000	175.130602
4.410000	0.000000	173.678128
4.420000	0.000000	172.263303
4.430000	0.000000	170.905756
4.440000	0.000000	169.376606
4.450000	0.000000	167.930957
4.460000	0.000000	166.472859
4.470000	0.000000	164.967374
4.480000	0.000000	163.722353
4.490000	0.000000	162.100641
4.500000	0.000000	162.326488
4.510000	0.000000	160.126819
4.520000	0.000000	157.883707
4.530000	0.000000	156.392673
4.540000	0.000000	155.196761
4.550000	0.000000	154.086641
4.560000	0.000000	153.012872
4.570000	0.000000	155.315434
4.580000	0.000000	158.179073
4.590000	0.000000	149.894058
4.600000	0.000000	148.896651
4.610000	0.000000	147.904769
4.620000	0.000000	146.950094
4.630000	0.000000	145.871653
4.640000	0.000000	144.846908
4.650000	0.000000	143.850818
4.660000	0.000000	142.854107
4.670000	0.000000	141.858948
4.680000	0.000000	140.905977
4.690000	0.000000	140.290657
4.700000	0.000000	139.506329
4.710000	0.000000	138.453779
4.720000	0.000000	137.885443
4.730000	0.000000	137.108054
4.740000	0.000000	135.856497
4.750000	0.000000	135.203715
4.760000	0.000000	133.138645
4.770000	0.000000	132.091519
4.780000	0.000000	131.144094
4.790000	0.000000	130.175327
4.800000	0.000000	129.125737
4.810000	0.000000	128.293475
4.820000	0.000000	130.117557
4.830000	0.000000	126.883642
4.840000	0.000000	125.229730
4.850000	0.000000	124.496819
4.860000	0.000000	123.775164
4.870000	0.000000	122.547996
4.880000	0.000000	121.321053
4.890000	0.000000	120.355108
4.900000	0.000000	119.390253
4.910000	0.000000	118.425915
4.920000	0.000000	117.782258
4.930000	0.000000	117.559701
4.940000	0.000000	115.540619
4.950000	0.000000	114.572470
4.960000	0.000000	113.620662
4.970000	0.000000	112.623265
4.980000	0.000000	112.241675
4.990000	0.000000	110.736673
5.000000	0.000000	109.683050
5.010000	0.000000	108.719703
5.020000	0.000000	108.040248
5.030000	0.000000	106.962570
5.040000	0.000000	105.987848
5.050000	0.000000	105.149382
5.060000	0.000000	104.275493
5.070000	0.000000	103.551214
5.080000	0.000000	102.858063
5.090000	0.000000	102.074057
5.100000	0.000000	101.369896
5.110000	0.000000	100.689152
5.120000	0.000000	100.176742
5.130000	0.000000	99.411459
5.140000	0.000000	98.651095
5.150000	0.000000	98.056847
5.160000	0.000000	97.380507
5.170000	0.000000	96.725901
5.180000	0.000000	96.074153
5.190000	0.000000	95.421889
5.200000	0.000000	94.809616
5.210000	0.000000	94.133250
5.220000	0.000000	93.438905
5.230000	0.000000	92.789661
5.240000	0.000000	92.180864
5.250000	0.000000	91.575170
5.260000	0.000000	90.842171
5.270000	0.000000	90.194761
5.280000	0.000000	89.547749
5.290000	0.000000	88.900781
5.300000	0.000000	88.230797
5.310000	0.000000	87.622822
5.320000	0.000000	86.922461
5.330000	0.000000	86.270889
5.340000	0.000000	85.625097
5.350000	0.000000	85.007923
5.360000	0.000000	84.349089
5.370000	0.000000	83.702880
5.380000	0.000000	83.060907
5.390000	0.000000	82.416783
5.400000	0.000000	81.778235
5.410000	0.000000	81.129542
5.420000	0.000000	80.479872
5.430000	0.000000	79.838198
5.440000	0.000000	79.197712
5.450000	0.000000	78.556940
5.460000	0.000000	77.912052
5.470000	0.000000	77.248674
5.480000	0.000000	76.595573
5.490000	0.000000	76.012948
5.500000	0.000000	75.335232
5.510000	0.000000	74.688260
5.520000	0.000000	74.043207
5.530000	0.000000	73.426770
5.540000	0.000000	72.796332
5.550000	0.000000	72.137330
5.560000	0.000000	71.493943
5.570000	0.000000	70.963345
5.580000	0.000000	70.484537
5.590000	0.000000	69.921692
5.600000	0.000000	69.534651
5.610000	0.000000	69.400449
5.620000	0.000000	70.099647
5.630000	0.000000	69.852454
5.640000	0.000000	68.597312
5.650000	0.000000	68.274699
5.660000	0.000000	67.655176
5.670000	0.000000	69.685782
5.680000	0.000000	66.817289
5.690000	0.000000	65.378898
5.700000	0.000000	64.947370
5.710000	0.000000	64.518671
5.720000	0.000000	64.090154
5.730000	0.000000	63.661809
5.740000	0.000000	63.233279
5.750000	0.000000	62.811466
5.760000	0.000000	62.395957
5.770000	0.000000	61.958146
5.780000	0.000000	61.524987
5.790000	0.000000	61.094658
5.800000	0.000000	60.663288
5.810000	0.000000	60.206099
5.820000	0.000000	59.778414
5.830000	0.000000	59.350826
5.840000	0.000000	58.925200
5.850000	0.000000	58.499456
5.860000	0.000000	58.103807
5.870000	0.000000	57.679214
5.880000	0.000000	57.247128
5.890000	0.000000	56.816894
5.900000	0.000000	56.386594
5.910000	0.000000	55.962986
5.920000	0.000000	55.544391
5.930000	0.000000	55.132181
5.940000	0.000000	54.680195
5.950000	0.000000	54.256190
5.960000	0.000000	53.832955
5.970000	0.000000	53.402993
5.980000	0.000000	52.960636
5.990000	0.000000	52.539035
6.000000	0.000000	52.136133
6.010000	0.000000	51.700851
6.020000	0.000000	51.291271
6.030000	0.000000	50.872918
6.040000	0.000000	50.439612
6.050000	0.000000	50.013126
6.060000	0.000000	49.597378
6.070000	0.000000	49.182590
6.080000	0.000000	48.767335
6.090000	0.000000	48.414531
6.100000	0.000000	48.174812
6.110000	0.000000	47.973862
6.120000	0.000000	48.328773
6.130000	0.000000	47.657111
6.140000	0.000000	47.208391
6.150000	0.000000	46.910268
6.160000	0.000000	46.570987
6.170000	0.000000	47.030497
6.180000	0.000000	45.923459
6.190000	0.000000	45.339783
6.200000	0.000000	45.045331
6.210000	0.000000	44.758821
6.220000	0.000000	44.475167
6.230000	0.000000	44.192204
6.240000	0.000000	43.909388
6.250000	0.000000	43.626752
6.260000	0.000000	43.343995
6.270000	0.000000	43.060741
6.280000	0.000000	42.778106
6.290000	0.000000	42.495914
6.300000	0.000000	42.212139
6.310000	0.000000	41.914388
6.320000	0.000000	41.631951
6.330000	0.000000	41.351010
6.340000	0.000000	41.065265
6.350000	0.000000	40.782363
6.360000	0.000000	40.500093
6.370000	0.000000	40.218094
6.380000	0.000000	39.943796
6.390000	0.000000	39.668871
6.400000	0.000000	39.422362
6.410000	0.000000	39.151828
6.420000	0.000000	38.818470
6.430000	0.000000	38.538393
6.440000	0.000000	38.266736
6.450000	0.000000	38.032843
6.460000	0.000000	37.969084
6.470000	0.000000	38.106684
6.480000	0.000000	37.227809
6.490000	0.000000	37.346730
6.500000	0.000000	36.976065
6.510000	0.000000	36.510649
6.520000	0.000000	36.254130
6.530000	0.000000	38.663666
6.540000	0.000000	39.425020
6.550000	0.000000	37.157254
6.560000	0.000000	36.216911
6.570000	0.000000	41.807022
6.580000	0.000000	45.242239
6.590000	0.000000	40.050700
6.600000	0.000000	49.405814
6.610000	0.000000	78.494580
6.620000	0.000000	78.516810
6.630000	0.000000	79.080908
6.640000	0.000000	94.137348
6.650000	0.000000	112.318963
6.660000	0.000000	98.657546
6.670000	0.000000	67.743886
6.680000	0.000000	66.997117
6.690000	0.000000	141.422695
6.700000	0.000000	78.601374
6.710000	0.000000	32.793341
6.720000	0.000000	31.286433
6.730000	0.000000	30.856649
6.740000	0.000000	30.655999
6.750000	0.000000	30.455311
6.760000	0.000000	30.256038
6.770000	0.000000	30.056994
6.780000	0.000000	29.860030
6.790000	0.000000	29.670410
6.800000	0.000000	29.482908
6.810000	0.000000	29.290122
6.820000	0.000000	29.095415
6.830000	0.000000	28.908161
6.840000	0.000000	28.729943
6.850000	0.000000	28.537033
6.860000	0.000000	28.348224
6.870000	0.000000	28.167359
6.880000	0.000000	27.978721
6.890000	0.000000	27.798559
6.900000	0.000000	27.662855
6.910000	0.000000	27.564333
6.920000	0.000000	27.403901
6.930000	0.000000	27.153378
6.940000	0.000000	26.976240
6.950000	0.000000	26.812284
6.960000	0.000000	26.576736
6.970000	0.000000	26.613898
6.980000	0.000000	26.111121
6.990000	0.000000	25.918500
7.000000	0.000000	25.733525
7.010000	0.000000	25.551175
7.020000	0.000000	25.433462
7.030000	0.000000	25.205363
7.040000	0.000000	24.994567
7.050000	0.000000	24.827858
7.060000	0.000000	24.647310
7.070000	0.000000	24.454071
7.080000	0.000000	24.266224
7.090000	0.000000	24.077923
7.100000	0.000000	23.898356
7.110000	0.000000	23.722728
7.120000	0.000000	23.534672
7.130000	0.000000	23.351621
7.140000	0.000000	23.168958
7.150000	0.000000	22.973045
7.160000	0.000000	22.804531
7.170000	0.000000	22.674691
7.180000	0.000000	22.449610
7.190000	0.000000	22.272502
7.200000	0.000000	22.076509
7.210000	0.000000	21.910925
7.220000	0.000000	21.771485
7.230000	0.000000	21.636958
7.240000	0.000000	21.503579
7.250000	0.000000	21.375658
7.260000	0.000000	21.272481
7.270000	0.000000	21.169769
7.280000	0.000000	20.985416
7.290000	0.000000	20.837692
7.300000	0.000000	20.704908
7.310000	0.000000	20.571820
7.320000	0.000000	20.430769
7.330000	0.000000	20.308207
7.340000	0.000000	20.166519
7.350000	0.000000	20.032458
7.360000	0.000000	19.905455
7.370000	0.000000	19.771281
7.380000	0.000000	19.645160
7.390000	0.000000	19.520240
7.400000	0.000000	19.395535
7.410000	0.000000	19.271046
7.420000	0.000000	19.145474
7.430000	0.000000	19.022300
7.440000	0.000000	18.896529
7.450000	0.000000	18.772474
7.460000	0.000000	18.650225
7.470000	0.000000	18.525501
7.480000	0.000000	18.405011
7.490000	0.000000	18.271894
7.500000	0.000000	18.148293
7.510000	0.000000	18.026995
7.520000	0.000000	17.939134
7.530000	0.000000	17.801821
7.540000	0.000000	17.671010
7.550000	0.000000	17.568493
7.560000	0.000000	17.438691
7.570000	0.000000	17.302268
7.580000	0.000000	17.184384
7.590000	0.000000	17.061171
7.600000	0.000000	16.937362
7.610000	0.000000	16.829041
7.620000	0.000000	16.751631
7.630000	0.000000	16.712332
7.640000	0.000000	16.520208
7.650000	0.000000	16.333706
7.660000	0.000000	16.221105
7.670000	0.000000	16.079893
7.680000	0.000000	16.141353
7.690000	0.000000	15.903499
7.700000	0.000000	15.808228
7.710000	0.000000	15.898471
7.720000	0.000000	16.568975
7.730000	0.000000	16.786704
7.740000	0.000000	16.064364
7.750000	0.000000	16.002641
7.760000	0.000000	16.951834
7.770000	0.000000	19.184882
7.780000	0.000000	23.021501
7.790000	0.000000	17.290833
7.800000	0.000000	16.352233
7.810000	0.000000	14.609555
7.820000	0.000000	15.372503
7.830000	0.000000	14.627537
7.840000	0.000000	14.241186
7.850000	0.000000	14.121142
7.860000	0.000000	15.280136
7.870000	0.000000	20.098797
7.880000	0.000000	16.757420
7.890000	0.000000	13.764869
7.900000	0.000000	13.676449
7.910000	0.000000	13.592228
7.920000	0.000000	13.505429
7.930000	0.000000	13.411697
7.940000	0.000000	13.323502
7.950000	0.000000	13.235386
7.960000	0.000000	13.149292
7.970000	0.000000	13.073971
7.980000	0.000000	12.976130
7.990000	0.000000	12.888502
8.000000	0.000000	12.805623
8.010000	0.000000	12.725384
8.020000	0.000000	12.641683
8.030000	0.000000	12.560432
8.040000	0.000000	12.477667
8.050000	0.000000	12.395821
8.060000	0.000000	12.313416
8.070000	0.000000	12.230693
8.080000	0.000000	12.149492
8.090000	0.000000	12.098245
8.100000	0.000000	12.050270
8.110000	0.000000	11.933284
8.120000	0.000000	11.851919
8.130000	0.000000	11.775899
8.140000	0.000000	11.701103
8.150000	0.000000	11.599562
8.160000	0.000000	15.972797
8.170000	0.000000	11.737255
8.180000	0.000000	11.991760
8.190000	0.000000	11.498722
8.200000	0.000000	11.250297
8.210000	0.000000	11.682557
8.220000	0.000000	11.348979
8.230000	0.000000	10.936950
8.240000	0.000000	10.858179
8.250000	0.000000	10.779407
8.260000	0.000000	10.683237
8.270000	0.000000	10.602149
8.280000	0.000000	11.131683
8.290000	0.000000	12.612594
8.300000	0.000000	10.363047
8.310000	0.000000	10.286746
8.320000	0.000000	10.196807
8.330000	0.000000	10.122285
8.340000	0.000000	11.835181
8.350000	0.000000	10.247038
8.360000	0.000000	10.231932
8.370000	0.000000	9.955073
8.380000	0.000000	9.797373
8.390000	0.000000	9.966170
8.400000	0.000000	9.842110
8.410000	0.000000	9.600410
8.420000	0.000000	9.541043
8.430000	0.000000	9.481981
8.440000	0.000000	9.422997
8.450000	0.000000	9.364050
8.460000	0.000000	9.305131
8.470000	0.000000	9.346311
8.480000	0.000000	10.227690
8.490000	0.000000	9.126263
8.500000	0.000000	9.065476
8.510000	0.000000	9.006838
8.520000	0.000000	8.948339
8.530000	0.000000	8.890008
8.540000	0.000000	8.831635
8.550000	0.000000	8.773367
8.560000	0.000000	8.716535
8.570000	0.000000	8.658163
8.580000	0.000000	8.852386
8.590000	0.000000	8.876131
8.600000	0.000000	8.491147
8.610000	0.000000	8.436354
8.620000	0.000000	8.382103
8.630000	0.000000	8.327922
8.640000	0.000000	8.299464
8.650000	0.000000	8.535772
8.660000	0.000000	8.162684
8.670000	0.000000	8.107553
8.680000	0.000000	8.086830
8.690000	0.000000	8.151169
8.700000	0.000000	7.986758
8.710000	0.000000	7.982274
8.720000	0.000000	7.884127
8.730000	0.000000	7.837685
8.740000	0.000000	7.775473
8.750000	0.000000	7.674321
8.760000	0.000000	7.620450
8.770000	0.000000	7.566232
8.780000	0.000000	7.511767
8.790000	0.000000	7.458047
8.800000	0.000000	7.404841
8.810000	0.000000	7.349354
8.820000	0.000000	7.296941
8.830000	0.000000	7.258275
8.840000	0.000000	7.204030
8.850000	0.000000	7.149955
8.860000	0.000000	7.095891
8.870000	0.000000	7.041891
8.880000	0.000000	6.987973
8.890000	0.000000	6.934143
8.900000	0.000000	6.884750
8.910000	0.000000	6.830291
8.920000	0.000000	6.773196
8.930000	0.000000	6.725632
8.940000	0.000000	6.685123
8.950000	0.000000	6.645485
8.960000	0.000000	6.605885
8.970000	0.000000	6.566299
8.980000	0.000000	6.526885
8.990000	0.000000	6.489609
9.000000	0.000000	6.445139
9.010000	0.000000	6.410461
9.020000	0.000000	6.385599
9.030000	0.000000	6.331197
9.040000	0.000000	6.291442
9.050000	0.000000	6.253853
9.060000	0.000000	6.228677
9.070000	0.000000	6.232831
9.080000	0.000000	6.183712
9.090000	0.000000	6.102708
9.100000	0.000000	6.059975
9.110000	0.000000	6.018226
9.120000	0.000000	5.983069
9.130000	0.000000	5.938880
9.140000	0.000000	5.896254
9.150000	0.000000	5.857790
9.160000	0.000000	5.822637
9.170000	0.000000	5.785870
9.180000	0.000000	5.786922
9.190000	0.000000	5.709129
9.200000	0.000000	5.664864
9.210000	0.000000	5.628527
9.220000	0.000000	5.592192
9.230000	0.000000	5.555860
9.240000	0.000000	5.519577
9.250000	0.000000	5.483247
9.260000	0.000000	5.446871
9.270000	0.000000	5.410541
9.280000	0.000000	5.374215
9.290000	0.000000	5.337892
9.300000	0.000000	5.301595
9.310000	0.000000	5.265508
9.320000	0.000000	5.229445
9.330000	0.000000	5.191164
9.340000	0.000000	5.153794
9.350000	0.000000	5.117469
9.360000	0.000000	5.081149
9.370000	0.000000	5.044832
9.380000	0.000000	5.008515
9.390000	0.000000	4.972198
9.400000	0.000000	4.935897
9.410000	0.000000	4.899675
9.420000	0.000000	4.863518
9.430000	0.000000	4.827389
9.440000	0.000000	4.792112
9.450000	0.000000	4.757118
9.460000	0.000000	4.719442
9.470000	0.000000	4.683321
9.480000	0.000000	4.647467
9.490000	0.000000	4.611005
9.500000	0.000000	4.573272
9.510000	0.000000	4.538279
9.520000	0.000000	4.549096
9.530000	0.000000	4.492024
9.540000	0.000000	4.463350
9.550000	0.000000	4.433684
9.560000	0.000000	4.406305
9.570000	0.000000	4.385046
9.580000	0.000000	4.357227
9.590000	0.000000	4.326274
9.600000	0.000000	4.299993
9.610000	0.000000	4.273648
9.620000	0.000000	4.247461
9.630000	0.000000	4.221283
9.640000	0.000000	4.195144
9.650000	0.000000	4.170094
9.660000	0.000000	4.159502
9.670000	0.000000	4.115364
9.680000	0.000000	4.089579
9.690000	0.000000	4.063751
9.700000	0.000000	4.038021
9.710000	0.000000	4.012238
9.720000	0.000000	3.986381
9.730000	0.000000	3.972173
9.740000	0.000000	3.943067
9.750000	0.000000	3.910957
9.760000	0.000000	3.885475
9.770000	0.000000	3.857397
9.780000	0.000000	3.832901
9.790000	0.000000	3.809040
9.800000	0.000000	3.780314
9.810000	0.000000	3.755737
9.820000	0.000000	3.731482
9.830000	0.000000	3.706891
9.840000	0.000000	3.681352
9.850000	0.000000	3.657107
9.860000	0.000000	3.632862
9.870000	0.000000	3.608617
9.880000	0.000000	3.585247
9.890000	0.000000	3.564126
9.900000	0.000000	3.538001
9.910000	0.000000	3.511643
9.920000	0.000000	3.487404
9.930000	0.000000	3.463167
9.940000	0.000000	3.438930
9.950000	0.000000	3.414695
9.960000	0.000000	3.390461
9.970000	0.000000	3.366226
9.980000	0.000000	3.342005
9.990000	0.000000	3.317920
10.000000	0.000000	3.296272
10.010000	0.000000	3.268014
10.020000	0.000000	3.243807
10.030000	0.000000	3.219718
10.040000	0.000000	3.195632
10.050000	0.000000	3.171549
10.060000	0.000000	3.147477
10.070000	0.000000	3.124571
10.080000	0.000000	3.100273
10.090000	0.000000	3.075371
10.100000	0.000000	3.053287
10.110000	0.000000	3.034357
10.120000	0.000000	3.017064
10.130000	0.000000	3.000090
10.140000	0.000000	2.981539
10.150000	0.000000	2.964109
10.160000	0.000000	2.947341
10.170000	0.000000	2.928317
10.180000	0.000000	2.910958
10.190000	0.000000	2.892968
10.200000	0.000000	2.875432
10.210000	0.000000	2.858076
10.220000	0.000000	2.840822
10.230000	0.000000	2.823593
10.240000	0.000000	2.806364
10.250000	0.000000	2.789136
10.260000	0.000000	2.771907
10.270000	0.000000	2.754679
10.280000	0.000000	2.737467
10.290000	0.000000	2.720278
10.300000	0.000000	2.703068
10.310000	0.000000	2.685840
10.320000	0.000000	2.668614
10.330000	0.000000	2.651387
10.340000	0.000000	2.633184
10.350000	0.000000	2.615770
10.360000	0.000000	2.598545
10.370000	0.000000	2.581323
10.380000	0.000000	2.564100
10.390000	0.000000	2.546878
10.400000	0.000000	2.529656
10.410000	0.000000	2.512436
10.420000	0.000000	2.495535
10.430000	0.000000	2.479112
10.440000	0.000000	2.462922
10.450000	0.000000	2.446731
10.460000	0.000000	2.430542
10.470000	0.000000	2.414353
10.480000	0.000000	2.398164
10.490000	0.000000	2.381978
10.500000	0.000000	2.365736
10.510000	0.000000	2.348514
10.520000	0.000000	2.332329
10.530000	0.000000	2.316144
10.540000	0.000000	2.299960
10.550000	0.000000	2.283785
10.560000	0.000000	2.267617
10.570000	0.000000	2.251450
10.580000	0.000000	2.235288
10.590000	0.000000	2.219152
10.600000	0.000000	2.203048
10.610000	0.000000	2.186956
10.620000	0.000000	2.170867
10.630000	0.000000	2.154784
10.640000	0.000000	2.138705
10.650000	0.000000	2.122627
10.660000	0.000000	2.106550
10.670000	0.000000	2.090186
10.680000	0.000000	2.073309
10.690000	0.000000	2.057862
10.700000	0.000000	2.045403
10.710000	0.000000	2.033636
10.720000	0.000000	2.021946
10.730000	0.000000	2.010258
10.740000	0.000000	1.998571
10.750000	0.000000	1.986884
10.760000	0.000000	1.975239
10.770000	0.000000	1.963665
10.780000	0.000000	1.952137
10.790000	0.000000	1.940622
10.800000	0.000000	1.929107
10.810000	0.000000	1.917592
10.820000	0.000000	1.906077
10.830000	0.000000	1.894562
10.840000	0.000000	1.882678
10.850000	0.000000	1.870753
10.860000	0.000000	1.859238
10.870000	0.000000	1.847723
10.880000	0.000000	1.836208
10.890000	0.000000	1.824695
10.900000	0.000000	1.813181
10.910000	0.000000	1.801668
10.920000	0.000000	1.790155
10.930000	0.000000	1.778643
10.940000	0.000000	1.767130
10.950000	0.000000	1.755618
10.960000	0.000000	1.744106
10.970000	0.000000	1.732596
10.980000	0.000000	1.721086
10.990000	0.000000	1.709577
11.000000	0.000000	1.698068
11.010000	0.000000	1.686026
11.020000	0.000000	1.674271
11.030000	0.000000	1.662762
11.040000	0.000000	1.651283
11.050000	0.000000	1.640211
11.060000	0.000000	1.629352
11.070000	0.000000	1.618534
11.080000	0.000000	1.607717
11.090000	0.000000	1.596900
11.100000	0.000000	1.586082
11.110000	0.000000	1.575265
11.120000	0.000000	1.564449
11.130000	0.000000	1.553637
11.140000	0.000000	1.542832
11.150000	0.000000	1.532027
11.160000	0.000000	1.521222
11.170000	0.000000	1.510421
11.180000	0.000000	1.498974
11.190000	0.000000	1.488124
11.200000	0.000000	1.477369
11.210000	0.000000	1.466617
11.220000	0.000000	1.455867
11.230000	0.000000	1.445120
11.240000	0.000000	1.434375
11.250000	0.000000	1.423634
11.260000	0.000000	1.412914
11.270000	0.000000	1.402213
11.280000	0.000000	1.391647
11.290000	0.000000	1.381997
11.300000	0.000000	1.373894
11.310000	0.000000	1.366084
11.320000	0.000000	1.358305
11.330000	0.000000	1.350583
11.340000	0.000000	1.342810
11.350000	0.000000	1.334633
11.360000	0.000000	1.326940
11.370000	0.000000	1.319248
11.380000	0.000000	1.311556
11.390000	0.000000	1.303864
11.400000	0.000000	1.296172
11.410000	0.000000	1.288480
11.420000	0.000000	1.280788
11.430000	0.000000	1.273095
11.440000	0.000000	1.265403
11.450000	0.000000	1.257711
11.460000	0.000000	1.250020
11.470000	0.000000	1.242328
11.480000	0.000000	1.234637
11.490000	0.000000	1.226946
11.500000	0.000000	1.219255
11.510000	0.000000	1.211400
11.520000	0.000000	1.203353
11.530000	0.000000	1.195663
11.540000	0.000000	1.187972
11.550000	0.000000	1.180282
11.560000	0.000000	1.172592
11.570000	0.000000	1.164901
11.580000	0.000000	1.157212
11.590000	0.000000	1.149524
11.600000	0.000000	1.141836
11.610000	0.000000	1.134148
11.620000	0.000000	1.126459
11.630000	0.000000	1.118772
11.640000	0.000000	1.111085
11.650000	0.000000	1.103399
11.660000	0.000000	1.095714
11.670000	0.000000	1.088054
11.680000	0.000000	1.080439
11.690000	0.000000	1.072982
11.700000	0.000000	1.065756
11.710000	0.000000	1.058532
11.720000	0.000000	1.051312
11.730000	0.000000	1.044094
11.740000	0.000000	1.036876
11.750000	0.000000	1.029658
11.760000	0.000000	1.022443
11.770000	0.000000	1.015231
11.780000	0.000000	1.008024
11.790000	0.000000	1.000826
11.800000	0.000000	0.993641
11.810000	0.000000	0.986459
11.820000	0.000000	0.979282
11.830000	0.000000	0.972126
11.840000	0.000000	0.964978
11.850000	0.000000	0.957474
11.860000	0.000000	0.950199
11.870000	0.000000	0.943052
11.880000	0.000000	0.935945
11.890000	0.000000	0.929827
11.900000	0.000000	0.924477
11.910000	0.000000	0.919311
11.920000	0.000000	0.914146
11.930000	0.000000	0.908987
11.940000	0.000000	0.903838
11.950000	0.000000	0.898694
11.960000	0.000000	0.893553
11.970000	0.000000	0.888411
11.980000	0.000000	0.883270
11.990000	0.000000	0.878128
12.000000	0.000000	0.872987
12.010000	0.000000	0.867845
12.020000	0.000000	0.862375
12.030000	0.000000	0.857215
12.040000	0.000000	0.852073
12.050000	0.000000	0.846932
12.060000	0.000000	0.841790
12.070000	0.000000	0.836649
12.080000	0.000000	0.831509
12.090000	0.000000	0.826368
12.100000	0.000000	0.821227
12.110000	0.000000	0.816086
12.120000	0.000000	0.810946
12.130000	0.000000	0.805805
12.140000	0.000000	0.800665
12.150000	0.000000	0.795524
12.160000	0.000000	0.790384
12.170000	0.000000	0.785243
12.180000	0.000000	0.780048
12.190000	0.000000	0.774615
12.200000	0.000000	0.769476
12.210000	0.000000	0.764337
12.220000	0.000000	0.759199
12.230000	0.000000	0.754061
12.240000	0.000000	0.748924
12.250000	0.000000	0.743786
12.260000	0.000000	0.738648
12.270000	0.000000	0.733510
12.280000	0.000000	0.728373
12.290000	0.000000	0.723236
12.300000	0.000000	0.718135
12.310000	0.000000	0.713160
12.320000	0.000000	0.708332
12.330000	0.000000	0.703507
12.340000	0.000000	0.698682
12.350000	0.000000	0.693737
12.360000	0.000000	0.688709
12.370000	0.000000	0.683891
12.380000	0.000000	0.679073
12.390000	0.000000	0.674260
12.400000	0.000000	0.669470
12.410000	0.000000	0.664689
12.420000	0.000000	0.659908
12.430000	0.000000	0.655127
12.440000	0.000000	0.650349
12.450000	0.000000	0.645586
12.460000	0.000000	0.640844
12.470000	0.000000	0.636108
12.480000	0.000000	0.631419
12.490000	0.000000	0.627024
12.500000	0.000000	0.623443
12.510000	0.000000	0.619989
12.520000	0.000000	0.616407
12.530000	0.000000	0.612868
12.540000	0.000000	0.609426
12.550000	0.000000	0.605985
12.560000	0.000000	0.602544
12.570000	0.000000	0.599103
12.580000	0.000000	0.595663
12.590000	0.000000	0.592224
12.600000	0.000000	0.588787
12.610000	0.000000	0.585349
12.620000	0.000000	0.581912
12.630000	0.000000	0.578474
12.640000	0.000000	0.575037
12.650000	0.000000	0.571599
12.660000	0.000000	0.568162
12.670000	0.000000	0.564724
12.680000	0.000000	0.561287
12.690000	0.000000	0.557667
12.700000	0.000000	0.554181
12.710000	0.000000	0.550743
12.720000	0.000000	0.547306
12.730000	0.000000	0.543869
12.740000	0.000000	0.540432
12.750000	0.000000	0.536995
12.760000	0.000000	0.533558
12.770000	0.000000	0.530122
12.780000	0.000000	0.526685
12.790000	0.000000	0.523248
12.800000	0.000000	0.519812
12.810000	0.000000	0.516376
12.820000	0.000000	0.512940
12.830000	0.000000	0.509505
12.840000	0.000000	0.506070
12.850000	0.000000	0.502634
12.860000	0.000000	0.498967
12.870000	0.000000	0.495532
12.880000	0.000000	0.492097
12.890000	0.000000	0.488662
12.900000	0.000000	0.485230
12.910000	0.000000	0.481799
12.920000	0.000000	0.478368
12.930000	0.000000	0.474938
12.940000	0.000000	0.471572
12.950000	0.000000	0.468302
12.960000	0.000000	0.465079
12.970000	0.000000	0.461861
12.980000	0.000000	0.458652
12.990000	0.000000	0.455444
13.000000	0.000000	0.452237
13.010000	0.000000	0.449038
13.020000	0.000000	0.445801
13.030000	0.000000	0.442459
13.040000	0.000000	0.439289
13.050000	0.000000	0.436118
13.060000	0.000000	0.432949
13.070000	0.000000	0.429783
13.080000	0.000000	0.426620
13.090000	0.000000	0.423568
13.100000	0.000000	0.420941
13.110000	0.000000	0.418609
13.120000	0.000000	0.416307
13.130000	0.000000	0.414007
13.140000	0.000000	0.411706
13.150000	0.000000	0.409405
13.160000	0.000000	0.407104
13.170000	0.000000	0.404804
13.180000	0.000000	0.402504
13.190000	0.000000	0.400138
13.200000	0.000000	0.397748
13.210000	0.000000	0.395448
13.220000	0.000000	0.393148
13.230000	0.000000	0.390849
13.240000	0.000000	0.388551
13.250000	0.000000	0.386253
13.260000	0.000000	0.383955
13.270000	0.000000	0.381658
13.280000	0.000000	0.379360
13.290000	0.000000	0.377062
13.300000	0.000000	0.374765
13.310000	0.000000	0.372467
13.320000	0.000000	0.370170
13.330000	0.000000	0.367872
13.340000	0.000000	0.365574
13.350000	0.000000	0.363277
13.360000	0.000000	0.360881
13.370000	0.000000	0.358526
13.380000	0.000000	0.356229
13.390000	0.000000	0.353932
13.400000	0.000000	0.351635
13.410000	0.000000	0.349338
13.420000	0.000000	0.347041
13.430000	0.000000	0.344744
13.440000	0.000000	0.342447
13.450000	0.000000	0.340151
13.460000	0.000000	0.337854
13.470000	0.000000	0.335558
13.480000	0.000000	0.333262
13.490000	0.000000	0.330966
13.500000	0.000000	0.328672
13.510000	0.000000	0.326378
13.520000	0.000000	0.324084
13.530000	0.000000	0.321661
13.540000	0.000000	0.319343
13.550000	0.000000	0.317055
13.560000	0.000000	0.314770
13.570000	0.000000	0.312488
13.580000	0.000000	0.310261
13.590000	0.000000	0.308096
13.600000	0.000000	0.305960
13.610000	0.000000	0.303833
13.620000	0.000000	0.301710
13.630000	0.000000	0.299590
13.640000	0.000000	0.297471
13.650000	0.000000	0.295352
13.660000	0.000000	0.293232
13.670000	0.000000	0.291113
13.680000	0.000000	0.288997
13.690000	0.000000	0.286875
13.700000	0.000000	0.284677
13.710000	0.000000	0.283035
13.720000	0.000000	0.281490
13.730000	0.000000	0.279952
13.740000	0.000000	0.278413
13.750000	0.000000	0.276875
13.760000	0.000000	0.275337
13.770000	0.000000	0.273799
13.780000	0.000000	0.272261
13.790000	0.000000	0.270723
13.800000	0.000000	0.269185
13.810000	0.000000	0.267648
13.820000	0.000000	0.266110
13.830000	0.000000	0.264572
13.840000	0.000000	0.263034
13.850000	0.000000	0.261496
13.860000	0.000000	0.259931
13.870000	0.000000	0.258317
13.880000	0.000000	0.256781
13.890000	0.000000	0.255245
13.900000	0.000000	0.253709
13.910000	0.000000	0.252173
13.920000	0.000000	0.250637
13.930000	0.000000	0.249101
13.940000	0.000000	0.247565
13.950000	0.000000	0.246029
13.960000	0.000000	0.244493
13.970000	0.000000	0.242957
13.980000	0.000000	0.241421
13.990000	0.000000	0.239885
14.000000	0.000000	0.238350
14.010000	0.000000	0.236814
14.020000	0.000000	0.235279
14.030000	0.000000	0.233694
14.040000	0.000000	0.232104
14.050000	0.000000	0.230568
14.060000	0.000000	0.229032
14.070000	0.000000	0.227497
14.080000	0.000000	0.225962
14.090000	0.000000	0.224427
14.100000	0.000000	0.222894
14.110000	0.000000	0.221360
14.120000	0.000000	0.219827
14.130000	0.000000	0.218295
14.140000	0.000000	0.216766
14.150000	0.000000	0.215239
14.160000	0.000000	0.213713
14.170000	0.000000	0.212186
14.180000	0.000000	0.210664
14.190000	0.000000	0.209149
14.200000	0.000000	0.207566
14.210000	0.000000	0.206020
14.220000	0.000000	0.204529
14.230000	0.000000	0.203100
14.240000	0.000000	0.201682
14.250000	0.000000	0.200265
14.260000	0.000000	0.198848
14.270000	0.000000	0.197431
14.280000	0.000000	0.196015
14.290000	0.000000	0.194600
14.300000	0.000000	0.193188
14.310000	0.000000	0.191836
14.320000	0.000000	0.190654
14.330000	0.000000	0.189625
14.340000	0.000000	0.188596
14.350000	0.000000	0.187568
14.360000	0.000000	0.186539
14.370000	0.000000	0.185448
14.380000	0.000000	0.184412
14.390000	0.000000	0.183383
14.400000	0.000000	0.182355
14.410000	0.000000	0.181326
14.420000	0.000000	0.180298
14.430000	0.000000	0.179270
14.440000	0.000000	0.178241
14.450000	0.000000	0.177213
14.460000	0.000000	0.176184
14.470000	0.000000	0.175156
14.480000	0.000000	0.174128
14.490000	0.000000	0.173099
14.500000	0.000000	0.172071
14.510000	0.000000	0.171043
14.520000	0.000000	0.170014
14.530000	0.000000	0.168980
14.540000	0.000000	0.167890
14.550000	0.000000	0.166863
14.560000	0.000000	0.165836
14.570000	0.000000	0.164808
14.580000	0.000000	0.163781
14.590000	0.000000	0.162754
14.600000	0.000000	0.161727
14.610000	0.000000	0.160700
14.620000	0.000000	0.159673
14.630000	0.000000	0.158646
14.640000	0.000000	0.157619
14.650000	0.000000	0.156592
14.660000	0.000000	0.155565
14.670000	0.000000	0.154538
14.680000	0.000000	0.153511
14.690000	0.000000	0.152485
14.700000	0.000000	0.151437
14.710000	0.000000	0.150364
14.720000	0.000000	0.149340
14.730000	0.000000	0.148318
14.740000	0.000000	0.147297
14.750000	0.000000	0.146276
14.760000	0.000000	0.145256
14.770000	0.000000	0.144240
14.780000	0.000000	0.143227
14.790000	0.000000	0.142214
14.800000	0.000000	0.141201
14.810000	0.000000	0.140188
14.820000	0.000000	0.139176
14.830000	0.000000	0.138164
14.840000	0.000000	0.137152
14.850000	0.000000	0.136141
14.860000	0.000000	0.135133
14.870000	0.000000	0.134124
14.880000	0.000000	0.133146
14.890000	0.000000	0.132198
14.900000	0.000000	0.131253
14.910000	0.000000	0.130309
14.920000	0.000000	0.129371
14.930000	0.000000	0.128554
14.940000	0.000000	0.127837
14.950000	0.000000	0.127150
14.960000	0.000000	0.126462
14.970000	0.000000	0.125774
14.980000	0.000000	0.125086
14.990000	0.000000	0.124399
15.000000	0.000000	0.123711
15.010000	0.000000	0.123023
15.020000	0.000000	0.122335
15.030000	0.000000	0.121648
15.040000	0.000000	0.120926
15.050000	0.000000	0.120226
15.060000	0.000000	0.119539
15.070000	0.000000	0.118851
15.080000	0.000000	0.118163
15.090000	0.000000	0.117476
15.100000	0.000000	0.116788
15.110000	0.000000	0.116101
15.120000	0.000000	0.115413
15.130000	0.000000	0.114726
15.140000	0.000000	0.114038
15.150000	0.000000	0.113351
15.160000	0.000000	0.112663
15.170000	0.000000	0.111976
15.180000	0.000000	0.111289
15.190000	0.000000	0.110602
15.200000	0.000000	0.109915
15.210000	0.000000	0.109184
15.220000	0.000000	0.108495
15.230000	0.000000	0.107809
15.240000	0.000000	0.107122
15.250000	0.000000	0.106435
15.260000	0.000000	0.105749
15.270000	0.000000	0.105062
15.280000	0.000000	0.104376
15.290000	0.000000	0.103689
15.300000	0.000000	0.103003
15.310000	0.000000	0.102318
15.320000	0.000000	0.101634
15.330000	0.000000	0.100951
15.340000	0.000000	0.100268
15.350000	0.000000	0.099587
15.360000	0.000000	0.098908
15.370000	0.000000	0.098224
15.380000	0.000000	0.097507
15.390000	0.000000	0.096830
15.400000	0.000000	0.096152
15.410000	0.000000	0.095475
15.420000	0.000000	0.094798
15.430000	0.000000	0.094121
15.440000	0.000000	0.093444
15.450000	0.000000	0.092767
15.460000	0.000000	0.092090
15.470000	0.000000	0.091414
15.480000	0.000000	0.090739
15.490000	0.000000	0.090065
15.500000	0.000000	0.089391
15.510000	0.000000	0.088724
15.520000	0.000000	0.088080
15.530000	0.000000	0.087450
15.540000	0.000000	0.086814
15.550000	0.000000	0.086295
15.560000	0.000000	0.085834
15.570000	0.000000	0.085374
15.580000	0.000000	0.084913
15.590000	0.000000	0.084453
15.600000	0.000000	0.083993
15.610000	0.000000	0.083533
15.620000	0.000000	0.083073
15.630000	0.000000	0.082613
15.640000	0.000000	0.082153
15.650000	0.000000	0.081693
15.660000	0.000000	0.081233
15.670000	0.000000	0.080773
15.680000	0.000000	0.080313
15.690000	0.000000	0.079853
15.700000	0.000000	0.079393
15.710000	0.000000	0.078915
15.720000	0.000000	0.078442
15.730000	0.000000	0.077982
15.740000	0.000000	0.077522
15.750000	0.000000	0.077062
15.760000	0.000000	0.076602
15.770000	0.000000	0.076142
15.780000	0.000000	0.075682
15.790000	0.000000	0.075222
15.800000	0.000000	0.074762
15.810000	0.000000	0.074303
15.820000	0.000000	0.073843
15.830000	0.000000	0.073383
15.840000	0.000000	0.072923
15.850000	0.000000	0.072464
15.860000	0.000000	0.072004
15.870000	0.000000	0.071545
15.880000	0.000000	0.071061
15.890000	0.000000	0.070595
15.900000	0.000000	0.070136
15.910000	0.000000	0.069678
15.920000	0.000000	0.069221
15.930000	0.000000	0.068764
15.940000	0.000000	0.068308
15.950000	0.000000	0.067854
15.960000	0.000000	0.067401
15.970000	0.000000	0.066947
15.980000	0.000000	0.066494
15.990000	0.000000	0.066040
16.000000	0.000000	0.065587
16.010000	0.000000	0.065134
16.020000	0.000000	0.064680
16.030000	0.000000	0.064227
16.040000	0.000000	0.063774
16.050000	0.000000	0.063290
16.060000	0.000000	0.062837
16.070000	0.000000	0.062385
16.080000	0.000000	0.061932
16.090000	0.000000	0.061479
16.100000	0.000000	0.061028
16.110000	0.000000	0.060577
16.120000	0.000000	0.060127
16.130000	0.000000	0.059676
16.140000	0.000000	0.059227
16.150000	0.000000	0.058778
16.160000	0.000000	0.058360
16.170000	0.000000	0.058015
16.180000	0.000000	0.057707
16.190000	0.000000	0.057399
16.200000	0.000000	0.057091
16.210000	0.000000	0.056779
16.220000	0.000000	0.056455
16.230000	0.000000	0.056147
16.240000	0.000000	0.055840
16.250000	0.000000	0.055532
16.260000	0.000000	0.055224
16.270000	0.000000	0.054917
16.280000	0.000000	0.054609
16.290000	0.000000	0.054301
16.300000	0.000000	0.053994
16.310000	0.000000	0.053686
16.320000	0.000000	0.053378
16.330000	0.000000	0.053071
16.340000	0.000000	0.052763
16.350000	0.000000	0.052456
16.360000	0.000000	0.052148
16.370000	0.000000	0.051840
16.380000	0.000000	0.051524
16.390000	0.000000	0.051205
16.400000	0.000000	0.050897
16.410000	0.000000	0.050590
16.420000	0.000000	0.050282
16.430000	0.000000	0.049975
16.440000	0.000000	0.049667
16.450000	0.000000	0.049359
16.460000	0.000000	0.049052
16.470000	0.000000	0.048744
16.480000	0.000000	0.048437
16.490000	0.000000	0.048129
16.500000	0.000000	0.047822
16.510000	0.000000	0.047516
16.520000	0.000000	0.047210
16.530000	0.000000	0.046905
16.540000	0.000000	0.046600
16.550000	0.000000	0.046284
16.560000	0.000000	0.045973
16.570000	0.000000	0.045670
16.580000	0.000000	0.045367
16.590000	0.000000	0.045064
16.600000	0.000000	0.044760
16.610000	0.000000	0.044457
16.620000	0.000000	0.044154
16.630000	0.000000	0.043851
16.640000	0.000000	0.043548
16.650000	0.000000	0.043244
16.660000	0.000000	0.042941
16.670000	0.000000	0.042638
16.680000	0.000000	0.042335
16.690000	0.000000	0.042032
16.700000	0.000000	0.041730
16.710000	0.000000	0.041427
16.720000	0.000000	0.041108
16.730000	0.000000	0.040803
16.740000	0.000000	0.040502
16.750000	0.000000	0.040201
16.760000	0.000000	0.039900
16.770000	0.000000	0.039599
16.780000	0.000000	0.039322
16.790000	0.000000	0.039081
16.800000	0.000000	0.038857
16.810000	0.000000	0.038635
16.820000	0.000000	0.038420
16.830000	0.000000	0.038213
16.840000	0.000000	0.038007
16.850000	0.000000	0.037801
16.860000	0.000000	0.037595
16.870000	0.000000	0.037389
16.880000	0.000000	0.037183
16.890000	0.000000	0.036964
16.900000	0.000000	0.036758
16.910000	0.000000	0.036552
16.920000	0.000000	0.036346
16.930000	0.000000	0.036140
16.940000	0.000000	0.035934
16.950000	0.000000	0.035729
16.960000	0.000000	0.035523
16.970000	0.000000	0.035317
16.980000	0.000000	0.035111
16.990000	0.000000	0.034905
17.000000	0.000000	0.034700
17.010000	0.000000	0.034494
17.020000	0.000000	0.034288
17.030000	0.000000	0.034082
17.040000	0.000000	0.033877
17.050000	0.000000	0.033667
17.060000	0.000000	0.033451
17.070000	0.000000	0.033245
17.080000	0.000000	0.033040
17.090000	0.000000	0.032834
17.100000	0.000000	0.032628
17.110000	0.000000	0.032423
17.120000	0.000000	0.032218
17.130000	0.000000	0.032014
17.140000	0.000000	0.031810
17.150000	0.000000	0.031607
17.160000	0.000000	0.031404
17.170000	0.000000	0.031201
17.180000	0.000000	0.030998
17.190000	0.000000	0.030795
17.200000	0.000000	0.030592
17.210000	0.000000	0.030389
17.220000	0.000000	0.030180
17.230000	0.000000	0.029970
17.240000	0.000000	0.029767
17.250000	0.000000	0.029564
17.260000	0.000000	0.029361
17.270000	0.000000	0.029158
17.280000	0.000000	0.028955
17.290000	0.000000	0.028753
17.300000	0.000000	0.028550
17.310000	0.000000	0.028347
17.320000	0.000000	0.028145
17.330000	0.000000	0.027942
17.340000	0.000000	0.027740
17.350000	0.000000	0.027538
17.360000	0.000000	0.027336
17.370000	0.000000	0.027135
17.380000	0.000000	0.026934
17.390000	0.000000	0.026723
17.400000	0.000000	0.026521
17.410000	0.000000	0.026360
17.420000	0.000000	0.026209
17.430000	0.000000	0.026059
17.440000	0.000000	0.025909
17.450000	0.000000	0.025759
17.460000	0.000000	0.025608
17.470000	0.000000	0.025462
17.480000	0.000000	0.025321
17.490000	0.000000	0.025183
17.500000	0.000000	0.025045
17.510000	0.000000	0.024907
17.520000	0.000000	0.024769
17.530000	0.000000	0.024632
17.540000	0.000000	0.024494
17.550000	0.000000	0.024356
17.560000	0.000000	0.024210
17.570000	0.000000	0.024072
17.580000	0.000000	0.023934
17.590000	0.000000	0.023796
17.600000	0.000000	0.023659
17.610000	0.000000	0.023521
17.620000	0.000000	0.023383
17.630000	0.000000	0.023246
17.640000	0.000000	0.023108
17.650000	0.000000	0.022970
17.660000	0.000000	0.022833
17.670000	0.000000	0.022695
17.680000	0.000000	0.022557
17.690000	0.000000	0.022420
17.700000	0.000000	0.022282
17.710000	0.000000	0.022144
17.720000	0.000000	0.022006
17.730000	0.000000	0.021861
17.740000	0.000000	0.021725
17.750000	0.000000	0.021589
17.760000	0.000000	0.021453
17.770000	0.000000	0.021317
17.780000	0.000000	0.021181
17.790000	0.000000	0.021045
17.800000	0.000000	0.020909
17.810000	0.000000	0.020774
17.820000	0.000000	0.020638
17.830000	0.000000	0.020502
17.840000	0.000000	0.020366
17.850000	0.000000	0.020230
17.860000	0.000000	0.020095
17.870000	0.000000	0.019959
17.880000	0.000000	0.019823
17.890000	0.000000	0.019684
17.900000	0.000000	0.019542
17.910000	0.000000	0.019407
17.920000	0.000000	0.019271
17.930000	0.000000	0.019135
17.940000	0.000000	0.019000
17.950000	0.000000	0.018865
17.960000	0.000000	0.018729
17.970000	0.000000	0.018594
17.980000	0.000000	0.018459
17.990000	0.000000	0.018324
18.000000	0.000000	0.018189
18.010000	0.000000	0.018054
18.020000	0.000000	0.017922
18.030000	0.000000	0.017803
18.040000	0.000000	0.017702
18.050000	0.000000	0.017601
18.060000	0.000000	0.017497
18.070000	0.000000	0.017394
18.080000	0.000000	0.017293
18.090000	0.000000	0.017193
18.100000	0.000000	0.017092
18.110000	0.000000	0.016992
18.120000	0.000000	0.016892
18.130000	0.000000	0.016795
18.140000	0.000000	0.016702
18.150000	0.000000	0.016610
18.160000	0.000000	0.016518
18.170000	0.000000	0.016426
18.180000	0.000000	0.016334
18.190000	0.000000	0.016242
18.200000	0.000000	0.016149
18.210000	0.000000	0.016057
18.220000	0.000000	0.015965
18.230000	0.000000	0.015869
18.240000	0.000000	0.015775
18.250000	0.000000	0.015683
18.260000	0.000000	0.015591
18.270000	0.000000	0.015499
18.280000	0.000000	0.015406
18.290000	0.000000	0.015314
18.300000	0.000000	0.015222
18.310000	0.000000	0.015130
18.320000	0.000000	0.015038
18.330000	0.000000	0.014947
18.340000	0.000000	0.014855
18.350000	0.000000	0.014764
18.360000	0.000000	0.014673
18.370000	0.000000	0.014582
18.380000	0.000000	0.014492
18.390000	0.000000	0.014401
18.400000	0.000000	0.014304
18.410000	0.000000	0.014213
18.420000	0.000000	0.014122
18.430000	0.000000	0.014031
18.440000	0.000000	0.013940
18.450000	0.000000	0.013849
18.460000	0.000000	0.013758
18.470000	0.000000	0.013667
18.480000	0.000000	0.013576
18.490000	0.000000	0.013485
18.500000	0.000000	0.013395
18.510000	0.000000	0.013304
18.520000	0.000000	0.013213
18.530000	0.000000	0.013122
18.540000	0.000000	0.013031
18.550000	0.000000	0.012941
18.560000	0.000000	0.012849
18.570000	0.000000	0.012753
18.580000	0.000000	0.012663
18.590000	0.000000	0.012572
18.600000	0.000000	0.012482
18.610000	0.000000	0.012391
18.620000	0.000000	0.012301
18.630000	0.000000	0.012211
18.640000	0.000000	0.012121
18.650000	0.000000	0.012036
18.660000	0.000000	0.011962
18.670000	0.000000	0.011895
18.680000	0.000000	0.011827
18.690000	0.000000	0.011760
18.700000	0.000000	0.011693
18.710000	0.000000	0.011626
18.720000	0.000000	0.011559
18.730000	0.000000	0.011490
18.740000	0.000000	0.011420
18.750000	0.000000	0.011353
18.760000	0.000000	0.011285
18.770000	0.000000	0.011218
18.780000	0.000000	0.011151
18.790000	0.000000	0.011087
18.800000	0.000000	0.011025
18.810000	0.000000	0.010963
18.820000	0.000000	0.010901
18.830000	0.000000	0.010840
18.840000	0.000000	0.010778
18.850000	0.000000	0.010716
18.860000	0.000000	0.010655
18.870000	0.000000	0.010593
18.880000	0.000000	0.010531
18.890000	0.000000	0.010470
18.900000	0.000000	0.010406
18.910000	0.000000	0.010342
18.920000	0.000000	0.010281
18.930000	0.000000	0.010219
18.940000	0.000000	0.010158
18.950000	0.000000	0.010097
18.960000	0.000000	0.010036
18.970000	0.000000	0.009975
18.980000	0.000000	0.009914
18.990000	0.000000	0.009854
19.000000	0.000000	0.009793
19.010000	0.000000	0.009732
19.020000	0.000000	0.009671
19.030000	0.000000	0.009610
19.040000	0.000000	0.009549
19.050000	0.000000	0.009489
19.060000	0.000000	0.009428
19.070000	0.000000	0.009364
19.080000	0.000000	0.009302
19.090000	0.000000	0.009241
19.100000	0.000000	0.009180
19.110000	0.000000	0.009119
19.120000	0.000000	0.009059
19.130000	0.000000	0.008998
19.140000	0.000000	0.008937
19.150000	0.000000	0.008876
19.160000	0.000000	0.008815
19.170000	0.000000	0.008755
19.180000	0.000000	0.008694
19.190000	0.000000	0.008633
19.200000	0.000000	0.008573
19.210000	0.000000	0.008512
19.220000	0.000000	0.008451
19.230000	0.000000	0.008391
19.240000	0.000000	0.008326
19.250000	0.000000	0.008266
19.260000	0.000000	0.008205
19.270000	0.000000	0.008145
19.280000	0.000000	0.008091
19.290000	0.000000	0.008045
19.300000	0.000000	0.008000
19.310000	0.000000	0.007955
19.320000	0.000000	0.007910
19.330000	0.000000	0.007865
19.340000	0.000000	0.007820
19.350000	0.000000	0.007775
19.360000	0.000000	0.007730
19.370000	0.000000	0.007685
19.380000	0.000000	0.007640
19.390000	0.000000	0.007595
19.400000	0.000000	0.007549
19.410000	0.000000	0.007502
19.420000	0.000000	0.007457
19.430000	0.000000	0.007412
19.440000	0.000000	0.007367
19.450000	0.000000	0.007324
19.460000	0.000000	0.007283
19.470000	0.000000	0.007241
19.480000	0.000000	0.007200
19.490000	0.000000	0.007159
19.500000	0.000000	0.007118
19.510000	0.000000	0.007076
19.520000	0.000000	0.007035
19.530000	0.000000	0.006994
19.540000	0.000000	0.006953
19.550000	0.000000	0.006912
19.560000	0.000000	0.006871
19.570000	0.000000	0.006829
19.580000	0.000000	0.006787
19.590000	0.000000	0.006746
19.600000	0.000000	0.006705
19.610000	0.000000	0.006665
19.620000	0.000000	0.006624
19.630000	0.000000	0.006583
19.640000	0.000000	0.006542
19.650000	0.000000	0.006502
19.660000	0.000000	0.006461
19.670000	0.000000	0.006420
19.680000	0.000000	0.006380
19.690000	0.000000	0.006339
19.700000	0.000000	0.006298
19.710000	0.000000	0.006258
19.720000	0.000000	0.006217
19.730000	0.000000	0.006176
19.740000	0.000000	0.006134
19.750000	0.000000	0.006092
19.760000	0.000000	0.006051
19.770000	0.000000	0.006011
19.780000	0.000000	0.005970
19.790000	0.000000	0.005929
19.800000	0.000000	0.005889
19.810000	0.000000	0.005848
19.820000	0.000000	0.005807
19.830000	0.000000	0.005767
19.840000	0.000000	0.005726
19.850000	0.000000	0.005686
19.860000	0.000000	0.005645
19.870000	0.000000	0.005605
19.880000	0.000000	0.005564
19.890000	0.000000	0.005524
19.900000	0.000000	0.005483
19.910000	0.000000	0.005446
19.920000	0.000000	0.005415
19.930000	0.000000	0.005385
19.940000	0.000000	0.005355
19.950000	0.000000	0.005325
19.960000	0.000000	0.005295
19.970000	0.000000	0.005265
19.980000	0.000000	0.005235
19.990000	0.000000	0.005205
20.000000	0.000000	0.005175
20.010000	0.000000	0.005145
20.020000	0.000000	0.005114
20.030000	0.000000	0.005084
20.040000	0.000000	0.005054
20.050000	0.000000	0.005024
20.060000	0.000000	0.004994
20.070000	0.000000	0.004964
20.080000	0.000000	0.004932
20.090000	0.000000	0.004902
20.100000	0.000000	0.004872
20.110000	0.000000	0.004843
20.120000	0.000000	0.004815
20.130000	0.000000	0.004787
20.140000	0.000000	0.004759
20.150000	0.000000	0.004732
20.160000	0.000000	0.004704
20.170000	0.000000	0.004677
20.180000	0.000000	0.004650
20.190000	0.000000	0.004623
20.200000	0.000000	0.004595
20.210000	0.000000	0.004568
20.220000	0.000000	0.004541
20.230000	0.000000	0.004514
20.240000	0.000000	0.004486
20.250000	0.000000	0.004457
20.260000	0.000000	0.004430
20.270000	0.000000	0.004403
20.280000	0.000000	0.004375
20.290000	0.000000	0.004348
20.300000	0.000000	0.004321
20.310000	0.000000	0.004294
20.320000	0.000000	0.004266
20.330000	0.000000	0.004239
20.340000	0.000000	0.004212
20.350000	0.000000	0.004185
20.360000	0.000000	0.004157
20.370000	0.000000	0.004130
20.380000	0.000000	0.004103
20.390000	0.000000	0.004076
20.400000	0.000000	0.004048
20.410000	0.000000	0.004020
20.420000	0.000000	0.003992
20.430000	0.000000	0.003965
20.440000	0.000000	0.003938
20.450000	0.000000	0.003911
20.460000	0.000000	0.003883
20.470000	0.000000	0.003856
20.480000	0.000000	0.003829
20.490000	0.000000	0.003802
20.500000	0.000000	0.003775
20.510000	0.000000	0.003748
20.520000	0.000000	0.003720
20.530000	0.000000	0.003694
20.540000	0.000000	0.003670
20.550000	0.000000	0.003649
20.560000	0.000000	0.003629
20.570000	0.000000	0.003609
20.580000	0.000000	0.003588
20.590000	0.000000	0.003567
20.600000	0.000000	0.003547
20.610000	0.000000	0.003527
20.620000	0.000000	0.003507
20.630000	0.000000	0.003486
20.640000	0.000000	0.003466
20.650000	0.000000	0.003446
20.660000	0.000000	0.003426
20.670000	0.000000	0.003406
20.680000	0.000000	0.003386
20.690000	0.000000	0.003366
20.700000	0.000000	0.003345
20.710000	0.000000	0.003325
20.720000	0.000000	0.003305
20.730000	0.000000	0.003285
20.740000	0.000000	0.003265
20.750000	0.000000	0.003244
20.760000	0.000000	0.003223
20.770000	0.000000	0.003204
20.780000	0.000000	0.003185
20.790000	0.000000	0.003167
20.800000	0.000000	0.003148
20.810000	0.000000	0.003130
20.820000	0.000000	0.003112
20.830000	0.000000	0.003094
20.840000	0.000000	0.003075
20.850000	0.000000	0.003057
20.860000	0.000000	0.003039
20.870000	0.000000	0.003021
20.880000	0.000000	0.003002
20.890000	0.000000	0.002984
20.900000	0.000000	0.002966
20.910000	0.000000	0.002948
20.920000	0.000000	0.002928
20.930000	0.000000	0.002910
20.940000	0.000000	0.002892
20.950000	0.000000	0.002873
20.960000	0.000000	0.002855
20.970000	0.000000	0.002837
20.980000	0.000000	0.002819
20.990000	0.000000	0.002801
21.000000	0.000000	0.002782
21.010000	0.000000	0.002764
21.020000	0.000000	0.002746
21.030000	0.000000	0.002728
21.040000	0.000000	0.002709
21.050000	0.000000	0.002691
21.060000	0.000000	0.002673
21.070000	0.000000	0.002655
21.080000	0.000000	0.002636
21.090000	0.000000	0.002617
21.100000	0.000000	0.002599
21.110000	0.000000	0.002581
21.120000	0.000000	0.002563
21.130000	0.000000	0.002544
21.140000	0.000000	0.002526
21.150000	0.000000	0.002508
21.160000	0.000000	0.002490
21.170000	0.000000	0.002474
21.180000	0.000000	0.002460
21.190000	0.000000	0.002446
21.200000	0.000000	0.002433
21.210000	0.000000	0.002419
21.220000	0.000000	0.002406
21.230000	0.000000	0.002392
21.240000	0.000000	0.002379
21.250000	0.000000	0.002365
21.260000	0.000000	0.002351
21.270000	0.000000	0.002338
21.280000	0.000000	0.002324
21.290000	0.000000	0.002311
21.300000	0.000000	0.002297
21.310000	0.000000	0.002284
21.320000	0.000000	0.002270
21.330000	0.000000	0.002257
21.340000	0.000000	0.002243
21.350000	0.000000	0.002230
21.360000	0.000000	0.002216
21.370000	0.000000	0.002203
21.380000	0.000000	0.002189
21.390000	0.000000	0.002176
21.400000	0.000000	0.002163
21.410000	0.000000	0.002149
21.420000	0.000000	0.002135
21.430000	0.000000	0.002122
21.440000	0.000000	0.002109
21.450000	0.000000	0.002097
21.460000	0.000000	0.002084
21.470000	0.000000	0.002072
21.480000	0.000000	0.002060
21.490000	0.000000	0.002048
21.500000	0.000000	0.002036
21.510000	0.000000	0.002023
21.520000	0.000000	0.002011
21.530000	0.000000	0.001999
21.540000	0.000000	0.001987
21.550000	0.000000	0.001975
21.560000	0.000000	0.001962
21.570000	0.000000	0.001950
21.580000	0.000000	0.001938
21.590000	0.000000	0.001925
21.600000	0.000000	0.001913
21.610000	0.000000	0.001901
21.620000	0.000000	0.001888
21.630000	0.000000	0.001876
21.640000	0.000000	0.001864
21.650000	0.000000	0.001852
21.660000	0.000000	0.001840
21.670000	0.000000	0.001827
21.680000	0.000000	0.001815
21.690000	0.000000	0.001803
21.700000	0.000000	0.001791
21.710000	0.000000	0.001779
21.720000	0.000000	0.001767
21.730000	0.000000	0.001754
21.740000	0.000000	0.001742
21.750000	0.000000	0.001730
21.760000	0.000000	0.001717
21.770000	0.000000	0.001705
21.780000	0.000000	0.001693
21.790000	0.000000	0.001681
21.800000	0.000000	0.001669
21.810000	0.000000	0.001660
21.820000	0.000000	0.001651
21.830000	0.000000	0.001642
21.840000	0.000000	0.001633
21.850000	0.000000	0.001623
21.860000	0.000000	0.001614
21.870000	0.000000	0.001605
21.880000	0.000000	0.001596
21.890000	0.000000	0.001587
21.900000	0.000000	0.001578
21.910000	0.000000	0.001569
21.920000	0.000000	0.001560
21.930000	0.000000	0.001551
21.940000	0.000000	0.001542
21.950000	0.000000	0.001533
21.960000	0.000000	0.001524
21.970000	0.000000	0.001515
21.980000	0.000000	0.001506
21.990000	0.000000	0.001497
22.000000	0.000000	0.001488
22.010000	0.000000	0.001479
22.020000	0.000000	0.001470
22.030000	0.000000	0.001461
22.040000	0.000000	0.001452
22.050000	0.000000	0.001443
22.060000	0.000000	0.001434
22.070000	0.000000	0.001425
22.080000	0.000000	0.001416
22.090000	0.000000	0.001407
22.100000	0.000000	0.001398
22.110000	0.000000	0.001389
22.120000	0.000000	0.001381
22.130000	0.000000	0.001373
22.140000	0.000000	0.001365
22.150000	0.000000	0.001356
22.160000	0.000000	0.001348
22.170000	0.000000	0.001340
22.180000	0.000000	0.001332
22.190000	0.000000	0.001324
22.200000	0.000000	0.001316
22.210000	0.000000	0.001307
22.220000	0.000000	0.001299
22.230000	0.000000	0.001291
22.240000	0.000000	0.001283
22.250000	0.000000	0.001275
22.260000	0.000000	0.001266
22.270000	0.000000	0.001258
22.280000	0.000000	0.001250
22.290000	0.000000	0.001242
22.300000	0.000000	0.001233
22.310000	0.000000	0.001225
22.320000	0.000000	0.001217
22.330000	0.000000	0.001209
22.340000	0.000000	0.001201
22.350000	0.000000	0.001193
22.360000	0.000000	0.001184
22.370000	0.000000	0.001176
22.380000	0.000000	0.001168
22.390000	0.000000	0.001160
22.400000	0.000000	0.001152
22.410000	0.000000	0.001144
22.420000	0.000000	0.001136
22.430000	0.000000	0.001127
22.440000	0.000000	0.001120
22.450000	0.000000	0.001114
22.460000	0.000000	0.001108
22.470000	0.000000	0.001102
22.480000	0.000000	0.001096
22.490000	0.000000	0.001090
22.500000	0.000000	0.001084
22.510000	0.000000	0.001078
22.520000	0.000000	0.001072
22.530000	0.000000	0.001066
22.540000	0.000000	0.001060
22.550000	0.000000	0.001054
22.560000	0.000000	0.001048
22.570000	0.000000	0.001042
22.580000	0.000000	0.001036
22.590000	0.000000	0.001029
22.600000	0.000000	0.001023
22.610000	0.000000	0.001017
22.620000	0.000000	0.001011
22.630000	0.000000	0.001005
22.640000	0.000000	0.000999
22.650000	0.000000	0.000993
22.660000	0.000000	0.000987
22.670000	0.000000	0.000981
22.680000	0.000000	0.000975
22.690000	0.000000	0.000969
22.700000	0.000000	0.000963
22.710000	0.000000	0.000957
22.720000	0.000000	0.000951
22.730000	0.000000	0.000945
22.740000	0.000000	0.000939
22.750000	0.000000	0.000933
22.760000	0.000000	0.000927
22.770000	0.000000	0.000921
22.780000	0.000000	0.000916
22.790000	0.000000	0.000910
22.800000	0.000000	0.000905
22.810000	0.000000	0.000899
22.820000	0.000000	0.000894
22.830000	0.000000	0.000888
22.840000	0.000000	0.000883
22.850000	0.000000	0.000877
22.860000	0.000000	0.000872
22.870000	0.000000	0.000866
22.880000	0.000000	0.000861
22.890000	0.000000	0.000855
22.900000	0.000000	0.000850
22.910000	0.000000	0.000844
22.920000	0.000000	0.000839
22.930000	0.000000	0.000833
22.940000	0.000000	0.000828
22.950000	0.000000	0.000822
22.960000	0.000000	0.000817
22.970000	0.000000	0.000811
22.980000	0.000000	0.000806
22.990000	0.000000	0.000800
23.000000	0.000000	0.000795
23.010000	0.000000	0.000789
23.020000	0.000000	0.000784
23.030000	0.000000	0.000779
23.040000	0.000000	0.000773
23.050000	0.000000	0.000768
23.060000	0.000000	0.000762
23.070000	0.000000	0.000757
23.080000	0.000000	0.000753
23.090000	0.000000	0.000749
23.100000	0.000000	0.000745
23.110000	0.000000	0.000741
23.120000	0.000000	0.000736
23.130000	0.000000	0.000732
23.140000	0.000000	0.000728
23.150000	0.000000	0.000724
23.160000	0.000000	0.000720
23.170000	0.000000	0.000716
23.180000	0.000000	0.000712
23.190000	0.000000	0.000708
23.200000	0.000000	0.000704
23.210000	0.000000	0.000700
23.220000	0.000000	0.000696
23.230000	0.000000	0.000692
23.240000	0.000000	0.000688
23.250000	0.000000	0.000684
23.260000	0.000000	0.000680
23.270000	0.000000	0.000676
23.280000	0.000000	0.000672
23.290000	0.000000	0.000668
23.300000	0.000000	0.000664
23.310000	0.000000	0.000660
23.320000	0.000000	0.000656
23.330000	0.000000	0.000652
23.340000	0.000000	0.000648
23.350000	0.000000	0.000644
23.360000	0.000000	0.000640
23.370000	0.000000	0.000636
23.380000	0.000000	0.000632
23.390000	0.000000	0.000628
23.400000	0.000000	0.000624
23.410000	0.000000	0.000620
23.420000	0.000000	0.000616
23.430000	0.000000	0.000612
23.440000	0.000000	0.000607
23.450000	0.000000	0.000604
23.460000	0.000000	0.000600
23.470000	0.000000	0.000596
23.480000	0.000000	0.000593
23.490000	0.000000	0.000589
23.500000	0.000000	0.000585
23.510000	0.000000	0.000582
23.520000	0.000000	0.000578
23.530000	0.000000	0.000574
23.540000	0.000000	0.000571
23.550000	0.000000	0.000567
23.560000	0.000000	0.000563
23.570000	0.000000	0.000560
23.580000	0.000000	0.000556
23.590000	0.000000	0.000553
23.600000	0.000000	0.000549
23.610000	0.000000	0.000545
23.620000	0.000000	0.000541
23.630000	0.000000	0.000538
23.640000	0.000000	0.000534
23.650000	0.000000	0.000530
23.660000	0.000000	0.000527
23.670000	0.000000	0.000523
23.680000	0.000000	0.000519
23.690000	0.000000	0.000516
23.700000	0.000000	0.000512
23.710000	0.000000	0.000509
23.720000	0.000000	0.000506
23.730000	0.000000	0.000504
23.740000	0.000000	0.000501
23.750000	0.000000	0.000498
23.760000	0.000000	0.000495
23.770000	0.000000	0.000493
23.780000	0.000000	0.000490
23.790000	0.000000	0.000487
23.800000	0.000000	0.000484
23.810000	0.000000	0.000482
23.820000	0.000000	0.000479
23.830000	0.000000	0.000476
23.840000	0.000000	0.000473
23.850000	0.000000	0.000471
23.860000	0.000000	0.000468
23.870000	0.000000	0.000465
23.880000	0.000000	0.000463
23.890000	0.000000	0.000460
23.900000	0.000000	0.000457
23.910000	0.000000	0.000455
23.920000	0.000000	0.000452
23.930000	0.000000	0.000449
23.940000	0.000000	0.000446
23.950000	0.000000	0.000444
23.960000	0.000000	0.000441
23.970000	0.000000	0.000438
23.980000	0.000000	0.000436
23.990000	0.000000	0.000433
24.000000	0.000000	0.000430
24.010000	0.000000	0.000428
24.020000	0.000000	0.000425
24.030000	0.000000	0.000422
24.040000	0.000000	0.000420
24.050000	0.000000	0.000417
24.060000	0.000000	0.000414
24.070000	0.000000	0.000412
24.080000	0.000000	0.000409
24.090000	0.000000	0.000406
24.100000	0.000000	0.000404
24.110000	0.000000	0.000401
24.120000	0.000000	0.000398
24.130000	0.000000	0.000396
24.140000	0.000000	0.000393
24.150000	0.000000	0.000391
24.160000	0.000000	0.000388
24.170000	0.000000	0.000386
24.180000	0.000000	0.000383
24.190000	0.000000	0.000381
24.200000	0.000000	0.000379
24.210000	0.000000	0.000376
24.220000	0.000000	0.000374
24.230000	0.000000	0.000371
24.240000	0.000000	0.000369
24.250000	0.000000	0.000366
24.260000	0.000000	0.000364
24.270000	0.000000	0.000361
24.280000	0.000000	0.000359
24.290000	0.000000	0.000356
24.300000	0.000000	0.000354
24.310000	0.000000	0.000351
24.320000	0.000000	0.000349
24.330000	0.000000	0.000347
24.340000	0.000000	0.000344
24.350000	0.000000	0.000342
24.360000	0.000000	0.000340
24.370000	0.000000	0.000339
24.380000	0.000000	0.000337
24.390000	0.000000	0.000335
24.400000	0.000000	0.000333
24.410000	0.000000	0.000331
24.420000	0.000000	0.000329
24.430000	0.000000	0.000328
24.440000	0.000000	0.000326
24.450000	0.000000	0.000324
24.460000	0.000000	0.000322
24.470000	0.000000	0.000320
24.480000	0.000000	0.000318
24.490000	0.000000	0.000317
24.500000	0.000000	0.000315
24.510000	0.000000	0.000313
24.520000	0.000000	0.000311
24.530000	0.000000	0.000309
24.540000	0.000000	0.000308
24.550000	0.000000	0.000306
24.560000	0.000000	0.000304
24.570000	0.000000	0.000302
24.580000	0.000000	0.000300
24.590000	0.000000	0.000299
24.600000	0.000000	0.000297
24.610000	0.000000	0.000295
24.620000	0.000000	0.000293
24.630000	0.000000	0.000291
24.640000	0.000000	0.000290
24.650000	0.000000	0.000288
24.660000	0.000000	0.000286
24.670000	0.000000	0.000284
24.680000	0.000000	0.000282
24.690000	0.000000	0.000281
24.700000	0.000000	0.000279
24.710000	0.000000	0.000277
24.720000	0.000000	0.000275
24.730000	0.000000	0.000273
24.740000	0.000000	0.000272
24.750000	0.000000	0.000270
24.760000	0.000000	0.000268
24.770000	0.000000	0.000266
24.780000	0.000000	0.000264
24.790000	0.000000	0.000263
24.800000	0.000000	0.000261
24.810000	0.000000	0.000259
24.820000	0.000000	0.000258
24.830000	0.000000	0.000256
24.840000	0.000000	0.000254
24.850000	0.000000	0.000253
24.860000	0.000000	0.000251
24.870000	0.000000	0.000250
24.880000	0.000000	0.000248
24.890000	0.000000	0.000246
24.900000	0.000000	0.000245
24.910000	0.000000	0.000243
24.920000	0.000000	0.000241
24.930000	0.000000	0.000240
24.940000	0.000000	0.000238
24.950000	0.000000	0.000236
24.960000	0.000000	0.000235
24.970000	0.000000	0.000233
24.980000	0.000000	0.000232
24.990000	0.000000	0.000230
25.000000	0.000000	0.000229
25.010000	0.000000	0.000228
25.020000	0.000000	0.000227
25.030000	0.000000	0.000225
25.040000	0.000000	0.000224
25.050000	0.000000	0.000223
25.060000	0.000000	0.000222
25.070000	0.000000	0.000220
25.080000	0.000000	0.000219
25.090000	0.000000	0.000218
25.100000	0.000000	0.000217
25.110000	0.000000	0.000216
25.120000	0.000000	0.000214
25.130000	0.000000	0.000213
25.140000	0.000000	0.000212
25.150000	0.000000	0.000211
25.160000	0.000000	0.000209
25.170000	0.000000	0.000208
25.180000	0.000000	0.000207
25.190000	0.000000	0.000206
25.200000	0.000000	0.000205
25.210000	0.000000	0.000203
25.220000	0.000000	0.000202
25.230000	0.000000	0.000201
25.240000	0.000000	0.000200
25.250000	0.000000	0.000199
25.260000	0.000000	0.000197
25.270000	0.000000	0.000196
25.280000	0.000000	0.000195
25.290000	0.000000	0.000194
25.300000	0.000000	0.000193
25.310000	0.000000	0.000191
25.320000	0.000000	0.000190
25.330000	0.000000	0.000189
25.340000	0.000000	0.000188
25.350000	0.000000	0.000187
25.360000	0.000000	0.000185
25.370000	0.000000	0.000184
25.380000	0.000000	0.000183
25.390000	0.000000	0.000182
25.400000	0.000000	0.000181
25.410000	0.000000	0.000179
25.420000	0.000000	0.000178
25.430000	0.000000	0.000177
25.440000	0.000000	0.000176
25.450000	0.000000	0.000175
25.460000	0.000000	0.000173
25.470000	0.000000	0.000172
25.480000	0.000000	0.000171
25.490000	0.000000	0.000170
25.500000	0.000000	0.000169
25.510000	0.000000	0.000168
25.520000	0.000000	0.000167
25.530000	0.000000	0.000166
25.540000	0.000000	0.000165
25.550000	0.000000	0.000163
25.560000	0.000000	0.000162
25.570000	0.000000	0.000161
25.580000	0.000000	0.000160
25.590000	0.000000	0.000159
25.600000	0.000000	0.000158
25.610000	0.000000	0.000157
25.620000	0.000000	0.000156
25.630000	0.000000	0.000155
25.640000	0.000000	0.000154
25.650000	0.000000	0.000153
25.660000	0.000000	0.000153
25.670000	0.000000	0.000152
25.680000	0.000000	0.000151
25.690000	0.000000	0.000150
25.700000	0.000000	0.000149
25.710000	0.000000	0.000148
25.720000	0.000000	0.000148
25.730000	0.000000	0.000147
25.740000	0.000000	0.000146
25.750000	0.000000	0.000145
25.760000	0.000000	0.000144
25.770000	0.000000	0.000144
25.780000	0.000000	0.000143
25.790000	0.000000	0.000142
25.800000	0.000000	0.000141
25.810000	0.000000	0.000140
25.820000	0.000000	0.000139
25.830000	0.000000	0.000139
25.840000	0.000000	0.000138
25.850000	0.000000	0.000137
25.860000	0.000000	0.000136
25.870000	0.000000	0.000135
25.880000	0.000000	0.000135
25.890000	0.000000	0.000134
25.900000	0.000000	0.000133
25.910000	0.000000	0.000132
25.920000	0.000000	0.000131
25.930000	0.000000	0.000131
25.940000	0.000000	0.000130
25.950000	0.000000	0.000129
25.960000	0.000000	0.000128
25.970000	0.000000	0.000127
25.980000	0.000000	0.000127
25.990000	0.000000	0.000126
26.000000	0.000000	0.000125
26.010000	0.000000	0.000124
26.020000	0.000000	0.000123
26.030000	0.000000	0.000123
26.040000	0.000000	0.000122
26.050000	0.000000	0.000121
26.060000	0.000000	0.000120
26.070000	0.000000	0.000119
26.080000	0.000000	0.000119
26.090000	0.000000	0.000118
26.100000	0.000000	0.000117
26.110000	0.000000	0.000116
26.120000	0.000000	0.000115
26.130000	0.000000	0.000115
26.140000	0.000000	0.000114
26.150000	0.000000	0.000113
26.160000	0.000000	0.000112
26.170000	0.000000	0.000112
26.180000	0.000000	0.000111
26.190000	0.000000	0.000110
26.200000	0.000000	0.000109
26.210000	0.000000	0.000109
26.220000	0.000000	0.000108
26.230000	0.000000	0.000107
26.240000	0.000000	0.000106
26.250000	0.000000	0.000106
26.260000	0.000000	0.000105
26.270000	0.000000	0.000104
26.280000	0.000000	0.000104
26.290000	0.000000	0.000103
26.300000	0.000000	0.000103
26.310000	0.000000	0.000102
26.320000	0.000000	0.000102
26.330000	0.000000	0.000101
26.340000	0.000000	0.000101
26.350000	0.000000	0.000100
26.360000	0.000000	0.000099
26.370000	0.000000	0.000099
26.380000	0.000000	0.000098
26.390000	0.000000	0.000098
26.400000	0.000000	0.000097
26.410000	0.000000	0.000097
26.420000	0.000000	0.000096
26.430000	0.000000	0.000096
26.440000	0.000000	0.000095
26.450000	0.000000	0.000095
26.460000	0.000000	0.000094
26.470000	0.000000	0.000093
26.480000	0.000000	0.000093
26.490000	0.000000	0.000092
26.500000	0.000000	0.000092
26.510000	0.000000	0.000091
26.520000	0.000000	0.000091
26.530000	0.000000	0.000090
26.540000	0.000000	0.000090
26.550000	0.000000	0.000089
26.560000	0.000000	0.000089
26.570000	0.000000	0.000088
26.580000	0.000000	0.000088
26.590000	0.000000	0.000087
26.600000	0.000000	0.000086
26.610000	0.000000	0.000086
26.620000	0.000000	0.000085
26.630000	0.000000	0.000085
26.640000	0.000000	0.000084
26.650000	0.000000	0.000084
26.660000	0.000000	0.000083
26.670000	0.000000	0.000083
26.680000	0.000000	0.000082
26.690000	0.000000	0.000082
26.700000	0.000000	0.000081
26.710000	0.000000	0.000081
26.720000	0.000000	0.000080
26.730000	0.000000	0.000079
26.740000	0.000000	0.000079
26.750000	0.000000	0.000078
26.760000	0.000000	0.000078
26.770000	0.000000	0.000077
26.780000	0.000000	0.000077
26.790000	0.000000	0.000076
26.800000	0.000000	0.000076
26.810000	0.000000	0.000075
26.820000	0.000000	0.000075
26.830000	0.000000	0.000074
26.840000	0.000000	0.000074
26.850000	0.000000	0.000073
26.860000	0.000000	0.000073
26.870000	0.000000	0.000072
26.880000	0.000000	0.000072
26.890000	0.000000	0.000071
26.900000	0.000000	0.000071
26.910000	0.000000	0.000070
26.920000	0.000000	0.000070
26.930000	0.000000	0.000070
26.940000	0.000000	0.000069
26.950000	0.000000	0.000069
26.960000	0.000000	0.000069
26.970000	0.000000	0.000068
26.980000	0.000000	0.000068
26.990000	0.000000	0.000067
27.000000	0.000000	0.000067
27.010000	0.000000	0.000067
27.020000	0.000000	0.000066
27.030000	0.000000	0.000066
27.040000	0.000000	0.000066
27.050000	0.000000	0.000065
27.060000	0.000000	0.000065
27.070000	0.000000	0.000065
27.080000	0.000000	0.000064
27.090000	0.000000	0.000064
27.100000	0.000000	0.000063
27.110000	0.000000	0.000063
27.120000	0.000000	0.000063
27.130000	0.000000	0.000062
27.140000	0.000000	0.000062
27.150000	0.000000	0.000062
27.160000	0.000000	0.000061
27.170000	0.000000	0.000061
27.180000	0.000000	0.000061
27.190000	0.000000	0.000060
27.200000	0.000000	0.000060
27.210000	0.000000	0.000059
27.220000	0.000000	0.000059
27.230000	0.000000	0.000059
27.240000	0.000000	0.000058
27.250000	0.000000	0.000058
27.260000	0.000000	0.000058
27.270000	0.000000	0.000057
27.280000	0.000000	0.000057
27.290000	0.000000	0.000057
27.300000	0.000000	0.000056
27.310000	0.000000	0.000056
27.320000	0.000000	0.000055
27.330000	0.000000	0.000055
27.340000	0.000000	0.000055
27.350000	0.000000	0.000054
27.360000	0.000000	0.000054
27.370000	0.000000	0.000054
27.380000	0.000000	0.000053
27.390000	0.000000	0.000053
27.400000	0.000000	0.000053
27.410000	0.000000	0.000052
27.420000	0.000000	0.000052
27.430000	0.000000	0.000051
27.440000	0.000000	0.000051
27.450000	0.000000	0.000051
27.460000	0.000000	0.000050
27.470000	0.000000	0.000050
27.480000	0.000000	0.000050
27.490000	0.000000	0.000049
27.500000	0.000000	0.000049
27.510000	0.000000	0.000049
27.520000	0.000000	0.000048
27.530000	0.000000	0.000048
27.540000	0.000000	0.000048
27.550000	0.000000	0.000047
27.560000	0.000000	0.000047
27.570000	0.000000	0.000047
27.580000	0.000000	0.000047
27.590000	0.000000	0.000047
27.600000	0.000000	0.000046
27.610000	0.000000	0.000046
27.620000	0.000000	0.000046
27.630000	0.000000	0.000046
27.640000	0.000000	0.000045
27.650000	0.000000	0.000045
27.660000	0.000000	0.000045
27.670000	0.000000	0.000045
27.680000	0.000000	0.000044
27.690000	0.000000	0.000044
27.700000	0.000000	0.000044
27.710000	0.000000	0.000044
27.720000	0.000000	0.000043
27.730000	0.000000	0.000043
27.740000	0.000000	0.000043
27.750000	0.000000	0.000043
27.760000	0.000000	0.000042
27.770000	0.000000	0.000042
27.780000	0.000000	0.000042
27.790000	0.000000	0.000042
27.800000	0.000000	0.000041
27.810000	0.000000	0.000041
27.820000	0.000000	0.000041
27.830000	0.000000	0.000041
27.840000	0.000000	0.000040
27.850000	0.000000	0.000040
27.860000	0.000000	0.000040
27.870000	0.000000	0.000040
27.880000	0.000000	0.000039
27.890000	0.000000	0.000039
27.900000	0.000000	0.000039
27.910000	0.000000	0.000039
27.920000	0.000000	0.000038
27.930000	0.000000	0.000038
27.940000	0.000000	0.000038
27.950000	0.000000	0.000038
27.960000	0.000000	0.000038
27.970000	0.000000	0.000037
27.980000	0.000000	0.000037
27.990000	0.000000	0.000037
28.000000	0.000000	0.000037
28.010000	0.000000	0.000036
28.020000	0.000000	0.000036
28.030000	0.000000	0.000036
28.040000	0.000000	0.000036
28.050000	0.000000	0.000035
28.060000	0.000000	0.000035
28.070000	0.000000	0.000035
28.080000	0.000000	0.000035
28.090000	0.000000	0.000034
28.100000	0.000000	0.000034
28.110000	0.000000	0.000034
28.120000	0.000000	0.000034
28.130000	0.000000	0.000033
28.140000	0.000000	0.000033
28.150000	0.000000	0.000033
28.160000	0.000000	0.000033
28.170000	0.000000	0.000032
28.180000	0.000000	0.000032
28.190000	0.000000	0.000032
28.200000	0.000000	0.000032
28.210000	0.000000	0.000032
28.220000	0.000000	0.000032
28.230000	0.000000	0.000031
28.240000	0.000000	0.000031
28.250000	0.000000	0.000031
28.260000	0.000000	0.000031
28.270000	0.000000	0.000031
28.280000	0.000000	0.000031
28.290000	0.000000	0.000030
28.300000	0.000000	0.000030
28.310000	0.000000	0.000030
28.320000	0.000000	0.000030
28.330000	0.000000	0.000030
28.340000	0.000000	0.000030
28.350000	0.000000	0.000029
28.360000	0.000000	0.000029
28.370000	0.000000	0.000029
28.380000	0.000000	0.000029
28.390000	0.000000	0.000029
28.400000	0.000000	0.000029
28.410000	0.000000	0.000028
28.420000	0.000000	0.000028
28.430000	0.000000	0.000028
28.440000	0.000000	0.000028
28.450000	0.000000	0.000028
28.460000	0.000000	0.000028
28.470000	0.000000	0.000027
28.480000	0.000000	0.000027
28.490000	0.000000	0.000027
28.500000	0.000000	0.000027
28.510000	0.000000	0.000027
28.520000	0.000000	0.000027
28.530000	0.000000	0.000027
28.540000	0.000000	0.000026
28.550000	0.000000	0.000026
28.560000	0.000000	0.000026
28.570000	0.000000	0.000026
28.580000	0.000000	0.000026
28.590000	0.000000	0.000026
28.600000	0.000000	0.000025
28.610000	0.000000	0.000025
28.620000	0.000000	0.000025
28.630000	0.000000	0.000025
28.640000	0.000000	0.000025
28.650000	0.000000	0.000025
28.660000	0.000000	0.000024
28.670000	0.000000	0.000024
28.680000	0.000000	0.000024
28.690000	0.000000	0.000024
28.700000	0.000000	0.000024
28.710000	0.000000	0.000024
28.720000	0.000000	0.000023
28.730000	0.000000	0.000023
28.740000	0.000000	0.000023
28.750000	0.000000	0.000023
28.760000	0.000000	0.000023
28.770000	0.000000	0.000023
28.780000	0.000000	0.000022
28.790000	0.000000	0.000022
28.800000	0.000000	0.000022
28.810000	0.000000	0.000022
28.820000	0.000000	0.000022
28.830000	0.000000	0.000022
28.840000	0.000000	0.000022
28.850000	0.000000	0.000021
28.860000	0.000000	0.000021
28.870000	0.000000	0.000021
28.880000	0.000000	0.000021
28.890000	0.000000	0.000021
28.900000	0.000000	0.000021
28.910000	0.000000	0.000021
28.920000	0.000000	0.000021
28.930000	0.000000	0.000021
28.940000	0.000000	0.000020
28.950000	0.000000	0.000020
28.960000	0.000000	0.000020
28.970000	0.000000	0.000020
28.980000	0.000000	0.000020
28.990000	0.000000	0.000020
29.000000	0.000000	0.000020
29.010000	0.000000	0.000020
29.020000	0.000000	0.000020
29.030000	0.000000	0.000019
29.040000	0.000000	0.000019
29.050000	0.000000	0.000019
29.060000	0.000000	0.000019
29.070000	0.000000	0.000019
29.080000	0.000000	0.000019
29.090000	0.000000	0.000019
29.100000	0.000000	0.000019
29.110000	0.000000	0.000019
29.120000	0.000000	0.000018
29.130000	0.000000	0.000018
29.140000	0.000000	0.000018
29.150000	0.000000	0.000018
29.160000	0.000000	0.000018
29.170000	0.000000	0.000018
29.180000	0.000000	0.000018
29.190000	0.000000	0.000018
29.200000	0.000000	0.000018
29.210000	0.000000	0.000018
29.220000	0.000000	0.000017
29.230000	0.000000	0.000017
29.240000	0.000000	0.000017
29.250000	0.000000	0.000017
29.260000	0.000000	0.000017
29.270000	0.000000	0.000017
29.280000	0.000000	0.000017
29.290000	0.000000	0.000017
29.300000	0.000000	0.000017
29.310000	0.000000	0.000016
29.320000	0.000000	0.000016
29.330000	0.000000	0.000016
29.340000	0.000000	0.000016
29.350000	0.000000	0.000016
29.360000	0.000000	0.000016
29.370000	0.000000	0.000016
29.380000	0.000000	0.000016
29.390000	0.000000	0.000016
29.400000	0.000000	0.000015
29.410000	0.000000	0.000015
29.420000	0.000000	0.000015
29.430000	0.000000	0.000015
29.440000	0.000000	0.000015
29.450000	0.000000	0.000015
29.460000	0.000000	0.000015
29.470000	0.000000	0.000015
29.480000	0.000000	0.000015
29.490000	0.000000	0.000015
29.500000	0.000000	0.000014
29.510000	0.000000	0.000014
29.520000	0.000000	0.000014
29.530000	0.000000	0.000014
29.540000	0.000000	0.000014
29.550000	0.000000	0.000014
29.560000	0.000000	0.000014
29.570000	0.000000	0.000014
29.580000	0.000000	0.000014
29.590000	0.000000	0.000014
29.600000	0.000000	0.000014
29.610000	0.000000	0.000014
29.620000	0.000000	0.000014
29.630000	0.000000	0.000013
29.640000	0.000000	0.000013
29.650000	0.000000	0.000013
29.660000	0.000000	0.000013
29.670000	0.000000	0.000013
29.680000	0.000000	0.000013
29.690000	0.000000	0.000013
29.700000	0.000000	0.000013
29.710000	0.000000	0.000013
29.720000	0.000000	0.000013
29.730000	0.000000	0.000013
29.740000	0.000000	0.000013
29.750000	0.000000	0.000013
29.760000	0.000000	0.000013
29.770000	0.000000	0.000012
29.780000	0.000000	0.000012
29.790000	0.000000	0.000012
29.800000	0.000000	0.000012
29.810000	0.000000	0.000012
29.820000	0.000000	0.000012
29.830000	0.000000	0.000012
29.840000	0.000000	0.000012
29.850000	0.000000	0.000012
29.860000	0.000000	0.000012
29.870000	0.000000	0.000012
29.880000	0.000000	0.000012
29.890000	0.000000	0.000012
29.900000	0.000000	0.000011
29.910000	0.000000	0.000011
29.920000	0.000000	0.000011
29.930000	0.000000	0.000011
29.940000	0.000000	0.000011
29.950000	0.000000	0.000011
29.960000	0.000000	0.000011
29.970000	0.000000	0.000011
29.980000	0.000000	0.000011
29.990000	0.000000	0.000011
30.000000	0.000000	0.000011
30.010000	0.000000	0.000011
30.020000	0.000000	0.000011
30.030000	0.000000	0.000011
30.040000	0.000000	0.000010
30.050000	0.000000	0.000010
30.060000	0.000000	0.000010
30.070000	0.000000	0.000010
30.080000	0.000000	0.000010
30.090000	0.000000	0.000010
