0.100000	0.000000	2387273.706435
0.110000	0.000000	2794601.608498
0.120000	0.000000	1270533.011719
0.130000	0.000000	1720844.323351
0.140000	0.000000	698401.053933
0.150000	0.000000	276087.085091
0.160000	0.000000	234661.209461
0.170000	0.000000	209440.600141
0.180000	0.000000	234860.175096
0.190000	0.000000	231454.676023
0.200000	0.000000	198869.835342
0.210000	0.000000	206679.388629
0.220000	0.000000	181110.481019
0.230000	0.000000	212363.949202
0.240000	0.000000	230780.103361
0.250000	0.000000	181400.889835
0.260000	0.000000	252747.532943
0.270000	0.000000	124077.618879
0.280000	0.000000	199161.026215
0.290000	0.000000	127239.545353
0.300000	0.000000	137330.533771
0.310000	0.000000	103250.869955
0.320000	0.000000	95007.056573
0.330000	0.000000	105355.394209
0.340000	0.000000	94036.941205
0.350000	0.000000	80187.868919
0.360000	0.000000	111727.656413
0.370000	0.000000	124604.606906
0.380000	0.000000	70647.997787
0.390000	0.000000	77854.835349
0.400000	0.000000	64777.068782
0.410000	0.000000	58103.675823
0.420000	0.000000	62349.384604
0.430000	0.000000	61757.543232
0.440000	0.000000	50134.558178
0.450000	0.000000	52411.210746
0.460000	0.000000	45570.496617
0.470000	0.000000	45406.810147
0.480000	0.000000	41696.674287
0.490000	0.000000	69745.228178
0.500000	0.000000	56121.468814
0.510000	0.000000	35458.631743
0.520000	0.000000	37665.190744
0.530000	0.000000	37910.802223
0.540000	0.000000	32748.908459
0.550000	0.000000	34277.108223
0.560000	0.000000	43716.995078
0.570000	0.000000	47644.671265
0.580000	0.000000	32992.154693
0.590000	0.000000	32868.480797
0.600000	0.000000	26590.631609
0.610000	0.000000	28362.811153
0.620000	0.000000	34197.235698
0.630000	0.000000	28713.207961
0.640000	0.000000	25748.077586
0.650000	0.000000	305839.403078
0.660000	0.000000	178423.236735
0.670000	0.000000	36836.247499
0.680000	0.000000	28138.298041
0.690000	0.000000	87789.213345
0.700000	0.000000	111805.968847
0.710000	0.000000	279693.286162
0.720000	0.000000	594223.832245
0.730000	0.000000	96744.356172
0.740000	0.000000	311554.610324
0.750000	0.000000	55056.430315
0.760000	0.000000	235737.966208
0.770000	0.000000	492338.287515
0.780000	0.000000	187534.093647
0.790000	0.000000	172088.676037
0.800000	0.000000	258139.468611
0.810000	0.000000	212859.691848
0.820000	0.000000	531029.621647
0.830000	0.000000	329675.027252
0.840000	0.000000	204246.298846
0.850000	0.000000	284195.182803
0.860000	0.000000	418508.138351
0.870000	0.000000	409162.682955
0.880000	0.000000	155029.745831
0.890000	0.000000	181881.469246
0.900000	0.000000	250409.171926
0.910000	0.000000	363606.288395
0.920000	0.000000	203156.949682
0.930000	0.000000	86240.775411
0.940000	0.000000	93062.777468
0.950000	0.000000	131285.131149
0.960000	0.000000	176577.181818
0.970000	0.000000	74344.507988
0.980000	0.000000	53461.154114
0.990000	0.000000	84206.420743
1.000000	0.000000	120486.386463
1.010000	0.000000	186257.088178
1.020000	0.000000	128975.592282
1.030000	0.000000	25296.400908
1.040000	0.000000	29754.750650
1.050000	0.000000	32426.872573
1.060000	0.000000	29206.029336
1.070000	0.000000	66584.089419
1.080000	0.000000	57136.888402
1.090000	0.000000	59321.607354
1.100000	0.000000	42531.545739
1.110000	0.000000	35330.642447
1.120000	0.000000	32337.004745
1.130000	0.000000	17561.309624
1.140000	0.000000	44343.084174
1.150000	0.000000	30855.091554
1.160000	0.000000	43565.298441
1.170000	0.000000	44271.140037
1.180000	0.000000	30036.238592
1.190000	0.000000	20143.220956
1.200000	0.000000	20204.254150
1.210000	0.000000	22518.614132
1.220000	0.000000	16235.524190
1.230000	0.000000	12713.285755
1.240000	0.000000	13301.677019
1.250000	0.000000	16293.391742
1.260000	0.000000	10329.484852
1.270000	0.000000	24657.294838
1.280000	0.000000	8316.814742
1.290000	0.000000	7684.279752
1.300000	0.000000	10011.008975
1.310000	0.000000	11276.249354
1.320000	0.000000	8382.379670
1.330000	0.000000	8379.415839
1.340000	0.000000	9861.100713
1.350000	0.000000	8237.950268
1.360000	0.000000	7097.078459
1.370000	0.000000	6942.862065
1.380000	0.000000	5098.051816
1.390000	0.000000	5094.656371
1.400000	0.000000	5622.867491
1.410000	0.000000	4474.685686
1.420000	0.000000	4793.387767
1.430000	0.000000	4660.918052
1.440000	0.000000	5355.741125
1.450000	0.000000	3781.934017
1.460000	0.000000	3822.028606
1.470000	0.000000	3486.994367
1.480000	0.000000	3618.379995
1.490000	0.000000	3448.212418
1.500000	0.000000	3216.754540
1.510000	0.000000	3138.940100
1.520000	0.000000	3160.085806
1.530000	0.000000	3087.652023
1.540000	0.000000	2925.098082
1.550000	0.000000	2817.698254
1.560000	0.000000	2759.505556
1.570000	0.000000	2764.076797
1.580000	0.000000	2660.494413
1.590000	0.000000	2596.355292
1.600000	0.000000	2647.221066
1.610000	0.000000	2589.349098
1.620000	0.000000	2445.057399
1.630000	0.000000	2379.466699
1.640000	0.000000	2331.357029
1.650000	0.000000	2351.514179
1.660000	0.000000	2269.538884
1.670000	0.000000	2196.811697
1.680000	0.000000	2153.835408
1.690000	0.000000	2108.960480
1.700000	0.000000	2065.906483
1.710000	0.000000	2025.571453
1.720000	0.000000	1981.912088
1.730000	0.000000	1943.462975
1.740000	0.000000	1905.861622
1.750000	0.000000	1875.258114
1.760000	0.000000	1827.786517
1.770000	0.000000	1790.599822
1.780000	0.000000	1752.361680
1.790000	0.000000	1718.409977
1.800000	0.000000	1689.277381
1.810000	0.000000	1653.031561
1.820000	0.000000	1620.466281
1.830000	0.000000	1589.216465
1.840000	0.000000	1558.133974
1.850000	0.000000	1527.222321
1.860000	0.000000	1496.467154
1.870000	0.000000	1467.299248
1.880000	0.000000	1440.124428
1.890000	0.000000	1413.399555
1.900000	0.000000	1387.017945
1.910000	0.000000	1360.618160
1.920000	0.000000	1334.361732
1.930000	0.000000	1308.504894
1.940000	0.000000	1283.469999
1.950000	0.000000	1257.952850
1.960000	0.000000	1233.565883
1.970000	0.000000	1209.233665
1.980000	0.000000	1185.088916
1.990000	0.000000	1161.344495
2.000000	0.000000	1138.273069
2.010000	0.000000	1115.808068
2.020000	0.000000	1093.812485
2.030000	0.000000	1072.677488
2.040000	0.000000	1052.231741
2.050000	0.000000	1032.094249
2.060000	0.000000	1013.125273
2.070000	0.000000	995.668041
2.080000	0.000000	977.751900
2.090000	0.000000	960.139047
2.100000	0.000000	942.772607
2.110000	0.000000	925.961365
2.120000	0.000000	1026.852754
2.130000	0.000000	953.250875
2.140000	0.000000	930.656261
2.150000	0.000000	1007.909257
2.160000	0.000000	892.392162
2.170000	0.000000	825.545967
2.180000	0.000000	809.509902
2.190000	0.000000	793.569111
2.200000	0.000000	777.701070
2.210000	0.000000	762.030284
2.220000	0.000000	746.688412
2.230000	0.000000	731.705051
2.240000	0.000000	717.423468
2.250000	0.000000	704.391760
2.260000	0.000000	692.718403
2.270000	0.000000	682.996955
2.280000	0.000000	669.868879
2.290000	0.000000	658.755575
2.300000	0.000000	663.856991
2.310000	0.000000	637.090785
2.320000	0.000000	622.155462
2.330000	0.000000	611.249705
2.340000	0.000000	600.502043
2.350000	0.000000	589.778431
2.360000	0.000000	579.075515
2.370000	0.000000	568.389074
2.380000	0.000000	557.708258
2.390000	0.000000	547.058712
2.400000	0.000000	536.473874
2.410000	0.000000	525.926487
2.420000	0.000000	515.405470
2.430000	0.000000	504.986525
2.440000	0.000000	494.858833
2.450000	0.000000	484.902621
2.460000	0.000000	481.347966
2.470000	0.000000	469.627315
2.480000	0.000000	460.872728
2.490000	0.000000	452.989335
2.500000	0.000000	445.234302
2.510000	0.000000	450.012772
2.520000	0.000000	438.706975
2.530000	0.000000	422.508520
2.540000	0.000000	415.314983
2.550000	0.000000	408.150468
2.560000	0.000000	401.044357
2.570000	0.000000	394.478071
2.580000	0.000000	388.644282
2.590000	0.000000	380.163975
2.600000	0.000000	372.710952
2.610000	0.000000	365.477177
2.620000	0.000000	358.073069
2.630000	0.000000	352.027280
2.640000	0.000000	349.773786
2.650000	0.000000	338.733953
2.660000	0.000000	331.307956
2.670000	0.000000	325.337836
2.680000	0.000000	319.503344
2.690000	0.000000	314.342524
2.700000	0.000000	310.467409
2.710000	0.000000	305.309162
2.720000	0.000000	299.172418
2.730000	0.000000	295.597125
2.740000	0.000000	301.916623
2.750000	0.000000	326.616180
2.760000	0.000000	299.717293
2.770000	0.000000	308.552442
2.780000	0.000000	366.324890
2.790000	0.000000	267.619131
2.800000	0.000000	259.898828
2.810000	0.000000	255.127676
2.820000	0.000000	250.472132
2.830000	0.000000	245.786451
2.840000	0.000000	241.114096
2.850000	0.000000	236.475799
2.860000	0.000000	232.059863
2.870000	0.000000	228.094345
2.880000	0.000000	224.065159
2.890000	0.000000	219.766701
2.900000	0.000000	215.801035
2.910000	0.000000	211.946218
2.920000	0.000000	208.484809
2.930000	0.000000	205.168448
2.940000	0.000000	201.790941
2.950000	0.000000	198.671788
2.960000	0.000000	195.856186
2.970000	0.000000	191.725567
2.980000	0.000000	188.530135
2.990000	0.000000	185.322414
3.000000	0.000000	182.241521
3.010000	0.000000	179.008728
3.020000	0.000000	175.776018
3.030000	0.000000	174.338326
3.040000	0.000000	172.202541
3.050000	0.000000	167.648724
3.060000	0.000000	163.342525
3.070000	0.000000	162.044492
3.080000	0.000000	164.453959
3.090000	0.000000	220.797406
3.100000	0.000000	552.439591
3.110000	0.000000	233.872191
3.120000	0.000000	374.743224
3.130000	0.000000	746.851518
3.140000	0.000000	212.464478
3.150000	0.000000	138.725549
3.160000	0.000000	136.300178
3.170000	0.000000	134.223258
3.180000	0.000000	132.272299
3.190000	0.000000	130.074545
3.200000	0.000000	129.918006
3.210000	0.000000	128.208978
3.220000	0.000000	123.911387
3.230000	0.000000	121.541346
3.240000	0.000000	119.416832
3.250000	0.000000	117.397029
3.260000	0.000000	116.197029
3.270000	0.000000	118.756558
3.280000	0.000000	112.066852
3.290000	0.000000	109.504937
3.300000	0.000000	107.584447
3.310000	0.000000	106.821125
3.320000	0.000000	105.791912
3.330000	0.000000	102.291621
3.340000	0.000000	99.853111
3.350000	0.000000	99.038264
3.360000	0.000000	97.218275
3.370000	0.000000	94.772310
3.380000	0.000000	92.974714
3.390000	0.000000	91.493401
3.400000	0.000000	90.062832
3.410000	0.000000	88.719852
3.420000	0.000000	87.354124
3.430000	0.000000	86.728477
3.440000	0.000000	86.259913
3.450000	0.000000	83.358716
3.460000	0.000000	81.878947
3.470000	0.000000	90.464872
3.480000	0.000000	81.566147
3.490000	0.000000	81.377903
3.500000	0.000000	85.993686
3.510000	0.000000	79.095883
3.520000	0.000000	73.687402
3.530000	0.000000	72.170333
3.540000	0.000000	70.949892
3.550000	0.000000	69.885757
3.560000	0.000000	68.752072
3.570000	0.000000	67.592951
3.580000	0.000000	67.232091
3.590000	0.000000	66.396736
3.600000	0.000000	68.013338
3.610000	0.000000	92.628394
3.620000	0.000000	68.903943
3.630000	0.000000	60.949175
3.640000	0.000000	60.048759
3.650000	0.000000	58.761254
3.660000	0.000000	57.786909
3.670000	0.000000	58.217751
3.680000	0.000000	77.331578
3.690000	0.000000	67.873826
3.700000	0.000000	54.077655
3.710000	0.000000	53.124901
3.720000	0.000000	52.237262
3.730000	0.000000	51.432543
3.740000	0.000000	50.674505
3.750000	0.000000	49.862604
3.760000	0.000000	48.943510
3.770000	0.000000	49.028464
3.780000	0.000000	57.689203
3.790000	0.000000	52.399976
3.800000	0.000000	47.456164
3.810000	0.000000	46.072212
3.820000	0.000000	44.250744
3.830000	0.000000	43.763371
3.840000	0.000000	47.953256
3.850000	0.000000	89.162007
3.860000	0.000000	112.642883
3.870000	0.000000	91.363246
3.880000	0.000000	71.063492
3.890000	0.000000	94.450827
3.900000	0.000000	99.772318
3.910000	0.000000	37.873127
3.920000	0.000000	37.278091
3.930000	0.000000	36.773594
3.940000	0.000000	35.999482
3.950000	0.000000	35.464507
3.960000	0.000000	38.689210
3.970000	0.000000	34.493639
3.980000	0.000000	33.739733
3.990000	0.000000	33.194946
4.000000	0.000000	34.051192
4.010000	0.000000	32.685614
4.020000	0.000000	31.616375
4.030000	0.000000	31.675102
4.040000	0.000000	31.424350
4.050000	0.000000	30.752068
4.060000	0.000000	30.121875
4.070000	0.000000	29.367102
4.080000	0.000000	28.695953
4.090000	0.000000	27.959738
4.100000	0.000000	27.544521
4.110000	0.000000	27.129277
4.120000	0.000000	27.235493
4.130000	0.000000	26.302172
4.140000	0.000000	25.927738
4.150000	0.000000	25.471462
4.160000	0.000000	25.044204
4.170000	0.000000	24.635052
4.180000	0.000000	24.251820
4.190000	0.000000	23.881519
4.200000	0.000000	23.512494
4.210000	0.000000	23.144269
4.220000	0.000000	22.777008
4.230000	0.000000	22.520810
4.240000	0.000000	22.286003
4.250000	0.000000	21.753459
4.260000	0.000000	21.331750
4.270000	0.000000	20.995545
4.280000	0.000000	20.606798
4.290000	0.000000	20.237848
4.300000	0.000000	19.878475
4.310000	0.000000	19.547699
4.320000	0.000000	19.206857
4.330000	0.000000	19.102897
4.340000	0.000000	18.663892
4.350000	0.000000	18.274265
4.360000	0.000000	17.979728
4.370000	0.000000	17.681147
4.380000	0.000000	17.385038
4.390000	0.000000	17.105710
4.400000	0.000000	16.829202
4.410000	0.000000	16.565739
4.420000	0.000000	16.330282
4.430000	0.000000	16.119485
4.440000	0.000000	15.824752
4.450000	0.000000	15.583233
4.460000	0.000000	15.454601
4.470000	0.000000	15.191706
4.480000	0.000000	15.488862
4.490000	0.000000	14.756735
4.500000	0.000000	20.271255
4.510000	0.000000	17.344770
4.520000	0.000000	14.419620
4.530000	0.000000	13.761742
4.540000	0.000000	13.493388
4.550000	0.000000	13.177062
4.560000	0.000000	12.959464
4.570000	0.000000	14.073059
4.580000	0.000000	15.394672
4.590000	0.000000	12.313150
4.600000	0.000000	12.113478
4.610000	0.000000	11.921635
4.620000	0.000000	11.745961
4.630000	0.000000	11.530172
4.640000	0.000000	11.346940
4.650000	0.000000	11.208577
4.660000	0.000000	11.013078
4.670000	0.000000	10.841646
4.680000	0.000000	10.787439
4.690000	0.000000	10.741666
4.700000	0.000000	10.866499
4.710000	0.000000	11.505999
4.720000	0.000000	11.776496
4.730000	0.000000	11.139082
4.740000	0.000000	10.356070
4.750000	0.000000	9.848098
4.760000	0.000000	9.638282
4.770000	0.000000	9.215391
4.780000	0.000000	9.063172
4.790000	0.000000	8.913916
4.800000	0.000000	8.760508
4.810000	0.000000	8.697895
4.820000	0.000000	10.472774
4.830000	0.000000	8.988109
4.840000	0.000000	8.263523
4.850000	0.000000	8.215358
4.860000	0.000000	8.009892
4.870000	0.000000	7.791153
4.880000	0.000000	7.669072
4.890000	0.000000	7.557041
4.900000	0.000000	7.446201
4.910000	0.000000	7.335704
4.920000	0.000000	7.322774
4.930000	0.000000	7.437480
4.940000	0.000000	7.006036
4.950000	0.000000	6.896455
4.960000	0.000000	6.787319
4.970000	0.000000	6.672557
4.980000	0.000000	6.729614
4.990000	0.000000	6.480772
5.000000	0.000000	6.348926
5.010000	0.000000	6.243796
5.020000	0.000000	6.210597
5.030000	0.000000	6.079578
5.040000	0.000000	5.975685
5.050000	0.000000	5.890409
5.060000	0.000000	5.768130
5.070000	0.000000	5.665813
5.080000	0.000000	5.571833
5.090000	0.000000	5.461608
5.100000	0.000000	5.375378
5.110000	0.000000	5.285147
5.120000	0.000000	5.204970
5.130000	0.000000	5.138016
5.140000	0.000000	5.063610
5.150000	0.000000	4.995908
5.160000	0.000000	4.921937
5.170000	0.000000	4.842690
5.180000	0.000000	4.768257
5.190000	0.000000	4.695206
5.200000	0.000000	4.621330
5.210000	0.000000	4.545808
5.220000	0.000000	4.471736
5.230000	0.000000	4.399475
5.240000	0.000000	4.326977
5.250000	0.000000	4.255941
5.260000	0.000000	4.186912
5.270000	0.000000	4.118908
5.280000	0.000000	4.050971
5.290000	0.000000	3.984148
5.300000	0.000000	3.916111
5.310000	0.000000	3.848775
5.320000	0.000000	3.783041
5.330000	0.000000	3.719100
5.340000	0.000000	3.659137
5.350000	0.000000	3.600628
5.360000	0.000000	3.545973
5.370000	0.000000	3.492541
5.380000	0.000000	3.439687
5.390000	0.000000	3.388778
5.400000	0.000000	3.339399
5.410000	0.000000	3.290649
5.420000	0.000000	3.242664
5.430000	0.000000	3.194761
5.440000	0.000000	3.146971
5.450000	0.000000	3.101653
5.460000	0.000000	3.063523
5.470000	0.000000	3.007568
5.480000	0.000000	2.950246
5.490000	0.000000	2.963123
5.500000	0.000000	2.893692
5.510000	0.000000	2.820326
5.520000	0.000000	2.767333
5.530000	0.000000	2.750702
5.540000	0.000000	2.702749
5.550000	0.000000	2.634916
5.560000	0.000000	2.588664
5.570000	0.000000	2.572588
5.580000	0.000000	2.541281
5.590000	0.000000	2.457199
5.600000	0.000000	2.427879
5.610000	0.000000	2.423699
5.620000	0.000000	2.379862
5.630000	0.000000	2.403698
5.640000	0.000000	2.322942
5.650000	0.000000	2.263984
5.660000	0.000000	2.222810
5.670000	0.000000	2.206880
5.680000	0.000000	2.154516
5.690000	0.000000	2.109904
5.700000	0.000000	2.075765
5.710000	0.000000	2.043239
5.720000	0.000000	2.010716
5.730000	0.000000	1.978509
5.740000	0.000000	1.946793
5.750000	0.000000	1.919913
5.760000	0.000000	1.896953
5.770000	0.000000	1.861131
5.780000	0.000000	1.828004
5.790000	0.000000	1.796019
5.800000	0.000000	1.767769
5.810000	0.000000	1.734332
5.820000	0.000000	1.704889
5.830000	0.000000	1.675750
5.840000	0.000000	1.648413
5.850000	0.000000	1.623915
5.860000	0.000000	1.601945
5.870000	0.000000	1.577888
5.880000	0.000000	1.557729
5.890000	0.000000	1.534010
5.900000	0.000000	1.508431
5.910000	0.000000	1.488054
5.920000	0.000000	1.465603
5.930000	0.000000	1.442774
5.940000	0.000000	1.421821
5.950000	0.000000	1.403412
5.960000	0.000000	1.378522
5.970000	0.000000	1.353700
5.980000	0.000000	1.336924
5.990000	0.000000	1.316730
6.000000	0.000000	1.291844
6.010000	0.000000	1.270033
6.020000	0.000000	1.253403
6.030000	0.000000	1.234505
6.040000	0.000000	1.210618
6.050000	0.000000	1.188998
6.060000	0.000000	1.172359
6.070000	0.000000	1.153223
6.080000	0.000000	1.130239
6.090000	0.000000	1.111333
6.100000	0.000000	1.095854
6.110000	0.000000	1.082310
6.120000	0.000000	1.066301
6.130000	0.000000	1.049724
6.140000	0.000000	1.031904
6.150000	0.000000	1.015931
6.160000	0.000000	1.000140
6.170000	0.000000	0.986033
6.180000	0.000000	0.970624
6.190000	0.000000	0.955789
6.200000	0.000000	0.941283
6.210000	0.000000	0.926633
6.220000	0.000000	0.912196
6.230000	0.000000	0.897822
6.240000	0.000000	0.883669
6.250000	0.000000	0.870160
6.260000	0.000000	0.856736
6.270000	0.000000	0.843272
6.280000	0.000000	0.829916
6.290000	0.000000	0.815984
6.300000	0.000000	0.802160
6.310000	0.000000	0.788562
6.320000	0.000000	0.776851
6.330000	0.000000	0.765408
6.340000	0.000000	0.751115
6.350000	0.000000	0.739036
6.360000	0.000000	0.728127
6.370000	0.000000	0.717606
6.380000	0.000000	0.707242
6.390000	0.000000	0.697909
6.400000	0.000000	0.695312
6.410000	0.000000	0.875827
6.420000	0.000000	1.307819
6.430000	0.000000	1.390077
6.440000	0.000000	0.774826
6.450000	0.000000	1.022921
6.460000	0.000000	1.515359
6.470000	0.000000	1.336933
6.480000	0.000000	0.759057
6.490000	0.000000	2.731870
6.500000	0.000000	2.669118
6.510000	0.000000	1.153181
6.520000	0.000000	0.743474
6.530000	0.000000	1.227806
6.540000	0.000000	1.244313
6.550000	0.000000	0.831196
6.560000	0.000000	0.602513
6.570000	0.000000	0.838949
6.580000	0.000000	0.999562
6.590000	0.000000	0.680767
6.600000	0.000000	0.611408
6.610000	0.000000	0.682809
6.620000	0.000000	0.629997
6.630000	0.000000	0.513346
6.640000	0.000000	0.525588
6.650000	0.000000	0.565228
6.660000	0.000000	0.502349
6.670000	0.000000	0.493497
6.680000	0.000000	0.460658
6.690000	0.000000	0.450535
6.700000	0.000000	0.458467
6.710000	0.000000	0.440272
6.720000	0.000000	0.419078
6.730000	0.000000	0.410240
6.740000	0.000000	0.403945
6.750000	0.000000	0.397778
6.760000	0.000000	0.391685
6.770000	0.000000	0.385542
6.780000	0.000000	0.379443
6.790000	0.000000	0.373342
6.800000	0.000000	0.367251
6.810000	0.000000	0.361058
6.820000	0.000000	0.354994
6.830000	0.000000	0.349198
6.840000	0.000000	0.343803
6.850000	0.000000	0.338474
6.860000	0.000000	0.333207
6.870000	0.000000	0.328276
6.880000	0.000000	0.323523
6.890000	0.000000	0.318798
6.900000	0.000000	0.314997
6.910000	0.000000	0.310553
6.920000	0.000000	0.304822
6.930000	0.000000	0.300327
6.940000	0.000000	0.295630
6.950000	0.000000	0.291442
6.960000	0.000000	0.286764
6.970000	0.000000	0.282383
6.980000	0.000000	0.277855
6.990000	0.000000	0.273522
7.000000	0.000000	0.269427
7.010000	0.000000	0.265337
7.020000	0.000000	0.261409
7.030000	0.000000	0.257231
7.040000	0.000000	0.253096
7.050000	0.000000	0.249340
7.060000	0.000000	0.245338
7.070000	0.000000	0.241167
7.080000	0.000000	0.237181
7.090000	0.000000	0.233324
7.100000	0.000000	0.229810
7.110000	0.000000	0.226393
7.120000	0.000000	0.222798
7.130000	0.000000	0.219465
7.140000	0.000000	0.216317
7.150000	0.000000	0.212981
7.160000	0.000000	0.209877
7.170000	0.000000	0.207181
7.180000	0.000000	0.204226
7.190000	0.000000	0.212023
7.200000	0.000000	0.202036
7.210000	0.000000	0.194454
7.220000	0.000000	0.191527
7.230000	0.000000	0.188608
7.240000	0.000000	0.185736
7.250000	0.000000	0.183292
7.260000	0.000000	0.183399
7.270000	0.000000	0.183736
7.280000	0.000000	0.175193
7.290000	0.000000	0.172196
7.300000	0.000000	0.169293
7.310000	0.000000	0.166578
7.320000	0.000000	0.163668
7.330000	0.000000	0.161109
7.340000	0.000000	0.160386
7.350000	0.000000	0.160090
7.360000	0.000000	0.155466
7.370000	0.000000	0.151744
7.380000	0.000000	0.149121
7.390000	0.000000	0.146856
7.400000	0.000000	0.144722
7.410000	0.000000	0.142992
7.420000	0.000000	0.142535
7.430000	0.000000	0.141786
7.440000	0.000000	0.137974
7.450000	0.000000	0.134971
7.460000	0.000000	0.132788
7.470000	0.000000	0.130239
7.480000	0.000000	0.128359
7.490000	0.000000	0.129656
7.500000	0.000000	0.125855
7.510000	0.000000	0.128141
7.520000	0.000000	0.124520
7.530000	0.000000	0.121366
7.540000	0.000000	0.119950
7.550000	0.000000	0.117265
7.560000	0.000000	0.113967
7.570000	0.000000	0.111812
7.580000	0.000000	0.110310
7.590000	0.000000	0.108437
7.600000	0.000000	0.106441
7.610000	0.000000	0.104879
7.620000	0.000000	0.103976
7.630000	0.000000	0.103234
7.640000	0.000000	0.100086
7.650000	0.000000	0.098394
7.660000	0.000000	0.096921
7.670000	0.000000	0.095507
7.680000	0.000000	0.094137
7.690000	0.000000	0.092708
7.700000	0.000000	0.091287
7.710000	0.000000	0.089900
7.720000	0.000000	0.089422
7.730000	0.000000	0.087964
7.740000	0.000000	0.085994
7.750000	0.000000	0.084766
7.760000	0.000000	0.083760
7.770000	0.000000	0.083382
7.780000	0.000000	0.084132
7.790000	0.000000	0.084755
7.800000	0.000000	0.081586
7.810000	0.000000	0.077714
7.820000	0.000000	0.076857
7.830000	0.000000	0.075627
7.840000	0.000000	0.073612
7.850000	0.000000	0.072617
7.860000	0.000000	0.071351
7.870000	0.000000	0.070251
7.880000	0.000000	0.069143
7.890000	0.000000	0.068049
7.900000	0.000000	0.067000
7.910000	0.000000	0.066000
7.920000	0.000000	0.065050
7.930000	0.000000	0.064106
7.940000	0.000000	0.063165
7.950000	0.000000	0.062226
7.960000	0.000000	0.061311
7.970000	0.000000	0.060520
7.980000	0.000000	0.059408
7.990000	0.000000	0.058458
8.000000	0.000000	0.057575
8.010000	0.000000	0.056709
8.020000	0.000000	0.055878
8.030000	0.000000	0.055058
8.040000	0.000000	0.054240
8.050000	0.000000	0.053422
8.060000	0.000000	0.052604
8.070000	0.000000	0.051787
8.080000	0.000000	0.050971
8.090000	0.000000	0.050190
8.100000	0.000000	0.049413
8.110000	0.000000	0.048583
8.120000	0.000000	0.047869
8.130000	0.000000	0.047159
8.140000	0.000000	0.046450
8.150000	0.000000	0.045736
8.160000	0.000000	0.045433
8.170000	0.000000	0.044335
8.180000	0.000000	0.043735
8.190000	0.000000	0.043060
8.200000	0.000000	0.042415
8.210000	0.000000	0.041837
8.220000	0.000000	0.041182
8.230000	0.000000	0.040520
8.240000	0.000000	0.039892
8.250000	0.000000	0.039282
8.260000	0.000000	0.038691
8.270000	0.000000	0.038114
8.280000	0.000000	0.037561
8.290000	0.000000	0.037023
8.300000	0.000000	0.036462
8.310000	0.000000	0.035915
8.320000	0.000000	0.035356
8.330000	0.000000	0.034786
8.340000	0.000000	0.034395
8.350000	0.000000	0.033718
8.360000	0.000000	0.033183
8.370000	0.000000	0.032662
8.380000	0.000000	0.032174
8.390000	0.000000	0.031720
8.400000	0.000000	0.031247
8.410000	0.000000	0.030757
8.420000	0.000000	0.030334
8.430000	0.000000	0.029904
8.440000	0.000000	0.029374
8.450000	0.000000	0.028953
8.460000	0.000000	0.028531
8.470000	0.000000	0.028111
8.480000	0.000000	0.027696
8.490000	0.000000	0.027254
8.500000	0.000000	0.026827
8.510000	0.000000	0.026435
8.520000	0.000000	0.026036
8.530000	0.000000	0.025625
8.540000	0.000000	0.025247
8.550000	0.000000	0.024880
8.560000	0.000000	0.024513
8.570000	0.000000	0.024147
8.580000	0.000000	0.023783
8.590000	0.000000	0.023421
8.600000	0.000000	0.023061
8.610000	0.000000	0.022698
8.620000	0.000000	0.022328
8.630000	0.000000	0.021989
8.640000	0.000000	0.021668
8.650000	0.000000	0.021352
8.660000	0.000000	0.021017
8.670000	0.000000	0.020694
8.680000	0.000000	0.020379
8.690000	0.000000	0.020067
8.700000	0.000000	0.019766
8.710000	0.000000	0.019487
8.720000	0.000000	0.019201
8.730000	0.000000	0.018915
8.740000	0.000000	0.018633
8.750000	0.000000	0.018351
8.760000	0.000000	0.018070
8.770000	0.000000	0.017789
8.780000	0.000000	0.017514
8.790000	0.000000	0.017253
8.800000	0.000000	0.017004
8.810000	0.000000	0.016757
8.820000	0.000000	0.016515
8.830000	0.000000	0.016254
8.840000	0.000000	0.016006
8.850000	0.000000	0.015761
8.860000	0.000000	0.015517
8.870000	0.000000	0.015273
8.880000	0.000000	0.015034
8.890000	0.000000	0.014808
8.900000	0.000000	0.014592
8.910000	0.000000	0.014379
8.920000	0.000000	0.014166
8.930000	0.000000	0.013954
8.940000	0.000000	0.013743
8.950000	0.000000	0.013530
8.960000	0.000000	0.013322
8.970000	0.000000	0.013128
8.980000	0.000000	0.012939
8.990000	0.000000	0.012749
9.000000	0.000000	0.012550
9.010000	0.000000	0.012361
9.020000	0.000000	0.012173
9.030000	0.000000	0.011984
9.040000	0.000000	0.011798
9.050000	0.000000	0.011619
9.060000	0.000000	0.011450
9.070000	0.000000	0.011286
9.080000	0.000000	0.011122
9.090000	0.000000	0.010958
9.100000	0.000000	0.010794
9.110000	0.000000	0.010631
9.120000	0.000000	0.010467
9.130000	0.000000	0.010304
9.140000	0.000000	0.010143
9.150000	0.000000	0.009992
9.160000	0.000000	0.009841
9.170000	0.000000	0.009692
9.180000	0.000000	0.009550
9.190000	0.000000	0.009408
9.200000	0.000000	0.009266
9.210000	0.000000	0.009124
9.220000	0.000000	0.008983
9.230000	0.000000	0.008849
9.240000	0.000000	0.008721
9.250000	0.000000	0.008595
9.260000	0.000000	0.008469
9.270000	0.000000	0.008343
9.280000	0.000000	0.008217
9.290000	0.000000	0.008091
9.300000	0.000000	0.007965
9.310000	0.000000	0.007841
9.320000	0.000000	0.007725
9.330000	0.000000	0.007610
9.340000	0.000000	0.007498
9.350000	0.000000	0.007388
9.360000	0.000000	0.007279
9.370000	0.000000	0.007169
9.380000	0.000000	0.007060
9.390000	0.000000	0.006950
9.400000	0.000000	0.006843
9.410000	0.000000	0.006741
9.420000	0.000000	0.006642
9.430000	0.000000	0.006546
9.440000	0.000000	0.006450
9.450000	0.000000	0.006355
9.460000	0.000000	0.006260
9.470000	0.000000	0.006165
9.480000	0.000000	0.006070
9.490000	0.000000	0.005976
9.500000	0.000000	0.005884
9.510000	0.000000	0.005798
9.520000	0.000000	0.005714
9.530000	0.000000	0.005630
9.540000	0.000000	0.005545
9.550000	0.000000	0.005461
9.560000	0.000000	0.005377
9.570000	0.000000	0.005293
9.580000	0.000000	0.005213
9.590000	0.000000	0.005137
9.600000	0.000000	0.005064
9.610000	0.000000	0.004990
9.620000	0.000000	0.004917
9.630000	0.000000	0.004844
9.640000	0.000000	0.004770
9.650000	0.000000	0.004697
9.660000	0.000000	0.004624
9.670000	0.000000	0.004552
9.680000	0.000000	0.004485
9.690000	0.000000	0.004420
9.700000	0.000000	0.004356
9.710000	0.000000	0.004292
9.720000	0.000000	0.004228
9.730000	0.000000	0.004165
9.740000	0.000000	0.004101
9.750000	0.000000	0.004038
9.760000	0.000000	0.003977
9.770000	0.000000	0.003919
9.780000	0.000000	0.003862
9.790000	0.000000	0.003806
9.800000	0.000000	0.003749
9.810000	0.000000	0.003693
9.820000	0.000000	0.003636
9.830000	0.000000	0.003579
9.840000	0.000000	0.003521
9.850000	0.000000	0.003469
9.860000	0.000000	0.003419
9.870000	0.000000	0.003370
9.880000	0.000000	0.003321
9.890000	0.000000	0.003272
9.900000	0.000000	0.003223
9.910000	0.000000	0.003174
9.920000	0.000000	0.003125
9.930000	0.000000	0.003079
9.940000	0.000000	0.003034
9.950000	0.000000	0.002990
9.960000	0.000000	0.002947
9.970000	0.000000	0.002904
9.980000	0.000000	0.002861
9.990000	0.000000	0.002818
10.000000	0.000000	0.002775
10.010000	0.000000	0.002731
10.020000	0.000000	0.002688
10.030000	0.000000	0.002648
10.040000	0.000000	0.002610
10.050000	0.000000	0.002572
10.060000	0.000000	0.002534
10.070000	0.000000	0.002496
10.080000	0.000000	0.002459
10.090000	0.000000	0.002421
10.100000	0.000000	0.002384
10.110000	0.000000	0.002347
10.120000	0.000000	0.002313
10.130000	0.000000	0.002280
10.140000	0.000000	0.002247
10.150000	0.000000	0.002214
10.160000	0.000000	0.002181
10.170000	0.000000	0.002147
10.180000	0.000000	0.002113
10.190000	0.000000	0.002082
10.200000	0.000000	0.002052
10.210000	0.000000	0.002022
10.220000	0.000000	0.001993
10.230000	0.000000	0.001964
10.240000	0.000000	0.001935
10.250000	0.000000	0.001907
10.260000	0.000000	0.001878
10.270000	0.000000	0.001850
10.280000	0.000000	0.001821
10.290000	0.000000	0.001793
10.300000	0.000000	0.001766
10.310000	0.000000	0.001741
10.320000	0.000000	0.001716
10.330000	0.000000	0.001690
10.340000	0.000000	0.001664
10.350000	0.000000	0.001638
10.360000	0.000000	0.001613
10.370000	0.000000	0.001588
10.380000	0.000000	0.001564
10.390000	0.000000	0.001542
10.400000	0.000000	0.001519
10.410000	0.000000	0.001497
10.420000	0.000000	0.001476
10.430000	0.000000	0.001454
10.440000	0.000000	0.001432
10.450000	0.000000	0.001410
10.460000	0.000000	0.001390
10.470000	0.000000	0.001370
10.480000	0.000000	0.001350
10.490000	0.000000	0.001330
10.500000	0.000000	0.001311
10.510000	0.000000	0.001291
10.520000	0.000000	0.001272
10.530000	0.000000	0.001253
10.540000	0.000000	0.001233
10.550000	0.000000	0.001214
10.560000	0.000000	0.001196
10.570000	0.000000	0.001178
10.580000	0.000000	0.001161
10.590000	0.000000	0.001144
10.600000	0.000000	0.001127
10.610000	0.000000	0.001110
10.620000	0.000000	0.001094
10.630000	0.000000	0.001077
10.640000	0.000000	0.001060
10.650000	0.000000	0.001045
10.660000	0.000000	0.001029
10.670000	0.000000	0.001014
10.680000	0.000000	0.000999
10.690000	0.000000	0.000984
10.700000	0.000000	0.000969
10.710000	0.000000	0.000955
10.720000	0.000000	0.000941
10.730000	0.000000	0.000928
10.740000	0.000000	0.000914
10.750000	0.000000	0.000901
10.760000	0.000000	0.000888
10.770000	0.000000	0.000875
10.780000	0.000000	0.000862
10.790000	0.000000	0.000850
10.800000	0.000000	0.000837
10.810000	0.000000	0.000824
10.820000	0.000000	0.000811
10.830000	0.000000	0.000799
10.840000	0.000000	0.000787
10.850000	0.000000	0.000775
10.860000	0.000000	0.000764
10.870000	0.000000	0.000752
10.880000	0.000000	0.000741
10.890000	0.000000	0.000730
10.900000	0.000000	0.000719
10.910000	0.000000	0.000708
10.920000	0.000000	0.000697
10.930000	0.000000	0.000687
10.940000	0.000000	0.000677
10.950000	0.000000	0.000667
10.960000	0.000000	0.000658
10.970000	0.000000	0.000648
10.980000	0.000000	0.000639
10.990000	0.000000	0.000630
11.000000	0.000000	0.000621
11.010000	0.000000	0.000611
11.020000	0.000000	0.000602
11.030000	0.000000	0.000594
11.040000	0.000000	0.000585
11.050000	0.000000	0.000576
11.060000	0.000000	0.000568
11.070000	0.000000	0.000559
11.080000	0.000000	0.000551
11.090000	0.000000	0.000542
11.100000	0.000000	0.000534
11.110000	0.000000	0.000526
11.120000	0.000000	0.000518
11.130000	0.000000	0.000511
11.140000	0.000000	0.000503
11.150000	0.000000	0.000496
11.160000	0.000000	0.000488
11.170000	0.000000	0.000481
11.180000	0.000000	0.000473
11.190000	0.000000	0.000466
11.200000	0.000000	0.000459
11.210000	0.000000	0.000452
11.220000	0.000000	0.000446
11.230000	0.000000	0.000439
11.240000	0.000000	0.000433
11.250000	0.000000	0.000427
11.260000	0.000000	0.000421
11.270000	0.000000	0.000415
11.280000	0.000000	0.000409
11.290000	0.000000	0.000403
11.300000	0.000000	0.000397
11.310000	0.000000	0.000391
11.320000	0.000000	0.000386
11.330000	0.000000	0.000380
11.340000	0.000000	0.000374
11.350000	0.000000	0.000368
11.360000	0.000000	0.000362
11.370000	0.000000	0.000357
11.380000	0.000000	0.000352
11.390000	0.000000	0.000346
11.400000	0.000000	0.000341
11.410000	0.000000	0.000336
11.420000	0.000000	0.000331
11.430000	0.000000	0.000326
11.440000	0.000000	0.000321
11.450000	0.000000	0.000317
11.460000	0.000000	0.000312
11.470000	0.000000	0.000307
11.480000	0.000000	0.000303
11.490000	0.000000	0.000298
11.500000	0.000000	0.000294
11.510000	0.000000	0.000290
11.520000	0.000000	0.000286
11.530000	0.000000	0.000282
11.540000	0.000000	0.000277
11.550000	0.000000	0.000273
11.560000	0.000000	0.000269
11.570000	0.000000	0.000266
11.580000	0.000000	0.000262
11.590000	0.000000	0.000258
11.600000	0.000000	0.000254
11.610000	0.000000	0.000250
11.620000	0.000000	0.000246
11.630000	0.000000	0.000243
11.640000	0.000000	0.000239
11.650000	0.000000	0.000235
11.660000	0.000000	0.000232
11.670000	0.000000	0.000229
11.680000	0.000000	0.000225
11.690000	0.000000	0.000221
11.700000	0.000000	0.000218
11.710000	0.000000	0.000215
11.720000	0.000000	0.000212
11.730000	0.000000	0.000209
11.740000	0.000000	0.000205
11.750000	0.000000	0.000203
11.760000	0.000000	0.000200
11.770000	0.000000	0.000197
11.780000	0.000000	0.000194
11.790000	0.000000	0.000191
11.800000	0.000000	0.000189
11.810000	0.000000	0.000186
11.820000	0.000000	0.000183
11.830000	0.000000	0.000181
11.840000	0.000000	0.000178
11.850000	0.000000	0.000175
11.860000	0.000000	0.000173
11.870000	0.000000	0.000170
11.880000	0.000000	0.000167
11.890000	0.000000	0.000165
11.900000	0.000000	0.000162
11.910000	0.000000	0.000160
11.920000	0.000000	0.000158
11.930000	0.000000	0.000155
11.940000	0.000000	0.000153
11.950000	0.000000	0.000151
11.960000	0.000000	0.000148
11.970000	0.000000	0.000146
11.980000	0.000000	0.000144
11.990000	0.000000	0.000142
12.000000	0.000000	0.000140
12.010000	0.000000	0.000138
12.020000	0.000000	0.000136
12.030000	0.000000	0.000134
12.040000	0.000000	0.000132
12.050000	0.000000	0.000130
12.060000	0.000000	0.000128
12.070000	0.000000	0.000126
12.080000	0.000000	0.000124
12.090000	0.000000	0.000123
12.100000	0.000000	0.000121
12.110000	0.000000	0.000119
12.120000	0.000000	0.000117
12.130000	0.000000	0.000116
12.140000	0.000000	0.000114
12.150000	0.000000	0.000112
12.160000	0.000000	0.000111
12.170000	0.000000	0.000109
12.180000	0.000000	0.000107
12.190000	0.000000	0.000105
12.200000	0.000000	0.000104
12.210000	0.000000	0.000102
12.220000	0.000000	0.000101
12.230000	0.000000	0.000099
12.240000	0.000000	0.000098
12.250000	0.000000	0.000096
12.260000	0.000000	0.000095
12.270000	0.000000	0.000094
12.280000	0.000000	0.000092
12.290000	0.000000	0.000091
12.300000	0.000000	0.000090
12.310000	0.000000	0.000088
12.320000	0.000000	0.000087
12.330000	0.000000	0.000086
12.340000	0.000000	0.000085
12.350000	0.000000	0.000083
12.360000	0.000000	0.000082
12.370000	0.000000	0.000081
12.380000	0.000000	0.000080
12.390000	0.000000	0.000079
12.400000	0.000000	0.000078
12.410000	0.000000	0.000076
12.420000	0.000000	0.000075
12.430000	0.000000	0.000074
12.440000	0.000000	0.000073
12.450000	0.000000	0.000072
12.460000	0.000000	0.000071
12.470000	0.000000	0.000070
12.480000	0.000000	0.000069
12.490000	0.000000	0.000068
12.500000	0.000000	0.000067
12.510000	0.000000	0.000066
12.520000	0.000000	0.000065
12.530000	0.000000	0.000064
12.540000	0.000000	0.000063
12.550000	0.000000	0.000062
12.560000	0.000000	0.000061
12.570000	0.000000	0.000060
12.580000	0.000000	0.000059
12.590000	0.000000	0.000058
12.600000	0.000000	0.000058
12.610000	0.000000	0.000057
12.620000	0.000000	0.000056
12.630000	0.000000	0.000055
12.640000	0.000000	0.000054
12.650000	0.000000	0.000054
12.660000	0.000000	0.000053
12.670000	0.000000	0.000052
12.680000	0.000000	0.000051
12.690000	0.000000	0.000050
12.700000	0.000000	0.000050
12.710000	0.000000	0.000049
12.720000	0.000000	0.000048
12.730000	0.000000	0.000047
12.740000	0.000000	0.000047
12.750000	0.000000	0.000046
12.760000	0.000000	0.000045
12.770000	0.000000	0.000045
12.780000	0.000000	0.000044
12.790000	0.000000	0.000043
12.800000	0.000000	0.000043
12.810000	0.000000	0.000042
12.820000	0.000000	0.000041
12.830000	0.000000	0.000041
12.840000	0.000000	0.000040
12.850000	0.000000	0.000040
12.860000	0.000000	0.000039
12.870000	0.000000	0.000039
12.880000	0.000000	0.000038
12.890000	0.000000	0.000038
12.900000	0.000000	0.000037
12.910000	0.000000	0.000036
12.920000	0.000000	0.000036
12.930000	0.000000	0.000035
12.940000	0.000000	0.000035
12.950000	0.000000	0.000034
12.960000	0.000000	0.000034
12.970000	0.000000	0.000033
12.980000	0.000000	0.000033
12.990000	0.000000	0.000032
13.000000	0.000000	0.000032
13.010000	0.000000	0.000031
13.020000	0.000000	0.000031
13.030000	0.000000	0.000030
13.040000	0.000000	0.000030
13.050000	0.000000	0.000030
13.060000	0.000000	0.000029
13.070000	0.000000	0.000029
13.080000	0.000000	0.000028
13.090000	0.000000	0.000028
13.100000	0.000000	0.000027
13.110000	0.000000	0.000027
13.120000	0.000000	0.000027
13.130000	0.000000	0.000026
13.140000	0.000000	0.000026
13.150000	0.000000	0.000026
13.160000	0.000000	0.000025
13.170000	0.000000	0.000025
13.180000	0.000000	0.000024
13.190000	0.000000	0.000024
13.200000	0.000000	0.000024
13.210000	0.000000	0.000023
13.220000	0.000000	0.000023
13.230000	0.000000	0.000023
13.240000	0.000000	0.000022
13.250000	0.000000	0.000022
13.260000	0.000000	0.000022
13.270000	0.000000	0.000021
13.280000	0.000000	0.000021
13.290000	0.000000	0.000021
13.300000	0.000000	0.000020
13.310000	0.000000	0.000020
13.320000	0.000000	0.000020
13.330000	0.000000	0.000020
13.340000	0.000000	0.000019
13.350000	0.000000	0.000019
13.360000	0.000000	0.000019
13.370000	0.000000	0.000018
13.380000	0.000000	0.000018
13.390000	0.000000	0.000018
13.400000	0.000000	0.000018
13.410000	0.000000	0.000017
13.420000	0.000000	0.000017
13.430000	0.000000	0.000017
13.440000	0.000000	0.000017
13.450000	0.000000	0.000016
13.460000	0.000000	0.000016
13.470000	0.000000	0.000016
13.480000	0.000000	0.000016
13.490000	0.000000	0.000016
13.500000	0.000000	0.000015
13.510000	0.000000	0.000015
13.520000	0.000000	0.000015
13.530000	0.000000	0.000015
13.540000	0.000000	0.000014
13.550000	0.000000	0.000014
13.560000	0.000000	0.000014
13.570000	0.000000	0.000014
13.580000	0.000000	0.000014
13.590000	0.000000	0.000013
13.600000	0.000000	0.000013
13.610000	0.000000	0.000013
13.620000	0.000000	0.000013
13.630000	0.000000	0.000013
13.640000	0.000000	0.000012
13.650000	0.000000	0.000012
13.660000	0.000000	0.000012
13.670000	0.000000	0.000012
13.680000	0.000000	0.000012
13.690000	0.000000	0.000012
13.700000	0.000000	0.000011
13.710000	0.000000	0.000011
13.720000	0.000000	0.000011
13.730000	0.000000	0.000011
13.740000	0.000000	0.000011
13.750000	0.000000	0.000011
13.760000	0.000000	0.000010
13.770000	0.000000	0.000010
13.780000	0.000000	0.000010
13.790000	0.000000	0.000010
13.800000	0.000000	0.000010
13.810000	0.000000	0.000010
13.820000	0.000000	0.000010
13.830000	0.000000	0.000009
13.840000	0.000000	0.000009
13.850000	0.000000	0.000009
13.860000	0.000000	0.000009
13.870000	0.000000	0.000009
13.880000	0.000000	0.000009
13.890000	0.000000	0.000009
13.900000	0.000000	0.000008
13.910000	0.000000	0.000008
13.920000	0.000000	0.000008
13.930000	0.000000	0.000008
13.940000	0.000000	0.000008
13.950000	0.000000	0.000008
13.960000	0.000000	0.000008
13.970000	0.000000	0.000008
13.980000	0.000000	0.000008
13.990000	0.000000	0.000007
14.000000	0.000000	0.000007
14.010000	0.000000	0.000007
14.020000	0.000000	0.000007
14.030000	0.000000	0.000007
14.040000	0.000000	0.000007
14.050000	0.000000	0.000007
14.060000	0.000000	0.000007
14.070000	0.000000	0.000007
14.080000	0.000000	0.000006
14.090000	0.000000	0.000006
14.100000	0.000000	0.000006
14.110000	0.000000	0.000006
14.120000	0.000000	0.000006
14.130000	0.000000	0.000006
14.140000	0.000000	0.000006
14.150000	0.000000	0.000006
14.160000	0.000000	0.000006
14.170000	0.000000	0.000006
14.180000	0.000000	0.000006
14.190000	0.000000	0.000006
14.200000	0.000000	0.000005
14.210000	0.000000	0.000005
14.220000	0.000000	0.000005
14.230000	0.000000	0.000005
14.240000	0.000000	0.000005
14.250000	0.000000	0.000005
14.260000	0.000000	0.000005
14.270000	0.000000	0.000005
14.280000	0.000000	0.000005
14.290000	0.000000	0.000005
14.300000	0.000000	0.000005
14.310000	0.000000	0.000005
14.320000	0.000000	0.000005
14.330000	0.000000	0.000005
14.340000	0.000000	0.000004
14.350000	0.000000	0.000004
14.360000	0.000000	0.000004
14.370000	0.000000	0.000004
14.380000	0.000000	0.000004
14.390000	0.000000	0.000004
14.400000	0.000000	0.000004
14.410000	0.000000	0.000004
14.420000	0.000000	0.000004
14.430000	0.000000	0.000004
14.440000	0.000000	0.000004
14.450000	0.000000	0.000004
14.460000	0.000000	0.000004
14.470000	0.000000	0.000004
14.480000	0.000000	0.000004
14.490000	0.000000	0.000004
14.500000	0.000000	0.000004
14.510000	0.000000	0.000003
14.520000	0.000000	0.000003
14.530000	0.000000	0.000003
14.540000	0.000000	0.000003
14.550000	0.000000	0.000003
14.560000	0.000000	0.000003
14.570000	0.000000	0.000003
14.580000	0.000000	0.000003
14.590000	0.000000	0.000003
14.600000	0.000000	0.000003
14.610000	0.000000	0.000003
14.620000	0.000000	0.000003
14.630000	0.000000	0.000003
14.640000	0.000000	0.000003
14.650000	0.000000	0.000003
14.660000	0.000000	0.000003
14.670000	0.000000	0.000003
14.680000	0.000000	0.000003
14.690000	0.000000	0.000003
14.700000	0.000000	0.000003
14.710000	0.000000	0.000003
14.720000	0.000000	0.000003
14.730000	0.000000	0.000002
14.740000	0.000000	0.000002
14.750000	0.000000	0.000002
14.760000	0.000000	0.000002
14.770000	0.000000	0.000002
14.780000	0.000000	0.000002
14.790000	0.000000	0.000002
14.800000	0.000000	0.000002
14.810000	0.000000	0.000002
14.820000	0.000000	0.000002
14.830000	0.000000	0.000002
14.840000	0.000000	0.000002
14.850000	0.000000	0.000002
14.860000	0.000000	0.000002
14.870000	0.000000	0.000002
14.880000	0.000000	0.000002
14.890000	0.000000	0.000002
14.900000	0.000000	0.000002
14.910000	0.000000	0.000002
14.920000	0.000000	0.000002
14.930000	0.000000	0.000002
14.940000	0.000000	0.000002
14.950000	0.000000	0.000002
14.960000	0.000000	0.000002
14.970000	0.000000	0.000002
14.980000	0.000000	0.000002
14.990000	0.000000	0.000002
15.000000	0.000000	0.000002
15.010000	0.000000	0.000002
15.020000	0.000000	0.000002
15.030000	0.000000	0.000002
15.040000	0.000000	0.000002
15.050000	0.000000	0.000002
15.060000	0.000000	0.000002
15.070000	0.000000	0.000002
15.080000	0.000000	0.000002
15.090000	0.000000	0.000001
15.100000	0.000000	0.000001
15.110000	0.000000	0.000001
15.120000	0.000000	0.000001
15.130000	0.000000	0.000001
15.140000	0.000000	0.000001
15.150000	0.000000	0.000001
15.160000	0.000000	0.000001
15.170000	0.000000	0.000001
15.180000	0.000000	0.000001
15.190000	0.000000	0.000001
15.200000	0.000000	0.000001
15.210000	0.000000	0.000001
15.220000	0.000000	0.000001
15.230000	0.000000	0.000001
15.240000	0.000000	0.000001
15.250000	0.000000	0.000001
15.260000	0.000000	0.000001
15.270000	0.000000	0.000001
15.280000	0.000000	0.000001
15.290000	0.000000	0.000001
15.300000	0.000000	0.000001
15.310000	0.000000	0.000001
15.320000	0.000000	0.000001
15.330000	0.000000	0.000001
15.340000	0.000000	0.000001
15.350000	0.000000	0.000001
15.360000	0.000000	1.0e-06
15.370000	0.000000	9.9e-07
15.380000	0.000000	9.7e-07
15.390000	0.000000	9.6e-07
15.400000	0.000000	9.4e-07
15.410000	0.000000	9.3e-07
15.420000	0.000000	9.1e-07
15.430000	0.000000	9.0e-07
15.440000	0.000000	8.9e-07
15.450000	0.000000	8.7e-07
15.460000	0.000000	8.6e-07
15.470000	0.000000	8.5e-07
15.480000	0.000000	8.3e-07
15.490000	0.000000	8.2e-07
15.500000	0.000000	8.1e-07
15.510000	0.000000	8.0e-07
15.520000	0.000000	7.9e-07
15.530000	0.000000	7.8e-07
15.540000	0.000000	7.6e-07
15.550000	0.000000	7.5e-07
15.560000	0.000000	7.4e-07
15.570000	0.000000	7.3e-07
15.580000	0.000000	7.2e-07
15.590000	0.000000	7.1e-07
15.600000	0.000000	7.0e-07
15.610000	0.000000	6.9e-07
15.620000	0.000000	6.8e-07
15.630000	0.000000	6.7e-07
15.640000	0.000000	6.6e-07
15.650000	0.000000	6.5e-07
15.660000	0.000000	6.5e-07
15.670000	0.000000	6.4e-07
15.680000	0.000000	6.3e-07
15.690000	0.000000	6.2e-07
15.700000	0.000000	6.1e-07
15.710000	0.000000	6.0e-07
15.720000	0.000000	5.9e-07
15.730000	0.000000	5.8e-07
15.740000	0.000000	5.7e-07
15.750000	0.000000	5.6e-07
15.760000	0.000000	5.5e-07
15.770000	0.000000	5.5e-07
15.780000	0.000000	5.4e-07
15.790000	0.000000	5.3e-07
15.800000	0.000000	5.2e-07
15.810000	0.000000	5.2e-07
15.820000	0.000000	5.1e-07
15.830000	0.000000	5.0e-07
15.840000	0.000000	4.9e-07
15.850000	0.000000	4.9e-07
15.860000	0.000000	4.8e-07
15.870000	0.000000	4.7e-07
15.880000	0.000000	4.7e-07
15.890000	0.000000	4.6e-07
15.900000	0.000000	4.5e-07
15.910000	0.000000	4.5e-07
15.920000	0.000000	4.4e-07
15.930000	0.000000	4.3e-07
15.940000	0.000000	4.3e-07
15.950000	0.000000	4.2e-07
15.960000	0.000000	4.2e-07
15.970000	0.000000	4.1e-07
15.980000	0.000000	4.0e-07
15.990000	0.000000	4.0e-07
16.000000	0.000000	3.9e-07
16.010000	0.000000	3.9e-07
16.020000	0.000000	3.8e-07
16.030000	0.000000	3.7e-07
16.040000	0.000000	3.7e-07
16.050000	0.000000	3.6e-07
16.060000	0.000000	3.6e-07
16.070000	0.000000	3.5e-07
16.080000	0.000000	3.5e-07
16.090000	0.000000	3.4e-07
16.100000	0.000000	3.4e-07
16.110000	0.000000	3.3e-07
16.120000	0.000000	3.3e-07
16.130000	0.000000	3.2e-07
16.140000	0.000000	3.2e-07
16.150000	0.000000	3.2e-07
16.160000	0.000000	3.1e-07
16.170000	0.000000	3.1e-07
16.180000	0.000000	3.0e-07
16.190000	0.000000	3.0e-07
16.200000	0.000000	2.9e-07
16.210000	0.000000	2.9e-07
16.220000	0.000000	2.8e-07
16.230000	0.000000	2.8e-07
16.240000	0.000000	2.8e-07
16.250000	0.000000	2.7e-07
16.260000	0.000000	2.7e-07
16.270000	0.000000	2.6e-07
16.280000	0.000000	2.6e-07
16.290000	0.000000	2.6e-07
16.300000	0.000000	2.5e-07
16.310000	0.000000	2.5e-07
16.320000	0.000000	2.5e-07
16.330000	0.000000	2.4e-07
16.340000	0.000000	2.4e-07
16.350000	0.000000	2.3e-07
16.360000	0.000000	2.3e-07
16.370000	0.000000	2.3e-07
16.380000	0.000000	2.2e-07
16.390000	0.000000	2.2e-07
16.400000	0.000000	2.2e-07
16.410000	0.000000	2.2e-07
16.420000	0.000000	2.1e-07
16.430000	0.000000	2.1e-07
16.440000	0.000000	2.1e-07
16.450000	0.000000	2.0e-07
16.460000	0.000000	2.0e-07
16.470000	0.000000	2.0e-07
16.480000	0.000000	2.0e-07
16.490000	0.000000	1.9e-07
16.500000	0.000000	1.9e-07
16.510000	0.000000	1.9e-07
16.520000	0.000000	1.8e-07
16.530000	0.000000	1.8e-07
16.540000	0.000000	1.8e-07
16.550000	0.000000	1.8e-07
16.560000	0.000000	1.7e-07
16.570000	0.000000	1.7e-07
16.580000	0.000000	1.7e-07
16.590000	0.000000	1.7e-07
16.600000	0.000000	1.6e-07
16.610000	0.000000	1.6e-07
16.620000	0.000000	1.6e-07
16.630000	0.000000	1.6e-07
16.640000	0.000000	1.5e-07
16.650000	0.000000	1.5e-07
16.660000	0.000000	1.5e-07
16.670000	0.000000	1.5e-07
16.680000	0.000000	1.5e-07
16.690000	0.000000	1.4e-07
16.700000	0.000000	1.4e-07
16.710000	0.000000	1.4e-07
16.720000	0.000000	1.4e-07
16.730000	0.000000	1.4e-07
16.740000	0.000000	1.3e-07
16.750000	0.000000	1.3e-07
16.760000	0.000000	1.3e-07
16.770000	0.000000	1.3e-07
16.780000	0.000000	1.3e-07
16.790000	0.000000	1.2e-07
16.800000	0.000000	1.2e-07
16.810000	0.000000	1.2e-07
16.820000	0.000000	1.2e-07
16.830000	0.000000	1.2e-07
16.840000	0.000000	1.2e-07
16.850000	0.000000	1.1e-07
16.860000	0.000000	1.1e-07
16.870000	0.000000	1.1e-07
16.880000	0.000000	1.1e-07
16.890000	0.000000	1.1e-07
16.900000	0.000000	1.1e-07
16.910000	0.000000	1.0e-07
16.920000	0.000000	1.0e-07
16.930000	0.000000	1.0e-07
16.940000	0.000000	1.0e-07
16.950000	0.000000	9.8e-08
16.960000	0.000000	9.7e-08
16.970000	0.000000	9.6e-08
16.980000	0.000000	9.4e-08
16.990000	0.000000	9.3e-08
17.000000	0.000000	9.2e-08
17.010000	0.000000	9.0e-08
17.020000	0.000000	8.9e-08
17.030000	0.000000	8.8e-08
17.040000	0.000000	8.6e-08
17.050000	0.000000	8.5e-08
17.060000	0.000000	8.4e-08
17.070000	0.000000	8.3e-08
17.080000	0.000000	8.1e-08
17.090000	0.000000	8.0e-08
17.100000	0.000000	7.9e-08
17.110000	0.000000	7.8e-08
17.120000	0.000000	7.7e-08
17.130000	0.000000	7.5e-08
17.140000	0.000000	7.4e-08
17.150000	0.000000	7.3e-08
17.160000	0.000000	7.2e-08
17.170000	0.000000	7.1e-08
17.180000	0.000000	7.0e-08
17.190000	0.000000	6.9e-08
17.200000	0.000000	6.8e-08
17.210000	0.000000	6.7e-08
17.220000	0.000000	6.6e-08
17.230000	0.000000	6.5e-08
17.240000	0.000000	6.5e-08
17.250000	0.000000	6.4e-08
17.260000	0.000000	6.3e-08
17.270000	0.000000	6.2e-08
17.280000	0.000000	6.1e-08
17.290000	0.000000	6.0e-08
17.300000	0.000000	5.9e-08
17.310000	0.000000	5.8e-08
17.320000	0.000000	5.8e-08
17.330000	0.000000	5.7e-08
17.340000	0.000000	5.6e-08
17.350000	0.000000	5.5e-08
17.360000	0.000000	5.4e-08
17.370000	0.000000	5.3e-08
17.380000	0.000000	5.3e-08
17.390000	0.000000	5.2e-08
17.400000	0.000000	5.1e-08
17.410000	0.000000	5.0e-08
17.420000	0.000000	5.0e-08
17.430000	0.000000	4.9e-08
17.440000	0.000000	4.8e-08
17.450000	0.000000	4.7e-08
17.460000	0.000000	4.7e-08
17.470000	0.000000	4.6e-08
17.480000	0.000000	4.5e-08
17.490000	0.000000	4.5e-08
17.500000	0.000000	4.4e-08
17.510000	0.000000	4.4e-08
17.520000	0.000000	4.3e-08
17.530000	0.000000	4.2e-08
17.540000	0.000000	4.2e-08
17.550000	0.000000	4.1e-08
17.560000	0.000000	4.1e-08
17.570000	0.000000	4.0e-08
17.580000	0.000000	3.9e-08
17.590000	0.000000	3.9e-08
17.600000	0.000000	3.8e-08
17.610000	0.000000	3.8e-08
17.620000	0.000000	3.7e-08
17.630000	0.000000	3.7e-08
17.640000	0.000000	3.6e-08
17.650000	0.000000	3.5e-08
17.660000	0.000000	3.5e-08
17.670000	0.000000	3.4e-08
17.680000	0.000000	3.4e-08
17.690000	0.000000	3.3e-08
17.700000	0.000000	3.3e-08
17.710000	0.000000	3.3e-08
17.720000	0.000000	3.2e-08
17.730000	0.000000	3.2e-08
17.740000	0.000000	3.1e-08
17.750000	0.000000	3.1e-08
17.760000	0.000000	3.0e-08
17.770000	0.000000	3.0e-08
17.780000	0.000000	2.9e-08
17.790000	0.000000	2.9e-08
17.800000	0.000000	2.9e-08
17.810000	0.000000	2.8e-08
17.820000	0.000000	2.8e-08
17.830000	0.000000	2.7e-08
17.840000	0.000000	2.7e-08
17.850000	0.000000	2.7e-08
17.860000	0.000000	2.6e-08
17.870000	0.000000	2.6e-08
17.880000	0.000000	2.6e-08
17.890000	0.000000	2.5e-08
17.900000	0.000000	2.5e-08
17.910000	0.000000	2.4e-08
17.920000	0.000000	2.4e-08
17.930000	0.000000	2.4e-08
17.940000	0.000000	2.3e-08
17.950000	0.000000	2.3e-08
17.960000	0.000000	2.3e-08
17.970000	0.000000	2.2e-08
17.980000	0.000000	2.2e-08
17.990000	0.000000	2.2e-08
18.000000	0.000000	2.1e-08
18.010000	0.000000	2.1e-08
18.020000	0.000000	2.1e-08
18.030000	0.000000	2.0e-08
18.040000	0.000000	2.0e-08
18.050000	0.000000	2.0e-08
18.060000	0.000000	2.0e-08
18.070000	0.000000	1.9e-08
18.080000	0.000000	1.9e-08
18.090000	0.000000	1.9e-08
18.100000	0.000000	1.9e-08
18.110000	0.000000	1.8e-08
18.120000	0.000000	1.8e-08
18.130000	0.000000	1.8e-08
18.140000	0.000000	1.8e-08
18.150000	0.000000	1.7e-08
18.160000	0.000000	1.7e-08
18.170000	0.000000	1.7e-08
18.180000	0.000000	1.7e-08
18.190000	0.000000	1.6e-08
18.200000	0.000000	1.6e-08
18.210000	0.000000	1.6e-08
18.220000	0.000000	1.6e-08
18.230000	0.000000	1.5e-08
18.240000	0.000000	1.5e-08
18.250000	0.000000	1.5e-08
18.260000	0.000000	1.5e-08
18.270000	0.000000	1.4e-08
18.280000	0.000000	1.4e-08
18.290000	0.000000	1.4e-08
18.300000	0.000000	1.4e-08
18.310000	0.000000	1.4e-08
18.320000	0.000000	1.3e-08
18.330000	0.000000	1.3e-08
18.340000	0.000000	1.3e-08
18.350000	0.000000	1.3e-08
18.360000	0.000000	1.3e-08
18.370000	0.000000	1.3e-08
18.380000	0.000000	1.2e-08
18.390000	0.000000	1.2e-08
18.400000	0.000000	1.2e-08
18.410000	0.000000	1.2e-08
18.420000	0.000000	1.2e-08
18.430000	0.000000	1.2e-08
18.440000	0.000000	1.1e-08
18.450000	0.000000	1.1e-08
18.460000	0.000000	1.1e-08
18.470000	0.000000	1.1e-08
18.480000	0.000000	1.1e-08
18.490000	0.000000	1.0e-08
18.500000	0.000000	1.0e-08
18.510000	0.000000	1.0e-08
18.520000	0.000000	1.0e-08
18.530000	0.000000	9.9e-09
18.540000	0.000000	9.8e-09
18.550000	0.000000	9.6e-09
18.560000	0.000000	9.5e-09
18.570000	0.000000	9.4e-09
18.580000	0.000000	9.2e-09
18.590000	0.000000	9.1e-09
18.600000	0.000000	9.0e-09
18.610000	0.000000	8.8e-09
18.620000	0.000000	8.7e-09
18.630000	0.000000	8.6e-09
18.640000	0.000000	8.5e-09
18.650000	0.000000	8.4e-09
18.660000	0.000000	8.3e-09
18.670000	0.000000	8.1e-09
18.680000	0.000000	8.0e-09
18.690000	0.000000	7.9e-09
18.700000	0.000000	7.8e-09
18.710000	0.000000	7.7e-09
18.720000	0.000000	7.6e-09
18.730000	0.000000	7.4e-09
18.740000	0.000000	7.3e-09
18.750000	0.000000	7.2e-09
18.760000	0.000000	7.1e-09
18.770000	0.000000	7.0e-09
18.780000	0.000000	6.9e-09
18.790000	0.000000	6.8e-09
18.800000	0.000000	6.7e-09
18.810000	0.000000	6.6e-09
18.820000	0.000000	6.5e-09
18.830000	0.000000	6.4e-09
18.840000	0.000000	6.3e-09
18.850000	0.000000	6.3e-09
18.860000	0.000000	6.2e-09
18.870000	0.000000	6.1e-09
18.880000	0.000000	6.0e-09
18.890000	0.000000	5.9e-09
18.900000	0.000000	5.8e-09
18.910000	0.000000	5.7e-09
18.920000	0.000000	5.7e-09
18.930000	0.000000	5.6e-09
18.940000	0.000000	5.5e-09
18.950000	0.000000	5.4e-09
18.960000	0.000000	5.3e-09
18.970000	0.000000	5.3e-09
18.980000	0.000000	5.2e-09
18.990000	0.000000	5.1e-09
19.000000	0.000000	5.0e-09
19.010000	0.000000	5.0e-09
19.020000	0.000000	4.9e-09
19.030000	0.000000	4.8e-09
19.040000	0.000000	4.7e-09
19.050000	0.000000	4.7e-09
19.060000	0.000000	4.6e-09
19.070000	0.000000	4.5e-09
19.080000	0.000000	4.5e-09
19.090000	0.000000	4.4e-09
19.100000	0.000000	4.3e-09
19.110000	0.000000	4.3e-09
19.120000	0.000000	4.2e-09
19.130000	0.000000	4.2e-09
19.140000	0.000000	4.1e-09
19.150000	0.000000	4.1e-09
19.160000	0.000000	4.0e-09
19.170000	0.000000	3.9e-09
19.180000	0.000000	3.9e-09
19.190000	0.000000	3.8e-09
19.200000	0.000000	3.8e-09
19.210000	0.000000	3.7e-09
19.220000	0.000000	3.7e-09
19.230000	0.000000	3.6e-09
19.240000	0.000000	3.6e-09
19.250000	0.000000	3.5e-09
19.260000	0.000000	3.5e-09
19.270000	0.000000	3.4e-09
19.280000	0.000000	3.4e-09
19.290000	0.000000	3.3e-09
19.300000	0.000000	3.3e-09
19.310000	0.000000	3.2e-09
19.320000	0.000000	3.2e-09
19.330000	0.000000	3.1e-09
19.340000	0.000000	3.1e-09
19.350000	0.000000	3.0e-09
19.360000	0.000000	3.0e-09
19.370000	0.000000	2.9e-09
19.380000	0.000000	2.9e-09
19.390000	0.000000	2.9e-09
19.400000	0.000000	2.8e-09
19.410000	0.000000	2.8e-09
19.420000	0.000000	2.7e-09
19.430000	0.000000	2.7e-09
19.440000	0.000000	2.7e-09
19.450000	0.000000	2.6e-09
19.460000	0.000000	2.6e-09
19.470000	0.000000	2.6e-09
19.480000	0.000000	2.5e-09
19.490000	0.000000	2.5e-09
19.500000	0.000000	2.5e-09
19.510000	0.000000	2.4e-09
19.520000	0.000000	2.4e-09
19.530000	0.000000	2.3e-09
19.540000	0.000000	2.3e-09
19.550000	0.000000	2.3e-09
19.560000	0.000000	2.2e-09
19.570000	0.000000	2.2e-09
19.580000	0.000000	2.2e-09
19.590000	0.000000	2.1e-09
19.600000	0.000000	2.1e-09
19.610000	0.000000	2.1e-09
19.620000	0.000000	2.0e-09
19.630000	0.000000	2.0e-09
19.640000	0.000000	2.0e-09
19.650000	0.000000	2.0e-09
19.660000	0.000000	1.9e-09
19.670000	0.000000	1.9e-09
19.680000	0.000000	1.9e-09
19.690000	0.000000	1.9e-09
19.700000	0.000000	1.8e-09
19.710000	0.000000	1.8e-09
19.720000	0.000000	1.8e-09
19.730000	0.000000	1.8e-09
19.740000	0.000000	1.7e-09
19.750000	0.000000	1.7e-09
19.760000	0.000000	1.7e-09
19.770000	0.000000	1.7e-09
19.780000	0.000000	1.6e-09
19.790000	0.000000	1.6e-09
19.800000	0.000000	1.6e-09
19.810000	0.000000	1.6e-09
19.820000	0.000000	1.5e-09
19.830000	0.000000	1.5e-09
19.840000	0.000000	1.5e-09
19.850000	0.000000	1.5e-09
19.860000	0.000000	1.5e-09
19.870000	0.000000	1.4e-09
19.880000	0.000000	1.4e-09
19.890000	0.000000	1.4e-09
19.900000	0.000000	1.4e-09
19.910000	0.000000	1.3e-09
19.920000	0.000000	1.3e-09
19.930000	0.000000	1.3e-09
19.940000	0.000000	1.3e-09
19.950000	0.000000	1.3e-09
19.960000	0.000000	1.3e-09
19.970000	0.000000	1.2e-09
19.980000	0.000000	1.2e-09
19.990000	0.000000	1.2e-09
20.000000	0.000000	1.2e-09
20.010000	0.000000	1.2e-09
20.020000	0.000000	1.2e-09
20.030000	0.000000	1.1e-09
20.040000	0.000000	1.1e-09
20.050000	0.000000	1.1e-09
20.060000	0.000000	1.1e-09
20.070000	0.000000	1.1e-09
20.080000	0.000000	1.1e-09
20.090000	0.000000	1.0e-09
20.100000	0.000000	1.0e-09
20.110000	0.000000	1.0e-09
20.120000	0.000000	1.0e-09
20.130000	0.000000	9.8e-10
20.140000	0.000000	9.7e-10
20.150000	0.000000	9.5e-10
20.160000	0.000000	9.4e-10
20.170000	0.000000	9.3e-10
20.180000	0.000000	9.1e-10
20.190000	0.000000	9.0e-10
20.200000	0.000000	8.9e-10
20.210000	0.000000	8.8e-10
20.220000	0.000000	8.6e-10
20.230000	0.000000	8.5e-10
20.240000	0.000000	8.4e-10
20.250000	0.000000	8.3e-10
20.260000	0.000000	8.2e-10
20.270000	0.000000	8.1e-10
20.280000	0.000000	7.9e-10
20.290000	0.000000	7.8e-10
20.300000	0.000000	7.7e-10
20.310000	0.000000	7.6e-10
20.320000	0.000000	7.5e-10
20.330000	0.000000	7.4e-10
20.340000	0.000000	7.3e-10
20.350000	0.000000	7.2e-10
20.360000	0.000000	7.1e-10
20.370000	0.000000	7.0e-10
20.380000	0.000000	6.9e-10
20.390000	0.000000	6.8e-10
20.400000	0.000000	6.7e-10
20.410000	0.000000	6.6e-10
20.420000	0.000000	6.5e-10
20.430000	0.000000	6.4e-10
20.440000	0.000000	6.3e-10
20.450000	0.000000	6.2e-10
20.460000	0.000000	6.1e-10
20.470000	0.000000	6.0e-10
20.480000	0.000000	5.9e-10
20.490000	0.000000	5.9e-10
20.500000	0.000000	5.8e-10
20.510000	0.000000	5.7e-10
20.520000	0.000000	5.6e-10
20.530000	0.000000	5.5e-10
20.540000	0.000000	5.5e-10
20.550000	0.000000	5.4e-10
20.560000	0.000000	5.3e-10
20.570000	0.000000	5.2e-10
20.580000	0.000000	5.2e-10
20.590000	0.000000	5.1e-10
20.600000	0.000000	5.0e-10
20.610000	0.000000	4.9e-10
20.620000	0.000000	4.9e-10
20.630000	0.000000	4.8e-10
20.640000	0.000000	4.7e-10
20.650000	0.000000	4.7e-10
20.660000	0.000000	4.6e-10
20.670000	0.000000	4.5e-10
20.680000	0.000000	4.5e-10
20.690000	0.000000	4.4e-10
20.700000	0.000000	4.3e-10
20.710000	0.000000	4.3e-10
20.720000	0.000000	4.2e-10
20.730000	0.000000	4.1e-10
20.740000	0.000000	4.1e-10
20.750000	0.000000	4.0e-10
20.760000	0.000000	4.0e-10
20.770000	0.000000	3.9e-10
20.780000	0.000000	3.9e-10
20.790000	0.000000	3.8e-10
20.800000	0.000000	3.8e-10
20.810000	0.000000	3.7e-10
20.820000	0.000000	3.6e-10
20.830000	0.000000	3.6e-10
20.840000	0.000000	3.5e-10
20.850000	0.000000	3.5e-10
20.860000	0.000000	3.4e-10
20.870000	0.000000	3.4e-10
20.880000	0.000000	3.4e-10
20.890000	0.000000	3.3e-10
20.900000	0.000000	3.3e-10
20.910000	0.000000	3.2e-10
20.920000	0.000000	3.2e-10
20.930000	0.000000	3.1e-10
20.940000	0.000000	3.1e-10
20.950000	0.000000	3.0e-10
20.960000	0.000000	3.0e-10
20.970000	0.000000	2.9e-10
20.980000	0.000000	2.9e-10
20.990000	0.000000	2.8e-10
21.000000	0.000000	2.8e-10
21.010000	0.000000	2.8e-10
21.020000	0.000000	2.7e-10
21.030000	0.000000	2.7e-10
21.040000	0.000000	2.7e-10
21.050000	0.000000	2.6e-10
21.060000	0.000000	2.6e-10
21.070000	0.000000	2.5e-10
21.080000	0.000000	2.5e-10
21.090000	0.000000	2.5e-10
21.100000	0.000000	2.4e-10
21.110000	0.000000	2.4e-10
21.120000	0.000000	2.4e-10
21.130000	0.000000	2.3e-10
21.140000	0.000000	2.3e-10
21.150000	0.000000	2.3e-10
21.160000	0.000000	2.2e-10
21.170000	0.000000	2.2e-10
21.180000	0.000000	2.2e-10
21.190000	0.000000	2.1e-10
21.200000	0.000000	2.1e-10
21.210000	0.000000	2.1e-10
21.220000	0.000000	2.1e-10
21.230000	0.000000	2.0e-10
21.240000	0.000000	2.0e-10
21.250000	0.000000	2.0e-10
21.260000	0.000000	1.9e-10
21.270000	0.000000	1.9e-10
21.280000	0.000000	1.9e-10
21.290000	0.000000	1.8e-10
21.300000	0.000000	1.8e-10
21.310000	0.000000	1.8e-10
21.320000	0.000000	1.8e-10
21.330000	0.000000	1.7e-10
21.340000	0.000000	1.7e-10
21.350000	0.000000	1.7e-10
21.360000	0.000000	1.7e-10
21.370000	0.000000	1.7e-10
21.380000	0.000000	1.6e-10
21.390000	0.000000	1.6e-10
21.400000	0.000000	1.6e-10
21.410000	0.000000	1.6e-10
21.420000	0.000000	1.5e-10
21.430000	0.000000	1.5e-10
21.440000	0.000000	1.5e-10
21.450000	0.000000	1.5e-10
21.460000	0.000000	1.5e-10
21.470000	0.000000	1.4e-10
21.480000	0.000000	1.4e-10
21.490000	0.000000	1.4e-10
21.500000	0.000000	1.4e-10
21.510000	0.000000	1.4e-10
21.520000	0.000000	1.3e-10
21.530000	0.000000	1.3e-10
21.540000	0.000000	1.3e-10
21.550000	0.000000	1.3e-10
21.560000	0.000000	1.3e-10
21.570000	0.000000	1.2e-10
21.580000	0.000000	1.2e-10
21.590000	0.000000	1.2e-10
21.600000	0.000000	1.2e-10
21.610000	0.000000	1.2e-10
21.620000	0.000000	1.2e-10
21.630000	0.000000	1.1e-10
21.640000	0.000000	1.1e-10
21.650000	0.000000	1.1e-10
21.660000	0.000000	1.1e-10
21.670000	0.000000	1.1e-10
21.680000	0.000000	1.1e-10
21.690000	0.000000	1.0e-10
21.700000	0.000000	1.0e-10
21.710000	0.000000	1.0e-10
21.720000	0.000000	1.0e-10
21.730000	0.000000	9.9e-11
21.740000	0.000000	9.7e-11
21.750000	0.000000	9.6e-11
21.760000	0.000000	9.4e-11
21.770000	0.000000	9.3e-11
21.780000	0.000000	9.2e-11
21.790000	0.000000	9.0e-11
21.800000	0.000000	8.9e-11
21.810000	0.000000	8.7e-11
21.820000	0.000000	8.6e-11
21.830000	0.000000	8.5e-11
21.840000	0.000000	8.4e-11
21.850000	0.000000	8.3e-11
21.860000	0.000000	8.1e-11
21.870000	0.000000	8.0e-11
21.880000	0.000000	7.9e-11
21.890000	0.000000	7.8e-11
21.900000	0.000000	7.7e-11
21.910000	0.000000	7.6e-11
21.920000	0.000000	7.5e-11
21.930000	0.000000	7.4e-11
21.940000	0.000000	7.3e-11
21.950000	0.000000	7.2e-11
21.960000	0.000000	7.1e-11
21.970000	0.000000	7.0e-11
21.980000	0.000000	6.9e-11
21.990000	0.000000	6.8e-11
22.000000	0.000000	6.7e-11
22.010000	0.000000	6.6e-11
22.020000	0.000000	6.5e-11
22.030000	0.000000	6.4e-11
22.040000	0.000000	6.3e-11
22.050000	0.000000	6.2e-11
22.060000	0.000000	6.1e-11
22.070000	0.000000	6.0e-11
22.080000	0.000000	5.9e-11
22.090000	0.000000	5.8e-11
22.100000	0.000000	5.8e-11
22.110000	0.000000	5.7e-11
22.120000	0.000000	5.6e-11
22.130000	0.000000	5.5e-11
22.140000	0.000000	5.4e-11
22.150000	0.000000	5.4e-11
22.160000	0.000000	5.3e-11
22.170000	0.000000	5.2e-11
22.180000	0.000000	5.2e-11
22.190000	0.000000	5.1e-11
22.200000	0.000000	5.0e-11
22.210000	0.000000	4.9e-11
22.220000	0.000000	4.9e-11
22.230000	0.000000	4.8e-11
22.240000	0.000000	4.7e-11
22.250000	0.000000	4.7e-11
22.260000	0.000000	4.6e-11
22.270000	0.000000	4.5e-11
22.280000	0.000000	4.5e-11
22.290000	0.000000	4.4e-11
22.300000	0.000000	4.3e-11
22.310000	0.000000	4.3e-11
22.320000	0.000000	4.2e-11
22.330000	0.000000	4.2e-11
22.340000	0.000000	4.1e-11
22.350000	0.000000	4.0e-11
22.360000	0.000000	4.0e-11
22.370000	0.000000	3.9e-11
22.380000	0.000000	3.9e-11
22.390000	0.000000	3.8e-11
22.400000	0.000000	3.7e-11
22.410000	0.000000	3.7e-11
22.420000	0.000000	3.6e-11
22.430000	0.000000	3.6e-11
22.440000	0.000000	3.5e-11
22.450000	0.000000	3.5e-11
22.460000	0.000000	3.5e-11
22.470000	0.000000	3.4e-11
22.480000	0.000000	3.4e-11
22.490000	0.000000	3.3e-11
22.500000	0.000000	3.3e-11
22.510000	0.000000	3.2e-11
22.520000	0.000000	3.2e-11
22.530000	0.000000	3.1e-11
22.540000	0.000000	3.1e-11
22.550000	0.000000	3.0e-11
22.560000	0.000000	3.0e-11
22.570000	0.000000	3.0e-11
22.580000	0.000000	2.9e-11
22.590000	0.000000	2.9e-11
22.600000	0.000000	2.8e-11
22.610000	0.000000	2.8e-11
22.620000	0.000000	2.7e-11
22.630000	0.000000	2.7e-11
22.640000	0.000000	2.7e-11
22.650000	0.000000	2.6e-11
22.660000	0.000000	2.6e-11
22.670000	0.000000	2.5e-11
22.680000	0.000000	2.5e-11
22.690000	0.000000	2.5e-11
22.700000	0.000000	2.4e-11
22.710000	0.000000	2.4e-11
22.720000	0.000000	2.4e-11
22.730000	0.000000	2.3e-11
22.740000	0.000000	2.3e-11
22.750000	0.000000	2.3e-11
22.760000	0.000000	2.3e-11
22.770000	0.000000	2.2e-11
22.780000	0.000000	2.2e-11
22.790000	0.000000	2.2e-11
22.800000	0.000000	2.1e-11
22.810000	0.000000	2.1e-11
22.820000	0.000000	2.1e-11
22.830000	0.000000	2.0e-11
22.840000	0.000000	2.0e-11
22.850000	0.000000	2.0e-11
22.860000	0.000000	1.9e-11
22.870000	0.000000	1.9e-11
22.880000	0.000000	1.9e-11
22.890000	0.000000	1.9e-11
22.900000	0.000000	1.8e-11
22.910000	0.000000	1.8e-11
22.920000	0.000000	1.8e-11
22.930000	0.000000	1.6e-11
22.940000	0.000000	1.6e-11
22.950000	0.000000	1.6e-11
22.960000	0.000000	1.6e-11
22.970000	0.000000	1.5e-11
22.980000	0.000000	1.5e-11
22.990000	0.000000	1.5e-11
23.000000	0.000000	1.5e-11
23.010000	0.000000	1.5e-11
23.020000	0.000000	1.5e-11
23.030000	0.000000	1.4e-11
23.040000	0.000000	1.4e-11
23.050000	0.000000	1.4e-11
23.060000	0.000000	1.4e-11
23.070000	0.000000	1.4e-11
23.080000	0.000000	1.3e-11
23.090000	0.000000	1.3e-11
23.100000	0.000000	1.3e-11
23.110000	0.000000	1.3e-11
23.120000	0.000000	1.3e-11
23.130000	0.000000	1.2e-11
23.140000	0.000000	1.2e-11
23.150000	0.000000	1.2e-11
23.160000	0.000000	1.2e-11
23.170000	0.000000	1.2e-11
23.180000	0.000000	1.1e-11
23.190000	0.000000	1.1e-11
23.200000	0.000000	1.1e-11
23.210000	0.000000	1.1e-11
23.220000	0.000000	1.1e-11
23.230000	0.000000	1.1e-11
23.240000	0.000000	1.1e-11
23.250000	0.000000	1.0e-11
23.260000	0.000000	1.0e-11
23.270000	0.000000	1.0e-11
23.280000	0.000000	1.0e-11
23.290000	0.000000	9.9e-12
23.300000	0.000000	9.7e-12
23.310000	0.000000	9.6e-12
23.320000	0.000000	9.5e-12
23.330000	0.000000	9.3e-12
23.340000	0.000000	9.2e-12
23.350000	0.000000	9.1e-12
23.360000	0.000000	9.0e-12
23.370000	0.000000	8.8e-12
23.380000	0.000000	8.7e-12
23.390000	0.000000	8.6e-12
23.400000	0.000000	8.5e-12
23.410000	0.000000	8.3e-12
23.420000	0.000000	8.2e-12
23.430000	0.000000	8.1e-12
23.440000	0.000000	7.9e-12
23.450000	0.000000	7.8e-12
23.460000	0.000000	7.7e-12
23.470000	0.000000	7.6e-12
23.480000	0.000000	7.4e-12
23.490000	0.000000	7.3e-12
23.500000	0.000000	7.2e-12
23.510000	0.000000	7.1e-12
23.520000	0.000000	7.0e-12
23.530000	0.000000	6.9e-12
23.540000	0.000000	6.9e-12
23.550000	0.000000	6.8e-12
23.560000	0.000000	6.7e-12
23.570000	0.000000	6.6e-12
23.580000	0.000000	6.5e-12
23.590000	0.000000	6.4e-12
23.600000	0.000000	6.3e-12
23.610000	0.000000	6.3e-12
23.620000	0.000000	6.2e-12
23.630000	0.000000	6.1e-12
23.640000	0.000000	6.0e-12
23.650000	0.000000	5.9e-12
23.660000	0.000000	5.8e-12
23.670000	0.000000	5.7e-12
23.680000	0.000000	5.7e-12
23.690000	0.000000	5.6e-12
23.700000	0.000000	5.5e-12
23.710000	0.000000	5.4e-12
23.720000	0.000000	5.3e-12
23.730000	0.000000	5.2e-12
23.740000	0.000000	5.1e-12
23.750000	0.000000	5.1e-12
23.760000	0.000000	5.0e-12
23.770000	0.000000	4.9e-12
23.780000	0.000000	4.8e-12
23.790000	0.000000	4.8e-12
23.800000	0.000000	4.7e-12
23.810000	0.000000	4.6e-12
23.820000	0.000000	4.6e-12
23.830000	0.000000	4.5e-12
23.840000	0.000000	4.5e-12
23.850000	0.000000	4.4e-12
23.860000	0.000000	4.4e-12
23.870000	0.000000	4.3e-12
23.880000	0.000000	4.2e-12
23.890000	0.000000	4.2e-12
23.900000	0.000000	4.1e-12
23.910000	0.000000	4.1e-12
23.920000	0.000000	4.0e-12
23.930000	0.000000	4.0e-12
23.940000	0.000000	3.9e-12
23.950000	0.000000	3.8e-12
23.960000	0.000000	3.8e-12
23.970000	0.000000	3.7e-12
23.980000	0.000000	3.7e-12
23.990000	0.000000	3.6e-12
24.000000	0.000000	3.6e-12
24.010000	0.000000	3.5e-12
24.020000	0.000000	3.4e-12
24.030000	0.000000	3.4e-12
24.040000	0.000000	3.3e-12
24.050000	0.000000	3.3e-12
24.060000	0.000000	3.2e-12
24.070000	0.000000	3.2e-12
24.080000	0.000000	3.2e-12
24.090000	0.000000	3.1e-12
24.100000	0.000000	3.1e-12
24.110000	0.000000	3.0e-12
24.120000	0.000000	3.0e-12
24.130000	0.000000	3.0e-12
24.140000	0.000000	2.9e-12
24.150000	0.000000	2.9e-12
24.160000	0.000000	2.8e-12
24.170000	0.000000	2.8e-12
24.180000	0.000000	2.8e-12
24.190000	0.000000	2.7e-12
24.200000	0.000000	2.7e-12
24.210000	0.000000	2.7e-12
24.220000	0.000000	2.6e-12
24.230000	0.000000	2.6e-12
24.240000	0.000000	2.5e-12
24.250000	0.000000	2.5e-12
24.260000	0.000000	2.5e-12
24.270000	0.000000	2.4e-12
24.280000	0.000000	2.4e-12
24.290000	0.000000	2.3e-12
24.300000	0.000000	2.3e-12
24.310000	0.000000	2.3e-12
24.320000	0.000000	2.2e-12
24.330000	0.000000	2.2e-12
24.340000	0.000000	2.2e-12
24.350000	0.000000	2.1e-12
24.360000	0.000000	2.1e-12
24.370000	0.000000	2.1e-12
24.380000	0.000000	2.1e-12
24.390000	0.000000	2.0e-12
24.400000	0.000000	2.0e-12
24.410000	0.000000	2.0e-12
24.420000	0.000000	2.0e-12
24.430000	0.000000	1.9e-12
24.440000	0.000000	1.9e-12
24.450000	0.000000	1.9e-12
24.460000	0.000000	1.9e-12
24.470000	0.000000	1.8e-12
24.480000	0.000000	1.8e-12
24.490000	0.000000	1.8e-12
24.500000	0.000000	1.8e-12
24.510000	0.000000	1.7e-12
24.520000	0.000000	1.7e-12
24.530000	0.000000	1.7e-12
24.540000	0.000000	1.6e-12
24.550000	0.000000	1.6e-12
24.560000	0.000000	1.6e-12
24.570000	0.000000	1.6e-12
24.580000	0.000000	1.5e-12
24.590000	0.000000	1.5e-12
24.600000	0.000000	1.5e-12
24.610000	0.000000	1.5e-12
24.620000	0.000000	1.5e-12
24.630000	0.000000	1.4e-12
24.640000	0.000000	1.4e-12
24.650000	0.000000	1.4e-12
24.660000	0.000000	1.4e-12
24.670000	0.000000	1.4e-12
24.680000	0.000000	1.3e-12
24.690000	0.000000	1.3e-12
24.700000	0.000000	1.3e-12
24.710000	0.000000	1.3e-12
24.720000	0.000000	1.3e-12
24.730000	0.000000	1.3e-12
24.740000	0.000000	1.2e-12
24.750000	0.000000	1.2e-12
24.760000	0.000000	1.2e-12
24.770000	0.000000	1.2e-12
24.780000	0.000000	1.2e-12
24.790000	0.000000	1.2e-12
24.800000	0.000000	1.1e-12
24.810000	0.000000	1.1e-12
24.820000	0.000000	1.1e-12
24.830000	0.000000	1.1e-12
24.840000	0.000000	1.1e-12
24.850000	0.000000	1.1e-12
24.860000	0.000000	1.0e-12
24.870000	0.000000	1.0e-12
24.880000	0.000000	1.0e-12
24.890000	0.000000	9.9e-13
24.900000	0.000000	9.7e-13
24.910000	0.000000	9.6e-13
24.920000	0.000000	9.5e-13
24.930000	0.000000	9.4e-13
24.940000	0.000000	9.2e-13
24.950000	0.000000	9.1e-13
24.960000	0.000000	9.0e-13
24.970000	0.000000	8.9e-13
24.980000	0.000000	8.8e-13
24.990000	0.000000	8.7e-13
25.000000	0.000000	8.6e-13
25.010000	0.000000	8.4e-13
25.020000	0.000000	8.3e-13
25.030000	0.000000	8.2e-13
25.040000	0.000000	8.1e-13
25.050000	0.000000	8.0e-13
25.060000	0.000000	7.9e-13
25.070000	0.000000	7.7e-13
25.080000	0.000000	7.6e-13
25.090000	0.000000	7.5e-13
25.100000	0.000000	7.4e-13
25.110000	0.000000	7.3e-13
25.120000	0.000000	7.2e-13
25.130000	0.000000	7.1e-13
25.140000	0.000000	6.9e-13
25.150000	0.000000	6.8e-13
25.160000	0.000000	6.7e-13
25.170000	0.000000	6.6e-13
25.180000	0.000000	6.5e-13
25.190000	0.000000	6.4e-13
25.200000	0.000000	6.4e-13
25.210000	0.000000	6.3e-13
25.220000	0.000000	6.2e-13
25.230000	0.000000	6.1e-13
25.240000	0.000000	6.0e-13
25.250000	0.000000	6.0e-13
25.260000	0.000000	5.9e-13
25.270000	0.000000	5.8e-13
25.280000	0.000000	5.7e-13
25.290000	0.000000	5.7e-13
25.300000	0.000000	5.6e-13
25.310000	0.000000	5.5e-13
25.320000	0.000000	5.4e-13
25.330000	0.000000	5.3e-13
25.340000	0.000000	5.3e-13
25.350000	0.000000	5.2e-13
25.360000	0.000000	5.1e-13
25.370000	0.000000	5.0e-13
25.380000	0.000000	5.0e-13
25.390000	0.000000	4.9e-13
25.400000	0.000000	4.8e-13
25.410000	0.000000	4.7e-13
25.420000	0.000000	4.7e-13
25.430000	0.000000	4.6e-13
25.440000	0.000000	4.5e-13
25.450000	0.000000	4.4e-13
25.460000	0.000000	4.4e-13
25.470000	0.000000	4.3e-13
25.480000	0.000000	4.3e-13
25.490000	0.000000	4.2e-13
25.500000	0.000000	4.2e-13
25.510000	0.000000	4.1e-13
25.520000	0.000000	4.0e-13
25.530000	0.000000	4.0e-13
25.540000	0.000000	3.9e-13
25.550000	0.000000	3.9e-13
25.560000	0.000000	3.8e-13
25.570000	0.000000	3.8e-13
25.580000	0.000000	3.7e-13
25.590000	0.000000	3.7e-13
25.600000	0.000000	3.6e-13
25.610000	0.000000	3.6e-13
25.620000	0.000000	3.5e-13
25.630000	0.000000	3.5e-13
25.640000	0.000000	3.4e-13
25.650000	0.000000	3.4e-13
25.660000	0.000000	3.3e-13
25.670000	0.000000	3.3e-13
25.680000	0.000000	3.2e-13
25.690000	0.000000	3.2e-13
25.700000	0.000000	3.1e-13
25.710000	0.000000	3.1e-13
25.720000	0.000000	3.0e-13
25.730000	0.000000	3.0e-13
25.740000	0.000000	2.9e-13
25.750000	0.000000	2.9e-13
25.760000	0.000000	2.9e-13
25.770000	0.000000	2.8e-13
25.780000	0.000000	2.8e-13
25.790000	0.000000	2.7e-13
25.800000	0.000000	2.7e-13
25.810000	0.000000	2.7e-13
25.820000	0.000000	2.6e-13
25.830000	0.000000	2.6e-13
25.840000	0.000000	2.6e-13
25.850000	0.000000	2.5e-13
25.860000	0.000000	2.5e-13
25.870000	0.000000	2.5e-13
25.880000	0.000000	2.4e-13
25.890000	0.000000	2.4e-13
25.900000	0.000000	2.4e-13
25.910000	0.000000	2.3e-13
25.920000	0.000000	2.3e-13
25.930000	0.000000	2.3e-13
25.940000	0.000000	2.2e-13
25.950000	0.000000	2.2e-13
25.960000	0.000000	2.2e-13
25.970000	0.000000	2.1e-13
25.980000	0.000000	2.1e-13
25.990000	0.000000	2.1e-13
26.000000	0.000000	2.0e-13
26.010000	0.000000	2.0e-13
26.020000	0.000000	2.0e-13
26.030000	0.000000	1.9e-13
26.040000	0.000000	1.9e-13
26.050000	0.000000	1.9e-13
26.060000	0.000000	1.9e-13
26.070000	0.000000	1.8e-13
26.080000	0.000000	1.8e-13
26.090000	0.000000	1.8e-13
26.100000	0.000000	1.8e-13
26.110000	0.000000	1.8e-13
26.120000	0.000000	1.7e-13
26.130000	0.000000	1.7e-13
26.140000	0.000000	1.7e-13
26.150000	0.000000	1.7e-13
26.160000	0.000000	1.6e-13
26.170000	0.000000	1.6e-13
26.180000	0.000000	1.6e-13
26.190000	0.000000	1.6e-13
26.200000	0.000000	1.5e-13
26.210000	0.000000	1.5e-13
26.220000	0.000000	1.5e-13
26.230000	0.000000	1.5e-13
26.240000	0.000000	1.4e-13
26.250000	0.000000	1.4e-13
26.260000	0.000000	1.4e-13
26.270000	0.000000	1.4e-13
26.280000	0.000000	1.4e-13
26.290000	0.000000	1.3e-13
26.300000	0.000000	1.3e-13
26.310000	0.000000	1.3e-13
26.320000	0.000000	1.3e-13
26.330000	0.000000	1.3e-13
26.340000	0.000000	1.3e-13
26.350000	0.000000	1.2e-13
26.360000	0.000000	1.2e-13
26.370000	0.000000	1.2e-13
26.380000	0.000000	1.2e-13
26.390000	0.000000	1.2e-13
26.400000	0.000000	1.2e-13
26.410000	0.000000	1.1e-13
26.420000	0.000000	1.1e-13
26.430000	0.000000	1.1e-13
26.440000	0.000000	1.1e-13
26.450000	0.000000	1.1e-13
26.460000	0.000000	1.1e-13
26.470000	0.000000	1.0e-13
26.480000	0.000000	1.0e-13
26.490000	0.000000	1.0e-13
26.500000	0.000000	1.0e-13
26.510000	0.000000	9.9e-14
26.520000	0.000000	9.7e-14
26.530000	0.000000	9.6e-14
26.540000	0.000000	9.4e-14
26.550000	0.000000	9.3e-14
26.560000	0.000000	9.1e-14
26.570000	0.000000	9.0e-14
26.580000	0.000000	8.8e-14
26.590000	0.000000	8.7e-14
26.600000	0.000000	8.6e-14
26.610000	0.000000	8.5e-14
26.620000	0.000000	8.4e-14
26.630000	0.000000	8.3e-14
26.640000	0.000000	8.2e-14
26.650000	0.000000	8.1e-14
26.660000	0.000000	8.0e-14
26.670000	0.000000	7.9e-14
26.680000	0.000000	7.8e-14
26.690000	0.000000	7.7e-14
26.700000	0.000000	7.6e-14
26.710000	0.000000	7.5e-14
26.720000	0.000000	7.4e-14
26.730000	0.000000	7.2e-14
26.740000	0.000000	7.1e-14
26.750000	0.000000	7.0e-14
26.760000	0.000000	6.9e-14
26.770000	0.000000	6.8e-14
26.780000	0.000000	6.7e-14
26.790000	0.000000	6.6e-14
26.800000	0.000000	6.5e-14
26.810000	0.000000	6.4e-14
26.820000	0.000000	6.3e-14
26.830000	0.000000	6.2e-14
26.840000	0.000000	6.1e-14
26.850000	0.000000	6.0e-14
26.860000	0.000000	5.9e-14
26.870000	0.000000	5.8e-14
26.880000	0.000000	5.8e-14
26.890000	0.000000	5.7e-14
26.900000	0.000000	5.6e-14
26.910000	0.000000	5.6e-14
26.920000	0.000000	5.5e-14
26.930000	0.000000	5.4e-14
26.940000	0.000000	5.4e-14
26.950000	0.000000	5.3e-14
26.960000	0.000000	5.2e-14
26.970000	0.000000	5.1e-14
26.980000	0.000000	5.1e-14
26.990000	0.000000	5.0e-14
27.000000	0.000000	4.9e-14
27.010000	0.000000	4.9e-14
27.020000	0.000000	4.8e-14
27.030000	0.000000	4.7e-14
27.040000	0.000000	4.7e-14
27.050000	0.000000	4.6e-14
27.060000	0.000000	4.5e-14
27.070000	0.000000	4.4e-14
27.080000	0.000000	4.4e-14
27.090000	0.000000	4.3e-14
27.100000	0.000000	4.2e-14
27.110000	0.000000	4.2e-14
27.120000	0.000000	4.1e-14
27.130000	0.000000	4.0e-14
27.140000	0.000000	4.0e-14
27.150000	0.000000	3.9e-14
27.160000	0.000000	3.9e-14
27.170000	0.000000	3.8e-14
27.180000	0.000000	3.8e-14
27.190000	0.000000	3.7e-14
27.200000	0.000000	3.7e-14
27.210000	0.000000	3.6e-14
27.220000	0.000000	3.6e-14
27.230000	0.000000	3.5e-14
27.240000	0.000000	3.5e-14
27.250000	0.000000	3.4e-14
27.260000	0.000000	3.4e-14
27.270000	0.000000	3.4e-14
27.280000	0.000000	3.3e-14
27.290000	0.000000	3.3e-14
27.300000	0.000000	3.2e-14
27.310000	0.000000	3.2e-14
27.320000	0.000000	3.1e-14
27.330000	0.000000	3.1e-14
27.340000	0.000000	3.0e-14
27.350000	0.000000	3.0e-14
27.360000	0.000000	2.9e-14
27.370000	0.000000	2.9e-14
27.380000	0.000000	2.8e-14
27.390000	0.000000	2.8e-14
27.400000	0.000000	2.7e-14
27.410000	0.000000	2.7e-14
27.420000	0.000000	2.7e-14
27.430000	0.000000	2.6e-14
27.440000	0.000000	2.6e-14
27.450000	0.000000	2.6e-14
27.460000	0.000000	2.5e-14
27.470000	0.000000	2.5e-14
27.480000	0.000000	2.5e-14
27.490000	0.000000	2.4e-14
27.500000	0.000000	2.4e-14
27.510000	0.000000	2.4e-14
27.520000	0.000000	2.3e-14
27.530000	0.000000	2.3e-14
27.540000	0.000000	2.3e-14
27.550000	0.000000	2.3e-14
27.560000	0.000000	2.2e-14
27.570000	0.000000	2.2e-14
27.580000	0.000000	2.2e-14
27.590000	0.000000	2.1e-14
27.600000	0.000000	2.1e-14
27.610000	0.000000	2.1e-14
27.620000	0.000000	2.0e-14
27.630000	0.000000	2.0e-14
27.640000	0.000000	2.0e-14
27.650000	0.000000	1.9e-14
27.660000	0.000000	1.9e-14
27.670000	0.000000	1.9e-14
27.680000	0.000000	1.8e-14
27.690000	0.000000	1.8e-14
27.700000	0.000000	1.8e-14
27.710000	0.000000	1.8e-14
27.720000	0.000000	1.7e-14
27.730000	0.000000	1.7e-14
27.740000	0.000000	1.7e-14
27.750000	0.000000	1.7e-14
27.760000	0.000000	1.7e-14
27.770000	0.000000	1.6e-14
27.780000	0.000000	1.6e-14
27.790000	0.000000	1.6e-14
27.800000	0.000000	1.6e-14
27.810000	0.000000	1.6e-14
27.820000	0.000000	1.5e-14
27.830000	0.000000	1.5e-14
27.840000	0.000000	1.5e-14
27.850000	0.000000	1.5e-14
27.860000	0.000000	1.4e-14
27.870000	0.000000	1.4e-14
27.880000	0.000000	1.4e-14
27.890000	0.000000	1.4e-14
27.900000	0.000000	1.4e-14
27.910000	0.000000	1.3e-14
27.920000	0.000000	1.3e-14
27.930000	0.000000	1.3e-14
27.940000	0.000000	1.3e-14
27.950000	0.000000	1.3e-14
27.960000	0.000000	1.2e-14
27.970000	0.000000	1.2e-14
27.980000	0.000000	1.2e-14
27.990000	0.000000	1.2e-14
28.000000	0.000000	1.2e-14
28.010000	0.000000	1.2e-14
28.020000	0.000000	1.1e-14
28.030000	0.000000	1.1e-14
28.040000	0.000000	1.1e-14
28.050000	0.000000	1.1e-14
28.060000	0.000000	1.1e-14
28.070000	0.000000	1.1e-14
28.080000	0.000000	1.1e-14
28.090000	0.000000	1.0e-14
28.100000	0.000000	1.0e-14
28.110000	0.000000	1.0e-14
28.120000	0.000000	1.0e-14
28.130000	0.000000	9.9e-15
28.140000	0.000000	9.7e-15
28.150000	0.000000	9.6e-15
28.160000	0.000000	9.4e-15
28.170000	0.000000	9.3e-15
28.180000	0.000000	9.2e-15
28.190000	0.000000	9.0e-15
28.200000	0.000000	8.9e-15
28.210000	0.000000	8.7e-15
28.220000	0.000000	8.6e-15
28.230000	0.000000	8.5e-15
28.240000	0.000000	8.3e-15
28.250000	0.000000	8.2e-15
28.260000	0.000000	8.1e-15
28.270000	0.000000	7.9e-15
28.280000	0.000000	7.8e-15
28.290000	0.000000	7.7e-15
28.300000	0.000000	7.7e-15
28.310000	0.000000	7.6e-15
28.320000	0.000000	7.5e-15
28.330000	0.000000	7.4e-15
28.340000	0.000000	7.3e-15
28.350000	0.000000	7.2e-15
28.360000	0.000000	7.1e-15
28.370000	0.000000	7.0e-15
28.380000	0.000000	6.9e-15
28.390000	0.000000	6.8e-15
28.400000	0.000000	6.7e-15
28.410000	0.000000	6.6e-15
28.420000	0.000000	6.5e-15
28.430000	0.000000	6.4e-15
28.440000	0.000000	6.3e-15
28.450000	0.000000	6.2e-15
28.460000	0.000000	6.1e-15
28.470000	0.000000	6.1e-15
28.480000	0.000000	6.0e-15
28.490000	0.000000	5.9e-15
28.500000	0.000000	5.8e-15
28.510000	0.000000	5.7e-15
28.520000	0.000000	5.6e-15
28.530000	0.000000	5.5e-15
28.540000	0.000000	5.4e-15
28.550000	0.000000	5.3e-15
28.560000	0.000000	5.3e-15
28.570000	0.000000	5.2e-15
28.580000	0.000000	5.1e-15
28.590000	0.000000	5.1e-15
28.600000	0.000000	5.0e-15
28.610000	0.000000	4.9e-15
28.620000	0.000000	4.9e-15
28.630000	0.000000	4.8e-15
28.640000	0.000000	4.8e-15
28.650000	0.000000	4.7e-15
28.660000	0.000000	4.6e-15
28.670000	0.000000	4.6e-15
28.680000	0.000000	4.5e-15
28.690000	0.000000	4.4e-15
28.700000	0.000000	4.4e-15
28.710000	0.000000	4.3e-15
28.720000	0.000000	4.3e-15
28.730000	0.000000	4.2e-15
28.740000	0.000000	4.1e-15
28.750000	0.000000	4.1e-15
28.760000	0.000000	4.0e-15
28.770000	0.000000	3.9e-15
28.780000	0.000000	3.9e-15
28.790000	0.000000	3.8e-15
28.800000	0.000000	3.8e-15
28.810000	0.000000	3.7e-15
28.820000	0.000000	3.6e-15
28.830000	0.000000	3.6e-15
28.840000	0.000000	3.5e-15
28.850000	0.000000	3.5e-15
28.860000	0.000000	3.4e-15
28.870000	0.000000	3.4e-15
28.880000	0.000000	3.4e-15
28.890000	0.000000	3.3e-15
28.900000	0.000000	3.3e-15
28.910000	0.000000	3.2e-15
28.920000	0.000000	3.2e-15
28.930000	0.000000	3.2e-15
28.940000	0.000000	3.1e-15
28.950000	0.000000	3.1e-15
28.960000	0.000000	3.0e-15
28.970000	0.000000	3.0e-15
28.980000	0.000000	2.9e-15
28.990000	0.000000	2.9e-15
29.000000	0.000000	2.9e-15
29.010000	0.000000	2.8e-15
29.020000	0.000000	2.8e-15
29.030000	0.000000	2.7e-15
29.040000	0.000000	2.7e-15
29.050000	0.000000	2.6e-15
29.060000	0.000000	2.6e-15
29.070000	0.000000	2.6e-15
29.080000	0.000000	2.5e-15
29.090000	0.000000	2.5e-15
29.100000	0.000000	2.4e-15
29.110000	0.000000	2.4e-15
29.120000	0.000000	2.4e-15
29.130000	0.000000	2.3e-15
29.140000	0.000000	2.3e-15
29.150000	0.000000	2.3e-15
29.160000	0.000000	2.3e-15
29.170000	0.000000	2.2e-15
29.180000	0.000000	2.2e-15
29.190000	0.000000	2.2e-15
29.200000	0.000000	2.1e-15
29.210000	0.000000	2.1e-15
29.220000	0.000000	2.1e-15
29.230000	0.000000	2.1e-15
29.240000	0.000000	2.0e-15
29.250000	0.000000	2.0e-15
29.260000	0.000000	2.0e-15
29.270000	0.000000	1.9e-15
29.280000	0.000000	1.9e-15
29.290000	0.000000	1.9e-15
29.300000	0.000000	1.9e-15
29.310000	0.000000	1.8e-15
29.320000	0.000000	1.8e-15
29.330000	0.000000	1.8e-15
29.340000	0.000000	1.7e-15
29.350000	0.000000	1.7e-15
29.360000	0.000000	1.7e-15
29.370000	0.000000	1.7e-15
29.380000	0.000000	1.6e-15
29.390000	0.000000	1.6e-15
29.400000	0.000000	1.6e-15
29.410000	0.000000	1.6e-15
29.420000	0.000000	1.6e-15
29.430000	0.000000	1.5e-15
29.440000	0.000000	1.5e-15
29.450000	0.000000	1.5e-15
29.460000	0.000000	1.5e-15
29.470000	0.000000	1.5e-15
29.480000	0.000000	1.4e-15
29.490000	0.000000	1.4e-15
29.500000	0.000000	1.4e-15
29.510000	0.000000	1.4e-15
29.520000	0.000000	1.4e-15
29.530000	0.000000	1.3e-15
29.540000	0.000000	1.3e-15
29.550000	0.000000	1.3e-15
29.560000	0.000000	1.3e-15
29.570000	0.000000	1.3e-15
29.580000	0.000000	1.3e-15
29.590000	0.000000	1.2e-15
29.600000	0.000000	1.2e-15
29.610000	0.000000	1.2e-15
29.620000	0.000000	1.2e-15
29.630000	0.000000	1.2e-15
29.640000	0.000000	1.1e-15
29.650000	0.000000	1.1e-15
29.660000	0.000000	1.1e-15
29.670000	0.000000	1.1e-15
29.680000	0.000000	1.1e-15
29.690000	0.000000	1.1e-15
29.700000	0.000000	1.0e-15
29.710000	0.000000	1.0e-15
29.720000	0.000000	1.0e-15
29.730000	0.000000	1.0e-15
29.740000	0.000000	9.9e-16
29.750000	0.000000	9.8e-16
29.760000	0.000000	9.7e-16
29.770000	0.000000	9.5e-16
29.780000	0.000000	9.4e-16
29.790000	0.000000	9.3e-16
29.800000	0.000000	9.2e-16
29.810000	0.000000	9.0e-16
29.820000	0.000000	8.9e-16
29.830000	0.000000	8.8e-16
29.840000	0.000000	8.6e-16
29.850000	0.000000	8.5e-16
29.860000	0.000000	8.4e-16
29.870000	0.000000	8.3e-16
29.880000	0.000000	8.1e-16
29.890000	0.000000	8.0e-16
29.900000	0.000000	7.9e-16
29.910000	0.000000	7.8e-16
29.920000	0.000000	7.6e-16
29.930000	0.000000	7.5e-16
29.940000	0.000000	7.4e-16
29.950000	0.000000	7.3e-16
29.960000	0.000000	7.2e-16
29.970000	0.000000	7.1e-16
29.980000	0.000000	7.0e-16
29.990000	0.000000	6.9e-16
30.000000	0.000000	6.8e-16
30.010000	0.000000	6.7e-16
30.020000	0.000000	6.7e-16
30.030000	0.000000	6.6e-16
30.040000	0.000000	6.5e-16
30.050000	0.000000	6.4e-16
30.060000	0.000000	6.3e-16
30.070000	0.000000	6.2e-16
30.080000	0.000000	6.2e-16
30.090000	0.000000	6.1e-16
