0.100000	0.000000	16088.734477
0.110000	0.000000	13840.918191
0.120000	0.000000	13185.902061
0.130000	0.000000	11796.288405
0.140000	0.000000	11935.905880
0.150000	0.000000	10530.863997
0.160000	0.000000	11061.129323
0.170000	0.000000	9722.064537
0.180000	0.000000	7890.893199
0.190000	0.000000	7479.233076
0.200000	0.000000	6999.889554
0.210000	0.000000	6820.791078
0.220000	0.000000	6736.080522
0.230000	0.000000	6121.715502
0.240000	0.000000	6692.613448
0.250000	0.000000	5814.231127
0.260000	0.000000	5225.747061
0.270000	0.000000	5061.808265
0.280000	0.000000	5208.972037
0.290000	0.000000	4771.101610
0.300000	0.000000	4428.740099
0.310000	0.000000	4478.355961
0.320000	0.000000	4341.050484
0.330000	0.000000	4086.343740
0.340000	0.000000	3920.041067
0.350000	0.000000	3752.652986
0.360000	0.000000	4463.124688
0.370000	0.000000	6636.124711
0.380000	0.000000	6994.407761
0.390000	0.000000	4557.775059
0.400000	0.000000	7659.608252
0.410000	0.000000	3629.582557
0.420000	0.000000	7400.380697
0.430000	0.000000	5850.704954
0.440000	0.000000	6231.503087
0.450000	0.000000	3204.838202
0.460000	0.000000	2829.493355
0.470000	0.000000	2763.513984
0.480000	0.000000	14277.215604
0.490000	0.000000	8209.010587
0.500000	0.000000	3139.372698
0.510000	0.000000	2940.179139
0.520000	0.000000	2472.337905
0.530000	0.000000	2774.398933
0.540000	0.000000	2948.274060
0.550000	0.000000	2354.848519
0.560000	0.000000	2565.482575
0.570000	0.000000	3354.061297
0.580000	0.000000	3358.079774
0.590000	0.000000	2512.891501
0.600000	0.000000	3225.948231
0.610000	0.000000	2163.108334
0.620000	0.000000	2152.182031
0.630000	0.000000	2452.700635
0.640000	0.000000	2375.820842
0.650000	0.000000	5989.818828
0.660000	0.000000	4185.856161
0.670000	0.000000	2183.250612
0.680000	0.000000	2103.882832
0.690000	0.000000	2049.965863
0.700000	0.000000	2081.830936
0.710000	0.000000	2171.062354
0.720000	0.000000	2424.382713
0.730000	0.000000	3471.964177
0.740000	0.000000	1846.963384
0.750000	0.000000	1741.257976
0.760000	0.000000	1726.805770
0.770000	0.000000	2804.541138
0.780000	0.000000	1723.397911
0.790000	0.000000	1879.798169
0.800000	0.000000	1934.787990
0.810000	0.000000	2003.840763
0.820000	0.000000	1831.783578
0.830000	0.000000	1722.971764
0.840000	0.000000	1634.821911
0.850000	0.000000	1566.303698
0.860000	0.000000	1557.325289
0.870000	0.000000	1580.856250
0.880000	0.000000	1608.494748
0.890000	0.000000	1592.727912
0.900000	0.000000	1581.613252
0.910000	0.000000	1572.021158
0.920000	0.000000	1559.202841
0.930000	0.000000	1554.527874
0.940000	0.000000	1530.907110
0.950000	0.000000	1520.084333
0.960000	0.000000	1504.714839
0.970000	0.000000	1506.051721
0.980000	0.000000	1486.063786
0.990000	0.000000	1483.567615
1.000000	0.000000	1470.207054
1.010000	0.000000	1672.642267
1.020000	0.000000	1650.217927
1.030000	0.000000	1445.510896
1.040000	0.000000	1534.632428
1.050000	0.000000	1608.980237
1.060000	0.000000	1398.188071
1.070000	0.000000	1445.060279
1.080000	0.000000	1670.002770
1.090000	0.000000	1400.609295
1.100000	0.000000	2156.979559
1.110000	0.000000	1336.208302
1.120000	0.000000	1829.176704
1.130000	0.000000	1384.120418
1.140000	0.000000	1290.776054
1.150000	0.000000	1486.312496
1.160000	0.000000	1733.873233
1.170000	0.000000	1477.143376
1.180000	0.000000	1241.642997
1.190000	0.000000	1234.148072
1.200000	0.000000	1247.523892
1.210000	0.000000	1244.507154
1.220000	0.000000	1207.406684
1.230000	0.000000	1212.885583
1.240000	0.000000	1208.769875
1.250000	0.000000	1182.029065
1.260000	0.000000	1175.527590
1.270000	0.000000	1197.468891
1.280000	0.000000	1162.079826
1.290000	0.000000	1187.438592
1.300000	0.000000	1159.632079
1.310000	0.000000	1159.923535
1.320000	0.000000	1150.145363
1.330000	0.000000	1135.691353
1.340000	0.000000	1124.431045
1.350000	0.000000	1122.170358
1.360000	0.000000	1127.519972
1.370000	0.000000	1120.246936
1.380000	0.000000	1102.749730
1.390000	0.000000	1105.344417
1.400000	0.000000	1106.668052
1.410000	0.000000	1079.735279
1.420000	0.000000	1075.342325
1.430000	0.000000	1070.164809
1.440000	0.000000	1058.231608
1.450000	0.000000	1054.378508
1.460000	0.000000	1046.032351
1.470000	0.000000	1063.534581
1.480000	0.000000	1103.861024
1.490000	0.000000	1080.366065
1.500000	0.000000	1059.660937
1.510000	0.000000	1029.666153
1.520000	0.000000	1007.290117
1.530000	0.000000	1001.094744
1.540000	0.000000	1043.314791
1.550000	0.000000	1074.963054
1.560000	0.000000	986.906528
1.570000	0.000000	983.902774
1.580000	0.000000	971.834486
1.590000	0.000000	967.651772
1.600000	0.000000	962.311366
1.610000	0.000000	956.539368
1.620000	0.000000	948.740786
1.630000	0.000000	941.884360
1.640000	0.000000	935.143343
1.650000	0.000000	949.724539
1.660000	0.000000	949.814247
1.670000	0.000000	936.776821
1.680000	0.000000	919.496234
1.690000	0.000000	907.539185
1.700000	0.000000	901.820825
1.710000	0.000000	896.296220
1.720000	0.000000	902.480581
1.730000	0.000000	914.828412
1.740000	0.000000	881.154178
1.750000	0.000000	885.934224
1.760000	0.000000	876.467037
1.770000	0.000000	868.902825
1.780000	0.000000	854.939185
1.790000	0.000000	848.870267
1.800000	0.000000	845.512478
1.810000	0.000000	853.333843
1.820000	0.000000	844.471638
1.830000	0.000000	831.827016
1.840000	0.000000	822.845720
1.850000	0.000000	815.623673
1.860000	0.000000	809.328177
1.870000	0.000000	807.748196
1.880000	0.000000	804.417367
1.890000	0.000000	793.360649
1.900000	0.000000	787.873314
1.910000	0.000000	782.103290
1.920000	0.000000	776.911019
1.930000	0.000000	771.243407
1.940000	0.000000	766.924498
1.950000	0.000000	761.709877
1.960000	0.000000	754.649566
1.970000	0.000000	749.454179
1.980000	0.000000	744.139773
1.990000	0.000000	738.546135
2.000000	0.000000	733.346284
2.010000	0.000000	728.113118
2.020000	0.000000	723.426069
2.030000	0.000000	717.938899
2.040000	0.000000	712.008143
2.050000	0.000000	706.947347
2.060000	0.000000	701.389591
2.070000	0.000000	695.654881
2.080000	0.000000	690.463023
2.090000	0.000000	684.712681
2.100000	0.000000	679.396336
2.110000	0.000000	673.872460
2.120000	0.000000	668.417098
2.130000	0.000000	663.744013
2.140000	0.000000	657.615729
2.150000	0.000000	652.528641
2.160000	0.000000	646.827806
2.170000	0.000000	641.272186
2.180000	0.000000	635.905420
2.190000	0.000000	629.832743
2.200000	0.000000	622.408081
2.210000	0.000000	613.962195
2.220000	0.000000	605.327999
2.230000	0.000000	596.849093
2.240000	0.000000	588.371918
2.250000	0.000000	579.888363
2.260000	0.000000	571.413233
2.270000	0.000000	562.975715
2.280000	0.000000	554.050014
2.290000	0.000000	545.450422
2.300000	0.000000	539.395361
2.310000	0.000000	528.938657
2.320000	0.000000	519.985136
2.330000	0.000000	511.525554
2.340000	0.000000	503.095087
2.350000	0.000000	494.604975
2.360000	0.000000	486.085204
2.370000	0.000000	483.054580
2.380000	0.000000	475.290185
2.390000	0.000000	456.353135
2.400000	0.000000	452.375271
2.410000	0.000000	456.813578
2.420000	0.000000	2660.447615
2.430000	0.000000	16962.657130
2.440000	0.000000	8246.140997
2.450000	0.000000	2294.770278
2.460000	0.000000	44810.805471
2.470000	0.000000	6185.264755
2.480000	0.000000	360.262936
2.490000	0.000000	349.665815
2.500000	0.000000	339.068994
2.510000	0.000000	328.523414
2.520000	0.000000	317.911520
2.530000	0.000000	307.278536
2.540000	0.000000	296.677680
2.550000	0.000000	322.852001
2.560000	0.000000	344.690225
2.570000	0.000000	265.548588
2.580000	0.000000	770.404246
2.590000	0.000000	2918.596879
2.600000	0.000000	4672.078125
2.610000	0.000000	62000.660730
2.620000	0.000000	121938.626117
2.630000	0.000000	9166.664852
2.640000	0.000000	193.275213
2.650000	0.000000	192.058711
2.660000	0.000000	190.857641
2.670000	0.000000	189.662221
2.680000	0.000000	188.465412
2.690000	0.000000	187.268439
2.700000	0.000000	186.080292
2.710000	0.000000	184.887813
2.720000	0.000000	183.829438
2.730000	0.000000	182.782706
2.740000	0.000000	181.436615
2.750000	0.000000	180.561667
2.760000	0.000000	178.995133
2.770000	0.000000	178.086653
2.780000	0.000000	178.100403
2.790000	0.000000	178.833869
2.800000	0.000000	186.469702
2.810000	0.000000	175.391077
2.820000	0.000000	325.273256
2.830000	0.000000	240.234191
2.840000	0.000000	179.142597
2.850000	0.000000	169.718736
2.860000	0.000000	167.146240
2.870000	0.000000	3886.976402
2.880000	0.000000	4862.243469
2.890000	0.000000	163.659348
2.900000	0.000000	162.499342
2.910000	0.000000	161.344285
2.920000	0.000000	160.211360
2.930000	0.000000	159.077212
2.940000	0.000000	160.245274
2.950000	0.000000	243.185129
2.960000	0.000000	184.261701
2.970000	0.000000	157.344574
2.980000	0.000000	156.129357
2.990000	0.000000	152.838449
3.000000	0.000000	150.846127
3.010000	0.000000	179.311397
3.020000	0.000000	1867.457523
3.030000	0.000000	1583.778534
3.040000	0.000000	316.636810
3.050000	0.000000	359.761689
3.060000	0.000000	213.136447
3.070000	0.000000	142.928932
3.080000	0.000000	141.841325
3.090000	0.000000	3919.769922
3.100000	0.000000	25063.338248
3.110000	0.000000	139.164383
3.120000	0.000000	143.094709
3.130000	0.000000	1007.584109
3.140000	0.000000	239.522839
3.150000	0.000000	581.549112
3.160000	0.000000	264.554719
3.170000	0.000000	380.891994
3.180000	0.000000	498.501360
3.190000	0.000000	316.538786
3.200000	0.000000	154.681943
3.210000	0.000000	150.665261
3.220000	0.000000	165.195695
3.230000	0.000000	156.704855
3.240000	0.000000	156.166819
3.250000	0.000000	159.538101
3.260000	0.000000	1246.122722
3.270000	0.000000	8107.179686
3.280000	0.000000	166.274138
3.290000	0.000000	152.282534
3.300000	0.000000	151.458484
3.310000	0.000000	163.181445
3.320000	0.000000	174.982466
3.330000	0.000000	155.692610
3.340000	0.000000	147.905479
3.350000	0.000000	2535.448756
3.360000	0.000000	1854.001513
3.370000	0.000000	145.362021
3.380000	0.000000	144.561659
3.390000	0.000000	904.450915
3.400000	0.000000	1588.271508
3.410000	0.000000	451.110907
3.420000	0.000000	1201.241159
3.430000	0.000000	235.223319
3.440000	0.000000	973.767737
3.450000	0.000000	962.200615
3.460000	0.000000	149.319642
3.470000	0.000000	137.925137
3.480000	0.000000	136.628143
3.490000	0.000000	262.890534
3.500000	0.000000	329.762495
3.510000	0.000000	340.063577
3.520000	0.000000	337.923079
3.530000	0.000000	336.373583
3.540000	0.000000	334.840543
3.550000	0.000000	333.318418
3.560000	0.000000	331.791466
3.570000	0.000000	330.247526
3.580000	0.000000	328.726515
3.590000	0.000000	327.186748
3.600000	0.000000	325.680171
3.610000	0.000000	324.300154
3.620000	0.000000	322.597165
3.630000	0.000000	320.961307
3.640000	0.000000	319.434454
3.650000	0.000000	317.903829
3.660000	0.000000	316.418334
3.670000	0.000000	314.980473
3.680000	0.000000	315.981865
3.690000	0.000000	314.263288
3.700000	0.000000	310.973752
3.710000	0.000000	308.767087
3.720000	0.000000	307.209040
3.730000	0.000000	305.681986
3.740000	0.000000	304.155678
3.750000	0.000000	302.629496
3.760000	0.000000	301.103053
3.770000	0.000000	299.592531
3.780000	0.000000	298.211949
3.790000	0.000000	296.550201
3.800000	0.000000	294.943885
3.810000	0.000000	293.419329
3.820000	0.000000	291.899330
3.830000	0.000000	290.426569
3.840000	0.000000	288.959981
3.850000	0.000000	293.282094
3.860000	0.000000	291.553582
3.870000	0.000000	288.427132
3.880000	0.000000	287.296239
3.890000	0.000000	294.490571
3.900000	0.000000	298.397745
3.910000	0.000000	278.269214
3.920000	0.000000	277.868928
3.930000	0.000000	280.067858
3.940000	0.000000	273.721807
3.950000	0.000000	272.216664
3.960000	0.000000	271.278421
3.970000	0.000000	269.114493
3.980000	0.000000	267.564426
3.990000	0.000000	266.050043
4.000000	0.000000	264.849909
4.010000	0.000000	263.149179
4.020000	0.000000	261.533039
4.030000	0.000000	260.166057
4.040000	0.000000	258.644299
4.050000	0.000000	257.115541
4.060000	0.000000	256.075222
4.070000	0.000000	254.966380
4.080000	0.000000	253.022976
4.090000	0.000000	254.456806
4.100000	0.000000	264.193037
4.110000	0.000000	248.775794
4.120000	0.000000	246.758809
4.130000	0.000000	244.993410
4.140000	0.000000	245.218247
4.150000	0.000000	242.255153
4.160000	0.000000	240.520908
4.170000	0.000000	239.032362
4.180000	0.000000	237.539777
4.190000	0.000000	236.047787
4.200000	0.000000	234.558196
4.210000	0.000000	233.093757
4.220000	0.000000	231.808923
4.230000	0.000000	230.744853
4.240000	0.000000	229.982884
4.250000	0.000000	229.361011
4.260000	0.000000	227.727018
4.270000	0.000000	226.729207
4.280000	0.000000	225.723146
4.290000	0.000000	224.705746
4.300000	0.000000	224.092292
4.310000	0.000000	222.701097
4.320000	0.000000	221.651124
4.330000	0.000000	220.926279
4.340000	0.000000	219.749468
4.350000	0.000000	218.781428
4.360000	0.000000	217.801367
4.370000	0.000000	216.770689
4.380000	0.000000	215.798968
4.390000	0.000000	214.773271
4.400000	0.000000	213.691033
4.410000	0.000000	212.698387
4.420000	0.000000	211.721329
4.430000	0.000000	210.770305
4.440000	0.000000	209.751911
4.450000	0.000000	208.758430
4.460000	0.000000	207.737674
4.470000	0.000000	206.707674
4.480000	0.000000	205.751246
4.490000	0.000000	204.725981
4.500000	0.000000	203.956274
4.510000	0.000000	202.868708
4.520000	0.000000	201.766621
4.530000	0.000000	200.755780
4.540000	0.000000	199.759491
4.550000	0.000000	198.758610
4.560000	0.000000	197.763141
4.570000	0.000000	198.185970
4.580000	0.000000	198.835367
4.590000	0.000000	194.780322
4.600000	0.000000	193.788441
4.610000	0.000000	192.809285
4.620000	0.000000	191.879110
4.630000	0.000000	190.800182
4.640000	0.000000	189.796959
4.650000	0.000000	188.816393
4.660000	0.000000	187.835713
4.670000	0.000000	186.855353
4.680000	0.000000	185.883042
4.690000	0.000000	185.119789
4.700000	0.000000	184.122470
4.710000	0.000000	183.033890
4.720000	0.000000	182.211252
4.730000	0.000000	181.306011
4.740000	0.000000	180.392041
4.750000	0.000000	179.726316
4.760000	0.000000	178.051740
4.770000	0.000000	177.073145
4.780000	0.000000	176.114809
4.790000	0.000000	175.141914
4.800000	0.000000	174.080676
4.810000	0.000000	173.133289
4.820000	0.000000	173.286746
4.830000	0.000000	171.377706
4.840000	0.000000	170.137350
4.850000	0.000000	169.655248
4.860000	0.000000	169.339407
4.870000	0.000000	167.821331
4.880000	0.000000	166.223108
4.890000	0.000000	165.245006
4.900000	0.000000	164.266969
4.910000	0.000000	163.289679
4.920000	0.000000	162.464446
4.930000	0.000000	161.840945
4.940000	0.000000	160.377812
4.950000	0.000000	159.402278
4.960000	0.000000	158.513955
4.970000	0.000000	157.767690
4.980000	0.000000	157.224554
4.990000	0.000000	156.267364
5.000000	0.000000	155.553289
5.010000	0.000000	154.893710
5.020000	0.000000	154.388716
5.030000	0.000000	153.674817
5.040000	0.000000	153.012284
5.050000	0.000000	152.389245
5.060000	0.000000	151.672972
5.070000	0.000000	150.996377
5.080000	0.000000	150.360561
5.090000	0.000000	149.668801
5.100000	0.000000	149.016115
5.110000	0.000000	148.437130
5.120000	0.000000	148.372117
5.130000	0.000000	147.062362
5.140000	0.000000	146.378329
5.150000	0.000000	145.757551
5.160000	0.000000	145.083937
5.170000	0.000000	144.434160
5.180000	0.000000	143.781510
5.190000	0.000000	143.123444
5.200000	0.000000	142.510150
5.210000	0.000000	141.842694
5.220000	0.000000	141.156949
5.230000	0.000000	140.512060
5.240000	0.000000	139.974876
5.250000	0.000000	139.444956
5.260000	0.000000	138.579145
5.270000	0.000000	137.934930
5.280000	0.000000	137.290726
5.290000	0.000000	136.646554
5.300000	0.000000	135.979520
5.310000	0.000000	135.473914
5.320000	0.000000	134.686568
5.330000	0.000000	134.027145
5.340000	0.000000	133.382629
5.350000	0.000000	132.812354
5.360000	0.000000	132.130945
5.370000	0.000000	131.480729
5.380000	0.000000	130.839062
5.390000	0.000000	130.190019
5.400000	0.000000	129.555782
5.410000	0.000000	128.895439
5.420000	0.000000	128.233515
5.430000	0.000000	127.595087
5.440000	0.000000	126.955362
5.450000	0.000000	126.301971
5.460000	0.000000	125.657541
5.470000	0.000000	124.993486
5.480000	0.000000	124.338687
5.490000	0.000000	123.709985
5.500000	0.000000	123.056234
5.510000	0.000000	122.412129
5.520000	0.000000	121.766625
5.530000	0.000000	121.129747
5.540000	0.000000	120.488620
5.550000	0.000000	119.838720
5.560000	0.000000	119.196292
5.570000	0.000000	118.605272
5.580000	0.000000	117.995513
5.590000	0.000000	117.274389
5.600000	0.000000	116.657587
5.610000	0.000000	116.220786
5.620000	0.000000	116.625004
5.630000	0.000000	115.288639
5.640000	0.000000	114.445993
5.650000	0.000000	114.165022
5.660000	0.000000	113.459168
5.670000	0.000000	115.102636
5.680000	0.000000	112.351110
5.690000	0.000000	110.829305
5.700000	0.000000	110.188398
5.710000	0.000000	109.548692
5.720000	0.000000	108.909130
5.730000	0.000000	108.271102
5.740000	0.000000	107.686154
5.750000	0.000000	107.204306
5.760000	0.000000	106.770374
5.770000	0.000000	106.330464
5.780000	0.000000	105.891798
5.790000	0.000000	105.454650
5.800000	0.000000	105.013245
5.810000	0.000000	104.551911
5.820000	0.000000	104.127099
5.830000	0.000000	103.697466
5.840000	0.000000	103.271233
5.850000	0.000000	102.843793
5.860000	0.000000	102.444330
5.870000	0.000000	102.045134
5.880000	0.000000	101.623598
5.890000	0.000000	101.188456
5.900000	0.000000	100.753842
5.910000	0.000000	100.367231
5.920000	0.000000	100.071456
5.930000	0.000000	99.701948
5.940000	0.000000	99.041414
5.950000	0.000000	98.619853
5.960000	0.000000	98.198596
5.970000	0.000000	97.767244
5.980000	0.000000	97.327316
5.990000	0.000000	96.905911
6.000000	0.000000	96.501213
6.010000	0.000000	96.067359
6.020000	0.000000	95.648009
6.030000	0.000000	95.227747
6.040000	0.000000	94.801936
6.050000	0.000000	94.378341
6.060000	0.000000	93.957487
6.070000	0.000000	93.541097
6.080000	0.000000	93.122634
6.090000	0.000000	92.706221
6.100000	0.000000	92.312190
6.110000	0.000000	91.970899
6.120000	0.000000	92.052353
6.130000	0.000000	91.219141
6.140000	0.000000	90.726471
6.150000	0.000000	90.495459
6.160000	0.000000	90.029455
6.170000	0.000000	90.520161
6.180000	0.000000	89.196431
6.190000	0.000000	88.456420
6.200000	0.000000	88.041483
6.210000	0.000000	87.618227
6.220000	0.000000	87.192869
6.230000	0.000000	86.771868
6.240000	0.000000	86.351204
6.250000	0.000000	85.931521
6.260000	0.000000	85.513041
6.270000	0.000000	85.094370
6.280000	0.000000	84.675918
6.290000	0.000000	84.257625
6.300000	0.000000	83.838926
6.310000	0.000000	83.398094
6.320000	0.000000	82.975267
6.330000	0.000000	82.555468
6.340000	0.000000	82.136676
6.350000	0.000000	81.722350
6.360000	0.000000	81.302362
6.370000	0.000000	80.881500
6.380000	0.000000	80.472571
6.390000	0.000000	80.054645
6.400000	0.000000	79.634430
6.410000	0.000000	79.230462
6.420000	0.000000	78.815385
6.430000	0.000000	78.396196
6.440000	0.000000	78.021135
6.450000	0.000000	77.541870
6.460000	0.000000	77.158866
6.470000	0.000000	76.825616
6.480000	0.000000	76.260489
6.490000	0.000000	75.861892
6.500000	0.000000	75.417708
6.510000	0.000000	74.994522
6.520000	0.000000	74.577730
6.530000	0.000000	75.057917
6.540000	0.000000	75.046207
6.550000	0.000000	74.029886
6.560000	0.000000	73.281271
6.570000	0.000000	73.375729
6.580000	0.000000	73.397003
6.590000	0.000000	73.073239
6.600000	0.000000	75.738228
6.610000	0.000000	84.242151
6.620000	0.000000	91.534177
6.630000	0.000000	133.571862
6.640000	0.000000	102.543263
6.650000	0.000000	112.698533
6.660000	0.000000	135.717754
6.670000	0.000000	94.078665
6.680000	0.000000	109.345377
6.690000	0.000000	229.391766
6.700000	0.000000	136.128347
6.710000	0.000000	69.164884
6.720000	0.000000	68.586530
6.730000	0.000000	68.257546
6.740000	0.000000	67.980201
6.750000	0.000000	67.702649
6.760000	0.000000	67.425552
6.770000	0.000000	67.148515
6.780000	0.000000	66.871546
6.790000	0.000000	66.594910
6.800000	0.000000	66.317441
6.810000	0.000000	66.032626
6.820000	0.000000	65.744860
6.830000	0.000000	65.467931
6.840000	0.000000	65.265831
6.850000	0.000000	64.933317
6.860000	0.000000	64.637367
6.870000	0.000000	64.408871
6.880000	0.000000	64.116149
6.890000	0.000000	63.902629
6.900000	0.000000	63.660063
6.910000	0.000000	64.077811
6.920000	0.000000	64.565542
6.930000	0.000000	63.642475
6.940000	0.000000	63.934112
6.950000	0.000000	65.187306
6.960000	0.000000	63.272864
6.970000	0.000000	68.950112
6.980000	0.000000	61.314061
6.990000	0.000000	61.022531
7.000000	0.000000	60.746515
7.010000	0.000000	60.508754
7.020000	0.000000	60.310215
7.030000	0.000000	59.960223
7.040000	0.000000	59.645643
7.050000	0.000000	59.378686
7.060000	0.000000	59.104769
7.070000	0.000000	58.824596
7.080000	0.000000	58.546840
7.090000	0.000000	58.268936
7.100000	0.000000	57.995123
7.110000	0.000000	57.722994
7.120000	0.000000	57.444881
7.130000	0.000000	57.170034
7.140000	0.000000	56.894677
7.150000	0.000000	56.602195
7.160000	0.000000	56.332340
7.170000	0.000000	56.084827
7.180000	0.000000	55.790475
7.190000	0.000000	55.542557
7.200000	0.000000	55.241753
7.210000	0.000000	54.950050
7.220000	0.000000	54.673586
7.230000	0.000000	54.397721
7.240000	0.000000	54.122600
7.250000	0.000000	53.855880
7.260000	0.000000	53.635100
7.270000	0.000000	53.419016
7.280000	0.000000	53.049342
7.290000	0.000000	52.749449
7.300000	0.000000	52.476675
7.310000	0.000000	52.203305
7.320000	0.000000	51.913391
7.330000	0.000000	51.658669
7.340000	0.000000	51.370280
7.350000	0.000000	51.095262
7.360000	0.000000	50.832655
7.370000	0.000000	50.554610
7.380000	0.000000	50.282922
7.390000	0.000000	50.017899
7.400000	0.000000	49.774822
7.410000	0.000000	49.565433
7.420000	0.000000	49.374490
7.430000	0.000000	49.187003
7.440000	0.000000	48.999456
7.450000	0.000000	48.811922
7.460000	0.000000	48.624381
7.470000	0.000000	48.436821
7.480000	0.000000	48.247274
7.490000	0.000000	48.050009
7.500000	0.000000	47.862584
7.510000	0.000000	47.674912
7.520000	0.000000	47.505252
7.530000	0.000000	47.308731
7.540000	0.000000	47.118311
7.550000	0.000000	46.941792
7.560000	0.000000	46.757621
7.570000	0.000000	46.571269
7.580000	0.000000	46.386628
7.590000	0.000000	46.198820
7.600000	0.000000	46.016621
7.610000	0.000000	45.847666
7.620000	0.000000	45.699716
7.630000	0.000000	45.486572
7.640000	0.000000	45.338821
7.650000	0.000000	45.139176
7.660000	0.000000	44.914873
7.670000	0.000000	44.727239
7.680000	0.000000	44.571652
7.690000	0.000000	44.377889
7.700000	0.000000	44.299003
7.710000	0.000000	44.305850
7.720000	0.000000	45.115470
7.730000	0.000000	45.295093
7.740000	0.000000	44.393569
7.750000	0.000000	44.638648
7.760000	0.000000	45.521652
7.770000	0.000000	46.212146
7.780000	0.000000	49.222639
7.790000	0.000000	44.835636
7.800000	0.000000	46.413712
7.810000	0.000000	42.243400
7.820000	0.000000	42.683711
7.830000	0.000000	42.029141
7.840000	0.000000	41.633890
7.850000	0.000000	41.428874
7.860000	0.000000	43.941872
7.870000	0.000000	56.444645
7.880000	0.000000	48.221391
7.890000	0.000000	40.701279
7.900000	0.000000	40.519551
7.910000	0.000000	40.344163
7.920000	0.000000	40.164542
7.930000	0.000000	39.973937
7.940000	0.000000	39.792359
7.950000	0.000000	39.610894
7.960000	0.000000	39.429620
7.970000	0.000000	39.255051
7.980000	0.000000	39.064957
7.990000	0.000000	38.873043
8.000000	0.000000	38.689003
8.010000	0.000000	38.513590
8.020000	0.000000	38.326844
8.030000	0.000000	38.155514
8.040000	0.000000	37.973798
8.050000	0.000000	37.798282
8.060000	0.000000	37.623858
8.070000	0.000000	37.435225
8.080000	0.000000	37.246734
8.090000	0.000000	37.095867
8.100000	0.000000	36.945675
8.110000	0.000000	36.727508
8.120000	0.000000	36.543404
8.130000	0.000000	36.385398
8.140000	0.000000	36.286699
8.150000	0.000000	36.036500
8.160000	0.000000	39.278165
8.170000	0.000000	35.911107
8.180000	0.000000	35.943947
8.190000	0.000000	35.464075
8.200000	0.000000	35.100446
8.210000	0.000000	35.365303
8.220000	0.000000	34.994942
8.230000	0.000000	34.538120
8.240000	0.000000	34.859541
8.250000	0.000000	34.774201
8.260000	0.000000	33.987451
8.270000	0.000000	33.814924
8.280000	0.000000	35.350284
8.290000	0.000000	39.531879
8.300000	0.000000	33.420674
8.310000	0.000000	33.300021
8.320000	0.000000	33.167142
8.330000	0.000000	33.046029
8.340000	0.000000	34.377702
8.350000	0.000000	33.022211
8.360000	0.000000	32.933798
8.370000	0.000000	32.633919
8.380000	0.000000	32.417343
8.390000	0.000000	32.496579
8.400000	0.000000	32.324435
8.410000	0.000000	32.041718
8.420000	0.000000	31.917200
8.430000	0.000000	31.793010
8.440000	0.000000	31.668837
8.450000	0.000000	31.544779
8.460000	0.000000	31.422627
8.470000	0.000000	31.592545
8.480000	0.000000	34.209038
8.490000	0.000000	31.054032
8.500000	0.000000	30.929226
8.510000	0.000000	30.808354
8.520000	0.000000	30.687485
8.530000	0.000000	30.567481
8.540000	0.000000	30.446455
8.550000	0.000000	30.326672
8.560000	0.000000	30.226110
8.570000	0.000000	30.103667
8.580000	0.000000	30.778588
8.590000	0.000000	30.912446
8.600000	0.000000	29.728893
8.610000	0.000000	29.599745
8.620000	0.000000	29.479017
8.630000	0.000000	29.358317
8.640000	0.000000	29.322111
8.650000	0.000000	30.155474
8.660000	0.000000	28.990216
8.670000	0.000000	28.867375
8.680000	0.000000	28.837180
8.690000	0.000000	29.391671
8.700000	0.000000	28.719693
8.710000	0.000000	28.679122
8.720000	0.000000	28.416947
8.730000	0.000000	28.321385
8.740000	0.000000	28.174801
8.750000	0.000000	27.904625
8.760000	0.000000	27.788111
8.770000	0.000000	27.666445
8.780000	0.000000	27.540422
8.790000	0.000000	27.420981
8.800000	0.000000	27.301939
8.810000	0.000000	27.178602
8.820000	0.000000	27.061904
8.830000	0.000000	26.988394
8.840000	0.000000	26.868484
8.850000	0.000000	26.748765
8.860000	0.000000	26.629030
8.870000	0.000000	26.509311
8.880000	0.000000	26.389631
8.890000	0.000000	26.269923
8.900000	0.000000	26.229797
8.910000	0.000000	26.102019
8.920000	0.000000	25.910724
8.930000	0.000000	25.790962
8.940000	0.000000	25.671239
8.950000	0.000000	25.551540
8.960000	0.000000	25.431862
8.970000	0.000000	25.312185
8.980000	0.000000	25.192769
8.990000	0.000000	25.076470
9.000000	0.000000	24.945112
9.010000	0.000000	24.862712
9.020000	0.000000	24.762244
9.030000	0.000000	24.598188
9.040000	0.000000	24.473903
9.050000	0.000000	24.357414
9.060000	0.000000	24.262394
9.070000	0.000000	24.222378
9.080000	0.000000	24.107534
9.090000	0.000000	23.916903
9.100000	0.000000	23.764692
9.110000	0.000000	23.638589
9.120000	0.000000	23.533518
9.130000	0.000000	23.422426
9.140000	0.000000	23.269694
9.150000	0.000000	23.150811
9.160000	0.000000	23.046169
9.170000	0.000000	22.982977
9.180000	0.000000	23.164478
9.190000	0.000000	22.792741
9.200000	0.000000	22.654618
9.210000	0.000000	22.571915
9.220000	0.000000	22.489212
9.230000	0.000000	22.406510
9.240000	0.000000	22.323842
9.250000	0.000000	22.241140
9.260000	0.000000	22.158405
9.270000	0.000000	22.075961
9.280000	0.000000	21.993815
9.290000	0.000000	21.911305
9.300000	0.000000	21.828785
9.310000	0.000000	21.746517
9.320000	0.000000	21.664286
9.330000	0.000000	21.578655
9.340000	0.000000	21.494016
9.350000	0.000000	21.411722
9.360000	0.000000	21.329428
9.370000	0.000000	21.247134
9.380000	0.000000	21.164840
9.390000	0.000000	21.082680
9.400000	0.000000	21.001481
9.410000	0.000000	20.921013
9.420000	0.000000	20.840654
9.430000	0.000000	20.760268
9.440000	0.000000	20.680505
9.450000	0.000000	20.601092
9.460000	0.000000	20.520137
9.470000	0.000000	20.440336
9.480000	0.000000	20.360128
9.490000	0.000000	20.278988
9.500000	0.000000	20.195005
9.510000	0.000000	20.112682
9.520000	0.000000	20.109790
9.530000	0.000000	19.967864
9.540000	0.000000	19.882980
9.550000	0.000000	19.796243
9.560000	0.000000	19.714558
9.570000	0.000000	19.645676
9.580000	0.000000	19.564222
9.590000	0.000000	19.473779
9.600000	0.000000	19.390949
9.610000	0.000000	19.310366
9.620000	0.000000	19.230205
9.630000	0.000000	19.150295
9.640000	0.000000	19.070737
9.650000	0.000000	18.999256
9.660000	0.000000	19.038972
9.670000	0.000000	18.826785
9.680000	0.000000	18.747263
9.690000	0.000000	18.667653
9.700000	0.000000	18.588248
9.710000	0.000000	18.508731
9.720000	0.000000	18.429057
9.730000	0.000000	18.374170
9.740000	0.000000	18.287576
9.750000	0.000000	18.194544
9.760000	0.000000	18.115653
9.770000	0.000000	18.031298
9.780000	0.000000	17.954496
9.790000	0.000000	17.878998
9.800000	0.000000	17.792658
9.810000	0.000000	17.713140
9.820000	0.000000	17.633611
9.830000	0.000000	17.552971
9.840000	0.000000	17.469219
9.850000	0.000000	17.389711
9.860000	0.000000	17.310204
9.870000	0.000000	17.230697
9.880000	0.000000	17.157745
9.890000	0.000000	17.104412
9.900000	0.000000	17.009660
9.910000	0.000000	16.912676
9.920000	0.000000	16.833172
9.930000	0.000000	16.753663
9.940000	0.000000	16.674163
9.950000	0.000000	16.594741
9.960000	0.000000	16.515376
9.970000	0.000000	16.435763
9.980000	0.000000	16.356157
9.990000	0.000000	16.277799
10.000000	0.000000	16.224364
10.010000	0.000000	16.113380
10.020000	0.000000	16.032918
10.030000	0.000000	15.953439
10.040000	0.000000	15.873981
10.050000	0.000000	15.794524
10.060000	0.000000	15.715067
10.070000	0.000000	15.646038
10.080000	0.000000	15.564445
10.090000	0.000000	15.484077
10.100000	0.000000	15.423637
10.110000	0.000000	15.368438
10.120000	0.000000	15.315892
10.130000	0.000000	15.266815
10.140000	0.000000	15.203076
10.150000	0.000000	15.148967
10.160000	0.000000	15.100614
10.170000	0.000000	15.036539
10.180000	0.000000	14.985515
10.190000	0.000000	14.926328
10.200000	0.000000	14.870990
10.210000	0.000000	14.816243
10.220000	0.000000	14.761537
10.230000	0.000000	14.706845
10.240000	0.000000	14.652199
10.250000	0.000000	14.597581
10.260000	0.000000	14.542963
10.270000	0.000000	14.488347
10.280000	0.000000	14.433906
10.290000	0.000000	14.379721
10.300000	0.000000	14.325313
10.310000	0.000000	14.270708
10.320000	0.000000	14.216137
10.330000	0.000000	14.161608
10.340000	0.000000	14.104839
10.350000	0.000000	14.048884
10.360000	0.000000	13.994691
10.370000	0.000000	13.941308
10.380000	0.000000	13.888052
10.390000	0.000000	13.834801
10.400000	0.000000	13.781550
10.410000	0.000000	13.728300
10.420000	0.000000	13.675049
10.430000	0.000000	13.621798
10.440000	0.000000	13.568548
10.450000	0.000000	13.515321
10.460000	0.000000	13.462285
10.470000	0.000000	13.409607
10.480000	0.000000	13.356755
10.490000	0.000000	13.303734
10.500000	0.000000	13.250736
10.510000	0.000000	13.194544
10.520000	0.000000	13.141735
10.530000	0.000000	13.088926
10.540000	0.000000	13.036117
10.550000	0.000000	12.983529
10.560000	0.000000	12.930598
10.570000	0.000000	12.877700
10.580000	0.000000	12.824898
10.590000	0.000000	12.772096
10.600000	0.000000	12.719375
10.610000	0.000000	12.666613
10.620000	0.000000	12.613690
10.630000	0.000000	12.560916
10.640000	0.000000	12.508184
10.650000	0.000000	12.455295
10.660000	0.000000	12.402569
10.670000	0.000000	12.348750
10.680000	0.000000	12.293321
10.690000	0.000000	12.240523
10.700000	0.000000	12.187729
10.710000	0.000000	12.134947
10.720000	0.000000	12.082169
10.730000	0.000000	12.029391
10.740000	0.000000	11.976613
10.750000	0.000000	11.923835
10.760000	0.000000	11.871057
10.770000	0.000000	11.818280
10.780000	0.000000	11.765502
10.790000	0.000000	11.712725
10.800000	0.000000	11.659949
10.810000	0.000000	11.607172
10.820000	0.000000	11.554396
10.830000	0.000000	11.501620
10.840000	0.000000	11.447155
10.850000	0.000000	11.392504
10.860000	0.000000	11.339733
10.870000	0.000000	11.286967
10.880000	0.000000	11.234215
10.890000	0.000000	11.181467
10.900000	0.000000	11.128719
10.910000	0.000000	11.075973
10.920000	0.000000	11.023228
10.930000	0.000000	10.970484
10.940000	0.000000	10.917741
10.950000	0.000000	10.864997
10.960000	0.000000	10.812253
10.970000	0.000000	10.759510
10.980000	0.000000	10.706783
10.990000	0.000000	10.654142
11.000000	0.000000	10.601547
11.010000	0.000000	10.546519
11.020000	0.000000	10.492801
11.030000	0.000000	10.443222
11.040000	0.000000	10.404356
11.050000	0.000000	10.367786
11.060000	0.000000	10.331424
11.070000	0.000000	10.295061
11.080000	0.000000	10.258699
11.090000	0.000000	10.222337
11.100000	0.000000	10.185974
11.110000	0.000000	10.149612
11.120000	0.000000	10.113250
11.130000	0.000000	10.076888
11.140000	0.000000	10.040525
11.150000	0.000000	10.004163
11.160000	0.000000	9.967801
11.170000	0.000000	9.931439
11.180000	0.000000	9.892878
11.190000	0.000000	9.856260
11.200000	0.000000	9.819918
11.210000	0.000000	9.783649
11.220000	0.000000	9.747409
11.230000	0.000000	9.711175
11.240000	0.000000	9.674940
11.250000	0.000000	9.638709
11.260000	0.000000	9.602482
11.270000	0.000000	9.566256
11.280000	0.000000	9.530030
11.290000	0.000000	9.493805
11.300000	0.000000	9.457587
11.310000	0.000000	9.421425
11.320000	0.000000	9.385436
11.330000	0.000000	9.349501
11.340000	0.000000	9.313348
11.350000	0.000000	9.275917
11.360000	0.000000	9.240822
11.370000	0.000000	9.205729
11.380000	0.000000	9.170635
11.390000	0.000000	9.135546
11.400000	0.000000	9.100460
11.410000	0.000000	9.065375
11.420000	0.000000	9.030290
11.430000	0.000000	8.995205
11.440000	0.000000	8.960119
11.450000	0.000000	8.925034
11.460000	0.000000	8.889949
11.470000	0.000000	8.854864
11.480000	0.000000	8.819779
11.490000	0.000000	8.784693
11.500000	0.000000	8.749608
11.510000	0.000000	8.713776
11.520000	0.000000	8.677073
11.530000	0.000000	8.641992
11.540000	0.000000	8.606912
11.550000	0.000000	8.571831
11.560000	0.000000	8.536751
11.570000	0.000000	8.501671
11.580000	0.000000	8.466591
11.590000	0.000000	8.431512
11.600000	0.000000	8.396434
11.610000	0.000000	8.361358
11.620000	0.000000	8.326289
11.630000	0.000000	8.291224
11.640000	0.000000	8.256159
11.650000	0.000000	8.221095
11.660000	0.000000	8.186030
11.670000	0.000000	8.150966
11.680000	0.000000	8.114653
11.690000	0.000000	8.078466
11.700000	0.000000	8.043402
11.710000	0.000000	8.008338
11.720000	0.000000	7.973274
11.730000	0.000000	7.938210
11.740000	0.000000	7.903146
11.750000	0.000000	7.868084
11.760000	0.000000	7.833024
11.770000	0.000000	7.797968
11.780000	0.000000	7.762920
11.790000	0.000000	7.727875
11.800000	0.000000	7.692830
11.810000	0.000000	7.657785
11.820000	0.000000	7.622740
11.830000	0.000000	7.587695
11.840000	0.000000	7.552651
11.850000	0.000000	7.515860
11.860000	0.000000	7.480243
11.870000	0.000000	7.445294
11.880000	0.000000	7.410349
11.890000	0.000000	7.375404
11.900000	0.000000	7.340461
11.910000	0.000000	7.305517
11.920000	0.000000	7.270574
11.930000	0.000000	7.235630
11.940000	0.000000	7.200687
11.950000	0.000000	7.165743
11.960000	0.000000	7.130800
11.970000	0.000000	7.095856
11.980000	0.000000	7.061666
11.990000	0.000000	7.031337
12.000000	0.000000	7.007003
12.010000	0.000000	6.982826
12.020000	0.000000	6.957099
12.030000	0.000000	6.932836
12.040000	0.000000	6.908658
12.050000	0.000000	6.884480
12.060000	0.000000	6.860302
12.070000	0.000000	6.836125
12.080000	0.000000	6.811947
12.090000	0.000000	6.787769
12.100000	0.000000	6.763592
12.110000	0.000000	6.739415
12.120000	0.000000	6.715249
12.130000	0.000000	6.691099
12.140000	0.000000	6.666953
12.150000	0.000000	6.642808
12.160000	0.000000	6.618667
12.170000	0.000000	6.594529
12.180000	0.000000	6.570144
12.190000	0.000000	6.544821
12.200000	0.000000	6.520921
12.210000	0.000000	6.497021
12.220000	0.000000	6.473122
12.230000	0.000000	6.449222
12.240000	0.000000	6.425323
12.250000	0.000000	6.401423
12.260000	0.000000	6.377524
12.270000	0.000000	6.353625
12.280000	0.000000	6.329725
12.290000	0.000000	6.305826
12.300000	0.000000	6.281927
12.310000	0.000000	6.258030
12.320000	0.000000	6.234136
12.330000	0.000000	6.210246
12.340000	0.000000	6.186388
12.350000	0.000000	6.162312
12.360000	0.000000	6.137984
12.370000	0.000000	6.114653
12.380000	0.000000	6.091322
12.390000	0.000000	6.067991
12.400000	0.000000	6.044660
12.410000	0.000000	6.021329
12.420000	0.000000	5.997998
12.430000	0.000000	5.974666
12.440000	0.000000	5.951335
12.450000	0.000000	5.928004
12.460000	0.000000	5.904673
12.470000	0.000000	5.881344
12.480000	0.000000	5.858015
12.490000	0.000000	5.834687
12.500000	0.000000	5.811359
12.510000	0.000000	5.788031
12.520000	0.000000	5.763790
12.530000	0.000000	5.739798
12.540000	0.000000	5.716472
12.550000	0.000000	5.693152
12.560000	0.000000	5.669835
12.570000	0.000000	5.646517
12.580000	0.000000	5.623199
12.590000	0.000000	5.599882
12.600000	0.000000	5.576564
12.610000	0.000000	5.553247
12.620000	0.000000	5.529930
12.630000	0.000000	5.506613
12.640000	0.000000	5.483296
12.650000	0.000000	5.459979
12.660000	0.000000	5.436662
12.670000	0.000000	5.413347
12.680000	0.000000	5.390032
12.690000	0.000000	5.365476
12.700000	0.000000	5.341839
12.710000	0.000000	5.318534
12.720000	0.000000	5.295229
12.730000	0.000000	5.271924
12.740000	0.000000	5.248620
12.750000	0.000000	5.225344
12.760000	0.000000	5.202096
12.770000	0.000000	5.178856
12.780000	0.000000	5.155617
12.790000	0.000000	5.132377
12.800000	0.000000	5.109138
12.810000	0.000000	5.085899
12.820000	0.000000	5.062660
12.830000	0.000000	5.039421
12.840000	0.000000	5.016182
12.850000	0.000000	4.992943
12.860000	0.000000	4.968133
12.870000	0.000000	4.944894
12.880000	0.000000	4.921656
12.890000	0.000000	4.898419
12.900000	0.000000	4.875182
12.910000	0.000000	4.851945
12.920000	0.000000	4.828708
12.930000	0.000000	4.805471
12.940000	0.000000	4.782234
12.950000	0.000000	4.759508
12.960000	0.000000	4.739474
12.970000	0.000000	4.722914
12.980000	0.000000	4.706827
12.990000	0.000000	4.690740
13.000000	0.000000	4.674652
13.010000	0.000000	4.658565
13.020000	0.000000	4.642249
13.030000	0.000000	4.625303
13.040000	0.000000	4.609215
13.050000	0.000000	4.593138
13.060000	0.000000	4.577071
13.070000	0.000000	4.561026
13.080000	0.000000	4.545054
13.090000	0.000000	4.529113
13.100000	0.000000	4.513175
13.110000	0.000000	4.497237
13.120000	0.000000	4.481299
13.130000	0.000000	4.465361
13.140000	0.000000	4.449423
13.150000	0.000000	4.433485
13.160000	0.000000	4.417547
13.170000	0.000000	4.401611
13.180000	0.000000	4.385677
13.190000	0.000000	4.369313
13.200000	0.000000	4.352788
13.210000	0.000000	4.336885
13.220000	0.000000	4.320982
13.230000	0.000000	4.305079
13.240000	0.000000	4.289177
13.250000	0.000000	4.273276
13.260000	0.000000	4.257377
13.270000	0.000000	4.241478
13.280000	0.000000	4.225579
13.290000	0.000000	4.209679
13.300000	0.000000	4.193780
13.310000	0.000000	4.177881
13.320000	0.000000	4.161982
13.330000	0.000000	4.146083
13.340000	0.000000	4.130184
13.350000	0.000000	4.114287
13.360000	0.000000	4.097789
13.370000	0.000000	4.081851
13.380000	0.000000	4.066325
13.390000	0.000000	4.050800
13.400000	0.000000	4.035275
13.410000	0.000000	4.019751
13.420000	0.000000	4.004226
13.430000	0.000000	3.988701
13.440000	0.000000	3.973176
13.450000	0.000000	3.957652
13.460000	0.000000	3.942129
13.470000	0.000000	3.926606
13.480000	0.000000	3.911084
13.490000	0.000000	3.895563
13.500000	0.000000	3.880046
13.510000	0.000000	3.864529
13.520000	0.000000	3.849012
13.530000	0.000000	3.832612
13.540000	0.000000	3.816930
13.550000	0.000000	3.801414
13.560000	0.000000	3.785898
13.570000	0.000000	3.770383
13.580000	0.000000	3.754867
13.590000	0.000000	3.739352
13.600000	0.000000	3.723837
13.610000	0.000000	3.708323
13.620000	0.000000	3.692809
13.630000	0.000000	3.677298
13.640000	0.000000	3.661789
13.650000	0.000000	3.646285
13.660000	0.000000	3.630797
13.670000	0.000000	3.615332
13.680000	0.000000	3.599868
13.690000	0.000000	3.584348
13.700000	0.000000	3.567894
13.710000	0.000000	3.552429
13.720000	0.000000	3.536965
13.730000	0.000000	3.521501
13.740000	0.000000	3.506037
13.750000	0.000000	3.490573
13.760000	0.000000	3.475109
13.770000	0.000000	3.459644
13.780000	0.000000	3.444180
13.790000	0.000000	3.428716
13.800000	0.000000	3.413252
13.810000	0.000000	3.397788
13.820000	0.000000	3.382324
13.830000	0.000000	3.366860
13.840000	0.000000	3.351396
13.850000	0.000000	3.335932
13.860000	0.000000	3.320193
13.870000	0.000000	3.303959
13.880000	0.000000	3.288496
13.890000	0.000000	3.273033
13.900000	0.000000	3.257571
13.910000	0.000000	3.242108
13.920000	0.000000	3.226646
13.930000	0.000000	3.211183
13.940000	0.000000	3.197139
13.950000	0.000000	3.185301
13.960000	0.000000	3.174588
13.970000	0.000000	3.163879
13.980000	0.000000	3.153195
13.990000	0.000000	3.142560
14.000000	0.000000	3.131940
14.010000	0.000000	3.121326
14.020000	0.000000	3.110712
14.030000	0.000000	3.099759
14.040000	0.000000	3.088767
14.050000	0.000000	3.078154
14.060000	0.000000	3.067540
14.070000	0.000000	3.056927
14.080000	0.000000	3.046313
14.090000	0.000000	3.035699
14.100000	0.000000	3.025086
14.110000	0.000000	3.014472
14.120000	0.000000	3.003859
14.130000	0.000000	2.993245
14.140000	0.000000	2.982632
14.150000	0.000000	2.972018
14.160000	0.000000	2.961405
14.170000	0.000000	2.950792
14.180000	0.000000	2.940180
14.190000	0.000000	2.929576
14.200000	0.000000	2.918496
14.210000	0.000000	2.907682
14.220000	0.000000	2.897094
14.230000	0.000000	2.886506
14.240000	0.000000	2.875919
14.250000	0.000000	2.865331
14.260000	0.000000	2.854743
14.270000	0.000000	2.844156
14.280000	0.000000	2.833568
14.290000	0.000000	2.822981
14.300000	0.000000	2.812393
14.310000	0.000000	2.801805
14.320000	0.000000	2.791218
14.330000	0.000000	2.780630
14.340000	0.000000	2.770043
14.350000	0.000000	2.759455
14.360000	0.000000	2.748868
14.370000	0.000000	2.737640
14.380000	0.000000	2.726977
14.390000	0.000000	2.716432
14.400000	0.000000	2.706049
14.410000	0.000000	2.695705
14.420000	0.000000	2.685366
14.430000	0.000000	2.675027
14.440000	0.000000	2.664689
14.450000	0.000000	2.654353
14.460000	0.000000	2.644019
14.470000	0.000000	2.633686
14.480000	0.000000	2.623352
14.490000	0.000000	2.613019
14.500000	0.000000	2.602686
14.510000	0.000000	2.592352
14.520000	0.000000	2.582019
14.530000	0.000000	2.571613
14.540000	0.000000	2.560655
14.550000	0.000000	2.550324
14.560000	0.000000	2.539992
14.570000	0.000000	2.529661
14.580000	0.000000	2.519343
14.590000	0.000000	2.509040
14.600000	0.000000	2.498742
14.610000	0.000000	2.488443
14.620000	0.000000	2.478145
14.630000	0.000000	2.467847
14.640000	0.000000	2.457549
14.650000	0.000000	2.447250
14.660000	0.000000	2.436952
14.670000	0.000000	2.426654
14.680000	0.000000	2.416356
14.690000	0.000000	2.406057
14.700000	0.000000	2.395539
14.710000	0.000000	2.384765
14.720000	0.000000	2.374466
14.730000	0.000000	2.364168
14.740000	0.000000	2.353870
14.750000	0.000000	2.343572
14.760000	0.000000	2.333274
14.770000	0.000000	2.322976
14.780000	0.000000	2.312678
14.790000	0.000000	2.302379
14.800000	0.000000	2.292081
14.810000	0.000000	2.281783
14.820000	0.000000	2.271485
14.830000	0.000000	2.261187
14.840000	0.000000	2.250889
14.850000	0.000000	2.240591
14.860000	0.000000	2.230293
14.870000	0.000000	2.219628
14.880000	0.000000	2.209001
14.890000	0.000000	2.198703
14.900000	0.000000	2.188429
14.910000	0.000000	2.178183
14.920000	0.000000	2.167941
14.930000	0.000000	2.157918
14.940000	0.000000	2.149468
14.950000	0.000000	2.142174
14.960000	0.000000	2.135098
14.970000	0.000000	2.128025
14.980000	0.000000	2.120952
14.990000	0.000000	2.113879
15.000000	0.000000	2.106806
15.010000	0.000000	2.099733
15.020000	0.000000	2.092660
15.030000	0.000000	2.085587
15.040000	0.000000	2.078162
15.050000	0.000000	2.070963
15.060000	0.000000	2.063890
15.070000	0.000000	2.056817
15.080000	0.000000	2.049744
15.090000	0.000000	2.042672
15.100000	0.000000	2.035599
15.110000	0.000000	2.028526
15.120000	0.000000	2.021453
15.130000	0.000000	2.014380
15.140000	0.000000	2.007307
15.150000	0.000000	2.000234
15.160000	0.000000	1.993161
15.170000	0.000000	1.986089
15.180000	0.000000	1.979017
15.190000	0.000000	1.971946
15.200000	0.000000	1.964875
15.210000	0.000000	1.957351
15.220000	0.000000	1.950259
15.230000	0.000000	1.943202
15.240000	0.000000	1.936147
15.250000	0.000000	1.929091
15.260000	0.000000	1.922035
15.270000	0.000000	1.914979
15.280000	0.000000	1.907924
15.290000	0.000000	1.900868
15.300000	0.000000	1.893812
15.310000	0.000000	1.886756
15.320000	0.000000	1.879701
15.330000	0.000000	1.872645
15.340000	0.000000	1.865589
15.350000	0.000000	1.858533
15.360000	0.000000	1.851478
15.370000	0.000000	1.844347
15.380000	0.000000	1.836889
15.390000	0.000000	1.829834
15.400000	0.000000	1.822778
15.410000	0.000000	1.815722
15.420000	0.000000	1.808667
15.430000	0.000000	1.801617
15.440000	0.000000	1.794643
15.450000	0.000000	1.787736
15.460000	0.000000	1.780848
15.470000	0.000000	1.773961
15.480000	0.000000	1.767078
15.490000	0.000000	1.760203
15.500000	0.000000	1.753335
15.510000	0.000000	1.746467
15.520000	0.000000	1.739600
15.530000	0.000000	1.732733
15.540000	0.000000	1.725696
15.550000	0.000000	1.718536
15.560000	0.000000	1.711672
15.570000	0.000000	1.704809
15.580000	0.000000	1.697945
15.590000	0.000000	1.691082
15.600000	0.000000	1.684218
15.610000	0.000000	1.677355
15.620000	0.000000	1.670491
15.630000	0.000000	1.663628
15.640000	0.000000	1.656765
15.650000	0.000000	1.649901
15.660000	0.000000	1.643038
15.670000	0.000000	1.636174
15.680000	0.000000	1.629311
15.690000	0.000000	1.622447
15.700000	0.000000	1.615584
15.710000	0.000000	1.608452
15.720000	0.000000	1.601393
15.730000	0.000000	1.594530
15.740000	0.000000	1.587667
15.750000	0.000000	1.580803
15.760000	0.000000	1.573940
15.770000	0.000000	1.567076
15.780000	0.000000	1.560213
15.790000	0.000000	1.553350
15.800000	0.000000	1.546486
15.810000	0.000000	1.539623
15.820000	0.000000	1.532764
15.830000	0.000000	1.525918
15.840000	0.000000	1.519090
15.850000	0.000000	1.512263
15.860000	0.000000	1.505435
15.870000	0.000000	1.498608
15.880000	0.000000	1.491416
15.890000	0.000000	1.484492
15.900000	0.000000	1.477664
15.910000	0.000000	1.470837
15.920000	0.000000	1.464012
15.930000	0.000000	1.457191
15.940000	0.000000	1.450973
15.950000	0.000000	1.445774
15.960000	0.000000	1.441051
15.970000	0.000000	1.436331
15.980000	0.000000	1.431611
15.990000	0.000000	1.426890
16.000000	0.000000	1.422170
16.010000	0.000000	1.417450
16.020000	0.000000	1.412730
16.030000	0.000000	1.408010
16.040000	0.000000	1.403290
16.050000	0.000000	1.398251
16.060000	0.000000	1.393531
16.070000	0.000000	1.388810
16.080000	0.000000	1.384090
16.090000	0.000000	1.379370
16.100000	0.000000	1.374650
16.110000	0.000000	1.369930
16.120000	0.000000	1.365210
16.130000	0.000000	1.360490
16.140000	0.000000	1.355770
16.150000	0.000000	1.351050
16.160000	0.000000	1.346330
16.170000	0.000000	1.341611
16.180000	0.000000	1.336892
16.190000	0.000000	1.332173
16.200000	0.000000	1.327454
16.210000	0.000000	1.322668
16.220000	0.000000	1.317697
16.230000	0.000000	1.312979
16.240000	0.000000	1.308260
16.250000	0.000000	1.303542
16.260000	0.000000	1.298827
16.270000	0.000000	1.294118
16.280000	0.000000	1.289409
16.290000	0.000000	1.284700
16.300000	0.000000	1.279992
16.310000	0.000000	1.275283
16.320000	0.000000	1.270575
16.330000	0.000000	1.265866
16.340000	0.000000	1.261157
16.350000	0.000000	1.256449
16.360000	0.000000	1.251740
16.370000	0.000000	1.247031
16.380000	0.000000	1.242189
16.390000	0.000000	1.237296
16.400000	0.000000	1.232587
16.410000	0.000000	1.227880
16.420000	0.000000	1.223173
16.430000	0.000000	1.218468
16.440000	0.000000	1.213770
16.450000	0.000000	1.209076
16.460000	0.000000	1.204382
16.470000	0.000000	1.199688
16.480000	0.000000	1.194995
16.490000	0.000000	1.190309
16.500000	0.000000	1.185659
16.510000	0.000000	1.181069
16.520000	0.000000	1.176488
16.530000	0.000000	1.171907
16.540000	0.000000	1.167326
16.550000	0.000000	1.162549
16.560000	0.000000	1.157854
16.570000	0.000000	1.153273
16.580000	0.000000	1.148693
16.590000	0.000000	1.144112
16.600000	0.000000	1.139531
16.610000	0.000000	1.134951
16.620000	0.000000	1.130371
16.630000	0.000000	1.125791
16.640000	0.000000	1.121211
16.650000	0.000000	1.116631
16.660000	0.000000	1.112050
16.670000	0.000000	1.107470
16.680000	0.000000	1.102890
16.690000	0.000000	1.098310
16.700000	0.000000	1.093730
16.710000	0.000000	1.089150
16.720000	0.000000	1.084309
16.730000	0.000000	1.079680
16.740000	0.000000	1.075100
16.750000	0.000000	1.070520
16.760000	0.000000	1.065940
16.770000	0.000000	1.061361
16.780000	0.000000	1.056795
16.790000	0.000000	1.052237
16.800000	0.000000	1.047681
16.810000	0.000000	1.043126
16.820000	0.000000	1.038570
16.830000	0.000000	1.034014
16.840000	0.000000	1.029458
16.850000	0.000000	1.024903
16.860000	0.000000	1.020347
16.870000	0.000000	1.015791
16.880000	0.000000	1.011219
16.890000	0.000000	1.006372
16.900000	0.000000	1.001817
16.910000	0.000000	0.997264
16.920000	0.000000	0.992713
16.930000	0.000000	0.988162
16.940000	0.000000	0.983612
16.950000	0.000000	0.979203
16.960000	0.000000	0.975485
16.970000	0.000000	0.972268
16.980000	0.000000	0.969116
16.990000	0.000000	0.965965
17.000000	0.000000	0.962814
17.010000	0.000000	0.959662
17.020000	0.000000	0.956511
17.030000	0.000000	0.953359
17.040000	0.000000	0.950208
17.050000	0.000000	0.947001
17.060000	0.000000	0.943692
17.070000	0.000000	0.940541
17.080000	0.000000	0.937390
17.090000	0.000000	0.934239
17.100000	0.000000	0.931087
17.110000	0.000000	0.927936
17.120000	0.000000	0.924785
17.130000	0.000000	0.921633
17.140000	0.000000	0.918482
17.150000	0.000000	0.915331
17.160000	0.000000	0.912180
17.170000	0.000000	0.909028
17.180000	0.000000	0.905877
17.190000	0.000000	0.902726
17.200000	0.000000	0.899575
17.210000	0.000000	0.896425
17.220000	0.000000	0.893173
17.230000	0.000000	0.889910
17.240000	0.000000	0.886760
17.250000	0.000000	0.883609
17.260000	0.000000	0.880459
17.270000	0.000000	0.877308
17.280000	0.000000	0.874158
17.290000	0.000000	0.871008
17.300000	0.000000	0.867858
17.310000	0.000000	0.864710
17.320000	0.000000	0.861565
17.330000	0.000000	0.858421
17.340000	0.000000	0.855278
17.350000	0.000000	0.852134
17.360000	0.000000	0.848990
17.370000	0.000000	0.845847
17.380000	0.000000	0.842703
17.390000	0.000000	0.839414
17.400000	0.000000	0.836208
17.410000	0.000000	0.833073
17.420000	0.000000	0.829939
17.430000	0.000000	0.826805
17.440000	0.000000	0.823671
17.450000	0.000000	0.820537
17.460000	0.000000	0.817403
17.470000	0.000000	0.814270
17.480000	0.000000	0.811136
17.490000	0.000000	0.808002
17.500000	0.000000	0.804869
17.510000	0.000000	0.801736
17.520000	0.000000	0.798604
17.530000	0.000000	0.795472
17.540000	0.000000	0.792340
17.550000	0.000000	0.789208
17.560000	0.000000	0.785887
17.570000	0.000000	0.782750
17.580000	0.000000	0.779685
17.590000	0.000000	0.776625
17.600000	0.000000	0.773567
17.610000	0.000000	0.770508
17.620000	0.000000	0.767450
17.630000	0.000000	0.764391
17.640000	0.000000	0.761333
17.650000	0.000000	0.758274
17.660000	0.000000	0.755215
17.670000	0.000000	0.752157
17.680000	0.000000	0.749098
17.690000	0.000000	0.746040
17.700000	0.000000	0.742981
17.710000	0.000000	0.739923
17.720000	0.000000	0.736843
17.730000	0.000000	0.733600
17.740000	0.000000	0.730547
17.750000	0.000000	0.727504
17.760000	0.000000	0.724462
17.770000	0.000000	0.721420
17.780000	0.000000	0.718378
17.790000	0.000000	0.715336
17.800000	0.000000	0.712294
17.810000	0.000000	0.709252
17.820000	0.000000	0.706210
17.830000	0.000000	0.703168
17.840000	0.000000	0.700126
17.850000	0.000000	0.697084
17.860000	0.000000	0.694042
17.870000	0.000000	0.691000
17.880000	0.000000	0.687958
17.890000	0.000000	0.684852
17.900000	0.000000	0.681671
17.910000	0.000000	0.678632
17.920000	0.000000	0.675593
17.930000	0.000000	0.672554
17.940000	0.000000	0.669516
17.950000	0.000000	0.666477
17.960000	0.000000	0.663438
17.970000	0.000000	0.660405
17.980000	0.000000	0.657673
17.990000	0.000000	0.655379
18.000000	0.000000	0.653276
18.010000	0.000000	0.651174
18.020000	0.000000	0.649071
18.030000	0.000000	0.646969
18.040000	0.000000	0.644867
18.050000	0.000000	0.642764
18.060000	0.000000	0.640587
18.070000	0.000000	0.638417
18.080000	0.000000	0.636315
18.090000	0.000000	0.634212
18.100000	0.000000	0.632110
18.110000	0.000000	0.630007
18.120000	0.000000	0.627905
18.130000	0.000000	0.625803
18.140000	0.000000	0.623700
18.150000	0.000000	0.621598
18.160000	0.000000	0.619496
18.170000	0.000000	0.617393
18.180000	0.000000	0.615291
18.190000	0.000000	0.613189
18.200000	0.000000	0.611086
18.210000	0.000000	0.608984
18.220000	0.000000	0.606882
18.230000	0.000000	0.604675
18.240000	0.000000	0.602536
18.250000	0.000000	0.600434
18.260000	0.000000	0.598332
18.270000	0.000000	0.596230
18.280000	0.000000	0.594129
18.290000	0.000000	0.592027
18.300000	0.000000	0.589925
18.310000	0.000000	0.587823
18.320000	0.000000	0.585721
18.330000	0.000000	0.583619
18.340000	0.000000	0.581518
18.350000	0.000000	0.579416
18.360000	0.000000	0.577315
18.370000	0.000000	0.575217
18.380000	0.000000	0.573124
18.390000	0.000000	0.571032
18.400000	0.000000	0.568807
18.410000	0.000000	0.566708
18.420000	0.000000	0.564617
18.430000	0.000000	0.562526
18.440000	0.000000	0.560435
18.450000	0.000000	0.558344
18.460000	0.000000	0.556254
18.470000	0.000000	0.554163
18.480000	0.000000	0.552072
18.490000	0.000000	0.549982
18.500000	0.000000	0.547891
18.510000	0.000000	0.545800
18.520000	0.000000	0.543710
18.530000	0.000000	0.541620
18.540000	0.000000	0.539530
18.550000	0.000000	0.537441
18.560000	0.000000	0.535329
18.570000	0.000000	0.533120
18.580000	0.000000	0.531031
18.590000	0.000000	0.528941
18.600000	0.000000	0.526852
18.610000	0.000000	0.524763
18.620000	0.000000	0.522673
18.630000	0.000000	0.520584
18.640000	0.000000	0.518495
18.650000	0.000000	0.516425
18.660000	0.000000	0.514377
18.670000	0.000000	0.512336
18.680000	0.000000	0.510295
18.690000	0.000000	0.508255
18.700000	0.000000	0.506214
18.710000	0.000000	0.504174
18.720000	0.000000	0.502141
18.730000	0.000000	0.500060
18.740000	0.000000	0.497944
18.750000	0.000000	0.495914
18.760000	0.000000	0.493884
18.770000	0.000000	0.491854
18.780000	0.000000	0.489824
18.790000	0.000000	0.487795
18.800000	0.000000	0.485765
18.810000	0.000000	0.483735
18.820000	0.000000	0.481705
18.830000	0.000000	0.479676
18.840000	0.000000	0.477646
18.850000	0.000000	0.475617
18.860000	0.000000	0.473587
18.870000	0.000000	0.471558
18.880000	0.000000	0.469528
18.890000	0.000000	0.467499
18.900000	0.000000	0.465390
18.910000	0.000000	0.463305
18.920000	0.000000	0.461277
18.930000	0.000000	0.459250
18.940000	0.000000	0.457223
18.950000	0.000000	0.455195
18.960000	0.000000	0.453168
18.970000	0.000000	0.451140
18.980000	0.000000	0.449113
18.990000	0.000000	0.447086
19.000000	0.000000	0.445058
19.010000	0.000000	0.443127
19.020000	0.000000	0.441472
19.030000	0.000000	0.440068
19.040000	0.000000	0.438665
19.050000	0.000000	0.437261
19.060000	0.000000	0.435858
19.070000	0.000000	0.434380
19.080000	0.000000	0.432957
19.090000	0.000000	0.431553
19.100000	0.000000	0.430150
19.110000	0.000000	0.428747
19.120000	0.000000	0.427343
19.130000	0.000000	0.425940
19.140000	0.000000	0.424537
19.150000	0.000000	0.423133
19.160000	0.000000	0.421730
19.170000	0.000000	0.420327
19.180000	0.000000	0.418923
19.190000	0.000000	0.417520
19.200000	0.000000	0.416117
19.210000	0.000000	0.414713
19.220000	0.000000	0.413310
19.230000	0.000000	0.411907
19.240000	0.000000	0.410409
19.250000	0.000000	0.409006
19.260000	0.000000	0.407603
19.270000	0.000000	0.406200
19.280000	0.000000	0.404797
19.290000	0.000000	0.403394
19.300000	0.000000	0.401991
19.310000	0.000000	0.400588
19.320000	0.000000	0.399185
19.330000	0.000000	0.397782
19.340000	0.000000	0.396379
19.350000	0.000000	0.394976
19.360000	0.000000	0.393575
19.370000	0.000000	0.392175
19.380000	0.000000	0.390776
19.390000	0.000000	0.389377
19.400000	0.000000	0.387958
19.410000	0.000000	0.386484
19.420000	0.000000	0.385085
19.430000	0.000000	0.383687
19.440000	0.000000	0.382290
19.450000	0.000000	0.380894
19.460000	0.000000	0.379499
19.470000	0.000000	0.378103
19.480000	0.000000	0.376708
19.490000	0.000000	0.375312
19.500000	0.000000	0.373917
19.510000	0.000000	0.372521
19.520000	0.000000	0.371126
19.530000	0.000000	0.369730
19.540000	0.000000	0.368335
19.550000	0.000000	0.366939
19.560000	0.000000	0.365544
19.570000	0.000000	0.364110
19.580000	0.000000	0.362660
19.590000	0.000000	0.361266
19.600000	0.000000	0.359871
19.610000	0.000000	0.358476
19.620000	0.000000	0.357082
19.630000	0.000000	0.355687
19.640000	0.000000	0.354292
19.650000	0.000000	0.352898
19.660000	0.000000	0.351503
19.670000	0.000000	0.350108
19.680000	0.000000	0.348713
19.690000	0.000000	0.347319
19.700000	0.000000	0.345926
19.710000	0.000000	0.344538
19.720000	0.000000	0.343151
19.730000	0.000000	0.341764
19.740000	0.000000	0.340332
19.750000	0.000000	0.338943
19.760000	0.000000	0.337588
19.770000	0.000000	0.336233
19.780000	0.000000	0.334878
19.790000	0.000000	0.333523
19.800000	0.000000	0.332169
19.810000	0.000000	0.330814
19.820000	0.000000	0.329459
19.830000	0.000000	0.328104
19.840000	0.000000	0.326749
19.850000	0.000000	0.325394
19.860000	0.000000	0.324039
19.870000	0.000000	0.322684
19.880000	0.000000	0.321330
19.890000	0.000000	0.319975
19.900000	0.000000	0.318620
19.910000	0.000000	0.317188
19.920000	0.000000	0.315820
19.930000	0.000000	0.314466
19.940000	0.000000	0.313113
19.950000	0.000000	0.311760
19.960000	0.000000	0.310406
19.970000	0.000000	0.309053
19.980000	0.000000	0.307700
19.990000	0.000000	0.306347
20.000000	0.000000	0.304993
20.010000	0.000000	0.303640
20.020000	0.000000	0.302287
20.030000	0.000000	0.300934
20.040000	0.000000	0.299581
20.050000	0.000000	0.298264
20.060000	0.000000	0.297177
20.070000	0.000000	0.296235
20.080000	0.000000	0.295237
20.090000	0.000000	0.294299
20.100000	0.000000	0.293361
20.110000	0.000000	0.292423
20.120000	0.000000	0.291485
20.130000	0.000000	0.290548
20.140000	0.000000	0.289610
20.150000	0.000000	0.288672
20.160000	0.000000	0.287734
20.170000	0.000000	0.286796
20.180000	0.000000	0.285858
20.190000	0.000000	0.284920
20.200000	0.000000	0.283982
20.210000	0.000000	0.283044
20.220000	0.000000	0.282106
20.230000	0.000000	0.281168
20.240000	0.000000	0.280214
20.250000	0.000000	0.279229
20.260000	0.000000	0.278291
20.270000	0.000000	0.277353
20.280000	0.000000	0.276415
20.290000	0.000000	0.275478
20.300000	0.000000	0.274540
20.310000	0.000000	0.273602
20.320000	0.000000	0.272665
20.330000	0.000000	0.271727
20.340000	0.000000	0.270789
20.350000	0.000000	0.269852
20.360000	0.000000	0.268916
20.370000	0.000000	0.267980
20.380000	0.000000	0.267045
20.390000	0.000000	0.266110
20.400000	0.000000	0.265175
20.410000	0.000000	0.264210
20.420000	0.000000	0.263241
20.430000	0.000000	0.262306
20.440000	0.000000	0.261371
20.450000	0.000000	0.260436
20.460000	0.000000	0.259501
20.470000	0.000000	0.258567
20.480000	0.000000	0.257632
20.490000	0.000000	0.256697
20.500000	0.000000	0.255763
20.510000	0.000000	0.254830
20.520000	0.000000	0.253898
20.530000	0.000000	0.252965
20.540000	0.000000	0.252032
20.550000	0.000000	0.251100
20.560000	0.000000	0.250167
20.570000	0.000000	0.249234
20.580000	0.000000	0.248259
20.590000	0.000000	0.247306
20.600000	0.000000	0.246374
20.610000	0.000000	0.245441
20.620000	0.000000	0.244509
20.630000	0.000000	0.243577
20.640000	0.000000	0.242645
20.650000	0.000000	0.241713
20.660000	0.000000	0.240780
20.670000	0.000000	0.239848
20.680000	0.000000	0.238916
20.690000	0.000000	0.237985
20.700000	0.000000	0.237055
20.710000	0.000000	0.236128
20.720000	0.000000	0.235200
20.730000	0.000000	0.234273
20.740000	0.000000	0.233346
20.750000	0.000000	0.232362
20.760000	0.000000	0.231428
20.770000	0.000000	0.230501
20.780000	0.000000	0.229573
20.790000	0.000000	0.228646
20.800000	0.000000	0.227719
20.810000	0.000000	0.226792
20.820000	0.000000	0.225864
20.830000	0.000000	0.224938
20.840000	0.000000	0.224020
20.850000	0.000000	0.223113
20.860000	0.000000	0.222207
20.870000	0.000000	0.221302
20.880000	0.000000	0.220396
20.890000	0.000000	0.219490
20.900000	0.000000	0.218585
20.910000	0.000000	0.217673
20.920000	0.000000	0.216713
20.930000	0.000000	0.215807
20.940000	0.000000	0.214902
20.950000	0.000000	0.213997
20.960000	0.000000	0.213093
20.970000	0.000000	0.212188
20.980000	0.000000	0.211284
20.990000	0.000000	0.210379
21.000000	0.000000	0.209474
21.010000	0.000000	0.208570
21.020000	0.000000	0.207665
21.030000	0.000000	0.206760
21.040000	0.000000	0.205856
21.050000	0.000000	0.204951
21.060000	0.000000	0.204047
21.070000	0.000000	0.203142
21.080000	0.000000	0.202218
21.090000	0.000000	0.201272
21.100000	0.000000	0.200411
21.110000	0.000000	0.199740
21.120000	0.000000	0.199110
21.130000	0.000000	0.198484
21.140000	0.000000	0.197857
21.150000	0.000000	0.197231
21.160000	0.000000	0.196605
21.170000	0.000000	0.195978
21.180000	0.000000	0.195352
21.190000	0.000000	0.194726
21.200000	0.000000	0.194099
21.210000	0.000000	0.193473
21.220000	0.000000	0.192847
21.230000	0.000000	0.192221
21.240000	0.000000	0.191594
21.250000	0.000000	0.190946
21.260000	0.000000	0.190299
21.270000	0.000000	0.189673
21.280000	0.000000	0.189047
21.290000	0.000000	0.188420
21.300000	0.000000	0.187794
21.310000	0.000000	0.187168
21.320000	0.000000	0.186542
21.330000	0.000000	0.185915
21.340000	0.000000	0.185289
21.350000	0.000000	0.184663
21.360000	0.000000	0.184037
21.370000	0.000000	0.183412
21.380000	0.000000	0.182788
21.390000	0.000000	0.182164
21.400000	0.000000	0.181539
21.410000	0.000000	0.180915
21.420000	0.000000	0.180259
21.430000	0.000000	0.179624
21.440000	0.000000	0.178999
21.450000	0.000000	0.178375
21.460000	0.000000	0.177750
21.470000	0.000000	0.177126
21.480000	0.000000	0.176501
21.490000	0.000000	0.175877
21.500000	0.000000	0.175253
21.510000	0.000000	0.174629
21.520000	0.000000	0.174005
21.530000	0.000000	0.173380
21.540000	0.000000	0.172756
21.550000	0.000000	0.172132
21.560000	0.000000	0.171508
21.570000	0.000000	0.170884
21.580000	0.000000	0.170261
21.590000	0.000000	0.169599
21.600000	0.000000	0.168974
21.610000	0.000000	0.168351
21.620000	0.000000	0.167728
21.630000	0.000000	0.167105
21.640000	0.000000	0.166483
21.650000	0.000000	0.165860
21.660000	0.000000	0.165237
21.670000	0.000000	0.164615
21.680000	0.000000	0.163992
21.690000	0.000000	0.163370
21.700000	0.000000	0.162749
21.710000	0.000000	0.162129
21.720000	0.000000	0.161510
21.730000	0.000000	0.160890
21.740000	0.000000	0.160271
21.750000	0.000000	0.159645
21.760000	0.000000	0.158991
21.770000	0.000000	0.158372
21.780000	0.000000	0.157752
21.790000	0.000000	0.157133
21.800000	0.000000	0.156514
21.810000	0.000000	0.155895
21.820000	0.000000	0.155275
21.830000	0.000000	0.154656
21.840000	0.000000	0.154037
21.850000	0.000000	0.153418
21.860000	0.000000	0.152798
21.870000	0.000000	0.152179
21.880000	0.000000	0.151560
21.890000	0.000000	0.150941
21.900000	0.000000	0.150322
21.910000	0.000000	0.149702
21.920000	0.000000	0.149068
21.930000	0.000000	0.148422
21.940000	0.000000	0.147805
21.950000	0.000000	0.147197
21.960000	0.000000	0.146592
21.970000	0.000000	0.145987
21.980000	0.000000	0.145383
21.990000	0.000000	0.144779
22.000000	0.000000	0.144175
22.010000	0.000000	0.143571
22.020000	0.000000	0.142967
22.030000	0.000000	0.142363
22.040000	0.000000	0.141759
22.050000	0.000000	0.141154
22.060000	0.000000	0.140550
22.070000	0.000000	0.139946
22.080000	0.000000	0.139342
22.090000	0.000000	0.138714
22.100000	0.000000	0.138093
22.110000	0.000000	0.137489
22.120000	0.000000	0.136885
22.130000	0.000000	0.136281
22.140000	0.000000	0.135677
22.150000	0.000000	0.135078
22.160000	0.000000	0.134563
22.170000	0.000000	0.134124
22.180000	0.000000	0.133705
22.190000	0.000000	0.133287
22.200000	0.000000	0.132868
22.210000	0.000000	0.132449
22.220000	0.000000	0.132031
22.230000	0.000000	0.131613
22.240000	0.000000	0.131194
22.250000	0.000000	0.130776
22.260000	0.000000	0.130335
22.270000	0.000000	0.129910
22.280000	0.000000	0.129492
22.290000	0.000000	0.129073
22.300000	0.000000	0.128655
22.310000	0.000000	0.128236
22.320000	0.000000	0.127818
22.330000	0.000000	0.127399
22.340000	0.000000	0.126981
22.350000	0.000000	0.126562
22.360000	0.000000	0.126144
22.370000	0.000000	0.125726
22.380000	0.000000	0.125308
22.390000	0.000000	0.124890
22.400000	0.000000	0.124473
22.410000	0.000000	0.124056
22.420000	0.000000	0.123638
22.430000	0.000000	0.123193
22.440000	0.000000	0.122776
22.450000	0.000000	0.122358
22.460000	0.000000	0.121941
22.470000	0.000000	0.121524
22.480000	0.000000	0.121107
22.490000	0.000000	0.120689
22.500000	0.000000	0.120272
22.510000	0.000000	0.119855
22.520000	0.000000	0.119438
22.530000	0.000000	0.119021
22.540000	0.000000	0.118603
22.550000	0.000000	0.118186
22.560000	0.000000	0.117769
22.570000	0.000000	0.117352
22.580000	0.000000	0.116935
22.590000	0.000000	0.116512
22.600000	0.000000	0.116073
22.610000	0.000000	0.115656
22.620000	0.000000	0.115239
22.630000	0.000000	0.114822
22.640000	0.000000	0.114405
22.650000	0.000000	0.113988
22.660000	0.000000	0.113572
22.670000	0.000000	0.113156
22.680000	0.000000	0.112740
22.690000	0.000000	0.112324
22.700000	0.000000	0.111907
22.710000	0.000000	0.111492
22.720000	0.000000	0.111077
22.730000	0.000000	0.110664
22.740000	0.000000	0.110250
22.750000	0.000000	0.109836
22.760000	0.000000	0.109410
22.770000	0.000000	0.108980
22.780000	0.000000	0.108567
22.790000	0.000000	0.108153
22.800000	0.000000	0.107739
22.810000	0.000000	0.107325
22.820000	0.000000	0.106911
22.830000	0.000000	0.106498
22.840000	0.000000	0.106084
22.850000	0.000000	0.105670
22.860000	0.000000	0.105256
22.870000	0.000000	0.104842
22.880000	0.000000	0.104429
22.890000	0.000000	0.104015
22.900000	0.000000	0.103601
22.910000	0.000000	0.103187
22.920000	0.000000	0.102773
22.930000	0.000000	0.102342
22.940000	0.000000	0.101918
22.950000	0.000000	0.101504
22.960000	0.000000	0.101090
22.970000	0.000000	0.100677
22.980000	0.000000	0.100263
22.990000	0.000000	0.099849
23.000000	0.000000	0.099436
23.010000	0.000000	0.099022
23.020000	0.000000	0.098609
23.030000	0.000000	0.098195
23.040000	0.000000	0.097782
23.050000	0.000000	0.097370
23.060000	0.000000	0.096961
23.070000	0.000000	0.096557
23.080000	0.000000	0.096154
23.090000	0.000000	0.095750
23.100000	0.000000	0.095323
23.110000	0.000000	0.094915
23.120000	0.000000	0.094512
23.130000	0.000000	0.094108
23.140000	0.000000	0.093705
23.150000	0.000000	0.093301
23.160000	0.000000	0.092897
23.170000	0.000000	0.092494
23.180000	0.000000	0.092090
23.190000	0.000000	0.091686
23.200000	0.000000	0.091283
23.210000	0.000000	0.090885
23.220000	0.000000	0.090526
23.230000	0.000000	0.090236
23.240000	0.000000	0.089956
23.250000	0.000000	0.089676
23.260000	0.000000	0.089396
23.270000	0.000000	0.089098
23.280000	0.000000	0.088818
23.290000	0.000000	0.088539
23.300000	0.000000	0.088259
23.310000	0.000000	0.087979
23.320000	0.000000	0.087699
23.330000	0.000000	0.087420
23.340000	0.000000	0.087140
23.350000	0.000000	0.086860
23.360000	0.000000	0.086581
23.370000	0.000000	0.086301
23.380000	0.000000	0.086021
23.390000	0.000000	0.085742
23.400000	0.000000	0.085462
23.410000	0.000000	0.085183
23.420000	0.000000	0.084904
23.430000	0.000000	0.084620
23.440000	0.000000	0.084327
23.450000	0.000000	0.084048
23.460000	0.000000	0.083770
23.470000	0.000000	0.083491
23.480000	0.000000	0.083212
23.490000	0.000000	0.082933
23.500000	0.000000	0.082654
23.510000	0.000000	0.082375
23.520000	0.000000	0.082096
23.530000	0.000000	0.081817
23.540000	0.000000	0.081539
23.550000	0.000000	0.081260
23.560000	0.000000	0.080981
23.570000	0.000000	0.080702
23.580000	0.000000	0.080423
23.590000	0.000000	0.080144
23.600000	0.000000	0.079857
23.610000	0.000000	0.079568
23.620000	0.000000	0.079289
23.630000	0.000000	0.079011
23.640000	0.000000	0.078732
23.650000	0.000000	0.078453
23.660000	0.000000	0.078174
23.670000	0.000000	0.077896
23.680000	0.000000	0.077617
23.690000	0.000000	0.077338
23.700000	0.000000	0.077060
23.710000	0.000000	0.076781
23.720000	0.000000	0.076502
23.730000	0.000000	0.076224
23.740000	0.000000	0.075947
23.750000	0.000000	0.075670
23.760000	0.000000	0.075393
23.770000	0.000000	0.075104
23.780000	0.000000	0.074821
23.790000	0.000000	0.074544
23.800000	0.000000	0.074268
23.810000	0.000000	0.073991
23.820000	0.000000	0.073715
23.830000	0.000000	0.073438
23.840000	0.000000	0.073162
23.850000	0.000000	0.072885
23.860000	0.000000	0.072609
23.870000	0.000000	0.072332
23.880000	0.000000	0.072055
23.890000	0.000000	0.071779
23.900000	0.000000	0.071502
23.910000	0.000000	0.071226
23.920000	0.000000	0.070949
23.930000	0.000000	0.070673
23.940000	0.000000	0.070379
23.950000	0.000000	0.070101
23.960000	0.000000	0.069824
23.970000	0.000000	0.069548
23.980000	0.000000	0.069271
23.990000	0.000000	0.068995
24.000000	0.000000	0.068718
24.010000	0.000000	0.068442
24.020000	0.000000	0.068165
24.030000	0.000000	0.067889
24.040000	0.000000	0.067612
24.050000	0.000000	0.067336
24.060000	0.000000	0.067059
24.070000	0.000000	0.066783
24.080000	0.000000	0.066507
24.090000	0.000000	0.066231
24.100000	0.000000	0.065952
24.110000	0.000000	0.065659
24.120000	0.000000	0.065383
24.130000	0.000000	0.065107
24.140000	0.000000	0.064831
24.150000	0.000000	0.064555
24.160000	0.000000	0.064278
24.170000	0.000000	0.064002
24.180000	0.000000	0.063728
24.190000	0.000000	0.063458
24.200000	0.000000	0.063188
24.210000	0.000000	0.062918
24.220000	0.000000	0.062648
24.230000	0.000000	0.062378
24.240000	0.000000	0.062109
24.250000	0.000000	0.061839
24.260000	0.000000	0.061569
24.270000	0.000000	0.061294
24.280000	0.000000	0.061011
24.290000	0.000000	0.060779
24.300000	0.000000	0.060588
24.310000	0.000000	0.060401
24.320000	0.000000	0.060214
24.330000	0.000000	0.060027
24.340000	0.000000	0.059840
24.350000	0.000000	0.059653
24.360000	0.000000	0.059466
24.370000	0.000000	0.059279
24.380000	0.000000	0.059092
24.390000	0.000000	0.058905
24.400000	0.000000	0.058718
24.410000	0.000000	0.058531
24.420000	0.000000	0.058344
24.430000	0.000000	0.058157
24.440000	0.000000	0.057964
24.450000	0.000000	0.057772
24.460000	0.000000	0.057585
24.470000	0.000000	0.057399
24.480000	0.000000	0.057212
24.490000	0.000000	0.057026
24.500000	0.000000	0.056839
24.510000	0.000000	0.056653
24.520000	0.000000	0.056467
24.530000	0.000000	0.056280
24.540000	0.000000	0.056094
24.550000	0.000000	0.055907
24.560000	0.000000	0.055721
24.570000	0.000000	0.055535
24.580000	0.000000	0.055348
24.590000	0.000000	0.055162
24.600000	0.000000	0.054975
24.610000	0.000000	0.054780
24.620000	0.000000	0.054590
24.630000	0.000000	0.054404
24.640000	0.000000	0.054217
24.650000	0.000000	0.054031
24.660000	0.000000	0.053845
24.670000	0.000000	0.053659
24.680000	0.000000	0.053472
24.690000	0.000000	0.053286
24.700000	0.000000	0.053100
24.710000	0.000000	0.052913
24.720000	0.000000	0.052727
24.730000	0.000000	0.052541
24.740000	0.000000	0.052355
24.750000	0.000000	0.052168
24.760000	0.000000	0.051982
24.770000	0.000000	0.051797
24.780000	0.000000	0.051599
24.790000	0.000000	0.051414
24.800000	0.000000	0.051228
24.810000	0.000000	0.051043
24.820000	0.000000	0.050858
24.830000	0.000000	0.050673
24.840000	0.000000	0.050488
24.850000	0.000000	0.050303
24.860000	0.000000	0.050118
24.870000	0.000000	0.049933
24.880000	0.000000	0.049748
24.890000	0.000000	0.049563
24.900000	0.000000	0.049378
24.910000	0.000000	0.049194
24.920000	0.000000	0.049009
24.930000	0.000000	0.048824
24.940000	0.000000	0.048637
24.950000	0.000000	0.048442
24.960000	0.000000	0.048257
24.970000	0.000000	0.048072
24.980000	0.000000	0.047887
24.990000	0.000000	0.047703
25.000000	0.000000	0.047518
25.010000	0.000000	0.047333
25.020000	0.000000	0.047148
25.030000	0.000000	0.046963
25.040000	0.000000	0.046778
25.050000	0.000000	0.046594
25.060000	0.000000	0.046409
25.070000	0.000000	0.046224
25.080000	0.000000	0.046039
25.090000	0.000000	0.045854
25.100000	0.000000	0.045670
25.110000	0.000000	0.045480
25.120000	0.000000	0.045288
25.130000	0.000000	0.045103
25.140000	0.000000	0.044918
25.150000	0.000000	0.044734
25.160000	0.000000	0.044549
25.170000	0.000000	0.044365
25.180000	0.000000	0.044180
25.190000	0.000000	0.043995
25.200000	0.000000	0.043811
25.210000	0.000000	0.043626
25.220000	0.000000	0.043441
25.230000	0.000000	0.043257
25.240000	0.000000	0.043072
25.250000	0.000000	0.042888
25.260000	0.000000	0.042703
25.270000	0.000000	0.042518
25.280000	0.000000	0.042327
25.290000	0.000000	0.042137
25.300000	0.000000	0.041952
25.310000	0.000000	0.041771
25.320000	0.000000	0.041590
25.330000	0.000000	0.041410
25.340000	0.000000	0.041230
25.350000	0.000000	0.041050
25.360000	0.000000	0.040892
25.370000	0.000000	0.040758
25.380000	0.000000	0.040633
25.390000	0.000000	0.040508
25.400000	0.000000	0.040383
25.410000	0.000000	0.040258
25.420000	0.000000	0.040133
25.430000	0.000000	0.040007
25.440000	0.000000	0.039882
25.450000	0.000000	0.039751
25.460000	0.000000	0.039624
25.470000	0.000000	0.039499
25.480000	0.000000	0.039374
25.490000	0.000000	0.039250
25.500000	0.000000	0.039125
25.510000	0.000000	0.039000
25.520000	0.000000	0.038875
25.530000	0.000000	0.038751
25.540000	0.000000	0.038626
25.550000	0.000000	0.038501
25.560000	0.000000	0.038377
25.570000	0.000000	0.038252
25.580000	0.000000	0.038127
25.590000	0.000000	0.038003
25.600000	0.000000	0.037878
25.610000	0.000000	0.037753
25.620000	0.000000	0.037620
25.630000	0.000000	0.037495
25.640000	0.000000	0.037371
25.650000	0.000000	0.037246
25.660000	0.000000	0.037121
25.670000	0.000000	0.036997
25.680000	0.000000	0.036872
25.690000	0.000000	0.036748
25.700000	0.000000	0.036623
25.710000	0.000000	0.036498
25.720000	0.000000	0.036374
25.730000	0.000000	0.036249
25.740000	0.000000	0.036125
25.750000	0.000000	0.036000
25.760000	0.000000	0.035875
25.770000	0.000000	0.035751
25.780000	0.000000	0.035624
25.790000	0.000000	0.035493
25.800000	0.000000	0.035369
25.810000	0.000000	0.035245
25.820000	0.000000	0.035121
25.830000	0.000000	0.034997
25.840000	0.000000	0.034873
25.850000	0.000000	0.034749
25.860000	0.000000	0.034625
25.870000	0.000000	0.034501
25.880000	0.000000	0.034377
25.890000	0.000000	0.034253
25.900000	0.000000	0.034129
25.910000	0.000000	0.034005
25.920000	0.000000	0.033882
25.930000	0.000000	0.033758
25.940000	0.000000	0.033634
25.950000	0.000000	0.033507
25.960000	0.000000	0.033379
25.970000	0.000000	0.033255
25.980000	0.000000	0.033131
25.990000	0.000000	0.033008
26.000000	0.000000	0.032884
26.010000	0.000000	0.032761
26.020000	0.000000	0.032637
26.030000	0.000000	0.032513
26.040000	0.000000	0.032390
26.050000	0.000000	0.032266
26.060000	0.000000	0.032142
26.070000	0.000000	0.032019
26.080000	0.000000	0.031895
26.090000	0.000000	0.031772
26.100000	0.000000	0.031648
26.110000	0.000000	0.031524
26.120000	0.000000	0.031396
26.130000	0.000000	0.031269
26.140000	0.000000	0.031145
26.150000	0.000000	0.031022
26.160000	0.000000	0.030898
26.170000	0.000000	0.030775
26.180000	0.000000	0.030651
26.190000	0.000000	0.030528
26.200000	0.000000	0.030404
26.210000	0.000000	0.030281
26.220000	0.000000	0.030157
26.230000	0.000000	0.030034
26.240000	0.000000	0.029910
26.250000	0.000000	0.029787
26.260000	0.000000	0.029663
26.270000	0.000000	0.029540
26.280000	0.000000	0.029416
26.290000	0.000000	0.029286
26.300000	0.000000	0.029161
26.310000	0.000000	0.029037
26.320000	0.000000	0.028914
26.330000	0.000000	0.028790
26.340000	0.000000	0.028667
26.350000	0.000000	0.028544
26.360000	0.000000	0.028420
26.370000	0.000000	0.028297
26.380000	0.000000	0.028173
26.390000	0.000000	0.028050
26.400000	0.000000	0.027926
26.410000	0.000000	0.027803
26.420000	0.000000	0.027679
26.430000	0.000000	0.027558
26.440000	0.000000	0.027454
26.450000	0.000000	0.027370
26.460000	0.000000	0.027281
26.470000	0.000000	0.027198
26.480000	0.000000	0.027114
26.490000	0.000000	0.027030
26.500000	0.000000	0.026947
26.510000	0.000000	0.026863
26.520000	0.000000	0.026780
26.530000	0.000000	0.026697
26.540000	0.000000	0.026613
26.550000	0.000000	0.026530
26.560000	0.000000	0.026446
26.570000	0.000000	0.026363
26.580000	0.000000	0.026280
26.590000	0.000000	0.026196
26.600000	0.000000	0.026113
26.610000	0.000000	0.026030
26.620000	0.000000	0.025945
26.630000	0.000000	0.025857
26.640000	0.000000	0.025774
26.650000	0.000000	0.025691
26.660000	0.000000	0.025607
26.670000	0.000000	0.025524
26.680000	0.000000	0.025441
26.690000	0.000000	0.025357
26.700000	0.000000	0.025274
26.710000	0.000000	0.025190
26.720000	0.000000	0.025107
26.730000	0.000000	0.025024
26.740000	0.000000	0.024940
26.750000	0.000000	0.024857
26.760000	0.000000	0.024774
26.770000	0.000000	0.024690
26.780000	0.000000	0.024607
26.790000	0.000000	0.024521
26.800000	0.000000	0.024435
26.810000	0.000000	0.024352
26.820000	0.000000	0.024268
26.830000	0.000000	0.024185
26.840000	0.000000	0.024102
26.850000	0.000000	0.024019
26.860000	0.000000	0.023936
26.870000	0.000000	0.023853
26.880000	0.000000	0.023770
26.890000	0.000000	0.023688
26.900000	0.000000	0.023605
26.910000	0.000000	0.023522
26.920000	0.000000	0.023439
26.930000	0.000000	0.023356
26.940000	0.000000	0.023273
26.950000	0.000000	0.023190
26.960000	0.000000	0.023104
26.970000	0.000000	0.023019
26.980000	0.000000	0.022936
26.990000	0.000000	0.022853
27.000000	0.000000	0.022771
27.010000	0.000000	0.022688
27.020000	0.000000	0.022605
27.030000	0.000000	0.022522
27.040000	0.000000	0.022440
27.050000	0.000000	0.022357
27.060000	0.000000	0.022274
27.070000	0.000000	0.022192
27.080000	0.000000	0.022109
27.090000	0.000000	0.022026
27.100000	0.000000	0.021944
27.110000	0.000000	0.021861
27.120000	0.000000	0.021779
27.130000	0.000000	0.021691
27.140000	0.000000	0.021608
27.150000	0.000000	0.021525
27.160000	0.000000	0.021442
27.170000	0.000000	0.021360
27.180000	0.000000	0.021277
27.190000	0.000000	0.021195
27.200000	0.000000	0.021112
27.210000	0.000000	0.021029
27.220000	0.000000	0.020947
27.230000	0.000000	0.020864
27.240000	0.000000	0.020782
27.250000	0.000000	0.020699
27.260000	0.000000	0.020617
27.270000	0.000000	0.020534
27.280000	0.000000	0.020451
27.290000	0.000000	0.020368
27.300000	0.000000	0.020281
27.310000	0.000000	0.020198
27.320000	0.000000	0.020116
27.330000	0.000000	0.020033
27.340000	0.000000	0.019951
27.350000	0.000000	0.019868
27.360000	0.000000	0.019785
27.370000	0.000000	0.019703
27.380000	0.000000	0.019620
27.390000	0.000000	0.019538
27.400000	0.000000	0.019455
27.410000	0.000000	0.019373
27.420000	0.000000	0.019290
27.430000	0.000000	0.019208
27.440000	0.000000	0.019125
27.450000	0.000000	0.019043
27.460000	0.000000	0.018958
27.470000	0.000000	0.018872
27.480000	0.000000	0.018789
27.490000	0.000000	0.018707
27.500000	0.000000	0.018624
27.510000	0.000000	0.018544
27.520000	0.000000	0.018477
27.530000	0.000000	0.018418
27.540000	0.000000	0.018360
27.550000	0.000000	0.018302
27.560000	0.000000	0.018244
27.570000	0.000000	0.018187
27.580000	0.000000	0.018131
27.590000	0.000000	0.018075
27.600000	0.000000	0.018019
27.610000	0.000000	0.017964
27.620000	0.000000	0.017908
27.630000	0.000000	0.017850
27.640000	0.000000	0.017793
27.650000	0.000000	0.017737
27.660000	0.000000	0.017681
27.670000	0.000000	0.017625
27.680000	0.000000	0.017570
27.690000	0.000000	0.017514
27.700000	0.000000	0.017458
27.710000	0.000000	0.017402
27.720000	0.000000	0.017347
27.730000	0.000000	0.017291
27.740000	0.000000	0.017235
27.750000	0.000000	0.017179
27.760000	0.000000	0.017124
27.770000	0.000000	0.017068
27.780000	0.000000	0.017012
27.790000	0.000000	0.016957
27.800000	0.000000	0.016898
27.810000	0.000000	0.016841
27.820000	0.000000	0.016786
27.830000	0.000000	0.016730
27.840000	0.000000	0.016674
27.850000	0.000000	0.016618
27.860000	0.000000	0.016563
27.870000	0.000000	0.016507
27.880000	0.000000	0.016451
27.890000	0.000000	0.016396
27.900000	0.000000	0.016340
27.910000	0.000000	0.016285
27.920000	0.000000	0.016230
27.930000	0.000000	0.016174
27.940000	0.000000	0.016119
27.950000	0.000000	0.016063
27.960000	0.000000	0.016008
27.970000	0.000000	0.015949
27.980000	0.000000	0.015893
27.990000	0.000000	0.015838
28.000000	0.000000	0.015783
28.010000	0.000000	0.015727
28.020000	0.000000	0.015672
28.030000	0.000000	0.015616
28.040000	0.000000	0.015561
28.050000	0.000000	0.015506
28.060000	0.000000	0.015450
28.070000	0.000000	0.015395
28.080000	0.000000	0.015339
28.090000	0.000000	0.015284
28.100000	0.000000	0.015229
28.110000	0.000000	0.015173
28.120000	0.000000	0.015118
28.130000	0.000000	0.015062
28.140000	0.000000	0.015004
28.150000	0.000000	0.014948
28.160000	0.000000	0.014893
28.170000	0.000000	0.014838
28.180000	0.000000	0.014783
28.190000	0.000000	0.014727
28.200000	0.000000	0.014672
28.210000	0.000000	0.014617
28.220000	0.000000	0.014562
28.230000	0.000000	0.014506
28.240000	0.000000	0.014451
28.250000	0.000000	0.014396
28.260000	0.000000	0.014341
28.270000	0.000000	0.014285
28.280000	0.000000	0.014230
28.290000	0.000000	0.014175
28.300000	0.000000	0.014118
28.310000	0.000000	0.014061
28.320000	0.000000	0.014006
28.330000	0.000000	0.013950
28.340000	0.000000	0.013895
28.350000	0.000000	0.013840
28.360000	0.000000	0.013785
28.370000	0.000000	0.013730
28.380000	0.000000	0.013674
28.390000	0.000000	0.013619
28.400000	0.000000	0.013564
28.410000	0.000000	0.013509
28.420000	0.000000	0.013454
28.430000	0.000000	0.013398
28.440000	0.000000	0.013343
28.450000	0.000000	0.013288
28.460000	0.000000	0.013233
28.470000	0.000000	0.013175
28.480000	0.000000	0.013119
28.490000	0.000000	0.013064
28.500000	0.000000	0.013008
28.510000	0.000000	0.012953
28.520000	0.000000	0.012898
28.530000	0.000000	0.012843
28.540000	0.000000	0.012788
28.550000	0.000000	0.012732
28.560000	0.000000	0.012677
28.570000	0.000000	0.012622
28.580000	0.000000	0.012567
28.590000	0.000000	0.012512
28.600000	0.000000	0.012459
28.610000	0.000000	0.012416
28.620000	0.000000	0.012377
28.630000	0.000000	0.012339
28.640000	0.000000	0.012298
28.650000	0.000000	0.012259
28.660000	0.000000	0.012220
28.670000	0.000000	0.012182
28.680000	0.000000	0.012143
28.690000	0.000000	0.012105
28.700000	0.000000	0.012066
28.710000	0.000000	0.012028
28.720000	0.000000	0.011990
28.730000	0.000000	0.011952
28.740000	0.000000	0.011915
28.750000	0.000000	0.011878
28.760000	0.000000	0.011841
28.770000	0.000000	0.011803
28.780000	0.000000	0.011766
28.790000	0.000000	0.011729
28.800000	0.000000	0.011691
28.810000	0.000000	0.011652
28.820000	0.000000	0.011614
28.830000	0.000000	0.011577
28.840000	0.000000	0.011540
28.850000	0.000000	0.011503
28.860000	0.000000	0.011465
28.870000	0.000000	0.011428
28.880000	0.000000	0.011391
28.890000	0.000000	0.011354
28.900000	0.000000	0.011316
28.910000	0.000000	0.011279
28.920000	0.000000	0.011242
28.930000	0.000000	0.011205
28.940000	0.000000	0.011167
28.950000	0.000000	0.011130
28.960000	0.000000	0.011093
28.970000	0.000000	0.011056
28.980000	0.000000	0.011017
28.990000	0.000000	0.010980
29.000000	0.000000	0.010942
29.010000	0.000000	0.010905
29.020000	0.000000	0.010868
29.030000	0.000000	0.010831
29.040000	0.000000	0.010794
29.050000	0.000000	0.010757
29.060000	0.000000	0.010720
29.070000	0.000000	0.010683
29.080000	0.000000	0.010646
29.090000	0.000000	0.010609
29.100000	0.000000	0.010572
29.110000	0.000000	0.010535
29.120000	0.000000	0.010498
29.130000	0.000000	0.010461
29.140000	0.000000	0.010423
29.150000	0.000000	0.010384
29.160000	0.000000	0.010347
29.170000	0.000000	0.010310
29.180000	0.000000	0.010273
29.190000	0.000000	0.010236
29.200000	0.000000	0.010199
29.210000	0.000000	0.010162
29.220000	0.000000	0.010125
29.230000	0.000000	0.010088
29.240000	0.000000	0.010051
29.250000	0.000000	0.010014
29.260000	0.000000	0.009977
29.270000	0.000000	0.009940
29.280000	0.000000	0.009903
29.290000	0.000000	0.009866
29.300000	0.000000	0.009829
29.310000	0.000000	0.009791
29.320000	0.000000	0.009753
29.330000	0.000000	0.009716
29.340000	0.000000	0.009679
29.350000	0.000000	0.009642
29.360000	0.000000	0.009605
29.370000	0.000000	0.009568
29.380000	0.000000	0.009531
29.390000	0.000000	0.009494
29.400000	0.000000	0.009458
29.410000	0.000000	0.009421
29.420000	0.000000	0.009384
29.430000	0.000000	0.009347
29.440000	0.000000	0.009310
29.450000	0.000000	0.009273
29.460000	0.000000	0.009236
29.470000	0.000000	0.009199
29.480000	0.000000	0.009160
29.490000	0.000000	0.009123
29.500000	0.000000	0.009086
29.510000	0.000000	0.009049
29.520000	0.000000	0.009012
29.530000	0.000000	0.008975
29.540000	0.000000	0.008938
29.550000	0.000000	0.008901
29.560000	0.000000	0.008865
29.570000	0.000000	0.008828
29.580000	0.000000	0.008791
29.590000	0.000000	0.008754
29.600000	0.000000	0.008717
29.610000	0.000000	0.008680
29.620000	0.000000	0.008643
29.630000	0.000000	0.008606
29.640000	0.000000	0.008569
29.650000	0.000000	0.008530
29.660000	0.000000	0.008493
29.670000	0.000000	0.008456
29.680000	0.000000	0.008419
29.690000	0.000000	0.008383
29.700000	0.000000	0.008354
29.710000	0.000000	0.008327
29.720000	0.000000	0.008302
29.730000	0.000000	0.008276
29.740000	0.000000	0.008250
29.750000	0.000000	0.008224
29.760000	0.000000	0.008198
29.770000	0.000000	0.008173
29.780000	0.000000	0.008147
29.790000	0.000000	0.008121
29.800000	0.000000	0.008095
29.810000	0.000000	0.008069
29.820000	0.000000	0.008042
29.830000	0.000000	0.008016
29.840000	0.000000	0.007990
29.850000	0.000000	0.007964
29.860000	0.000000	0.007939
29.870000	0.000000	0.007913
29.880000	0.000000	0.007888
29.890000	0.000000	0.007863
29.900000	0.000000	0.007838
29.910000	0.000000	0.007813
29.920000	0.000000	0.007789
29.930000	0.000000	0.007764
29.940000	0.000000	0.007739
29.950000	0.000000	0.007714
29.960000	0.000000	0.007689
29.970000	0.000000	0.007664
29.980000	0.000000	0.007638
29.990000	0.000000	0.007612
30.000000	0.000000	0.007587
30.010000	0.000000	0.007563
30.020000	0.000000	0.007538
30.030000	0.000000	0.007513
30.040000	0.000000	0.007488
30.050000	0.000000	0.007463
30.060000	0.000000	0.007439
30.070000	0.000000	0.007414
30.080000	0.000000	0.007389
30.090000	0.000000	0.007364
