0.100000	0.000000	28231.853979
0.110000	0.000000	17799.979157
0.120000	0.000000	22803.115472
0.130000	0.000000	20273.477092
0.140000	0.000000	18049.909073
0.150000	0.000000	13728.360807
0.160000	0.000000	12364.258494
0.170000	0.000000	10599.459194
0.180000	0.000000	10446.514621
0.190000	0.000000	10688.452275
0.200000	0.000000	8544.097422
0.210000	0.000000	8664.542332
0.220000	0.000000	9996.392363
0.230000	0.000000	7419.097856
0.240000	0.000000	8177.738202
0.250000	0.000000	7465.156615
0.260000	0.000000	6093.508661
0.270000	0.000000	6054.728268
0.280000	0.000000	6101.701606
0.290000	0.000000	5672.639890
0.300000	0.000000	5316.384999
0.310000	0.000000	5213.255692
0.320000	0.000000	5535.675560
0.330000	0.000000	6057.106755
0.340000	0.000000	5410.105900
0.350000	0.000000	4568.130939
0.360000	0.000000	17518.890204
0.370000	0.000000	51514.753545
0.380000	0.000000	58144.530873
0.390000	0.000000	19405.121751
0.400000	0.000000	60848.433110
0.410000	0.000000	5435.252798
0.420000	0.000000	20101.476649
0.430000	0.000000	13652.848148
0.440000	0.000000	18546.383733
0.450000	0.000000	5050.439572
0.460000	0.000000	3392.683447
0.470000	0.000000	3309.603378
0.480000	0.000000	14997.827698
0.490000	0.000000	8886.627951
0.500000	0.000000	11114.895456
0.510000	0.000000	9309.442744
0.520000	0.000000	2960.611418
0.530000	0.000000	7343.136707
0.540000	0.000000	10086.442376
0.550000	0.000000	2832.942693
0.560000	0.000000	4298.584539
0.570000	0.000000	9087.028213
0.580000	0.000000	6965.259432
0.590000	0.000000	6456.154413
0.600000	0.000000	8578.790417
0.610000	0.000000	2798.808099
0.620000	0.000000	3423.970594
0.630000	0.000000	5032.123751
0.640000	0.000000	4582.397192
0.650000	0.000000	7949.279137
0.660000	0.000000	6005.762940
0.670000	0.000000	3419.258007
0.680000	0.000000	3111.048643
0.690000	0.000000	3001.298282
0.700000	0.000000	3196.949076
0.710000	0.000000	3574.608317
0.720000	0.000000	3222.192577
0.730000	0.000000	4460.474872
0.740000	0.000000	2613.945189
0.750000	0.000000	2295.510431
0.760000	0.000000	2253.854630
0.770000	0.000000	3429.144298
0.780000	0.000000	2282.001499
0.790000	0.000000	2427.792380
0.800000	0.000000	2481.432870
0.810000	0.000000	2599.024037
0.820000	0.000000	2426.266597
0.830000	0.000000	2324.756139
0.840000	0.000000	2236.823168
0.850000	0.000000	2160.920635
0.860000	0.000000	2144.745177
0.870000	0.000000	2182.348063
0.880000	0.000000	2221.214474
0.890000	0.000000	2154.562968
0.900000	0.000000	2176.175531
0.910000	0.000000	2245.088462
0.920000	0.000000	2162.730148
0.930000	0.000000	2246.784034
0.940000	0.000000	2159.694007
0.950000	0.000000	2206.187291
0.960000	0.000000	2225.338451
0.970000	0.000000	2282.850680
0.980000	0.000000	2149.584900
0.990000	0.000000	2270.186859
1.000000	0.000000	2421.078939
1.010000	0.000000	2997.091861
1.020000	0.000000	2869.453214
1.030000	0.000000	2269.379093
1.040000	0.000000	2865.632088
1.050000	0.000000	3390.074331
1.060000	0.000000	2055.164994
1.070000	0.000000	2159.950552
1.080000	0.000000	2737.262013
1.090000	0.000000	2080.622541
1.100000	0.000000	3286.334656
1.110000	0.000000	1876.447498
1.120000	0.000000	3283.899393
1.130000	0.000000	2063.481354
1.140000	0.000000	1817.075336
1.150000	0.000000	2132.574331
1.160000	0.000000	2448.130791
1.170000	0.000000	2055.346349
1.180000	0.000000	1735.734489
1.190000	0.000000	1733.193033
1.200000	0.000000	1771.326668
1.210000	0.000000	1778.403660
1.220000	0.000000	1684.315610
1.230000	0.000000	1708.811374
1.240000	0.000000	1706.464987
1.250000	0.000000	1648.387034
1.260000	0.000000	1650.543639
1.270000	0.000000	1680.505587
1.280000	0.000000	1622.441718
1.290000	0.000000	1642.725891
1.300000	0.000000	1629.127638
1.310000	0.000000	1657.890790
1.320000	0.000000	1641.510777
1.330000	0.000000	1611.434913
1.340000	0.000000	1590.537985
1.350000	0.000000	1575.402587
1.360000	0.000000	1585.982650
1.370000	0.000000	1608.144611
1.380000	0.000000	1602.137343
1.390000	0.000000	1604.948806
1.400000	0.000000	1627.128825
1.410000	0.000000	1522.561370
1.420000	0.000000	1548.086015
1.430000	0.000000	1520.929184
1.440000	0.000000	1499.050338
1.450000	0.000000	1493.465649
1.460000	0.000000	1467.717379
1.470000	0.000000	1494.886843
1.480000	0.000000	1571.669495
1.490000	0.000000	1587.922289
1.500000	0.000000	1521.767945
1.510000	0.000000	1451.237099
1.520000	0.000000	1426.655630
1.530000	0.000000	1413.366854
1.540000	0.000000	1458.786136
1.550000	0.000000	1505.545586
1.560000	0.000000	1402.589577
1.570000	0.000000	1411.115616
1.580000	0.000000	1364.217259
1.590000	0.000000	1355.810038
1.600000	0.000000	1361.161520
1.610000	0.000000	1354.499249
1.620000	0.000000	1326.712657
1.630000	0.000000	1318.247677
1.640000	0.000000	1308.248527
1.650000	0.000000	1366.137956
1.660000	0.000000	1347.173421
1.670000	0.000000	1313.705863
1.680000	0.000000	1290.401178
1.690000	0.000000	1273.196673
1.700000	0.000000	1265.711574
1.710000	0.000000	1258.626547
1.720000	0.000000	1261.631566
1.730000	0.000000	1276.047086
1.740000	0.000000	1236.745961
1.750000	0.000000	1254.188606
1.760000	0.000000	1225.983710
1.770000	0.000000	1214.762254
1.780000	0.000000	1194.721037
1.790000	0.000000	1187.159717
1.800000	0.000000	1187.662584
1.810000	0.000000	1190.577112
1.820000	0.000000	1180.000662
1.830000	0.000000	1164.303003
1.840000	0.000000	1151.470098
1.850000	0.000000	1141.080118
1.860000	0.000000	1132.359765
1.870000	0.000000	1129.862613
1.880000	0.000000	1125.024271
1.890000	0.000000	1110.122235
1.900000	0.000000	1102.629699
1.910000	0.000000	1094.333233
1.920000	0.000000	1086.678170
1.930000	0.000000	1079.040150
1.940000	0.000000	1073.989778
1.950000	0.000000	1063.988553
1.960000	0.000000	1055.466500
1.970000	0.000000	1048.157450
1.980000	0.000000	1040.867504
1.990000	0.000000	1033.385806
2.000000	0.000000	1026.081315
2.010000	0.000000	1018.424151
2.020000	0.000000	1011.265926
2.030000	0.000000	1004.224018
2.040000	0.000000	996.612690
2.050000	0.000000	988.802587
2.060000	0.000000	980.871665
2.070000	0.000000	972.847352
2.080000	0.000000	964.457638
2.090000	0.000000	952.656382
2.100000	0.000000	940.152500
2.110000	0.000000	927.520380
2.120000	0.000000	915.398330
2.130000	0.000000	902.882335
2.140000	0.000000	889.582095
2.150000	0.000000	878.793187
2.160000	0.000000	864.927382
2.170000	0.000000	851.648202
2.180000	0.000000	839.127292
2.190000	0.000000	826.651916
2.200000	0.000000	814.210452
2.210000	0.000000	801.668854
2.220000	0.000000	789.054771
2.230000	0.000000	776.547548
2.240000	0.000000	764.029926
2.250000	0.000000	751.512895
2.260000	0.000000	738.999643
2.270000	0.000000	726.577477
2.280000	0.000000	713.418868
2.290000	0.000000	698.389217
2.300000	0.000000	683.171926
2.310000	0.000000	660.684279
2.320000	0.000000	640.640512
2.330000	0.000000	621.429700
2.340000	0.000000	602.662230
2.350000	0.000000	583.083629
2.360000	0.000000	563.358606
2.370000	0.000000	615.738801
2.380000	0.000000	623.281551
2.390000	0.000000	502.935593
2.400000	0.000000	565.153559
2.410000	0.000000	737.475280
2.420000	0.000000	12398.487838
2.430000	0.000000	88781.131008
2.440000	0.000000	43286.060607
2.450000	0.000000	20054.673358
2.460000	0.000000	185536.488817
2.470000	0.000000	24489.573427
2.480000	0.000000	336.517653
2.490000	0.000000	324.707194
2.500000	0.000000	312.898931
2.510000	0.000000	301.339240
2.520000	0.000000	289.457975
2.530000	0.000000	277.474376
2.540000	0.000000	265.666180
2.550000	0.000000	361.775143
2.560000	0.000000	447.520632
2.570000	0.000000	241.017887
2.580000	0.000000	1719.275840
2.590000	0.000000	7932.193819
2.600000	0.000000	7427.395713
2.610000	0.000000	74021.471638
2.620000	0.000000	143608.449597
2.630000	0.000000	10720.854440
2.640000	0.000000	147.916173
2.650000	0.000000	146.576441
2.660000	0.000000	145.306886
2.670000	0.000000	144.064107
2.680000	0.000000	142.816548
2.690000	0.000000	141.573948
2.700000	0.000000	140.379073
2.710000	0.000000	139.151602
2.720000	0.000000	138.083941
2.730000	0.000000	137.111667
2.740000	0.000000	135.995450
2.750000	0.000000	135.951930
2.760000	0.000000	133.515931
2.770000	0.000000	133.263766
2.780000	0.000000	135.611749
2.790000	0.000000	167.002610
2.800000	0.000000	258.860322
2.810000	0.000000	152.800801
2.820000	0.000000	1746.876044
2.830000	0.000000	858.016611
2.840000	0.000000	222.395990
2.850000	0.000000	135.815301
2.860000	0.000000	121.270196
2.870000	0.000000	13948.081563
2.880000	0.000000	17575.518658
2.890000	0.000000	117.739324
2.900000	0.000000	116.580154
2.910000	0.000000	115.427334
2.920000	0.000000	114.251603
2.930000	0.000000	113.215516
2.940000	0.000000	135.340996
2.950000	0.000000	985.423604
2.960000	0.000000	381.552615
2.970000	0.000000	136.140130
2.980000	0.000000	137.184313
2.990000	0.000000	114.786075
3.000000	0.000000	105.144704
3.010000	0.000000	401.888069
3.020000	0.000000	6305.130610
3.030000	0.000000	5147.513335
3.040000	0.000000	557.984025
3.050000	0.000000	673.133266
3.060000	0.000000	277.825355
3.070000	0.000000	98.619969
3.080000	0.000000	97.941748
3.090000	0.000000	4351.451984
3.100000	0.000000	28154.865557
3.110000	0.000000	98.037873
3.120000	0.000000	109.215290
3.130000	0.000000	2859.543953
3.140000	0.000000	422.959990
3.150000	0.000000	1515.778967
3.160000	0.000000	506.660173
3.170000	0.000000	875.275147
3.180000	0.000000	1267.404073
3.190000	0.000000	667.729618
3.200000	0.000000	144.490900
3.210000	0.000000	143.578638
3.220000	0.000000	208.306513
3.230000	0.000000	218.321635
3.240000	0.000000	217.586106
3.250000	0.000000	226.316604
3.260000	0.000000	1292.651697
3.270000	0.000000	7896.066480
3.280000	0.000000	243.015662
3.290000	0.000000	210.327567
3.300000	0.000000	208.882859
3.310000	0.000000	212.982127
3.320000	0.000000	216.810261
3.330000	0.000000	207.272526
3.340000	0.000000	202.907898
3.350000	0.000000	2464.798508
3.360000	0.000000	1818.397027
3.370000	0.000000	198.588921
3.380000	0.000000	197.193388
3.390000	0.000000	909.182491
3.400000	0.000000	1549.833865
3.410000	0.000000	484.867315
3.420000	0.000000	1192.844174
3.430000	0.000000	279.412918
3.440000	0.000000	975.616697
3.450000	0.000000	986.288215
3.460000	0.000000	196.879380
3.470000	0.000000	185.573165
3.480000	0.000000	183.454674
3.490000	0.000000	306.434541
3.500000	0.000000	371.096408
3.510000	0.000000	380.161756
3.520000	0.000000	377.062577
3.530000	0.000000	374.614049
3.540000	0.000000	372.203773
3.550000	0.000000	369.816855
3.560000	0.000000	367.419483
3.570000	0.000000	364.989000
3.580000	0.000000	362.614994
3.590000	0.000000	360.196693
3.600000	0.000000	357.879293
3.610000	0.000000	356.184601
3.620000	0.000000	353.071670
3.630000	0.000000	350.360530
3.640000	0.000000	347.953850
3.650000	0.000000	345.531631
3.660000	0.000000	343.147282
3.670000	0.000000	340.926204
3.680000	0.000000	342.532467
3.690000	0.000000	338.695981
3.700000	0.000000	333.692296
3.710000	0.000000	331.090333
3.720000	0.000000	328.666423
3.730000	0.000000	326.260557
3.740000	0.000000	323.859603
3.750000	0.000000	321.460051
3.760000	0.000000	319.059302
3.770000	0.000000	316.695806
3.780000	0.000000	314.668334
3.790000	0.000000	311.946786
3.800000	0.000000	309.360141
3.810000	0.000000	306.925910
3.820000	0.000000	304.506896
3.830000	0.000000	302.151137
3.840000	0.000000	299.916750
3.850000	0.000000	303.789821
3.860000	0.000000	302.452002
3.870000	0.000000	297.895908
3.880000	0.000000	295.053763
3.890000	0.000000	299.891805
3.900000	0.000000	301.214867
3.910000	0.000000	283.009301
3.920000	0.000000	281.012883
3.930000	0.000000	279.927576
3.940000	0.000000	275.853285
3.950000	0.000000	273.480917
3.960000	0.000000	271.926773
3.970000	0.000000	268.599098
3.980000	0.000000	266.165880
3.990000	0.000000	263.784544
4.000000	0.000000	261.823952
4.010000	0.000000	259.195896
4.020000	0.000000	256.953443
4.030000	0.000000	255.378433
4.040000	0.000000	253.721725
4.050000	0.000000	252.020279
4.060000	0.000000	250.594076
4.070000	0.000000	249.037458
4.080000	0.000000	247.175615
4.090000	0.000000	245.837819
4.100000	0.000000	245.750749
4.110000	0.000000	242.232278
4.120000	0.000000	240.559788
4.130000	0.000000	238.631278
4.140000	0.000000	237.559153
4.150000	0.000000	235.427522
4.160000	0.000000	233.702421
4.170000	0.000000	232.063093
4.180000	0.000000	230.420258
4.190000	0.000000	228.777913
4.200000	0.000000	227.136807
4.210000	0.000000	225.495732
4.220000	0.000000	223.855113
4.230000	0.000000	222.221426
4.240000	0.000000	220.669962
4.250000	0.000000	219.145997
4.260000	0.000000	217.300903
4.270000	0.000000	215.673250
4.280000	0.000000	214.039258
4.290000	0.000000	212.381597
4.300000	0.000000	210.810224
4.310000	0.000000	209.058730
4.320000	0.000000	207.409685
4.330000	0.000000	205.902822
4.340000	0.000000	204.191359
4.350000	0.000000	202.556044
4.360000	0.000000	200.931337
4.370000	0.000000	199.288608
4.380000	0.000000	197.655533
4.390000	0.000000	196.014094
4.400000	0.000000	194.367319
4.410000	0.000000	192.738445
4.420000	0.000000	191.119372
4.430000	0.000000	189.515598
4.440000	0.000000	187.864893
4.450000	0.000000	186.237115
4.460000	0.000000	184.566625
4.470000	0.000000	182.878587
4.480000	0.000000	181.306437
4.490000	0.000000	179.629842
4.500000	0.000000	178.467313
4.510000	0.000000	176.629530
4.520000	0.000000	174.779828
4.530000	0.000000	173.223500
4.540000	0.000000	171.957314
4.550000	0.000000	170.842973
4.560000	0.000000	169.743303
4.570000	0.000000	169.565930
4.580000	0.000000	169.537281
4.590000	0.000000	166.452068
4.600000	0.000000	165.357167
4.610000	0.000000	164.263769
4.620000	0.000000	163.180394
4.630000	0.000000	162.025657
4.640000	0.000000	160.905784
4.650000	0.000000	159.811325
4.660000	0.000000	158.716691
4.670000	0.000000	157.622485
4.680000	0.000000	156.539991
4.690000	0.000000	155.549530
4.700000	0.000000	154.514974
4.710000	0.000000	153.406874
4.720000	0.000000	152.430910
4.730000	0.000000	151.397424
4.740000	0.000000	150.231699
4.750000	0.000000	149.230182
4.760000	0.000000	147.845340
4.770000	0.000000	146.737059
4.780000	0.000000	145.656426
4.790000	0.000000	144.570040
4.800000	0.000000	143.412002
4.810000	0.000000	142.357358
4.820000	0.000000	142.035430
4.830000	0.000000	140.329362
4.840000	0.000000	139.055209
4.850000	0.000000	138.031472
4.860000	0.000000	137.009760
4.870000	0.000000	135.854269
4.880000	0.000000	134.699036
4.890000	0.000000	133.612660
4.900000	0.000000	132.526637
4.910000	0.000000	131.440753
4.920000	0.000000	130.442362
4.930000	0.000000	129.558858
4.940000	0.000000	128.185149
4.950000	0.000000	127.098245
4.960000	0.000000	126.009689
4.970000	0.000000	124.864721
4.980000	0.000000	123.938109
4.990000	0.000000	122.704947
5.000000	0.000000	121.594733
5.010000	0.000000	120.509119
5.020000	0.000000	119.500773
5.030000	0.000000	118.384097
5.040000	0.000000	117.295704
5.050000	0.000000	116.325978
5.060000	0.000000	115.480172
5.070000	0.000000	114.745763
5.080000	0.000000	114.019833
5.090000	0.000000	113.269150
5.100000	0.000000	112.540232
5.110000	0.000000	111.817198
5.120000	0.000000	111.135785
5.130000	0.000000	110.369162
5.140000	0.000000	109.589377
5.150000	0.000000	108.880060
5.160000	0.000000	108.148404
5.170000	0.000000	107.422568
5.180000	0.000000	106.697560
5.190000	0.000000	105.972457
5.200000	0.000000	105.258096
5.210000	0.000000	104.526252
5.220000	0.000000	103.789470
5.230000	0.000000	103.064881
5.240000	0.000000	102.350915
5.250000	0.000000	101.637748
5.260000	0.000000	100.891110
5.270000	0.000000	100.167065
5.280000	0.000000	99.443153
5.290000	0.000000	98.719253
5.300000	0.000000	97.969593
5.310000	0.000000	97.238204
5.320000	0.000000	96.500271
5.330000	0.000000	95.775158
5.340000	0.000000	95.051258
5.350000	0.000000	94.334735
5.360000	0.000000	93.607229
5.370000	0.000000	92.883093
5.380000	0.000000	92.160137
5.390000	0.000000	91.436643
5.400000	0.000000	90.714617
5.410000	0.000000	89.989924
5.420000	0.000000	89.264971
5.430000	0.000000	88.542105
5.440000	0.000000	87.819532
5.450000	0.000000	87.096879
5.460000	0.000000	86.373061
5.470000	0.000000	85.616901
5.480000	0.000000	84.881109
5.490000	0.000000	84.174550
5.500000	0.000000	83.441845
5.510000	0.000000	82.717619
5.520000	0.000000	81.993951
5.530000	0.000000	81.278135
5.540000	0.000000	80.558420
5.550000	0.000000	79.830821
5.560000	0.000000	79.107646
5.570000	0.000000	78.459199
5.580000	0.000000	77.917691
5.590000	0.000000	77.410381
5.600000	0.000000	76.951168
5.610000	0.000000	76.561008
5.620000	0.000000	76.395180
5.630000	0.000000	75.981355
5.640000	0.000000	75.260044
5.650000	0.000000	74.814937
5.660000	0.000000	74.291710
5.670000	0.000000	74.479513
5.680000	0.000000	73.341013
5.690000	0.000000	72.589743
5.700000	0.000000	72.110919
5.710000	0.000000	71.632808
5.720000	0.000000	71.154736
5.730000	0.000000	70.676711
5.740000	0.000000	70.198633
5.750000	0.000000	69.722407
5.760000	0.000000	69.247918
5.770000	0.000000	68.767269
5.780000	0.000000	68.287885
5.790000	0.000000	67.809274
5.800000	0.000000	67.326545
5.810000	0.000000	66.820054
5.820000	0.000000	66.342102
5.830000	0.000000	65.863987
5.840000	0.000000	65.386398
5.850000	0.000000	64.908784
5.860000	0.000000	64.439303
5.870000	0.000000	63.961950
5.880000	0.000000	63.482708
5.890000	0.000000	63.003986
5.900000	0.000000	62.525171
5.910000	0.000000	62.048194
5.920000	0.000000	61.572491
5.930000	0.000000	61.098483
5.940000	0.000000	60.614198
5.950000	0.000000	60.137137
5.960000	0.000000	59.660292
5.970000	0.000000	59.172706
5.980000	0.000000	58.675335
5.990000	0.000000	58.199067
6.000000	0.000000	57.727848
6.010000	0.000000	57.247882
6.020000	0.000000	56.774933
6.030000	0.000000	56.299558
6.040000	0.000000	55.820070
6.050000	0.000000	55.342445
6.060000	0.000000	54.867775
6.070000	0.000000	54.393320
6.080000	0.000000	53.925768
6.090000	0.000000	53.516238
6.100000	0.000000	53.207934
6.110000	0.000000	52.920189
6.120000	0.000000	52.783144
6.130000	0.000000	52.368500
6.140000	0.000000	52.007444
6.150000	0.000000	51.678301
6.160000	0.000000	51.355981
6.170000	0.000000	51.246073
6.180000	0.000000	50.714044
6.190000	0.000000	50.322952
6.200000	0.000000	50.007875
6.210000	0.000000	49.692731
6.220000	0.000000	49.377517
6.230000	0.000000	49.062483
6.240000	0.000000	48.747489
6.250000	0.000000	48.432543
6.260000	0.000000	48.117565
6.270000	0.000000	47.802452
6.280000	0.000000	47.487509
6.290000	0.000000	47.172687
6.300000	0.000000	46.857426
6.310000	0.000000	46.525663
6.320000	0.000000	46.207341
6.330000	0.000000	45.892680
6.340000	0.000000	45.576605
6.350000	0.000000	45.261318
6.360000	0.000000	44.946230
6.370000	0.000000	44.631225
6.380000	0.000000	44.318352
6.390000	0.000000	44.005365
6.400000	0.000000	43.700404
6.410000	0.000000	43.388633
6.420000	0.000000	43.059206
6.430000	0.000000	42.744766
6.440000	0.000000	42.432584
6.450000	0.000000	42.131157
6.460000	0.000000	41.876987
6.470000	0.000000	41.678693
6.480000	0.000000	41.182117
6.490000	0.000000	40.982819
6.500000	0.000000	40.643485
6.510000	0.000000	40.275214
6.520000	0.000000	39.967249
6.530000	0.000000	40.398789
6.540000	0.000000	40.370735
6.550000	0.000000	39.504767
6.560000	0.000000	39.010444
6.570000	0.000000	40.348690
6.580000	0.000000	41.078744
6.590000	0.000000	39.371865
6.600000	0.000000	41.705268
6.610000	0.000000	49.478657
6.620000	0.000000	49.182184
6.630000	0.000000	48.813208
6.640000	0.000000	52.871834
6.650000	0.000000	57.647697
6.660000	0.000000	53.594991
6.670000	0.000000	45.170015
6.680000	0.000000	44.714960
6.690000	0.000000	64.403211
6.700000	0.000000	47.472965
6.710000	0.000000	35.069846
6.720000	0.000000	34.498077
6.730000	0.000000	34.224783
6.740000	0.000000	34.015036
6.750000	0.000000	33.805290
6.760000	0.000000	33.595935
6.770000	0.000000	33.386589
6.780000	0.000000	33.177228
6.790000	0.000000	32.967848
6.800000	0.000000	32.758476
6.810000	0.000000	32.543156
6.820000	0.000000	32.325628
6.830000	0.000000	32.116302
6.840000	0.000000	31.909191
6.850000	0.000000	31.698315
6.860000	0.000000	31.488477
6.870000	0.000000	31.280662
6.880000	0.000000	31.070853
6.890000	0.000000	30.863195
6.900000	0.000000	30.667735
6.910000	0.000000	30.481168
6.920000	0.000000	30.277614
6.930000	0.000000	30.052183
6.940000	0.000000	29.844994
6.950000	0.000000	29.641204
6.960000	0.000000	29.419713
6.970000	0.000000	29.265970
6.980000	0.000000	28.971232
6.990000	0.000000	28.756521
7.000000	0.000000	28.547775
7.010000	0.000000	28.339694
7.020000	0.000000	28.148979
7.030000	0.000000	27.928698
7.040000	0.000000	27.713039
7.050000	0.000000	27.509289
7.060000	0.000000	27.301805
7.070000	0.000000	27.090901
7.080000	0.000000	26.881483
7.090000	0.000000	26.671941
7.100000	0.000000	26.464785
7.110000	0.000000	26.258707
7.120000	0.000000	26.049236
7.130000	0.000000	25.841120
7.140000	0.000000	25.633112
7.150000	0.000000	25.412462
7.160000	0.000000	25.206599
7.170000	0.000000	25.012963
7.180000	0.000000	24.793359
7.190000	0.000000	24.586733
7.200000	0.000000	24.378342
7.210000	0.000000	24.206627
7.220000	0.000000	24.061354
7.230000	0.000000	23.921381
7.240000	0.000000	23.781697
7.250000	0.000000	23.643455
7.260000	0.000000	23.511802
7.270000	0.000000	23.380265
7.280000	0.000000	23.226993
7.290000	0.000000	23.083467
7.300000	0.000000	22.943930
7.310000	0.000000	22.803942
7.320000	0.000000	22.655528
7.330000	0.000000	22.518718
7.340000	0.000000	22.376808
7.350000	0.000000	22.236927
7.360000	0.000000	22.098867
7.370000	0.000000	21.958508
7.380000	0.000000	21.819172
7.390000	0.000000	21.679575
7.400000	0.000000	21.540004
7.410000	0.000000	21.400495
7.420000	0.000000	21.260704
7.430000	0.000000	21.121558
7.440000	0.000000	20.981677
7.450000	0.000000	20.842286
7.460000	0.000000	20.703405
7.470000	0.000000	20.563861
7.480000	0.000000	20.423622
7.490000	0.000000	20.276544
7.500000	0.000000	20.137311
7.510000	0.000000	19.998752
7.520000	0.000000	19.869315
7.530000	0.000000	19.726360
7.540000	0.000000	19.585193
7.550000	0.000000	19.451716
7.560000	0.000000	19.310763
7.570000	0.000000	19.168136
7.580000	0.000000	19.030672
7.590000	0.000000	18.891648
7.600000	0.000000	18.752372
7.610000	0.000000	18.617319
7.620000	0.000000	18.490767
7.630000	0.000000	18.375651
7.640000	0.000000	18.216663
7.650000	0.000000	18.056890
7.660000	0.000000	17.917206
7.670000	0.000000	17.773256
7.680000	0.000000	17.685062
7.690000	0.000000	17.514292
7.700000	0.000000	17.381914
7.710000	0.000000	17.300035
7.720000	0.000000	17.374668
7.730000	0.000000	17.325475
7.740000	0.000000	17.024794
7.750000	0.000000	16.900787
7.760000	0.000000	17.049679
7.770000	0.000000	17.558178
7.780000	0.000000	18.507118
7.790000	0.000000	16.891003
7.800000	0.000000	16.558103
7.810000	0.000000	16.028530
7.820000	0.000000	16.162568
7.830000	0.000000	15.890502
7.840000	0.000000	15.716544
7.850000	0.000000	15.614905
7.860000	0.000000	15.851824
7.870000	0.000000	17.052406
7.880000	0.000000	16.100943
7.890000	0.000000	15.241844
7.900000	0.000000	15.148709
7.910000	0.000000	15.056695
7.920000	0.000000	14.963989
7.930000	0.000000	14.869422
7.940000	0.000000	14.776341
7.950000	0.000000	14.683282
7.960000	0.000000	14.590772
7.970000	0.000000	14.501097
7.980000	0.000000	14.404249
7.990000	0.000000	14.305673
8.000000	0.000000	14.212152
8.010000	0.000000	14.119832
8.020000	0.000000	14.026598
8.030000	0.000000	13.934005
8.040000	0.000000	13.841017
8.050000	0.000000	13.748270
8.060000	0.000000	13.655378
8.070000	0.000000	13.562411
8.080000	0.000000	13.469873
8.090000	0.000000	13.385559
8.100000	0.000000	13.302109
8.110000	0.000000	13.199719
8.120000	0.000000	13.107162
8.130000	0.000000	13.016020
8.140000	0.000000	12.925119
8.150000	0.000000	12.826695
8.160000	0.000000	13.931897
8.170000	0.000000	12.718357
8.180000	0.000000	12.716525
8.190000	0.000000	12.512768
8.200000	0.000000	12.377800
8.210000	0.000000	12.419959
8.220000	0.000000	12.259242
8.230000	0.000000	12.078858
8.240000	0.000000	11.986690
8.250000	0.000000	11.894773
8.260000	0.000000	11.798597
8.270000	0.000000	11.706109
8.280000	0.000000	11.774327
8.290000	0.000000	12.092946
8.300000	0.000000	11.429757
8.310000	0.000000	11.338557
8.320000	0.000000	11.242162
8.330000	0.000000	11.148150
8.340000	0.000000	11.539240
8.350000	0.000000	11.050403
8.360000	0.000000	10.997881
8.370000	0.000000	10.876975
8.380000	0.000000	10.788192
8.390000	0.000000	10.787418
8.400000	0.000000	10.707699
8.410000	0.000000	10.596271
8.420000	0.000000	10.533997
8.430000	0.000000	10.471794
8.440000	0.000000	10.409588
8.450000	0.000000	10.347381
8.460000	0.000000	10.285177
8.470000	0.000000	10.249285
8.480000	0.000000	10.434253
8.490000	0.000000	10.096346
8.500000	0.000000	10.032155
8.510000	0.000000	9.970040
8.520000	0.000000	9.907971
8.530000	0.000000	9.845952
8.540000	0.000000	9.783924
8.550000	0.000000	9.721923
8.560000	0.000000	9.660284
8.570000	0.000000	9.598228
8.580000	0.000000	9.602111
8.590000	0.000000	9.560845
8.600000	0.000000	9.412247
8.610000	0.000000	9.350290
8.620000	0.000000	9.288466
8.630000	0.000000	9.226662
8.640000	0.000000	9.171599
8.650000	0.000000	9.185911
8.660000	0.000000	9.038174
8.670000	0.000000	8.975274
8.680000	0.000000	8.922267
8.690000	0.000000	8.891400
8.700000	0.000000	8.800779
8.710000	0.000000	8.752049
8.720000	0.000000	8.678714
8.730000	0.000000	8.618939
8.740000	0.000000	8.555029
8.750000	0.000000	8.480904
8.760000	0.000000	8.419178
8.770000	0.000000	8.357365
8.780000	0.000000	8.295492
8.790000	0.000000	8.233815
8.800000	0.000000	8.172281
8.810000	0.000000	8.110115
8.820000	0.000000	8.048781
8.830000	0.000000	7.988010
8.840000	0.000000	7.926023
8.850000	0.000000	7.864247
8.860000	0.000000	7.802472
8.870000	0.000000	7.740711
8.880000	0.000000	7.678963
8.890000	0.000000	7.617237
8.900000	0.000000	7.556676
8.910000	0.000000	7.494783
8.920000	0.000000	7.433473
8.930000	0.000000	7.380967
8.940000	0.000000	7.338162
8.950000	0.000000	7.296557
8.960000	0.000000	7.254964
8.970000	0.000000	7.213374
8.980000	0.000000	7.171824
8.990000	0.000000	7.130479
9.000000	0.000000	7.085805
9.010000	0.000000	7.045466
9.020000	0.000000	7.007773
9.030000	0.000000	6.962228
9.040000	0.000000	6.920548
9.050000	0.000000	6.879458
9.060000	0.000000	6.841611
9.070000	0.000000	6.811419
9.080000	0.000000	6.767326
9.090000	0.000000	6.714924
9.100000	0.000000	6.672518
9.110000	0.000000	6.630359
9.120000	0.000000	6.589920
9.130000	0.000000	6.547132
9.140000	0.000000	6.504781
9.150000	0.000000	6.463505
9.160000	0.000000	6.422279
9.170000	0.000000	6.380089
9.180000	0.000000	6.348796
9.190000	0.000000	6.297327
9.200000	0.000000	6.254049
9.210000	0.000000	6.212724
9.220000	0.000000	6.171399
9.230000	0.000000	6.130075
9.240000	0.000000	6.088765
9.250000	0.000000	6.047442
9.260000	0.000000	6.006107
9.270000	0.000000	5.964784
9.280000	0.000000	5.923462
9.290000	0.000000	5.882142
9.300000	0.000000	5.840828
9.310000	0.000000	5.799571
9.320000	0.000000	5.758320
9.330000	0.000000	5.715234
9.340000	0.000000	5.672732
9.350000	0.000000	5.631410
9.360000	0.000000	5.590090
9.370000	0.000000	5.548770
9.380000	0.000000	5.507450
9.390000	0.000000	5.466130
9.400000	0.000000	5.424816
9.410000	0.000000	5.383527
9.420000	0.000000	5.342258
9.430000	0.000000	5.300993
9.440000	0.000000	5.259944
9.450000	0.000000	5.218965
9.460000	0.000000	5.177268
9.470000	0.000000	5.135989
9.480000	0.000000	5.094779
9.490000	0.000000	5.053412
9.500000	0.000000	5.010011
9.510000	0.000000	4.970699
9.520000	0.000000	4.951394
9.530000	0.000000	4.915571
9.540000	0.000000	4.887233
9.550000	0.000000	4.858636
9.560000	0.000000	4.830624
9.570000	0.000000	4.804198
9.580000	0.000000	4.776065
9.590000	0.000000	4.747118
9.600000	0.000000	4.719392
9.610000	0.000000	4.691652
9.620000	0.000000	4.663952
9.630000	0.000000	4.636256
9.640000	0.000000	4.608572
9.650000	0.000000	4.581166
9.660000	0.000000	4.557403
9.670000	0.000000	4.523778
9.680000	0.000000	4.496207
9.690000	0.000000	4.468626
9.700000	0.000000	4.441070
9.710000	0.000000	4.413500
9.720000	0.000000	4.385911
9.730000	0.000000	4.361348
9.740000	0.000000	4.332914
9.750000	0.000000	4.303700
9.760000	0.000000	4.276207
9.770000	0.000000	4.248039
9.780000	0.000000	4.220801
9.790000	0.000000	4.193724
9.800000	0.000000	4.165316
9.810000	0.000000	4.137745
9.820000	0.000000	4.110170
9.830000	0.000000	4.082205
9.840000	0.000000	4.053160
9.850000	0.000000	4.025587
9.860000	0.000000	3.998014
9.870000	0.000000	3.970442
9.880000	0.000000	3.943089
9.890000	0.000000	3.916302
9.900000	0.000000	3.888255
9.910000	0.000000	3.860151
9.920000	0.000000	3.832579
9.930000	0.000000	3.805009
9.940000	0.000000	3.777438
9.950000	0.000000	3.749867
9.960000	0.000000	3.722297
9.970000	0.000000	3.694727
9.980000	0.000000	3.667161
9.990000	0.000000	3.639631
10.000000	0.000000	3.612103
10.010000	0.000000	3.582685
10.020000	0.000000	3.555123
10.030000	0.000000	3.527588
10.040000	0.000000	3.500054
10.050000	0.000000	3.472520
10.060000	0.000000	3.444986
10.070000	0.000000	3.417744
10.080000	0.000000	3.390153
10.090000	0.000000	3.362489
10.100000	0.000000	3.337724
10.110000	0.000000	3.317387
10.120000	0.000000	3.298940
10.130000	0.000000	3.280568
10.140000	0.000000	3.261797
10.150000	0.000000	3.243311
10.160000	0.000000	3.224993
10.170000	0.000000	3.205506
10.180000	0.000000	3.186687
10.190000	0.000000	3.168062
10.200000	0.000000	3.149552
10.210000	0.000000	3.131096
10.220000	0.000000	3.112672
10.230000	0.000000	3.094257
10.240000	0.000000	3.075842
10.250000	0.000000	3.057427
10.260000	0.000000	3.039012
10.270000	0.000000	3.020597
10.280000	0.000000	3.002185
10.290000	0.000000	2.983779
10.300000	0.000000	2.965368
10.310000	0.000000	2.946953
10.320000	0.000000	2.928538
10.330000	0.000000	2.910123
10.340000	0.000000	2.890661
10.350000	0.000000	2.872048
10.360000	0.000000	2.853633
10.370000	0.000000	2.835218
10.380000	0.000000	2.816804
10.390000	0.000000	2.798389
10.400000	0.000000	2.779974
10.410000	0.000000	2.761559
10.420000	0.000000	2.743144
10.430000	0.000000	2.724729
10.440000	0.000000	2.706315
10.450000	0.000000	2.687900
10.460000	0.000000	2.669485
10.470000	0.000000	2.651071
10.480000	0.000000	2.632657
10.490000	0.000000	2.614243
10.500000	0.000000	2.595764
10.510000	0.000000	2.576171
10.520000	0.000000	2.557758
10.530000	0.000000	2.539344
10.540000	0.000000	2.520931
10.550000	0.000000	2.502520
10.560000	0.000000	2.484112
10.570000	0.000000	2.465705
10.580000	0.000000	2.447297
10.590000	0.000000	2.428896
10.600000	0.000000	2.410504
10.610000	0.000000	2.392115
10.620000	0.000000	2.373725
10.630000	0.000000	2.355337
10.640000	0.000000	2.336950
10.650000	0.000000	2.318563
10.660000	0.000000	2.300176
10.670000	0.000000	2.281461
10.680000	0.000000	2.262158
10.690000	0.000000	2.244638
10.700000	0.000000	2.231252
10.710000	0.000000	2.218787
10.720000	0.000000	2.206420
10.730000	0.000000	2.194054
10.740000	0.000000	2.181687
10.750000	0.000000	2.169321
10.760000	0.000000	2.156968
10.770000	0.000000	2.144638
10.780000	0.000000	2.132324
10.790000	0.000000	2.120013
10.800000	0.000000	2.107702
10.810000	0.000000	2.095391
10.820000	0.000000	2.083081
10.830000	0.000000	2.070770
10.840000	0.000000	2.058065
10.850000	0.000000	2.045316
10.860000	0.000000	2.033006
10.870000	0.000000	2.020695
10.880000	0.000000	2.008384
10.890000	0.000000	1.996074
10.900000	0.000000	1.983764
10.910000	0.000000	1.971454
10.920000	0.000000	1.959144
10.930000	0.000000	1.946834
10.940000	0.000000	1.934524
10.950000	0.000000	1.922214
10.960000	0.000000	1.909904
10.970000	0.000000	1.897594
10.980000	0.000000	1.885284
10.990000	0.000000	1.872974
11.000000	0.000000	1.860664
11.010000	0.000000	1.847784
11.020000	0.000000	1.835211
11.030000	0.000000	1.822901
11.040000	0.000000	1.810591
11.050000	0.000000	1.798281
11.060000	0.000000	1.785972
11.070000	0.000000	1.773663
11.080000	0.000000	1.761354
11.090000	0.000000	1.749045
11.100000	0.000000	1.736736
11.110000	0.000000	1.724426
11.120000	0.000000	1.712118
11.130000	0.000000	1.699810
11.140000	0.000000	1.687505
11.150000	0.000000	1.675200
11.160000	0.000000	1.662894
11.170000	0.000000	1.650589
11.180000	0.000000	1.637540
11.190000	0.000000	1.625154
11.200000	0.000000	1.612861
11.210000	0.000000	1.600570
11.220000	0.000000	1.588278
11.230000	0.000000	1.575987
11.240000	0.000000	1.563696
11.250000	0.000000	1.551406
11.260000	0.000000	1.539123
11.270000	0.000000	1.526846
11.280000	0.000000	1.514753
11.290000	0.000000	1.503933
11.300000	0.000000	1.495269
11.310000	0.000000	1.487009
11.320000	0.000000	1.478757
11.330000	0.000000	1.470523
11.340000	0.000000	1.462231
11.350000	0.000000	1.453503
11.360000	0.000000	1.445279
11.370000	0.000000	1.437054
11.380000	0.000000	1.428830
11.390000	0.000000	1.420606
11.400000	0.000000	1.412382
11.410000	0.000000	1.404157
11.420000	0.000000	1.395933
11.430000	0.000000	1.387709
11.440000	0.000000	1.379485
11.450000	0.000000	1.371260
11.460000	0.000000	1.363036
11.470000	0.000000	1.354812
11.480000	0.000000	1.346588
11.490000	0.000000	1.338364
11.500000	0.000000	1.330141
11.510000	0.000000	1.321741
11.520000	0.000000	1.313137
11.530000	0.000000	1.304913
11.540000	0.000000	1.296689
11.550000	0.000000	1.288466
11.560000	0.000000	1.280242
11.570000	0.000000	1.272018
11.580000	0.000000	1.263794
11.590000	0.000000	1.255571
11.600000	0.000000	1.247347
11.610000	0.000000	1.239123
11.620000	0.000000	1.230899
11.630000	0.000000	1.222676
11.640000	0.000000	1.214452
11.650000	0.000000	1.206229
11.660000	0.000000	1.198006
11.670000	0.000000	1.189783
11.680000	0.000000	1.181267
11.690000	0.000000	1.172780
11.700000	0.000000	1.164557
11.710000	0.000000	1.156335
11.720000	0.000000	1.148114
11.730000	0.000000	1.139893
11.740000	0.000000	1.131672
11.750000	0.000000	1.123452
11.760000	0.000000	1.115231
11.770000	0.000000	1.107011
11.780000	0.000000	1.098791
11.790000	0.000000	1.090575
11.800000	0.000000	1.082363
11.810000	0.000000	1.074152
11.820000	0.000000	1.065942
11.830000	0.000000	1.057738
11.840000	0.000000	1.049537
11.850000	0.000000	1.040927
11.860000	0.000000	1.032580
11.870000	0.000000	1.024378
11.880000	0.000000	1.016201
11.890000	0.000000	1.009369
11.900000	0.000000	1.003606
11.910000	0.000000	0.998102
11.920000	0.000000	0.992598
11.930000	0.000000	0.987095
11.940000	0.000000	0.981596
11.950000	0.000000	0.976097
11.960000	0.000000	0.970599
11.970000	0.000000	0.965101
11.980000	0.000000	0.959602
11.990000	0.000000	0.954104
12.000000	0.000000	0.948606
12.010000	0.000000	0.943107
12.020000	0.000000	0.937257
12.030000	0.000000	0.931739
12.040000	0.000000	0.926241
12.050000	0.000000	0.920742
12.060000	0.000000	0.915244
12.070000	0.000000	0.909746
12.080000	0.000000	0.904248
12.090000	0.000000	0.898750
12.100000	0.000000	0.893252
12.110000	0.000000	0.887754
12.120000	0.000000	0.882256
12.130000	0.000000	0.876758
12.140000	0.000000	0.871260
12.150000	0.000000	0.865762
12.160000	0.000000	0.860264
12.170000	0.000000	0.854766
12.180000	0.000000	0.849209
12.190000	0.000000	0.843398
12.200000	0.000000	0.837900
12.210000	0.000000	0.832402
12.220000	0.000000	0.826905
12.230000	0.000000	0.821407
12.240000	0.000000	0.815909
12.250000	0.000000	0.810412
12.260000	0.000000	0.804914
12.270000	0.000000	0.799416
12.280000	0.000000	0.793919
12.290000	0.000000	0.788421
12.300000	0.000000	0.782924
12.310000	0.000000	0.777428
12.320000	0.000000	0.771932
12.330000	0.000000	0.766436
12.340000	0.000000	0.760941
12.350000	0.000000	0.755308
12.360000	0.000000	0.749578
12.370000	0.000000	0.744082
12.380000	0.000000	0.738587
12.390000	0.000000	0.733094
12.400000	0.000000	0.727608
12.410000	0.000000	0.722124
12.420000	0.000000	0.716641
12.430000	0.000000	0.711158
12.440000	0.000000	0.705675
12.450000	0.000000	0.700198
12.460000	0.000000	0.694726
12.470000	0.000000	0.689256
12.480000	0.000000	0.683843
12.490000	0.000000	0.678842
12.500000	0.000000	0.674981
12.510000	0.000000	0.671300
12.520000	0.000000	0.667477
12.530000	0.000000	0.663695
12.540000	0.000000	0.660018
12.550000	0.000000	0.656341
12.560000	0.000000	0.652664
12.570000	0.000000	0.648987
12.580000	0.000000	0.645311
12.590000	0.000000	0.641634
12.600000	0.000000	0.637957
12.610000	0.000000	0.634280
12.620000	0.000000	0.630603
12.630000	0.000000	0.626926
12.640000	0.000000	0.623249
12.650000	0.000000	0.619572
12.660000	0.000000	0.615896
12.670000	0.000000	0.612219
12.680000	0.000000	0.608542
12.690000	0.000000	0.604669
12.700000	0.000000	0.600940
12.710000	0.000000	0.597263
12.720000	0.000000	0.593587
12.730000	0.000000	0.589910
12.740000	0.000000	0.586233
12.750000	0.000000	0.582557
12.760000	0.000000	0.578880
12.770000	0.000000	0.575203
12.780000	0.000000	0.571527
12.790000	0.000000	0.567850
12.800000	0.000000	0.564173
12.810000	0.000000	0.560497
12.820000	0.000000	0.556821
12.830000	0.000000	0.553144
12.840000	0.000000	0.549468
12.850000	0.000000	0.545791
12.860000	0.000000	0.541866
12.870000	0.000000	0.538190
12.880000	0.000000	0.534513
12.890000	0.000000	0.530837
12.900000	0.000000	0.527162
12.910000	0.000000	0.523486
12.920000	0.000000	0.519811
12.930000	0.000000	0.516136
12.940000	0.000000	0.512461
12.950000	0.000000	0.508786
12.960000	0.000000	0.505111
12.970000	0.000000	0.501438
12.980000	0.000000	0.497767
12.990000	0.000000	0.494097
13.000000	0.000000	0.490427
13.010000	0.000000	0.486759
13.020000	0.000000	0.483042
13.030000	0.000000	0.479187
13.040000	0.000000	0.475529
13.050000	0.000000	0.471871
13.060000	0.000000	0.468213
13.070000	0.000000	0.464554
13.080000	0.000000	0.460896
13.090000	0.000000	0.457393
13.100000	0.000000	0.454484
13.110000	0.000000	0.451985
13.120000	0.000000	0.449527
13.130000	0.000000	0.447068
13.140000	0.000000	0.444610
13.150000	0.000000	0.442152
13.160000	0.000000	0.439693
13.170000	0.000000	0.437235
13.180000	0.000000	0.434777
13.190000	0.000000	0.432249
13.200000	0.000000	0.429695
13.210000	0.000000	0.427236
13.220000	0.000000	0.424778
13.230000	0.000000	0.422320
13.240000	0.000000	0.419862
13.250000	0.000000	0.417404
13.260000	0.000000	0.414946
13.270000	0.000000	0.412488
13.280000	0.000000	0.410030
13.290000	0.000000	0.407572
13.300000	0.000000	0.405114
13.310000	0.000000	0.402656
13.320000	0.000000	0.400198
13.330000	0.000000	0.397740
13.340000	0.000000	0.395282
13.350000	0.000000	0.392824
13.360000	0.000000	0.390261
13.370000	0.000000	0.387741
13.380000	0.000000	0.385283
13.390000	0.000000	0.382826
13.400000	0.000000	0.380368
13.410000	0.000000	0.377910
13.420000	0.000000	0.375452
13.430000	0.000000	0.372994
13.440000	0.000000	0.370536
13.450000	0.000000	0.368078
13.460000	0.000000	0.365621
13.470000	0.000000	0.363163
13.480000	0.000000	0.360705
13.490000	0.000000	0.358247
13.500000	0.000000	0.355790
13.510000	0.000000	0.353333
13.520000	0.000000	0.350876
13.530000	0.000000	0.348279
13.540000	0.000000	0.345796
13.550000	0.000000	0.343341
13.560000	0.000000	0.340887
13.570000	0.000000	0.338433
13.580000	0.000000	0.335979
13.590000	0.000000	0.333525
13.600000	0.000000	0.331074
13.610000	0.000000	0.328626
13.620000	0.000000	0.326179
13.630000	0.000000	0.323733
13.640000	0.000000	0.321288
13.650000	0.000000	0.318842
13.660000	0.000000	0.316396
13.670000	0.000000	0.313951
13.680000	0.000000	0.311505
13.690000	0.000000	0.309051
13.700000	0.000000	0.306518
13.710000	0.000000	0.304730
13.720000	0.000000	0.303076
13.730000	0.000000	0.301433
13.740000	0.000000	0.299789
13.750000	0.000000	0.298146
13.760000	0.000000	0.296502
13.770000	0.000000	0.294859
13.780000	0.000000	0.293215
13.790000	0.000000	0.291572
13.800000	0.000000	0.289928
13.810000	0.000000	0.288285
13.820000	0.000000	0.286642
13.830000	0.000000	0.284998
13.840000	0.000000	0.283355
13.850000	0.000000	0.281712
13.860000	0.000000	0.280039
13.870000	0.000000	0.278314
13.880000	0.000000	0.276670
13.890000	0.000000	0.275027
13.900000	0.000000	0.273384
13.910000	0.000000	0.271740
13.920000	0.000000	0.270097
13.930000	0.000000	0.268454
13.940000	0.000000	0.266810
13.950000	0.000000	0.265167
13.960000	0.000000	0.263524
13.970000	0.000000	0.261881
13.980000	0.000000	0.260237
13.990000	0.000000	0.258594
14.000000	0.000000	0.256951
14.010000	0.000000	0.255308
14.020000	0.000000	0.253665
14.030000	0.000000	0.251969
14.040000	0.000000	0.250267
14.050000	0.000000	0.248624
14.060000	0.000000	0.246981
14.070000	0.000000	0.245338
14.080000	0.000000	0.243694
14.090000	0.000000	0.242052
14.100000	0.000000	0.240409
14.110000	0.000000	0.238766
14.120000	0.000000	0.237124
14.130000	0.000000	0.235481
14.140000	0.000000	0.233840
14.150000	0.000000	0.232200
14.160000	0.000000	0.230559
14.170000	0.000000	0.228919
14.180000	0.000000	0.227280
14.190000	0.000000	0.225643
14.200000	0.000000	0.223930
14.210000	0.000000	0.222259
14.220000	0.000000	0.220622
14.230000	0.000000	0.218987
14.240000	0.000000	0.217351
14.250000	0.000000	0.215716
14.260000	0.000000	0.214081
14.270000	0.000000	0.212446
14.280000	0.000000	0.210811
14.290000	0.000000	0.209176
14.300000	0.000000	0.207542
14.310000	0.000000	0.205990
14.320000	0.000000	0.204676
14.330000	0.000000	0.203576
14.340000	0.000000	0.202477
14.350000	0.000000	0.201378
14.360000	0.000000	0.200279
14.370000	0.000000	0.199113
14.380000	0.000000	0.198006
14.390000	0.000000	0.196907
14.400000	0.000000	0.195808
14.410000	0.000000	0.194708
14.420000	0.000000	0.193609
14.430000	0.000000	0.192510
14.440000	0.000000	0.191411
14.450000	0.000000	0.190312
14.460000	0.000000	0.189213
14.470000	0.000000	0.188114
14.480000	0.000000	0.187015
14.490000	0.000000	0.185915
14.500000	0.000000	0.184816
14.510000	0.000000	0.183717
14.520000	0.000000	0.182618
14.530000	0.000000	0.181511
14.540000	0.000000	0.180346
14.550000	0.000000	0.179247
14.560000	0.000000	0.178148
14.570000	0.000000	0.177049
14.580000	0.000000	0.175950
14.590000	0.000000	0.174851
14.600000	0.000000	0.173752
14.610000	0.000000	0.172653
14.620000	0.000000	0.171554
14.630000	0.000000	0.170455
14.640000	0.000000	0.169356
14.650000	0.000000	0.168257
14.660000	0.000000	0.167158
14.670000	0.000000	0.166059
14.680000	0.000000	0.164960
14.690000	0.000000	0.163861
14.700000	0.000000	0.162739
14.710000	0.000000	0.161589
14.720000	0.000000	0.160491
14.730000	0.000000	0.159394
14.740000	0.000000	0.158297
14.750000	0.000000	0.157199
14.760000	0.000000	0.156103
14.770000	0.000000	0.155007
14.780000	0.000000	0.153913
14.790000	0.000000	0.152818
14.800000	0.000000	0.151723
14.810000	0.000000	0.150628
14.820000	0.000000	0.149534
14.830000	0.000000	0.148439
14.840000	0.000000	0.147345
14.850000	0.000000	0.146250
14.860000	0.000000	0.145157
14.870000	0.000000	0.144024
14.880000	0.000000	0.142896
14.890000	0.000000	0.141802
14.900000	0.000000	0.140709
14.910000	0.000000	0.139616
14.920000	0.000000	0.138531
14.930000	0.000000	0.137615
14.940000	0.000000	0.136840
14.950000	0.000000	0.136105
14.960000	0.000000	0.135370
14.970000	0.000000	0.134635
14.980000	0.000000	0.133901
14.990000	0.000000	0.133166
15.000000	0.000000	0.132431
15.010000	0.000000	0.131696
15.020000	0.000000	0.130961
15.030000	0.000000	0.130226
15.040000	0.000000	0.129455
15.050000	0.000000	0.128707
15.060000	0.000000	0.127972
15.070000	0.000000	0.127237
15.080000	0.000000	0.126502
15.090000	0.000000	0.125767
15.100000	0.000000	0.125032
15.110000	0.000000	0.124297
15.120000	0.000000	0.123563
15.130000	0.000000	0.122828
15.140000	0.000000	0.122093
15.150000	0.000000	0.121358
15.160000	0.000000	0.120623
15.170000	0.000000	0.119888
15.180000	0.000000	0.119154
15.190000	0.000000	0.118419
15.200000	0.000000	0.117684
15.210000	0.000000	0.116902
15.220000	0.000000	0.116165
15.230000	0.000000	0.115430
15.240000	0.000000	0.114695
15.250000	0.000000	0.113961
15.260000	0.000000	0.113226
15.270000	0.000000	0.112491
15.280000	0.000000	0.111756
15.290000	0.000000	0.111021
15.300000	0.000000	0.110287
15.310000	0.000000	0.109553
15.320000	0.000000	0.108819
15.330000	0.000000	0.108085
15.340000	0.000000	0.107352
15.350000	0.000000	0.106618
15.360000	0.000000	0.105886
15.370000	0.000000	0.105146
15.380000	0.000000	0.104373
15.390000	0.000000	0.103641
15.400000	0.000000	0.102909
15.410000	0.000000	0.102177
15.420000	0.000000	0.101445
15.430000	0.000000	0.100713
15.440000	0.000000	0.099981
15.450000	0.000000	0.099249
15.460000	0.000000	0.098518
15.470000	0.000000	0.097786
15.480000	0.000000	0.097055
15.490000	0.000000	0.096324
15.500000	0.000000	0.095593
15.510000	0.000000	0.094862
15.520000	0.000000	0.094131
15.530000	0.000000	0.093401
15.540000	0.000000	0.092667
15.550000	0.000000	0.092101
15.560000	0.000000	0.091608
15.570000	0.000000	0.091116
15.580000	0.000000	0.090624
15.590000	0.000000	0.090133
15.600000	0.000000	0.089641
15.610000	0.000000	0.089149
15.620000	0.000000	0.088658
15.630000	0.000000	0.088166
15.640000	0.000000	0.087674
15.650000	0.000000	0.087182
15.660000	0.000000	0.086691
15.670000	0.000000	0.086199
15.680000	0.000000	0.085707
15.690000	0.000000	0.085216
15.700000	0.000000	0.084724
15.710000	0.000000	0.084213
15.720000	0.000000	0.083707
15.730000	0.000000	0.083216
15.740000	0.000000	0.082724
15.750000	0.000000	0.082233
15.760000	0.000000	0.081741
15.770000	0.000000	0.081249
15.780000	0.000000	0.080758
15.790000	0.000000	0.080266
15.800000	0.000000	0.079774
15.810000	0.000000	0.079283
15.820000	0.000000	0.078791
15.830000	0.000000	0.078299
15.840000	0.000000	0.077808
15.850000	0.000000	0.077316
15.860000	0.000000	0.076825
15.870000	0.000000	0.076333
15.880000	0.000000	0.075815
15.890000	0.000000	0.075316
15.900000	0.000000	0.074825
15.910000	0.000000	0.074334
15.920000	0.000000	0.073843
15.930000	0.000000	0.073352
15.940000	0.000000	0.072862
15.950000	0.000000	0.072372
15.960000	0.000000	0.071882
15.970000	0.000000	0.071392
15.980000	0.000000	0.070902
15.990000	0.000000	0.070413
16.000000	0.000000	0.069923
16.010000	0.000000	0.069433
16.020000	0.000000	0.068944
16.030000	0.000000	0.068454
16.040000	0.000000	0.067964
16.050000	0.000000	0.067441
16.060000	0.000000	0.066952
16.070000	0.000000	0.066462
16.080000	0.000000	0.065972
16.090000	0.000000	0.065483
16.100000	0.000000	0.064993
16.110000	0.000000	0.064504
16.120000	0.000000	0.064016
16.130000	0.000000	0.063527
16.140000	0.000000	0.063038
16.150000	0.000000	0.062550
16.160000	0.000000	0.062099
16.170000	0.000000	0.061733
16.180000	0.000000	0.061404
16.190000	0.000000	0.061076
16.200000	0.000000	0.060747
16.210000	0.000000	0.060413
16.220000	0.000000	0.060067
16.230000	0.000000	0.059738
16.240000	0.000000	0.059409
16.250000	0.000000	0.059080
16.260000	0.000000	0.058751
16.270000	0.000000	0.058423
16.280000	0.000000	0.058094
16.290000	0.000000	0.057765
16.300000	0.000000	0.057436
16.310000	0.000000	0.057107
16.320000	0.000000	0.056778
16.330000	0.000000	0.056450
16.340000	0.000000	0.056121
16.350000	0.000000	0.055792
16.360000	0.000000	0.055463
16.370000	0.000000	0.055134
16.380000	0.000000	0.054796
16.390000	0.000000	0.054455
16.400000	0.000000	0.054126
16.410000	0.000000	0.053797
16.420000	0.000000	0.053468
16.430000	0.000000	0.053139
16.440000	0.000000	0.052811
16.450000	0.000000	0.052482
16.460000	0.000000	0.052153
16.470000	0.000000	0.051824
16.480000	0.000000	0.051496
16.490000	0.000000	0.051167
16.500000	0.000000	0.050838
16.510000	0.000000	0.050510
16.520000	0.000000	0.050181
16.530000	0.000000	0.049853
16.540000	0.000000	0.049525
16.550000	0.000000	0.049184
16.560000	0.000000	0.048848
16.570000	0.000000	0.048520
16.580000	0.000000	0.048193
16.590000	0.000000	0.047865
16.600000	0.000000	0.047538
16.610000	0.000000	0.047210
16.620000	0.000000	0.046883
16.630000	0.000000	0.046555
16.640000	0.000000	0.046228
16.650000	0.000000	0.045900
16.660000	0.000000	0.045573
16.670000	0.000000	0.045245
16.680000	0.000000	0.044918
16.690000	0.000000	0.044590
16.700000	0.000000	0.044263
16.710000	0.000000	0.043936
16.720000	0.000000	0.043590
16.730000	0.000000	0.043259
16.740000	0.000000	0.042932
16.750000	0.000000	0.042605
16.760000	0.000000	0.042278
16.770000	0.000000	0.041951
16.780000	0.000000	0.041657
16.790000	0.000000	0.041414
16.800000	0.000000	0.041194
16.810000	0.000000	0.040974
16.820000	0.000000	0.040754
16.830000	0.000000	0.040534
16.840000	0.000000	0.040314
16.850000	0.000000	0.040094
16.860000	0.000000	0.039874
16.870000	0.000000	0.039654
16.880000	0.000000	0.039433
16.890000	0.000000	0.039199
16.900000	0.000000	0.038979
16.910000	0.000000	0.038759
16.920000	0.000000	0.038539
16.930000	0.000000	0.038319
16.940000	0.000000	0.038099
16.950000	0.000000	0.037879
16.960000	0.000000	0.037659
16.970000	0.000000	0.037439
16.980000	0.000000	0.037219
16.990000	0.000000	0.036999
17.000000	0.000000	0.036779
17.010000	0.000000	0.036559
17.020000	0.000000	0.036339
17.030000	0.000000	0.036119
17.040000	0.000000	0.035899
17.050000	0.000000	0.035675
17.060000	0.000000	0.035444
17.070000	0.000000	0.035224
17.080000	0.000000	0.035004
17.090000	0.000000	0.034784
17.100000	0.000000	0.034564
17.110000	0.000000	0.034344
17.120000	0.000000	0.034124
17.130000	0.000000	0.033905
17.140000	0.000000	0.033686
17.150000	0.000000	0.033466
17.160000	0.000000	0.033247
17.170000	0.000000	0.033028
17.180000	0.000000	0.032809
17.190000	0.000000	0.032590
17.200000	0.000000	0.032371
17.210000	0.000000	0.032152
17.220000	0.000000	0.031925
17.230000	0.000000	0.031698
17.240000	0.000000	0.031479
17.250000	0.000000	0.031260
17.260000	0.000000	0.031041
17.270000	0.000000	0.030822
17.280000	0.000000	0.030603
17.290000	0.000000	0.030384
17.300000	0.000000	0.030164
17.310000	0.000000	0.029945
17.320000	0.000000	0.029726
17.330000	0.000000	0.029507
17.340000	0.000000	0.029288
17.350000	0.000000	0.029069
17.360000	0.000000	0.028850
17.370000	0.000000	0.028632
17.380000	0.000000	0.028413
17.390000	0.000000	0.028184
17.400000	0.000000	0.027966
17.410000	0.000000	0.027803
17.420000	0.000000	0.027655
17.430000	0.000000	0.027507
17.440000	0.000000	0.027360
17.450000	0.000000	0.027213
17.460000	0.000000	0.027066
17.470000	0.000000	0.026919
17.480000	0.000000	0.026771
17.490000	0.000000	0.026624
17.500000	0.000000	0.026477
17.510000	0.000000	0.026330
17.520000	0.000000	0.026182
17.530000	0.000000	0.026035
17.540000	0.000000	0.025888
17.550000	0.000000	0.025741
17.560000	0.000000	0.025585
17.570000	0.000000	0.025436
17.580000	0.000000	0.025289
17.590000	0.000000	0.025142
17.600000	0.000000	0.024995
17.610000	0.000000	0.024847
17.620000	0.000000	0.024700
17.630000	0.000000	0.024553
17.640000	0.000000	0.024406
17.650000	0.000000	0.024259
17.660000	0.000000	0.024111
17.670000	0.000000	0.023964
17.680000	0.000000	0.023817
17.690000	0.000000	0.023670
17.700000	0.000000	0.023523
17.710000	0.000000	0.023375
17.720000	0.000000	0.023227
17.730000	0.000000	0.023071
17.740000	0.000000	0.022925
17.750000	0.000000	0.022778
17.760000	0.000000	0.022631
17.770000	0.000000	0.022485
17.780000	0.000000	0.022338
17.790000	0.000000	0.022192
17.800000	0.000000	0.022045
17.810000	0.000000	0.021898
17.820000	0.000000	0.021752
17.830000	0.000000	0.021605
17.840000	0.000000	0.021458
17.850000	0.000000	0.021312
17.860000	0.000000	0.021165
17.870000	0.000000	0.021018
17.880000	0.000000	0.020872
17.890000	0.000000	0.020722
17.900000	0.000000	0.020569
17.910000	0.000000	0.020422
17.920000	0.000000	0.020275
17.930000	0.000000	0.020129
17.940000	0.000000	0.019982
17.950000	0.000000	0.019836
17.960000	0.000000	0.019689
17.970000	0.000000	0.019543
17.980000	0.000000	0.019396
17.990000	0.000000	0.019250
18.000000	0.000000	0.019103
18.010000	0.000000	0.018957
18.020000	0.000000	0.018814
18.030000	0.000000	0.018689
18.040000	0.000000	0.018590
18.050000	0.000000	0.018492
18.060000	0.000000	0.018390
18.070000	0.000000	0.018288
18.080000	0.000000	0.018189
18.090000	0.000000	0.018091
18.100000	0.000000	0.017992
18.110000	0.000000	0.017894
18.120000	0.000000	0.017795
18.130000	0.000000	0.017697
18.140000	0.000000	0.017598
18.150000	0.000000	0.017500
18.160000	0.000000	0.017401
18.170000	0.000000	0.017303
18.180000	0.000000	0.017204
18.190000	0.000000	0.017106
18.200000	0.000000	0.017007
18.210000	0.000000	0.016909
18.220000	0.000000	0.016811
18.230000	0.000000	0.016707
18.240000	0.000000	0.016607
18.250000	0.000000	0.016508
18.260000	0.000000	0.016410
18.270000	0.000000	0.016311
18.280000	0.000000	0.016213
18.290000	0.000000	0.016115
18.300000	0.000000	0.016016
18.310000	0.000000	0.015918
18.320000	0.000000	0.015819
18.330000	0.000000	0.015721
18.340000	0.000000	0.015623
18.350000	0.000000	0.015524
18.360000	0.000000	0.015426
18.370000	0.000000	0.015328
18.380000	0.000000	0.015230
18.390000	0.000000	0.015132
18.400000	0.000000	0.015028
18.410000	0.000000	0.014929
18.420000	0.000000	0.014831
18.430000	0.000000	0.014733
18.440000	0.000000	0.014635
18.450000	0.000000	0.014537
18.460000	0.000000	0.014439
18.470000	0.000000	0.014341
18.480000	0.000000	0.014243
18.490000	0.000000	0.014144
18.500000	0.000000	0.014046
18.510000	0.000000	0.013948
18.520000	0.000000	0.013850
18.530000	0.000000	0.013752
18.540000	0.000000	0.013654
18.550000	0.000000	0.013556
18.560000	0.000000	0.013457
18.570000	0.000000	0.013353
18.580000	0.000000	0.013255
18.590000	0.000000	0.013157
18.600000	0.000000	0.013059
18.610000	0.000000	0.012961
18.620000	0.000000	0.012863
18.630000	0.000000	0.012765
18.640000	0.000000	0.012667
18.650000	0.000000	0.012577
18.660000	0.000000	0.012502
18.670000	0.000000	0.012436
18.680000	0.000000	0.012370
18.690000	0.000000	0.012304
18.700000	0.000000	0.012238
18.710000	0.000000	0.012172
18.720000	0.000000	0.012106
18.730000	0.000000	0.012039
18.740000	0.000000	0.011970
18.750000	0.000000	0.011904
18.760000	0.000000	0.011838
18.770000	0.000000	0.011772
18.780000	0.000000	0.011706
18.790000	0.000000	0.011640
18.800000	0.000000	0.011574
18.810000	0.000000	0.011509
18.820000	0.000000	0.011443
18.830000	0.000000	0.011377
18.840000	0.000000	0.011311
18.850000	0.000000	0.011245
18.860000	0.000000	0.011179
18.870000	0.000000	0.011113
18.880000	0.000000	0.011047
18.890000	0.000000	0.010981
18.900000	0.000000	0.010913
18.910000	0.000000	0.010845
18.920000	0.000000	0.010779
18.930000	0.000000	0.010713
18.940000	0.000000	0.010647
18.950000	0.000000	0.010582
18.960000	0.000000	0.010516
18.970000	0.000000	0.010450
18.980000	0.000000	0.010385
18.990000	0.000000	0.010319
19.000000	0.000000	0.010253
19.010000	0.000000	0.010188
19.020000	0.000000	0.010122
19.030000	0.000000	0.010056
19.040000	0.000000	0.009991
19.050000	0.000000	0.009925
19.060000	0.000000	0.009859
19.070000	0.000000	0.009790
19.080000	0.000000	0.009724
19.090000	0.000000	0.009658
19.100000	0.000000	0.009592
19.110000	0.000000	0.009527
19.120000	0.000000	0.009461
19.130000	0.000000	0.009395
19.140000	0.000000	0.009330
19.150000	0.000000	0.009264
19.160000	0.000000	0.009198
19.170000	0.000000	0.009133
19.180000	0.000000	0.009067
19.190000	0.000000	0.009002
19.200000	0.000000	0.008936
19.210000	0.000000	0.008870
19.220000	0.000000	0.008805
19.230000	0.000000	0.008739
19.240000	0.000000	0.008669
19.250000	0.000000	0.008604
19.260000	0.000000	0.008538
19.270000	0.000000	0.008472
19.280000	0.000000	0.008417
19.290000	0.000000	0.008370
19.300000	0.000000	0.008326
19.310000	0.000000	0.008282
19.320000	0.000000	0.008238
19.330000	0.000000	0.008194
19.340000	0.000000	0.008150
19.350000	0.000000	0.008105
19.360000	0.000000	0.008061
19.370000	0.000000	0.008017
19.380000	0.000000	0.007973
19.390000	0.000000	0.007929
19.400000	0.000000	0.007884
19.410000	0.000000	0.007838
19.420000	0.000000	0.007794
19.430000	0.000000	0.007750
19.440000	0.000000	0.007706
19.450000	0.000000	0.007661
19.460000	0.000000	0.007617
19.470000	0.000000	0.007573
19.480000	0.000000	0.007529
19.490000	0.000000	0.007485
19.500000	0.000000	0.007441
19.510000	0.000000	0.007397
19.520000	0.000000	0.007353
19.530000	0.000000	0.007309
19.540000	0.000000	0.007265
19.550000	0.000000	0.007221
19.560000	0.000000	0.007177
19.570000	0.000000	0.007131
19.580000	0.000000	0.007086
19.590000	0.000000	0.007042
19.600000	0.000000	0.006998
19.610000	0.000000	0.006954
19.620000	0.000000	0.006910
19.630000	0.000000	0.006866
19.640000	0.000000	0.006822
19.650000	0.000000	0.006778
19.660000	0.000000	0.006734
19.670000	0.000000	0.006690
19.680000	0.000000	0.006646
19.690000	0.000000	0.006603
19.700000	0.000000	0.006559
19.710000	0.000000	0.006515
19.720000	0.000000	0.006471
19.730000	0.000000	0.006427
19.740000	0.000000	0.006381
19.750000	0.000000	0.006336
19.760000	0.000000	0.006292
19.770000	0.000000	0.006248
19.780000	0.000000	0.006204
19.790000	0.000000	0.006160
19.800000	0.000000	0.006116
19.810000	0.000000	0.006073
19.820000	0.000000	0.006029
19.830000	0.000000	0.005985
19.840000	0.000000	0.005941
19.850000	0.000000	0.005897
19.860000	0.000000	0.005853
19.870000	0.000000	0.005809
19.880000	0.000000	0.005765
19.890000	0.000000	0.005721
19.900000	0.000000	0.005678
19.910000	0.000000	0.005639
19.920000	0.000000	0.005609
19.930000	0.000000	0.005580
19.940000	0.000000	0.005550
19.950000	0.000000	0.005520
19.960000	0.000000	0.005491
19.970000	0.000000	0.005461
19.980000	0.000000	0.005432
19.990000	0.000000	0.005402
20.000000	0.000000	0.005373
20.010000	0.000000	0.005343
20.020000	0.000000	0.005314
20.030000	0.000000	0.005284
20.040000	0.000000	0.005255
20.050000	0.000000	0.005225
20.060000	0.000000	0.005196
20.070000	0.000000	0.005166
20.080000	0.000000	0.005135
20.090000	0.000000	0.005105
20.100000	0.000000	0.005076
20.110000	0.000000	0.005046
20.120000	0.000000	0.005017
20.130000	0.000000	0.004987
20.140000	0.000000	0.004958
20.150000	0.000000	0.004928
20.160000	0.000000	0.004899
20.170000	0.000000	0.004869
20.180000	0.000000	0.004840
20.190000	0.000000	0.004810
20.200000	0.000000	0.004781
20.210000	0.000000	0.004752
20.220000	0.000000	0.004722
20.230000	0.000000	0.004693
20.240000	0.000000	0.004663
20.250000	0.000000	0.004632
20.260000	0.000000	0.004603
20.270000	0.000000	0.004573
20.280000	0.000000	0.004544
20.290000	0.000000	0.004514
20.300000	0.000000	0.004485
20.310000	0.000000	0.004456
20.320000	0.000000	0.004426
20.330000	0.000000	0.004397
20.340000	0.000000	0.004367
20.350000	0.000000	0.004338
20.360000	0.000000	0.004308
20.370000	0.000000	0.004279
20.380000	0.000000	0.004250
20.390000	0.000000	0.004220
20.400000	0.000000	0.004191
20.410000	0.000000	0.004161
20.420000	0.000000	0.004130
20.430000	0.000000	0.004101
20.440000	0.000000	0.004071
20.450000	0.000000	0.004042
20.460000	0.000000	0.004013
20.470000	0.000000	0.003983
20.480000	0.000000	0.003954
20.490000	0.000000	0.003924
20.500000	0.000000	0.003895
20.510000	0.000000	0.003866
20.520000	0.000000	0.003836
20.530000	0.000000	0.003808
20.540000	0.000000	0.003782
20.550000	0.000000	0.003762
20.560000	0.000000	0.003742
20.570000	0.000000	0.003722
20.580000	0.000000	0.003702
20.590000	0.000000	0.003682
20.600000	0.000000	0.003662
20.610000	0.000000	0.003642
20.620000	0.000000	0.003622
20.630000	0.000000	0.003603
20.640000	0.000000	0.003583
20.650000	0.000000	0.003563
20.660000	0.000000	0.003543
20.670000	0.000000	0.003523
20.680000	0.000000	0.003504
20.690000	0.000000	0.003484
20.700000	0.000000	0.003464
20.710000	0.000000	0.003444
20.720000	0.000000	0.003425
20.730000	0.000000	0.003405
20.740000	0.000000	0.003385
20.750000	0.000000	0.003364
20.760000	0.000000	0.003344
20.770000	0.000000	0.003325
20.780000	0.000000	0.003305
20.790000	0.000000	0.003285
20.800000	0.000000	0.003266
20.810000	0.000000	0.003246
20.820000	0.000000	0.003226
20.830000	0.000000	0.003207
20.840000	0.000000	0.003187
20.850000	0.000000	0.003167
20.860000	0.000000	0.003148
20.870000	0.000000	0.003128
20.880000	0.000000	0.003108
20.890000	0.000000	0.003088
20.900000	0.000000	0.003069
20.910000	0.000000	0.003049
20.920000	0.000000	0.003028
20.930000	0.000000	0.003008
20.940000	0.000000	0.002989
20.950000	0.000000	0.002969
20.960000	0.000000	0.002949
20.970000	0.000000	0.002930
20.980000	0.000000	0.002910
20.990000	0.000000	0.002890
21.000000	0.000000	0.002871
21.010000	0.000000	0.002851
21.020000	0.000000	0.002831
21.030000	0.000000	0.002812
21.040000	0.000000	0.002792
21.050000	0.000000	0.002772
21.060000	0.000000	0.002753
21.070000	0.000000	0.002733
21.080000	0.000000	0.002713
21.090000	0.000000	0.002692
21.100000	0.000000	0.002673
21.110000	0.000000	0.002653
21.120000	0.000000	0.002633
21.130000	0.000000	0.002614
21.140000	0.000000	0.002594
21.150000	0.000000	0.002574
21.160000	0.000000	0.002555
21.170000	0.000000	0.002538
21.180000	0.000000	0.002524
21.190000	0.000000	0.002511
21.200000	0.000000	0.002498
21.210000	0.000000	0.002485
21.220000	0.000000	0.002471
21.230000	0.000000	0.002458
21.240000	0.000000	0.002445
21.250000	0.000000	0.002431
21.260000	0.000000	0.002418
21.270000	0.000000	0.002404
21.280000	0.000000	0.002391
21.290000	0.000000	0.002378
21.300000	0.000000	0.002365
21.310000	0.000000	0.002351
21.320000	0.000000	0.002338
21.330000	0.000000	0.002325
21.340000	0.000000	0.002312
21.350000	0.000000	0.002299
21.360000	0.000000	0.002285
21.370000	0.000000	0.002272
21.380000	0.000000	0.002259
21.390000	0.000000	0.002246
21.400000	0.000000	0.002233
21.410000	0.000000	0.002219
21.420000	0.000000	0.002206
21.430000	0.000000	0.002192
21.440000	0.000000	0.002179
21.450000	0.000000	0.002166
21.460000	0.000000	0.002153
21.470000	0.000000	0.002139
21.480000	0.000000	0.002126
21.490000	0.000000	0.002113
21.500000	0.000000	0.002100
21.510000	0.000000	0.002087
21.520000	0.000000	0.002074
21.530000	0.000000	0.002060
21.540000	0.000000	0.002047
21.550000	0.000000	0.002034
21.560000	0.000000	0.002021
21.570000	0.000000	0.002008
21.580000	0.000000	0.001995
21.590000	0.000000	0.001981
21.600000	0.000000	0.001967
21.610000	0.000000	0.001954
21.620000	0.000000	0.001941
21.630000	0.000000	0.001928
21.640000	0.000000	0.001915
21.650000	0.000000	0.001902
21.660000	0.000000	0.001888
21.670000	0.000000	0.001875
21.680000	0.000000	0.001862
21.690000	0.000000	0.001849
21.700000	0.000000	0.001836
21.710000	0.000000	0.001823
21.720000	0.000000	0.001809
21.730000	0.000000	0.001796
21.740000	0.000000	0.001783
21.750000	0.000000	0.001770
21.760000	0.000000	0.001756
21.770000	0.000000	0.001743
21.780000	0.000000	0.001730
21.790000	0.000000	0.001716
21.800000	0.000000	0.001705
21.810000	0.000000	0.001695
21.820000	0.000000	0.001686
21.830000	0.000000	0.001677
21.840000	0.000000	0.001668
21.850000	0.000000	0.001660
21.860000	0.000000	0.001651
21.870000	0.000000	0.001642
21.880000	0.000000	0.001633
21.890000	0.000000	0.001624
21.900000	0.000000	0.001615
21.910000	0.000000	0.001607
21.920000	0.000000	0.001597
21.930000	0.000000	0.001588
21.940000	0.000000	0.001579
21.950000	0.000000	0.001571
21.960000	0.000000	0.001562
21.970000	0.000000	0.001553
21.980000	0.000000	0.001544
21.990000	0.000000	0.001535
22.000000	0.000000	0.001526
22.010000	0.000000	0.001517
22.020000	0.000000	0.001509
22.030000	0.000000	0.001500
22.040000	0.000000	0.001491
22.050000	0.000000	0.001482
22.060000	0.000000	0.001473
22.070000	0.000000	0.001464
22.080000	0.000000	0.001456
22.090000	0.000000	0.001447
22.100000	0.000000	0.001437
22.110000	0.000000	0.001429
22.120000	0.000000	0.001420
22.130000	0.000000	0.001411
22.140000	0.000000	0.001402
22.150000	0.000000	0.001393
22.160000	0.000000	0.001385
22.170000	0.000000	0.001376
22.180000	0.000000	0.001367
22.190000	0.000000	0.001358
22.200000	0.000000	0.001349
22.210000	0.000000	0.001340
22.220000	0.000000	0.001332
22.230000	0.000000	0.001323
22.240000	0.000000	0.001314
22.250000	0.000000	0.001305
22.260000	0.000000	0.001296
22.270000	0.000000	0.001287
22.280000	0.000000	0.001278
22.290000	0.000000	0.001269
22.300000	0.000000	0.001260
22.310000	0.000000	0.001252
22.320000	0.000000	0.001243
22.330000	0.000000	0.001234
22.340000	0.000000	0.001225
22.350000	0.000000	0.001216
22.360000	0.000000	0.001208
22.370000	0.000000	0.001199
22.380000	0.000000	0.001190
22.390000	0.000000	0.001181
22.400000	0.000000	0.001172
22.410000	0.000000	0.001164
22.420000	0.000000	0.001155
22.430000	0.000000	0.001145
22.440000	0.000000	0.001139
22.450000	0.000000	0.001133
22.460000	0.000000	0.001127
22.470000	0.000000	0.001121
22.480000	0.000000	0.001115
22.490000	0.000000	0.001109
22.500000	0.000000	0.001103
22.510000	0.000000	0.001097
22.520000	0.000000	0.001091
22.530000	0.000000	0.001085
22.540000	0.000000	0.001080
22.550000	0.000000	0.001074
22.560000	0.000000	0.001068
22.570000	0.000000	0.001062
22.580000	0.000000	0.001056
22.590000	0.000000	0.001050
22.600000	0.000000	0.001044
22.610000	0.000000	0.001038
22.620000	0.000000	0.001032
22.630000	0.000000	0.001026
22.640000	0.000000	0.001020
22.650000	0.000000	0.001014
22.660000	0.000000	0.001008
22.670000	0.000000	0.001002
22.680000	0.000000	0.000996
22.690000	0.000000	0.000990
22.700000	0.000000	0.000984
22.710000	0.000000	0.000979
22.720000	0.000000	0.000973
22.730000	0.000000	0.000967
22.740000	0.000000	0.000961
22.750000	0.000000	0.000955
22.760000	0.000000	0.000949
22.770000	0.000000	0.000943
22.780000	0.000000	0.000937
22.790000	0.000000	0.000931
22.800000	0.000000	0.000925
22.810000	0.000000	0.000919
22.820000	0.000000	0.000913
22.830000	0.000000	0.000907
22.840000	0.000000	0.000901
22.850000	0.000000	0.000896
22.860000	0.000000	0.000890
22.870000	0.000000	0.000884
22.880000	0.000000	0.000878
22.890000	0.000000	0.000872
22.900000	0.000000	0.000866
22.910000	0.000000	0.000860
22.920000	0.000000	0.000854
22.930000	0.000000	0.000848
22.940000	0.000000	0.000842
22.950000	0.000000	0.000836
22.960000	0.000000	0.000830
22.970000	0.000000	0.000824
22.980000	0.000000	0.000818
22.990000	0.000000	0.000813
23.000000	0.000000	0.000807
23.010000	0.000000	0.000801
23.020000	0.000000	0.000795
23.030000	0.000000	0.000789
23.040000	0.000000	0.000783
23.050000	0.000000	0.000777
23.060000	0.000000	0.000771
23.070000	0.000000	0.000766
23.080000	0.000000	0.000762
23.090000	0.000000	0.000758
23.100000	0.000000	0.000754
23.110000	0.000000	0.000750
23.120000	0.000000	0.000746
23.130000	0.000000	0.000742
23.140000	0.000000	0.000738
23.150000	0.000000	0.000734
23.160000	0.000000	0.000730
23.170000	0.000000	0.000726
23.180000	0.000000	0.000722
23.190000	0.000000	0.000718
23.200000	0.000000	0.000714
23.210000	0.000000	0.000710
23.220000	0.000000	0.000706
23.230000	0.000000	0.000702
23.240000	0.000000	0.000698
23.250000	0.000000	0.000694
23.260000	0.000000	0.000690
23.270000	0.000000	0.000686
23.280000	0.000000	0.000682
23.290000	0.000000	0.000678
23.300000	0.000000	0.000674
23.310000	0.000000	0.000670
23.320000	0.000000	0.000666
23.330000	0.000000	0.000662
23.340000	0.000000	0.000658
23.350000	0.000000	0.000654
23.360000	0.000000	0.000650
23.370000	0.000000	0.000647
23.380000	0.000000	0.000643
23.390000	0.000000	0.000639
23.400000	0.000000	0.000635
23.410000	0.000000	0.000631
23.420000	0.000000	0.000627
23.430000	0.000000	0.000623
23.440000	0.000000	0.000619
23.450000	0.000000	0.000615
23.460000	0.000000	0.000611
23.470000	0.000000	0.000607
23.480000	0.000000	0.000603
23.490000	0.000000	0.000599
23.500000	0.000000	0.000595
23.510000	0.000000	0.000591
23.520000	0.000000	0.000587
23.530000	0.000000	0.000583
23.540000	0.000000	0.000579
23.550000	0.000000	0.000575
23.560000	0.000000	0.000571
23.570000	0.000000	0.000567
23.580000	0.000000	0.000563
23.590000	0.000000	0.000559
23.600000	0.000000	0.000555
23.610000	0.000000	0.000551
23.620000	0.000000	0.000547
23.630000	0.000000	0.000543
23.640000	0.000000	0.000539
23.650000	0.000000	0.000535
23.660000	0.000000	0.000531
23.670000	0.000000	0.000528
23.680000	0.000000	0.000524
23.690000	0.000000	0.000520
23.700000	0.000000	0.000516
23.710000	0.000000	0.000513
23.720000	0.000000	0.000510
23.730000	0.000000	0.000507
23.740000	0.000000	0.000505
23.750000	0.000000	0.000502
23.760000	0.000000	0.000499
23.770000	0.000000	0.000496
23.780000	0.000000	0.000494
23.790000	0.000000	0.000491
23.800000	0.000000	0.000488
23.810000	0.000000	0.000486
23.820000	0.000000	0.000483
23.830000	0.000000	0.000480
23.840000	0.000000	0.000478
23.850000	0.000000	0.000475
23.860000	0.000000	0.000472
23.870000	0.000000	0.000470
23.880000	0.000000	0.000467
23.890000	0.000000	0.000465
23.900000	0.000000	0.000462
23.910000	0.000000	0.000459
23.920000	0.000000	0.000457
23.930000	0.000000	0.000454
23.940000	0.000000	0.000451
23.950000	0.000000	0.000448
23.960000	0.000000	0.000446
23.970000	0.000000	0.000443
23.980000	0.000000	0.000441
23.990000	0.000000	0.000438
24.000000	0.000000	0.000435
24.010000	0.000000	0.000433
24.020000	0.000000	0.000430
24.030000	0.000000	0.000427
24.040000	0.000000	0.000425
24.050000	0.000000	0.000422
24.060000	0.000000	0.000419
24.070000	0.000000	0.000417
24.080000	0.000000	0.000414
24.090000	0.000000	0.000411
24.100000	0.000000	0.000409
24.110000	0.000000	0.000406
24.120000	0.000000	0.000403
24.130000	0.000000	0.000401
24.140000	0.000000	0.000398
24.150000	0.000000	0.000395
24.160000	0.000000	0.000393
24.170000	0.000000	0.000390
24.180000	0.000000	0.000387
24.190000	0.000000	0.000385
24.200000	0.000000	0.000382
24.210000	0.000000	0.000379
24.220000	0.000000	0.000377
24.230000	0.000000	0.000374
24.240000	0.000000	0.000372
24.250000	0.000000	0.000369
24.260000	0.000000	0.000366
24.270000	0.000000	0.000364
24.280000	0.000000	0.000361
24.290000	0.000000	0.000358
24.300000	0.000000	0.000355
24.310000	0.000000	0.000353
24.320000	0.000000	0.000350
24.330000	0.000000	0.000348
24.340000	0.000000	0.000345
24.350000	0.000000	0.000343
24.360000	0.000000	0.000341
24.370000	0.000000	0.000339
24.380000	0.000000	0.000338
24.390000	0.000000	0.000336
24.400000	0.000000	0.000334
24.410000	0.000000	0.000332
24.420000	0.000000	0.000331
24.430000	0.000000	0.000329
24.440000	0.000000	0.000327
24.450000	0.000000	0.000325
24.460000	0.000000	0.000323
24.470000	0.000000	0.000322
24.480000	0.000000	0.000320
24.490000	0.000000	0.000318
24.500000	0.000000	0.000316
24.510000	0.000000	0.000314
24.520000	0.000000	0.000313
24.530000	0.000000	0.000311
24.540000	0.000000	0.000309
24.550000	0.000000	0.000307
24.560000	0.000000	0.000306
24.570000	0.000000	0.000304
24.580000	0.000000	0.000302
24.590000	0.000000	0.000300
24.600000	0.000000	0.000298
24.610000	0.000000	0.000297
24.620000	0.000000	0.000295
24.630000	0.000000	0.000293
24.640000	0.000000	0.000291
24.650000	0.000000	0.000289
24.660000	0.000000	0.000288
24.670000	0.000000	0.000286
24.680000	0.000000	0.000284
24.690000	0.000000	0.000282
24.700000	0.000000	0.000281
24.710000	0.000000	0.000279
24.720000	0.000000	0.000277
24.730000	0.000000	0.000275
24.740000	0.000000	0.000274
24.750000	0.000000	0.000272
24.760000	0.000000	0.000270
24.770000	0.000000	0.000268
24.780000	0.000000	0.000266
24.790000	0.000000	0.000265
24.800000	0.000000	0.000263
24.810000	0.000000	0.000261
24.820000	0.000000	0.000259
24.830000	0.000000	0.000257
24.840000	0.000000	0.000256
24.850000	0.000000	0.000254
24.860000	0.000000	0.000252
24.870000	0.000000	0.000250
24.880000	0.000000	0.000249
24.890000	0.000000	0.000247
24.900000	0.000000	0.000245
24.910000	0.000000	0.000243
24.920000	0.000000	0.000242
24.930000	0.000000	0.000240
24.940000	0.000000	0.000238
24.950000	0.000000	0.000236
24.960000	0.000000	0.000234
24.970000	0.000000	0.000233
24.980000	0.000000	0.000231
24.990000	0.000000	0.000230
25.000000	0.000000	0.000228
25.010000	0.000000	0.000227
25.020000	0.000000	0.000226
25.030000	0.000000	0.000225
25.040000	0.000000	0.000224
25.050000	0.000000	0.000223
25.060000	0.000000	0.000221
25.070000	0.000000	0.000220
25.080000	0.000000	0.000219
25.090000	0.000000	0.000218
25.100000	0.000000	0.000217
25.110000	0.000000	0.000215
25.120000	0.000000	0.000214
25.130000	0.000000	0.000213
25.140000	0.000000	0.000212
25.150000	0.000000	0.000211
25.160000	0.000000	0.000209
25.170000	0.000000	0.000208
25.180000	0.000000	0.000207
25.190000	0.000000	0.000206
25.200000	0.000000	0.000205
25.210000	0.000000	0.000203
25.220000	0.000000	0.000202
25.230000	0.000000	0.000201
25.240000	0.000000	0.000200
25.250000	0.000000	0.000199
25.260000	0.000000	0.000198
25.270000	0.000000	0.000196
25.280000	0.000000	0.000195
25.290000	0.000000	0.000194
25.300000	0.000000	0.000193
25.310000	0.000000	0.000191
25.320000	0.000000	0.000190
25.330000	0.000000	0.000189
25.340000	0.000000	0.000188
25.350000	0.000000	0.000187
25.360000	0.000000	0.000186
25.370000	0.000000	0.000184
25.380000	0.000000	0.000183
25.390000	0.000000	0.000182
25.400000	0.000000	0.000181
25.410000	0.000000	0.000180
25.420000	0.000000	0.000178
25.430000	0.000000	0.000177
25.440000	0.000000	0.000176
25.450000	0.000000	0.000175
25.460000	0.000000	0.000174
25.470000	0.000000	0.000172
25.480000	0.000000	0.000171
25.490000	0.000000	0.000170
25.500000	0.000000	0.000169
25.510000	0.000000	0.000168
25.520000	0.000000	0.000167
25.530000	0.000000	0.000165
25.540000	0.000000	0.000164
25.550000	0.000000	0.000163
25.560000	0.000000	0.000162
25.570000	0.000000	0.000161
25.580000	0.000000	0.000159
25.590000	0.000000	0.000158
25.600000	0.000000	0.000157
25.610000	0.000000	0.000156
25.620000	0.000000	0.000155
25.630000	0.000000	0.000154
25.640000	0.000000	0.000153
25.650000	0.000000	0.000152
25.660000	0.000000	0.000151
25.670000	0.000000	0.000151
25.680000	0.000000	0.000150
25.690000	0.000000	0.000149
25.700000	0.000000	0.000148
25.710000	0.000000	0.000147
25.720000	0.000000	0.000147
25.730000	0.000000	0.000146
25.740000	0.000000	0.000145
25.750000	0.000000	0.000144
25.760000	0.000000	0.000144
25.770000	0.000000	0.000143
25.780000	0.000000	0.000142
25.790000	0.000000	0.000141
25.800000	0.000000	0.000140
25.810000	0.000000	0.000139
25.820000	0.000000	0.000139
25.830000	0.000000	0.000138
25.840000	0.000000	0.000137
25.850000	0.000000	0.000136
25.860000	0.000000	0.000136
25.870000	0.000000	0.000135
25.880000	0.000000	0.000134
25.890000	0.000000	0.000133
25.900000	0.000000	0.000132
25.910000	0.000000	0.000132
25.920000	0.000000	0.000131
25.930000	0.000000	0.000130
25.940000	0.000000	0.000129
25.950000	0.000000	0.000128
25.960000	0.000000	0.000128
25.970000	0.000000	0.000127
25.980000	0.000000	0.000126
25.990000	0.000000	0.000125
26.000000	0.000000	0.000124
26.010000	0.000000	0.000124
26.020000	0.000000	0.000123
26.030000	0.000000	0.000122
26.040000	0.000000	0.000121
26.050000	0.000000	0.000120
26.060000	0.000000	0.000120
26.070000	0.000000	0.000119
26.080000	0.000000	0.000118
26.090000	0.000000	0.000117
26.100000	0.000000	0.000116
26.110000	0.000000	0.000116
26.120000	0.000000	0.000115
26.130000	0.000000	0.000114
26.140000	0.000000	0.000113
26.150000	0.000000	0.000112
26.160000	0.000000	0.000112
26.170000	0.000000	0.000111
26.180000	0.000000	0.000110
26.190000	0.000000	0.000109
26.200000	0.000000	0.000108
26.210000	0.000000	0.000108
26.220000	0.000000	0.000107
26.230000	0.000000	0.000106
26.240000	0.000000	0.000105
26.250000	0.000000	0.000104
26.260000	0.000000	0.000104
26.270000	0.000000	0.000103
26.280000	0.000000	0.000103
26.290000	0.000000	0.000102
26.300000	0.000000	0.000102
26.310000	0.000000	0.000101
26.320000	0.000000	0.000100
26.330000	0.000000	0.000100
26.340000	0.000000	0.000099
26.350000	0.000000	0.000099
26.360000	0.000000	0.000098
26.370000	0.000000	0.000098
26.380000	0.000000	0.000097
26.390000	0.000000	0.000097
26.400000	0.000000	0.000096
26.410000	0.000000	0.000096
26.420000	0.000000	0.000095
26.430000	0.000000	0.000095
26.440000	0.000000	0.000094
26.450000	0.000000	0.000094
26.460000	0.000000	0.000093
26.470000	0.000000	0.000092
26.480000	0.000000	0.000092
26.490000	0.000000	0.000091
26.500000	0.000000	0.000091
26.510000	0.000000	0.000090
26.520000	0.000000	0.000090
26.530000	0.000000	0.000089
26.540000	0.000000	0.000089
26.550000	0.000000	0.000088
26.560000	0.000000	0.000088
26.570000	0.000000	0.000087
26.580000	0.000000	0.000087
26.590000	0.000000	0.000086
26.600000	0.000000	0.000086
26.610000	0.000000	0.000085
26.620000	0.000000	0.000084
26.630000	0.000000	0.000084
26.640000	0.000000	0.000083
26.650000	0.000000	0.000083
26.660000	0.000000	0.000082
26.670000	0.000000	0.000082
26.680000	0.000000	0.000081
26.690000	0.000000	0.000081
26.700000	0.000000	0.000080
26.710000	0.000000	0.000080
26.720000	0.000000	0.000079
26.730000	0.000000	0.000079
26.740000	0.000000	0.000078
26.750000	0.000000	0.000078
26.760000	0.000000	0.000077
26.770000	0.000000	0.000076
26.780000	0.000000	0.000076
26.790000	0.000000	0.000075
26.800000	0.000000	0.000075
26.810000	0.000000	0.000074
26.820000	0.000000	0.000074
26.830000	0.000000	0.000073
26.840000	0.000000	0.000073
26.850000	0.000000	0.000072
26.860000	0.000000	0.000072
26.870000	0.000000	0.000071
26.880000	0.000000	0.000071
26.890000	0.000000	0.000070
26.900000	0.000000	0.000070
26.910000	0.000000	0.000069
26.920000	0.000000	0.000069
26.930000	0.000000	0.000068
26.940000	0.000000	0.000068
26.950000	0.000000	0.000068
26.960000	0.000000	0.000067
26.970000	0.000000	0.000067
26.980000	0.000000	0.000067
26.990000	0.000000	0.000066
27.000000	0.000000	0.000066
27.010000	0.000000	0.000066
27.020000	0.000000	0.000065
27.030000	0.000000	0.000065
27.040000	0.000000	0.000065
27.050000	0.000000	0.000064
27.060000	0.000000	0.000064
27.070000	0.000000	0.000063
27.080000	0.000000	0.000063
27.090000	0.000000	0.000063
27.100000	0.000000	0.000062
27.110000	0.000000	0.000062
27.120000	0.000000	0.000062
27.130000	0.000000	0.000061
27.140000	0.000000	0.000061
27.150000	0.000000	0.000061
27.160000	0.000000	0.000060
27.170000	0.000000	0.000060
27.180000	0.000000	0.000060
27.190000	0.000000	0.000059
27.200000	0.000000	0.000059
27.210000	0.000000	0.000058
27.220000	0.000000	0.000058
27.230000	0.000000	0.000058
27.240000	0.000000	0.000057
27.250000	0.000000	0.000057
27.260000	0.000000	0.000057
27.270000	0.000000	0.000056
27.280000	0.000000	0.000056
27.290000	0.000000	0.000056
27.300000	0.000000	0.000055
27.310000	0.000000	0.000055
27.320000	0.000000	0.000055
27.330000	0.000000	0.000054
27.340000	0.000000	0.000054
27.350000	0.000000	0.000053
27.360000	0.000000	0.000053
27.370000	0.000000	0.000053
27.380000	0.000000	0.000052
27.390000	0.000000	0.000052
27.400000	0.000000	0.000052
27.410000	0.000000	0.000051
27.420000	0.000000	0.000051
27.430000	0.000000	0.000051
27.440000	0.000000	0.000050
27.450000	0.000000	0.000050
27.460000	0.000000	0.000050
27.470000	0.000000	0.000049
27.480000	0.000000	0.000049
27.490000	0.000000	0.000048
27.500000	0.000000	0.000048
27.510000	0.000000	0.000048
27.520000	0.000000	0.000047
27.530000	0.000000	0.000047
27.540000	0.000000	0.000047
27.550000	0.000000	0.000046
27.560000	0.000000	0.000046
27.570000	0.000000	0.000046
27.580000	0.000000	0.000046
27.590000	0.000000	0.000046
27.600000	0.000000	0.000045
27.610000	0.000000	0.000045
27.620000	0.000000	0.000045
27.630000	0.000000	0.000045
27.640000	0.000000	0.000044
27.650000	0.000000	0.000044
27.660000	0.000000	0.000044
27.670000	0.000000	0.000044
27.680000	0.000000	0.000043
27.690000	0.000000	0.000043
27.700000	0.000000	0.000043
27.710000	0.000000	0.000043
27.720000	0.000000	0.000042
27.730000	0.000000	0.000042
27.740000	0.000000	0.000042
27.750000	0.000000	0.000042
27.760000	0.000000	0.000041
27.770000	0.000000	0.000041
27.780000	0.000000	0.000041
27.790000	0.000000	0.000041
27.800000	0.000000	0.000040
27.810000	0.000000	0.000040
27.820000	0.000000	0.000040
27.830000	0.000000	0.000040
27.840000	0.000000	0.000040
27.850000	0.000000	0.000039
27.860000	0.000000	0.000039
27.870000	0.000000	0.000039
27.880000	0.000000	0.000039
27.890000	0.000000	0.000038
27.900000	0.000000	0.000038
27.910000	0.000000	0.000038
27.920000	0.000000	0.000038
27.930000	0.000000	0.000037
27.940000	0.000000	0.000037
27.950000	0.000000	0.000037
27.960000	0.000000	0.000037
27.970000	0.000000	0.000036
27.980000	0.000000	0.000036
27.990000	0.000000	0.000036
28.000000	0.000000	0.000036
28.010000	0.000000	0.000035
28.020000	0.000000	0.000035
28.030000	0.000000	0.000035
28.040000	0.000000	0.000035
28.050000	0.000000	0.000035
28.060000	0.000000	0.000034
28.070000	0.000000	0.000034
28.080000	0.000000	0.000034
28.090000	0.000000	0.000034
28.100000	0.000000	0.000033
28.110000	0.000000	0.000033
28.120000	0.000000	0.000033
28.130000	0.000000	0.000033
28.140000	0.000000	0.000032
28.150000	0.000000	0.000032
28.160000	0.000000	0.000032
28.170000	0.000000	0.000032
28.180000	0.000000	0.000031
28.190000	0.000000	0.000031
28.200000	0.000000	0.000031
28.210000	0.000000	0.000031
28.220000	0.000000	0.000031
28.230000	0.000000	0.000031
28.240000	0.000000	0.000030
28.250000	0.000000	0.000030
28.260000	0.000000	0.000030
28.270000	0.000000	0.000030
28.280000	0.000000	0.000030
28.290000	0.000000	0.000030
28.300000	0.000000	0.000029
28.310000	0.000000	0.000029
28.320000	0.000000	0.000029
28.330000	0.000000	0.000029
28.340000	0.000000	0.000029
28.350000	0.000000	0.000029
28.360000	0.000000	0.000029
28.370000	0.000000	0.000028
28.380000	0.000000	0.000028
28.390000	0.000000	0.000028
28.400000	0.000000	0.000028
28.410000	0.000000	0.000028
28.420000	0.000000	0.000028
28.430000	0.000000	0.000027
28.440000	0.000000	0.000027
28.450000	0.000000	0.000027
28.460000	0.000000	0.000027
28.470000	0.000000	0.000027
28.480000	0.000000	0.000027
28.490000	0.000000	0.000026
28.500000	0.000000	0.000026
28.510000	0.000000	0.000026
28.520000	0.000000	0.000026
28.530000	0.000000	0.000026
28.540000	0.000000	0.000026
28.550000	0.000000	0.000025
28.560000	0.000000	0.000025
28.570000	0.000000	0.000025
28.580000	0.000000	0.000025
28.590000	0.000000	0.000025
28.600000	0.000000	0.000025
28.610000	0.000000	0.000025
28.620000	0.000000	0.000024
28.630000	0.000000	0.000024
28.640000	0.000000	0.000024
28.650000	0.000000	0.000024
28.660000	0.000000	0.000024
28.670000	0.000000	0.000024
28.680000	0.000000	0.000023
28.690000	0.000000	0.000023
28.700000	0.000000	0.000023
28.710000	0.000000	0.000023
28.720000	0.000000	0.000023
28.730000	0.000000	0.000023
28.740000	0.000000	0.000022
28.750000	0.000000	0.000022
28.760000	0.000000	0.000022
28.770000	0.000000	0.000022
28.780000	0.000000	0.000022
28.790000	0.000000	0.000022
28.800000	0.000000	0.000021
28.810000	0.000000	0.000021
28.820000	0.000000	0.000021
28.830000	0.000000	0.000021
28.840000	0.000000	0.000021
28.850000	0.000000	0.000021
28.860000	0.000000	0.000021
28.870000	0.000000	0.000021
28.880000	0.000000	0.000020
28.890000	0.000000	0.000020
28.900000	0.000000	0.000020
28.910000	0.000000	0.000020
28.920000	0.000000	0.000020
28.930000	0.000000	0.000020
28.940000	0.000000	0.000020
28.950000	0.000000	0.000020
28.960000	0.000000	0.000020
28.970000	0.000000	0.000020
28.980000	0.000000	0.000019
28.990000	0.000000	0.000019
29.000000	0.000000	0.000019
29.010000	0.000000	0.000019
29.020000	0.000000	0.000019
29.030000	0.000000	0.000019
29.040000	0.000000	0.000019
29.050000	0.000000	0.000019
29.060000	0.000000	0.000019
29.070000	0.000000	0.000018
29.080000	0.000000	0.000018
29.090000	0.000000	0.000018
29.100000	0.000000	0.000018
29.110000	0.000000	0.000018
29.120000	0.000000	0.000018
29.130000	0.000000	0.000018
29.140000	0.000000	0.000018
29.150000	0.000000	0.000018
29.160000	0.000000	0.000017
29.170000	0.000000	0.000017
29.180000	0.000000	0.000017
29.190000	0.000000	0.000017
29.200000	0.000000	0.000017
29.210000	0.000000	0.000017
29.220000	0.000000	0.000017
29.230000	0.000000	0.000017
29.240000	0.000000	0.000017
29.250000	0.000000	0.000016
29.260000	0.000000	0.000016
29.270000	0.000000	0.000016
29.280000	0.000000	0.000016
29.290000	0.000000	0.000016
29.300000	0.000000	0.000016
29.310000	0.000000	0.000016
29.320000	0.000000	0.000016
29.330000	0.000000	0.000016
29.340000	0.000000	0.000016
29.350000	0.000000	0.000015
29.360000	0.000000	0.000015
29.370000	0.000000	0.000015
29.380000	0.000000	0.000015
29.390000	0.000000	0.000015
29.400000	0.000000	0.000015
29.410000	0.000000	0.000015
29.420000	0.000000	0.000015
29.430000	0.000000	0.000015
29.440000	0.000000	0.000014
29.450000	0.000000	0.000014
29.460000	0.000000	0.000014
29.470000	0.000000	0.000014
29.480000	0.000000	0.000014
29.490000	0.000000	0.000014
29.500000	0.000000	0.000014
29.510000	0.000000	0.000014
29.520000	0.000000	0.000014
29.530000	0.000000	0.000014
29.540000	0.000000	0.000014
29.550000	0.000000	0.000014
29.560000	0.000000	0.000013
29.570000	0.000000	0.000013
29.580000	0.000000	0.000013
29.590000	0.000000	0.000013
29.600000	0.000000	0.000013
29.610000	0.000000	0.000013
29.620000	0.000000	0.000013
29.630000	0.000000	0.000013
29.640000	0.000000	0.000013
29.650000	0.000000	0.000013
29.660000	0.000000	0.000013
29.670000	0.000000	0.000013
29.680000	0.000000	0.000013
29.690000	0.000000	0.000013
29.700000	0.000000	0.000012
29.710000	0.000000	0.000012
29.720000	0.000000	0.000012
29.730000	0.000000	0.000012
29.740000	0.000000	0.000012
29.750000	0.000000	0.000012
29.760000	0.000000	0.000012
29.770000	0.000000	0.000012
29.780000	0.000000	0.000012
29.790000	0.000000	0.000012
29.800000	0.000000	0.000012
29.810000	0.000000	0.000012
29.820000	0.000000	0.000012
29.830000	0.000000	0.000012
29.840000	0.000000	0.000011
29.850000	0.000000	0.000011
29.860000	0.000000	0.000011
29.870000	0.000000	0.000011
29.880000	0.000000	0.000011
29.890000	0.000000	0.000011
29.900000	0.000000	0.000011
29.910000	0.000000	0.000011
29.920000	0.000000	0.000011
29.930000	0.000000	0.000011
29.940000	0.000000	0.000011
29.950000	0.000000	0.000011
29.960000	0.000000	0.000011
29.970000	0.000000	0.000011
29.980000	0.000000	0.000010
29.990000	0.000000	0.000010
30.000000	0.000000	0.000010
30.010000	0.000000	0.000010
30.020000	0.000000	0.000010
30.030000	0.000000	0.000010
30.040000	0.000000	0.000010
30.050000	0.000000	0.000010
30.060000	0.000000	0.000010
30.070000	0.000000	0.000010
30.080000	0.000000	0.000010
30.090000	0.000000	0.000010
