0.100000	0.000000	9520162.566722
0.110000	0.000000	11084319.022055
0.120000	0.000000	5045645.269444
0.130000	0.000000	6804045.279538
0.140000	0.000000	2761834.247399
0.150000	0.000000	1092907.916626
0.160000	0.000000	928639.484295
0.170000	0.000000	828695.487299
0.180000	0.000000	927515.810308
0.190000	0.000000	913632.160742
0.200000	0.000000	786150.171442
0.210000	0.000000	816714.710434
0.220000	0.000000	715776.428052
0.230000	0.000000	839558.040330
0.240000	0.000000	910727.959924
0.250000	0.000000	718244.755533
0.260000	0.000000	998835.544509
0.270000	0.000000	491525.061533
0.280000	0.000000	789258.745553
0.290000	0.000000	503709.186945
0.300000	0.000000	544255.114976
0.310000	0.000000	409094.611403
0.320000	0.000000	376423.497801
0.330000	0.000000	416853.083770
0.340000	0.000000	372076.940340
0.350000	0.000000	317602.770583
0.360000	0.000000	442095.170547
0.370000	0.000000	492811.922597
0.380000	0.000000	279669.454256
0.390000	0.000000	308301.540233
0.400000	0.000000	256824.028471
0.410000	0.000000	230052.572688
0.420000	0.000000	246821.797566
0.430000	0.000000	244582.289167
0.440000	0.000000	198599.469430
0.450000	0.000000	207536.069067
0.460000	0.000000	180513.008992
0.470000	0.000000	179850.930633
0.480000	0.000000	165149.559467
0.490000	0.000000	275851.869754
0.500000	0.000000	222016.229893
0.510000	0.000000	140412.878905
0.520000	0.000000	149122.362687
0.530000	0.000000	150052.155548
0.540000	0.000000	129643.407899
0.550000	0.000000	135653.256082
0.560000	0.000000	172695.322528
0.570000	0.000000	188067.435913
0.580000	0.000000	130494.578735
0.590000	0.000000	130036.623846
0.600000	0.000000	105267.175369
0.610000	0.000000	112304.341121
0.620000	0.000000	135334.863098
0.630000	0.000000	113607.999668
0.640000	0.000000	101873.558804
0.650000	0.000000	1207427.502579
0.660000	0.000000	704509.792839
0.670000	0.000000	145705.835594
0.680000	0.000000	111367.214557
0.690000	0.000000	347067.028105
0.700000	0.000000	441926.485156
0.710000	0.000000	1099143.299323
0.720000	0.000000	2334438.322669
0.730000	0.000000	381078.384163
0.740000	0.000000	1224786.331665
0.750000	0.000000	217925.963292
0.760000	0.000000	934696.349846
0.770000	0.000000	1945388.055230
0.780000	0.000000	741381.586471
0.790000	0.000000	680399.967915
0.800000	0.000000	1017345.443760
0.810000	0.000000	842803.747707
0.820000	0.000000	2093048.277911
0.830000	0.000000	1300802.212272
0.840000	0.000000	809559.549297
0.850000	0.000000	1125527.218128
0.860000	0.000000	1656744.306643
0.870000	0.000000	1620436.367647
0.880000	0.000000	615474.069669
0.890000	0.000000	721060.691655
0.900000	0.000000	995663.066868
0.910000	0.000000	1447017.801327
0.920000	0.000000	806610.780985
0.930000	0.000000	343319.207777
0.940000	0.000000	371492.909567
0.950000	0.000000	523991.801551
0.960000	0.000000	705920.883254
0.970000	0.000000	296557.719272
0.980000	0.000000	213112.508823
0.990000	0.000000	335520.779443
1.000000	0.000000	479531.297951
1.010000	0.000000	737311.601679
1.020000	0.000000	509946.368543
1.030000	0.000000	101021.494100
1.040000	0.000000	118849.732700
1.050000	0.000000	129585.503076
1.060000	0.000000	115892.594702
1.070000	0.000000	263841.633226
1.080000	0.000000	226630.515235
1.090000	0.000000	235118.337823
1.100000	0.000000	167989.878316
1.110000	0.000000	139597.157707
1.120000	0.000000	128514.661585
1.130000	0.000000	69841.988983
1.140000	0.000000	175972.409957
1.150000	0.000000	122592.709619
1.160000	0.000000	173026.323335
1.170000	0.000000	175449.378804
1.180000	0.000000	118936.886553
1.190000	0.000000	79849.020724
1.200000	0.000000	80014.738668
1.210000	0.000000	89203.408214
1.220000	0.000000	64484.249168
1.230000	0.000000	50529.340817
1.240000	0.000000	52903.089332
1.250000	0.000000	64852.638435
1.260000	0.000000	41163.707184
1.270000	0.000000	98033.856348
1.280000	0.000000	33053.365707
1.290000	0.000000	30603.813804
1.300000	0.000000	39838.960104
1.310000	0.000000	45069.729783
1.320000	0.000000	33399.210342
1.330000	0.000000	33306.229200
1.340000	0.000000	39277.747524
1.350000	0.000000	32831.837817
1.360000	0.000000	28289.666733
1.370000	0.000000	27688.452402
1.380000	0.000000	20299.748291
1.390000	0.000000	20269.751559
1.400000	0.000000	22372.552385
1.410000	0.000000	17773.371443
1.420000	0.000000	19075.528005
1.430000	0.000000	18531.921334
1.440000	0.000000	21361.625573
1.450000	0.000000	15021.745845
1.460000	0.000000	15171.952275
1.470000	0.000000	13848.236112
1.480000	0.000000	14388.326232
1.490000	0.000000	13705.884881
1.500000	0.000000	12775.810138
1.510000	0.000000	12468.882065
1.520000	0.000000	12560.498980
1.530000	0.000000	12266.900481
1.540000	0.000000	11611.889595
1.550000	0.000000	11188.068247
1.560000	0.000000	10958.549109
1.570000	0.000000	10982.050994
1.580000	0.000000	10561.356315
1.590000	0.000000	10309.209548
1.600000	0.000000	10517.524423
1.610000	0.000000	10289.050108
1.620000	0.000000	9708.426664
1.630000	0.000000	9448.111741
1.640000	0.000000	9257.583963
1.650000	0.000000	9344.144145
1.660000	0.000000	9015.114841
1.670000	0.000000	8723.737451
1.680000	0.000000	8553.461210
1.690000	0.000000	8375.336577
1.700000	0.000000	8204.389492
1.710000	0.000000	8044.334561
1.720000	0.000000	7870.710899
1.730000	0.000000	7718.341991
1.740000	0.000000	7569.317953
1.750000	0.000000	7448.946124
1.760000	0.000000	7259.719306
1.770000	0.000000	7112.469856
1.780000	0.000000	6960.835136
1.790000	0.000000	6826.151892
1.800000	0.000000	6711.218647
1.810000	0.000000	6566.967708
1.820000	0.000000	6437.484833
1.830000	0.000000	6313.299991
1.840000	0.000000	6189.798074
1.850000	0.000000	6067.041568
1.860000	0.000000	5944.956663
1.870000	0.000000	5829.218553
1.880000	0.000000	5721.396199
1.890000	0.000000	5615.321968
1.900000	0.000000	5510.658581
1.910000	0.000000	5405.920663
1.920000	0.000000	5301.756698
1.930000	0.000000	5199.189867
1.940000	0.000000	5100.044194
1.950000	0.000000	4999.085757
1.960000	0.000000	4902.603633
1.970000	0.000000	4806.338250
1.980000	0.000000	4710.633976
1.990000	0.000000	4616.163122
2.000000	0.000000	4524.301554
2.010000	0.000000	4434.891453
2.020000	0.000000	4347.383621
2.030000	0.000000	4263.367206
2.040000	0.000000	4182.150010
2.050000	0.000000	4102.145062
2.060000	0.000000	4026.772803
2.070000	0.000000	3957.469698
2.080000	0.000000	3886.383338
2.090000	0.000000	3816.500940
2.100000	0.000000	3747.596592
2.110000	0.000000	3680.892698
2.120000	0.000000	4081.966712
2.130000	0.000000	3789.688036
2.140000	0.000000	3699.756580
2.150000	0.000000	4008.076439
2.160000	0.000000	3548.908481
2.170000	0.000000	3283.145852
2.180000	0.000000	3219.498714
2.190000	0.000000	3156.114042
2.200000	0.000000	3092.916342
2.210000	0.000000	3030.483922
2.220000	0.000000	2969.381077
2.230000	0.000000	2909.731211
2.240000	0.000000	2852.903999
2.250000	0.000000	2801.064226
2.260000	0.000000	2754.693617
2.270000	0.000000	2716.148251
2.280000	0.000000	2663.992897
2.290000	0.000000	2619.817136
2.300000	0.000000	2640.979441
2.310000	0.000000	2534.040548
2.320000	0.000000	2474.621464
2.330000	0.000000	2431.399912
2.340000	0.000000	2388.850836
2.350000	0.000000	2346.403582
2.360000	0.000000	2303.972986
2.370000	0.000000	2261.552724
2.380000	0.000000	2219.148489
2.390000	0.000000	2176.865874
2.400000	0.000000	2134.809255
2.410000	0.000000	2092.823800
2.420000	0.000000	2050.903526
2.430000	0.000000	2009.387415
2.440000	0.000000	1969.001643
2.450000	0.000000	1929.308202
2.460000	0.000000	1915.110231
2.470000	0.000000	1868.577618
2.480000	0.000000	1833.808362
2.490000	0.000000	1802.490712
2.500000	0.000000	1771.688040
2.510000	0.000000	1790.823664
2.520000	0.000000	1745.892075
2.530000	0.000000	1681.491759
2.540000	0.000000	1652.986168
2.550000	0.000000	1624.583522
2.560000	0.000000	1596.380418
2.570000	0.000000	1570.309135
2.580000	0.000000	1547.143642
2.590000	0.000000	1513.480221
2.600000	0.000000	1483.892197
2.610000	0.000000	1455.169945
2.620000	0.000000	1425.716310
2.630000	0.000000	1401.621085
2.640000	0.000000	1392.621509
2.650000	0.000000	1348.603592
2.660000	0.000000	1319.016930
2.670000	0.000000	1295.239386
2.680000	0.000000	1272.009733
2.690000	0.000000	1251.484052
2.700000	0.000000	1236.104886
2.710000	0.000000	1215.616465
2.720000	0.000000	1191.242558
2.730000	0.000000	1177.078609
2.740000	0.000000	1202.272264
2.750000	0.000000	1300.695118
2.760000	0.000000	1193.427963
2.770000	0.000000	1228.873199
2.780000	0.000000	1459.328449
2.790000	0.000000	1065.925421
2.800000	0.000000	1035.232676
2.810000	0.000000	1016.290049
2.820000	0.000000	997.807970
2.830000	0.000000	979.181147
2.840000	0.000000	960.571694
2.850000	0.000000	942.079504
2.860000	0.000000	924.473252
2.870000	0.000000	908.676191
2.880000	0.000000	892.624907
2.890000	0.000000	875.492060
2.900000	0.000000	859.697776
2.910000	0.000000	844.349955
2.920000	0.000000	830.587214
2.930000	0.000000	817.412236
2.940000	0.000000	803.996336
2.950000	0.000000	791.613946
2.960000	0.000000	780.424850
2.970000	0.000000	763.928452
2.980000	0.000000	751.213419
2.990000	0.000000	738.457825
3.000000	0.000000	726.218088
3.010000	0.000000	713.381928
3.020000	0.000000	700.546970
3.030000	0.000000	694.847250
3.040000	0.000000	686.363631
3.050000	0.000000	668.243718
3.060000	0.000000	651.092289
3.070000	0.000000	645.930577
3.080000	0.000000	655.512747
3.090000	0.000000	879.888351
3.100000	0.000000	2201.382426
3.110000	0.000000	931.698469
3.120000	0.000000	1494.235891
3.130000	0.000000	2979.916950
3.140000	0.000000	847.289682
3.150000	0.000000	553.036005
3.160000	0.000000	543.372829
3.170000	0.000000	535.098675
3.180000	0.000000	527.327937
3.190000	0.000000	518.576520
3.200000	0.000000	517.946573
3.210000	0.000000	511.148714
3.220000	0.000000	494.059366
3.230000	0.000000	484.636101
3.240000	0.000000	476.192877
3.250000	0.000000	468.168539
3.260000	0.000000	463.413526
3.270000	0.000000	473.684072
3.280000	0.000000	446.999864
3.290000	0.000000	436.774082
3.300000	0.000000	429.127822
3.310000	0.000000	426.153765
3.320000	0.000000	422.101996
3.330000	0.000000	408.057333
3.340000	0.000000	398.304807
3.350000	0.000000	395.053244
3.360000	0.000000	387.795968
3.370000	0.000000	378.041220
3.380000	0.000000	370.869057
3.390000	0.000000	364.962263
3.400000	0.000000	359.260432
3.410000	0.000000	353.909297
3.420000	0.000000	348.468781
3.430000	0.000000	345.981253
3.440000	0.000000	344.148378
3.450000	0.000000	332.574168
3.460000	0.000000	326.679577
3.470000	0.000000	360.943561
3.480000	0.000000	325.452009
3.490000	0.000000	324.732955
3.500000	0.000000	343.211359
3.510000	0.000000	315.664416
3.520000	0.000000	294.066871
3.530000	0.000000	288.023162
3.540000	0.000000	283.162520
3.550000	0.000000	278.924316
3.560000	0.000000	274.407460
3.570000	0.000000	269.782595
3.580000	0.000000	268.336624
3.590000	0.000000	264.993235
3.600000	0.000000	271.418568
3.610000	0.000000	369.419061
3.620000	0.000000	274.946406
3.630000	0.000000	243.264590
3.640000	0.000000	239.676088
3.650000	0.000000	234.546727
3.660000	0.000000	230.667761
3.670000	0.000000	232.407336
3.680000	0.000000	308.931663
3.690000	0.000000	271.097898
3.700000	0.000000	215.897053
3.710000	0.000000	212.102023
3.720000	0.000000	208.567341
3.730000	0.000000	205.360456
3.740000	0.000000	202.336553
3.750000	0.000000	199.102952
3.760000	0.000000	195.445867
3.770000	0.000000	195.789939
3.780000	0.000000	230.326855
3.790000	0.000000	209.176501
3.800000	0.000000	189.506627
3.810000	0.000000	183.965519
3.820000	0.000000	176.715326
3.830000	0.000000	174.772663
3.840000	0.000000	191.444534
3.850000	0.000000	356.209586
3.860000	0.000000	449.894032
3.870000	0.000000	364.922645
3.880000	0.000000	284.013793
3.890000	0.000000	377.775940
3.900000	0.000000	399.220697
3.910000	0.000000	151.280399
3.920000	0.000000	148.912486
3.930000	0.000000	146.911670
3.940000	0.000000	143.817909
3.950000	0.000000	141.690448
3.960000	0.000000	154.619211
3.970000	0.000000	137.821326
3.980000	0.000000	134.809960
3.990000	0.000000	132.637630
4.000000	0.000000	136.081354
4.010000	0.000000	130.618286
4.020000	0.000000	126.339863
4.030000	0.000000	126.581783
4.040000	0.000000	125.576075
4.050000	0.000000	122.886768
4.060000	0.000000	120.376587
4.070000	0.000000	117.360432
4.080000	0.000000	114.677223
4.090000	0.000000	111.734578
4.100000	0.000000	110.080735
4.110000	0.000000	108.420423
4.120000	0.000000	108.852252
4.130000	0.000000	105.119916
4.140000	0.000000	103.630972
4.150000	0.000000	101.810138
4.160000	0.000000	100.107069
4.170000	0.000000	98.477701
4.180000	0.000000	96.952560
4.190000	0.000000	95.476826
4.200000	0.000000	94.004586
4.210000	0.000000	92.535289
4.220000	0.000000	91.069491
4.230000	0.000000	90.045630
4.240000	0.000000	89.105886
4.250000	0.000000	86.977972
4.260000	0.000000	85.292004
4.270000	0.000000	83.948730
4.280000	0.000000	82.395155
4.290000	0.000000	80.920855
4.300000	0.000000	79.485610
4.310000	0.000000	78.164510
4.320000	0.000000	76.802898
4.330000	0.000000	76.388664
4.340000	0.000000	74.633369
4.350000	0.000000	73.076727
4.360000	0.000000	71.900700
4.370000	0.000000	70.709334
4.380000	0.000000	69.528678
4.390000	0.000000	68.415340
4.400000	0.000000	67.313691
4.410000	0.000000	66.264641
4.420000	0.000000	65.327224
4.430000	0.000000	64.487184
4.440000	0.000000	63.309948
4.450000	0.000000	62.345328
4.460000	0.000000	61.830377
4.470000	0.000000	60.778430
4.480000	0.000000	61.965626
4.490000	0.000000	59.037857
4.500000	0.000000	81.080759
4.510000	0.000000	69.381381
4.520000	0.000000	57.688402
4.530000	0.000000	55.059155
4.540000	0.000000	53.986982
4.550000	0.000000	52.722742
4.560000	0.000000	51.852897
4.570000	0.000000	56.334420
4.580000	0.000000	61.652214
4.590000	0.000000	49.269426
4.600000	0.000000	48.472141
4.610000	0.000000	47.706183
4.620000	0.000000	47.005630
4.630000	0.000000	46.145800
4.640000	0.000000	45.415574
4.650000	0.000000	44.864712
4.660000	0.000000	44.084965
4.670000	0.000000	43.400192
4.680000	0.000000	43.184944
4.690000	0.000000	43.007094
4.700000	0.000000	43.514402
4.710000	0.000000	46.067739
4.720000	0.000000	47.144961
4.730000	0.000000	44.597904
4.740000	0.000000	41.465348
4.750000	0.000000	39.433768
4.760000	0.000000	38.583871
4.770000	0.000000	36.892373
4.780000	0.000000	36.283608
4.790000	0.000000	35.686698
4.800000	0.000000	35.073352
4.810000	0.000000	34.824629
4.820000	0.000000	41.941511
4.830000	0.000000	35.988611
4.840000	0.000000	33.087155
4.850000	0.000000	32.895430
4.860000	0.000000	32.074836
4.870000	0.000000	31.201400
4.880000	0.000000	30.714927
4.890000	0.000000	30.268399
4.900000	0.000000	29.825587
4.910000	0.000000	29.383380
4.920000	0.000000	29.333593
4.930000	0.000000	29.797281
4.940000	0.000000	28.064001
4.950000	0.000000	27.625580
4.960000	0.000000	27.188537
4.970000	0.000000	26.728819
4.980000	0.000000	26.960653
4.990000	0.000000	25.961508
5.000000	0.000000	25.433058
5.010000	0.000000	25.011858
5.020000	0.000000	24.880101
5.030000	0.000000	24.354881
5.040000	0.000000	23.939113
5.050000	0.000000	23.598442
5.060000	0.000000	23.108894
5.070000	0.000000	22.699712
5.080000	0.000000	22.324154
5.090000	0.000000	21.883205
5.100000	0.000000	21.538874
5.110000	0.000000	21.178681
5.120000	0.000000	20.859200
5.130000	0.000000	20.592273
5.140000	0.000000	20.294523
5.150000	0.000000	20.023993
5.160000	0.000000	19.727876
5.170000	0.000000	19.410388
5.180000	0.000000	19.112423
5.190000	0.000000	18.820001
5.200000	0.000000	18.524070
5.210000	0.000000	18.221324
5.220000	0.000000	17.924463
5.230000	0.000000	17.634992
5.240000	0.000000	17.344495
5.250000	0.000000	17.059783
5.260000	0.000000	16.783160
5.270000	0.000000	16.510680
5.280000	0.000000	16.238473
5.290000	0.000000	15.970831
5.300000	0.000000	15.698631
5.310000	0.000000	15.429314
5.320000	0.000000	15.166487
5.330000	0.000000	14.910904
5.340000	0.000000	14.671370
5.350000	0.000000	14.437664
5.360000	0.000000	14.219244
5.370000	0.000000	14.005489
5.380000	0.000000	13.793883
5.390000	0.000000	13.590052
5.400000	0.000000	13.392390
5.410000	0.000000	13.197265
5.420000	0.000000	13.005168
5.430000	0.000000	12.813244
5.440000	0.000000	12.621801
5.450000	0.000000	12.440275
5.460000	0.000000	12.287010
5.470000	0.000000	12.063086
5.480000	0.000000	11.833383
5.490000	0.000000	11.885905
5.500000	0.000000	11.606912
5.510000	0.000000	11.312710
5.520000	0.000000	11.100332
5.530000	0.000000	11.034304
5.540000	0.000000	10.842197
5.550000	0.000000	10.569974
5.560000	0.000000	10.384836
5.570000	0.000000	10.321844
5.580000	0.000000	10.197240
5.590000	0.000000	9.858894
5.600000	0.000000	9.742231
5.610000	0.000000	9.727772
5.620000	0.000000	9.552050
5.630000	0.000000	9.653046
5.640000	0.000000	9.325638
5.650000	0.000000	9.087357
5.660000	0.000000	8.921758
5.670000	0.000000	8.859907
5.680000	0.000000	8.648149
5.690000	0.000000	8.468067
5.700000	0.000000	8.330925
5.710000	0.000000	8.200391
5.720000	0.000000	8.069863
5.730000	0.000000	7.940642
5.740000	0.000000	7.813462
5.750000	0.000000	7.705858
5.760000	0.000000	7.614088
5.770000	0.000000	7.470393
5.780000	0.000000	7.337575
5.790000	0.000000	7.209372
5.800000	0.000000	7.096254
5.810000	0.000000	6.962237
5.820000	0.000000	6.844253
5.830000	0.000000	6.727456
5.840000	0.000000	6.617880
5.850000	0.000000	6.519700
5.860000	0.000000	6.431679
5.870000	0.000000	6.335194
5.880000	0.000000	6.254510
5.890000	0.000000	6.159497
5.900000	0.000000	6.056941
5.910000	0.000000	5.975345
5.920000	0.000000	5.885411
5.930000	0.000000	5.793976
5.940000	0.000000	5.709859
5.950000	0.000000	5.635938
5.960000	0.000000	5.536060
5.970000	0.000000	5.436448
5.980000	0.000000	5.369185
5.990000	0.000000	5.288187
6.000000	0.000000	5.188362
6.010000	0.000000	5.100922
6.020000	0.000000	5.034474
6.030000	0.000000	4.958830
6.040000	0.000000	4.862939
6.050000	0.000000	4.776231
6.060000	0.000000	4.709705
6.070000	0.000000	4.632932
6.080000	0.000000	4.540441
6.090000	0.000000	4.464527
6.100000	0.000000	4.402505
6.110000	0.000000	4.348323
6.120000	0.000000	4.284105
6.130000	0.000000	4.217555
6.140000	0.000000	4.145990
6.150000	0.000000	4.082021
6.160000	0.000000	4.018702
6.170000	0.000000	3.962245
6.180000	0.000000	3.900296
6.190000	0.000000	3.840696
6.200000	0.000000	3.782460
6.210000	0.000000	3.723647
6.220000	0.000000	3.665693
6.230000	0.000000	3.607998
6.240000	0.000000	3.551196
6.250000	0.000000	3.497000
6.260000	0.000000	3.443173
6.270000	0.000000	3.389220
6.280000	0.000000	3.335725
6.290000	0.000000	3.279866
6.300000	0.000000	3.224373
6.310000	0.000000	3.169816
6.320000	0.000000	3.122892
6.330000	0.000000	3.077046
6.340000	0.000000	3.019471
6.350000	0.000000	2.970843
6.360000	0.000000	2.926991
6.370000	0.000000	2.884745
6.380000	0.000000	2.843156
6.390000	0.000000	2.805735
6.400000	0.000000	2.795450
6.410000	0.000000	3.519200
6.420000	0.000000	5.251031
6.430000	0.000000	5.581339
6.440000	0.000000	3.116600
6.450000	0.000000	4.117484
6.460000	0.000000	6.104071
6.470000	0.000000	5.392912
6.480000	0.000000	3.057508
6.490000	0.000000	11.059585
6.500000	0.000000	10.806255
6.510000	0.000000	4.659480
6.520000	0.000000	2.999455
6.530000	0.000000	4.977281
6.540000	0.000000	5.045890
6.550000	0.000000	3.360623
6.560000	0.000000	2.428578
6.570000	0.000000	3.401760
6.580000	0.000000	4.062499
6.590000	0.000000	2.753722
6.600000	0.000000	2.470739
6.610000	0.000000	2.767851
6.620000	0.000000	2.550177
6.630000	0.000000	2.069124
6.640000	0.000000	2.120931
6.650000	0.000000	2.285260
6.660000	0.000000	2.026082
6.670000	0.000000	1.990216
6.680000	0.000000	1.855329
6.690000	0.000000	1.814508
6.700000	0.000000	1.847596
6.710000	0.000000	1.773107
6.720000	0.000000	1.686450
6.730000	0.000000	1.650709
6.740000	0.000000	1.625439
6.750000	0.000000	1.600690
6.760000	0.000000	1.576234
6.770000	0.000000	1.551562
6.780000	0.000000	1.527047
6.790000	0.000000	1.502535
6.800000	0.000000	1.478081
6.810000	0.000000	1.453213
6.820000	0.000000	1.428858
6.830000	0.000000	1.405553
6.840000	0.000000	1.383852
6.850000	0.000000	1.362414
6.860000	0.000000	1.341224
6.870000	0.000000	1.321394
6.880000	0.000000	1.302282
6.890000	0.000000	1.283265
6.900000	0.000000	1.268050
6.910000	0.000000	1.250194
6.920000	0.000000	1.227054
6.930000	0.000000	1.208998
6.940000	0.000000	1.190105
6.950000	0.000000	1.173308
6.960000	0.000000	1.154494
6.970000	0.000000	1.136901
6.980000	0.000000	1.118724
6.990000	0.000000	1.101330
7.000000	0.000000	1.084893
7.010000	0.000000	1.068458
7.020000	0.000000	1.052683
7.030000	0.000000	1.035879
7.040000	0.000000	1.019251
7.050000	0.000000	1.004186
7.060000	0.000000	0.988109
7.070000	0.000000	0.971325
7.080000	0.000000	0.955286
7.090000	0.000000	0.939756
7.100000	0.000000	0.925625
7.110000	0.000000	0.911887
7.120000	0.000000	0.897418
7.130000	0.000000	0.884001
7.140000	0.000000	0.871328
7.150000	0.000000	0.857895
7.160000	0.000000	0.845392
7.170000	0.000000	0.834524
7.180000	0.000000	0.822609
7.190000	0.000000	0.853758
7.200000	0.000000	0.813731
7.210000	0.000000	0.783338
7.220000	0.000000	0.771580
7.230000	0.000000	0.759857
7.240000	0.000000	0.748326
7.250000	0.000000	0.738506
7.260000	0.000000	0.738943
7.270000	0.000000	0.740307
7.280000	0.000000	0.705948
7.290000	0.000000	0.693898
7.300000	0.000000	0.682221
7.310000	0.000000	0.671302
7.320000	0.000000	0.659593
7.330000	0.000000	0.649290
7.340000	0.000000	0.646416
7.350000	0.000000	0.645269
7.360000	0.000000	0.626620
7.370000	0.000000	0.611613
7.380000	0.000000	0.601046
7.390000	0.000000	0.591925
7.400000	0.000000	0.583331
7.410000	0.000000	0.576358
7.420000	0.000000	0.574566
7.430000	0.000000	0.571618
7.440000	0.000000	0.556190
7.450000	0.000000	0.544058
7.460000	0.000000	0.535278
7.470000	0.000000	0.525002
7.480000	0.000000	0.517447
7.490000	0.000000	0.522733
7.500000	0.000000	0.507399
7.510000	0.000000	0.516713
7.520000	0.000000	0.502181
7.530000	0.000000	0.489468
7.540000	0.000000	0.483783
7.550000	0.000000	0.472939
7.560000	0.000000	0.459603
7.570000	0.000000	0.450914
7.580000	0.000000	0.444884
7.590000	0.000000	0.437330
7.600000	0.000000	0.429274
7.610000	0.000000	0.422986
7.620000	0.000000	0.419390
7.630000	0.000000	0.416503
7.640000	0.000000	0.403684
7.650000	0.000000	0.396857
7.660000	0.000000	0.390921
7.670000	0.000000	0.385221
7.680000	0.000000	0.379698
7.690000	0.000000	0.373935
7.700000	0.000000	0.368203
7.710000	0.000000	0.362614
7.720000	0.000000	0.360773
7.730000	0.000000	0.354896
7.740000	0.000000	0.346899
7.750000	0.000000	0.341962
7.760000	0.000000	0.337947
7.770000	0.000000	0.336542
7.780000	0.000000	0.339794
7.790000	0.000000	0.342422
7.800000	0.000000	0.329469
7.810000	0.000000	0.313628
7.820000	0.000000	0.310216
7.830000	0.000000	0.305253
7.840000	0.000000	0.297058
7.850000	0.000000	0.293055
7.860000	0.000000	0.287942
7.870000	0.000000	0.283515
7.880000	0.000000	0.279044
7.890000	0.000000	0.274631
7.900000	0.000000	0.270404
7.910000	0.000000	0.266375
7.920000	0.000000	0.262543
7.930000	0.000000	0.258736
7.940000	0.000000	0.254944
7.950000	0.000000	0.251158
7.960000	0.000000	0.247471
7.970000	0.000000	0.244293
7.980000	0.000000	0.239786
7.990000	0.000000	0.235954
8.000000	0.000000	0.232398
8.010000	0.000000	0.228910
8.020000	0.000000	0.225568
8.030000	0.000000	0.222267
8.040000	0.000000	0.218972
8.050000	0.000000	0.215678
8.060000	0.000000	0.212386
8.070000	0.000000	0.209095
8.080000	0.000000	0.205808
8.090000	0.000000	0.202664
8.100000	0.000000	0.199532
8.110000	0.000000	0.196177
8.120000	0.000000	0.193296
8.130000	0.000000	0.190436
8.140000	0.000000	0.187579
8.150000	0.000000	0.184698
8.160000	0.000000	0.183556
8.170000	0.000000	0.179055
8.180000	0.000000	0.176641
8.190000	0.000000	0.173915
8.200000	0.000000	0.171312
8.210000	0.000000	0.168986
8.220000	0.000000	0.166339
8.230000	0.000000	0.163661
8.240000	0.000000	0.161126
8.250000	0.000000	0.158660
8.260000	0.000000	0.156278
8.270000	0.000000	0.153952
8.280000	0.000000	0.151724
8.290000	0.000000	0.149561
8.300000	0.000000	0.147298
8.310000	0.000000	0.145095
8.320000	0.000000	0.142840
8.330000	0.000000	0.140540
8.340000	0.000000	0.138993
8.350000	0.000000	0.136239
8.360000	0.000000	0.134081
8.370000	0.000000	0.131977
8.380000	0.000000	0.130006
8.390000	0.000000	0.128177
8.400000	0.000000	0.126267
8.410000	0.000000	0.124288
8.420000	0.000000	0.122582
8.430000	0.000000	0.120848
8.440000	0.000000	0.118711
8.450000	0.000000	0.117011
8.460000	0.000000	0.115312
8.470000	0.000000	0.113615
8.480000	0.000000	0.111937
8.490000	0.000000	0.110154
8.500000	0.000000	0.108426
8.510000	0.000000	0.106846
8.520000	0.000000	0.105233
8.530000	0.000000	0.103574
8.540000	0.000000	0.102049
8.550000	0.000000	0.100569
8.560000	0.000000	0.099091
8.570000	0.000000	0.097615
8.580000	0.000000	0.096147
8.590000	0.000000	0.094685
8.600000	0.000000	0.093231
8.610000	0.000000	0.091765
8.620000	0.000000	0.090274
8.630000	0.000000	0.088908
8.640000	0.000000	0.087612
8.650000	0.000000	0.086334
8.660000	0.000000	0.084982
8.670000	0.000000	0.083679
8.680000	0.000000	0.082407
8.690000	0.000000	0.081148
8.700000	0.000000	0.079932
8.710000	0.000000	0.078809
8.720000	0.000000	0.077652
8.730000	0.000000	0.076496
8.740000	0.000000	0.075358
8.750000	0.000000	0.074219
8.760000	0.000000	0.073082
8.770000	0.000000	0.071950
8.780000	0.000000	0.070840
8.790000	0.000000	0.069783
8.800000	0.000000	0.068777
8.810000	0.000000	0.067783
8.820000	0.000000	0.066806
8.830000	0.000000	0.065748
8.840000	0.000000	0.064748
8.850000	0.000000	0.063760
8.860000	0.000000	0.062773
8.870000	0.000000	0.061786
8.880000	0.000000	0.060823
8.890000	0.000000	0.059912
8.900000	0.000000	0.059039
8.910000	0.000000	0.058177
8.920000	0.000000	0.057318
8.930000	0.000000	0.056462
8.940000	0.000000	0.055608
8.950000	0.000000	0.054749
8.960000	0.000000	0.053908
8.970000	0.000000	0.053124
8.980000	0.000000	0.052362
8.990000	0.000000	0.051592
9.000000	0.000000	0.050788
9.010000	0.000000	0.050026
9.020000	0.000000	0.049265
9.030000	0.000000	0.048505
9.040000	0.000000	0.047750
9.050000	0.000000	0.047029
9.060000	0.000000	0.046346
9.070000	0.000000	0.045680
9.080000	0.000000	0.045018
9.090000	0.000000	0.044356
9.100000	0.000000	0.043693
9.110000	0.000000	0.043032
9.120000	0.000000	0.042370
9.130000	0.000000	0.041711
9.140000	0.000000	0.041061
9.150000	0.000000	0.040450
9.160000	0.000000	0.039843
9.170000	0.000000	0.039242
9.180000	0.000000	0.038667
9.190000	0.000000	0.038091
9.200000	0.000000	0.037518
9.210000	0.000000	0.036944
9.220000	0.000000	0.036373
9.230000	0.000000	0.035832
9.240000	0.000000	0.035315
9.250000	0.000000	0.034805
9.260000	0.000000	0.034296
9.270000	0.000000	0.033786
9.280000	0.000000	0.033276
9.290000	0.000000	0.032767
9.300000	0.000000	0.032259
9.310000	0.000000	0.031757
9.320000	0.000000	0.031288
9.330000	0.000000	0.030826
9.340000	0.000000	0.030369
9.350000	0.000000	0.029926
9.360000	0.000000	0.029482
9.370000	0.000000	0.029039
9.380000	0.000000	0.028596
9.390000	0.000000	0.028153
9.400000	0.000000	0.027722
9.410000	0.000000	0.027309
9.420000	0.000000	0.026910
9.430000	0.000000	0.026519
9.440000	0.000000	0.026133
9.450000	0.000000	0.025747
9.460000	0.000000	0.025363
9.470000	0.000000	0.024979
9.480000	0.000000	0.024595
9.490000	0.000000	0.024214
9.500000	0.000000	0.023842
9.510000	0.000000	0.023496
9.520000	0.000000	0.023155
9.530000	0.000000	0.022813
9.540000	0.000000	0.022472
9.550000	0.000000	0.022131
9.560000	0.000000	0.021790
9.570000	0.000000	0.021452
9.580000	0.000000	0.021127
9.590000	0.000000	0.020821
9.600000	0.000000	0.020524
9.610000	0.000000	0.020227
9.620000	0.000000	0.019930
9.630000	0.000000	0.019633
9.640000	0.000000	0.019337
9.650000	0.000000	0.019040
9.660000	0.000000	0.018746
9.670000	0.000000	0.018452
9.680000	0.000000	0.018182
9.690000	0.000000	0.017918
9.700000	0.000000	0.017659
9.710000	0.000000	0.017400
9.720000	0.000000	0.017142
9.730000	0.000000	0.016885
9.740000	0.000000	0.016628
9.750000	0.000000	0.016371
9.760000	0.000000	0.016124
9.770000	0.000000	0.015890
9.780000	0.000000	0.015661
9.790000	0.000000	0.015432
9.800000	0.000000	0.015204
9.810000	0.000000	0.014975
9.820000	0.000000	0.014747
9.830000	0.000000	0.014516
9.840000	0.000000	0.014279
9.850000	0.000000	0.014068
9.860000	0.000000	0.013868
9.870000	0.000000	0.013669
9.880000	0.000000	0.013470
9.890000	0.000000	0.013271
9.900000	0.000000	0.013072
9.910000	0.000000	0.012874
9.920000	0.000000	0.012678
9.930000	0.000000	0.012490
9.940000	0.000000	0.012309
9.950000	0.000000	0.012129
9.960000	0.000000	0.011953
9.970000	0.000000	0.011780
9.980000	0.000000	0.011607
9.990000	0.000000	0.011434
10.000000	0.000000	0.011257
10.010000	0.000000	0.011078
10.020000	0.000000	0.010906
10.030000	0.000000	0.010745
10.040000	0.000000	0.010590
10.050000	0.000000	0.010437
10.060000	0.000000	0.010284
10.070000	0.000000	0.010131
10.080000	0.000000	0.009978
10.090000	0.000000	0.009825
10.100000	0.000000	0.009674
10.110000	0.000000	0.009527
10.120000	0.000000	0.009386
10.130000	0.000000	0.009252
10.140000	0.000000	0.009119
10.150000	0.000000	0.008986
10.160000	0.000000	0.008853
10.170000	0.000000	0.008714
10.180000	0.000000	0.008578
10.190000	0.000000	0.008451
10.200000	0.000000	0.008330
10.210000	0.000000	0.008208
10.220000	0.000000	0.008089
10.230000	0.000000	0.007972
10.240000	0.000000	0.007856
10.250000	0.000000	0.007741
10.260000	0.000000	0.007625
10.270000	0.000000	0.007510
10.280000	0.000000	0.007394
10.290000	0.000000	0.007281
10.300000	0.000000	0.007172
10.310000	0.000000	0.007069
10.320000	0.000000	0.006967
10.330000	0.000000	0.006864
10.340000	0.000000	0.006756
10.350000	0.000000	0.006653
10.360000	0.000000	0.006550
10.370000	0.000000	0.006450
10.380000	0.000000	0.006354
10.390000	0.000000	0.006261
10.400000	0.000000	0.006171
10.410000	0.000000	0.006082
10.420000	0.000000	0.005993
10.430000	0.000000	0.005904
10.440000	0.000000	0.005815
10.450000	0.000000	0.005728
10.460000	0.000000	0.005646
10.470000	0.000000	0.005565
10.480000	0.000000	0.005484
10.490000	0.000000	0.005404
10.500000	0.000000	0.005326
10.510000	0.000000	0.005243
10.520000	0.000000	0.005166
10.530000	0.000000	0.005088
10.540000	0.000000	0.005011
10.550000	0.000000	0.004934
10.560000	0.000000	0.004859
10.570000	0.000000	0.004787
10.580000	0.000000	0.004718
10.590000	0.000000	0.004649
10.600000	0.000000	0.004581
10.610000	0.000000	0.004512
10.620000	0.000000	0.004444
10.630000	0.000000	0.004376
10.640000	0.000000	0.004310
10.650000	0.000000	0.004245
10.660000	0.000000	0.004183
10.670000	0.000000	0.004122
10.680000	0.000000	0.004060
10.690000	0.000000	0.004000
10.700000	0.000000	0.003940
10.710000	0.000000	0.003881
10.720000	0.000000	0.003826
10.730000	0.000000	0.003771
10.740000	0.000000	0.003717
10.750000	0.000000	0.003663
10.760000	0.000000	0.003610
10.770000	0.000000	0.003558
10.780000	0.000000	0.003506
10.790000	0.000000	0.003454
10.800000	0.000000	0.003402
10.810000	0.000000	0.003350
10.820000	0.000000	0.003298
10.830000	0.000000	0.003248
10.840000	0.000000	0.003199
10.850000	0.000000	0.003151
10.860000	0.000000	0.003105
10.870000	0.000000	0.003059
10.880000	0.000000	0.003013
10.890000	0.000000	0.002967
10.900000	0.000000	0.002923
10.910000	0.000000	0.002879
10.920000	0.000000	0.002836
10.930000	0.000000	0.002795
10.940000	0.000000	0.002755
10.950000	0.000000	0.002715
10.960000	0.000000	0.002675
10.970000	0.000000	0.002635
10.980000	0.000000	0.002598
10.990000	0.000000	0.002561
11.000000	0.000000	0.002525
11.010000	0.000000	0.002486
11.020000	0.000000	0.002449
11.030000	0.000000	0.002414
11.040000	0.000000	0.002379
11.050000	0.000000	0.002345
11.060000	0.000000	0.002310
11.070000	0.000000	0.002275
11.080000	0.000000	0.002240
11.090000	0.000000	0.002205
11.100000	0.000000	0.002172
11.110000	0.000000	0.002140
11.120000	0.000000	0.002109
11.130000	0.000000	0.002078
11.140000	0.000000	0.002047
11.150000	0.000000	0.002016
11.160000	0.000000	0.001986
11.170000	0.000000	0.001956
11.180000	0.000000	0.001925
11.190000	0.000000	0.001896
11.200000	0.000000	0.001868
11.210000	0.000000	0.001841
11.220000	0.000000	0.001815
11.230000	0.000000	0.001788
11.240000	0.000000	0.001762
11.250000	0.000000	0.001738
11.260000	0.000000	0.001713
11.270000	0.000000	0.001689
11.280000	0.000000	0.001664
11.290000	0.000000	0.001640
11.300000	0.000000	0.001616
11.310000	0.000000	0.001593
11.320000	0.000000	0.001570
11.330000	0.000000	0.001546
11.340000	0.000000	0.001523
11.350000	0.000000	0.001498
11.360000	0.000000	0.001475
11.370000	0.000000	0.001452
11.380000	0.000000	0.001431
11.390000	0.000000	0.001411
11.400000	0.000000	0.001390
11.410000	0.000000	0.001369
11.420000	0.000000	0.001349
11.430000	0.000000	0.001328
11.440000	0.000000	0.001309
11.450000	0.000000	0.001289
11.460000	0.000000	0.001270
11.470000	0.000000	0.001251
11.480000	0.000000	0.001233
11.490000	0.000000	0.001215
11.500000	0.000000	0.001197
11.510000	0.000000	0.001180
11.520000	0.000000	0.001163
11.530000	0.000000	0.001147
11.540000	0.000000	0.001130
11.550000	0.000000	0.001114
11.560000	0.000000	0.001098
11.570000	0.000000	0.001082
11.580000	0.000000	0.001066
11.590000	0.000000	0.001051
11.600000	0.000000	0.001035
11.610000	0.000000	0.001019
11.620000	0.000000	0.001004
11.630000	0.000000	0.000988
11.640000	0.000000	0.000973
11.650000	0.000000	0.000959
11.660000	0.000000	0.000945
11.670000	0.000000	0.000931
11.680000	0.000000	0.000917
11.690000	0.000000	0.000903
11.700000	0.000000	0.000889
11.710000	0.000000	0.000876
11.720000	0.000000	0.000863
11.730000	0.000000	0.000850
11.740000	0.000000	0.000837
11.750000	0.000000	0.000825
11.760000	0.000000	0.000813
11.770000	0.000000	0.000802
11.780000	0.000000	0.000791
11.790000	0.000000	0.000780
11.800000	0.000000	0.000769
11.810000	0.000000	0.000758
11.820000	0.000000	0.000747
11.830000	0.000000	0.000736
11.840000	0.000000	0.000725
11.850000	0.000000	0.000714
11.860000	0.000000	0.000704
11.870000	0.000000	0.000693
11.880000	0.000000	0.000683
11.890000	0.000000	0.000672
11.900000	0.000000	0.000662
11.910000	0.000000	0.000652
11.920000	0.000000	0.000642
11.930000	0.000000	0.000633
11.940000	0.000000	0.000624
11.950000	0.000000	0.000614
11.960000	0.000000	0.000605
11.970000	0.000000	0.000596
11.980000	0.000000	0.000587
11.990000	0.000000	0.000579
12.000000	0.000000	0.000570
12.010000	0.000000	0.000561
12.020000	0.000000	0.000553
12.030000	0.000000	0.000545
12.040000	0.000000	0.000537
12.050000	0.000000	0.000530
12.060000	0.000000	0.000522
12.070000	0.000000	0.000515
12.080000	0.000000	0.000508
12.090000	0.000000	0.000500
12.100000	0.000000	0.000493
12.110000	0.000000	0.000486
12.120000	0.000000	0.000479
12.130000	0.000000	0.000472
12.140000	0.000000	0.000465
12.150000	0.000000	0.000458
12.160000	0.000000	0.000451
12.170000	0.000000	0.000444
12.180000	0.000000	0.000437
12.190000	0.000000	0.000430
12.200000	0.000000	0.000424
12.210000	0.000000	0.000418
12.220000	0.000000	0.000412
12.230000	0.000000	0.000406
12.240000	0.000000	0.000400
12.250000	0.000000	0.000394
12.260000	0.000000	0.000388
12.270000	0.000000	0.000382
12.280000	0.000000	0.000376
12.290000	0.000000	0.000371
12.300000	0.000000	0.000365
12.310000	0.000000	0.000360
12.320000	0.000000	0.000356
12.330000	0.000000	0.000351
12.340000	0.000000	0.000346
12.350000	0.000000	0.000341
12.360000	0.000000	0.000335
12.370000	0.000000	0.000331
12.380000	0.000000	0.000326
12.390000	0.000000	0.000321
12.400000	0.000000	0.000317
12.410000	0.000000	0.000312
12.420000	0.000000	0.000307
12.430000	0.000000	0.000302
12.440000	0.000000	0.000298
12.450000	0.000000	0.000293
12.460000	0.000000	0.000289
12.470000	0.000000	0.000285
12.480000	0.000000	0.000281
12.490000	0.000000	0.000276
12.500000	0.000000	0.000272
12.510000	0.000000	0.000268
12.520000	0.000000	0.000264
12.530000	0.000000	0.000260
12.540000	0.000000	0.000256
12.550000	0.000000	0.000252
12.560000	0.000000	0.000249
12.570000	0.000000	0.000245
12.580000	0.000000	0.000242
12.590000	0.000000	0.000238
12.600000	0.000000	0.000235
12.610000	0.000000	0.000232
12.620000	0.000000	0.000229
12.630000	0.000000	0.000225
12.640000	0.000000	0.000222
12.650000	0.000000	0.000219
12.660000	0.000000	0.000216
12.670000	0.000000	0.000213
12.680000	0.000000	0.000209
12.690000	0.000000	0.000206
12.700000	0.000000	0.000203
12.710000	0.000000	0.000200
12.720000	0.000000	0.000197
12.730000	0.000000	0.000194
12.740000	0.000000	0.000191
12.750000	0.000000	0.000188
12.760000	0.000000	0.000185
12.770000	0.000000	0.000183
12.780000	0.000000	0.000180
12.790000	0.000000	0.000177
12.800000	0.000000	0.000175
12.810000	0.000000	0.000172
12.820000	0.000000	0.000170
12.830000	0.000000	0.000167
12.840000	0.000000	0.000165
12.850000	0.000000	0.000162
12.860000	0.000000	0.000160
12.870000	0.000000	0.000158
12.880000	0.000000	0.000156
12.890000	0.000000	0.000153
12.900000	0.000000	0.000151
12.910000	0.000000	0.000149
12.920000	0.000000	0.000147
12.930000	0.000000	0.000145
12.940000	0.000000	0.000143
12.950000	0.000000	0.000141
12.960000	0.000000	0.000138
12.970000	0.000000	0.000136
12.980000	0.000000	0.000134
12.990000	0.000000	0.000132
13.000000	0.000000	0.000130
13.010000	0.000000	0.000128
13.020000	0.000000	0.000126
13.030000	0.000000	0.000124
13.040000	0.000000	0.000123
13.050000	0.000000	0.000121
13.060000	0.000000	0.000119
13.070000	0.000000	0.000117
13.080000	0.000000	0.000116
13.090000	0.000000	0.000114
13.100000	0.000000	0.000112
13.110000	0.000000	0.000111
13.120000	0.000000	0.000109
13.130000	0.000000	0.000108
13.140000	0.000000	0.000106
13.150000	0.000000	0.000105
13.160000	0.000000	0.000103
13.170000	0.000000	0.000102
13.180000	0.000000	0.000100
13.190000	0.000000	0.000099
13.200000	0.000000	0.000097
13.210000	0.000000	0.000096
13.220000	0.000000	0.000094
13.230000	0.000000	0.000093
13.240000	0.000000	0.000092
13.250000	0.000000	0.000090
13.260000	0.000000	0.000089
13.270000	0.000000	0.000087
13.280000	0.000000	0.000086
13.290000	0.000000	0.000085
13.300000	0.000000	0.000084
13.310000	0.000000	0.000082
13.320000	0.000000	0.000081
13.330000	0.000000	0.000080
13.340000	0.000000	0.000079
13.350000	0.000000	0.000078
13.360000	0.000000	0.000077
13.370000	0.000000	0.000075
13.380000	0.000000	0.000074
13.390000	0.000000	0.000073
13.400000	0.000000	0.000072
13.410000	0.000000	0.000071
13.420000	0.000000	0.000070
13.430000	0.000000	0.000069
13.440000	0.000000	0.000068
13.450000	0.000000	0.000067
13.460000	0.000000	0.000066
13.470000	0.000000	0.000065
13.480000	0.000000	0.000064
13.490000	0.000000	0.000064
13.500000	0.000000	0.000063
13.510000	0.000000	0.000062
13.520000	0.000000	0.000061
13.530000	0.000000	0.000060
13.540000	0.000000	0.000059
13.550000	0.000000	0.000058
13.560000	0.000000	0.000057
13.570000	0.000000	0.000056
13.580000	0.000000	0.000055
13.590000	0.000000	0.000055
13.600000	0.000000	0.000054
13.610000	0.000000	0.000053
13.620000	0.000000	0.000052
13.630000	0.000000	0.000051
13.640000	0.000000	0.000051
13.650000	0.000000	0.000050
13.660000	0.000000	0.000049
13.670000	0.000000	0.000049
13.680000	0.000000	0.000048
13.690000	0.000000	0.000047
13.700000	0.000000	0.000047
13.710000	0.000000	0.000046
13.720000	0.000000	0.000045
13.730000	0.000000	0.000045
13.740000	0.000000	0.000044
13.750000	0.000000	0.000043
13.760000	0.000000	0.000043
13.770000	0.000000	0.000042
13.780000	0.000000	0.000041
13.790000	0.000000	0.000041
13.800000	0.000000	0.000040
13.810000	0.000000	0.000040
13.820000	0.000000	0.000039
13.830000	0.000000	0.000038
13.840000	0.000000	0.000038
13.850000	0.000000	0.000037
13.860000	0.000000	0.000037
13.870000	0.000000	0.000036
13.880000	0.000000	0.000036
13.890000	0.000000	0.000035
13.900000	0.000000	0.000035
13.910000	0.000000	0.000034
13.920000	0.000000	0.000034
13.930000	0.000000	0.000033
13.940000	0.000000	0.000033
13.950000	0.000000	0.000032
13.960000	0.000000	0.000032
13.970000	0.000000	0.000031
13.980000	0.000000	0.000031
13.990000	0.000000	0.000030
14.000000	0.000000	0.000030
14.010000	0.000000	0.000030
14.020000	0.000000	0.000029
14.030000	0.000000	0.000029
14.040000	0.000000	0.000028
14.050000	0.000000	0.000028
14.060000	0.000000	0.000027
14.070000	0.000000	0.000027
14.080000	0.000000	0.000027
14.090000	0.000000	0.000026
14.100000	0.000000	0.000026
14.110000	0.000000	0.000025
14.120000	0.000000	0.000025
14.130000	0.000000	0.000025
14.140000	0.000000	0.000024
14.150000	0.000000	0.000024
14.160000	0.000000	0.000024
14.170000	0.000000	0.000023
14.180000	0.000000	0.000023
14.190000	0.000000	0.000023
14.200000	0.000000	0.000022
14.210000	0.000000	0.000022
14.220000	0.000000	0.000022
14.230000	0.000000	0.000021
14.240000	0.000000	0.000021
14.250000	0.000000	0.000021
14.260000	0.000000	0.000021
14.270000	0.000000	0.000020
14.280000	0.000000	0.000020
14.290000	0.000000	0.000020
14.300000	0.000000	0.000019
14.310000	0.000000	0.000019
14.320000	0.000000	0.000019
14.330000	0.000000	0.000019
14.340000	0.000000	0.000018
14.350000	0.000000	0.000018
14.360000	0.000000	0.000018
14.370000	0.000000	0.000017
14.380000	0.000000	0.000017
14.390000	0.000000	0.000017
14.400000	0.000000	0.000017
14.410000	0.000000	0.000016
14.420000	0.000000	0.000016
14.430000	0.000000	0.000016
14.440000	0.000000	0.000016
14.450000	0.000000	0.000015
14.460000	0.000000	0.000015
14.470000	0.000000	0.000015
14.480000	0.000000	0.000015
14.490000	0.000000	0.000015
14.500000	0.000000	0.000014
14.510000	0.000000	0.000014
14.520000	0.000000	0.000014
14.530000	0.000000	0.000014
14.540000	0.000000	0.000014
14.550000	0.000000	0.000013
14.560000	0.000000	0.000013
14.570000	0.000000	0.000013
14.580000	0.000000	0.000013
14.590000	0.000000	0.000013
14.600000	0.000000	0.000012
14.610000	0.000000	0.000012
14.620000	0.000000	0.000012
14.630000	0.000000	0.000012
14.640000	0.000000	0.000012
14.650000	0.000000	0.000012
14.660000	0.000000	0.000011
14.670000	0.000000	0.000011
14.680000	0.000000	0.000011
14.690000	0.000000	0.000011
14.700000	0.000000	0.000011
14.710000	0.000000	0.000011
14.720000	0.000000	0.000010
14.730000	0.000000	0.000010
14.740000	0.000000	0.000010
14.750000	0.000000	0.000010
14.760000	0.000000	0.000010
14.770000	0.000000	0.000010
14.780000	0.000000	0.000010
14.790000	0.000000	0.000009
14.800000	0.000000	0.000009
14.810000	0.000000	0.000009
14.820000	0.000000	0.000009
14.830000	0.000000	0.000009
14.840000	0.000000	0.000009
14.850000	0.000000	0.000009
14.860000	0.000000	0.000009
14.870000	0.000000	0.000008
14.880000	0.000000	0.000008
14.890000	0.000000	0.000008
14.900000	0.000000	0.000008
14.910000	0.000000	0.000008
14.920000	0.000000	0.000008
14.930000	0.000000	0.000008
14.940000	0.000000	0.000008
14.950000	0.000000	0.000007
14.960000	0.000000	0.000007
14.970000	0.000000	0.000007
14.980000	0.000000	0.000007
14.990000	0.000000	0.000007
15.000000	0.000000	0.000007
15.010000	0.000000	0.000007
15.020000	0.000000	0.000007
15.030000	0.000000	0.000007
15.040000	0.000000	0.000007
15.050000	0.000000	0.000006
15.060000	0.000000	0.000006
15.070000	0.000000	0.000006
15.080000	0.000000	0.000006
15.090000	0.000000	0.000006
15.100000	0.000000	0.000006
15.110000	0.000000	0.000006
15.120000	0.000000	0.000006
15.130000	0.000000	0.000006
15.140000	0.000000	0.000006
15.150000	0.000000	0.000006
15.160000	0.000000	0.000005
15.170000	0.000000	0.000005
15.180000	0.000000	0.000005
15.190000	0.000000	0.000005
15.200000	0.000000	0.000005
15.210000	0.000000	0.000005
15.220000	0.000000	0.000005
15.230000	0.000000	0.000005
15.240000	0.000000	0.000005
15.250000	0.000000	0.000005
15.260000	0.000000	0.000005
15.270000	0.000000	0.000005
15.280000	0.000000	0.000005
15.290000	0.000000	0.000005
15.300000	0.000000	0.000004
15.310000	0.000000	0.000004
15.320000	0.000000	0.000004
15.330000	0.000000	0.000004
15.340000	0.000000	0.000004
15.350000	0.000000	0.000004
15.360000	0.000000	0.000004
15.370000	0.000000	0.000004
15.380000	0.000000	0.000004
15.390000	0.000000	0.000004
15.400000	0.000000	0.000004
15.410000	0.000000	0.000004
15.420000	0.000000	0.000004
15.430000	0.000000	0.000004
15.440000	0.000000	0.000004
15.450000	0.000000	0.000004
15.460000	0.000000	0.000004
15.470000	0.000000	0.000003
15.480000	0.000000	0.000003
15.490000	0.000000	0.000003
15.500000	0.000000	0.000003
15.510000	0.000000	0.000003
15.520000	0.000000	0.000003
15.530000	0.000000	0.000003
15.540000	0.000000	0.000003
15.550000	0.000000	0.000003
15.560000	0.000000	0.000003
15.570000	0.000000	0.000003
15.580000	0.000000	0.000003
15.590000	0.000000	0.000003
15.600000	0.000000	0.000003
15.610000	0.000000	0.000003
15.620000	0.000000	0.000003
15.630000	0.000000	0.000003
15.640000	0.000000	0.000003
15.650000	0.000000	0.000003
15.660000	0.000000	0.000003
15.670000	0.000000	0.000003
15.680000	0.000000	0.000003
15.690000	0.000000	0.000003
15.700000	0.000000	0.000003
15.710000	0.000000	0.000002
15.720000	0.000000	0.000002
15.730000	0.000000	0.000002
15.740000	0.000000	0.000002
15.750000	0.000000	0.000002
15.760000	0.000000	0.000002
15.770000	0.000000	0.000002
15.780000	0.000000	0.000002
15.790000	0.000000	0.000002
15.800000	0.000000	0.000002
15.810000	0.000000	0.000002
15.820000	0.000000	0.000002
15.830000	0.000000	0.000002
15.840000	0.000000	0.000002
15.850000	0.000000	0.000002
15.860000	0.000000	0.000002
15.870000	0.000000	0.000002
15.880000	0.000000	0.000002
15.890000	0.000000	0.000002
15.900000	0.000000	0.000002
15.910000	0.000000	0.000002
15.920000	0.000000	0.000002
15.930000	0.000000	0.000002
15.940000	0.000000	0.000002
15.950000	0.000000	0.000002
15.960000	0.000000	0.000002
15.970000	0.000000	0.000002
15.980000	0.000000	0.000002
15.990000	0.000000	0.000002
16.000000	0.000000	0.000002
16.010000	0.000000	0.000002
16.020000	0.000000	0.000002
16.030000	0.000000	0.000002
16.040000	0.000000	0.000002
16.050000	0.000000	0.000001
16.060000	0.000000	0.000001
16.070000	0.000000	0.000001
16.080000	0.000000	0.000001
16.090000	0.000000	0.000001
16.100000	0.000000	0.000001
16.110000	0.000000	0.000001
16.120000	0.000000	0.000001
16.130000	0.000000	0.000001
16.140000	0.000000	0.000001
16.150000	0.000000	0.000001
16.160000	0.000000	0.000001
16.170000	0.000000	0.000001
16.180000	0.000000	0.000001
16.190000	0.000000	0.000001
16.200000	0.000000	0.000001
16.210000	0.000000	0.000001
16.220000	0.000000	0.000001
16.230000	0.000000	0.000001
16.240000	0.000000	0.000001
16.250000	0.000000	0.000001
16.260000	0.000000	0.000001
16.270000	0.000000	0.000001
16.280000	0.000000	0.000001
16.290000	0.000000	0.000001
16.300000	0.000000	0.000001
16.310000	0.000000	0.000001
16.320000	0.000000	0.000001
16.330000	0.000000	1.0e-06
16.340000	0.000000	9.8e-07
16.350000	0.000000	9.7e-07
16.360000	0.000000	9.5e-07
16.370000	0.000000	9.4e-07
16.380000	0.000000	9.3e-07
16.390000	0.000000	9.1e-07
16.400000	0.000000	9.0e-07
16.410000	0.000000	8.9e-07
16.420000	0.000000	8.8e-07
16.430000	0.000000	8.7e-07
16.440000	0.000000	8.5e-07
16.450000	0.000000	8.4e-07
16.460000	0.000000	8.3e-07
16.470000	0.000000	8.2e-07
16.480000	0.000000	8.1e-07
16.490000	0.000000	7.9e-07
16.500000	0.000000	7.8e-07
16.510000	0.000000	7.7e-07
16.520000	0.000000	7.6e-07
16.530000	0.000000	7.5e-07
16.540000	0.000000	7.4e-07
16.550000	0.000000	7.2e-07
16.560000	0.000000	7.1e-07
16.570000	0.000000	7.0e-07
16.580000	0.000000	6.9e-07
16.590000	0.000000	6.8e-07
16.600000	0.000000	6.7e-07
16.610000	0.000000	6.6e-07
16.620000	0.000000	6.5e-07
16.630000	0.000000	6.4e-07
16.640000	0.000000	6.4e-07
16.650000	0.000000	6.3e-07
16.660000	0.000000	6.2e-07
16.670000	0.000000	6.1e-07
16.680000	0.000000	6.0e-07
16.690000	0.000000	5.9e-07
16.700000	0.000000	5.9e-07
16.710000	0.000000	5.8e-07
16.720000	0.000000	5.7e-07
16.730000	0.000000	5.6e-07
16.740000	0.000000	5.5e-07
16.750000	0.000000	5.4e-07
16.760000	0.000000	5.4e-07
16.770000	0.000000	5.3e-07
16.780000	0.000000	5.2e-07
16.790000	0.000000	5.1e-07
16.800000	0.000000	5.1e-07
16.810000	0.000000	5.0e-07
16.820000	0.000000	4.9e-07
16.830000	0.000000	4.8e-07
16.840000	0.000000	4.8e-07
16.850000	0.000000	4.7e-07
16.860000	0.000000	4.6e-07
16.870000	0.000000	4.6e-07
16.880000	0.000000	4.5e-07
16.890000	0.000000	4.4e-07
16.900000	0.000000	4.4e-07
16.910000	0.000000	4.3e-07
16.920000	0.000000	4.2e-07
16.930000	0.000000	4.2e-07
16.940000	0.000000	4.1e-07
16.950000	0.000000	4.1e-07
16.960000	0.000000	4.0e-07
16.970000	0.000000	4.0e-07
16.980000	0.000000	3.9e-07
16.990000	0.000000	3.8e-07
17.000000	0.000000	3.8e-07
17.010000	0.000000	3.7e-07
17.020000	0.000000	3.7e-07
17.030000	0.000000	3.6e-07
17.040000	0.000000	3.6e-07
17.050000	0.000000	3.5e-07
17.060000	0.000000	3.5e-07
17.070000	0.000000	3.4e-07
17.080000	0.000000	3.4e-07
17.090000	0.000000	3.3e-07
17.100000	0.000000	3.3e-07
17.110000	0.000000	3.2e-07
17.120000	0.000000	3.2e-07
17.130000	0.000000	3.1e-07
17.140000	0.000000	3.1e-07
17.150000	0.000000	3.0e-07
17.160000	0.000000	3.0e-07
17.170000	0.000000	2.9e-07
17.180000	0.000000	2.9e-07
17.190000	0.000000	2.9e-07
17.200000	0.000000	2.8e-07
17.210000	0.000000	2.8e-07
17.220000	0.000000	2.7e-07
17.230000	0.000000	2.7e-07
17.240000	0.000000	2.7e-07
17.250000	0.000000	2.6e-07
17.260000	0.000000	2.6e-07
17.270000	0.000000	2.6e-07
17.280000	0.000000	2.5e-07
17.290000	0.000000	2.5e-07
17.300000	0.000000	2.5e-07
17.310000	0.000000	2.4e-07
17.320000	0.000000	2.4e-07
17.330000	0.000000	2.3e-07
17.340000	0.000000	2.3e-07
17.350000	0.000000	2.3e-07
17.360000	0.000000	2.2e-07
17.370000	0.000000	2.2e-07
17.380000	0.000000	2.2e-07
17.390000	0.000000	2.1e-07
17.400000	0.000000	2.1e-07
17.410000	0.000000	2.1e-07
17.420000	0.000000	2.1e-07
17.430000	0.000000	2.0e-07
17.440000	0.000000	2.0e-07
17.450000	0.000000	2.0e-07
17.460000	0.000000	1.9e-07
17.470000	0.000000	1.9e-07
17.480000	0.000000	1.9e-07
17.490000	0.000000	1.9e-07
17.500000	0.000000	1.8e-07
17.510000	0.000000	1.8e-07
17.520000	0.000000	1.8e-07
17.530000	0.000000	1.8e-07
17.540000	0.000000	1.7e-07
17.550000	0.000000	1.7e-07
17.560000	0.000000	1.7e-07
17.570000	0.000000	1.7e-07
17.580000	0.000000	1.6e-07
17.590000	0.000000	1.6e-07
17.600000	0.000000	1.6e-07
17.610000	0.000000	1.6e-07
17.620000	0.000000	1.5e-07
17.630000	0.000000	1.5e-07
17.640000	0.000000	1.5e-07
17.650000	0.000000	1.5e-07
17.660000	0.000000	1.4e-07
17.670000	0.000000	1.4e-07
17.680000	0.000000	1.4e-07
17.690000	0.000000	1.4e-07
17.700000	0.000000	1.4e-07
17.710000	0.000000	1.3e-07
17.720000	0.000000	1.3e-07
17.730000	0.000000	1.3e-07
17.740000	0.000000	1.3e-07
17.750000	0.000000	1.3e-07
17.760000	0.000000	1.3e-07
17.770000	0.000000	1.2e-07
17.780000	0.000000	1.2e-07
17.790000	0.000000	1.2e-07
17.800000	0.000000	1.2e-07
17.810000	0.000000	1.2e-07
17.820000	0.000000	1.2e-07
17.830000	0.000000	1.1e-07
17.840000	0.000000	1.1e-07
17.850000	0.000000	1.1e-07
17.860000	0.000000	1.1e-07
17.870000	0.000000	1.1e-07
17.880000	0.000000	1.1e-07
17.890000	0.000000	1.0e-07
17.900000	0.000000	1.0e-07
17.910000	0.000000	1.0e-07
17.920000	0.000000	1.0e-07
17.930000	0.000000	9.8e-08
17.940000	0.000000	9.7e-08
17.950000	0.000000	9.5e-08
17.960000	0.000000	9.4e-08
17.970000	0.000000	9.3e-08
17.980000	0.000000	9.1e-08
17.990000	0.000000	9.0e-08
18.000000	0.000000	8.9e-08
18.010000	0.000000	8.7e-08
18.020000	0.000000	8.6e-08
18.030000	0.000000	8.5e-08
18.040000	0.000000	8.4e-08
18.050000	0.000000	8.3e-08
18.060000	0.000000	8.1e-08
18.070000	0.000000	8.0e-08
18.080000	0.000000	7.9e-08
18.090000	0.000000	7.8e-08
18.100000	0.000000	7.7e-08
18.110000	0.000000	7.6e-08
18.120000	0.000000	7.5e-08
18.130000	0.000000	7.4e-08
18.140000	0.000000	7.3e-08
18.150000	0.000000	7.2e-08
18.160000	0.000000	7.1e-08
18.170000	0.000000	7.0e-08
18.180000	0.000000	6.9e-08
18.190000	0.000000	6.7e-08
18.200000	0.000000	6.6e-08
18.210000	0.000000	6.5e-08
18.220000	0.000000	6.4e-08
18.230000	0.000000	6.3e-08
18.240000	0.000000	6.3e-08
18.250000	0.000000	6.2e-08
18.260000	0.000000	6.1e-08
18.270000	0.000000	6.0e-08
18.280000	0.000000	5.9e-08
18.290000	0.000000	5.8e-08
18.300000	0.000000	5.8e-08
18.310000	0.000000	5.7e-08
18.320000	0.000000	5.6e-08
18.330000	0.000000	5.5e-08
18.340000	0.000000	5.4e-08
18.350000	0.000000	5.4e-08
18.360000	0.000000	5.3e-08
18.370000	0.000000	5.2e-08
18.380000	0.000000	5.1e-08
18.390000	0.000000	5.1e-08
18.400000	0.000000	5.0e-08
18.410000	0.000000	4.9e-08
18.420000	0.000000	4.8e-08
18.430000	0.000000	4.8e-08
18.440000	0.000000	4.7e-08
18.450000	0.000000	4.6e-08
18.460000	0.000000	4.6e-08
18.470000	0.000000	4.5e-08
18.480000	0.000000	4.4e-08
18.490000	0.000000	4.4e-08
18.500000	0.000000	4.3e-08
18.510000	0.000000	4.2e-08
18.520000	0.000000	4.2e-08
18.530000	0.000000	4.1e-08
18.540000	0.000000	4.1e-08
18.550000	0.000000	4.0e-08
18.560000	0.000000	3.9e-08
18.570000	0.000000	3.9e-08
18.580000	0.000000	3.8e-08
18.590000	0.000000	3.8e-08
18.600000	0.000000	3.7e-08
18.610000	0.000000	3.7e-08
18.620000	0.000000	3.6e-08
18.630000	0.000000	3.6e-08
18.640000	0.000000	3.5e-08
18.650000	0.000000	3.5e-08
18.660000	0.000000	3.4e-08
18.670000	0.000000	3.4e-08
18.680000	0.000000	3.3e-08
18.690000	0.000000	3.3e-08
18.700000	0.000000	3.2e-08
18.710000	0.000000	3.2e-08
18.720000	0.000000	3.1e-08
18.730000	0.000000	3.1e-08
18.740000	0.000000	3.0e-08
18.750000	0.000000	3.0e-08
18.760000	0.000000	3.0e-08
18.770000	0.000000	2.9e-08
18.780000	0.000000	2.9e-08
18.790000	0.000000	2.8e-08
18.800000	0.000000	2.8e-08
18.810000	0.000000	2.7e-08
18.820000	0.000000	2.7e-08
18.830000	0.000000	2.7e-08
18.840000	0.000000	2.6e-08
18.850000	0.000000	2.6e-08
18.860000	0.000000	2.6e-08
18.870000	0.000000	2.5e-08
18.880000	0.000000	2.5e-08
18.890000	0.000000	2.5e-08
18.900000	0.000000	2.4e-08
18.910000	0.000000	2.4e-08
18.920000	0.000000	2.4e-08
18.930000	0.000000	2.3e-08
18.940000	0.000000	2.3e-08
18.950000	0.000000	2.3e-08
18.960000	0.000000	2.2e-08
18.970000	0.000000	2.2e-08
18.980000	0.000000	2.2e-08
18.990000	0.000000	2.1e-08
19.000000	0.000000	2.1e-08
19.010000	0.000000	2.1e-08
19.020000	0.000000	2.0e-08
19.030000	0.000000	2.0e-08
19.040000	0.000000	2.0e-08
19.050000	0.000000	1.9e-08
19.060000	0.000000	1.9e-08
19.070000	0.000000	1.9e-08
19.080000	0.000000	1.9e-08
19.090000	0.000000	1.8e-08
19.100000	0.000000	1.8e-08
19.110000	0.000000	1.8e-08
19.120000	0.000000	1.8e-08
19.130000	0.000000	1.7e-08
19.140000	0.000000	1.7e-08
19.150000	0.000000	1.7e-08
19.160000	0.000000	1.7e-08
19.170000	0.000000	1.6e-08
19.180000	0.000000	1.6e-08
19.190000	0.000000	1.6e-08
19.200000	0.000000	1.6e-08
19.210000	0.000000	1.6e-08
19.220000	0.000000	1.5e-08
19.230000	0.000000	1.5e-08
19.240000	0.000000	1.5e-08
19.250000	0.000000	1.5e-08
19.260000	0.000000	1.4e-08
19.270000	0.000000	1.4e-08
19.280000	0.000000	1.4e-08
19.290000	0.000000	1.4e-08
19.300000	0.000000	1.4e-08
19.310000	0.000000	1.3e-08
19.320000	0.000000	1.3e-08
19.330000	0.000000	1.3e-08
19.340000	0.000000	1.3e-08
19.350000	0.000000	1.3e-08
19.360000	0.000000	1.2e-08
19.370000	0.000000	1.2e-08
19.380000	0.000000	1.2e-08
19.390000	0.000000	1.2e-08
19.400000	0.000000	1.2e-08
19.410000	0.000000	1.2e-08
19.420000	0.000000	1.1e-08
19.430000	0.000000	1.1e-08
19.440000	0.000000	1.1e-08
19.450000	0.000000	1.1e-08
19.460000	0.000000	1.1e-08
19.470000	0.000000	1.1e-08
19.480000	0.000000	1.1e-08
19.490000	0.000000	1.0e-08
19.500000	0.000000	1.0e-08
19.510000	0.000000	1.0e-08
19.520000	0.000000	9.9e-09
19.530000	0.000000	9.8e-09
19.540000	0.000000	9.6e-09
19.550000	0.000000	9.5e-09
19.560000	0.000000	9.4e-09
19.570000	0.000000	9.2e-09
19.580000	0.000000	9.1e-09
19.590000	0.000000	8.9e-09
19.600000	0.000000	8.8e-09
19.610000	0.000000	8.7e-09
19.620000	0.000000	8.5e-09
19.630000	0.000000	8.4e-09
19.640000	0.000000	8.3e-09
19.650000	0.000000	8.2e-09
19.660000	0.000000	8.1e-09
19.670000	0.000000	8.0e-09
19.680000	0.000000	7.9e-09
19.690000	0.000000	7.8e-09
19.700000	0.000000	7.6e-09
19.710000	0.000000	7.5e-09
19.720000	0.000000	7.4e-09
19.730000	0.000000	7.3e-09
19.740000	0.000000	7.2e-09
19.750000	0.000000	7.1e-09
19.760000	0.000000	7.0e-09
19.770000	0.000000	6.9e-09
19.780000	0.000000	6.8e-09
19.790000	0.000000	6.7e-09
19.800000	0.000000	6.6e-09
19.810000	0.000000	6.5e-09
19.820000	0.000000	6.4e-09
19.830000	0.000000	6.3e-09
19.840000	0.000000	6.2e-09
19.850000	0.000000	6.2e-09
19.860000	0.000000	6.1e-09
19.870000	0.000000	6.0e-09
19.880000	0.000000	5.9e-09
19.890000	0.000000	5.8e-09
19.900000	0.000000	5.7e-09
19.910000	0.000000	5.6e-09
19.920000	0.000000	5.5e-09
19.930000	0.000000	5.5e-09
19.940000	0.000000	5.4e-09
19.950000	0.000000	5.3e-09
19.960000	0.000000	5.3e-09
19.970000	0.000000	5.2e-09
19.980000	0.000000	5.1e-09
19.990000	0.000000	5.0e-09
20.000000	0.000000	5.0e-09
20.010000	0.000000	4.9e-09
20.020000	0.000000	4.8e-09
20.030000	0.000000	4.8e-09
20.040000	0.000000	4.7e-09
20.050000	0.000000	4.6e-09
20.060000	0.000000	4.6e-09
20.070000	0.000000	4.5e-09
20.080000	0.000000	4.4e-09
20.090000	0.000000	4.4e-09
20.100000	0.000000	4.3e-09
20.110000	0.000000	4.2e-09
20.120000	0.000000	4.2e-09
20.130000	0.000000	4.1e-09
20.140000	0.000000	4.0e-09
20.150000	0.000000	4.0e-09
20.160000	0.000000	3.9e-09
20.170000	0.000000	3.9e-09
20.180000	0.000000	3.8e-09
20.190000	0.000000	3.8e-09
20.200000	0.000000	3.7e-09
20.210000	0.000000	3.7e-09
20.220000	0.000000	3.6e-09
20.230000	0.000000	3.6e-09
20.240000	0.000000	3.5e-09
20.250000	0.000000	3.5e-09
20.260000	0.000000	3.4e-09
20.270000	0.000000	3.4e-09
20.280000	0.000000	3.3e-09
20.290000	0.000000	3.3e-09
20.300000	0.000000	3.2e-09
20.310000	0.000000	3.2e-09
20.320000	0.000000	3.1e-09
20.330000	0.000000	3.1e-09
20.340000	0.000000	3.1e-09
20.350000	0.000000	3.0e-09
20.360000	0.000000	3.0e-09
20.370000	0.000000	2.9e-09
20.380000	0.000000	2.9e-09
20.390000	0.000000	2.8e-09
20.400000	0.000000	2.8e-09
20.410000	0.000000	2.7e-09
20.420000	0.000000	2.7e-09
20.430000	0.000000	2.7e-09
20.440000	0.000000	2.6e-09
20.450000	0.000000	2.6e-09
20.460000	0.000000	2.6e-09
20.470000	0.000000	2.5e-09
20.480000	0.000000	2.5e-09
20.490000	0.000000	2.4e-09
20.500000	0.000000	2.4e-09
20.510000	0.000000	2.4e-09
20.520000	0.000000	2.4e-09
20.530000	0.000000	2.3e-09
20.540000	0.000000	2.3e-09
20.550000	0.000000	2.3e-09
20.560000	0.000000	2.2e-09
20.570000	0.000000	2.2e-09
20.580000	0.000000	2.2e-09
20.590000	0.000000	2.1e-09
20.600000	0.000000	2.1e-09
20.610000	0.000000	2.1e-09
20.620000	0.000000	2.0e-09
20.630000	0.000000	2.0e-09
20.640000	0.000000	2.0e-09
20.650000	0.000000	2.0e-09
20.660000	0.000000	1.9e-09
20.670000	0.000000	1.9e-09
20.680000	0.000000	1.9e-09
20.690000	0.000000	1.8e-09
20.700000	0.000000	1.8e-09
20.710000	0.000000	1.8e-09
20.720000	0.000000	1.8e-09
20.730000	0.000000	1.7e-09
20.740000	0.000000	1.7e-09
20.750000	0.000000	1.7e-09
20.760000	0.000000	1.7e-09
20.770000	0.000000	1.6e-09
20.780000	0.000000	1.6e-09
20.790000	0.000000	1.6e-09
20.800000	0.000000	1.6e-09
20.810000	0.000000	1.6e-09
20.820000	0.000000	1.5e-09
20.830000	0.000000	1.5e-09
20.840000	0.000000	1.5e-09
20.850000	0.000000	1.5e-09
20.860000	0.000000	1.4e-09
20.870000	0.000000	1.4e-09
20.880000	0.000000	1.4e-09
20.890000	0.000000	1.4e-09
20.900000	0.000000	1.4e-09
20.910000	0.000000	1.3e-09
20.920000	0.000000	1.3e-09
20.930000	0.000000	1.3e-09
20.940000	0.000000	1.3e-09
20.950000	0.000000	1.3e-09
20.960000	0.000000	1.2e-09
20.970000	0.000000	1.2e-09
20.980000	0.000000	1.2e-09
20.990000	0.000000	1.2e-09
21.000000	0.000000	1.2e-09
21.010000	0.000000	1.2e-09
21.020000	0.000000	1.1e-09
21.030000	0.000000	1.1e-09
21.040000	0.000000	1.1e-09
21.050000	0.000000	1.1e-09
21.060000	0.000000	1.1e-09
21.070000	0.000000	1.1e-09
21.080000	0.000000	1.1e-09
21.090000	0.000000	1.0e-09
21.100000	0.000000	1.0e-09
21.110000	0.000000	1.0e-09
21.120000	0.000000	9.9e-10
21.130000	0.000000	9.8e-10
21.140000	0.000000	9.7e-10
21.150000	0.000000	9.5e-10
21.160000	0.000000	9.4e-10
21.170000	0.000000	9.3e-10
21.180000	0.000000	9.1e-10
21.190000	0.000000	9.0e-10
21.200000	0.000000	8.9e-10
21.210000	0.000000	8.7e-10
21.220000	0.000000	8.6e-10
21.230000	0.000000	8.5e-10
21.240000	0.000000	8.4e-10
21.250000	0.000000	8.2e-10
21.260000	0.000000	8.1e-10
21.270000	0.000000	8.0e-10
21.280000	0.000000	7.9e-10
21.290000	0.000000	7.7e-10
21.300000	0.000000	7.6e-10
21.310000	0.000000	7.5e-10
21.320000	0.000000	7.4e-10
21.330000	0.000000	7.3e-10
21.340000	0.000000	7.2e-10
21.350000	0.000000	7.1e-10
21.360000	0.000000	7.0e-10
21.370000	0.000000	6.9e-10
21.380000	0.000000	6.8e-10
21.390000	0.000000	6.7e-10
21.400000	0.000000	6.7e-10
21.410000	0.000000	6.6e-10
21.420000	0.000000	6.5e-10
21.430000	0.000000	6.4e-10
21.440000	0.000000	6.3e-10
21.450000	0.000000	6.2e-10
21.460000	0.000000	6.1e-10
21.470000	0.000000	6.0e-10
21.480000	0.000000	5.9e-10
21.490000	0.000000	5.8e-10
21.500000	0.000000	5.8e-10
21.510000	0.000000	5.7e-10
21.520000	0.000000	5.6e-10
21.530000	0.000000	5.5e-10
21.540000	0.000000	5.4e-10
21.550000	0.000000	5.3e-10
21.560000	0.000000	5.3e-10
21.570000	0.000000	5.2e-10
21.580000	0.000000	5.1e-10
21.590000	0.000000	5.0e-10
21.600000	0.000000	5.0e-10
21.610000	0.000000	4.9e-10
21.620000	0.000000	4.8e-10
21.630000	0.000000	4.8e-10
21.640000	0.000000	4.7e-10
21.650000	0.000000	4.6e-10
21.660000	0.000000	4.6e-10
21.670000	0.000000	4.5e-10
21.680000	0.000000	4.5e-10
21.690000	0.000000	4.4e-10
21.700000	0.000000	4.3e-10
21.710000	0.000000	4.3e-10
21.720000	0.000000	4.2e-10
21.730000	0.000000	4.1e-10
21.740000	0.000000	4.1e-10
21.750000	0.000000	4.0e-10
21.760000	0.000000	4.0e-10
21.770000	0.000000	3.9e-10
21.780000	0.000000	3.9e-10
21.790000	0.000000	3.8e-10
21.800000	0.000000	3.7e-10
21.810000	0.000000	3.7e-10
21.820000	0.000000	3.6e-10
21.830000	0.000000	3.6e-10
21.840000	0.000000	3.5e-10
21.850000	0.000000	3.5e-10
21.860000	0.000000	3.4e-10
21.870000	0.000000	3.4e-10
21.880000	0.000000	3.3e-10
21.890000	0.000000	3.3e-10
21.900000	0.000000	3.2e-10
21.910000	0.000000	3.2e-10
21.920000	0.000000	3.2e-10
21.930000	0.000000	3.1e-10
21.940000	0.000000	3.1e-10
21.950000	0.000000	3.0e-10
21.960000	0.000000	3.0e-10
21.970000	0.000000	2.9e-10
21.980000	0.000000	2.9e-10
21.990000	0.000000	2.9e-10
22.000000	0.000000	2.8e-10
22.010000	0.000000	2.8e-10
22.020000	0.000000	2.7e-10
22.030000	0.000000	2.7e-10
22.040000	0.000000	2.7e-10
22.050000	0.000000	2.6e-10
22.060000	0.000000	2.6e-10
22.070000	0.000000	2.5e-10
22.080000	0.000000	2.5e-10
22.090000	0.000000	2.5e-10
22.100000	0.000000	2.4e-10
22.110000	0.000000	2.4e-10
22.120000	0.000000	2.4e-10
22.130000	0.000000	2.3e-10
22.140000	0.000000	2.3e-10
22.150000	0.000000	2.3e-10
22.160000	0.000000	2.2e-10
22.170000	0.000000	2.2e-10
22.180000	0.000000	2.2e-10
22.190000	0.000000	2.1e-10
22.200000	0.000000	2.1e-10
22.210000	0.000000	2.1e-10
22.220000	0.000000	2.1e-10
22.230000	0.000000	2.0e-10
22.240000	0.000000	2.0e-10
22.250000	0.000000	2.0e-10
22.260000	0.000000	1.9e-10
22.270000	0.000000	1.9e-10
22.280000	0.000000	1.9e-10
22.290000	0.000000	1.9e-10
22.300000	0.000000	1.8e-10
22.310000	0.000000	1.8e-10
22.320000	0.000000	1.8e-10
22.330000	0.000000	1.8e-10
22.340000	0.000000	1.7e-10
22.350000	0.000000	1.7e-10
22.360000	0.000000	1.7e-10
22.370000	0.000000	1.6e-10
22.380000	0.000000	1.6e-10
22.390000	0.000000	1.6e-10
22.400000	0.000000	1.6e-10
22.410000	0.000000	1.6e-10
22.420000	0.000000	1.5e-10
22.430000	0.000000	1.5e-10
22.440000	0.000000	1.5e-10
22.450000	0.000000	1.5e-10
22.460000	0.000000	1.5e-10
22.470000	0.000000	1.4e-10
22.480000	0.000000	1.4e-10
22.490000	0.000000	1.4e-10
22.500000	0.000000	1.4e-10
22.510000	0.000000	1.4e-10
22.520000	0.000000	1.3e-10
22.530000	0.000000	1.3e-10
22.540000	0.000000	1.3e-10
22.550000	0.000000	1.3e-10
22.560000	0.000000	1.3e-10
22.570000	0.000000	1.2e-10
22.580000	0.000000	1.2e-10
22.590000	0.000000	1.2e-10
22.600000	0.000000	1.2e-10
22.610000	0.000000	1.2e-10
22.620000	0.000000	1.2e-10
22.630000	0.000000	1.1e-10
22.640000	0.000000	1.1e-10
22.650000	0.000000	1.1e-10
22.660000	0.000000	1.1e-10
22.670000	0.000000	1.1e-10
22.680000	0.000000	1.1e-10
22.690000	0.000000	1.0e-10
22.700000	0.000000	1.0e-10
22.710000	0.000000	1.0e-10
22.720000	0.000000	1.0e-10
22.730000	0.000000	9.9e-11
22.740000	0.000000	9.8e-11
22.750000	0.000000	9.6e-11
22.760000	0.000000	9.5e-11
22.770000	0.000000	9.4e-11
22.780000	0.000000	9.2e-11
22.790000	0.000000	9.1e-11
22.800000	0.000000	9.0e-11
22.810000	0.000000	8.9e-11
22.820000	0.000000	8.7e-11
22.830000	0.000000	8.6e-11
22.840000	0.000000	8.5e-11
22.850000	0.000000	8.4e-11
22.860000	0.000000	8.2e-11
22.870000	0.000000	8.1e-11
22.880000	0.000000	8.0e-11
22.890000	0.000000	7.9e-11
22.900000	0.000000	7.7e-11
22.910000	0.000000	7.6e-11
22.920000	0.000000	7.4e-11
22.930000	0.000000	6.9e-11
22.940000	0.000000	6.8e-11
22.950000	0.000000	6.7e-11
22.960000	0.000000	6.6e-11
22.970000	0.000000	6.6e-11
22.980000	0.000000	6.5e-11
22.990000	0.000000	6.4e-11
23.000000	0.000000	6.3e-11
23.010000	0.000000	6.2e-11
23.020000	0.000000	6.2e-11
23.030000	0.000000	6.1e-11
23.040000	0.000000	6.0e-11
23.050000	0.000000	5.9e-11
23.060000	0.000000	5.8e-11
23.070000	0.000000	5.8e-11
23.080000	0.000000	5.7e-11
23.090000	0.000000	5.6e-11
23.100000	0.000000	5.5e-11
23.110000	0.000000	5.4e-11
23.120000	0.000000	5.3e-11
23.130000	0.000000	5.3e-11
23.140000	0.000000	5.2e-11
23.150000	0.000000	5.1e-11
23.160000	0.000000	5.0e-11
23.170000	0.000000	5.0e-11
23.180000	0.000000	4.9e-11
23.190000	0.000000	4.8e-11
23.200000	0.000000	4.7e-11
23.210000	0.000000	4.6e-11
23.220000	0.000000	4.6e-11
23.230000	0.000000	4.5e-11
23.240000	0.000000	4.5e-11
23.250000	0.000000	4.4e-11
23.260000	0.000000	4.3e-11
23.270000	0.000000	4.3e-11
23.280000	0.000000	4.2e-11
23.290000	0.000000	4.2e-11
23.300000	0.000000	4.1e-11
23.310000	0.000000	4.1e-11
23.320000	0.000000	4.0e-11
23.330000	0.000000	4.0e-11
23.340000	0.000000	3.9e-11
23.350000	0.000000	3.9e-11
23.360000	0.000000	3.8e-11
23.370000	0.000000	3.7e-11
23.380000	0.000000	3.7e-11
23.390000	0.000000	3.6e-11
23.400000	0.000000	3.6e-11
23.410000	0.000000	3.5e-11
23.420000	0.000000	3.5e-11
23.430000	0.000000	3.4e-11
23.440000	0.000000	3.4e-11
23.450000	0.000000	3.3e-11
23.460000	0.000000	3.3e-11
23.470000	0.000000	3.2e-11
23.480000	0.000000	3.2e-11
23.490000	0.000000	3.1e-11
23.500000	0.000000	3.1e-11
23.510000	0.000000	3.0e-11
23.520000	0.000000	3.0e-11
23.530000	0.000000	3.0e-11
23.540000	0.000000	2.9e-11
23.550000	0.000000	2.9e-11
23.560000	0.000000	2.8e-11
23.570000	0.000000	2.8e-11
23.580000	0.000000	2.8e-11
23.590000	0.000000	2.7e-11
23.600000	0.000000	2.7e-11
23.610000	0.000000	2.7e-11
23.620000	0.000000	2.6e-11
23.630000	0.000000	2.6e-11
23.640000	0.000000	2.5e-11
23.650000	0.000000	2.5e-11
23.660000	0.000000	2.5e-11
23.670000	0.000000	2.4e-11
23.680000	0.000000	2.4e-11
23.690000	0.000000	2.4e-11
23.700000	0.000000	2.3e-11
23.710000	0.000000	2.3e-11
23.720000	0.000000	2.3e-11
23.730000	0.000000	2.2e-11
23.740000	0.000000	2.2e-11
23.750000	0.000000	2.2e-11
23.760000	0.000000	2.1e-11
23.770000	0.000000	2.1e-11
23.780000	0.000000	2.1e-11
23.790000	0.000000	2.0e-11
23.800000	0.000000	2.0e-11
23.810000	0.000000	2.0e-11
23.820000	0.000000	2.0e-11
23.830000	0.000000	1.9e-11
23.840000	0.000000	1.9e-11
23.850000	0.000000	1.9e-11
23.860000	0.000000	1.9e-11
23.870000	0.000000	1.8e-11
23.880000	0.000000	1.8e-11
23.890000	0.000000	1.8e-11
23.900000	0.000000	1.8e-11
23.910000	0.000000	1.7e-11
23.920000	0.000000	1.7e-11
23.930000	0.000000	1.7e-11
23.940000	0.000000	1.7e-11
23.950000	0.000000	1.6e-11
23.960000	0.000000	1.6e-11
23.970000	0.000000	1.6e-11
23.980000	0.000000	1.6e-11
23.990000	0.000000	1.5e-11
24.000000	0.000000	1.5e-11
24.010000	0.000000	1.5e-11
24.020000	0.000000	1.5e-11
24.030000	0.000000	1.4e-11
24.040000	0.000000	1.4e-11
24.050000	0.000000	1.4e-11
24.060000	0.000000	1.4e-11
24.070000	0.000000	1.4e-11
24.080000	0.000000	1.3e-11
24.090000	0.000000	1.3e-11
24.100000	0.000000	1.3e-11
24.110000	0.000000	1.3e-11
24.120000	0.000000	1.3e-11
24.130000	0.000000	1.3e-11
24.140000	0.000000	1.2e-11
24.150000	0.000000	1.2e-11
24.160000	0.000000	1.2e-11
24.170000	0.000000	1.2e-11
24.180000	0.000000	1.2e-11
24.190000	0.000000	1.2e-11
24.200000	0.000000	1.1e-11
24.210000	0.000000	1.1e-11
24.220000	0.000000	1.1e-11
24.230000	0.000000	1.1e-11
24.240000	0.000000	1.1e-11
24.250000	0.000000	1.1e-11
24.260000	0.000000	1.0e-11
24.270000	0.000000	1.0e-11
24.280000	0.000000	1.0e-11
24.290000	0.000000	1.0e-11
24.300000	0.000000	9.8e-12
24.310000	0.000000	9.6e-12
24.320000	0.000000	9.5e-12
24.330000	0.000000	9.3e-12
24.340000	0.000000	9.2e-12
24.350000	0.000000	9.1e-12
24.360000	0.000000	9.0e-12
24.370000	0.000000	8.9e-12
24.380000	0.000000	8.8e-12
24.390000	0.000000	8.6e-12
24.400000	0.000000	8.5e-12
24.410000	0.000000	8.4e-12
24.420000	0.000000	8.3e-12
24.430000	0.000000	8.2e-12
24.440000	0.000000	8.1e-12
24.450000	0.000000	8.0e-12
24.460000	0.000000	7.9e-12
24.470000	0.000000	7.8e-12
24.480000	0.000000	7.7e-12
24.490000	0.000000	7.6e-12
24.500000	0.000000	7.4e-12
24.510000	0.000000	7.3e-12
24.520000	0.000000	7.2e-12
24.530000	0.000000	7.1e-12
24.540000	0.000000	7.0e-12
24.550000	0.000000	6.9e-12
24.560000	0.000000	6.8e-12
24.570000	0.000000	6.7e-12
24.580000	0.000000	6.6e-12
24.590000	0.000000	6.5e-12
24.600000	0.000000	6.4e-12
24.610000	0.000000	6.3e-12
24.620000	0.000000	6.2e-12
24.630000	0.000000	6.1e-12
24.640000	0.000000	6.0e-12
24.650000	0.000000	5.9e-12
24.660000	0.000000	5.9e-12
24.670000	0.000000	5.8e-12
24.680000	0.000000	5.7e-12
24.690000	0.000000	5.7e-12
24.700000	0.000000	5.6e-12
24.710000	0.000000	5.5e-12
24.720000	0.000000	5.4e-12
24.730000	0.000000	5.4e-12
24.740000	0.000000	5.3e-12
24.750000	0.000000	5.2e-12
24.760000	0.000000	5.1e-12
24.770000	0.000000	5.1e-12
24.780000	0.000000	5.0e-12
24.790000	0.000000	4.9e-12
24.800000	0.000000	4.8e-12
24.810000	0.000000	4.8e-12
24.820000	0.000000	4.7e-12
24.830000	0.000000	4.6e-12
24.840000	0.000000	4.6e-12
24.850000	0.000000	4.5e-12
24.860000	0.000000	4.4e-12
24.870000	0.000000	4.3e-12
24.880000	0.000000	4.3e-12
24.890000	0.000000	4.2e-12
24.900000	0.000000	4.1e-12
24.910000	0.000000	4.1e-12
24.920000	0.000000	4.0e-12
24.930000	0.000000	4.0e-12
24.940000	0.000000	3.9e-12
24.950000	0.000000	3.9e-12
24.960000	0.000000	3.8e-12
24.970000	0.000000	3.8e-12
24.980000	0.000000	3.7e-12
24.990000	0.000000	3.7e-12
25.000000	0.000000	3.6e-12
25.010000	0.000000	3.6e-12
25.020000	0.000000	3.5e-12
25.030000	0.000000	3.5e-12
25.040000	0.000000	3.4e-12
25.050000	0.000000	3.4e-12
25.060000	0.000000	3.4e-12
25.070000	0.000000	3.3e-12
25.080000	0.000000	3.3e-12
25.090000	0.000000	3.2e-12
25.100000	0.000000	3.2e-12
25.110000	0.000000	3.1e-12
25.120000	0.000000	3.1e-12
25.130000	0.000000	3.0e-12
25.140000	0.000000	3.0e-12
25.150000	0.000000	2.9e-12
25.160000	0.000000	2.9e-12
25.170000	0.000000	2.8e-12
25.180000	0.000000	2.8e-12
25.190000	0.000000	2.7e-12
25.200000	0.000000	2.7e-12
25.210000	0.000000	2.7e-12
25.220000	0.000000	2.6e-12
25.230000	0.000000	2.6e-12
25.240000	0.000000	2.6e-12
25.250000	0.000000	2.5e-12
25.260000	0.000000	2.5e-12
25.270000	0.000000	2.5e-12
25.280000	0.000000	2.4e-12
25.290000	0.000000	2.4e-12
25.300000	0.000000	2.4e-12
25.310000	0.000000	2.3e-12
25.320000	0.000000	2.3e-12
25.330000	0.000000	2.3e-12
25.340000	0.000000	2.2e-12
25.350000	0.000000	2.2e-12
25.360000	0.000000	2.2e-12
25.370000	0.000000	2.2e-12
25.380000	0.000000	2.1e-12
25.390000	0.000000	2.1e-12
25.400000	0.000000	2.1e-12
25.410000	0.000000	2.0e-12
25.420000	0.000000	2.0e-12
25.430000	0.000000	2.0e-12
25.440000	0.000000	1.9e-12
25.450000	0.000000	1.9e-12
25.460000	0.000000	1.9e-12
25.470000	0.000000	1.8e-12
25.480000	0.000000	1.8e-12
25.490000	0.000000	1.8e-12
25.500000	0.000000	1.8e-12
25.510000	0.000000	1.8e-12
25.520000	0.000000	1.7e-12
25.530000	0.000000	1.7e-12
25.540000	0.000000	1.7e-12
25.550000	0.000000	1.7e-12
25.560000	0.000000	1.6e-12
25.570000	0.000000	1.6e-12
25.580000	0.000000	1.6e-12
25.590000	0.000000	1.6e-12
25.600000	0.000000	1.6e-12
25.610000	0.000000	1.5e-12
25.620000	0.000000	1.5e-12
25.630000	0.000000	1.5e-12
25.640000	0.000000	1.5e-12
25.650000	0.000000	1.4e-12
25.660000	0.000000	1.4e-12
25.670000	0.000000	1.4e-12
25.680000	0.000000	1.4e-12
25.690000	0.000000	1.4e-12
25.700000	0.000000	1.3e-12
25.710000	0.000000	1.3e-12
25.720000	0.000000	1.3e-12
25.730000	0.000000	1.3e-12
25.740000	0.000000	1.3e-12
25.750000	0.000000	1.2e-12
25.760000	0.000000	1.2e-12
25.770000	0.000000	1.2e-12
25.780000	0.000000	1.2e-12
25.790000	0.000000	1.2e-12
25.800000	0.000000	1.2e-12
25.810000	0.000000	1.1e-12
25.820000	0.000000	1.1e-12
25.830000	0.000000	1.1e-12
25.840000	0.000000	1.1e-12
25.850000	0.000000	1.1e-12
25.860000	0.000000	1.1e-12
25.870000	0.000000	1.1e-12
25.880000	0.000000	1.0e-12
25.890000	0.000000	1.0e-12
25.900000	0.000000	1.0e-12
25.910000	0.000000	1.0e-12
25.920000	0.000000	9.8e-13
25.930000	0.000000	9.7e-13
25.940000	0.000000	9.5e-13
25.950000	0.000000	9.4e-13
25.960000	0.000000	9.2e-13
25.970000	0.000000	9.1e-13
25.980000	0.000000	9.0e-13
25.990000	0.000000	8.8e-13
26.000000	0.000000	8.7e-13
26.010000	0.000000	8.5e-13
26.020000	0.000000	8.4e-13
26.030000	0.000000	8.3e-13
26.040000	0.000000	8.2e-13
26.050000	0.000000	8.1e-13
26.060000	0.000000	8.0e-13
26.070000	0.000000	7.9e-13
26.080000	0.000000	7.8e-13
26.090000	0.000000	7.7e-13
26.100000	0.000000	7.6e-13
26.110000	0.000000	7.5e-13
26.120000	0.000000	7.4e-13
26.130000	0.000000	7.3e-13
26.140000	0.000000	7.2e-13
26.150000	0.000000	7.1e-13
26.160000	0.000000	7.0e-13
26.170000	0.000000	6.9e-13
26.180000	0.000000	6.8e-13
26.190000	0.000000	6.7e-13
26.200000	0.000000	6.6e-13
26.210000	0.000000	6.5e-13
26.220000	0.000000	6.4e-13
26.230000	0.000000	6.3e-13
26.240000	0.000000	6.2e-13
26.250000	0.000000	6.1e-13
26.260000	0.000000	6.0e-13
26.270000	0.000000	5.9e-13
26.280000	0.000000	5.8e-13
26.290000	0.000000	5.7e-13
26.300000	0.000000	5.6e-13
26.310000	0.000000	5.6e-13
26.320000	0.000000	5.5e-13
26.330000	0.000000	5.4e-13
26.340000	0.000000	5.4e-13
26.350000	0.000000	5.3e-13
26.360000	0.000000	5.2e-13
26.370000	0.000000	5.2e-13
26.380000	0.000000	5.1e-13
26.390000	0.000000	5.0e-13
26.400000	0.000000	5.0e-13
26.410000	0.000000	4.9e-13
26.420000	0.000000	4.8e-13
26.430000	0.000000	4.8e-13
26.440000	0.000000	4.7e-13
26.450000	0.000000	4.6e-13
26.460000	0.000000	4.6e-13
26.470000	0.000000	4.5e-13
26.480000	0.000000	4.4e-13
26.490000	0.000000	4.4e-13
26.500000	0.000000	4.3e-13
26.510000	0.000000	4.2e-13
26.520000	0.000000	4.2e-13
26.530000	0.000000	4.1e-13
26.540000	0.000000	4.0e-13
26.550000	0.000000	4.0e-13
26.560000	0.000000	3.9e-13
26.570000	0.000000	3.8e-13
26.580000	0.000000	3.8e-13
26.590000	0.000000	3.7e-13
26.600000	0.000000	3.7e-13
26.610000	0.000000	3.7e-13
26.620000	0.000000	3.6e-13
26.630000	0.000000	3.6e-13
26.640000	0.000000	3.5e-13
26.650000	0.000000	3.5e-13
26.660000	0.000000	3.4e-13
26.670000	0.000000	3.4e-13
26.680000	0.000000	3.3e-13
26.690000	0.000000	3.3e-13
26.700000	0.000000	3.2e-13
26.710000	0.000000	3.2e-13
26.720000	0.000000	3.2e-13
26.730000	0.000000	3.1e-13
26.740000	0.000000	3.1e-13
26.750000	0.000000	3.0e-13
26.760000	0.000000	3.0e-13
26.770000	0.000000	2.9e-13
26.780000	0.000000	2.9e-13
26.790000	0.000000	2.8e-13
26.800000	0.000000	2.8e-13
26.810000	0.000000	2.8e-13
26.820000	0.000000	2.7e-13
26.830000	0.000000	2.7e-13
26.840000	0.000000	2.6e-13
26.850000	0.000000	2.6e-13
26.860000	0.000000	2.5e-13
26.870000	0.000000	2.5e-13
26.880000	0.000000	2.5e-13
26.890000	0.000000	2.5e-13
26.900000	0.000000	2.4e-13
26.910000	0.000000	2.4e-13
26.920000	0.000000	2.4e-13
26.930000	0.000000	2.3e-13
26.940000	0.000000	2.3e-13
26.950000	0.000000	2.3e-13
26.960000	0.000000	2.2e-13
26.970000	0.000000	2.2e-13
26.980000	0.000000	2.2e-13
26.990000	0.000000	2.2e-13
27.000000	0.000000	2.1e-13
27.010000	0.000000	2.1e-13
27.020000	0.000000	2.1e-13
27.030000	0.000000	2.0e-13
27.040000	0.000000	2.0e-13
27.050000	0.000000	2.0e-13
27.060000	0.000000	1.9e-13
27.070000	0.000000	1.9e-13
27.080000	0.000000	1.9e-13
27.090000	0.000000	1.9e-13
27.100000	0.000000	1.8e-13
27.110000	0.000000	1.8e-13
27.120000	0.000000	1.8e-13
27.130000	0.000000	1.7e-13
27.140000	0.000000	1.7e-13
27.150000	0.000000	1.7e-13
27.160000	0.000000	1.7e-13
27.170000	0.000000	1.6e-13
27.180000	0.000000	1.6e-13
27.190000	0.000000	1.6e-13
27.200000	0.000000	1.6e-13
27.210000	0.000000	1.6e-13
27.220000	0.000000	1.5e-13
27.230000	0.000000	1.5e-13
27.240000	0.000000	1.5e-13
27.250000	0.000000	1.5e-13
27.260000	0.000000	1.5e-13
27.270000	0.000000	1.4e-13
27.280000	0.000000	1.4e-13
27.290000	0.000000	1.4e-13
27.300000	0.000000	1.4e-13
27.310000	0.000000	1.4e-13
27.320000	0.000000	1.3e-13
27.330000	0.000000	1.3e-13
27.340000	0.000000	1.3e-13
27.350000	0.000000	1.3e-13
27.360000	0.000000	1.3e-13
27.370000	0.000000	1.2e-13
27.380000	0.000000	1.2e-13
27.390000	0.000000	1.2e-13
27.400000	0.000000	1.2e-13
27.410000	0.000000	1.2e-13
27.420000	0.000000	1.2e-13
27.430000	0.000000	1.1e-13
27.440000	0.000000	1.1e-13
27.450000	0.000000	1.1e-13
27.460000	0.000000	1.1e-13
27.470000	0.000000	1.1e-13
27.480000	0.000000	1.1e-13
27.490000	0.000000	1.1e-13
27.500000	0.000000	1.0e-13
27.510000	0.000000	1.0e-13
27.520000	0.000000	1.0e-13
27.530000	0.000000	1.0e-13
27.540000	0.000000	9.8e-14
27.550000	0.000000	9.7e-14
27.560000	0.000000	9.6e-14
27.570000	0.000000	9.4e-14
27.580000	0.000000	9.3e-14
27.590000	0.000000	9.2e-14
27.600000	0.000000	9.0e-14
27.610000	0.000000	8.9e-14
27.620000	0.000000	8.8e-14
27.630000	0.000000	8.6e-14
27.640000	0.000000	8.5e-14
27.650000	0.000000	8.4e-14
27.660000	0.000000	8.2e-14
27.670000	0.000000	8.1e-14
27.680000	0.000000	8.0e-14
27.690000	0.000000	7.8e-14
27.700000	0.000000	7.7e-14
27.710000	0.000000	7.6e-14
27.720000	0.000000	7.5e-14
27.730000	0.000000	7.4e-14
27.740000	0.000000	7.3e-14
27.750000	0.000000	7.3e-14
27.760000	0.000000	7.2e-14
27.770000	0.000000	7.1e-14
27.780000	0.000000	7.0e-14
27.790000	0.000000	6.9e-14
27.800000	0.000000	6.8e-14
27.810000	0.000000	6.7e-14
27.820000	0.000000	6.6e-14
27.830000	0.000000	6.5e-14
27.840000	0.000000	6.4e-14
27.850000	0.000000	6.3e-14
27.860000	0.000000	6.3e-14
27.870000	0.000000	6.2e-14
27.880000	0.000000	6.1e-14
27.890000	0.000000	6.0e-14
27.900000	0.000000	5.9e-14
27.910000	0.000000	5.8e-14
27.920000	0.000000	5.7e-14
27.930000	0.000000	5.6e-14
27.940000	0.000000	5.5e-14
27.950000	0.000000	5.5e-14
27.960000	0.000000	5.4e-14
27.970000	0.000000	5.3e-14
27.980000	0.000000	5.2e-14
27.990000	0.000000	5.1e-14
28.000000	0.000000	5.1e-14
28.010000	0.000000	5.0e-14
28.020000	0.000000	4.9e-14
28.030000	0.000000	4.9e-14
28.040000	0.000000	4.8e-14
28.050000	0.000000	4.8e-14
28.060000	0.000000	4.7e-14
28.070000	0.000000	4.6e-14
28.080000	0.000000	4.6e-14
28.090000	0.000000	4.5e-14
28.100000	0.000000	4.4e-14
28.110000	0.000000	4.4e-14
28.120000	0.000000	4.3e-14
28.130000	0.000000	4.3e-14
28.140000	0.000000	4.2e-14
28.150000	0.000000	4.1e-14
28.160000	0.000000	4.1e-14
28.170000	0.000000	4.0e-14
28.180000	0.000000	4.0e-14
28.190000	0.000000	3.9e-14
28.200000	0.000000	3.8e-14
28.210000	0.000000	3.8e-14
28.220000	0.000000	3.7e-14
28.230000	0.000000	3.7e-14
28.240000	0.000000	3.6e-14
28.250000	0.000000	3.5e-14
28.260000	0.000000	3.5e-14
28.270000	0.000000	3.4e-14
28.280000	0.000000	3.4e-14
28.290000	0.000000	3.4e-14
28.300000	0.000000	3.3e-14
28.310000	0.000000	3.3e-14
28.320000	0.000000	3.2e-14
28.330000	0.000000	3.2e-14
28.340000	0.000000	3.2e-14
28.350000	0.000000	3.1e-14
28.360000	0.000000	3.1e-14
28.370000	0.000000	3.0e-14
28.380000	0.000000	3.0e-14
28.390000	0.000000	2.9e-14
28.400000	0.000000	2.9e-14
28.410000	0.000000	2.9e-14
28.420000	0.000000	2.8e-14
28.430000	0.000000	2.8e-14
28.440000	0.000000	2.7e-14
28.450000	0.000000	2.7e-14
28.460000	0.000000	2.7e-14
28.470000	0.000000	2.6e-14
28.480000	0.000000	2.6e-14
28.490000	0.000000	2.5e-14
28.500000	0.000000	2.5e-14
28.510000	0.000000	2.5e-14
28.520000	0.000000	2.4e-14
28.530000	0.000000	2.4e-14
28.540000	0.000000	2.3e-14
28.550000	0.000000	2.3e-14
28.560000	0.000000	2.3e-14
28.570000	0.000000	2.3e-14
28.580000	0.000000	2.2e-14
28.590000	0.000000	2.2e-14
28.600000	0.000000	2.2e-14
28.610000	0.000000	2.1e-14
28.620000	0.000000	2.1e-14
28.630000	0.000000	2.1e-14
28.640000	0.000000	2.1e-14
28.650000	0.000000	2.0e-14
28.660000	0.000000	2.0e-14
28.670000	0.000000	2.0e-14
28.680000	0.000000	2.0e-14
28.690000	0.000000	1.9e-14
28.700000	0.000000	1.9e-14
28.710000	0.000000	1.9e-14
28.720000	0.000000	1.8e-14
28.730000	0.000000	1.8e-14
28.740000	0.000000	1.8e-14
28.750000	0.000000	1.8e-14
28.760000	0.000000	1.7e-14
28.770000	0.000000	1.7e-14
28.780000	0.000000	1.7e-14
28.790000	0.000000	1.7e-14
28.800000	0.000000	1.6e-14
28.810000	0.000000	1.6e-14
28.820000	0.000000	1.6e-14
28.830000	0.000000	1.6e-14
28.840000	0.000000	1.5e-14
28.850000	0.000000	1.5e-14
28.860000	0.000000	1.5e-14
28.870000	0.000000	1.5e-14
28.880000	0.000000	1.5e-14
28.890000	0.000000	1.4e-14
28.900000	0.000000	1.4e-14
28.910000	0.000000	1.4e-14
28.920000	0.000000	1.4e-14
28.930000	0.000000	1.4e-14
28.940000	0.000000	1.4e-14
28.950000	0.000000	1.3e-14
28.960000	0.000000	1.3e-14
28.970000	0.000000	1.3e-14
28.980000	0.000000	1.3e-14
28.990000	0.000000	1.3e-14
29.000000	0.000000	1.2e-14
29.010000	0.000000	1.2e-14
29.020000	0.000000	1.2e-14
29.030000	0.000000	1.2e-14
29.040000	0.000000	1.2e-14
29.050000	0.000000	1.2e-14
29.060000	0.000000	1.1e-14
29.070000	0.000000	1.1e-14
29.080000	0.000000	1.1e-14
29.090000	0.000000	1.1e-14
29.100000	0.000000	1.1e-14
29.110000	0.000000	1.0e-14
29.120000	0.000000	1.0e-14
29.130000	0.000000	1.0e-14
29.140000	0.000000	1.0e-14
29.150000	0.000000	1.0e-14
29.160000	0.000000	9.8e-15
29.170000	0.000000	9.7e-15
29.180000	0.000000	9.6e-15
29.190000	0.000000	9.5e-15
29.200000	0.000000	9.3e-15
29.210000	0.000000	9.2e-15
29.220000	0.000000	9.1e-15
29.230000	0.000000	9.0e-15
29.240000	0.000000	8.8e-15
29.250000	0.000000	8.7e-15
29.260000	0.000000	8.6e-15
29.270000	0.000000	8.5e-15
29.280000	0.000000	8.4e-15
29.290000	0.000000	8.2e-15
29.300000	0.000000	8.1e-15
29.310000	0.000000	8.0e-15
29.320000	0.000000	7.9e-15
29.330000	0.000000	7.7e-15
29.340000	0.000000	7.6e-15
29.350000	0.000000	7.5e-15
29.360000	0.000000	7.4e-15
29.370000	0.000000	7.3e-15
29.380000	0.000000	7.1e-15
29.390000	0.000000	7.0e-15
29.400000	0.000000	7.0e-15
29.410000	0.000000	6.9e-15
29.420000	0.000000	6.8e-15
29.430000	0.000000	6.7e-15
29.440000	0.000000	6.6e-15
29.450000	0.000000	6.5e-15
29.460000	0.000000	6.5e-15
29.470000	0.000000	6.4e-15
29.480000	0.000000	6.3e-15
29.490000	0.000000	6.2e-15
29.500000	0.000000	6.1e-15
29.510000	0.000000	6.0e-15
29.520000	0.000000	6.0e-15
29.530000	0.000000	5.9e-15
29.540000	0.000000	5.8e-15
29.550000	0.000000	5.7e-15
29.560000	0.000000	5.6e-15
29.570000	0.000000	5.5e-15
29.580000	0.000000	5.5e-15
29.590000	0.000000	5.4e-15
29.600000	0.000000	5.3e-15
29.610000	0.000000	5.2e-15
29.620000	0.000000	5.1e-15
29.630000	0.000000	5.0e-15
29.640000	0.000000	5.0e-15
29.650000	0.000000	4.9e-15
29.660000	0.000000	4.8e-15
29.670000	0.000000	4.7e-15
29.680000	0.000000	4.7e-15
29.690000	0.000000	4.6e-15
29.700000	0.000000	4.6e-15
29.710000	0.000000	4.5e-15
29.720000	0.000000	4.5e-15
29.730000	0.000000	4.4e-15
29.740000	0.000000	4.3e-15
29.750000	0.000000	4.3e-15
29.760000	0.000000	4.2e-15
29.770000	0.000000	4.2e-15
29.780000	0.000000	4.1e-15
29.790000	0.000000	4.1e-15
29.800000	0.000000	4.0e-15
29.810000	0.000000	4.0e-15
29.820000	0.000000	3.9e-15
29.830000	0.000000	3.8e-15
29.840000	0.000000	3.8e-15
29.850000	0.000000	3.7e-15
29.860000	0.000000	3.7e-15
29.870000	0.000000	3.6e-15
29.880000	0.000000	3.6e-15
29.890000	0.000000	3.5e-15
29.900000	0.000000	3.5e-15
29.910000	0.000000	3.4e-15
29.920000	0.000000	3.3e-15
29.930000	0.000000	3.3e-15
29.940000	0.000000	3.2e-15
29.950000	0.000000	3.2e-15
29.960000	0.000000	3.1e-15
29.970000	0.000000	3.1e-15
29.980000	0.000000	3.1e-15
29.990000	0.000000	3.0e-15
30.000000	0.000000	3.0e-15
30.010000	0.000000	3.0e-15
30.020000	0.000000	2.9e-15
30.030000	0.000000	2.9e-15
30.040000	0.000000	2.8e-15
30.050000	0.000000	2.8e-15
30.060000	0.000000	2.8e-15
30.070000	0.000000	2.7e-15
30.080000	0.000000	2.7e-15
30.090000	0.000000	2.7e-15
