0.100000	0.000000	28762.331627
0.110000	0.000000	17981.825317
0.120000	0.000000	23196.553659
0.130000	0.000000	20597.359128
0.140000	0.000000	18207.458074
0.150000	0.000000	13805.728168
0.160000	0.000000	12396.786532
0.170000	0.000000	10628.378234
0.180000	0.000000	10546.164510
0.190000	0.000000	10809.323169
0.200000	0.000000	8599.166389
0.210000	0.000000	8719.033878
0.220000	0.000000	10088.853223
0.230000	0.000000	7464.553317
0.240000	0.000000	8224.168156
0.250000	0.000000	7508.430344
0.260000	0.000000	6120.653356
0.270000	0.000000	6082.425096
0.280000	0.000000	6125.002565
0.290000	0.000000	5697.386082
0.300000	0.000000	5345.835495
0.310000	0.000000	5237.247133
0.320000	0.000000	5585.333150
0.330000	0.000000	6147.603728
0.340000	0.000000	5473.801669
0.350000	0.000000	4595.824852
0.360000	0.000000	18021.028078
0.370000	0.000000	53243.148808
0.380000	0.000000	60109.336904
0.390000	0.000000	19934.281772
0.400000	0.000000	62756.573298
0.410000	0.000000	5472.679759
0.420000	0.000000	20321.457476
0.430000	0.000000	13780.452321
0.440000	0.000000	18789.166695
0.450000	0.000000	5097.884940
0.460000	0.000000	3408.948562
0.470000	0.000000	3324.763370
0.480000	0.000000	14927.398727
0.490000	0.000000	8861.451845
0.500000	0.000000	11409.455659
0.510000	0.000000	9544.241077
0.520000	0.000000	2973.344559
0.530000	0.000000	7500.179191
0.540000	0.000000	10334.469893
0.550000	0.000000	2845.144312
0.560000	0.000000	4348.156428
0.570000	0.000000	9246.485420
0.580000	0.000000	7030.640327
0.590000	0.000000	6587.969124
0.600000	0.000000	8709.800120
0.610000	0.000000	2813.904564
0.620000	0.000000	3463.920951
0.630000	0.000000	5102.522606
0.640000	0.000000	4637.991812
0.650000	0.000000	7971.814925
0.660000	0.000000	6030.729668
0.670000	0.000000	3442.028020
0.680000	0.000000	3129.432104
0.690000	0.000000	3019.369432
0.700000	0.000000	3217.829917
0.710000	0.000000	3600.073054
0.720000	0.000000	3234.822759
0.730000	0.000000	4468.816634
0.740000	0.000000	2629.865036
0.750000	0.000000	2308.506114
0.760000	0.000000	2267.009594
0.770000	0.000000	3437.821931
0.780000	0.000000	2294.636725
0.790000	0.000000	2438.753669
0.800000	0.000000	2491.681243
0.810000	0.000000	2610.426685
0.820000	0.000000	2438.770789
0.830000	0.000000	2337.906162
0.840000	0.000000	2250.297222
0.850000	0.000000	2174.957824
0.860000	0.000000	2159.173095
0.870000	0.000000	2197.783236
0.880000	0.000000	2236.870151
0.890000	0.000000	2167.084326
0.900000	0.000000	2191.298594
0.910000	0.000000	2266.051428
0.920000	0.000000	2178.113799
0.930000	0.000000	2265.727231
0.940000	0.000000	2177.383152
0.950000	0.000000	2226.833065
0.960000	0.000000	2250.419616
0.970000	0.000000	2306.217284
0.980000	0.000000	2167.593367
0.990000	0.000000	2294.436921
1.000000	0.000000	2456.491312
1.010000	0.000000	3038.386697
1.020000	0.000000	2902.913568
1.030000	0.000000	2292.332020
1.040000	0.000000	2903.877274
1.050000	0.000000	3442.307497
1.060000	0.000000	2070.088839
1.070000	0.000000	2176.090525
1.080000	0.000000	2762.320580
1.090000	0.000000	2095.856185
1.100000	0.000000	3303.713774
1.110000	0.000000	1886.443436
1.120000	0.000000	3313.528511
1.130000	0.000000	2076.246780
1.140000	0.000000	1826.604900
1.150000	0.000000	2143.671953
1.160000	0.000000	2458.244006
1.170000	0.000000	2063.817278
1.180000	0.000000	1743.970824
1.190000	0.000000	1741.200416
1.200000	0.000000	1779.738685
1.210000	0.000000	1787.399898
1.220000	0.000000	1691.987213
1.230000	0.000000	1716.729079
1.240000	0.000000	1714.120717
1.250000	0.000000	1655.930214
1.260000	0.000000	1658.634211
1.270000	0.000000	1688.317168
1.280000	0.000000	1629.729592
1.290000	0.000000	1649.747611
1.300000	0.000000	1637.185365
1.310000	0.000000	1667.357665
1.320000	0.000000	1649.892528
1.330000	0.000000	1619.414122
1.340000	0.000000	1598.650128
1.350000	0.000000	1582.954840
1.360000	0.000000	1593.667299
1.370000	0.000000	1617.130800
1.380000	0.000000	1611.377151
1.390000	0.000000	1613.485163
1.400000	0.000000	1636.057642
1.410000	0.000000	1529.549504
1.420000	0.000000	1556.432524
1.430000	0.000000	1528.108939
1.440000	0.000000	1506.493077
1.450000	0.000000	1500.326244
1.460000	0.000000	1474.058394
1.470000	0.000000	1501.242448
1.480000	0.000000	1578.573889
1.490000	0.000000	1596.054693
1.500000	0.000000	1528.744352
1.510000	0.000000	1457.515710
1.520000	0.000000	1433.267993
1.530000	0.000000	1419.739091
1.540000	0.000000	1464.651962
1.550000	0.000000	1511.489446
1.560000	0.000000	1408.920319
1.570000	0.000000	1417.819955
1.580000	0.000000	1369.869269
1.590000	0.000000	1361.424835
1.600000	0.000000	1367.168024
1.610000	0.000000	1360.495668
1.620000	0.000000	1332.070048
1.630000	0.000000	1323.494421
1.640000	0.000000	1313.466875
1.650000	0.000000	1372.359121
1.660000	0.000000	1352.777536
1.670000	0.000000	1318.836464
1.680000	0.000000	1295.525077
1.690000	0.000000	1278.273568
1.700000	0.000000	1270.763150
1.710000	0.000000	1263.644229
1.720000	0.000000	1266.468126
1.730000	0.000000	1280.801734
1.740000	0.000000	1241.566090
1.750000	0.000000	1259.152581
1.760000	0.000000	1230.651523
1.770000	0.000000	1219.378884
1.780000	0.000000	1199.324872
1.790000	0.000000	1191.747731
1.800000	0.000000	1192.342684
1.810000	0.000000	1195.026366
1.820000	0.000000	1184.421135
1.830000	0.000000	1168.699020
1.840000	0.000000	1155.817902
1.850000	0.000000	1145.378220
1.860000	0.000000	1136.609018
1.870000	0.000000	1134.058144
1.880000	0.000000	1129.171684
1.890000	0.000000	1114.239217
1.900000	0.000000	1106.702181
1.910000	0.000000	1098.350798
1.920000	0.000000	1090.646689
1.930000	0.000000	1082.962526
1.940000	0.000000	1077.855084
1.950000	0.000000	1067.813876
1.960000	0.000000	1059.272569
1.970000	0.000000	1051.918306
1.980000	0.000000	1044.587878
1.990000	0.000000	1037.061703
2.000000	0.000000	1029.709623
2.010000	0.000000	1022.007385
2.020000	0.000000	1014.799292
2.030000	0.000000	1007.740310
2.040000	0.000000	1000.112197
2.050000	0.000000	992.248969
2.060000	0.000000	984.287386
2.070000	0.000000	976.199887
2.080000	0.000000	967.612267
2.090000	0.000000	955.640881
2.100000	0.000000	943.064451
2.110000	0.000000	930.356015
2.120000	0.000000	918.186984
2.130000	0.000000	905.573833
2.140000	0.000000	892.205912
2.150000	0.000000	881.382298
2.160000	0.000000	867.416840
2.170000	0.000000	854.050281
2.180000	0.000000	841.457286
2.190000	0.000000	828.906158
2.200000	0.000000	816.393084
2.210000	0.000000	803.783406
2.220000	0.000000	791.097759
2.230000	0.000000	778.522598
2.240000	0.000000	765.938438
2.250000	0.000000	753.354902
2.260000	0.000000	740.775181
2.270000	0.000000	728.286483
2.280000	0.000000	714.978197
2.290000	0.000000	699.434819
2.300000	0.000000	684.093470
2.310000	0.000000	661.493460
2.320000	0.000000	641.353189
2.330000	0.000000	622.052509
2.340000	0.000000	603.210693
2.350000	0.000000	583.528841
2.360000	0.000000	563.695599
2.370000	0.000000	618.165270
2.380000	0.000000	626.396817
2.390000	0.000000	502.816340
2.400000	0.000000	567.388509
2.410000	0.000000	745.421279
2.420000	0.000000	12617.724900
2.430000	0.000000	90400.668619
2.440000	0.000000	44084.611534
2.450000	0.000000	20604.761953
2.460000	0.000000	188213.167000
2.470000	0.000000	24835.396588
2.480000	0.000000	335.366562
2.490000	0.000000	323.599128
2.500000	0.000000	311.833947
2.510000	0.000000	300.322187
2.520000	0.000000	288.482629
2.530000	0.000000	276.539014
2.540000	0.000000	264.775693
2.550000	0.000000	361.715335
2.560000	0.000000	448.240123
2.570000	0.000000	240.435965
2.580000	0.000000	1729.331581
2.590000	0.000000	7986.323570
2.600000	0.000000	7433.403996
2.610000	0.000000	73712.258094
2.620000	0.000000	142965.526826
2.630000	0.000000	10673.102140
2.640000	0.000000	147.534166
2.650000	0.000000	146.195544
2.660000	0.000000	144.928797
2.670000	0.000000	143.689392
2.680000	0.000000	142.445161
2.690000	0.000000	141.205537
2.700000	0.000000	140.014159
2.710000	0.000000	138.788790
2.720000	0.000000	137.719659
2.730000	0.000000	136.744161
2.740000	0.000000	135.628333
2.750000	0.000000	135.592085
2.760000	0.000000	133.141074
2.770000	0.000000	132.892706
2.780000	0.000000	135.261818
2.790000	0.000000	167.678330
2.800000	0.000000	262.275972
2.810000	0.000000	153.144177
2.820000	0.000000	1792.175448
2.830000	0.000000	878.662761
2.840000	0.000000	224.911681
2.850000	0.000000	135.754505
2.860000	0.000000	120.850365
2.870000	0.000000	14115.129089
2.880000	0.000000	17786.509380
2.890000	0.000000	117.310341
2.900000	0.000000	116.149791
2.910000	0.000000	114.996040
2.920000	0.000000	113.817531
2.930000	0.000000	112.779124
2.940000	0.000000	135.547794
2.950000	0.000000	1009.145764
2.960000	0.000000	388.577932
2.970000	0.000000	136.440372
2.980000	0.000000	137.563794
2.990000	0.000000	114.583483
3.000000	0.000000	104.711059
3.010000	0.000000	409.625786
3.020000	0.000000	6377.223437
3.030000	0.000000	5203.034529
3.040000	0.000000	560.411367
3.050000	0.000000	676.203384
3.060000	0.000000	278.344117
3.070000	0.000000	98.237886
3.080000	0.000000	97.560406
3.090000	0.000000	4332.066387
3.100000	0.000000	28029.161337
3.110000	0.000000	97.672475
3.120000	0.000000	108.890091
3.130000	0.000000	2884.292977
3.140000	0.000000	425.558587
3.150000	0.000000	1528.318779
3.160000	0.000000	510.027596
3.170000	0.000000	881.937426
3.180000	0.000000	1278.157377
3.190000	0.000000	672.626474
3.200000	0.000000	144.316265
3.210000	0.000000	143.576039
3.220000	0.000000	209.236636
3.230000	0.000000	219.994413
3.240000	0.000000	219.243706
3.250000	0.000000	227.997826
3.260000	0.000000	1286.261932
3.270000	0.000000	7837.254364
3.280000	0.000000	244.716628
3.290000	0.000000	211.892253
3.300000	0.000000	210.430482
3.310000	0.000000	214.400509
3.320000	0.000000	218.104424
3.330000	0.000000	208.712259
3.340000	0.000000	204.392913
3.350000	0.000000	2447.729062
3.360000	0.000000	1806.595315
3.370000	0.000000	200.028131
3.380000	0.000000	198.616861
3.390000	0.000000	904.609382
3.400000	0.000000	1539.862260
3.410000	0.000000	483.785547
3.420000	0.000000	1185.771787
3.430000	0.000000	280.002891
3.440000	0.000000	970.297015
3.450000	0.000000	981.152303
3.460000	0.000000	198.086937
3.470000	0.000000	186.849892
3.480000	0.000000	184.714686
3.490000	0.000000	306.616313
3.500000	0.000000	370.698081
3.510000	0.000000	379.652662
3.520000	0.000000	376.546943
3.530000	0.000000	374.088205
3.540000	0.000000	371.667825
3.550000	0.000000	369.270840
3.560000	0.000000	366.863384
3.570000	0.000000	364.422833
3.580000	0.000000	362.039002
3.590000	0.000000	359.610743
3.600000	0.000000	357.284246
3.610000	0.000000	355.588805
3.620000	0.000000	352.458265
3.630000	0.000000	349.735412
3.640000	0.000000	347.319827
3.650000	0.000000	344.888544
3.660000	0.000000	342.494820
3.670000	0.000000	340.265008
3.680000	0.000000	341.852142
3.690000	0.000000	338.005041
3.700000	0.000000	333.000165
3.710000	0.000000	330.395025
3.720000	0.000000	327.964354
3.730000	0.000000	325.551314
3.740000	0.000000	323.142672
3.750000	0.000000	320.735197
3.760000	0.000000	318.326403
3.770000	0.000000	315.955204
3.780000	0.000000	313.923040
3.790000	0.000000	311.191044
3.800000	0.000000	308.595187
3.810000	0.000000	306.152533
3.820000	0.000000	303.725214
3.830000	0.000000	301.361177
3.840000	0.000000	299.119922
3.850000	0.000000	302.957163
3.860000	0.000000	301.621459
3.870000	0.000000	297.059223
3.880000	0.000000	294.197940
3.890000	0.000000	298.966634
3.900000	0.000000	300.236684
3.910000	0.000000	282.145686
3.920000	0.000000	280.130762
3.930000	0.000000	279.005671
3.940000	0.000000	274.961496
3.950000	0.000000	272.579564
3.960000	0.000000	271.011399
3.970000	0.000000	267.677391
3.980000	0.000000	265.234589
3.990000	0.000000	262.845999
4.000000	0.000000	260.928386
4.010000	0.000000	258.378488
4.020000	0.000000	256.183598
4.030000	0.000000	254.614287
4.040000	0.000000	252.950039
4.050000	0.000000	251.240996
4.060000	0.000000	249.803244
4.070000	0.000000	248.235751
4.080000	0.000000	246.369827
4.090000	0.000000	245.011930
4.100000	0.000000	244.868143
4.110000	0.000000	241.402789
4.120000	0.000000	239.727496
4.130000	0.000000	237.793522
4.140000	0.000000	236.701185
4.150000	0.000000	234.574494
4.160000	0.000000	232.844404
4.170000	0.000000	231.198080
4.180000	0.000000	229.548295
4.190000	0.000000	227.898993
4.200000	0.000000	226.250914
4.210000	0.000000	224.602865
4.220000	0.000000	222.955213
4.230000	0.000000	221.314420
4.240000	0.000000	219.753788
4.250000	0.000000	218.219440
4.260000	0.000000	216.371964
4.270000	0.000000	214.736127
4.280000	0.000000	213.093809
4.290000	0.000000	211.427661
4.300000	0.000000	209.844237
4.310000	0.000000	208.087730
4.320000	0.000000	206.430973
4.330000	0.000000	204.913938
4.340000	0.000000	203.195800
4.350000	0.000000	201.552179
4.360000	0.000000	199.919269
4.370000	0.000000	198.268757
4.380000	0.000000	196.627572
4.390000	0.000000	194.978298
4.400000	0.000000	193.323903
4.410000	0.000000	191.686833
4.420000	0.000000	190.059368
4.430000	0.000000	188.447167
4.440000	0.000000	186.788758
4.450000	0.000000	185.153073
4.460000	0.000000	183.474450
4.470000	0.000000	181.778218
4.480000	0.000000	180.198362
4.490000	0.000000	178.550092
4.500000	0.000000	177.445535
4.510000	0.000000	175.668714
4.520000	0.000000	173.880604
4.530000	0.000000	172.373333
4.540000	0.000000	171.123627
4.550000	0.000000	170.005692
4.560000	0.000000	168.901719
4.570000	0.000000	168.708747
4.580000	0.000000	168.662542
4.590000	0.000000	165.596928
4.600000	0.000000	164.497317
4.610000	0.000000	163.399210
4.620000	0.000000	162.310934
4.630000	0.000000	161.151647
4.640000	0.000000	160.027049
4.650000	0.000000	158.927963
4.660000	0.000000	157.828695
4.670000	0.000000	156.729855
4.680000	0.000000	155.642736
4.690000	0.000000	154.646025
4.700000	0.000000	153.606700
4.710000	0.000000	152.494161
4.720000	0.000000	151.511933
4.730000	0.000000	150.472562
4.740000	0.000000	149.300583
4.750000	0.000000	148.291380
4.760000	0.000000	146.905595
4.770000	0.000000	145.791805
4.780000	0.000000	144.705656
4.790000	0.000000	143.613888
4.800000	0.000000	142.450310
4.810000	0.000000	141.389966
4.820000	0.000000	141.054291
4.830000	0.000000	139.349923
4.840000	0.000000	138.072245
4.850000	0.000000	137.041309
4.860000	0.000000	136.011911
4.870000	0.000000	134.853363
4.880000	0.000000	133.695355
4.890000	0.000000	132.603784
4.900000	0.000000	131.512520
4.910000	0.000000	130.421390
4.920000	0.000000	129.416565
4.930000	0.000000	128.525081
4.940000	0.000000	127.150169
4.950000	0.000000	126.058555
4.960000	0.000000	124.965064
4.970000	0.000000	123.814870
4.980000	0.000000	122.882166
4.990000	0.000000	121.674451
5.000000	0.000000	120.604112
5.010000	0.000000	119.560350
5.020000	0.000000	118.592666
5.030000	0.000000	117.518165
5.040000	0.000000	116.471434
5.050000	0.000000	115.530372
5.060000	0.000000	114.692981
5.070000	0.000000	113.955568
5.080000	0.000000	113.226501
5.090000	0.000000	112.473046
5.100000	0.000000	111.741050
5.110000	0.000000	111.014773
5.120000	0.000000	110.328700
5.130000	0.000000	109.560017
5.140000	0.000000	108.777575
5.150000	0.000000	108.064581
5.160000	0.000000	107.329528
5.170000	0.000000	106.600131
5.180000	0.000000	105.871595
5.190000	0.000000	105.143003
5.200000	0.000000	104.424893
5.210000	0.000000	103.689640
5.220000	0.000000	102.949624
5.230000	0.000000	102.221617
5.240000	0.000000	101.503851
5.250000	0.000000	100.786856
5.260000	0.000000	100.037574
5.270000	0.000000	99.310042
5.280000	0.000000	98.582624
5.290000	0.000000	97.855231
5.300000	0.000000	97.102086
5.310000	0.000000	96.366702
5.320000	0.000000	95.625942
5.330000	0.000000	94.897543
5.340000	0.000000	94.170307
5.350000	0.000000	93.450180
5.360000	0.000000	92.719470
5.370000	0.000000	91.992002
5.380000	0.000000	91.265798
5.390000	0.000000	90.539214
5.400000	0.000000	89.814077
5.410000	0.000000	89.086370
5.420000	0.000000	88.358413
5.430000	0.000000	87.632461
5.440000	0.000000	86.906803
5.450000	0.000000	86.181096
5.460000	0.000000	85.454229
5.470000	0.000000	84.694838
5.480000	0.000000	83.957207
5.490000	0.000000	83.269533
5.500000	0.000000	82.564001
5.510000	0.000000	81.867838
5.520000	0.000000	81.172255
5.530000	0.000000	80.484488
5.540000	0.000000	79.792838
5.550000	0.000000	79.093344
5.560000	0.000000	78.398210
5.570000	0.000000	77.770657
5.580000	0.000000	77.235645
5.590000	0.000000	76.726531
5.600000	0.000000	76.264901
5.610000	0.000000	75.871143
5.620000	0.000000	75.696282
5.630000	0.000000	75.284184
5.640000	0.000000	74.560871
5.650000	0.000000	74.111119
5.660000	0.000000	73.585670
5.670000	0.000000	73.758294
5.680000	0.000000	72.629366
5.690000	0.000000	71.880611
5.700000	0.000000	71.399319
5.710000	0.000000	70.918746
5.720000	0.000000	70.438211
5.730000	0.000000	69.957722
5.740000	0.000000	69.477194
5.750000	0.000000	68.998557
5.760000	0.000000	68.521705
5.770000	0.000000	68.038727
5.780000	0.000000	67.557008
5.790000	0.000000	67.076053
5.800000	0.000000	66.590953
5.810000	0.000000	66.081986
5.820000	0.000000	65.601677
5.830000	0.000000	65.121324
5.840000	0.000000	64.641556
5.850000	0.000000	64.161776
5.860000	0.000000	63.689967
5.870000	0.000000	63.210378
5.880000	0.000000	62.728978
5.890000	0.000000	62.248071
5.900000	0.000000	61.767030
5.910000	0.000000	61.287813
5.920000	0.000000	60.809798
5.930000	0.000000	60.333433
5.940000	0.000000	59.847233
5.950000	0.000000	59.367952
5.960000	0.000000	58.888900
5.970000	0.000000	58.398985
5.980000	0.000000	57.904657
5.990000	0.000000	57.446023
6.000000	0.000000	56.993574
6.010000	0.000000	56.532645
6.020000	0.000000	56.078646
6.030000	0.000000	55.622234
6.040000	0.000000	55.161738
6.050000	0.000000	54.703097
6.060000	0.000000	54.247422
6.070000	0.000000	53.791888
6.080000	0.000000	53.342046
6.090000	0.000000	52.943749
6.100000	0.000000	52.635562
6.110000	0.000000	52.346134
6.120000	0.000000	52.204563
6.130000	0.000000	51.790822
6.140000	0.000000	51.428347
6.150000	0.000000	51.097956
6.160000	0.000000	50.774088
6.170000	0.000000	50.658007
6.180000	0.000000	50.129616
6.190000	0.000000	49.738982
6.200000	0.000000	49.422643
6.210000	0.000000	49.106289
6.220000	0.000000	48.789906
6.230000	0.000000	48.473709
6.240000	0.000000	48.157551
6.250000	0.000000	47.841442
6.260000	0.000000	47.525300
6.270000	0.000000	47.209025
6.280000	0.000000	46.892928
6.290000	0.000000	46.576992
6.300000	0.000000	46.260718
6.310000	0.000000	45.927891
6.320000	0.000000	45.608552
6.330000	0.000000	45.292916
6.340000	0.000000	44.975797
6.350000	0.000000	44.659477
6.360000	0.000000	44.343374
6.370000	0.000000	44.027364
6.380000	0.000000	43.713470
6.390000	0.000000	43.399465
6.400000	0.000000	43.093596
6.410000	0.000000	42.780800
6.420000	0.000000	42.450134
6.430000	0.000000	42.134642
6.440000	0.000000	41.821349
6.450000	0.000000	41.519015
6.460000	0.000000	41.263932
6.470000	0.000000	41.064826
6.480000	0.000000	40.566847
6.490000	0.000000	40.371958
6.500000	0.000000	40.031976
6.510000	0.000000	39.667271
6.520000	0.000000	39.370384
6.530000	0.000000	39.815852
6.540000	0.000000	39.797691
6.550000	0.000000	38.942249
6.560000	0.000000	38.462008
6.570000	0.000000	39.834160
6.580000	0.000000	40.588594
6.590000	0.000000	38.865543
6.600000	0.000000	41.185066
6.610000	0.000000	48.911405
6.620000	0.000000	48.581671
6.630000	0.000000	48.026557
6.640000	0.000000	52.142337
6.650000	0.000000	56.842912
6.660000	0.000000	52.737508
6.670000	0.000000	44.538776
6.680000	0.000000	44.025148
6.690000	0.000000	63.123049
6.700000	0.000000	46.674533
6.710000	0.000000	34.610267
6.720000	0.000000	34.038299
6.730000	0.000000	33.764293
6.740000	0.000000	33.553730
6.750000	0.000000	33.343163
6.760000	0.000000	33.133018
6.770000	0.000000	32.922939
6.780000	0.000000	32.712855
6.790000	0.000000	32.502754
6.800000	0.000000	32.292659
6.810000	0.000000	32.076597
6.820000	0.000000	31.858314
6.830000	0.000000	31.648262
6.840000	0.000000	31.440314
6.850000	0.000000	31.228792
6.860000	0.000000	31.018254
6.870000	0.000000	30.809640
6.880000	0.000000	30.599127
6.890000	0.000000	30.390652
6.900000	0.000000	30.194242
6.910000	0.000000	30.005919
6.920000	0.000000	29.800772
6.930000	0.000000	29.575479
6.940000	0.000000	29.367286
6.950000	0.000000	29.162408
6.960000	0.000000	28.940755
6.970000	0.000000	28.782938
6.980000	0.000000	28.491875
6.990000	0.000000	28.276396
7.000000	0.000000	28.066861
7.010000	0.000000	27.857955
7.020000	0.000000	27.665988
7.030000	0.000000	27.445224
7.040000	0.000000	27.231736
7.050000	0.000000	27.034135
7.060000	0.000000	26.834635
7.070000	0.000000	26.631725
7.080000	0.000000	26.430273
7.090000	0.000000	26.228700
7.100000	0.000000	26.029485
7.110000	0.000000	25.831337
7.120000	0.000000	25.629842
7.130000	0.000000	25.429674
7.140000	0.000000	25.229620
7.150000	0.000000	25.017388
7.160000	0.000000	24.819503
7.170000	0.000000	24.633634
7.180000	0.000000	24.422188
7.190000	0.000000	24.223470
7.200000	0.000000	24.022701
7.210000	0.000000	23.854123
7.220000	0.000000	23.708893
7.230000	0.000000	23.568339
7.240000	0.000000	23.428102
7.250000	0.000000	23.289305
7.260000	0.000000	23.156910
7.270000	0.000000	23.024624
7.280000	0.000000	22.871250
7.290000	0.000000	22.727316
7.300000	0.000000	22.587255
7.310000	0.000000	22.446742
7.320000	0.000000	22.297768
7.330000	0.000000	22.160357
7.340000	0.000000	22.017991
7.350000	0.000000	21.877596
7.360000	0.000000	21.738966
7.370000	0.000000	21.598102
7.380000	0.000000	21.458235
7.390000	0.000000	21.318111
7.400000	0.000000	21.178017
7.410000	0.000000	21.037985
7.420000	0.000000	20.897691
7.430000	0.000000	20.758027
7.440000	0.000000	20.617596
7.450000	0.000000	20.477653
7.460000	0.000000	20.338218
7.470000	0.000000	20.198101
7.480000	0.000000	20.057261
7.490000	0.000000	19.909610
7.500000	0.000000	19.769795
7.510000	0.000000	19.630701
7.520000	0.000000	19.500595
7.530000	0.000000	19.357126
7.540000	0.000000	19.215442
7.550000	0.000000	19.081295
7.560000	0.000000	18.939733
7.570000	0.000000	18.796651
7.580000	0.000000	18.660469
7.590000	0.000000	18.525527
7.600000	0.000000	18.391459
7.610000	0.000000	18.261568
7.620000	0.000000	18.140130
7.630000	0.000000	18.030736
7.640000	0.000000	17.876392
7.650000	0.000000	17.722279
7.660000	0.000000	17.588123
7.670000	0.000000	17.449563
7.680000	0.000000	17.366076
7.690000	0.000000	17.200873
7.700000	0.000000	17.073112
7.710000	0.000000	16.995044
7.720000	0.000000	17.070171
7.730000	0.000000	17.022787
7.740000	0.000000	16.730892
7.750000	0.000000	16.611075
7.760000	0.000000	16.757988
7.770000	0.000000	17.261457
7.780000	0.000000	18.189155
7.790000	0.000000	16.607302
7.800000	0.000000	16.273621
7.810000	0.000000	15.758299
7.820000	0.000000	15.887165
7.830000	0.000000	15.618437
7.840000	0.000000	15.445611
7.850000	0.000000	15.343779
7.860000	0.000000	15.569085
7.870000	0.000000	16.722971
7.880000	0.000000	15.801475
7.890000	0.000000	14.969254
7.900000	0.000000	14.875755
7.910000	0.000000	14.783351
7.920000	0.000000	14.690271
7.930000	0.000000	14.595376
7.940000	0.000000	14.501932
7.950000	0.000000	14.408510
7.960000	0.000000	14.315637
7.970000	0.000000	14.225592
7.980000	0.000000	14.128371
7.990000	0.000000	14.029377
8.000000	0.000000	13.935457
8.010000	0.000000	13.842727
8.020000	0.000000	13.749114
8.030000	0.000000	13.656120
8.040000	0.000000	13.562745
8.050000	0.000000	13.469602
8.060000	0.000000	13.376320
8.070000	0.000000	13.282965
8.080000	0.000000	13.190015
8.090000	0.000000	13.105180
8.100000	0.000000	13.021171
8.110000	0.000000	12.918395
8.120000	0.000000	12.825696
8.130000	0.000000	12.735870
8.140000	0.000000	12.648367
8.150000	0.000000	12.553657
8.160000	0.000000	13.635281
8.170000	0.000000	12.450724
8.180000	0.000000	12.450418
8.190000	0.000000	12.252653
8.200000	0.000000	12.122231
8.210000	0.000000	12.164917
8.220000	0.000000	12.009309
8.230000	0.000000	11.834493
8.240000	0.000000	11.745769
8.250000	0.000000	11.657388
8.260000	0.000000	11.565018
8.270000	0.000000	11.476102
8.280000	0.000000	11.542000
8.290000	0.000000	11.849118
8.300000	0.000000	11.210439
8.310000	0.000000	11.122786
8.320000	0.000000	11.030089
8.330000	0.000000	10.939756
8.340000	0.000000	11.323126
8.350000	0.000000	10.845864
8.360000	0.000000	10.793175
8.370000	0.000000	10.673408
8.380000	0.000000	10.585015
8.390000	0.000000	10.582582
8.400000	0.000000	10.503041
8.410000	0.000000	10.392527
8.420000	0.000000	10.330021
8.430000	0.000000	10.267583
8.440000	0.000000	10.205143
8.450000	0.000000	10.142702
8.460000	0.000000	10.080263
8.470000	0.000000	10.043157
8.480000	0.000000	10.218674
8.490000	0.000000	9.890723
8.500000	0.000000	9.826291
8.510000	0.000000	9.763933
8.520000	0.000000	9.701613
8.530000	0.000000	9.639338
8.540000	0.000000	9.577057
8.550000	0.000000	9.514801
8.560000	0.000000	9.452887
8.570000	0.000000	9.390580
8.580000	0.000000	9.391695
8.590000	0.000000	9.349375
8.600000	0.000000	9.203814
8.610000	0.000000	9.141584
8.620000	0.000000	9.079478
8.630000	0.000000	9.017394
8.640000	0.000000	8.961792
8.650000	0.000000	8.972909
8.660000	0.000000	8.828069
8.670000	0.000000	8.764894
8.680000	0.000000	8.712323
8.690000	0.000000	8.682391
8.700000	0.000000	8.595279
8.710000	0.000000	8.548446
8.720000	0.000000	8.477942
8.730000	0.000000	8.420480
8.740000	0.000000	8.359043
8.750000	0.000000	8.287786
8.760000	0.000000	8.228452
8.770000	0.000000	8.169038
8.780000	0.000000	8.109567
8.790000	0.000000	8.050286
8.800000	0.000000	7.991147
8.810000	0.000000	7.931379
8.820000	0.000000	7.872429
8.830000	0.000000	7.814037
8.840000	0.000000	7.754455
8.850000	0.000000	7.695075
8.860000	0.000000	7.635696
8.870000	0.000000	7.576330
8.880000	0.000000	7.516977
8.890000	0.000000	7.457647
8.900000	0.000000	7.399443
8.910000	0.000000	7.339949
8.920000	0.000000	7.280872
8.930000	0.000000	7.229588
8.940000	0.000000	7.186789
8.950000	0.000000	7.145038
8.960000	0.000000	7.103298
8.970000	0.000000	7.061561
8.980000	0.000000	7.019863
8.990000	0.000000	6.978340
9.000000	0.000000	6.933542
9.010000	0.000000	6.893003
9.020000	0.000000	6.855038
9.030000	0.000000	6.809484
9.040000	0.000000	6.767652
9.050000	0.000000	6.726392
9.060000	0.000000	6.688232
9.070000	0.000000	6.657393
9.080000	0.000000	6.613253
9.090000	0.000000	6.561165
9.100000	0.000000	6.518644
9.110000	0.000000	6.476355
9.120000	0.000000	6.435709
9.130000	0.000000	6.392811
9.140000	0.000000	6.350330
9.150000	0.000000	6.308874
9.160000	0.000000	6.267407
9.170000	0.000000	6.224991
9.180000	0.000000	6.192973
9.190000	0.000000	6.141894
9.200000	0.000000	6.098553
9.210000	0.000000	6.057060
9.220000	0.000000	6.015575
9.230000	0.000000	5.974295
9.240000	0.000000	5.933881
9.250000	0.000000	5.894086
9.260000	0.000000	5.854350
9.270000	0.000000	5.814627
9.280000	0.000000	5.774906
9.290000	0.000000	5.735188
9.300000	0.000000	5.695477
9.310000	0.000000	5.655822
9.320000	0.000000	5.616172
9.330000	0.000000	5.574754
9.340000	0.000000	5.533901
9.350000	0.000000	5.494181
9.360000	0.000000	5.454463
9.370000	0.000000	5.414746
9.380000	0.000000	5.375030
9.390000	0.000000	5.335317
9.400000	0.000000	5.295608
9.410000	0.000000	5.255923
9.420000	0.000000	5.216255
9.430000	0.000000	5.176589
9.440000	0.000000	5.137133
9.450000	0.000000	5.097745
9.460000	0.000000	5.057662
9.470000	0.000000	5.017982
9.480000	0.000000	4.978370
9.490000	0.000000	4.938607
9.500000	0.000000	4.896889
9.510000	0.000000	4.858874
9.520000	0.000000	4.839214
9.530000	0.000000	4.803658
9.540000	0.000000	4.775244
9.550000	0.000000	4.746583
9.560000	0.000000	4.718481
9.570000	0.000000	4.691894
9.580000	0.000000	4.663675
9.590000	0.000000	4.634679
9.600000	0.000000	4.606847
9.610000	0.000000	4.579001
9.620000	0.000000	4.551194
9.630000	0.000000	4.523390
9.640000	0.000000	4.495597
9.650000	0.000000	4.468065
9.660000	0.000000	4.443971
9.670000	0.000000	4.410452
9.680000	0.000000	4.382761
9.690000	0.000000	4.355062
9.700000	0.000000	4.327387
9.710000	0.000000	4.299699
9.720000	0.000000	4.271993
9.730000	0.000000	4.247179
9.740000	0.000000	4.218674
9.750000	0.000000	4.189426
9.760000	0.000000	4.161821
9.770000	0.000000	4.133570
9.780000	0.000000	4.106214
9.790000	0.000000	4.079215
9.800000	0.000000	4.051582
9.810000	0.000000	4.025073
9.820000	0.000000	3.998563
9.830000	0.000000	3.971678
9.840000	0.000000	3.943755
9.850000	0.000000	3.917247
9.860000	0.000000	3.890739
9.870000	0.000000	3.864232
9.880000	0.000000	3.837932
9.890000	0.000000	3.812165
9.900000	0.000000	3.785210
9.910000	0.000000	3.758202
9.920000	0.000000	3.731695
9.930000	0.000000	3.705189
9.940000	0.000000	3.678684
9.950000	0.000000	3.652181
9.960000	0.000000	3.625679
9.970000	0.000000	3.599176
9.980000	0.000000	3.572678
9.990000	0.000000	3.546212
10.000000	0.000000	3.519734
10.010000	0.000000	3.491467
10.020000	0.000000	3.464970
10.030000	0.000000	3.438498
10.040000	0.000000	3.412027
10.050000	0.000000	3.385556
10.060000	0.000000	3.359086
10.070000	0.000000	3.332890
10.080000	0.000000	3.306366
10.090000	0.000000	3.279766
10.100000	0.000000	3.255716
10.110000	0.000000	3.235536
10.120000	0.000000	3.217013
10.130000	0.000000	3.198562
10.140000	0.000000	3.179733
10.150000	0.000000	3.161173
10.160000	0.000000	3.142770
10.170000	0.000000	3.123218
10.180000	0.000000	3.104316
10.190000	0.000000	3.085624
10.200000	0.000000	3.067041
10.210000	0.000000	3.048508
10.220000	0.000000	3.030005
10.230000	0.000000	3.011509
10.240000	0.000000	2.993012
10.250000	0.000000	2.974518
10.260000	0.000000	2.956027
10.270000	0.000000	2.937537
10.280000	0.000000	2.919050
10.290000	0.000000	2.900569
10.300000	0.000000	2.882083
10.310000	0.000000	2.863593
10.320000	0.000000	2.845103
10.330000	0.000000	2.826613
10.340000	0.000000	2.807071
10.350000	0.000000	2.788420
10.360000	0.000000	2.770494
10.370000	0.000000	2.752767
10.380000	0.000000	2.735063
10.390000	0.000000	2.717359
10.400000	0.000000	2.699656
10.410000	0.000000	2.681952
10.420000	0.000000	2.664249
10.430000	0.000000	2.646545
10.440000	0.000000	2.628842
10.450000	0.000000	2.611138
10.460000	0.000000	2.593435
10.470000	0.000000	2.575732
10.480000	0.000000	2.558029
10.490000	0.000000	2.540326
10.500000	0.000000	2.522561
10.510000	0.000000	2.503727
10.520000	0.000000	2.486027
10.530000	0.000000	2.468326
10.540000	0.000000	2.450626
10.550000	0.000000	2.432928
10.560000	0.000000	2.415233
10.570000	0.000000	2.397538
10.580000	0.000000	2.379843
10.590000	0.000000	2.362153
10.600000	0.000000	2.344471
10.610000	0.000000	2.326792
10.620000	0.000000	2.309113
10.630000	0.000000	2.291435
10.640000	0.000000	2.273757
10.650000	0.000000	2.256080
10.660000	0.000000	2.238403
10.670000	0.000000	2.220412
10.680000	0.000000	2.201854
10.690000	0.000000	2.184934
10.700000	0.000000	2.171628
10.710000	0.000000	2.159128
10.720000	0.000000	2.146713
10.730000	0.000000	2.134299
10.740000	0.000000	2.121886
10.750000	0.000000	2.109474
10.760000	0.000000	2.097074
10.770000	0.000000	2.084694
10.780000	0.000000	2.072329
10.790000	0.000000	2.059969
10.800000	0.000000	2.047610
10.810000	0.000000	2.035250
10.820000	0.000000	2.022891
10.830000	0.000000	2.010532
10.840000	0.000000	1.997776
10.850000	0.000000	1.984977
10.860000	0.000000	1.972618
10.870000	0.000000	1.960259
10.880000	0.000000	1.947900
10.890000	0.000000	1.935541
10.900000	0.000000	1.923183
10.910000	0.000000	1.910826
10.920000	0.000000	1.898637
10.930000	0.000000	1.886689
10.940000	0.000000	1.874853
10.950000	0.000000	1.863018
10.960000	0.000000	1.851183
10.970000	0.000000	1.839348
10.980000	0.000000	1.827513
10.990000	0.000000	1.815677
11.000000	0.000000	1.803842
11.010000	0.000000	1.791459
11.020000	0.000000	1.779372
11.030000	0.000000	1.767536
11.040000	0.000000	1.755701
11.050000	0.000000	1.743866
11.060000	0.000000	1.732032
11.070000	0.000000	1.720198
11.080000	0.000000	1.708365
11.090000	0.000000	1.696532
11.100000	0.000000	1.684699
11.110000	0.000000	1.672866
11.120000	0.000000	1.661033
11.130000	0.000000	1.649202
11.140000	0.000000	1.637372
11.150000	0.000000	1.625542
11.160000	0.000000	1.613713
11.170000	0.000000	1.601883
11.180000	0.000000	1.589338
11.190000	0.000000	1.577430
11.200000	0.000000	1.565612
11.210000	0.000000	1.553794
11.220000	0.000000	1.541977
11.230000	0.000000	1.530159
11.240000	0.000000	1.518342
11.250000	0.000000	1.506526
11.260000	0.000000	1.494716
11.270000	0.000000	1.482912
11.280000	0.000000	1.471270
11.290000	0.000000	1.460740
11.300000	0.000000	1.452095
11.310000	0.000000	1.443803
11.320000	0.000000	1.435521
11.330000	0.000000	1.427254
11.340000	0.000000	1.418930
11.350000	0.000000	1.410167
11.360000	0.000000	1.401908
11.370000	0.000000	1.393650
11.380000	0.000000	1.385392
11.390000	0.000000	1.377134
11.400000	0.000000	1.368876
11.410000	0.000000	1.360618
11.420000	0.000000	1.352360
11.430000	0.000000	1.344102
11.440000	0.000000	1.335844
11.450000	0.000000	1.327586
11.460000	0.000000	1.319329
11.470000	0.000000	1.311072
11.480000	0.000000	1.302831
11.490000	0.000000	1.294693
11.500000	0.000000	1.286773
11.510000	0.000000	1.278697
11.520000	0.000000	1.270424
11.530000	0.000000	1.262517
11.540000	0.000000	1.254610
11.550000	0.000000	1.246702
11.560000	0.000000	1.238795
11.570000	0.000000	1.230888
11.580000	0.000000	1.222981
11.590000	0.000000	1.215074
11.600000	0.000000	1.207166
11.610000	0.000000	1.199259
11.620000	0.000000	1.191352
11.630000	0.000000	1.183445
11.640000	0.000000	1.175539
11.650000	0.000000	1.167633
11.660000	0.000000	1.159727
11.670000	0.000000	1.151821
11.680000	0.000000	1.143634
11.690000	0.000000	1.135475
11.700000	0.000000	1.127569
11.710000	0.000000	1.119664
11.720000	0.000000	1.111760
11.730000	0.000000	1.103857
11.740000	0.000000	1.095954
11.750000	0.000000	1.088050
11.760000	0.000000	1.080147
11.770000	0.000000	1.072243
11.780000	0.000000	1.064341
11.790000	0.000000	1.056441
11.800000	0.000000	1.048545
11.810000	0.000000	1.040650
11.820000	0.000000	1.032757
11.830000	0.000000	1.024870
11.840000	0.000000	1.016985
11.850000	0.000000	1.008707
11.860000	0.000000	1.000683
11.870000	0.000000	0.992799
11.880000	0.000000	0.984937
11.890000	0.000000	0.978250
11.900000	0.000000	0.972498
11.910000	0.000000	0.966972
11.920000	0.000000	0.961446
11.930000	0.000000	0.955921
11.940000	0.000000	0.950399
11.950000	0.000000	0.944878
11.960000	0.000000	0.939357
11.970000	0.000000	0.933836
11.980000	0.000000	0.928315
11.990000	0.000000	0.922794
12.000000	0.000000	0.917273
12.010000	0.000000	0.911752
12.020000	0.000000	0.905878
12.030000	0.000000	0.900338
12.040000	0.000000	0.894817
12.050000	0.000000	0.889297
12.060000	0.000000	0.883873
12.070000	0.000000	0.878556
12.080000	0.000000	0.873270
12.090000	0.000000	0.867984
12.100000	0.000000	0.862698
12.110000	0.000000	0.857411
12.120000	0.000000	0.852125
12.130000	0.000000	0.846839
12.140000	0.000000	0.841552
12.150000	0.000000	0.836266
12.160000	0.000000	0.830980
12.170000	0.000000	0.825693
12.180000	0.000000	0.820351
12.190000	0.000000	0.814763
12.200000	0.000000	0.809477
12.210000	0.000000	0.804191
12.220000	0.000000	0.798905
12.230000	0.000000	0.793620
12.240000	0.000000	0.788335
12.250000	0.000000	0.783049
12.260000	0.000000	0.777764
12.270000	0.000000	0.772479
12.280000	0.000000	0.767193
12.290000	0.000000	0.761908
12.300000	0.000000	0.756623
12.310000	0.000000	0.751339
12.320000	0.000000	0.746055
12.330000	0.000000	0.740772
12.340000	0.000000	0.735488
12.350000	0.000000	0.730072
12.360000	0.000000	0.724564
12.370000	0.000000	0.719281
12.380000	0.000000	0.713999
12.390000	0.000000	0.708719
12.400000	0.000000	0.703445
12.410000	0.000000	0.698174
12.420000	0.000000	0.692904
12.430000	0.000000	0.687633
12.440000	0.000000	0.682363
12.450000	0.000000	0.677097
12.460000	0.000000	0.671836
12.470000	0.000000	0.666577
12.480000	0.000000	0.661368
12.490000	0.000000	0.656518
12.500000	0.000000	0.652666
12.510000	0.000000	0.648970
12.520000	0.000000	0.645132
12.530000	0.000000	0.641335
12.540000	0.000000	0.637643
12.550000	0.000000	0.633951
12.560000	0.000000	0.630259
12.570000	0.000000	0.626567
12.580000	0.000000	0.622876
12.590000	0.000000	0.619184
12.600000	0.000000	0.615493
12.610000	0.000000	0.611801
12.620000	0.000000	0.608110
12.630000	0.000000	0.604448
12.640000	0.000000	0.600861
12.650000	0.000000	0.597326
12.660000	0.000000	0.593791
12.670000	0.000000	0.590256
12.680000	0.000000	0.586720
12.690000	0.000000	0.582997
12.700000	0.000000	0.579411
12.710000	0.000000	0.575876
12.720000	0.000000	0.572341
12.730000	0.000000	0.568806
12.740000	0.000000	0.565271
12.750000	0.000000	0.561736
12.760000	0.000000	0.558201
12.770000	0.000000	0.554666
12.780000	0.000000	0.551131
12.790000	0.000000	0.547596
12.800000	0.000000	0.544062
12.810000	0.000000	0.540527
12.820000	0.000000	0.536993
12.830000	0.000000	0.533459
12.840000	0.000000	0.529924
12.850000	0.000000	0.526390
12.860000	0.000000	0.522617
12.870000	0.000000	0.519082
12.880000	0.000000	0.515548
12.890000	0.000000	0.512014
12.900000	0.000000	0.508480
12.910000	0.000000	0.504947
12.920000	0.000000	0.501414
12.930000	0.000000	0.497881
12.940000	0.000000	0.494349
12.950000	0.000000	0.490818
12.960000	0.000000	0.487286
12.970000	0.000000	0.483756
12.980000	0.000000	0.480228
12.990000	0.000000	0.476700
13.000000	0.000000	0.473173
13.010000	0.000000	0.469647
13.020000	0.000000	0.466074
13.030000	0.000000	0.462368
13.040000	0.000000	0.458851
13.050000	0.000000	0.455334
13.060000	0.000000	0.451817
13.070000	0.000000	0.448300
13.080000	0.000000	0.444783
13.090000	0.000000	0.441402
13.100000	0.000000	0.438539
13.110000	0.000000	0.436035
13.120000	0.000000	0.433567
13.130000	0.000000	0.431099
13.140000	0.000000	0.428630
13.150000	0.000000	0.426162
13.160000	0.000000	0.423694
13.170000	0.000000	0.421226
13.180000	0.000000	0.418758
13.190000	0.000000	0.416220
13.200000	0.000000	0.413656
13.210000	0.000000	0.411222
13.220000	0.000000	0.408850
13.230000	0.000000	0.406487
13.240000	0.000000	0.404123
13.250000	0.000000	0.401760
13.260000	0.000000	0.399396
13.270000	0.000000	0.397033
13.280000	0.000000	0.394670
13.290000	0.000000	0.392306
13.300000	0.000000	0.389943
13.310000	0.000000	0.387580
13.320000	0.000000	0.385216
13.330000	0.000000	0.382853
13.340000	0.000000	0.380490
13.350000	0.000000	0.378126
13.360000	0.000000	0.375662
13.370000	0.000000	0.373240
13.380000	0.000000	0.370877
13.390000	0.000000	0.368514
13.400000	0.000000	0.366151
13.410000	0.000000	0.363788
13.420000	0.000000	0.361425
13.430000	0.000000	0.359063
13.440000	0.000000	0.356700
13.450000	0.000000	0.354337
13.460000	0.000000	0.351974
13.470000	0.000000	0.349612
13.480000	0.000000	0.347249
13.490000	0.000000	0.344887
13.500000	0.000000	0.342526
13.510000	0.000000	0.340164
13.520000	0.000000	0.337803
13.530000	0.000000	0.335307
13.540000	0.000000	0.332921
13.550000	0.000000	0.330561
13.560000	0.000000	0.328203
13.570000	0.000000	0.325844
13.580000	0.000000	0.323486
13.590000	0.000000	0.321127
13.600000	0.000000	0.318771
13.610000	0.000000	0.316418
13.620000	0.000000	0.314065
13.630000	0.000000	0.311714
13.640000	0.000000	0.309363
13.650000	0.000000	0.307011
13.660000	0.000000	0.304660
13.670000	0.000000	0.302309
13.680000	0.000000	0.299957
13.690000	0.000000	0.297598
13.700000	0.000000	0.295157
13.710000	0.000000	0.293380
13.720000	0.000000	0.291721
13.730000	0.000000	0.290071
13.740000	0.000000	0.288421
13.750000	0.000000	0.286771
13.760000	0.000000	0.285121
13.770000	0.000000	0.283471
13.780000	0.000000	0.281823
13.790000	0.000000	0.280201
13.800000	0.000000	0.278612
13.810000	0.000000	0.277032
13.820000	0.000000	0.275452
13.830000	0.000000	0.273872
13.840000	0.000000	0.272292
13.850000	0.000000	0.270712
13.860000	0.000000	0.269103
13.870000	0.000000	0.267445
13.880000	0.000000	0.265865
13.890000	0.000000	0.264285
13.900000	0.000000	0.262705
13.910000	0.000000	0.261125
13.920000	0.000000	0.259545
13.930000	0.000000	0.257965
13.940000	0.000000	0.256385
13.950000	0.000000	0.254805
13.960000	0.000000	0.253225
13.970000	0.000000	0.251645
13.980000	0.000000	0.250065
13.990000	0.000000	0.248486
14.000000	0.000000	0.246906
14.010000	0.000000	0.245326
14.020000	0.000000	0.243747
14.030000	0.000000	0.242117
14.040000	0.000000	0.240481
14.050000	0.000000	0.238902
14.060000	0.000000	0.237323
14.070000	0.000000	0.235744
14.080000	0.000000	0.234165
14.090000	0.000000	0.232586
14.100000	0.000000	0.231007
14.110000	0.000000	0.229428
14.120000	0.000000	0.227850
14.130000	0.000000	0.226272
14.140000	0.000000	0.224694
14.150000	0.000000	0.223118
14.160000	0.000000	0.221541
14.170000	0.000000	0.219964
14.180000	0.000000	0.218389
14.190000	0.000000	0.216815
14.200000	0.000000	0.215169
14.210000	0.000000	0.213562
14.220000	0.000000	0.211988
14.230000	0.000000	0.210416
14.240000	0.000000	0.208844
14.250000	0.000000	0.207272
14.260000	0.000000	0.205700
14.270000	0.000000	0.204128
14.280000	0.000000	0.202556
14.290000	0.000000	0.200985
14.300000	0.000000	0.199413
14.310000	0.000000	0.197914
14.320000	0.000000	0.196623
14.330000	0.000000	0.195519
14.340000	0.000000	0.194415
14.350000	0.000000	0.193312
14.360000	0.000000	0.192208
14.370000	0.000000	0.191049
14.380000	0.000000	0.189982
14.390000	0.000000	0.188925
14.400000	0.000000	0.187868
14.410000	0.000000	0.186812
14.420000	0.000000	0.185755
14.430000	0.000000	0.184698
14.440000	0.000000	0.183641
14.450000	0.000000	0.182585
14.460000	0.000000	0.181528
14.470000	0.000000	0.180471
14.480000	0.000000	0.179414
14.490000	0.000000	0.178357
14.500000	0.000000	0.177301
14.510000	0.000000	0.176244
14.520000	0.000000	0.175187
14.530000	0.000000	0.174123
14.540000	0.000000	0.173002
14.550000	0.000000	0.171946
14.560000	0.000000	0.170889
14.570000	0.000000	0.169833
14.580000	0.000000	0.168776
14.590000	0.000000	0.167720
14.600000	0.000000	0.166664
14.610000	0.000000	0.165607
14.620000	0.000000	0.164551
14.630000	0.000000	0.163495
14.640000	0.000000	0.162439
14.650000	0.000000	0.161383
14.660000	0.000000	0.160327
14.670000	0.000000	0.159270
14.680000	0.000000	0.158214
14.690000	0.000000	0.157158
14.700000	0.000000	0.156080
14.710000	0.000000	0.154975
14.720000	0.000000	0.153920
14.730000	0.000000	0.152865
14.740000	0.000000	0.151811
14.750000	0.000000	0.150756
14.760000	0.000000	0.149702
14.770000	0.000000	0.148649
14.780000	0.000000	0.147596
14.790000	0.000000	0.146544
14.800000	0.000000	0.145492
14.810000	0.000000	0.144439
14.820000	0.000000	0.143387
14.830000	0.000000	0.142335
14.840000	0.000000	0.141282
14.850000	0.000000	0.140231
14.860000	0.000000	0.139179
14.870000	0.000000	0.138090
14.880000	0.000000	0.137005
14.890000	0.000000	0.135954
14.900000	0.000000	0.134903
14.910000	0.000000	0.133853
14.920000	0.000000	0.132808
14.930000	0.000000	0.131912
14.940000	0.000000	0.131140
14.950000	0.000000	0.130408
14.960000	0.000000	0.129691
14.970000	0.000000	0.128984
14.980000	0.000000	0.128277
14.990000	0.000000	0.127571
15.000000	0.000000	0.126864
15.010000	0.000000	0.126157
15.020000	0.000000	0.125451
15.030000	0.000000	0.124744
15.040000	0.000000	0.124002
15.050000	0.000000	0.123283
15.060000	0.000000	0.122577
15.070000	0.000000	0.121870
15.080000	0.000000	0.121164
15.090000	0.000000	0.120457
15.100000	0.000000	0.119750
15.110000	0.000000	0.119044
15.120000	0.000000	0.118337
15.130000	0.000000	0.117631
15.140000	0.000000	0.116924
15.150000	0.000000	0.116218
15.160000	0.000000	0.115512
15.170000	0.000000	0.114806
15.180000	0.000000	0.114100
15.190000	0.000000	0.113393
15.200000	0.000000	0.112687
15.210000	0.000000	0.111936
15.220000	0.000000	0.111227
15.230000	0.000000	0.110521
15.240000	0.000000	0.109815
15.250000	0.000000	0.109109
15.260000	0.000000	0.108403
15.270000	0.000000	0.107696
15.280000	0.000000	0.106990
15.290000	0.000000	0.106284
15.300000	0.000000	0.105578
15.310000	0.000000	0.104872
15.320000	0.000000	0.104167
15.330000	0.000000	0.103462
15.340000	0.000000	0.102757
15.350000	0.000000	0.102052
15.360000	0.000000	0.101348
15.370000	0.000000	0.100637
15.380000	0.000000	0.099893
15.390000	0.000000	0.099190
15.400000	0.000000	0.098486
15.410000	0.000000	0.097783
15.420000	0.000000	0.097079
15.430000	0.000000	0.096375
15.440000	0.000000	0.095672
15.450000	0.000000	0.094968
15.460000	0.000000	0.094265
15.470000	0.000000	0.093561
15.480000	0.000000	0.092858
15.490000	0.000000	0.092155
15.500000	0.000000	0.091453
15.510000	0.000000	0.090750
15.520000	0.000000	0.090048
15.530000	0.000000	0.089346
15.540000	0.000000	0.088646
15.550000	0.000000	0.088106
15.560000	0.000000	0.087632
15.570000	0.000000	0.087160
15.580000	0.000000	0.086687
15.590000	0.000000	0.086214
15.600000	0.000000	0.085741
15.610000	0.000000	0.085268
15.620000	0.000000	0.084796
15.630000	0.000000	0.084323
15.640000	0.000000	0.083850
15.650000	0.000000	0.083377
15.660000	0.000000	0.082905
15.670000	0.000000	0.082432
15.680000	0.000000	0.081959
15.690000	0.000000	0.081486
15.700000	0.000000	0.081014
15.710000	0.000000	0.080522
15.720000	0.000000	0.080036
15.730000	0.000000	0.079564
15.740000	0.000000	0.079091
15.750000	0.000000	0.078619
15.760000	0.000000	0.078146
15.770000	0.000000	0.077674
15.780000	0.000000	0.077201
15.790000	0.000000	0.076729
15.800000	0.000000	0.076256
15.810000	0.000000	0.075784
15.820000	0.000000	0.075311
15.830000	0.000000	0.074839
15.840000	0.000000	0.074366
15.850000	0.000000	0.073894
15.860000	0.000000	0.073421
15.870000	0.000000	0.072949
15.880000	0.000000	0.072451
15.890000	0.000000	0.071972
15.900000	0.000000	0.071500
15.910000	0.000000	0.071028
15.920000	0.000000	0.070556
15.930000	0.000000	0.070084
15.940000	0.000000	0.069613
15.950000	0.000000	0.069141
15.960000	0.000000	0.068671
15.970000	0.000000	0.068200
15.980000	0.000000	0.067729
15.990000	0.000000	0.067258
16.000000	0.000000	0.066788
16.010000	0.000000	0.066317
16.020000	0.000000	0.065846
16.030000	0.000000	0.065375
16.040000	0.000000	0.064905
16.050000	0.000000	0.064402
16.060000	0.000000	0.063931
16.070000	0.000000	0.063460
16.080000	0.000000	0.062990
16.090000	0.000000	0.062519
16.100000	0.000000	0.062049
16.110000	0.000000	0.061578
16.120000	0.000000	0.061110
16.130000	0.000000	0.060648
16.140000	0.000000	0.060192
16.150000	0.000000	0.059737
16.160000	0.000000	0.059314
16.170000	0.000000	0.058965
16.180000	0.000000	0.058649
16.190000	0.000000	0.058333
16.200000	0.000000	0.058016
16.210000	0.000000	0.057696
16.220000	0.000000	0.057363
16.230000	0.000000	0.057046
16.240000	0.000000	0.056730
16.250000	0.000000	0.056414
16.260000	0.000000	0.056098
16.270000	0.000000	0.055782
16.280000	0.000000	0.055466
16.290000	0.000000	0.055150
16.300000	0.000000	0.054833
16.310000	0.000000	0.054517
16.320000	0.000000	0.054201
16.330000	0.000000	0.053885
16.340000	0.000000	0.053569
16.350000	0.000000	0.053253
16.360000	0.000000	0.052937
16.370000	0.000000	0.052621
16.380000	0.000000	0.052296
16.390000	0.000000	0.051968
16.400000	0.000000	0.051652
16.410000	0.000000	0.051336
16.420000	0.000000	0.051020
16.430000	0.000000	0.050704
16.440000	0.000000	0.050388
16.450000	0.000000	0.050072
16.460000	0.000000	0.049756
16.470000	0.000000	0.049440
16.480000	0.000000	0.049124
16.490000	0.000000	0.048808
16.500000	0.000000	0.048492
16.510000	0.000000	0.048176
16.520000	0.000000	0.047861
16.530000	0.000000	0.047545
16.540000	0.000000	0.047230
16.550000	0.000000	0.046902
16.560000	0.000000	0.046579
16.570000	0.000000	0.046264
16.580000	0.000000	0.045949
16.590000	0.000000	0.045635
16.600000	0.000000	0.045320
16.610000	0.000000	0.045005
16.620000	0.000000	0.044690
16.630000	0.000000	0.044375
16.640000	0.000000	0.044060
16.650000	0.000000	0.043746
16.660000	0.000000	0.043431
16.670000	0.000000	0.043116
16.680000	0.000000	0.042801
16.690000	0.000000	0.042486
16.700000	0.000000	0.042171
16.710000	0.000000	0.041857
16.720000	0.000000	0.041532
16.730000	0.000000	0.041224
16.740000	0.000000	0.040919
16.750000	0.000000	0.040614
16.760000	0.000000	0.040309
16.770000	0.000000	0.040004
16.780000	0.000000	0.039728
16.790000	0.000000	0.039496
16.800000	0.000000	0.039284
16.810000	0.000000	0.039073
16.820000	0.000000	0.038861
16.830000	0.000000	0.038650
16.840000	0.000000	0.038438
16.850000	0.000000	0.038227
16.860000	0.000000	0.038015
16.870000	0.000000	0.037804
16.880000	0.000000	0.037591
16.890000	0.000000	0.037366
16.900000	0.000000	0.037155
16.910000	0.000000	0.036943
16.920000	0.000000	0.036732
16.930000	0.000000	0.036520
16.940000	0.000000	0.036309
16.950000	0.000000	0.036098
16.960000	0.000000	0.035886
16.970000	0.000000	0.035675
16.980000	0.000000	0.035463
16.990000	0.000000	0.035252
17.000000	0.000000	0.035040
17.010000	0.000000	0.034829
17.020000	0.000000	0.034617
17.030000	0.000000	0.034406
17.040000	0.000000	0.034195
17.050000	0.000000	0.033979
17.060000	0.000000	0.033757
17.070000	0.000000	0.033546
17.080000	0.000000	0.033334
17.090000	0.000000	0.033123
17.100000	0.000000	0.032912
17.110000	0.000000	0.032700
17.120000	0.000000	0.032489
17.130000	0.000000	0.032278
17.140000	0.000000	0.032067
17.150000	0.000000	0.031857
17.160000	0.000000	0.031646
17.170000	0.000000	0.031435
17.180000	0.000000	0.031225
17.190000	0.000000	0.031014
17.200000	0.000000	0.030803
17.210000	0.000000	0.030593
17.220000	0.000000	0.030375
17.230000	0.000000	0.030157
17.240000	0.000000	0.029946
17.250000	0.000000	0.029736
17.260000	0.000000	0.029525
17.270000	0.000000	0.029314
17.280000	0.000000	0.029104
17.290000	0.000000	0.028893
17.300000	0.000000	0.028683
17.310000	0.000000	0.028477
17.320000	0.000000	0.028272
17.330000	0.000000	0.028068
17.340000	0.000000	0.027864
17.350000	0.000000	0.027659
17.360000	0.000000	0.027455
17.370000	0.000000	0.027251
17.380000	0.000000	0.027047
17.390000	0.000000	0.026833
17.400000	0.000000	0.026630
17.410000	0.000000	0.026475
17.420000	0.000000	0.026332
17.430000	0.000000	0.026190
17.440000	0.000000	0.026049
17.450000	0.000000	0.025907
17.460000	0.000000	0.025766
17.470000	0.000000	0.025624
17.480000	0.000000	0.025483
17.490000	0.000000	0.025341
17.500000	0.000000	0.025200
17.510000	0.000000	0.025058
17.520000	0.000000	0.024917
17.530000	0.000000	0.024775
17.540000	0.000000	0.024634
17.550000	0.000000	0.024492
17.560000	0.000000	0.024342
17.570000	0.000000	0.024200
17.580000	0.000000	0.024058
17.590000	0.000000	0.023917
17.600000	0.000000	0.023775
17.610000	0.000000	0.023634
17.620000	0.000000	0.023492
17.630000	0.000000	0.023351
17.640000	0.000000	0.023209
17.650000	0.000000	0.023068
17.660000	0.000000	0.022926
17.670000	0.000000	0.022785
17.680000	0.000000	0.022643
17.690000	0.000000	0.022502
17.700000	0.000000	0.022360
17.710000	0.000000	0.022219
17.720000	0.000000	0.022077
17.730000	0.000000	0.021927
17.740000	0.000000	0.021786
17.750000	0.000000	0.021645
17.760000	0.000000	0.021504
17.770000	0.000000	0.021363
17.780000	0.000000	0.021222
17.790000	0.000000	0.021081
17.800000	0.000000	0.020940
17.810000	0.000000	0.020799
17.820000	0.000000	0.020658
17.830000	0.000000	0.020517
17.840000	0.000000	0.020376
17.850000	0.000000	0.020235
17.860000	0.000000	0.020094
17.870000	0.000000	0.019953
17.880000	0.000000	0.019812
17.890000	0.000000	0.019668
17.900000	0.000000	0.019524
17.910000	0.000000	0.019387
17.920000	0.000000	0.019250
17.930000	0.000000	0.019113
17.940000	0.000000	0.018977
17.950000	0.000000	0.018840
17.960000	0.000000	0.018703
17.970000	0.000000	0.018566
17.980000	0.000000	0.018430
17.990000	0.000000	0.018293
18.000000	0.000000	0.018157
18.010000	0.000000	0.018020
18.020000	0.000000	0.017887
18.030000	0.000000	0.017769
18.040000	0.000000	0.017674
18.050000	0.000000	0.017579
18.060000	0.000000	0.017481
18.070000	0.000000	0.017383
18.080000	0.000000	0.017289
18.090000	0.000000	0.017194
18.100000	0.000000	0.017099
18.110000	0.000000	0.017005
18.120000	0.000000	0.016910
18.130000	0.000000	0.016815
18.140000	0.000000	0.016721
18.150000	0.000000	0.016626
18.160000	0.000000	0.016531
18.170000	0.000000	0.016437
18.180000	0.000000	0.016342
18.190000	0.000000	0.016247
18.200000	0.000000	0.016153
18.210000	0.000000	0.016058
18.220000	0.000000	0.015963
18.230000	0.000000	0.015864
18.240000	0.000000	0.015768
18.250000	0.000000	0.015673
18.260000	0.000000	0.015578
18.270000	0.000000	0.015484
18.280000	0.000000	0.015389
18.290000	0.000000	0.015294
18.300000	0.000000	0.015200
18.310000	0.000000	0.015105
18.320000	0.000000	0.015010
18.330000	0.000000	0.014916
18.340000	0.000000	0.014822
18.350000	0.000000	0.014727
18.360000	0.000000	0.014633
18.370000	0.000000	0.014539
18.380000	0.000000	0.014444
18.390000	0.000000	0.014350
18.400000	0.000000	0.014250
18.410000	0.000000	0.014155
18.420000	0.000000	0.014061
18.430000	0.000000	0.013966
18.440000	0.000000	0.013872
18.450000	0.000000	0.013778
18.460000	0.000000	0.013683
18.470000	0.000000	0.013589
18.480000	0.000000	0.013495
18.490000	0.000000	0.013402
18.500000	0.000000	0.013310
18.510000	0.000000	0.013219
18.520000	0.000000	0.013127
18.530000	0.000000	0.013036
18.540000	0.000000	0.012944
18.550000	0.000000	0.012853
18.560000	0.000000	0.012760
18.570000	0.000000	0.012663
18.580000	0.000000	0.012572
18.590000	0.000000	0.012481
18.600000	0.000000	0.012389
18.610000	0.000000	0.012298
18.620000	0.000000	0.012206
18.630000	0.000000	0.012115
18.640000	0.000000	0.012024
18.650000	0.000000	0.011939
18.660000	0.000000	0.011868
18.670000	0.000000	0.011804
18.680000	0.000000	0.011741
18.690000	0.000000	0.011677
18.700000	0.000000	0.011614
18.710000	0.000000	0.011551
18.720000	0.000000	0.011487
18.730000	0.000000	0.011422
18.740000	0.000000	0.011356
18.750000	0.000000	0.011293
18.760000	0.000000	0.011230
18.770000	0.000000	0.011166
18.780000	0.000000	0.011103
18.790000	0.000000	0.011039
18.800000	0.000000	0.010976
18.810000	0.000000	0.010913
18.820000	0.000000	0.010849
18.830000	0.000000	0.010786
18.840000	0.000000	0.010723
18.850000	0.000000	0.010659
18.860000	0.000000	0.010596
18.870000	0.000000	0.010533
18.880000	0.000000	0.010469
18.890000	0.000000	0.010406
18.900000	0.000000	0.010340
18.910000	0.000000	0.010275
18.920000	0.000000	0.010212
18.930000	0.000000	0.010148
18.940000	0.000000	0.010085
18.950000	0.000000	0.010022
18.960000	0.000000	0.009959
18.970000	0.000000	0.009896
18.980000	0.000000	0.009833
18.990000	0.000000	0.009769
19.000000	0.000000	0.009706
19.010000	0.000000	0.009643
19.020000	0.000000	0.009580
19.030000	0.000000	0.009517
19.040000	0.000000	0.009454
19.050000	0.000000	0.009391
19.060000	0.000000	0.009328
19.070000	0.000000	0.009261
19.080000	0.000000	0.009197
19.090000	0.000000	0.009136
19.100000	0.000000	0.009075
19.110000	0.000000	0.009013
19.120000	0.000000	0.008952
19.130000	0.000000	0.008891
19.140000	0.000000	0.008830
19.150000	0.000000	0.008768
19.160000	0.000000	0.008707
19.170000	0.000000	0.008646
19.180000	0.000000	0.008585
19.190000	0.000000	0.008524
19.200000	0.000000	0.008462
19.210000	0.000000	0.008401
19.220000	0.000000	0.008340
19.230000	0.000000	0.008279
19.240000	0.000000	0.008213
19.250000	0.000000	0.008152
19.260000	0.000000	0.008091
19.270000	0.000000	0.008030
19.280000	0.000000	0.007977
19.290000	0.000000	0.007933
19.300000	0.000000	0.007890
19.310000	0.000000	0.007848
19.320000	0.000000	0.007806
19.330000	0.000000	0.007763
19.340000	0.000000	0.007721
19.350000	0.000000	0.007678
19.360000	0.000000	0.007636
19.370000	0.000000	0.007594
19.380000	0.000000	0.007551
19.390000	0.000000	0.007509
19.400000	0.000000	0.007466
19.410000	0.000000	0.007421
19.420000	0.000000	0.007379
19.430000	0.000000	0.007336
19.440000	0.000000	0.007294
19.450000	0.000000	0.007252
19.460000	0.000000	0.007209
19.470000	0.000000	0.007167
19.480000	0.000000	0.007124
19.490000	0.000000	0.007082
19.500000	0.000000	0.007040
19.510000	0.000000	0.006997
19.520000	0.000000	0.006955
19.530000	0.000000	0.006913
19.540000	0.000000	0.006870
19.550000	0.000000	0.006828
19.560000	0.000000	0.006786
19.570000	0.000000	0.006742
19.580000	0.000000	0.006698
19.590000	0.000000	0.006656
19.600000	0.000000	0.006614
19.610000	0.000000	0.006572
19.620000	0.000000	0.006529
19.630000	0.000000	0.006487
19.640000	0.000000	0.006445
19.650000	0.000000	0.006403
19.660000	0.000000	0.006360
19.670000	0.000000	0.006318
19.680000	0.000000	0.006277
19.690000	0.000000	0.006236
19.700000	0.000000	0.006195
19.710000	0.000000	0.006154
19.720000	0.000000	0.006113
19.730000	0.000000	0.006072
19.740000	0.000000	0.006029
19.750000	0.000000	0.005987
19.760000	0.000000	0.005946
19.770000	0.000000	0.005905
19.780000	0.000000	0.005864
19.790000	0.000000	0.005823
19.800000	0.000000	0.005782
19.810000	0.000000	0.005741
19.820000	0.000000	0.005700
19.830000	0.000000	0.005659
19.840000	0.000000	0.005618
19.850000	0.000000	0.005577
19.860000	0.000000	0.005536
19.870000	0.000000	0.005496
19.880000	0.000000	0.005455
19.890000	0.000000	0.005414
19.900000	0.000000	0.005373
19.910000	0.000000	0.005336
19.920000	0.000000	0.005308
19.930000	0.000000	0.005279
19.940000	0.000000	0.005251
19.950000	0.000000	0.005222
19.960000	0.000000	0.005194
19.970000	0.000000	0.005166
19.980000	0.000000	0.005137
19.990000	0.000000	0.005109
20.000000	0.000000	0.005081
20.010000	0.000000	0.005052
20.020000	0.000000	0.005024
20.030000	0.000000	0.004995
20.040000	0.000000	0.004967
20.050000	0.000000	0.004939
20.060000	0.000000	0.004910
20.070000	0.000000	0.004882
20.080000	0.000000	0.004852
20.090000	0.000000	0.004823
20.100000	0.000000	0.004795
20.110000	0.000000	0.004767
20.120000	0.000000	0.004738
20.130000	0.000000	0.004710
20.140000	0.000000	0.004681
20.150000	0.000000	0.004653
20.160000	0.000000	0.004625
20.170000	0.000000	0.004596
20.180000	0.000000	0.004568
20.190000	0.000000	0.004540
20.200000	0.000000	0.004512
20.210000	0.000000	0.004483
20.220000	0.000000	0.004455
20.230000	0.000000	0.004427
20.240000	0.000000	0.004398
20.250000	0.000000	0.004368
20.260000	0.000000	0.004340
20.270000	0.000000	0.004312
20.280000	0.000000	0.004284
20.290000	0.000000	0.004257
20.300000	0.000000	0.004229
20.310000	0.000000	0.004202
20.320000	0.000000	0.004174
20.330000	0.000000	0.004147
20.340000	0.000000	0.004120
20.350000	0.000000	0.004092
20.360000	0.000000	0.004065
20.370000	0.000000	0.004037
20.380000	0.000000	0.004010
20.390000	0.000000	0.003982
20.400000	0.000000	0.003955
20.410000	0.000000	0.003927
20.420000	0.000000	0.003898
20.430000	0.000000	0.003871
20.440000	0.000000	0.003844
20.450000	0.000000	0.003816
20.460000	0.000000	0.003789
20.470000	0.000000	0.003761
20.480000	0.000000	0.003734
20.490000	0.000000	0.003707
20.500000	0.000000	0.003679
20.510000	0.000000	0.003652
20.520000	0.000000	0.003624
20.530000	0.000000	0.003598
20.540000	0.000000	0.003573
20.550000	0.000000	0.003554
20.560000	0.000000	0.003535
20.570000	0.000000	0.003516
20.580000	0.000000	0.003496
20.590000	0.000000	0.003477
20.600000	0.000000	0.003458
20.610000	0.000000	0.003439
20.620000	0.000000	0.003420
20.630000	0.000000	0.003401
20.640000	0.000000	0.003382
20.650000	0.000000	0.003363
20.660000	0.000000	0.003344
20.670000	0.000000	0.003325
20.680000	0.000000	0.003306
20.690000	0.000000	0.003287
20.700000	0.000000	0.003268
20.710000	0.000000	0.003249
20.720000	0.000000	0.003230
20.730000	0.000000	0.003211
20.740000	0.000000	0.003192
20.750000	0.000000	0.003172
20.760000	0.000000	0.003153
20.770000	0.000000	0.003134
20.780000	0.000000	0.003115
20.790000	0.000000	0.003096
20.800000	0.000000	0.003077
20.810000	0.000000	0.003058
20.820000	0.000000	0.003039
20.830000	0.000000	0.003020
20.840000	0.000000	0.003001
20.850000	0.000000	0.002982
20.860000	0.000000	0.002964
20.870000	0.000000	0.002945
20.880000	0.000000	0.002926
20.890000	0.000000	0.002908
20.900000	0.000000	0.002889
20.910000	0.000000	0.002871
20.920000	0.000000	0.002852
20.930000	0.000000	0.002833
20.940000	0.000000	0.002815
20.950000	0.000000	0.002796
20.960000	0.000000	0.002778
20.970000	0.000000	0.002760
20.980000	0.000000	0.002741
20.990000	0.000000	0.002723
21.000000	0.000000	0.002705
21.010000	0.000000	0.002686
21.020000	0.000000	0.002668
21.030000	0.000000	0.002650
21.040000	0.000000	0.002631
21.050000	0.000000	0.002613
21.060000	0.000000	0.002595
21.070000	0.000000	0.002576
21.080000	0.000000	0.002558
21.090000	0.000000	0.002538
21.100000	0.000000	0.002520
21.110000	0.000000	0.002502
21.120000	0.000000	0.002483
21.130000	0.000000	0.002465
21.140000	0.000000	0.002447
21.150000	0.000000	0.002428
21.160000	0.000000	0.002410
21.170000	0.000000	0.002394
21.180000	0.000000	0.002381
21.190000	0.000000	0.002368
21.200000	0.000000	0.002356
21.210000	0.000000	0.002343
21.220000	0.000000	0.002330
21.230000	0.000000	0.002318
21.240000	0.000000	0.002305
21.250000	0.000000	0.002292
21.260000	0.000000	0.002279
21.270000	0.000000	0.002266
21.280000	0.000000	0.002253
21.290000	0.000000	0.002240
21.300000	0.000000	0.002228
21.310000	0.000000	0.002215
21.320000	0.000000	0.002202
21.330000	0.000000	0.002190
21.340000	0.000000	0.002177
21.350000	0.000000	0.002164
21.360000	0.000000	0.002151
21.370000	0.000000	0.002139
21.380000	0.000000	0.002126
21.390000	0.000000	0.002113
21.400000	0.000000	0.002101
21.410000	0.000000	0.002088
21.420000	0.000000	0.002075
21.430000	0.000000	0.002062
21.440000	0.000000	0.002049
21.450000	0.000000	0.002037
21.460000	0.000000	0.002024
21.470000	0.000000	0.002011
21.480000	0.000000	0.001999
21.490000	0.000000	0.001987
21.500000	0.000000	0.001974
21.510000	0.000000	0.001962
21.520000	0.000000	0.001950
21.530000	0.000000	0.001938
21.540000	0.000000	0.001925
21.550000	0.000000	0.001913
21.560000	0.000000	0.001901
21.570000	0.000000	0.001888
21.580000	0.000000	0.001876
21.590000	0.000000	0.001863
21.600000	0.000000	0.001851
21.610000	0.000000	0.001838
21.620000	0.000000	0.001826
21.630000	0.000000	0.001814
21.640000	0.000000	0.001802
21.650000	0.000000	0.001789
21.660000	0.000000	0.001777
21.670000	0.000000	0.001765
21.680000	0.000000	0.001752
21.690000	0.000000	0.001740
21.700000	0.000000	0.001728
21.710000	0.000000	0.001716
21.720000	0.000000	0.001703
21.730000	0.000000	0.001691
21.740000	0.000000	0.001679
21.750000	0.000000	0.001666
21.760000	0.000000	0.001653
21.770000	0.000000	0.001641
21.780000	0.000000	0.001629
21.790000	0.000000	0.001617
21.800000	0.000000	0.001606
21.810000	0.000000	0.001596
21.820000	0.000000	0.001588
21.830000	0.000000	0.001579
21.840000	0.000000	0.001571
21.850000	0.000000	0.001562
21.860000	0.000000	0.001554
21.870000	0.000000	0.001545
21.880000	0.000000	0.001537
21.890000	0.000000	0.001528
21.900000	0.000000	0.001520
21.910000	0.000000	0.001511
21.920000	0.000000	0.001503
21.930000	0.000000	0.001494
21.940000	0.000000	0.001485
21.950000	0.000000	0.001477
21.960000	0.000000	0.001468
21.970000	0.000000	0.001460
21.980000	0.000000	0.001451
21.990000	0.000000	0.001443
22.000000	0.000000	0.001434
22.010000	0.000000	0.001426
22.020000	0.000000	0.001417
22.030000	0.000000	0.001409
22.040000	0.000000	0.001400
22.050000	0.000000	0.001392
22.060000	0.000000	0.001383
22.070000	0.000000	0.001375
22.080000	0.000000	0.001367
22.090000	0.000000	0.001358
22.100000	0.000000	0.001350
22.110000	0.000000	0.001341
22.120000	0.000000	0.001333
22.130000	0.000000	0.001325
22.140000	0.000000	0.001317
22.150000	0.000000	0.001308
22.160000	0.000000	0.001300
22.170000	0.000000	0.001292
22.180000	0.000000	0.001284
22.190000	0.000000	0.001275
22.200000	0.000000	0.001267
22.210000	0.000000	0.001259
22.220000	0.000000	0.001251
22.230000	0.000000	0.001243
22.240000	0.000000	0.001234
22.250000	0.000000	0.001226
22.260000	0.000000	0.001217
22.270000	0.000000	0.001209
22.280000	0.000000	0.001201
22.290000	0.000000	0.001193
22.300000	0.000000	0.001184
22.310000	0.000000	0.001176
22.320000	0.000000	0.001168
22.330000	0.000000	0.001160
22.340000	0.000000	0.001152
22.350000	0.000000	0.001143
22.360000	0.000000	0.001135
22.370000	0.000000	0.001127
22.380000	0.000000	0.001119
22.390000	0.000000	0.001111
22.400000	0.000000	0.001102
22.410000	0.000000	0.001094
22.420000	0.000000	0.001086
22.430000	0.000000	0.001077
22.440000	0.000000	0.001071
22.450000	0.000000	0.001065
22.460000	0.000000	0.001059
22.470000	0.000000	0.001054
22.480000	0.000000	0.001048
22.490000	0.000000	0.001042
22.500000	0.000000	0.001037
22.510000	0.000000	0.001031
22.520000	0.000000	0.001025
22.530000	0.000000	0.001020
22.540000	0.000000	0.001014
22.550000	0.000000	0.001008
22.560000	0.000000	0.001003
22.570000	0.000000	0.000997
22.580000	0.000000	0.000991
22.590000	0.000000	0.000985
22.600000	0.000000	0.000979
22.610000	0.000000	0.000974
22.620000	0.000000	0.000968
22.630000	0.000000	0.000962
22.640000	0.000000	0.000957
22.650000	0.000000	0.000951
22.660000	0.000000	0.000945
22.670000	0.000000	0.000940
22.680000	0.000000	0.000934
22.690000	0.000000	0.000929
22.700000	0.000000	0.000923
22.710000	0.000000	0.000918
22.720000	0.000000	0.000912
22.730000	0.000000	0.000906
22.740000	0.000000	0.000901
22.750000	0.000000	0.000895
22.760000	0.000000	0.000890
22.770000	0.000000	0.000884
22.780000	0.000000	0.000879
22.790000	0.000000	0.000873
22.800000	0.000000	0.000868
22.810000	0.000000	0.000862
22.820000	0.000000	0.000857
22.830000	0.000000	0.000851
22.840000	0.000000	0.000846
22.850000	0.000000	0.000840
22.860000	0.000000	0.000835
22.870000	0.000000	0.000829
22.880000	0.000000	0.000824
22.890000	0.000000	0.000818
22.900000	0.000000	0.000813
22.910000	0.000000	0.000807
22.920000	0.000000	0.000802
22.930000	0.000000	0.000796
22.940000	0.000000	0.000790
22.950000	0.000000	0.000785
22.960000	0.000000	0.000779
22.970000	0.000000	0.000774
22.980000	0.000000	0.000768
22.990000	0.000000	0.000763
23.000000	0.000000	0.000757
23.010000	0.000000	0.000752
23.020000	0.000000	0.000746
23.030000	0.000000	0.000741
23.040000	0.000000	0.000735
23.050000	0.000000	0.000730
23.060000	0.000000	0.000724
23.070000	0.000000	0.000719
23.080000	0.000000	0.000715
23.090000	0.000000	0.000711
23.100000	0.000000	0.000707
23.110000	0.000000	0.000704
23.120000	0.000000	0.000700
23.130000	0.000000	0.000696
23.140000	0.000000	0.000692
23.150000	0.000000	0.000688
23.160000	0.000000	0.000685
23.170000	0.000000	0.000681
23.180000	0.000000	0.000677
23.190000	0.000000	0.000673
23.200000	0.000000	0.000669
23.210000	0.000000	0.000665
23.220000	0.000000	0.000662
23.230000	0.000000	0.000658
23.240000	0.000000	0.000654
23.250000	0.000000	0.000650
23.260000	0.000000	0.000646
23.270000	0.000000	0.000642
23.280000	0.000000	0.000639
23.290000	0.000000	0.000635
23.300000	0.000000	0.000631
23.310000	0.000000	0.000628
23.320000	0.000000	0.000624
23.330000	0.000000	0.000620
23.340000	0.000000	0.000617
23.350000	0.000000	0.000613
23.360000	0.000000	0.000609
23.370000	0.000000	0.000605
23.380000	0.000000	0.000602
23.390000	0.000000	0.000598
23.400000	0.000000	0.000594
23.410000	0.000000	0.000591
23.420000	0.000000	0.000587
23.430000	0.000000	0.000583
23.440000	0.000000	0.000579
23.450000	0.000000	0.000576
23.460000	0.000000	0.000572
23.470000	0.000000	0.000568
23.480000	0.000000	0.000565
23.490000	0.000000	0.000561
23.500000	0.000000	0.000557
23.510000	0.000000	0.000554
23.520000	0.000000	0.000550
23.530000	0.000000	0.000546
23.540000	0.000000	0.000543
23.550000	0.000000	0.000539
23.560000	0.000000	0.000535
23.570000	0.000000	0.000532
23.580000	0.000000	0.000528
23.590000	0.000000	0.000524
23.600000	0.000000	0.000520
23.610000	0.000000	0.000517
23.620000	0.000000	0.000513
23.630000	0.000000	0.000509
23.640000	0.000000	0.000506
23.650000	0.000000	0.000502
23.660000	0.000000	0.000498
23.670000	0.000000	0.000494
23.680000	0.000000	0.000491
23.690000	0.000000	0.000487
23.700000	0.000000	0.000484
23.710000	0.000000	0.000480
23.720000	0.000000	0.000478
23.730000	0.000000	0.000475
23.740000	0.000000	0.000473
23.750000	0.000000	0.000470
23.760000	0.000000	0.000468
23.770000	0.000000	0.000465
23.780000	0.000000	0.000462
23.790000	0.000000	0.000460
23.800000	0.000000	0.000457
23.810000	0.000000	0.000455
23.820000	0.000000	0.000452
23.830000	0.000000	0.000450
23.840000	0.000000	0.000447
23.850000	0.000000	0.000444
23.860000	0.000000	0.000442
23.870000	0.000000	0.000439
23.880000	0.000000	0.000437
23.890000	0.000000	0.000434
23.900000	0.000000	0.000432
23.910000	0.000000	0.000429
23.920000	0.000000	0.000427
23.930000	0.000000	0.000425
23.940000	0.000000	0.000422
23.950000	0.000000	0.000419
23.960000	0.000000	0.000417
23.970000	0.000000	0.000414
23.980000	0.000000	0.000412
23.990000	0.000000	0.000410
24.000000	0.000000	0.000407
24.010000	0.000000	0.000405
24.020000	0.000000	0.000402
24.030000	0.000000	0.000400
24.040000	0.000000	0.000397
24.050000	0.000000	0.000395
24.060000	0.000000	0.000392
24.070000	0.000000	0.000390
24.080000	0.000000	0.000387
24.090000	0.000000	0.000385
24.100000	0.000000	0.000382
24.110000	0.000000	0.000380
24.120000	0.000000	0.000377
24.130000	0.000000	0.000375
24.140000	0.000000	0.000372
24.150000	0.000000	0.000370
24.160000	0.000000	0.000367
24.170000	0.000000	0.000365
24.180000	0.000000	0.000362
24.190000	0.000000	0.000360
24.200000	0.000000	0.000358
24.210000	0.000000	0.000355
24.220000	0.000000	0.000353
24.230000	0.000000	0.000350
24.240000	0.000000	0.000348
24.250000	0.000000	0.000345
24.260000	0.000000	0.000343
24.270000	0.000000	0.000340
24.280000	0.000000	0.000338
24.290000	0.000000	0.000335
24.300000	0.000000	0.000333
24.310000	0.000000	0.000330
24.320000	0.000000	0.000328
24.330000	0.000000	0.000325
24.340000	0.000000	0.000323
24.350000	0.000000	0.000321
24.360000	0.000000	0.000319
24.370000	0.000000	0.000318
24.380000	0.000000	0.000316
24.390000	0.000000	0.000314
24.400000	0.000000	0.000312
24.410000	0.000000	0.000311
24.420000	0.000000	0.000309
24.430000	0.000000	0.000307
24.440000	0.000000	0.000306
24.450000	0.000000	0.000304
24.460000	0.000000	0.000302
24.470000	0.000000	0.000300
24.480000	0.000000	0.000299
24.490000	0.000000	0.000297
24.500000	0.000000	0.000295
24.510000	0.000000	0.000294
24.520000	0.000000	0.000292
24.530000	0.000000	0.000290
24.540000	0.000000	0.000289
24.550000	0.000000	0.000287
24.560000	0.000000	0.000285
24.570000	0.000000	0.000284
24.580000	0.000000	0.000282
24.590000	0.000000	0.000280
24.600000	0.000000	0.000279
24.610000	0.000000	0.000277
24.620000	0.000000	0.000275
24.630000	0.000000	0.000274
24.640000	0.000000	0.000272
24.650000	0.000000	0.000270
24.660000	0.000000	0.000269
24.670000	0.000000	0.000267
24.680000	0.000000	0.000265
24.690000	0.000000	0.000264
24.700000	0.000000	0.000262
24.710000	0.000000	0.000260
24.720000	0.000000	0.000259
24.730000	0.000000	0.000257
24.740000	0.000000	0.000256
24.750000	0.000000	0.000254
24.760000	0.000000	0.000252
24.770000	0.000000	0.000251
24.780000	0.000000	0.000249
24.790000	0.000000	0.000247
24.800000	0.000000	0.000245
24.810000	0.000000	0.000244
24.820000	0.000000	0.000242
24.830000	0.000000	0.000241
24.840000	0.000000	0.000239
24.850000	0.000000	0.000237
24.860000	0.000000	0.000236
24.870000	0.000000	0.000234
24.880000	0.000000	0.000232
24.890000	0.000000	0.000231
24.900000	0.000000	0.000229
24.910000	0.000000	0.000227
24.920000	0.000000	0.000226
24.930000	0.000000	0.000224
24.940000	0.000000	0.000222
24.950000	0.000000	0.000221
24.960000	0.000000	0.000219
24.970000	0.000000	0.000217
24.980000	0.000000	0.000216
24.990000	0.000000	0.000215
25.000000	0.000000	0.000213
25.010000	0.000000	0.000212
25.020000	0.000000	0.000211
25.030000	0.000000	0.000210
25.040000	0.000000	0.000209
25.050000	0.000000	0.000208
25.060000	0.000000	0.000207
25.070000	0.000000	0.000205
25.080000	0.000000	0.000204
25.090000	0.000000	0.000203
25.100000	0.000000	0.000202
25.110000	0.000000	0.000201
25.120000	0.000000	0.000200
25.130000	0.000000	0.000199
25.140000	0.000000	0.000198
25.150000	0.000000	0.000196
25.160000	0.000000	0.000195
25.170000	0.000000	0.000194
25.180000	0.000000	0.000193
25.190000	0.000000	0.000192
25.200000	0.000000	0.000191
25.210000	0.000000	0.000190
25.220000	0.000000	0.000189
25.230000	0.000000	0.000188
25.240000	0.000000	0.000186
25.250000	0.000000	0.000185
25.260000	0.000000	0.000184
25.270000	0.000000	0.000183
25.280000	0.000000	0.000182
25.290000	0.000000	0.000181
25.300000	0.000000	0.000180
25.310000	0.000000	0.000179
25.320000	0.000000	0.000178
25.330000	0.000000	0.000176
25.340000	0.000000	0.000175
25.350000	0.000000	0.000174
25.360000	0.000000	0.000173
25.370000	0.000000	0.000172
25.380000	0.000000	0.000171
25.390000	0.000000	0.000170
25.400000	0.000000	0.000169
25.410000	0.000000	0.000168
25.420000	0.000000	0.000166
25.430000	0.000000	0.000165
25.440000	0.000000	0.000164
25.450000	0.000000	0.000163
25.460000	0.000000	0.000162
25.470000	0.000000	0.000161
25.480000	0.000000	0.000160
25.490000	0.000000	0.000159
25.500000	0.000000	0.000158
25.510000	0.000000	0.000156
25.520000	0.000000	0.000155
25.530000	0.000000	0.000154
25.540000	0.000000	0.000153
25.550000	0.000000	0.000152
25.560000	0.000000	0.000151
25.570000	0.000000	0.000150
25.580000	0.000000	0.000149
25.590000	0.000000	0.000148
25.600000	0.000000	0.000146
25.610000	0.000000	0.000145
25.620000	0.000000	0.000144
25.630000	0.000000	0.000144
25.640000	0.000000	0.000143
25.650000	0.000000	0.000142
25.660000	0.000000	0.000141
25.670000	0.000000	0.000140
25.680000	0.000000	0.000140
25.690000	0.000000	0.000139
25.700000	0.000000	0.000138
25.710000	0.000000	0.000137
25.720000	0.000000	0.000137
25.730000	0.000000	0.000136
25.740000	0.000000	0.000135
25.750000	0.000000	0.000134
25.760000	0.000000	0.000134
25.770000	0.000000	0.000133
25.780000	0.000000	0.000132
25.790000	0.000000	0.000131
25.800000	0.000000	0.000131
25.810000	0.000000	0.000130
25.820000	0.000000	0.000129
25.830000	0.000000	0.000128
25.840000	0.000000	0.000128
25.850000	0.000000	0.000127
25.860000	0.000000	0.000126
25.870000	0.000000	0.000126
25.880000	0.000000	0.000125
25.890000	0.000000	0.000124
25.900000	0.000000	0.000123
25.910000	0.000000	0.000123
25.920000	0.000000	0.000122
25.930000	0.000000	0.000121
25.940000	0.000000	0.000120
25.950000	0.000000	0.000120
25.960000	0.000000	0.000119
25.970000	0.000000	0.000118
25.980000	0.000000	0.000117
25.990000	0.000000	0.000117
26.000000	0.000000	0.000116
26.010000	0.000000	0.000115
26.020000	0.000000	0.000114
26.030000	0.000000	0.000114
26.040000	0.000000	0.000113
26.050000	0.000000	0.000112
26.060000	0.000000	0.000111
26.070000	0.000000	0.000111
26.080000	0.000000	0.000110
26.090000	0.000000	0.000109
26.100000	0.000000	0.000108
26.110000	0.000000	0.000108
26.120000	0.000000	0.000107
26.130000	0.000000	0.000106
26.140000	0.000000	0.000105
26.150000	0.000000	0.000105
26.160000	0.000000	0.000104
26.170000	0.000000	0.000103
26.180000	0.000000	0.000102
26.190000	0.000000	0.000102
26.200000	0.000000	0.000101
26.210000	0.000000	0.000100
26.220000	0.000000	0.000100
26.230000	0.000000	0.000099
26.240000	0.000000	0.000098
26.250000	0.000000	0.000097
26.260000	0.000000	0.000097
26.270000	0.000000	0.000096
26.280000	0.000000	0.000096
26.290000	0.000000	0.000095
26.300000	0.000000	0.000095
26.310000	0.000000	0.000094
26.320000	0.000000	0.000094
26.330000	0.000000	0.000093
26.340000	0.000000	0.000093
26.350000	0.000000	0.000092
26.360000	0.000000	0.000092
26.370000	0.000000	0.000091
26.380000	0.000000	0.000091
26.390000	0.000000	0.000090
26.400000	0.000000	0.000090
26.410000	0.000000	0.000089
26.420000	0.000000	0.000089
26.430000	0.000000	0.000088
26.440000	0.000000	0.000088
26.450000	0.000000	0.000087
26.460000	0.000000	0.000087
26.470000	0.000000	0.000086
26.480000	0.000000	0.000086
26.490000	0.000000	0.000085
26.500000	0.000000	0.000085
26.510000	0.000000	0.000084
26.520000	0.000000	0.000084
26.530000	0.000000	0.000083
26.540000	0.000000	0.000083
26.550000	0.000000	0.000082
26.560000	0.000000	0.000082
26.570000	0.000000	0.000081
26.580000	0.000000	0.000081
26.590000	0.000000	0.000080
26.600000	0.000000	0.000080
26.610000	0.000000	0.000079
26.620000	0.000000	0.000079
26.630000	0.000000	0.000078
26.640000	0.000000	0.000078
26.650000	0.000000	0.000077
26.660000	0.000000	0.000077
26.670000	0.000000	0.000076
26.680000	0.000000	0.000076
26.690000	0.000000	0.000075
26.700000	0.000000	0.000075
26.710000	0.000000	0.000074
26.720000	0.000000	0.000074
26.730000	0.000000	0.000073
26.740000	0.000000	0.000073
26.750000	0.000000	0.000072
26.760000	0.000000	0.000072
26.770000	0.000000	0.000071
26.780000	0.000000	0.000071
26.790000	0.000000	0.000070
26.800000	0.000000	0.000070
26.810000	0.000000	0.000069
26.820000	0.000000	0.000069
26.830000	0.000000	0.000068
26.840000	0.000000	0.000068
26.850000	0.000000	0.000067
26.860000	0.000000	0.000067
26.870000	0.000000	0.000066
26.880000	0.000000	0.000066
26.890000	0.000000	0.000065
26.900000	0.000000	0.000065
26.910000	0.000000	0.000064
26.920000	0.000000	0.000064
26.930000	0.000000	0.000064
26.940000	0.000000	0.000063
26.950000	0.000000	0.000063
26.960000	0.000000	0.000063
26.970000	0.000000	0.000062
26.980000	0.000000	0.000062
26.990000	0.000000	0.000062
27.000000	0.000000	0.000061
27.010000	0.000000	0.000061
27.020000	0.000000	0.000061
27.030000	0.000000	0.000060
27.040000	0.000000	0.000060
27.050000	0.000000	0.000060
27.060000	0.000000	0.000059
27.070000	0.000000	0.000059
27.080000	0.000000	0.000059
27.090000	0.000000	0.000058
27.100000	0.000000	0.000058
27.110000	0.000000	0.000058
27.120000	0.000000	0.000057
27.130000	0.000000	0.000057
27.140000	0.000000	0.000057
27.150000	0.000000	0.000056
27.160000	0.000000	0.000056
27.170000	0.000000	0.000056
27.180000	0.000000	0.000055
27.190000	0.000000	0.000055
27.200000	0.000000	0.000055
27.210000	0.000000	0.000054
27.220000	0.000000	0.000054
27.230000	0.000000	0.000054
27.240000	0.000000	0.000053
27.250000	0.000000	0.000053
27.260000	0.000000	0.000053
27.270000	0.000000	0.000052
27.280000	0.000000	0.000052
27.290000	0.000000	0.000052
27.300000	0.000000	0.000051
27.310000	0.000000	0.000051
27.320000	0.000000	0.000051
27.330000	0.000000	0.000050
27.340000	0.000000	0.000050
27.350000	0.000000	0.000050
27.360000	0.000000	0.000049
27.370000	0.000000	0.000049
27.380000	0.000000	0.000049
27.390000	0.000000	0.000048
27.400000	0.000000	0.000048
27.410000	0.000000	0.000048
27.420000	0.000000	0.000047
27.430000	0.000000	0.000047
27.440000	0.000000	0.000047
27.450000	0.000000	0.000046
27.460000	0.000000	0.000046
27.470000	0.000000	0.000046
27.480000	0.000000	0.000045
27.490000	0.000000	0.000045
27.500000	0.000000	0.000045
27.510000	0.000000	0.000044
27.520000	0.000000	0.000044
27.530000	0.000000	0.000044
27.540000	0.000000	0.000043
27.550000	0.000000	0.000043
27.560000	0.000000	0.000043
27.570000	0.000000	0.000043
27.580000	0.000000	0.000043
27.590000	0.000000	0.000042
27.600000	0.000000	0.000042
27.610000	0.000000	0.000042
27.620000	0.000000	0.000042
27.630000	0.000000	0.000041
27.640000	0.000000	0.000041
27.650000	0.000000	0.000041
27.660000	0.000000	0.000041
27.670000	0.000000	0.000040
27.680000	0.000000	0.000040
27.690000	0.000000	0.000040
27.700000	0.000000	0.000040
27.710000	0.000000	0.000040
27.720000	0.000000	0.000039
27.730000	0.000000	0.000039
27.740000	0.000000	0.000039
27.750000	0.000000	0.000039
27.760000	0.000000	0.000038
27.770000	0.000000	0.000038
27.780000	0.000000	0.000038
27.790000	0.000000	0.000038
27.800000	0.000000	0.000038
27.810000	0.000000	0.000037
27.820000	0.000000	0.000037
27.830000	0.000000	0.000037
27.840000	0.000000	0.000037
27.850000	0.000000	0.000036
27.860000	0.000000	0.000036
27.870000	0.000000	0.000036
27.880000	0.000000	0.000036
27.890000	0.000000	0.000036
27.900000	0.000000	0.000035
27.910000	0.000000	0.000035
27.920000	0.000000	0.000035
27.930000	0.000000	0.000035
27.940000	0.000000	0.000034
27.950000	0.000000	0.000034
27.960000	0.000000	0.000034
27.970000	0.000000	0.000034
27.980000	0.000000	0.000034
27.990000	0.000000	0.000033
28.000000	0.000000	0.000033
28.010000	0.000000	0.000033
28.020000	0.000000	0.000033
28.030000	0.000000	0.000032
28.040000	0.000000	0.000032
28.050000	0.000000	0.000032
28.060000	0.000000	0.000032
28.070000	0.000000	0.000032
28.080000	0.000000	0.000031
28.090000	0.000000	0.000031
28.100000	0.000000	0.000031
28.110000	0.000000	0.000031
28.120000	0.000000	0.000030
28.130000	0.000000	0.000030
28.140000	0.000000	0.000030
28.150000	0.000000	0.000030
28.160000	0.000000	0.000030
28.170000	0.000000	0.000029
28.180000	0.000000	0.000029
28.190000	0.000000	0.000029
28.200000	0.000000	0.000029
28.210000	0.000000	0.000029
28.220000	0.000000	0.000029
28.230000	0.000000	0.000028
28.240000	0.000000	0.000028
28.250000	0.000000	0.000028
28.260000	0.000000	0.000028
28.270000	0.000000	0.000028
28.280000	0.000000	0.000028
28.290000	0.000000	0.000027
28.300000	0.000000	0.000027
28.310000	0.000000	0.000027
28.320000	0.000000	0.000027
28.330000	0.000000	0.000027
28.340000	0.000000	0.000027
28.350000	0.000000	0.000027
28.360000	0.000000	0.000026
28.370000	0.000000	0.000026
28.380000	0.000000	0.000026
28.390000	0.000000	0.000026
28.400000	0.000000	0.000026
28.410000	0.000000	0.000026
28.420000	0.000000	0.000026
28.430000	0.000000	0.000025
28.440000	0.000000	0.000025
28.450000	0.000000	0.000025
28.460000	0.000000	0.000025
28.470000	0.000000	0.000025
28.480000	0.000000	0.000025
28.490000	0.000000	0.000024
28.500000	0.000000	0.000024
28.510000	0.000000	0.000024
28.520000	0.000000	0.000024
28.530000	0.000000	0.000024
28.540000	0.000000	0.000024
28.550000	0.000000	0.000024
28.560000	0.000000	0.000023
28.570000	0.000000	0.000023
28.580000	0.000000	0.000023
28.590000	0.000000	0.000023
28.600000	0.000000	0.000023
28.610000	0.000000	0.000023
28.620000	0.000000	0.000023
28.630000	0.000000	0.000022
28.640000	0.000000	0.000022
28.650000	0.000000	0.000022
28.660000	0.000000	0.000022
28.670000	0.000000	0.000022
28.680000	0.000000	0.000022
28.690000	0.000000	0.000022
28.700000	0.000000	0.000021
28.710000	0.000000	0.000021
28.720000	0.000000	0.000021
28.730000	0.000000	0.000021
28.740000	0.000000	0.000021
28.750000	0.000000	0.000021
28.760000	0.000000	0.000020
28.770000	0.000000	0.000020
28.780000	0.000000	0.000020
28.790000	0.000000	0.000020
28.800000	0.000000	0.000020
28.810000	0.000000	0.000020
28.820000	0.000000	0.000020
28.830000	0.000000	0.000019
28.840000	0.000000	0.000019
28.850000	0.000000	0.000019
28.860000	0.000000	0.000019
28.870000	0.000000	0.000019
28.880000	0.000000	0.000019
28.890000	0.000000	0.000019
28.900000	0.000000	0.000019
28.910000	0.000000	0.000019
28.920000	0.000000	0.000019
28.930000	0.000000	0.000018
28.940000	0.000000	0.000018
28.950000	0.000000	0.000018
28.960000	0.000000	0.000018
28.970000	0.000000	0.000018
28.980000	0.000000	0.000018
28.990000	0.000000	0.000018
29.000000	0.000000	0.000018
29.010000	0.000000	0.000018
29.020000	0.000000	0.000018
29.030000	0.000000	0.000017
29.040000	0.000000	0.000017
29.050000	0.000000	0.000017
29.060000	0.000000	0.000017
29.070000	0.000000	0.000017
29.080000	0.000000	0.000017
29.090000	0.000000	0.000017
29.100000	0.000000	0.000017
29.110000	0.000000	0.000017
29.120000	0.000000	0.000017
29.130000	0.000000	0.000016
29.140000	0.000000	0.000016
29.150000	0.000000	0.000016
29.160000	0.000000	0.000016
29.170000	0.000000	0.000016
29.180000	0.000000	0.000016
29.190000	0.000000	0.000016
29.200000	0.000000	0.000016
29.210000	0.000000	0.000016
29.220000	0.000000	0.000016
29.230000	0.000000	0.000015
29.240000	0.000000	0.000015
29.250000	0.000000	0.000015
29.260000	0.000000	0.000015
29.270000	0.000000	0.000015
29.280000	0.000000	0.000015
29.290000	0.000000	0.000015
29.300000	0.000000	0.000015
29.310000	0.000000	0.000015
29.320000	0.000000	0.000015
29.330000	0.000000	0.000014
29.340000	0.000000	0.000014
29.350000	0.000000	0.000014
29.360000	0.000000	0.000014
29.370000	0.000000	0.000014
29.380000	0.000000	0.000014
29.390000	0.000000	0.000014
29.400000	0.000000	0.000014
29.410000	0.000000	0.000014
29.420000	0.000000	0.000014
29.430000	0.000000	0.000013
29.440000	0.000000	0.000013
29.450000	0.000000	0.000013
29.460000	0.000000	0.000013
29.470000	0.000000	0.000013
29.480000	0.000000	0.000013
29.490000	0.000000	0.000013
29.500000	0.000000	0.000013
29.510000	0.000000	0.000013
29.520000	0.000000	0.000013
29.530000	0.000000	0.000013
29.540000	0.000000	0.000013
29.550000	0.000000	0.000013
29.560000	0.000000	0.000012
29.570000	0.000000	0.000012
29.580000	0.000000	0.000012
29.590000	0.000000	0.000012
29.600000	0.000000	0.000012
29.610000	0.000000	0.000012
29.620000	0.000000	0.000012
29.630000	0.000000	0.000012
29.640000	0.000000	0.000012
29.650000	0.000000	0.000012
29.660000	0.000000	0.000012
29.670000	0.000000	0.000012
29.680000	0.000000	0.000012
29.690000	0.000000	0.000012
29.700000	0.000000	0.000012
29.710000	0.000000	0.000011
29.720000	0.000000	0.000011
29.730000	0.000000	0.000011
29.740000	0.000000	0.000011
29.750000	0.000000	0.000011
29.760000	0.000000	0.000011
29.770000	0.000000	0.000011
29.780000	0.000000	0.000011
29.790000	0.000000	0.000011
29.800000	0.000000	0.000011
29.810000	0.000000	0.000011
29.820000	0.000000	0.000011
29.830000	0.000000	0.000011
29.840000	0.000000	0.000011
29.850000	0.000000	0.000011
29.860000	0.000000	0.000010
29.870000	0.000000	0.000010
29.880000	0.000000	0.000010
29.890000	0.000000	0.000010
29.900000	0.000000	0.000010
29.910000	0.000000	0.000010
29.920000	0.000000	0.000010
29.930000	0.000000	0.000010
29.940000	0.000000	0.000010
29.950000	0.000000	0.000010
29.960000	0.000000	0.000010
29.970000	0.000000	0.000010
29.980000	0.000000	0.000010
29.990000	0.000000	0.000010
30.000000	0.000000	0.000010
30.010000	0.000000	0.000009
30.020000	0.000000	0.000009
30.030000	0.000000	0.000009
30.040000	0.000000	0.000009
30.050000	0.000000	0.000009
30.060000	0.000000	0.000009
30.070000	0.000000	0.000009
30.080000	0.000000	0.000009
30.090000	0.000000	0.000009
